1.000000000 0.000000000 0.000000000 0.000000015 0.000000000 1.000000000 0.000000000 -0.000000030 0.000000000 0.000000000 1.000000000 -0.000000060
1.000000000 0.000031076 0.000081127 -0.000175619 -0.000031074 1.000000000 -0.000028670 0.000004929 -0.000081128 0.000028668 1.000000000 0.000091831
1.000000000 0.000085905 0.000021457 -0.000069255 -0.000085905 1.000000000 -0.000022412 0.000096292 -0.000021459 0.000022410 1.000000000 0.000245396
1.000000000 0.000047236 0.000063843 -0.000230603 -0.000047221 1.000000000 -0.000226534 0.000483088 -0.000063854 0.000226531 1.000000000 0.000134333
0.999999940 -0.000229768 0.000239290 -0.000149018 0.000229783 1.000000000 -0.000062768 0.000104256 -0.000239276 0.000062823 0.999999940 0.000289363
0.999999642 -0.000509520 0.000642144 -0.000622158 0.000509763 0.999999821 -0.000378980 0.000490800 -0.000641951 0.000379307 0.999999702 0.000147497
0.999999702 -0.000538604 0.000513564 -0.000325476 0.000538511 0.999999821 0.000181044 -0.000108237 -0.000513662 -0.000180767 0.999999881 0.000340589
0.999999106 -0.001165023 0.000695052 0.000523836 0.001164650 0.999999166 0.000536330 -0.000572569 -0.000695677 -0.000535520 0.999999642 0.000320962
0.999999344 -0.001000040 0.000590417 -0.000129775 0.000999815 0.999999404 0.000380899 -0.000616717 -0.000590798 -0.000380308 0.999999762 0.000531508
0.999999404 -0.000957532 0.000518775 -0.000612909 0.000957200 0.999999344 0.000639590 -0.001180350 -0.000519387 -0.000639093 0.999999642 0.001201280
1.000000000 0.000059229 0.000173614 -0.000555802 -0.000059235 1.000000000 0.000033295 -0.000258071 -0.000173612 -0.000033306 1.000000000 0.000409589
0.999999940 -0.000041768 0.000338404 -0.000902845 0.000041620 0.999999881 0.000436273 -0.000272964 -0.000338422 -0.000436259 0.999999821 0.001102032
0.999999166 -0.001188816 0.000478854 0.000152329 0.001188664 0.999999225 0.000317409 -0.000638921 -0.000479231 -0.000316840 0.999999821 0.000688146
0.999996960 -0.001078652 0.002203832 -0.000028924 0.001077265 0.999999225 0.000630470 -0.000669469 -0.002204510 -0.000628094 0.999997377 0.001506672
0.999998569 -0.001413671 0.000916668 0.000207510 0.001413644 0.999998987 0.000030469 -0.000333715 -0.000916710 -0.000029173 0.999999583 0.000578164
0.999998391 -0.001486304 0.001013394 -0.000589647 0.001486189 0.999998868 0.000114785 -0.001305849 -0.001013564 -0.000113279 0.999999464 0.001423780
0.999999344 -0.001161881 -0.000056187 0.000223960 0.001161866 0.999999285 -0.000265521 -0.000200108 0.000056496 0.000265456 0.999999940 0.000365038
0.999998152 -0.001305031 -0.001394349 0.000585327 0.001304541 0.999999106 -0.000352692 0.000023845 0.001394808 0.000350872 0.999998987 0.000680804
0.999996483 -0.002336472 -0.001268581 0.001318750 0.002337750 0.999996781 0.001006963 -0.001701268 0.001266224 -0.001009926 0.999998689 0.000464011
0.999996722 -0.002241903 -0.001252478 0.001135914 0.002243881 0.999996245 0.001579997 -0.001869225 0.001248931 -0.001582803 0.999997973 0.001255541
0.999997020 -0.002267193 -0.000895085 0.001462902 0.002268299 0.999996662 0.001236736 -0.001584165 0.000892278 -0.001238762 0.999998808 0.000363639
0.999997497 -0.002067738 -0.000839808 0.001492918 0.002068951 0.999996841 0.001446961 -0.001575669 0.000836813 -0.001448695 0.999998629 0.000292085
0.999997139 -0.002293392 -0.000651392 0.001766880 0.002294254 0.999996483 0.001327260 -0.001537508 0.000648346 -0.001328751 0.999998927 0.000230237
0.999998391 -0.001534771 -0.000908085 0.001703691 0.001535850 0.999998093 0.001188891 -0.001506991 0.000906259 -0.001190284 0.999998868 0.000117159
0.999997556 -0.001880649 -0.001157594 0.001808270 0.001882130 0.999997437 0.001279619 -0.001471216 0.001155184 -0.001281795 0.999998510 0.000201972
0.999997854 -0.001608318 -0.001294421 0.001827663 0.001609760 0.999998093 0.001113414 -0.001468085 0.001292627 -0.001115495 0.999998569 0.000115771
0.999999881 0.000270372 -0.000467740 0.000384124 -0.000270243 0.999999940 0.000276027 0.000085646 0.000467815 -0.000275901 0.999999881 0.000004798
0.999999881 -0.000012164 -0.000496258 0.000309722 0.000012107 1.000000000 -0.000115123 0.000006295 0.000496260 0.000115117 0.999999881 -0.000110563
1.000000000 0.000154821 -0.000071307 0.000133045 -0.000154826 1.000000000 -0.000070293 0.000091474 0.000071297 0.000070304 1.000000000 0.000089186
1.000000000 0.000076634 0.000018379 0.000080517 -0.000076632 1.000000000 -0.000091885 0.000070603 -0.000018386 0.000091883 1.000000000 0.000071995
1.000000000 0.000052699 0.000077376 0.000185398 -0.000052682 1.000000000 -0.000216203 0.000148587 -0.000077387 0.000216199 1.000000000 0.000162087
1.000000000 0.000079784 0.000099213 -0.000005348 -0.000079768 1.000000000 -0.000162248 0.000127301 -0.000099226 0.000162240 1.000000000 0.000254947
1.000000000 -0.000059518 -0.000076128 0.000269925 0.000059512 1.000000000 -0.000083790 0.000167403 0.000076133 0.000083785 1.000000000 0.000239221
1.000000000 -0.000076253 0.000035768 -0.000046024 0.000076257 1.000000000 -0.000119641 0.000059005 -0.000035759 0.000119643 1.000000000 0.000222736
1.000000000 -0.000053059 0.000041936 -0.000031415 0.000053067 1.000000000 -0.000170800 0.000167673 -0.000041927 0.000170802 1.000000000 0.000221629
1.000000000 -0.000110974 -0.000006684 -0.000075655 0.000110973 1.000000000 -0.000123434 0.000122401 0.000006698 0.000123434 1.000000000 0.000200270
1.000000000 -0.000003009 0.000033200 -0.000035768 0.000003011 1.000000000 -0.000076067 0.000166454 -0.000033200 0.000076067 1.000000000 0.000182929
1.000000000 -0.000027867 0.000036687 -0.000044736 0.000027874 1.000000000 -0.000208537 0.000058533 -0.000036681 0.000208538 1.000000000 0.000073082
0.999998748 -0.001340860 -0.000804087 0.001672102 0.001341170 0.999999046 0.000385692 -0.000896286 0.000803569 -0.000386770 0.999999583 0.000360384
0.999998808 -0.001348799 -0.000781674 0.001627872 0.001349082 0.999999046 0.000360568 -0.000960435 0.000781187 -0.000361622 0.999999642 0.000341805
0.999998868 -0.001255103 -0.000815638 0.001638497 0.001255444 0.999999106 0.000416801 -0.000881492 0.000815114 -0.000417824 0.999999583 0.000324161
0.999998927 -0.001236855 -0.000805154 0.001651357 0.001237171 0.999999166 0.000392083 -0.000889343 0.000804669 -0.000393079 0.999999583 0.000288889
1.000000000 0.000013938 0.000076665 -0.000237658 -0.000013927 1.000000000 -0.000148412 0.000052657 -0.000076668 0.000148411 1.000000000 0.000198262
1.000000000 -0.000027030 0.000120850 -0.000228616 0.000027051 1.000000000 -0.000171250 0.000070816 -0.000120846 0.000171253 1.000000000 0.000143906
0.999999046 -0.001241397 -0.000609334 0.001491935 0.001241553 0.999999225 0.000256171 -0.000907562 0.000609015 -0.000256928 0.999999762 0.000394814
0.999999106 -0.001224790 -0.000579128 0.001468544 0.001224989 0.999999166 0.000343681 -0.000790672 0.000578706 -0.000344390 0.999999762 0.000276145
0.999998987 -0.001268702 -0.000607942 0.001491881 0.001268906 0.999999166 0.000334954 -0.000773208 0.000607516 -0.000335725 0.999999762 0.000306506
0.999999046 -0.001168143 -0.000718397 0.001493355 0.001168398 0.999999225 0.000355319 -0.000661808 0.000717982 -0.000356158 0.999999702 0.000256753
0.999999940 -0.000080903 -0.000265116 0.000292009 0.000080864 1.000000000 -0.000146636 0.000317818 0.000265127 0.000146615 0.999999940 0.000218813
0.999999940 -0.000106635 -0.000243129 0.000339109 0.000106602 1.000000000 -0.000138498 0.000302309 0.000243143 0.000138472 0.999999940 0.000234979
1.000000000 0.000039974 0.000092585 -0.000298160 -0.000039926 0.999999881 -0.000521483 0.000291869 -0.000092606 0.000521479 0.999999881 0.000208438
1.000000000 0.000063013 0.000208708 -0.000239734 -0.000062850 0.999999702 -0.000781099 0.000266083 -0.000208757 0.000781086 0.999999702 0.000031723
0.999999225 -0.001126809 -0.000573893 0.001494615 0.001125978 0.999998331 -0.001446082 -0.000955029 0.000575522 0.001445435 0.999998808 -0.000069005
0.999998927 -0.001359519 -0.000505529 0.001483131 0.001358683 0.999997735 -0.001651667 -0.001057744 0.000507774 0.001650979 0.999998510 -0.000186028
0.999999285 -0.001105266 -0.000406978 0.001185410 0.001104814 0.999998748 -0.001110889 -0.001133216 0.000408205 0.001110438 0.999999285 0.000076238
0.999999344 -0.001057270 -0.000474644 0.001133323 0.001057063 0.999999344 -0.000435346 -0.000860035 0.000475104 0.000434844 0.999999821 0.000109341
0.999998033 -0.001966737 -0.000306428 0.000892778 0.001966661 0.999998033 -0.000245595 -0.001964712 0.000306911 0.000244992 0.999999940 0.000708665
0.999998569 -0.001656206 -0.000270720 0.000873221 0.001656201 0.999998629 -0.000019684 -0.001695546 0.000270752 0.000019236 0.999999940 0.000656768
0.999998331 -0.001818429 -0.000268143 0.000830308 0.001818437 0.999998331 0.000028504 -0.001819648 0.000268090 -0.000028992 0.999999940 0.000714098
0.999998391 -0.001765072 -0.000268414 0.000880448 0.001765113 0.999998450 0.000152489 -0.001643710 0.000268145 -0.000152962 0.999999940 0.000665408
0.999998391 -0.001772301 -0.000295999 0.001064454 0.001772386 0.999998391 0.000287895 -0.001772424 0.000295488 -0.000288419 0.999999940 0.000762025
0.999998391 -0.001766395 -0.000318492 0.000971206 0.001766523 0.999998331 0.000400777 -0.001873353 0.000317784 -0.000401339 0.999999881 0.000737389
0.999998629 -0.001647660 -0.000186771 0.000886593 0.001647701 0.999998629 0.000217206 -0.001659172 0.000186413 -0.000217513 0.999999940 0.000682927
0.999998331 -0.001781784 -0.000410487 0.000732900 0.001781527 0.999998212 -0.000625308 -0.001949493 0.000411601 0.000624576 0.999999702 0.000532286
0.999999285 -0.001096113 -0.000443714 0.001087775 0.001095728 0.999999046 -0.000865840 -0.000931532 0.000444663 0.000865354 0.999999523 -0.000025729
0.999999344 -0.001049045 -0.000394354 0.001094422 0.001048881 0.999999344 -0.000416500 -0.000811115 0.000394790 0.000416086 0.999999821 0.000187469
0.999998510 -0.001723490 -0.000181940 0.000866695 0.001723505 0.999998510 0.000082645 -0.001927640 0.000181797 -0.000082959 1.000000000 0.000582043
0.999998808 -0.001518745 -0.000201232 0.000812834 0.001518702 0.999998808 -0.000211103 -0.001955366 0.000201552 0.000210797 0.999999940 0.000557373
0.999999225 -0.001079503 -0.000658687 0.001016900 0.001078661 0.999998629 -0.001276701 -0.000735004 0.000660065 0.001275990 0.999998987 -0.000281972
0.999999166 -0.001129119 -0.000602343 0.001042665 0.001128575 0.999998927 -0.000902540 -0.000745695 0.000603362 0.000901859 0.999999404 -0.000010366
0.999998271 -0.001812275 -0.000380355 0.001300751 0.001812163 0.999998331 -0.000293322 -0.002430900 0.000380886 0.000292632 0.999999881 0.000501824
0.999998033 -0.001927543 -0.000427442 0.000972810 0.001927132 0.999997675 -0.000958393 -0.002512360 0.000429288 0.000957567 0.999999464 0.000832781
1.000000000 0.000046237 0.000094453 -0.000768898 -0.000045972 0.999996066 -0.002801059 -0.000069587 -0.000094583 0.002801054 0.999996066 0.000134406
1.000000000 -0.000180798 0.000062148 -0.000957381 0.000180989 0.999995232 -0.003086140 -0.000085135 -0.000061590 0.003086151 0.999995232 0.000291850
1.000000000 -0.000173464 0.000023651 -0.000598349 0.000173525 0.999996603 -0.002606865 -0.000090794 -0.000023198 0.002606869 0.999996603 0.000251902
1.000000000 -0.000053220 0.000013663 -0.000285320 0.000053260 0.999995649 -0.002948516 0.000269017 -0.000013506 0.002948517 0.999995649 0.000328814
1.000000000 -0.000081517 -0.000197646 -0.000064986 0.000080994 0.999996483 -0.002644947 -0.001328217 0.000197861 0.002644931 0.999996483 0.001515444
0.999999762 -0.000618456 -0.000342506 0.000262447 0.000617570 0.999996483 -0.002582237 -0.000969616 0.000344102 0.002582025 0.999996603 0.000787351
1.000000000 -0.000223963 0.000065544 -0.000126203 0.000224115 0.999997258 -0.002337059 -0.001296468 -0.000065020 0.002337074 0.999997258 0.000947496
0.999999821 -0.000569880 0.000050634 0.000143257 0.000569982 0.999997735 -0.002049421 -0.000567250 -0.000049466 0.002049449 0.999997914 -0.000090784
0.999999940 0.000016184 0.000310127 -0.001124094 -0.000015765 0.999999106 -0.001350826 -0.003763309 -0.000310149 0.001350821 0.999999046 0.000881049
0.999999940 -0.000254098 0.000142590 -0.000991161 0.000254344 0.999998450 -0.001727524 -0.003336275 -0.000142150 0.001727560 0.999998510 -0.000196376
0.999999821 -0.000565041 0.000041499 -0.001074436 0.000565122 0.999997854 -0.002001211 -0.003052062 -0.000040368 0.002001234 0.999997973 -0.000519555
0.999999821 -0.000535871 0.000108751 -0.001111086 0.000536056 0.999998391 -0.001715092 -0.003279164 -0.000107832 0.001715150 0.999998510 -0.000448165
1.000000000 -0.000017852 0.000051122 -0.000587198 0.000018000 0.999995768 -0.002901459 -0.000650953 -0.000051070 0.002901460 0.999995768 -0.000873882
0.999999940 -0.000270451 -0.000173604 -0.000575877 0.000270004 0.999996662 -0.002570583 -0.000666702 0.000174299 0.002570536 0.999996662 -0.000702393
0.999997318 -0.002289954 -0.000392906 0.000183849 0.002289257 0.999995828 -0.001764444 -0.002936640 0.000396944 0.001763540 0.999998391 0.000544927
0.999997616 -0.002130015 -0.000451138 0.000251854 0.002129230 0.999996245 -0.001734869 -0.003264498 0.000454831 0.001733904 0.999998391 0.000517669
0.999996543 -0.002520411 -0.000715525 0.000361113 0.002518917 0.999994636 -0.002081333 -0.003108431 0.000720767 0.002079524 0.999997556 -0.000317233
0.999998450 -0.001706364 -0.000448624 0.000381916 0.001705425 0.999996364 -0.002085037 -0.002976238 0.000452180 0.002084269 0.999997735 -0.000184405
0.999995649 -0.002879767 -0.000642543 0.000347452 0.002878989 0.999995112 -0.001208190 -0.002828904 0.000646019 0.001206335 0.999999046 -0.000206860
0.999998689 -0.001582848 -0.000271281 0.000398827 0.001582434 0.999997616 -0.001519131 -0.003033245 0.000273685 0.001518700 0.999998808 -0.000245706
0.999997318 -0.002213560 -0.000645765 0.000475693 0.002212169 0.999995232 -0.002147331 -0.003091872 0.000650515 0.002145897 0.999997497 -0.000494928
0.999996722 -0.002434308 -0.000784341 0.000564902 0.002433175 0.999996006 -0.001442506 -0.003362111 0.000787850 0.001440593 0.999998629 -0.000216953
0.999997973 -0.001892464 -0.000648827 0.000656255 0.001891265 0.999996543 -0.001842891 -0.002988540 0.000652312 0.001841660 0.999998093 -0.000059561
0.999998033 -0.001947608 -0.000389835 0.000323815 0.001946597 0.999994755 -0.002578133 -0.003377261 0.000394854 0.002577369 0.999996603 0.000059303
0.999995649 -0.002819380 -0.000851391 0.000057769 0.002817482 0.999993563 -0.002222318 -0.003014687 0.000857651 0.002219909 0.999997139 0.000559402
0.999996006 -0.002682264 -0.000915849 -0.000129091 0.002679947 0.999993205 -0.002521686 -0.003386810 0.000922607 0.002519222 0.999996424 0.000665665
0.999998033 -0.001969336 -0.000185474 -0.000286093 0.001968676 0.999991953 -0.003496565 -0.002620046 0.000192359 0.003496193 0.999993861 0.000891112
0.999995053 -0.002892816 0.001234112 -0.000352158 0.002898211 0.999986172 -0.004392752 -0.003288204 -0.001221387 0.004396307 0.999989569 0.000501027
0.999989212 -0.003467353 0.003095450 0.000894288 0.003484114 0.999979198 -0.005425988 -0.004519693 -0.003076572 0.005436714 0.999980509 0.001095614
0.999984443 -0.002791772 0.004824792 0.000982533 0.002821617 0.999976873 -0.006190134 -0.005824269 -0.004807398 0.006203651 0.999969184 0.000978271
0.999971449 -0.004582625 0.006011114 0.000277863 0.004642860 0.999938786 -0.010045223 -0.005153627 -0.005964713 0.010072844 0.999931455 0.002694340
0.999953210 -0.006235710 0.007397891 -0.000499611 0.006343022 0.999873698 -0.014572161 -0.007676695 -0.007306088 0.014618403 0.999866426 0.004762109
0.999934554 -0.008527001 0.007624185 -0.000121244 0.008708589 0.999671400 -0.024110015 -0.013399424 -0.007416093 0.024174836 0.999680221 0.007334271
0.999898911 -0.011557504 0.008284592 -0.001691280 0.011833300 0.999349952 -0.034052730 -0.020813184 -0.007885643 0.034147322 0.999385715 0.010547487
0.999908328 -0.009285659 0.009855177 -0.003077445 0.009669837 0.999165714 -0.039678421 -0.027577156 -0.009478515 0.039770078 0.999163926 0.013519092
0.999859929 -0.013955250 0.009242912 -0.005744466 0.014353013 0.998907804 -0.044465899 -0.040478494 -0.008612284 0.044592336 0.998968124 0.016831789
0.999774218 -0.019479444 0.008490206 -0.007359625 0.019899489 0.998418808 -0.052572541 -0.054596420 -0.007452697 0.052729622 0.998580992 0.020205555
0.999735832 -0.021665230 0.007670207 -0.010083238 0.022078104 0.998036563 -0.058613881 -0.072307840 -0.006385264 0.058767743 0.998251259 0.022827534
0.999677777 -0.024661709 0.006015512 -0.010644307 0.025003094 0.997539282 -0.065499641 -0.093837269 -0.004385377 0.065628938 0.997834444 0.024303572
0.999670267 -0.025019184 0.005777952 -0.012802402 0.025351230 0.997417033 -0.067205764 -0.114091247 -0.004081595 0.067330085 0.997722387 0.025344994
0.999683857 -0.024380084 0.006143895 -0.014168968 0.024748176 0.997279525 -0.069433659 -0.133196801 -0.004434383 0.069563761 0.997567654 0.025293479
0.999726951 -0.022303466 0.006970015 -0.015578237 0.022739541 0.997255743 -0.070454970 -0.148490787 -0.005379498 0.070594221 0.997490585 0.026773468
0.999731779 -0.021803385 0.007810039 -0.018143235 0.022282453 0.997458994 -0.067668483 -0.165161788 -0.006314792 0.067824364 0.997677267 0.030225871
0.999744475 -0.021084717 0.008147248 -0.019556897 0.021591270 0.997443974 -0.068112411 -0.170126617 -0.006690293 0.068270914 0.997644365 0.034437660
0.999782979 -0.019078221 0.008366900 -0.020692805 0.019597784 0.997548461 -0.067179143 -0.171825320 -0.007064729 0.067328542 0.997705877 0.040918402
0.999810874 -0.017331608 0.008820137 -0.021799888 0.017872799 0.997691751 -0.065511093 -0.168721795 -0.007664366 0.065656349 0.997812867 0.047191445
0.999829769 -0.016424278 0.008403978 -0.022862030 0.016929744 0.997799635 -0.064103179 -0.167306960 -0.007332639 0.064234547 0.997907877 0.053610358
0.999832034 -0.016422508 0.008140108 -0.024089962 0.016893806 0.997953057 -0.061679285 -0.163617343 -0.007110517 0.061806444 0.998062849 0.059463505
0.999811947 -0.017737379 0.007836048 -0.025594059 0.018170236 0.998084366 -0.059139140 -0.162012652 -0.006772063 0.059270404 0.998219013 0.064552978
0.999783933 -0.019664064 0.006741036 -0.026488196 0.020025965 0.998077631 -0.058651820 -0.160690323 -0.005574744 0.058774143 0.998255730 0.068915054
0.999777019 -0.020181565 0.006211019 -0.028276712 0.020496620 0.998235941 -0.055721391 -0.163054824 -0.005075518 0.055836271 0.998427033 0.071980342
0.999766588 -0.020887610 0.005518059 -0.028543906 0.021159384 0.998266637 -0.054918662 -0.164081842 -0.004361375 0.055022605 0.998475611 0.074427567
0.999795139 -0.019358499 0.005914740 -0.029336097 0.019656224 0.998276532 -0.055295996 -0.166043699 -0.004834099 0.055400930 0.998452485 0.076686144
0.999799192 -0.019078001 0.006135885 -0.029571144 0.019381132 0.998359978 -0.053867798 -0.168649137 -0.005098132 0.053975899 0.998529196 0.077641264
0.999807358 -0.018735243 0.005854177 -0.029963091 0.019019866 0.998408854 -0.053084958 -0.172402650 -0.004850303 0.053186078 0.998572826 0.078798175
0.999804914 -0.018862354 0.005857425 -0.029755471 0.019149477 0.998378754 -0.053601336 -0.176407561 -0.004836882 0.053703044 0.998545229 0.078825466
0.999800503 -0.019116854 0.005787588 -0.030265167 0.019398043 0.998394430 -0.053219315 -0.181824222 -0.004760910 0.053320963 0.998566091 0.079051591
0.999782264 -0.020078927 0.005681734 -0.029711349 0.020350523 0.998405218 -0.052657586 -0.186945915 -0.004615365 0.052761745 0.998596489 0.077717766
0.999773502 -0.020580355 0.005419878 -0.028702114 0.020829044 0.998495281 -0.050727990 -0.198309153 -0.004367723 0.050829392 0.998697817 0.079306468
0.999776542 -0.020386964 0.005588396 -0.027836706 0.020637188 0.998578906 -0.049134716 -0.204282701 -0.004578747 0.049239069 0.998776555 0.076891966
0.999791861 -0.019535670 0.005884805 -0.027146444 0.019774964 0.998844624 -0.043798871 -0.211142316 -0.005022366 0.043906122 0.999023020 0.074914299
0.999791980 -0.019568406 0.005754693 -0.026360597 0.019742690 0.999293745 -0.031973269 -0.216598287 -0.005124962 0.032080229 0.999472141 0.072206676
0.999812782 -0.018524822 0.005583876 -0.026176106 0.018620994 0.999670029 -0.017693445 -0.218999982 -0.005254266 0.017794110 0.999827862 0.068814784
0.999896288 -0.012081482 0.007837719 -0.024899665 0.012115196 0.999917507 -0.004268467 -0.224308506 -0.007785503 0.004362979 0.999960184 0.066990525
0.999934673 -0.006641122 0.009302099 -0.022909947 0.006604516 0.999970376 0.003960362 -0.235861585 -0.009328124 -0.003898668 0.999948919 0.068701923
0.999915719 0.003083502 0.012610078 -0.021532657 -0.003164052 0.999974668 0.006372802 -0.243095994 -0.012590108 -0.006412165 0.999900162 0.068513475
0.999810755 0.011344320 0.015805183 -0.020543134 -0.011412256 0.999925971 0.004214854 -0.252852708 -0.015756199 -0.004394429 0.999866188 0.071080998
0.999673009 0.018096300 0.018067354 -0.020652084 -0.018107863 0.999835908 0.000476532 -0.261947572 -0.018055765 -0.000803537 0.999836683 0.072599456
0.999519885 0.023138825 0.020605037 -0.021316839 -0.023039296 0.999721766 -0.005054695 -0.272558331 -0.020716263 0.004577543 0.999774933 0.075752027
0.999338448 0.026580133 0.024822967 -0.022715811 -0.026311766 0.999592423 -0.011076057 -0.282787442 -0.025107251 0.010415593 0.999630511 0.078997150
0.999373436 0.021146799 0.028381785 -0.024561429 -0.020760586 0.999688745 -0.013834136 -0.294661462 -0.028665500 0.013236245 0.999501407 0.084273338
0.999373734 0.009048194 0.034208380 -0.027604993 -0.008443249 0.999806166 -0.017787388 -0.306030929 -0.034362689 0.017487420 0.999256432 0.089512013
0.999079466 -0.003421389 0.042761009 -0.030437788 0.004325653 0.999768615 -0.021072323 -0.317677796 -0.042679016 0.021237893 0.998863101 0.095549226
0.998341858 -0.016672891 0.055095710 -0.034020495 0.018057190 0.999531209 -0.024723804 -0.329042345 -0.054657668 0.025677683 0.998174906 0.102042429
0.997015417 -0.027669817 0.072073698 -0.036087897 0.029703826 0.999185741 -0.027303789 -0.343273312 -0.071259528 0.029363163 0.997025490 0.110024609
0.995034814 -0.039459016 0.091371581 -0.039016683 0.042260688 0.998687625 -0.028932663 -0.354188293 -0.090110004 0.032650430 0.995396495 0.117881030
0.992350280 -0.050354801 0.112717763 -0.041691951 0.053872995 0.998144269 -0.028385257 -0.364748746 -0.111079261 0.034240562 0.993221521 0.126204282
0.988936305 -0.061300475 0.135082275 -0.044082481 0.065383755 0.997521460 -0.025997717 -0.374156743 -0.133153796 0.034542274 0.990493238 0.134761453
0.984852850 -0.071439929 0.157991067 -0.045665950 0.076278724 0.996778786 -0.024770435 -0.385747701 -0.155712560 0.036446590 0.987129807 0.142588675
0.980497003 -0.079745546 0.179628283 -0.048195206 0.085310206 0.996078253 -0.023457270 -0.395015210 -0.177053213 0.038323905 0.983454823 0.151232287
0.976354420 -0.086565174 0.198087171 -0.050735105 0.092849143 0.995422781 -0.022640184 -0.404063046 -0.195220634 0.040497065 0.979922891 0.159964234
0.972356200 -0.093460798 0.213982373 -0.053745884 0.100339055 0.994721234 -0.021487091 -0.412762582 -0.210844606 0.042363893 0.976601183 0.168103412
0.968690395 -0.097562820 0.228298917 -0.056288108 0.104660183 0.994323432 -0.019160461 -0.420814693 -0.225133613 0.042454358 0.973402560 0.176282808
0.965364277 -0.101709142 0.240264505 -0.059553634 0.109212384 0.993853867 -0.018087221 -0.429259419 -0.236948162 0.043700613 0.970538914 0.184196785
0.962520838 -0.104353905 0.250327528 -0.062370420 0.112384498 0.993502438 -0.017962720 -0.437087655 -0.246826515 0.045422424 0.967994571 0.192786351
0.959736049 -0.107131161 0.259672076 -0.065917857 0.115414731 0.993174970 -0.016820028 -0.445445120 -0.256097883 0.046112768 0.965550363 0.201124817
0.956557214 -0.112272829 0.269059777 -0.068131119 0.120625958 0.992589772 -0.014661286 -0.452504247 -0.265419900 0.046479944 0.963011861 0.208836526
0.952824295 -0.116946846 0.280088037 -0.071020611 0.124992475 0.992097020 -0.010972429 -0.460006028 -0.276591331 0.045463692 0.959911585 0.217454284
0.948482990 -0.122244723 0.292294711 -0.073336720 0.129914165 0.991501272 -0.006895702 -0.466311067 -0.288967639 0.044513684 0.956303418 0.226378843
0.943493366 -0.127470970 0.305894405 -0.075548075 0.134654284 0.990889728 -0.002405217 -0.472583234 -0.302801043 0.043459296 0.952062428 0.235783905
0.937364042 -0.132354289 0.322228163 -0.077124320 0.139588505 0.990209401 0.000661710 -0.478068650 -0.319160908 0.044359080 0.946661830 0.245921940
0.930017233 -0.138280094 0.340509206 -0.078381971 0.145501614 0.989348352 0.004370468 -0.483857989 -0.337486595 0.045480020 0.940231025 0.255946070
0.921171904 -0.144571632 0.361305177 -0.079637170 0.151476711 0.988417029 0.009302290 -0.487977684 -0.358465075 0.046160311 0.932401240 0.267334282
0.911006987 -0.151931673 0.383383662 -0.080204539 0.158897549 0.987200797 0.013642471 -0.492430925 -0.380549401 0.048490331 0.923488438 0.278156072
0.899288893 -0.160924628 0.406672776 -0.080690116 0.167961881 0.985617995 0.018599583 -0.495919257 -0.403817117 0.051579125 0.913384557 0.289526135
0.886167347 -0.169587553 0.431216240 -0.080895334 0.176350325 0.984020352 0.024585612 -0.499325603 -0.428494990 0.054258153 0.901913583 0.301090717
0.871750712 -0.179710045 0.455801517 -0.080835886 0.185968831 0.982050002 0.031517632 -0.502512217 -0.453283936 0.057289355 0.889523268 0.313251764
0.856182754 -0.189992294 0.480472773 -0.080911189 0.195503697 0.979922831 0.039109182 -0.505383968 -0.478256673 0.060449589 0.876137197 0.325131893
0.839396656 -0.199612290 0.505537510 -0.081114054 0.205202997 0.977669835 0.045314573 -0.508345008 -0.503294110 0.065700911 0.861613870 0.338349670
0.821929157 -0.208619490 0.530009866 -0.081006259 0.213476464 0.975513816 0.052921012 -0.510396302 -0.528072238 0.069647282 0.846338570 0.350899905
0.803964615 -0.218356013 0.553137958 -0.081238061 0.222863764 0.972990751 0.060172711 -0.512006223 -0.551337183 0.074897662 0.830913782 0.364423513
0.785506010 -0.228209794 0.575239658 -0.081114061 0.232300192 0.970283806 0.067719713 -0.513232291 -0.573600054 0.080434039 0.815176904 0.377848297
0.766941965 -0.238266006 0.595843375 -0.078376807 0.242036268 0.967342198 0.075283170 -0.516972244 -0.594321787 0.086477891 0.799564362 0.393767416
0.748329163 -0.244004443 0.616818726 -0.077872753 0.247179821 0.965489209 0.082052961 -0.517052889 -0.615553081 0.091062486 0.782816768 0.408097386
0.729492128 -0.252423108 0.635707319 -0.077745602 0.255011797 0.962772191 0.089658909 -0.518235028 -0.634673297 0.096707411 0.766705573 0.424187601
0.710532963 -0.257928252 0.654687703 -0.077211514 0.260331273 0.960738361 0.095965758 -0.518414080 -0.653735816 0.102248862 0.749783039 0.439173669
0.690768361 -0.265282899 0.672654569 -0.076743975 0.266479999 0.958187461 0.104235992 -0.519198060 -0.672181189 0.107246056 0.732578158 0.455642641
0.670864940 -0.272374868 0.689747930 -0.075900972 0.272400498 0.955594838 0.112412214 -0.519619286 -0.689737797 0.112474233 0.715270162 0.471551120
0.650295496 -0.278743804 0.706694901 -0.075258762 0.277626812 0.953106105 0.120466366 -0.520758033 -0.707134426 0.117858693 0.697187364 0.488615721
0.629774511 -0.283777982 0.723086536 -0.073911384 0.279261798 0.951355219 0.130138904 -0.520770609 -0.724842727 0.119972251 0.678387642 0.504994094
0.608487427 -0.291608453 0.738043129 -0.072136402 0.285998404 0.948121548 0.138818219 -0.522015870 -0.740235150 0.126609996 0.660319567 0.522578955
0.587142944 -0.296293676 0.753308237 -0.070685208 0.290335238 0.945767939 0.145699739 -0.522491992 -0.755624712 0.133165330 0.641325474 0.540369451
0.565440178 -0.301511824 0.767703056 -0.068781614 0.294907391 0.943162441 0.153213054 -0.523555279 -0.770264268 0.139768481 0.622220039 0.559955895
0.544201314 -0.303824097 0.782007635 -0.067359924 0.298961133 0.941159606 0.157609656 -0.524431109 -0.783879578 0.148018464 0.603011906 0.578549683
0.522920191 -0.306925923 0.795205057 -0.065803051 0.304783314 0.938571036 0.161838055 -0.525882125 -0.796028674 0.157736808 0.584343612 0.598251343
0.501070619 -0.310541749 0.807769835 -0.064526469 0.311618447 0.935531437 0.166357681 -0.526726067 -0.807355106 0.168358997 0.565537870 0.617518425
0.479769170 -0.315015286 0.818893790 -0.062913597 0.319907933 0.931879699 0.171053141 -0.527906895 -0.816994786 0.179904550 0.547863007 0.638335347
0.458108127 -0.320820987 0.828981876 -0.061717033 0.327635169 0.927878022 0.178038150 -0.528099537 -0.826312423 0.190042853 0.530180693 0.657927573
0.436142087 -0.323583812 0.839686632 -0.057433724 0.332055956 0.925131857 0.184037820 -0.529293895 -0.836372495 0.198556289 0.510936856 0.681133926
0.413987339 -0.324419022 0.850509763 -0.056174189 0.335368156 0.922971368 0.188817680 -0.529380262 -0.846252203 0.207065731 0.490898252 0.700335979
0.391276836 -0.327498645 0.860027373 -0.053765535 0.339809507 0.919907749 0.195701882 -0.529791057 -0.855237901 0.215671852 0.471225798 0.722221434
0.368371367 -0.329632968 0.869278252 -0.052532017 0.344828159 0.916779041 0.201518670 -0.529953003 -0.863363206 0.225517914 0.451381862 0.741405547
0.345076978 -0.331863850 0.877945542 -0.050619483 0.350934654 0.913177788 0.207246602 -0.530541003 -0.870498061 0.236585468 0.431579173 0.762479424
0.322101474 -0.334909201 0.885486662 -0.049655616 0.357686639 0.909058213 0.213713616 -0.530704737 -0.876533568 0.247889221 0.412601531 0.781748116
0.299225211 -0.337546349 0.892483532 -0.046057522 0.365552902 0.904528797 0.219542131 -0.532700300 -0.881382644 0.260557383 0.394048870 0.803247809
0.276243806 -0.339101672 0.899277270 -0.045521438 0.372368455 0.900366426 0.225126684 -0.532825530 -0.886019886 0.272672564 0.374991417 0.821374714
0.253608882 -0.340143919 0.905530155 -0.043902278 0.376738369 0.896949351 0.231408834 -0.534349561 -0.890927017 0.282460570 0.355619550 0.841041088
0.231306493 -0.342014313 0.910781920 -0.043663263 0.382210970 0.892844200 0.238210246 -0.534202933 -0.894657671 0.293011159 0.337242246 0.858453810
0.209393442 -0.341338485 0.916319966 -0.042704999 0.384473056 0.890358031 0.243809298 -0.535222471 -0.899074316 0.301248312 0.317670584 0.875967443
0.188144743 -0.345341533 0.919424057 -0.042953551 0.386481971 0.886647820 0.253943503 -0.534350097 -0.902902603 0.307562768 0.300286472 0.891610742
0.167494535 -0.350401402 0.921501160 -0.042318702 0.387881875 0.882744014 0.265161484 -0.534691691 -0.906362653 0.313020498 0.283769190 0.907819271
0.147357166 -0.355063438 0.923155487 -0.042965114 0.385539651 0.880138040 0.276976943 -0.533509374 -0.910848677 0.315098405 0.266585648 0.921815217
0.127676725 -0.359767407 0.924265146 -0.038361371 0.382178992 0.877775013 0.288877547 -0.531068802 -0.915225625 0.316351771 0.249566972 0.939063966
0.109864950 -0.365135342 0.924449027 -0.039431930 0.378926486 0.875224769 0.300659895 -0.530348241 -0.918882191 0.317266166 0.234515965 0.951756001
0.095443666 -0.369303495 0.924394727 -0.038063884 0.375815839 0.873277545 0.310078800 -0.529450834 -0.921766281 0.317807078 0.222138882 0.966680408
0.083613575 -0.371171623 0.924792171 -0.038658381 0.373379976 0.872102797 0.316265851 -0.529216051 -0.923902750 0.318854719 0.211507678 0.978906810
0.074231386 -0.372165978 0.925193012 -0.037922978 0.372645438 0.870897353 0.320426524 -0.529539347 -0.925000012 0.320983291 0.203333914 0.993538380
0.066694438 -0.370362967 0.926489770 -0.038148761 0.373968095 0.870148361 0.320920080 -0.530212343 -0.925040424 0.325073987 0.196537971 1.005861759
0.060689449 -0.367858469 0.927899301 -0.036056757 0.372611582 0.870761156 0.320835769 -0.530139685 -0.926000893 0.326274633 0.189914286 1.020037889
0.056630015 -0.364882648 0.929329872 -0.035675287 0.374428988 0.870646715 0.319025546 -0.530868411 -0.925524831 0.329901487 0.185927331 1.032666802
0.053373039 -0.363053024 0.930238605 -0.034476042 0.374907613 0.870703638 0.318307191 -0.530738115 -0.925524473 0.331764489 0.182583451 1.046166420
0.051769137 -0.366653025 0.928916335 -0.033867121 0.375859678 0.868923783 0.322026432 -0.530495465 -0.925229430 0.332471132 0.182793558 1.059320569
0.051338434 -0.370897442 0.927253783 -0.030112147 0.376394778 0.867195606 0.326034933 -0.527754724 -0.925035894 0.332275301 0.184124351 1.072041154
0.051680803 -0.375483900 0.925386965 -0.028874636 0.378621966 0.864814043 0.329760700 -0.527507365 -0.924107492 0.333329469 0.186860740 1.084948063
0.052991629 -0.379377693 0.923723221 -0.027225375 0.382049888 0.862348795 0.332253665 -0.526991069 -0.922621250 0.335301667 0.190638423 1.098040700
0.054727793 -0.382869840 0.922179878 -0.025781035 0.389475286 0.858593404 0.333356231 -0.527136505 -0.919409573 0.340922385 0.196107209 1.110277534
0.056808352 -0.385451853 0.920977533 -0.022312880 0.396726489 0.855225801 0.333461970 -0.526443005 -0.916177332 0.346432775 0.201502919 1.122049332
0.059328973 -0.387600213 0.919916272 -0.019294381 0.404993683 0.851635754 0.332711071 -0.526713431 -0.912392497 0.352820963 0.207502365 1.132801175
0.062076807 -0.387453526 0.919796884 -0.014536142 0.410475045 0.849939048 0.330323905 -0.526128650 -0.909756482 0.357048184 0.211801469 1.142629862
0.065329492 -0.385065585 0.920574188 -0.009467244 0.406360358 0.852850020 0.327899605 -0.525518954 -0.911374569 0.352663249 0.212191582 1.151095510
0.068911970 -0.382630289 0.921328008 -0.004107714 0.400373936 0.856494248 0.325758100 -0.524652958 -0.913757026 0.346427083 0.212217927 1.157307386
0.073038459 -0.379288137 0.922391474 0.002753854 0.390981138 0.861718655 0.323380083 -0.523115695 -0.917496145 0.337018460 0.211233079 1.164021492
0.077236354 -0.374818265 0.923875451 0.010181189 0.383567512 0.866494894 0.319472462 -0.521781683 -0.920277476 0.329693705 0.210693002 1.170211196
0.081588626 -0.369849890 0.925502300 0.018340588 0.376507550 0.871227086 0.314968973 -0.520261765 -0.922813892 0.322760671 0.210333526 1.176150799
0.085700035 -0.366674840 0.926393688 0.026118040 0.369575739 0.875177860 0.312213957 -0.519068003 -0.925240219 0.315615773 0.210516870 1.182258606
0.089417875 -0.363863409 0.927150428 0.034573436 0.365545154 0.877907038 0.309283078 -0.517679453 -0.926488698 0.311259866 0.211509049 1.187889099
0.091151059 -0.360921651 0.928131104 0.043820262 0.361490637 0.880429029 0.306870073 -0.517015874 -0.927909613 0.307539135 0.210721791 1.193940639
0.089110255 -0.357723087 0.929566443 0.052441955 0.358422071 0.882274389 0.305164665 -0.515761673 -0.929297149 0.305983752 0.206835508 1.199265242
0.081823349 -0.353941530 0.931681633 0.056102276 0.359358579 0.882411301 0.303663909 -0.519102097 -0.929605603 0.309960902 0.199393749 1.205051184
0.072127581 -0.349620759 0.934110880 0.064655662 0.363360524 0.881399393 0.301834822 -0.519025803 -0.928852439 0.317648351 0.190611601 1.210183263
0.057715893 -0.342843264 0.937618077 0.073592305 0.367035717 0.880694628 0.299435765 -0.519620895 -0.928414762 0.326857001 0.176665783 1.214725733
0.039643288 -0.334466815 0.941573441 0.082139969 0.375045359 0.878399432 0.296235442 -0.520476818 -0.926158488 0.341388941 0.160262823 1.219196916
0.019225895 -0.327444524 0.944674790 0.090203881 0.380807191 0.876030087 0.295900643 -0.521884918 -0.924454629 0.354049981 0.141535699 1.223238230
-0.003971577 -0.323194265 0.946324468 0.097711205 0.381509900 0.874264896 0.300185174 -0.523081839 -0.924356341 0.362224251 0.119829595 1.226302028
-0.027530432 -0.323837698 0.945712030 0.103368640 0.382178605 0.870786369 0.309306622 -0.524998128 -0.923678339 0.369946241 0.099790692 1.229165316
-0.051304221 -0.328445941 0.943128347 0.107855439 0.384555131 0.865054965 0.322175771 -0.526691794 -0.921675205 0.379213840 0.081924617 1.231372118
-0.071843505 -0.334587127 0.939622343 0.110858798 0.387958854 0.858498335 0.335363269 -0.531580985 -0.918872416 0.388628423 0.068128467 1.231209517
-0.089536786 -0.343150407 0.935003161 0.112995744 0.393297642 0.850299120 0.349726170 -0.536300123 -0.915041089 0.399047881 0.058827162 1.232275367
-0.104845405 -0.352405548 0.929955959 0.114670277 0.397618830 0.842260063 0.364001781 -0.544033051 -0.911540985 0.407931775 0.051815927 1.231761813
-0.116719127 -0.362365067 0.924699068 0.116147876 0.399860382 0.835121930 0.377734125 -0.554756880 -0.909114122 0.413839281 0.047420681 1.229527950
-0.125885963 -0.369393706 0.920706749 0.117860079 0.400722921 0.830070496 0.387819737 -0.569141269 -0.907509685 0.417769402 0.043530285 1.224835992
-0.133203268 -0.374557257 0.917585850 0.119367957 0.402366817 0.825665474 0.395445883 -0.585152030 -0.905736089 0.421880782 0.040728033 1.218849659
-0.139231920 -0.376600266 0.915853024 0.121684909 0.405781627 0.821949303 0.399675608 -0.603219390 -0.903302670 0.427283943 0.038375854 1.210209727
-0.144118547 -0.377097070 0.914892375 0.124276161 0.408812404 0.819269598 0.402081847 -0.621230900 -0.901167333 0.431966662 0.036089897 1.201540470
-0.147661686 -0.378399581 0.913788915 0.126637697 0.409285933 0.817716122 0.404753566 -0.640277743 -0.900378466 0.433767438 0.034128189 1.189726353
-0.151042104 -0.379038453 0.912971199 0.130239964 0.410852373 0.815948486 0.406728983 -0.656518877 -0.899103343 0.436529517 0.032486200 1.179036856
-0.153740883 -0.376730293 0.913475990 0.134260058 0.408016950 0.817767441 0.405929297 -0.672098696 -0.899936795 0.435121506 0.027988017 1.166842699
-0.156045794 -0.375203788 0.913713276 0.138712645 0.405386686 0.819220543 0.405634433 -0.686328053 -0.900728285 0.433704704 0.024266660 1.153801441
-0.157410979 -0.375797182 0.913235128 0.143294930 0.397136599 0.822600245 0.406953782 -0.699259877 -0.904159486 0.426737994 0.019756496 1.140211582
-0.157938361 -0.376507670 0.912851393 0.148591042 0.386262506 0.827234685 0.408024669 -0.710959435 -0.908766687 0.417042971 0.014778674 1.125719786
-0.158144236 -0.380269170 0.911255181 0.153835297 0.376060545 0.830121517 0.411675483 -0.721632004 -0.913000047 0.407791108 0.011725307 1.111119032
-0.157942653 -0.382495522 0.910357893 0.159838796 0.366015613 0.833578706 0.413737953 -0.731678069 -0.917107880 0.398552001 0.008341670 1.096368074
-0.158299327 -0.384482145 0.909458578 0.167170405 0.357710242 0.836172819 0.415762514 -0.742846370 -0.920317829 0.391137511 0.005167603 1.080622792
-0.158828974 -0.385713547 0.908844590 0.174150229 0.354993194 0.836656809 0.417115390 -0.751399040 -0.921278000 0.388883650 0.004040301 1.066645503
-0.159741402 -0.386424124 0.908382833 0.181928277 0.357613146 0.835041940 0.418112248 -0.760042012 -0.920106471 0.391639382 0.004799485 1.052852392
-0.161048055 -0.387625605 0.907639742 0.190097094 0.362690181 0.832051158 0.419698328 -0.767885864 -0.917888522 0.396783620 0.006587744 1.039446950
-0.161507964 -0.388577610 0.907150924 0.199296355 0.365771085 0.830180109 0.420728594 -0.775328100 -0.916584313 0.399760574 0.008049667 1.026601553
-0.161514878 -0.388726920 0.907085717 0.208861232 0.364039570 0.830862820 0.420882553 -0.781948566 -0.917272151 0.398193866 0.007315218 1.012938619
-0.161501527 -0.387471288 0.907625139 0.220213413 0.361731499 0.832445979 0.419742793 -0.788319170 -0.918187201 0.396105677 0.005719244 1.000011206
-0.161369324 -0.387255937 0.907740533 0.230926633 0.359217316 0.833652616 0.419507116 -0.793534100 -0.919196904 0.393771678 0.004583061 0.986853778
-0.161320448 -0.386175513 0.908209503 0.244624496 0.355708122 0.835657001 0.418508321 -0.800213754 -0.920569241 0.390571326 0.002557218 0.973070204
-0.161955237 -0.385530472 0.908370435 0.256796002 0.352125823 0.837343574 0.418166459 -0.804483235 -0.921834052 0.387584925 0.000143051 0.960542023
-0.162997961 -0.382891774 0.909299672 0.270275474 0.349679172 0.839379907 0.416131973 -0.808946013 -0.922581375 0.385791719 -0.002927899 0.948206365
-0.166646600 -0.379042655 0.910250485 0.283939600 0.349877328 0.840355039 0.413991868 -0.813073456 -0.921854198 0.387466192 -0.007423878 0.936135948
-0.174356818 -0.372069716 0.911681890 0.299279094 0.349594653 0.842157006 0.410554737 -0.818499923 -0.920534253 0.390302092 -0.016762257 0.923716366
-0.184759140 -0.361469239 0.913895130 0.313808799 0.349487036 0.844955683 0.404856473 -0.822449327 -0.918544054 0.394195348 -0.029784441 0.911772728
-0.197626591 -0.354358196 0.913988113 0.328775048 0.348138988 0.846225739 0.403362542 -0.825706065 -0.916375041 0.397910029 -0.043870926 0.899999917
