1.000000000 0.000000000 0.000000000 0.000000000 0.000000000 1.000000000 0.000000000 -0.000000238 0.000000000 0.000000000 1.000000000 -0.000000179
0.999989092 0.003186613 0.003417200 0.002663179 -0.003235532 0.999890983 0.014406878 -0.003522702 -0.003370919 -0.014417776 0.999890387 -0.003229355
0.999899149 0.011152677 0.008792695 0.003445536 -0.011346215 0.999687433 0.022277504 -0.005937716 -0.008541493 -0.022375021 0.999713182 -0.004082533
0.999700546 0.019666772 0.014559969 0.002593053 -0.020136524 0.999257326 0.032852303 -0.012149985 -0.013903057 -0.033135656 0.999354184 -0.005602928
0.999446094 0.027674079 0.018483959 0.006969557 -0.028379455 0.998833895 0.039056968 -0.026160762 -0.017381538 -0.039559897 0.999065995 -0.008732878
0.998946071 0.039187651 0.023897070 0.008473076 -0.040227551 0.998189747 0.044710297 -0.042856216 -0.022101719 -0.045624498 0.998714149 -0.012589936
0.998186529 0.052662261 0.029159859 0.009504052 -0.053936176 0.997539997 0.044775642 -0.063654982 -0.026730139 -0.046267219 0.998571396 -0.015870484
0.997248530 0.065607123 0.034512423 0.009524529 -0.066834323 0.997125387 0.035694398 -0.086588137 -0.032071404 -0.037902802 0.998766661 -0.019446211
0.996006787 0.080420278 0.038769159 0.007156594 -0.081422098 0.996366322 0.024991509 -0.118648060 -0.036618460 -0.028048377 0.998935640 -0.020938583
0.995936275 0.080440603 0.040500086 -0.000154621 -0.081038676 0.996621609 0.013346175 -0.149410814 -0.039289687 -0.016574014 0.999090374 -0.022632131
0.996736228 0.071389049 0.037689615 -0.007308585 -0.071568474 0.997429788 0.003431524 -0.181543902 -0.037347775 -0.006117712 0.999283612 -0.025013102
0.997581124 0.060887035 0.033535823 -0.012311955 -0.060750369 0.998140037 -0.005080176 -0.216846377 -0.033782765 0.003030574 0.999424577 -0.029838068
0.998205304 0.051412035 0.030708591 -0.021272257 -0.051140901 0.998645782 -0.009550777 -0.245225653 -0.031158028 0.007963172 0.999482751 -0.027660033
0.998751879 0.041775484 0.027377015 -0.029868677 -0.041366328 0.999026179 -0.015345159 -0.268059671 -0.027991408 0.014193519 0.999507368 -0.026128097
0.999124229 0.033315342 0.025315605 -0.041862510 -0.032866713 0.999298811 -0.017935732 -0.288555950 -0.025895387 0.017087983 0.999518573 -0.019873299
0.999374211 0.026203105 0.023760179 -0.054216221 -0.025753474 0.999487042 -0.019036286 -0.302139729 -0.024246803 0.018412467 0.999536455 -0.014171644
0.999541819 0.020756464 0.022031112 -0.066600926 -0.020347565 0.999619484 -0.018624824 -0.317192316 -0.022409314 0.018168010 0.999583781 -0.008432969
0.999707758 0.013210476 0.020244768 -0.079054192 -0.012667350 0.999562562 -0.026725451 -0.318299383 -0.020588966 0.026461193 0.999437809 0.003413824
0.999805212 0.007494841 0.018259259 -0.091368608 -0.006730579 0.999113202 -0.041563936 -0.324840516 -0.018554581 0.041432947 0.998968959 0.011832434
0.999867976 0.001867379 0.016139904 -0.103600048 -0.000824595 0.997925401 -0.064375781 -0.327899784 -0.016226633 0.064353980 0.997795224 0.021002827
0.999850929 0.002498086 0.017084245 -0.116704985 -0.001110103 0.996731699 -0.080775253 -0.335380167 -0.017230190 0.080744244 0.996585906 0.027752521
0.999854565 0.005089556 0.016276933 -0.123730853 -0.003718920 0.996529639 -0.083155341 -0.340512604 -0.016643669 0.083082713 0.996403635 0.030098259
0.999829113 0.007898292 0.016715018 -0.134230509 -0.006630225 0.997191191 -0.074604452 -0.342085183 -0.017257316 0.074480876 0.997073114 0.033475202
0.999770820 0.011522662 0.018041849 -0.147775277 -0.010381183 0.998013973 -0.062131897 -0.344538391 -0.018721942 0.061930366 0.997904837 0.038275104
0.999719143 0.013272139 0.019634262 -0.163006276 -0.012307442 0.998749137 -0.048463877 -0.346744210 -0.020252921 0.048208620 0.998631954 0.041910265
0.999647319 0.016438359 0.020856580 -0.175348654 -0.015660135 0.999194682 -0.036943160 -0.350664884 -0.021447068 0.036603518 0.999099672 0.042505648
0.999640346 0.016770894 0.020926958 -0.186635867 -0.016170671 0.999462187 -0.028528638 -0.357238770 -0.021394154 0.028179973 0.999373913 0.040922340
0.999574959 0.019799326 0.021396946 -0.198333979 -0.019316453 0.999559224 -0.022543242 -0.363764673 -0.021833856 0.022120347 0.999516845 0.037882600
0.999529660 0.020504184 0.022804096 -0.213021949 -0.020065550 0.999612391 -0.019300198 -0.368210852 -0.023190990 0.018833542 0.999553621 0.039271947
0.999480903 0.023081509 0.022476915 -0.224988624 -0.022724560 0.999613583 -0.016008824 -0.375650078 -0.022837736 0.015489736 0.999619186 0.036345694
0.999477923 0.023087408 0.022601251 -0.239927217 -0.022714391 0.999603748 -0.016624106 -0.384136945 -0.022976104 0.016102055 0.999606311 0.035100989
0.999546409 0.021159448 0.021430923 -0.254241049 -0.020831991 0.999664545 -0.015389352 -0.393698305 -0.021749364 0.014935923 0.999651909 0.032803874
0.999594331 0.020251533 0.020026129 -0.266001284 -0.019888865 0.999637485 -0.018146152 -0.400123864 -0.020386357 0.017740494 0.999634743 0.029373189
0.999628425 0.019256851 0.019292373 -0.280905604 -0.018821264 0.999569416 -0.022510869 -0.406453162 -0.019717555 0.022139398 0.999560416 0.027573027
0.999682128 0.018518429 0.017108057 -0.292502522 -0.017845917 0.999093056 -0.038659591 -0.412013412 -0.017808456 0.038341995 0.999105990 0.024469513
0.999723971 0.017173445 0.016034434 -0.307179034 -0.015788874 0.996440351 -0.082809128 -0.413440883 -0.017399473 0.082533099 0.996436417 0.024331763
0.999789655 0.014670547 0.014332621 -0.324729443 -0.012489688 0.989801526 -0.141904920 -0.413931310 -0.016268272 0.141696066 0.989776552 0.029224005
0.999884427 0.010777279 0.010722327 -0.340670198 -0.008411261 0.979690373 -0.200339735 -0.411999434 -0.012663678 0.200226396 0.979667842 0.027858514
0.999939919 0.006012708 0.009164251 -0.359142423 -0.003580893 0.969433606 -0.245327622 -0.397358656 -0.010359216 0.245280057 0.969396889 0.021291317
0.999975681 0.002523513 0.006504084 -0.376015723 -0.000658896 0.962282181 -0.272052497 -0.384832412 -0.006945293 0.272041589 0.962260425 0.009557581
0.999925554 0.009628857 0.007498269 -0.384361476 -0.007128517 0.959521294 -0.281545937 -0.379169285 -0.009905714 0.281471491 0.959518433 -0.006509262
0.999940515 0.008678400 0.006605564 -0.398154289 -0.006444477 0.958776832 -0.284087032 -0.365163416 -0.008798683 0.284027547 0.958775759 -0.032590818
0.999925196 0.010022745 0.007008368 -0.411579877 -0.007637904 0.959325850 -0.282197744 -0.348472685 -0.009551706 0.282123119 0.959330678 -0.066231348
0.999923468 0.010666186 0.006271270 -0.424918860 -0.008484636 0.959987462 -0.279914409 -0.332646459 -0.009005959 0.279839784 0.960004449 -0.105959952
0.999923527 0.009197006 0.008265615 -0.440636337 -0.006574873 0.961558521 -0.274521470 -0.326820850 -0.010472648 0.274446130 0.961545467 -0.152194858
0.999898911 0.011079487 0.008913836 -0.453932673 -0.008345050 0.964748383 -0.263041764 -0.310872048 -0.011513976 0.262940794 0.964743257 -0.205919728
0.999867916 0.012379086 0.010532782 -0.466671497 -0.009529795 0.971444607 -0.237074986 -0.292680651 -0.013166786 0.236943290 0.971434236 -0.265114784
0.999843359 0.013094626 0.011905436 -0.479578376 -0.010471599 0.980043113 -0.198509157 -0.273362428 -0.014267244 0.198353410 0.980026722 -0.330517858
0.999744356 0.017618731 0.014168622 -0.502497673 -0.015302461 0.988626420 -0.149611771 -0.256081194 -0.016643442 0.149356723 0.988643289 -0.390279412
0.999702752 0.018885143 0.015420821 -0.515782297 -0.017184082 0.994445682 -0.103838526 -0.236211240 -0.017296175 0.103542663 0.994474590 -0.463987559
0.999650598 0.019820107 0.017488690 -0.530143499 -0.018608028 0.997583508 -0.066939659 -0.218645662 -0.018773181 0.066590838 0.997603714 -0.538610101
0.999565423 0.021870000 0.019764347 -0.544264793 -0.021080105 0.999004006 -0.039327070 -0.201852858 -0.020604746 0.038893342 0.999030888 -0.614741325
0.999566555 0.018940985 0.022538507 -0.564627051 -0.018430594 0.999573767 -0.022641513 -0.179488406 -0.022957752 0.022216301 0.999489546 -0.693807781
0.999437630 0.021898754 0.025393873 -0.579727769 -0.021614902 0.999701381 -0.011399166 -0.162497088 -0.025635917 0.010843870 0.999612510 -0.768963695
0.999401331 0.020788480 0.027654465 -0.595499277 -0.020649865 0.999772787 -0.005288613 -0.144970238 -0.027758125 0.004714386 0.999603570 -0.840746880
0.999332249 0.021104116 0.029827913 -0.611414671 -0.021196172 0.999771476 0.002773424 -0.125412241 -0.029762568 -0.003403810 0.999551177 -0.910991669
0.999291897 0.020262757 0.031703740 -0.626227438 -0.020605842 0.999732196 0.010532525 -0.104078844 -0.031481832 -0.011178349 0.999441803 -0.981232107
0.999219239 0.020097457 0.034013912 -0.642491400 -0.020664554 0.999651909 0.016403828 -0.080117673 -0.033672392 -0.017093904 0.999286711 -1.047138095
0.999096215 0.021644559 0.036583059 -0.659321010 -0.022369105 0.999559343 0.019513607 -0.054369684 -0.036144577 -0.020314302 0.999140084 -1.110916018
0.999075890 0.019601945 0.038250189 -0.676645696 -0.020567235 0.999475658 0.025008062 -0.026588034 -0.037739929 -0.025771653 0.998955190 -1.172205448
0.999014616 0.018946903 0.040134549 -0.695315659 -0.020301362 0.999228716 0.033613622 0.004943738 -0.039466716 -0.034395285 0.998628736 -1.234821677
0.998941004 0.019217655 0.041803230 -0.713091016 -0.021239638 0.998598516 0.048475310 0.035646740 -0.040813062 -0.049311861 0.997949243 -1.292224526
0.998810291 0.020266270 0.044353470 -0.731172979 -0.023352107 0.997259617 0.070199572 0.066791199 -0.042809241 -0.071151800 0.996546447 -1.348994374
0.998781323 0.019976856 0.045131385 -0.749668837 -0.024303259 0.994944215 0.097444043 0.096660577 -0.042956583 -0.098422125 0.994217217 -1.402831316
0.998685718 0.022184202 0.046203382 -0.766478837 -0.027883833 0.991559446 0.126619086 0.123569287 -0.043004453 -0.127740994 0.990874767 -1.451232791
0.998601615 0.022724323 0.047732685 -0.785997510 -0.029712383 0.988053977 0.151216686 0.148884729 -0.043726172 -0.152423471 0.987347484 -1.498397231
0.998614967 0.022461489 0.047578238 -0.806373477 -0.030490708 0.984022558 0.175413474 0.172105387 -0.042878009 -0.176621214 0.983344495 -1.542587757
0.998638332 0.023431413 0.046609007 -0.827497602 -0.032144800 0.980071783 0.196025699 0.191743746 -0.041087016 -0.197257012 0.979490459 -1.581336260
0.998549223 0.026314102 0.046978757 -0.841604948 -0.035700239 0.976669192 0.211761147 0.206740350 -0.040310398 -0.213131070 0.976191700 -1.606645226
0.998576224 0.027610067 0.045642693 -0.864029825 -0.037006970 0.974805355 0.219965994 0.218993202 -0.038419466 -0.221341908 0.974439204 -1.634407282
0.998632252 0.027918980 0.044206329 -0.886805892 -0.037110537 0.974078119 0.223147094 0.227570578 -0.036830381 -0.224482387 0.973781884 -1.655076265
0.998737454 0.027342169 0.042141449 -0.910249352 -0.035841964 0.975640416 0.216427997 0.231855154 -0.035197292 -0.217665181 0.975388646 -1.670329571
0.998721361 0.030129822 0.040594067 -0.930565059 -0.037807371 0.978218555 0.204105660 0.230050042 -0.033560205 -0.205379441 0.978106856 -1.675897717
0.998766005 0.029812200 0.039720405 -0.954694808 -0.036900379 0.980749011 0.191754341 0.226994053 -0.033239130 -0.192983419 0.980638862 -1.680089116
0.999043584 0.023096902 0.037127387 -0.979065359 -0.029433185 0.983155787 0.180383921 0.220503956 -0.032335695 -0.181304187 0.982895315 -1.678091049
0.999374926 0.011994069 0.033255234 -1.004046559 -0.017611694 0.984559417 0.174162403 0.211400136 -0.030652838 -0.174639210 0.984155238 -1.672274113
0.999556422 0.000007113 0.029781140 -1.026923776 -0.004932072 0.986230731 0.165301561 0.198241562 -0.029369902 -0.165375113 0.985793352 -1.660200119
0.999597728 -0.011292675 0.026017297 -1.051318049 0.007005331 0.987198889 0.159340277 0.184505999 -0.027483623 -0.159093902 0.986880839 -1.645365000
0.999557972 -0.020979710 0.021065321 -1.074715137 0.017416678 0.987444520 0.157003015 0.169245720 -0.024094712 -0.156566739 0.987373412 -1.626213670
0.999441981 -0.028694326 0.017099153 -1.097432852 0.025745308 0.987892568 0.152988300 0.152366057 -0.021282021 -0.152462706 0.988080084 -1.603284240
0.999250114 -0.036444936 0.013074702 -1.118726373 0.034114566 0.988414228 0.147896901 0.133493423 -0.018313313 -0.147339955 0.988916337 -1.576286554
0.998965085 -0.044712819 0.008335773 -1.139087558 0.042985559 0.988014340 0.148256376 0.113851003 -0.014864825 -0.147744641 0.988913834 -1.545525789
0.998556316 -0.053516537 0.004610210 -1.157557607 0.052260056 0.987767816 0.146913737 0.092542604 -0.012416131 -0.146460712 0.989138544 -1.510852695
0.998159468 -0.060620394 0.001690357 -1.174341202 0.059787657 0.988350511 0.139959797 0.068989426 -0.010155084 -0.139601126 0.990155756 -1.472308993
0.998024046 -0.062825091 0.000989835 -1.189289212 0.062144820 0.989297450 0.132017225 0.044314262 -0.009273235 -0.131694853 0.991246939 -1.431694984
0.997935176 -0.064170972 0.002734206 -1.202066422 0.063441217 0.991446435 0.114057794 0.016786937 -0.010030018 -0.113648817 0.993470371 -1.386342287
0.998162448 -0.060450446 0.004173582 -1.212457180 0.059790719 0.993765712 0.094099551 -0.011864978 -0.009835923 -0.093677104 0.995554030 -1.337880015
0.998339355 -0.057275552 0.006164330 -1.221140027 0.056706320 0.995940745 0.069903158 -0.041654468 -0.010143049 -0.069437511 0.997534752 -1.287099600
0.998426318 -0.055457931 0.008327811 -1.228528738 0.054943774 0.997094035 0.052770499 -0.071842752 -0.011230153 -0.052229892 0.998571932 -1.235565662
0.998598576 -0.052267902 0.008304947 -1.234311581 0.051885501 0.997810304 0.041018851 -0.102480941 -0.010430730 -0.040530458 0.999123871 -1.182004333
0.998624682 -0.051697891 0.008725361 -1.239006639 0.051388282 0.998146474 0.032601412 -0.134286031 -0.010394611 -0.032108191 0.999430358 -1.127875566
0.998552024 -0.053292751 0.007330501 -1.242216945 0.053055458 0.998157144 0.029452654 -0.166405991 -0.008886605 -0.029021082 0.999539316 -1.072871923
0.998447239 -0.055399951 0.005826312 -1.246803403 0.055219937 0.998095334 0.027502880 -0.194606870 -0.007338873 -0.027138446 0.999604762 -1.021108508
0.998351455 -0.057110947 0.005716345 -1.246641278 0.056943264 0.998035431 0.026128458 -0.227451041 -0.007197336 -0.025759878 0.999642253 -0.964646220
0.998104453 -0.061378013 0.004502428 -1.243860483 0.061244611 0.997799277 0.025411697 -0.259958923 -0.006052238 -0.025087779 0.999666929 -0.907835126
0.998061478 -0.062088709 0.004270338 -1.240028501 0.061968621 0.997787476 0.024082897 -0.289805412 -0.005756165 -0.023771586 0.999700844 -0.849406600
0.998223066 -0.059349760 0.005318364 -1.237913728 0.059207730 0.997963011 0.023755472 -0.311551154 -0.006717412 -0.023398373 0.999703646 -0.790592849
0.998471022 -0.054919444 0.006283476 -1.231593013 0.054765075 0.998244584 0.022550479 -0.332425147 -0.007510905 -0.022171885 0.999725938 -0.727532804
0.998698831 -0.050448898 0.007455295 -1.224085569 0.050293040 0.998538375 0.019792989 -0.349688679 -0.008442933 -0.019392285 0.999776304 -0.662508965
0.998950422 -0.044524908 0.010750188 -1.216160774 0.044359796 0.998900890 0.015138123 -0.364558220 -0.011412396 -0.014645359 0.999827623 -0.594760835
0.999179840 -0.038168550 0.013520328 -1.211237192 0.037991218 0.999191701 0.013138463 -0.371857911 -0.014010876 -0.012614033 0.999822259 -0.532305121
0.999330997 -0.033150148 0.015445634 -1.200469017 0.033022437 0.999418855 0.008451505 -0.384360641 -0.015716827 -0.007935798 0.999844968 -0.463373244
0.999417126 -0.029654315 0.016912971 -1.188690782 0.029568272 0.999548614 0.005315113 -0.396222562 -0.017062951 -0.004811928 0.999842823 -0.395567119
0.999522388 -0.026168345 0.016437611 -1.176097631 0.026133718 0.999655783 0.002317898 -0.409210682 -0.016492607 -0.001887216 0.999862194 -0.327542186
0.999526620 -0.026734097 0.015225241 -1.166213036 0.026707778 0.999641418 0.001929310 -0.419042289 -0.015271360 -0.001521765 0.999882221 -0.264083534
0.999560952 -0.025875924 0.014435168 -1.152116895 0.025902392 0.999663115 -0.001649704 -0.433635533 -0.014387617 0.002022885 0.999894440 -0.196746856
0.999635875 -0.023381839 0.013468516 -1.138109326 0.023491124 0.999691904 -0.008013741 -0.448680252 -0.013276991 0.008327213 0.999877155 -0.131119311
0.999700129 -0.020557288 0.013306706 -1.123419285 0.020800348 0.999614477 -0.018392975 -0.465139031 -0.012923467 0.018664243 0.999742270 -0.065234557
0.999742091 -0.018338256 0.013396906 -1.111976981 0.018737826 0.999364138 -0.030335234 -0.480513722 -0.012832092 0.030578440 0.999449968 -0.000489846
0.999783635 -0.017096967 0.011847421 -1.096590996 0.017582845 0.998954475 -0.042198904 -0.498047233 -0.011113561 0.042398088 0.999038994 0.063701369
0.999835193 -0.013803081 0.011791742 -1.080403686 0.014328779 0.998851240 -0.045726426 -0.515850604 -0.011147031 0.045887850 0.998884380 0.127069414
0.999876916 -0.010944102 0.011239229 -1.064160109 0.011421366 0.998996079 -0.043316666 -0.533500373 -0.010753883 0.043439705 0.998998165 0.189234272
0.999895036 -0.010232450 0.010259881 -1.051941991 0.010608499 0.999248028 -0.037293866 -0.546769083 -0.009870558 0.037398793 0.999251664 0.244774267
0.999910533 -0.008670207 0.010187640 -1.035393476 0.009006165 0.999401212 -0.033407502 -0.564701617 -0.009891889 0.033496261 0.999389887 0.304652274
0.999923944 -0.008267138 0.009149080 -1.018998146 0.008584404 0.999343455 -0.035199407 -0.581606328 -0.008852074 0.035275269 0.999338448 0.364132762
0.999931753 -0.006598146 0.009640033 -1.004252672 0.006980074 0.999169767 -0.040137827 -0.595030665 -0.009367195 0.040202379 0.999147654 0.419264823
0.999925613 -0.007005409 0.009982586 -0.989104748 0.007465745 0.998874128 -0.046848416 -0.609727263 -0.009643154 0.046919458 0.998852134 0.480210781
0.999918222 -0.005310051 0.011635332 -0.972927332 0.005874571 0.998779893 -0.049033266 -0.618348360 -0.011360767 0.049097609 0.998729348 0.536558449
0.999853730 -0.006565653 0.015793391 -0.956516206 0.007388074 0.998588741 -0.052592043 -0.625276744 -0.015425801 0.052701030 0.998491168 0.592214227
0.999680758 -0.009780508 0.023295689 -0.939460337 0.010959885 0.998636007 -0.051048867 -0.629909217 -0.022764631 0.051287889 0.998424411 0.645122051
0.999346316 -0.016239224 0.032298841 -0.924318612 0.017845759 0.998585284 -0.050089847 -0.638807237 -0.031439729 0.050633501 0.998222291 0.701913595
0.998815954 -0.017442783 0.045414530 -0.906838775 0.019675096 0.998596132 -0.049180415 -0.645133257 -0.044492930 0.050015714 0.997756898 0.753098786
0.997912765 -0.017041711 0.062286761 -0.889121473 0.020569181 0.998194218 -0.056437526 -0.652464926 -0.061212491 0.057600919 0.996461332 0.802489221
0.996545494 -0.021414144 0.080240607 -0.871231437 0.026233522 0.997883737 -0.059496950 -0.660210848 -0.078796715 0.061396409 0.994998276 0.850328922
0.994460762 -0.026647661 0.101674601 -0.852004945 0.033370290 0.997327030 -0.065001614 -0.672628641 -0.099670693 0.068034463 0.992691815 0.905216277
0.991375446 -0.032480072 0.126963556 -0.833274364 0.041260544 0.996889353 -0.067150384 -0.682266414 -0.124387562 0.071809828 0.989631772 0.950349212
0.986853540 -0.037582159 0.157186642 -0.814929664 0.048608556 0.996574819 -0.066901967 -0.692063451 -0.154133931 0.073663056 0.985300183 0.993140280
0.980900824 -0.048701257 0.188312963 -0.796524942 0.061762109 0.996029139 -0.064120032 -0.701952875 -0.184442475 0.074525990 0.980013728 1.032599926
0.973033488 -0.053886645 0.224281132 -0.776628852 0.068286151 0.996039331 -0.056944150 -0.713076949 -0.220324308 0.070723861 0.972859383 1.076276302
0.962969482 -0.062541008 0.262256384 -0.758842707 0.078647256 0.995578408 -0.051363628 -0.721543789 -0.257884443 0.070087343 0.963630319 1.111999273
0.950295031 -0.069183931 0.303567052 -0.740758836 0.087445602 0.995061636 -0.046964414 -0.730363727 -0.298818707 0.071175650 0.951651931 1.146970510
0.936213911 -0.079378657 0.342348665 -0.724096596 0.100623302 0.993919134 -0.044717476 -0.739804208 -0.336717278 0.076313369 0.938508272 1.179595351
0.919738173 -0.085994847 0.382996857 -0.704954803 0.111264728 0.992803931 -0.044278160 -0.750402868 -0.376433074 0.083338350 0.922687829 1.220573664
0.900858879 -0.089070767 0.424876004 -0.689574420 0.122189388 0.991180837 -0.051285926 -0.760225534 -0.416560918 0.098116726 0.903797626 1.249111414
0.880723774 -0.092100479 0.464589268 -0.676025450 0.132753551 0.989594877 -0.055483520 -0.769581318 -0.454645127 0.110541523 0.883786380 1.276075721
0.858353615 -0.096609175 0.503880739 -0.663926780 0.145671979 0.987583995 -0.058800392 -0.779001117 -0.491943896 0.123872824 0.861769557 1.300039649
0.833718657 -0.107881591 0.541548491 -0.648719788 0.166280761 0.984256387 -0.059917528 -0.794821978 -0.526558518 0.140003458 0.838531554 1.332430243
0.808184445 -0.129938871 0.574416101 -0.641335905 0.198635489 0.978346169 -0.058161527 -0.806080341 -0.554420292 0.161104634 0.816494584 1.349399328
0.780748308 -0.154432565 0.605460763 -0.636094451 0.228229076 0.972508311 -0.046249934 -0.816986799 -0.581673145 0.174293309 0.794530213 1.363237858
0.750503421 -0.184851065 0.634487748 -0.632684708 0.260577917 0.965073526 -0.027060837 -0.827256680 -0.607325077 0.185642719 0.772459090 1.372430682
0.718717217 -0.213505387 0.661710799 -0.621738970 0.287771165 0.957692623 -0.003556795 -0.841064572 -0.632956088 0.192977577 0.749750853 1.397490501
0.686565340 -0.239858001 0.686364532 -0.618936896 0.311751515 0.949950457 0.020128407 -0.850185812 -0.656840205 0.200155705 0.726979136 1.401277900
0.652658999 -0.266623974 0.709188223 -0.615259290 0.336849034 0.940548360 0.043606468 -0.859595060 -0.678652406 0.210429192 0.703669369 1.403842211
0.617987335 -0.293815076 0.729221761 -0.611536145 0.362333119 0.929602087 0.067488179 -0.868336618 -0.697715104 0.222514346 0.680941224 1.402421951
0.582500398 -0.318042576 0.748025596 -0.599237859 0.385681093 0.918225110 0.090070806 -0.881217837 -0.715502203 0.236033022 0.657529473 1.416661859
0.546585321 -0.344340354 0.763331056 -0.593492508 0.407680959 0.905646980 0.116618298 -0.888167381 -0.731464863 0.247453630 0.635394335 1.408890724
0.509333789 -0.372260243 0.775887489 -0.583992839 0.426009983 0.892443478 0.148526609 -0.893748403 -0.747726321 0.254886240 0.613138199 1.400425196
0.474145710 -0.397822827 0.785444379 -0.573477149 0.434759289 0.881539464 0.184045166 -0.897470355 -0.765617609 0.254214972 0.590935230 1.387360334
0.442673504 -0.424007565 0.790099919 -0.552409410 0.429042429 0.873882353 0.228587553 -0.903721035 -0.787377179 0.237796709 0.568761766 1.393843055
0.419011474 -0.444897562 0.791514635 -0.537326813 0.406585425 0.871383429 0.274552613 -0.901429236 -0.811860561 0.206777677 0.546008587 1.377382636
0.400546670 -0.452866286 0.796539128 -0.516870260 0.371533245 0.874922574 0.310601890 -0.897976160 -0.837571204 0.171530202 0.518702149 1.362101197
0.388778985 -0.449816734 0.804062128 -0.493566990 0.331865937 0.882506490 0.333237559 -0.893008292 -0.859485865 0.137285054 0.492378831 1.346403956
0.378848553 -0.432312936 0.818278313 -0.460965037 0.288173765 0.895335078 0.339604169 -0.882831931 -0.879448533 0.107147716 0.463777661 1.347500443
0.372524023 -0.401319206 0.836760938 -0.431191444 0.242548287 0.912423730 0.329625934 -0.878548384 -0.895765722 0.080161296 0.437239051 1.334824443
0.367769837 -0.360319585 0.857272029 -0.399796367 0.199937314 0.930958688 0.305517673 -0.876431227 -0.908168793 0.059040464 0.414419830 1.325333476
0.361836791 -0.323486924 0.874317110 -0.366470337 0.170592815 0.945005000 0.279040635 -0.876912355 -0.916500032 0.048185036 0.397122085 1.322101593
0.357613325 -0.299208909 0.884639442 -0.324740291 0.164590389 0.952648759 0.255676270 -0.883046389 -0.919251263 0.054169878 0.389926791 1.335370302
0.355350912 -0.285265326 0.890140176 -0.292733967 0.176843315 0.955612600 0.235650182 -0.887958705 -0.917852044 0.073676795 0.390025020 1.338401198
0.355077088 -0.277320504 0.892756224 -0.262750685 0.194521457 0.956000865 0.219599172 -0.894392610 -0.914375067 0.095685616 0.393398762 1.349218011
0.356192768 -0.272816390 0.893699050 -0.233661056 0.209914714 0.955344856 0.207971156 -0.901422560 -0.910528779 0.113522731 0.397555113 1.360355258
0.358077645 -0.277463943 0.891512334 -0.194702864 0.225929528 0.952198505 0.205606177 -0.919742763 -0.905945003 0.127795979 0.403648257 1.368600488
0.360889077 -0.281469673 0.889119864 -0.168368697 0.235963970 0.949906349 0.204936400 -0.927767336 -0.902263999 0.135840878 0.409227490 1.383408904
0.364019990 -0.286717266 0.886161923 -0.139013886 0.242325693 0.947827578 0.207125962 -0.937259376 -0.899315238 0.139341742 0.414507151 1.401594639
0.365967572 -0.289118886 0.884577990 -0.111814141 0.244042262 0.947068334 0.208578318 -0.947501779 -0.898059726 0.139541447 0.417153537 1.419736981
0.369340420 -0.289395243 0.883084476 -0.076154292 0.241792277 0.947471023 0.209368378 -0.961363673 -0.897287190 0.136194766 0.419912875 1.444671869
0.368595302 -0.287646472 0.883966804 -0.049423575 0.237752393 0.948464513 0.209496617 -0.973390579 -0.898672104 0.132945687 0.417988181 1.464740992
0.363939524 -0.287782848 0.885849357 -0.019149065 0.233293355 0.948919952 0.212426886 -0.986970842 -0.901732922 0.129352227 0.412487328 1.487017155
0.354960442 -0.285644740 0.890174270 0.009351134 0.224430352 0.950370669 0.215468466 -1.001062155 -0.907542944 0.123299330 0.401451349 1.509462833
0.340494275 -0.282382488 0.896840990 0.050931096 0.214497238 0.952012658 0.218318105 -1.022849560 -0.915453255 0.118033856 0.384725094 1.543293476
0.320754468 -0.276491225 0.905908048 0.078680396 0.202341884 0.954367220 0.219638288 -1.038475990 -0.925296962 0.112853110 0.362063289 1.568184614
0.297619820 -0.261218160 0.918252587 0.107248425 0.193256319 0.958410203 0.210004598 -1.056664824 -0.934919596 0.114956535 0.335723937 1.595936179
0.270807505 -0.238745779 0.932557702 0.133086562 0.194991201 0.962278903 0.189730853 -1.076687813 -0.942677975 0.130459994 0.307145655 1.624730945
0.240941226 -0.213696241 0.946721375 0.160071135 0.206757337 0.964368522 0.165059730 -1.102158785 -0.948260963 0.155971870 0.276539385 1.658218145
0.213674784 -0.182372630 0.959730923 0.180538535 0.222889483 0.965608776 0.133865401 -1.126563072 -0.951137960 0.185310259 0.246975183 1.690204978
0.191135406 -0.152414829 0.969658196 0.196692228 0.243825376 0.964279711 0.103507474 -1.152437568 -0.950797856 0.216643319 0.221470594 1.723304987
0.172543526 -0.123747498 0.977197766 0.207839131 0.273678780 0.959037423 0.073124371 -1.180210352 -0.946218133 0.254821122 0.199342728 1.757590055
0.158542573 -0.091481194 0.983105063 0.227609515 0.303872526 0.951890528 0.039571911 -1.214487314 -0.939428449 0.292464763 0.178713799 1.803329229
0.150819659 -0.059705496 0.986756623 0.226792097 0.336708039 0.941592991 0.005509034 -1.242379069 -0.929452002 0.331418037 0.162114084 1.836621642
0.145497262 -0.044322491 0.988365471 0.220863819 0.367417991 0.929973483 -0.012383699 -1.268356919 -0.918604791 0.364944994 0.151593506 1.869179726
0.145953178 -0.068248153 0.986934662 0.207046866 0.400662780 0.916216373 0.004105687 -1.288883209 -0.904525876 0.394828707 0.161069155 1.901225805
0.142935872 -0.120218202 0.982403696 0.195603967 0.418923914 0.906643927 0.049995542 -1.305399537 -0.896700680 0.404406220 0.179954231 1.941350222
0.138794422 -0.182165235 0.973422766 0.170307755 0.436625808 0.893500328 0.104952797 -1.316806912 -0.888872266 0.410454631 0.203550935 1.969720602
0.132441819 -0.249717593 0.959218621 0.141502857 0.444926322 0.879745543 0.167595863 -1.324131727 -0.885719895 0.404584885 0.227621019 1.997614980
0.125168562 -0.321750015 0.938514709 0.109792233 0.450885147 0.861072779 0.235066652 -1.327915668 -0.883762121 0.393739343 0.252851546 2.021907568
0.116298914 -0.394537628 0.911490440 0.085219622 0.451847911 0.838267267 0.305190861 -1.329556823 -0.884481907 0.376361609 0.275760591 2.055205345
0.107473254 -0.462123603 0.880279124 0.055232286 0.448550671 0.812712014 0.371889085 -1.330216646 -0.887272179 0.354881614 0.294630587 2.072767735
0.097794354 -0.515770137 0.851127267 0.032827377 0.443584055 0.788165212 0.426648349 -1.332403779 -0.890881419 0.335822552 0.305865467 2.087846756
0.090735972 -0.559196115 0.824055135 0.014763117 0.431854129 0.767713010 0.473411828 -1.335259914 -0.897367895 0.312916070 0.311150312 2.098335743
0.086455107 -0.592354774 0.801025271 0.005957603 0.412698001 0.753098309 0.512370348 -1.340933561 -0.906755805 0.286284447 0.309572756 2.109436035
0.086267352 -0.604392588 0.792002380 0.005025148 0.382434249 0.754152238 0.533852518 -1.346377373 -0.919946849 0.256834686 0.296199083 2.113524437
0.090466321 -0.591614664 0.801129282 0.015532732 0.345000684 0.773234069 0.532056093 -1.356483936 -0.934232652 0.228256941 0.274059057 2.117008686
0.093733370 -0.545591474 0.832793057 0.036210537 0.311923504 0.810455084 0.495849192 -1.370930076 -0.945472419 0.213289991 0.246149421 2.118290901
0.092986226 -0.471936285 0.876715362 0.064395666 0.287729144 0.855698943 0.430106044 -1.392485023 -0.953187048 0.212262571 0.215358019 2.120989799
0.091463685 -0.382702351 0.919333100 0.096869707 0.274632692 0.897093534 0.346121460 -1.414839864 -0.957189322 0.220821351 0.187154055 2.123260021
0.088566720 -0.282718539 0.955105424 0.130315781 0.273929238 0.928813875 0.249534652 -1.439244390 -0.957663298 0.239530787 0.159706831 2.127449512
0.087730706 -0.189582139 0.977937698 0.161286592 0.279519618 0.946966648 0.158502415 -1.464658380 -0.956123590 0.259447217 0.136069953 2.132580519
0.090928853 -0.111509539 0.989594758 0.183723092 0.289348781 0.953799903 0.080889285 -1.494139671 -0.952895343 0.278982818 0.118993044 2.127223969
0.094556391 -0.047204152 0.994399905 0.203567505 0.301963151 0.953176200 0.016533881 -1.519337177 -0.948618770 0.298708677 0.104382813 2.133505344
0.103440225 0.012357175 0.994558990 0.215401888 0.324653566 0.944737792 -0.045504168 -1.546277642 -0.940159738 0.327594042 0.093712091 2.138983011
0.115045428 0.059255362 0.991591454 0.218069553 0.346071333 0.933291674 -0.095923081 -1.571708679 -0.931128025 0.354196846 0.086864352 2.144161701
0.127584696 0.088400438 0.987880349 0.202009439 0.370181501 0.919801652 -0.130117357 -1.594391584 -0.920156479 0.382296026 0.084628403 2.149534702
0.142265558 0.085555702 0.986124098 0.184338570 0.393870652 0.909094453 -0.135695353 -1.613286495 -0.908089459 0.407710135 0.095634937 2.152338982
0.156136036 0.052360997 0.986346841 0.156199455 0.413687348 0.903324068 -0.113439336 -1.628950357 -0.896930695 0.425751150 0.119380355 2.152247906
0.165708005 -0.016519174 0.986036599 0.119217396 0.433679223 0.899210513 -0.057817250 -1.639255524 -0.885699332 0.437204331 0.156170368 2.150524139
0.170345247 -0.097807124 0.980518460 0.082147837 0.450006664 0.892958760 0.010893449 -1.645633459 -0.876628041 0.439384103 0.196125150 2.146852970
0.172428727 -0.189812928 0.966560662 0.031530142 0.470117778 0.878147006 0.088583991 -1.649852991 -0.865596712 0.439122856 0.240652204 2.138272047
0.169252515 -0.288661420 0.942352533 -0.024060726 0.486642897 0.855937123 0.174786508 -1.650325060 -0.857048631 0.429006040 0.285344601 2.126674414
0.161061585 -0.389033049 0.907034993 -0.079912901 0.498986810 0.825017810 0.265250564 -1.647304177 -0.851511240 0.409876764 0.327000976 2.111327887
0.147017360 -0.469473541 0.870620787 -0.133901358 0.507520676 0.791293502 0.340994626 -1.639184475 -0.849004567 0.391725928 0.354601383 2.103074312
0.133781075 -0.528625906 0.838246644 -0.183253527 0.507527053 0.763053417 0.400207162 -1.632722259 -0.851186931 0.371892631 0.370374024 2.079187870
0.121489286 -0.569488883 0.812971592 -0.225858212 0.500131965 0.742592216 0.445448995 -1.623957753 -0.857384682 0.352475762 0.375036597 2.052204847
0.113517165 -0.594858825 0.795774519 -0.260882139 0.480093777 0.734075963 0.480252504 -1.612930775 -0.869841397 0.327529430 0.368918180 2.021630526
0.108084083 -0.611746311 0.783635378 -0.288930416 0.455229759 0.731210589 0.508032560 -1.596698046 -0.883789539 0.301823825 0.357517302 1.989278674
0.107945800 -0.616243839 0.780122519 -0.306846619 0.419842362 0.739557087 0.526106179 -1.581550479 -0.901154876 0.270737529 0.338557363 1.954342127
0.110816419 -0.607879937 0.786258101 -0.315161943 0.377462238 0.757592916 0.532517850 -1.564467669 -0.919370413 0.237770960 0.313405454 1.919454336
0.114403009 -0.586198211 0.802049637 -0.314762831 0.336209059 0.782555699 0.523994327 -1.547389507 -0.934813023 0.209709838 0.286611915 1.884657621
0.115482926 -0.545550108 0.830083609 -0.309406281 0.301391155 0.815522909 0.494050354 -1.527576804 -0.946481466 0.193125457 0.258602977 1.849350333
0.114179075 -0.495947927 0.860812962 -0.294374704 0.273522347 0.848684907 0.452680230 -1.511084080 -0.955064833 0.183764920 0.232554913 1.818457365
0.111273408 -0.436194777 0.892946064 -0.276870608 0.256042063 0.880775332 0.398343205 -1.494446039 -0.960240066 0.184306636 0.209691048 1.790563226
0.106997848 -0.368772864 0.923340797 -0.255480289 0.244741142 0.909866154 0.335030347 -1.477805138 -0.963666677 0.190131873 0.187607586 1.765793085
0.102592349 -0.289904088 0.951541126 -0.234530568 0.242670447 0.934980333 0.258694530 -1.460324407 -0.964668810 0.204370797 0.166272938 1.739482164
0.098837256 -0.213277549 0.971979380 -0.214214683 0.245783925 0.951731324 0.183841646 -1.441749096 -0.964272499 0.220726490 0.146486700 1.720365644
0.096443772 -0.141559243 0.985220730 -0.197347879 0.255783290 0.960117400 0.112913541 -1.421579003 -0.961911500 0.241113126 0.128805816 1.702822685
0.096721470 -0.086778902 0.991521418 -0.186162114 0.268991262 0.961400509 0.057902947 -1.399126291 -0.958273947 0.261110067 0.116330802 1.687952518
0.101413369 -0.049095906 0.993632317 -0.186164379 0.287532985 0.957602143 0.017969042 -1.369251490 -0.952386618 0.283879697 0.111230373 1.668195724
0.106130302 -0.038145170 0.993620396 -0.189399958 0.310474336 0.950575948 0.003330350 -1.346072555 -0.944638729 0.308140159 0.112728000 1.655033350
0.111440361 -0.053616509 0.992323756 -0.200362802 0.332226276 0.943100989 0.013647139 -1.322234392 -0.936593175 0.328155160 0.122912288 1.641847730
0.117835999 -0.095252961 0.988454282 -0.218878388 0.356531084 0.933079600 0.047413781 -1.297231793 -0.926822841 0.346827567 0.143911004 1.627408624
0.121687174 -0.148427069 0.981408000 -0.246100068 0.380213976 0.920307279 0.092042595 -1.273505926 -0.916858554 0.361944646 0.168423653 1.612362981
0.124332607 -0.207935631 0.970208406 -0.275916457 0.401558876 0.904689550 0.142433628 -1.250029206 -0.907354474 0.371886611 0.195980787 1.594931841
0.122967899 -0.271967947 0.954417348 -0.309067726 0.403072774 0.892507136 0.202393949 -1.225195885 -0.906868935 0.359811664 0.219372630 1.575041533
0.120234251 -0.340607643 0.932486057 -0.345940113 0.396295786 0.877681196 0.269490987 -1.199916244 -0.910216212 0.337138206 0.240508735 1.550934196
0.118592739 -0.398283809 0.909563661 -0.373867273 0.376072258 0.865801454 0.330087155 -1.171610832 -0.918969870 0.302915603 0.252461195 1.532737494
0.118297577 -0.443524152 0.888421237 -0.406188488 0.354015201 0.854749024 0.379575253 -1.148612142 -0.927727997 0.269611716 0.258128941 1.506048441
0.117757082 -0.478847742 0.869964421 -0.435149074 0.333765686 0.844179690 0.419477195 -1.127606750 -0.935272038 0.240967840 0.259231091 1.479087353
0.117660403 -0.502547741 0.856505692 -0.458703756 0.318118513 0.836118639 0.446885109 -1.109286785 -0.940721452 0.219889536 0.258247793 1.451849580
0.117545009 -0.522053361 0.844774365 -0.472901106 0.306723803 0.828164399 0.469110072 -1.091952085 -0.944512486 0.203970775 0.257472754 1.428594232
0.116290450 -0.538536429 0.834538817 -0.484794378 0.298363864 0.820372939 0.487818927 -1.076951385 -0.947341323 0.192267567 0.256081343 1.403297424
0.116461217 -0.548576474 0.827949822 -0.489632130 0.286699742 0.816703856 0.500797451 -1.063492537 -0.950915515 0.179049447 0.252391040 1.380596519
0.117627025 -0.554629385 0.823741615 -0.487767816 0.274489462 0.815341771 0.509777725 -1.051686049 -0.954368651 0.166144729 0.248146117 1.359033108
0.119181693 -0.551442444 0.825655580 -0.471387506 0.259912014 0.819911838 0.510088563 -1.038595796 -0.958249331 0.153804511 0.241044939 1.340715170
0.121617079 -0.530344725 0.839013577 -0.454159856 0.239656702 0.835968614 0.493681192 -1.032193065 -0.963210225 0.141035199 0.228768706 1.323172331
0.123731792 -0.491001487 0.862327278 -0.428944945 0.220926061 0.860824525 0.458446115 -1.029418230 -0.967410147 0.133786112 0.214986324 1.308761597
0.123110175 -0.445867777 0.886592388 -0.399012327 0.207839966 0.885159671 0.416287124 -1.029607654 -0.970384836 0.133020088 0.201641262 1.297311902
0.121274769 -0.397175074 0.909694672 -0.364256024 0.207175419 0.906403303 0.368118763 -1.032070160 -0.970757842 0.143822864 0.192208707 1.287731051
0.117789388 -0.360658467 0.925230443 -0.329506636 0.215253472 0.918837249 0.330762863 -1.036085248 -0.969428599 0.160198659 0.185862243 1.283472657
0.115197957 -0.341933668 0.932636559 -0.294074893 0.229155004 0.922710419 0.309989512 -1.039344549 -0.966549337 0.178008109 0.184650123 1.282900095
0.113124728 -0.337829649 0.934384346 -0.255827427 0.237575710 0.922338724 0.304711521 -1.052249908 -0.964759469 0.187516600 0.184599400 1.286739469
0.110817671 -0.333680719 0.936149895 -0.216794014 0.248301193 0.921375394 0.299021602 -1.044784307 -0.962323248 0.199310258 0.184957981 1.287611723
0.109258473 -0.335538208 0.935669184 -0.181323171 0.254463911 0.919379413 0.299982727 -1.050061703 -0.960890651 0.205318347 0.185832381 1.293358088
0.107919931 -0.338039577 0.934923828 -0.145530343 0.256161690 0.918117225 0.302393645 -1.056453228 -0.960590661 0.206857353 0.185675919 1.299995780
0.107207298 -0.335549563 0.935902297 -0.109474778 0.255173236 0.919082701 0.300289214 -1.063895464 -0.960933506 0.206623986 0.184155643 1.308601499
0.106889486 -0.336563945 0.935574412 -0.072712898 0.253505588 0.919091582 0.301671386 -1.070634246 -0.961410284 0.204927817 0.183562040 1.317363262
0.105625570 -0.335151702 0.936224759 -0.036597610 0.251952142 0.919790030 0.300842941 -1.079728723 -0.961958230 0.204107091 0.181595504 1.329327464
0.105150878 -0.335412979 0.936184645 -0.000641823 0.250962913 0.919883072 0.301384717 -1.089458704 -0.962268710 0.203256696 0.180902719 1.342827916
0.104666114 -0.334714472 0.936488926 0.035706401 0.248949945 0.920498371 0.301175475 -1.098796368 -0.962844312 0.201615870 0.179672122 1.358622551
0.104109883 -0.329764009 0.938305378 0.079107523 0.249390721 0.921946228 0.296343446 -1.101070285 -0.962790489 0.203152359 0.178223789 1.373348832
0.103737235 -0.323389649 0.940562487 0.115908861 0.247788295 0.924250364 0.290451854 -1.108289123 -0.963244319 0.202929676 0.176011324 1.393651247
0.102905750 -0.314802736 0.943562329 0.151969314 0.247470036 0.926874280 0.282245755 -1.115252376 -0.963415444 0.204458624 0.173284888 1.416038156
0.102437258 -0.312602341 0.944344461 0.187112570 0.247833610 0.927422702 0.280117184 -1.123156071 -0.963371813 0.205345839 0.172475994 1.440320849
0.102633476 -0.313023806 0.944183588 0.225363970 0.249072015 0.927045405 0.280267715 -1.130395174 -0.963031530 0.206404805 0.173111379 1.464554310
0.101704478 -0.316100627 0.943258584 0.259754896 0.249301061 0.926017940 0.283442765 -1.143740058 -0.963070810 0.206327930 0.172984421 1.491220832
0.101115704 -0.317844242 0.942735851 0.295016289 0.249598518 0.925390363 0.285224855 -1.160920739 -0.963055789 0.206464708 0.172904909 1.518491626
0.101020098 -0.321631789 0.941460669 0.328647852 0.252493382 0.923606932 0.288439512 -1.181869984 -0.962310970 0.208574340 0.174512684 1.546665668
0.100495934 -0.330841422 0.938320100 0.365006685 0.266656816 0.917547822 0.294957876 -1.202758670 -0.958537877 0.220567346 0.180430949 1.573595524
0.100043297 -0.342891127 0.934032798 0.398621082 0.286971003 0.908793807 0.302888542 -1.230535865 -0.952700973 0.237738281 0.189318538 1.603628635
0.098999321 -0.363721132 0.926232219 0.432732582 0.313638031 0.894766748 0.317842156 -1.259414315 -0.944367766 0.259035498 0.202658057 1.634592295
0.097232342 -0.384451926 0.918010235 0.468184352 0.336837232 0.880660355 0.333133638 -1.287744641 -0.936529040 0.276828587 0.215126336 1.665877581
0.095232189 -0.401224196 0.911015868 0.504702568 0.358381450 0.867627501 0.344652295 -1.315273762 -0.928705335 0.293669224 0.226417363 1.692470908
