0.991709113 0.128355175 -0.006160344 -0.517946899 -0.127683103 0.989655852 0.065408684 -1.308486104 0.014492163 -0.064079814 0.997839570 -0.311279923
0.992009997 0.126023486 -0.005849374 -0.517764807 -0.125420913 0.990152955 0.062182847 -1.307935834 0.013628273 -0.060952377 0.998047650 -0.309184551
0.992193758 0.124590471 -0.005360777 -0.517968953 -0.124093533 0.990664482 0.056433141 -1.308331966 0.012341762 -0.055327371 0.998391986 -0.306037039
0.992544711 0.121731408 -0.006041840 -0.518884242 -0.121330775 0.991553187 0.045838449 -1.310855150 0.011570783 -0.044763651 0.998930573 -0.302184910
0.992932975 0.118480325 -0.006818260 -0.520498514 -0.118164212 0.992346764 0.035848346 -1.316093802 0.011013402 -0.034789328 0.999333978 -0.298030585
0.992748022 0.120058276 -0.006111939 -0.522817850 -0.119814016 0.992310047 0.031070393 -1.324029803 0.009795195 -0.030112777 0.999498487 -0.293619782
0.993309557 0.115240924 -0.007460659 -0.526275992 -0.115008511 0.993014157 0.026381189 -1.335691571 0.010448733 -0.025346646 0.999624133 -0.289378494
0.993744910 0.111302160 -0.009106582 -0.531011283 -0.111086749 0.993578672 0.021475529 -1.356594563 0.011438379 -0.020329578 0.999727905 -0.285814613
0.993990958 0.108926266 -0.010817548 -0.535413384 -0.108751506 0.993946433 0.015609389 -1.373985410 0.012452336 -0.014339168 0.999819636 -0.282191157
0.994272411 0.106070325 -0.013094589 -0.540036678 -0.105962142 0.994332135 0.008697685 -1.394001842 0.013942936 -0.007260337 0.999876440 -0.279101729
0.994316876 0.105588712 -0.013600881 -0.544323921 -0.105499394 0.994393826 0.007127673 -1.414327145 0.014277234 -0.005652281 0.999882102 -0.276734889
0.994263411 0.106101945 -0.013516728 -0.548376024 -0.106044158 0.994349241 0.004924975 -1.433842301 0.013962897 -0.003463353 0.999896526 -0.274671137
0.994053066 0.108140409 -0.012810329 -0.551714957 -0.108093277 0.994131386 0.004318120 -1.450050116 0.013202114 -0.002907730 0.999908626 -0.272112519
0.994015276 0.108503826 -0.012672733 -0.554176748 -0.108417802 0.994078696 0.007290779 -1.467018604 0.013388771 -0.005873196 0.999893129 -0.268839717
0.993953168 0.109096795 -0.012449246 -0.556315482 -0.109017342 0.994015932 0.006893614 -1.473309875 0.013126820 -0.005494746 0.999898732 -0.264170915
0.993739963 0.111049138 -0.012206702 -0.557828367 -0.110959627 0.993794441 0.007782946 -1.474591017 0.012995241 -0.006379774 0.999895215 -0.258608699
0.993561745 0.112699360 -0.011571259 -0.558695197 -0.112592980 0.993596077 0.009468398 -1.472686410 0.012564241 -0.008104595 0.999888241 -0.252731472
0.993474424 0.113427073 -0.011952955 -0.558975637 -0.113295913 0.993498921 0.011134116 -1.468675613 0.013138158 -0.009707239 0.999866545 -0.245702878
0.993471622 0.113471657 -0.011760960 -0.560230553 -0.113309130 0.993465722 0.013672376 -1.466065884 0.013235538 -0.012250494 0.999837339 -0.240422428
0.993625045 0.112109028 -0.011867948 -0.560946107 -0.111907221 0.993581891 0.016487928 -1.464771152 0.013640223 -0.015054709 0.999793649 -0.236132026
0.993842661 0.110045277 -0.012917435 -0.562172949 -0.109817721 0.993803382 0.017172938 -1.464217305 0.014727192 -0.015648635 0.999769092 -0.232908547
0.993896902 0.109506138 -0.013316916 -0.562744617 -0.109231301 0.993817925 0.019862195 -1.463796735 0.015409622 -0.018286349 0.999714017 -0.229202271
0.993967354 0.108797587 -0.013855577 -0.563688159 -0.108496211 0.993876934 0.020909576 -1.463446498 0.016045650 -0.019280160 0.999685347 -0.225530624
0.993813336 0.110222891 -0.013637372 -0.564320445 -0.109931186 0.993726611 0.020557055 -1.466232777 0.015817678 -0.018930702 0.999695659 -0.223886952
0.993794918 0.110449977 -0.013133008 -0.565335333 -0.110142522 0.993667901 0.022197925 -1.469175220 0.015501609 -0.020613682 0.999667346 -0.222160488
0.993756115 0.110752575 -0.013513087 -0.565729380 -0.110422499 0.993615746 0.023122704 -1.473084331 0.015987715 -0.021486180 0.999641299 -0.221549988
0.993789971 0.110468291 -0.013350084 -0.566805065 -0.110146381 0.993653119 0.022831082 -1.477743268 0.015787464 -0.021218836 0.999650180 -0.220875800
0.993840933 0.110040247 -0.013089130 -0.567915499 -0.109705374 0.993673801 0.024022052 -1.484592319 0.015649717 -0.022438152 0.999625742 -0.218461677
0.993955970 0.108990617 -0.013137747 -0.568372130 -0.108645208 0.993775308 0.024633845 -1.490360856 0.015740827 -0.023057604 0.999610186 -0.219111830
0.993949533 0.109028578 -0.013306807 -0.568571389 -0.108663872 0.993748903 0.025597660 -1.496161699 0.016014501 -0.023996813 0.999583781 -0.220377162
0.993938506 0.109179646 -0.012885373 -0.568254530 -0.108801246 0.993693650 0.027114458 -1.501398325 0.015764460 -0.025548160 0.999549270 -0.219601080
0.993856549 0.110011570 -0.012109058 -0.567957938 -0.109571673 0.993450224 0.032413904 -1.509312868 0.015595650 -0.030887960 0.999401152 -0.223435342
0.993861496 0.110128172 -0.010539741 -0.568154812 -0.109564923 0.993000269 0.044113290 -1.514160872 0.015324081 -0.042687718 0.998970926 -0.222701162
0.993800998 0.110826202 -0.008781373 -0.567908525 -0.110118382 0.992149889 0.059266936 -1.521230102 0.015280767 -0.057932552 0.998203516 -0.224498510
0.993037522 0.117674440 -0.005403087 -0.566360831 -0.117003679 0.990618825 0.070601165 -1.524057984 0.013660353 -0.069477424 0.997489989 -0.227542669
0.992374897 0.123228282 -0.002627930 -0.566688657 -0.122629106 0.989248872 0.079679139 -1.535804152 0.012418399 -0.078749321 0.996817112 -0.226088479
0.991143882 0.132789314 0.000883155 -0.566291392 -0.132417142 0.987822711 0.081682637 -1.544107437 0.009974180 -0.081076190 0.996658027 -0.225686088
0.989843130 0.142104536 0.004104669 -0.566746950 -0.141985714 0.986746252 0.078561559 -1.550168872 0.007113688 -0.078346431 0.996900797 -0.223429948
0.988989055 0.147886634 0.005494168 -0.567030251 -0.147877634 0.986127853 0.075392589 -1.562513113 0.005731604 -0.075374916 0.997138798 -0.220564008
0.988249421 0.152673140 0.007349378 -0.569111228 -0.152813420 0.985819519 0.069339134 -1.572297215 0.003341061 -0.069647439 0.997566104 -0.216976836
0.987706423 0.155953079 0.010709682 -0.572015584 -0.156318486 0.985710859 0.062758580 -1.581517816 -0.000769257 -0.063661173 0.997971296 -0.212659270
0.988521039 0.150451168 0.013805112 -0.575323224 -0.151011422 0.986734390 0.059588946 -1.592628360 -0.004656752 -0.060989656 0.998127520 -0.207166120
0.990190625 0.138405934 0.019139551 -0.580011129 -0.139264390 0.988726795 0.054998159 -1.603686094 -0.011311715 -0.057124123 0.998302996 -0.201057613
0.991670668 0.125937134 0.027001269 -0.583732426 -0.127181679 0.990577340 0.050807416 -1.614979863 -0.020348303 -0.053818293 0.998343408 -0.193174258
0.992893517 0.112479560 0.038869247 -0.589259446 -0.114202969 0.992419779 0.045394503 -1.625245929 -0.033468656 -0.049510889 0.998212636 -0.186829105
0.993270755 0.101664789 0.055474848 -0.593436241 -0.104000546 0.993732810 0.040974729 -1.636455774 -0.050961494 -0.046468414 0.997618973 -0.179098338
0.993179500 0.089798287 0.074369155 -0.597572505 -0.092721283 0.995010912 0.036824513 -1.646966219 -0.070691340 -0.043468956 0.996550620 -0.170811862
0.992292762 0.078797355 0.095635310 -0.601679862 -0.082437590 0.995991111 0.034723125 -1.656764984 -0.092515826 -0.042339452 0.994810641 -0.161471218
0.990710318 0.067293040 0.118172571 -0.604952037 -0.071894519 0.996793985 0.035112571 -1.669948816 -0.115430877 -0.043282341 0.992372096 -0.153023854
0.988313973 0.057442781 0.141194135 -0.608467042 -0.062573537 0.997521818 0.032167617 -1.679129362 -0.138996422 -0.040626723 0.989459157 -0.143775016
0.985454261 0.048974004 0.162731245 -0.612007558 -0.054624494 0.998043180 0.030429116 -1.687683940 -0.160922572 -0.038875613 0.986201108 -0.134939790
0.982568860 0.041951153 0.181103602 -0.616181314 -0.047905121 0.998441577 0.028626185 -1.695958138 -0.179620460 -0.036802988 0.983047307 -0.125958025
0.979790151 0.034912888 0.196957707 -0.620324731 -0.041112985 0.998776615 0.027477607 -1.703597665 -0.195757419 -0.035019808 0.980026841 -0.117187008
0.976914823 0.030654607 0.211418360 -0.623977780 -0.037335735 0.998919308 0.027681381 -1.710871935 -0.210341334 -0.034935810 0.977003574 -0.108583517
0.974385917 0.026361560 0.223331988 -0.627496779 -0.033211231 0.999084413 0.026969407 -1.717513442 -0.222416550 -0.033695739 0.974369287 -0.099853791
0.972048581 0.023940066 0.233556107 -0.632312655 -0.031010220 0.999163806 0.026646242 -1.726499915 -0.232722893 -0.033144068 0.971978128 -0.089408576
0.969830751 0.021002235 0.242872879 -0.636523008 -0.028255226 0.999251604 0.026418235 -1.733835340 -0.242136255 -0.032483645 0.969698310 -0.080800518
0.967447400 0.016290659 0.252547264 -0.640513539 -0.023890996 0.999348342 0.027057268 -1.740534902 -0.251941919 -0.032210089 0.967206180 -0.071656398
0.964485109 0.011474629 0.263887912 -0.644123971 -0.019842144 0.999380589 0.029065110 -1.747287035 -0.263390929 -0.033268966 0.964115322 -0.062964022
0.960997462 0.006080884 0.276490271 -0.647645295 -0.015311435 0.999394715 0.031238155 -1.752781153 -0.276132941 -0.034253251 0.960508883 -0.054069426
0.956863582 0.000768514 0.290536642 -0.650446832 -0.010996453 0.999375761 0.033572599 -1.757161260 -0.290329456 -0.035319269 0.956274748 -0.044368271
0.951649725 -0.004236487 0.307156146 -0.653281808 -0.006550281 0.999397695 0.034078792 -1.761631489 -0.307115495 -0.034443028 0.951048732 -0.034548745
0.945395350 -0.010338907 0.325761825 -0.655411124 -0.001074700 0.999392450 0.034837238 -1.766040444 -0.325924069 -0.033285059 0.944809854 -0.024515953
0.936437428 -0.017192764 0.350413173 -0.663655102 0.002770291 0.999129772 0.041618295 -1.779708147 -0.350823730 -0.038002178 0.935670078 -0.007148700
0.929015219 -0.024079848 0.369257212 -0.658311069 0.011198462 0.999252915 0.036988623 -1.772733688 -0.369872034 -0.030227883 0.928590834 -0.002230555
0.917359650 -0.034010526 0.396603733 -0.665504277 0.018247116 0.998888850 0.043452851 -1.786044121 -0.397640914 -0.032625020 0.916960955 0.015060389
0.905705571 -0.042918503 0.421729118 -0.665793061 0.026248701 0.998630464 0.045256857 -1.788217545 -0.423093885 -0.029919548 0.905591726 0.027111195
0.892860711 -0.053264163 0.447171897 -0.666888416 0.035560973 0.998219073 0.047897253 -1.789253473 -0.448926717 -0.026863705 0.893164694 0.040289629
0.878924906 -0.063864239 0.472665191 -0.667109907 0.044980198 0.997677028 0.051160246 -1.791255474 -0.474834502 -0.023705445 0.879755795 0.052254844
0.863860965 -0.073789671 0.498296499 -0.667282939 0.054723781 0.997105360 0.052784529 -1.792675972 -0.500749052 -0.018329833 0.865398407 0.064907901
0.847880304 -0.083125852 0.523630738 -0.667345345 0.063157402 0.996435881 0.055916645 -1.793575644 -0.526412606 -0.014339469 0.850108385 0.077930272
0.831548929 -0.093240194 0.547569752 -0.667463660 0.072899766 0.995602965 0.058824450 -1.793883324 -0.550646901 -0.008997707 0.834689796 0.090678141
0.814562917 -0.104015410 0.570673406 -0.667547584 0.082531527 0.994565010 0.063474074 -1.797043800 -0.574174106 -0.004605088 0.818720281 0.105052300
0.797398746 -0.113538504 0.592675507 -0.667839468 0.091936767 0.993532658 0.066636726 -1.796699762 -0.596408308 0.001352627 0.802680075 0.119708836
0.779832840 -0.119600169 0.614456296 -0.667440176 0.097689740 0.992803931 0.069260985 -1.795929074 -0.618318200 0.006014083 0.785904825 0.134260044
0.762420833 -0.128440782 0.634206176 -0.666959524 0.106372654 0.991646469 0.072952814 -1.795244098 -0.638278484 0.011841439 0.769714534 0.149576932
0.744489431 -0.134275690 0.653992057 -0.666900516 0.112507544 0.990789771 0.075350016 -1.794652462 -0.658086300 0.017481728 0.752739549 0.164917082
0.725930929 -0.141972080 0.672954917 -0.666466653 0.119608834 0.989612699 0.079752192 -1.793408632 -0.677287340 0.022596750 0.735371590 0.181052208
0.707085252 -0.149473950 0.691149831 -0.666153491 0.126606807 0.988370597 0.084227562 -1.793141961 -0.695701957 0.027948197 0.717786670 0.197926238
0.687610507 -0.156214148 0.709076107 -0.665109992 0.133059055 0.987153828 0.088445514 -1.792390943 -0.713783681 0.033532944 0.699563026 0.214906052
0.667656898 -0.161676690 0.726701438 -0.663777351 0.135793701 0.986205518 0.094650745 -1.793160915 -0.731979787 0.035487246 0.680401564 0.230447829
0.647522092 -0.169660941 0.742920220 -0.662871838 0.143737748 0.984593809 0.099571586 -1.792487025 -0.748368084 0.042310864 0.661932945 0.248238176
0.627092361 -0.174727663 0.759095192 -0.661398947 0.149530277 0.983395576 0.102829158 -1.791863203 -0.764457941 0.049024303 0.642807007 0.265969157
0.606415629 -0.180373698 0.774419427 -0.659950495 0.155747771 0.982010126 0.106765017 -1.791149020 -0.779745340 0.055870131 0.623599052 0.284526795
0.586047351 -0.183037311 0.789332509 -0.658331752 0.161376178 0.981002212 0.107668094 -1.790651441 -0.794044256 0.064280860 0.604451597 0.303743422
0.565879166 -0.186604097 0.803093791 -0.657103837 0.168951556 0.979625881 0.108575135 -1.790358782 -0.806992054 0.074243531 0.585876942 0.323047966
0.545203209 -0.190720052 0.816320598 -0.656340718 0.177577257 0.977953017 0.109882742 -1.790608764 -0.819280088 0.085051551 0.567050636 0.342444748
0.525305510 -0.195742801 0.828093588 -0.655121803 0.187761351 0.975858212 0.111563668 -1.789621234 -0.829939663 0.096878946 0.549376607 0.362404287
0.504547715 -0.202965602 0.839188099 -0.652681947 0.196240231 0.973494887 0.117462829 -1.790581346 -0.840786219 0.105416849 0.531004667 0.386152387
0.483512819 -0.205818430 0.850796282 -0.651004195 0.202430442 0.971907437 0.120074295 -1.789312482 -0.851608694 0.114169575 0.511593580 0.405655503
0.462032497 -0.207048029 0.862355649 -0.649513304 0.207719445 0.970583200 0.121741198 -1.787954450 -0.862194121 0.122879602 0.491448879 0.426233739
0.440334618 -0.210587189 0.872787774 -0.647990406 0.214361712 0.968649447 0.125568062 -1.786452174 -0.871868432 0.131800294 0.471671700 0.446082830
0.418352365 -0.213238329 0.882899106 -0.646744549 0.221602976 0.966638744 0.128458962 -1.785212636 -0.880836785 0.141911939 0.451649845 0.466181815
0.396187127 -0.216017410 0.892396867 -0.645329773 0.230087981 0.964276135 0.131267309 -1.783791542 -0.888873041 0.153323382 0.431736767 0.486050844
0.374305725 -0.219690859 0.900905788 -0.643815339 0.239191085 0.961528361 0.135095567 -1.782497406 -0.895925701 0.164921552 0.412453711 0.506156325
0.352450252 -0.223390386 0.908776999 -0.641636372 0.248647884 0.958540738 0.139190108 -1.784445405 -0.902193546 0.176907867 0.393383443 0.527136028
0.330544233 -0.225611836 0.916427851 -0.640804291 0.257943273 0.955634236 0.142226949 -1.783731461 -0.907857895 0.189374074 0.374074459 0.546352446
0.308870733 -0.227140993 0.923583210 -0.640126109 0.264847547 0.953196228 0.145851806 -1.782437921 -0.913484991 0.199559346 0.354572177 0.564291120
0.287504375 -0.229654029 0.929838836 -0.639395893 0.272825986 0.950244665 0.150336638 -1.781100512 -0.918099821 0.210461780 0.335855067 0.581643701
0.266210079 -0.229358733 0.936230063 -0.638715565 0.277555466 0.948381186 0.153414696 -1.780012846 -0.923089981 0.219015241 0.316128373 0.598640501
0.245415986 -0.233884960 0.940781116 -0.638642788 0.281986684 0.945718944 0.161552355 -1.778397560 -0.927499175 0.225640163 0.298046947 0.614940047
0.225290537 -0.239426538 0.944414794 -0.638932705 0.285759538 0.942942083 0.170885131 -1.777029157 -0.931442916 0.231376693 0.280854285 0.630020201
0.205019593 -0.244424999 0.947746575 -0.638735533 0.285651863 0.941101313 0.180918008 -1.775017500 -0.936146438 0.233633786 0.262764692 0.644977808
0.184830368 -0.249621361 0.950540483 -0.636488438 0.283569068 0.939613342 0.191612437 -1.773959756 -0.940971076 0.234128013 0.244453967 0.661219537
0.166764796 -0.255285352 0.952375472 -0.636646748 0.282344013 0.937817037 0.201943353 -1.772007823 -0.944707096 0.235220417 0.228473127 0.675311208
0.152244568 -0.259610772 0.953637242 -0.637091756 0.280889153 0.936462760 0.210092440 -1.770352006 -0.947587967 0.235880926 0.215493202 0.688057542
0.140213013 -0.261624753 0.954930902 -0.637168646 0.279857874 0.935602665 0.215237647 -1.769000173 -0.949747443 0.237065762 0.204401374 0.701256990
0.130931854 -0.262751758 0.955938578 -0.637158751 0.280356705 0.934693694 0.218512744 -1.768025994 -0.950924397 0.239393473 0.196045399 0.714869797
0.123576343 -0.261065304 0.957378626 -0.636502862 0.282664299 0.934066296 0.218222618 -1.767573714 -0.951225400 0.243649572 0.189222336 0.727813661
0.117538691 -0.258472294 0.958841503 -0.635891914 0.282096654 0.934449077 0.217316315 -1.766459346 -0.952158868 0.244942829 0.182748079 0.741098642
0.113713205 -0.255597502 0.960072637 -0.634336233 0.284542114 0.934239268 0.215018108 -1.765826225 -0.951895714 0.248730615 0.178963602 0.754259229
0.110633075 -0.253830075 0.960901082 -0.632934809 0.285540819 0.934191465 0.213898838 -1.764826179 -0.951959550 0.250712126 0.175831318 0.767558515
0.109213412 -0.257542938 0.960075080 -0.632260084 0.286819190 0.932935953 0.217635661 -1.762862802 -0.951739132 0.251599193 0.175757349 0.780538440
0.108918369 -0.262061656 0.958885074 -0.629508734 0.286743164 0.931902647 0.222116649 -1.760802627 -0.951795816 0.250761122 0.176645696 0.793569684
0.109560788 -0.266888112 0.957479775 -0.628148794 0.289086074 0.930194199 0.226203501 -1.759374142 -0.951013148 0.252010942 0.179066420 0.806160450
0.111341298 -0.271081746 0.956095219 -0.626903892 0.292553067 0.928385794 0.229156241 -1.758100271 -0.949745297 0.254193932 0.182673454 0.818620622
0.114019871 -0.275077283 0.954637170 -0.624709964 0.300049007 0.925566196 0.230863303 -1.756821990 -0.947085142 0.260114878 0.188069582 0.830812335
0.117028356 -0.278129607 0.953387916 -0.622652888 0.307355613 0.922997117 0.231535867 -1.755937934 -0.944371283 0.265932828 0.193501472 0.842144132
0.120573938 -0.280728728 0.952183545 -0.618910193 0.315641791 0.920244932 0.231343001 -1.754935861 -0.941186726 0.272654921 0.199567258 0.853104711
0.123979509 -0.280847907 0.951710880 -0.614170909 0.321020901 0.918884158 0.229341373 -1.754409671 -0.938922107 0.277085423 0.204080880 0.862583637
0.126750410 -0.278040260 0.952170193 -0.609051466 0.316511542 0.921070337 0.226825684 -1.753764391 -0.940082371 0.272622555 0.204748929 0.871263266
0.129722476 -0.274989754 0.952655733 -0.603654623 0.309980601 0.923864543 0.224469140 -1.752822518 -0.941851556 0.266186029 0.205087483 0.878436565
0.132350981 -0.271139979 0.953397393 -0.594743490 0.299309671 0.927890420 0.222335681 -1.752506852 -0.944932342 0.255934656 0.203962028 0.885461688
0.135695875 -0.266025573 0.954367340 -0.587006927 0.291327864 0.931405187 0.218202770 -1.751348138 -0.946950257 0.248424590 0.203888476 0.891395807
0.139218748 -0.260403156 0.955410182 -0.578926086 0.283709288 0.934850037 0.213458344 -1.750303030 -0.948750436 0.241341278 0.204027414 0.897040129
0.142582417 -0.256663173 0.955925882 -0.570511103 0.276248366 0.937734067 0.210574508 -1.749014378 -0.950450957 0.234048724 0.204607189 0.902679026
0.145778656 -0.253442585 0.956303120 -0.562184811 0.271808624 0.939691424 0.207605645 -1.748394966 -0.951245904 0.229666933 0.205874801 0.908611357
0.147107661 -0.250088483 0.956982255 -0.553995252 0.267531723 0.941506684 0.204919219 -1.748012900 -0.952253103 0.225877941 0.205409467 0.914383054
0.144792497 -0.246670350 0.958221912 -0.544893265 0.264748126 0.942775428 0.202689186 -1.748019099 -0.953385472 0.224339500 0.201812267 0.919679523
0.138952196 -0.241811112 0.960322738 -0.535869360 0.264612168 0.943536520 0.199296728 -1.748447895 -0.954291821 0.226420358 0.195092618 0.924848557
0.129826128 -0.237749860 0.962611258 -0.527565122 0.269942999 0.942631721 0.196408346 -1.749548912 -0.954083979 0.234351173 0.186557114 0.929624677
0.110671282 -0.238694817 0.964767814 -0.518684864 0.274491876 0.940313876 0.201156870 -1.768878341 -0.955199599 0.242558554 0.169585526 0.941196918
0.093729436 -0.230810478 0.968473792 -0.510551810 0.284850150 0.938308835 0.196053490 -1.770259976 -0.953978658 0.257493913 0.153693557 0.945443153
0.074224412 -0.224224582 0.971706927 -0.502863526 0.293195695 0.936236322 0.193643689 -1.772056818 -0.953167021 0.270527124 0.135233283 0.949504733
0.051325679 -0.220269024 0.974087954 -0.495735288 0.296737731 0.934686542 0.195723832 -1.773665547 -0.953578830 0.279002964 0.113335490 0.952859282
0.028165698 -0.221415162 0.974772811 -0.490047216 0.300303996 0.931987464 0.203019500 -1.775760055 -0.953427672 0.287009954 0.092741907 0.955397487
0.004817247 -0.226725012 0.973946869 -0.485900283 0.305722624 0.927658498 0.214437410 -1.777831316 -0.952108443 0.296724617 0.073783696 0.957982063
-0.015467644 -0.233329341 0.972274840 -0.482388496 0.311647981 0.922826767 0.226420537 -1.780464172 -0.950071871 0.306509614 0.058442712 0.960100770
-0.032430053 -0.242860466 0.969519019 -0.481501102 0.319484621 0.916617513 0.240295485 -1.785510778 -0.947036386 0.317539215 0.047864258 0.961602092
-0.047076464 -0.253078520 0.966299772 -0.480216742 0.325951815 0.910527766 0.254351407 -1.792856812 -0.944213629 0.326941103 0.039626956 0.961643457
-0.058367133 -0.264300585 0.962672591 -0.481685996 0.329852343 0.905050397 0.268479496 -1.806224227 -0.942226529 0.333210140 0.034354985 0.957557917
-0.067312360 -0.271860451 0.959979773 -0.481656194 0.331994802 0.901230335 0.278501958 -1.820525765 -0.940876603 0.337454885 0.029592276 0.954211056
-0.074316382 -0.277520448 0.957841218 -0.482003331 0.334742934 0.897826135 0.286103785 -1.836943150 -0.939374506 0.341892719 0.026174784 0.949091196
-0.079972029 -0.279994786 0.956664920 -0.482045293 0.339099348 0.894855201 0.290251344 -1.855779886 -0.937345505 0.347616345 0.023382604 0.942551494
-0.084429145 -0.280842513 0.956033111 -0.481454968 0.342961520 0.892645299 0.292509437 -1.874804258 -0.935547590 0.352578878 0.020952880 0.934861600
-0.088043928 -0.282031506 0.955356777 -0.480464101 0.343915015 0.891499519 0.294874787 -1.893156886 -0.934864104 0.354523480 0.018503726 0.926167130
-0.091127515 -0.282905459 0.954809189 -0.478684187 0.346072733 0.890042782 0.296744883 -1.910755754 -0.933771729 0.357474983 0.016798437 0.916419864
-0.094188929 -0.280295968 0.955281496 -0.476563334 0.343557954 0.891449749 0.295440793 -1.927725434 -0.934396386 0.356021762 0.012333214 0.905729115
-0.096621156 -0.278554708 0.955547810 -0.473979354 0.341231197 0.892586410 0.294704556 -1.943067431 -0.935000300 0.354537427 0.008808851 0.894036949
-0.098952770 -0.279021740 0.955172956 -0.470234394 0.333025992 0.895247281 0.296016872 -1.960423112 -0.937711179 0.347389102 0.004334211 0.880927444
-0.100678086 -0.279035330 0.954988718 -0.466321707 0.322033584 0.899053991 0.296641767 -1.973855615 -0.941359878 0.337403715 -0.000656366 0.867443621
-0.102032065 -0.282260925 0.953896463 -0.462027907 0.311710447 0.901538074 0.300109535 -1.986346245 -0.944683135 0.327960223 -0.004002094 0.853485346
-0.102958441 -0.283962905 0.953291416 -0.457468867 0.301505923 0.904386520 0.301958859 -1.998185158 -0.947889090 0.318512261 -0.007497787 0.839649439
-0.104256034 -0.285202175 0.952780426 -0.452017307 0.292915851 0.906703651 0.303461403 -2.009225130 -0.950437367 0.310722142 -0.010989070 0.825575650
-0.105020761 -0.286340922 0.952354848 -0.445980191 0.290329903 0.907102704 0.304751217 -2.019774675 -0.951146424 0.308502257 -0.012131333 0.812186599
-0.105594754 -0.287201256 0.952032149 -0.439752102 0.293197542 0.905831873 0.305784017 -2.030223131 -0.950202644 0.311422676 -0.011444449 0.799668372
-0.106303811 -0.288781166 0.951475203 -0.431945801 0.298694432 0.903428078 0.307570130 -2.040068388 -0.948409855 0.316896170 -0.009780526 0.787086904
-0.106323838 -0.289958894 0.951114714 -0.423904657 0.302065015 0.901911795 0.308726221 -2.049826860 -0.947339475 0.320123404 -0.008308291 0.774267018
-0.106687665 -0.292069912 0.950427949 -0.412757516 0.299608231 0.902011096 0.310822964 -2.064341307 -0.948078573 0.317916930 -0.008726954 0.761157572
-0.106818676 -0.290544659 0.950880468 -0.403226852 0.297339112 0.903252423 0.309393793 -2.072664022 -0.948777854 0.315782934 -0.010093927 0.748276174
-0.106940150 -0.290144145 0.950989187 -0.393086314 0.294861376 0.904190898 0.309023678 -2.080413342 -0.949537098 0.313456953 -0.011142015 0.735759020
-0.107289195 -0.288482219 0.951455295 -0.381705761 0.291209072 0.905890822 0.307504684 -2.087582111 -0.950624287 0.310064286 -0.013183594 0.723649442
-0.108289361 -0.287585825 0.951613307 -0.370023727 0.287727684 0.907204866 0.306907326 -2.094463110 -0.951570392 0.307040244 -0.015494227 0.711557269
-0.109564662 -0.284625530 0.952357054 -0.357107401 0.285466552 0.908750892 0.304434955 -2.101186275 -0.952105284 0.305221379 -0.018315911 0.699866235
-0.113134742 -0.280695170 0.953105807 -0.343575358 0.286254138 0.909382761 0.301797181 -2.108009100 -0.951451063 0.306974262 -0.022532582 0.688246548
-0.120805621 -0.273442000 0.954272389 -0.328838229 0.287129551 0.910595298 0.297275573 -2.114989519 -0.950243592 0.309912294 -0.031491756 0.676524282
-0.131048203 -0.262622535 0.955958128 -0.314832091 0.288531005 0.912427485 0.290217161 -2.122021437 -0.948459983 0.313855946 -0.043797255 0.664582372
-0.144326210 -0.256920815 0.955595076 -0.295595288 0.288127959 0.912949860 0.288972020 -2.132842541 -0.946653306 0.317039788 -0.057736516 0.653544545
-0.157778859 -0.257544070 0.953297973 -0.281902432 0.287044674 0.911741197 0.293825418 -2.137317896 -0.944833994 0.319998533 -0.069926858 0.642875016
-0.169965386 -0.263201147 0.949650943 -0.268611193 0.286975354 0.908685505 0.303209275 -2.141112089 -0.942739069 0.324061483 -0.078912854 0.632989764
-0.180585504 -0.271043599 0.945475698 -0.255221128 0.284472525 0.905801713 0.314004272 -2.145046234 -0.941522360 0.325666457 -0.086470246 0.623671293
-0.190178633 -0.277197540 0.941803396 -0.241408587 0.282233000 0.903378844 0.322879583 -2.149320602 -0.940306723 0.327212840 -0.093569160 0.614467442
-0.199069262 -0.281244725 0.938761413 -0.226996660 0.279031307 0.902016103 0.329406232 -2.153685570 -0.939421713 0.327518433 -0.101087570 0.606500566
-0.206928849 -0.282860696 0.936573803 -0.213075638 0.278513610 0.900653243 0.333547562 -2.159083128 -0.937875688 0.329869121 -0.107590675 0.598876119
-0.213660598 -0.282645613 0.935126066 -0.198487043 0.275218755 0.901042581 0.335226595 -2.164415836 -0.937338710 0.328988910 -0.114727974 0.592128336
-0.219571829 -0.277934492 0.935168922 -0.182594657 0.274377704 0.902278483 0.332581520 -2.170149565 -0.936218679 0.329614937 -0.121855974 0.585745037
-0.225012660 -0.270929009 0.935931027 -0.159432888 0.272573918 0.904708922 0.327422082 -2.179987192 -0.935453355 0.328784466 -0.129722834 0.578918695
-0.229402304 -0.264116198 0.936812222 -0.143604517 0.272260100 0.906647146 0.322281539 -2.186563253 -0.934477866 0.328988731 -0.136078596 0.573239446
-0.232240200 -0.256580472 0.938206434 -0.127408147 0.274519145 0.908073723 0.316293240 -2.193581343 -0.933115244 0.331011534 -0.140455008 0.568094373
-0.234624028 -0.252117008 0.938823223 -0.111437201 0.276286393 0.908656776 0.313063473 -2.200256348 -0.931996703 0.332836181 -0.143536210 0.563662887
-0.235359669 -0.249107733 0.939442098 -0.095350981 0.281504482 0.907689989 0.311213881 -2.207749128 -0.930247962 0.337704331 -0.143508673 0.559973121
-0.236672044 -0.246468499 0.939808369 -0.079800725 0.290415853 0.905120969 0.310507059 -2.215980291 -0.927170515 0.346423566 -0.142638445 0.556779206
-0.240057707 -0.244641110 0.939427137 -0.063973904 0.298869342 0.902094781 0.311291158 -2.223650217 -0.923606873 0.355493724 -0.143439054 0.553370118
-0.247302771 -0.242608666 0.938073933 -0.049441457 0.307234347 0.898553252 0.313383281 -2.231115103 -0.918938935 0.365709007 -0.147677064 0.549834847
-0.258078218 -0.241808400 0.935374022 -0.034933686 0.316507250 0.893581629 0.318331689 -2.239490032 -0.912808299 0.378207058 -0.154079795 0.545720935
-0.272138834 -0.241477534 0.931466222 -0.010306597 0.323160410 0.888844371 0.324843168 -2.250005007 -0.906370878 0.389415383 -0.163853049 0.536924481
-0.288756013 -0.239364952 0.926997662 0.002542853 0.328341395 0.884762883 0.330736339 -2.257613659 -0.899339795 0.399873793 -0.176887274 0.530653000
-0.307460785 -0.236258477 0.921764672 0.015062094 0.330580622 0.881830633 0.336290330 -2.265101671 -0.892291725 0.408113569 -0.193025827 0.523300648
-0.328501463 -0.231947184 0.915580571 0.027555346 0.328349292 0.880869746 0.340962291 -2.272527456 -0.885592520 0.412636697 -0.213207364 0.514527380
-0.351082683 -0.226640373 0.908501625 0.038732767 0.325696975 0.880116522 0.345422029 -2.279652596 -0.877873898 0.417167902 -0.235177636 0.504547119
-0.377972841 -0.217243642 0.899967909 0.038147449 0.324209064 0.879468799 0.348458230 -2.283760071 -0.867194057 0.423485339 -0.261983037 0.510060489
-0.404162765 -0.211469233 0.889906466 0.048642516 0.318346083 0.879561543 0.353592008 -2.290133715 -0.857501328 0.426206857 -0.288165569 0.498022556
-0.431002975 -0.205539733 0.878629804 0.058361650 0.313564390 0.878915787 0.359422475 -2.296170712 -0.846117139 0.430419058 -0.314365387 0.485923350
-0.456842542 -0.198246807 0.867175519 0.067404985 0.310539097 0.877975821 0.364313036 -2.301718473 -0.833583057 0.435725540 -0.339533329 0.473523676
-0.479462028 -0.192358628 0.856221199 0.076283336 0.309312820 0.876022220 0.370014369 -2.307239771 -0.821244240 0.442247927 -0.360520363 0.461388648
-0.498658180 -0.188562855 0.846040428 0.083757401 0.307156682 0.874275684 0.375894666 -2.311627150 -0.810552418 0.447309792 -0.378046513 0.450680733
-0.514669895 -0.186965823 0.836754918 0.092386842 0.304600984 0.872397661 0.382283390 -2.314788103 -0.801456928 0.451626122 -0.392046928 0.440237880
-0.528023362 -0.186281919 0.828547120 0.099019885 0.302811950 0.870214283 0.388628423 -2.312676907 -0.793408036 0.456098855 -0.403085113 0.431351721
-0.539221525 -0.186727688 0.821202278 0.102854848 0.298031092 0.869698286 0.393449396 -2.318827391 -0.787666082 0.456900150 -0.413309336 0.425446630
-0.547519207 -0.186696172 0.815700650 0.108921170 0.296287894 0.868390739 0.397631824 -2.310542822 -0.782583237 0.459393203 -0.420144796 0.419017375
-0.553441525 -0.185500354 0.811968088 0.115128517 0.297090501 0.866786599 0.400522441 -2.300506353 -0.778100133 0.462893754 -0.424605250 0.413805008
-0.557496548 -0.183701754 0.809599519 0.120655775 0.298695147 0.865516186 0.402073264 -2.291610003 -0.774583101 0.465977848 -0.427651405 0.408227503
-0.560358405 -0.181818917 0.808047175 0.125167012 0.299067199 0.865369737 0.402111948 -2.285629034 -0.772371173 0.466987252 -0.430541158 0.402593791
-0.561730385 -0.181385607 0.807191908 0.128365517 0.301150352 0.863905609 0.403702408 -2.282072544 -0.770563424 0.469857901 -0.430657744 0.395757198
-0.562015176 -0.179042190 0.807516575 0.130644083 0.304410607 0.862994134 0.403206289 -2.281901836 -0.769073009 0.472424626 -0.430513501 0.387991130
-0.562047005 -0.179299012 0.807437658 0.132290483 0.306358159 0.861656010 0.404590696 -2.284791708 -0.768276215 0.474763960 -0.429361463 0.378829598
-0.561486840 -0.179296255 0.807827711 0.132758617 0.305836499 0.862152338 0.403927475 -2.289693117 -0.768893242 0.473863095 -0.429251790 0.369007885
-0.561304688 -0.184400499 0.806804717 0.130388856 0.300031990 0.863204837 0.406027317 -2.296118975 -0.771309435 0.469972193 -0.429194927 0.360249639
-0.560824513 -0.187798828 0.806354642 0.130816579 0.296221107 0.863951087 0.407236487 -2.300174713 -0.773129582 0.467247397 -0.428894997 0.349597335
-0.561872840 -0.192210436 0.804583311 0.130984306 0.290004045 0.865133226 0.409196943 -2.300755978 -0.774723649 0.463248998 -0.430353045 0.339715898
-0.565247893 -0.196412444 0.801197469 0.130731821 0.282362342 0.866505623 0.411630362 -2.298479795 -0.775091469 0.458901078 -0.434331059 0.330972791
-0.570495605 -0.198918238 0.796847880 0.130513668 0.276375443 0.867146432 0.414335281 -2.293390751 -0.773402631 0.456605583 -0.439727187 0.322806478
-0.577217579 -0.201066464 0.791449428 0.129977226 0.273227990 0.865793467 0.419223279 -2.284617424 -0.769523501 0.458229154 -0.444814205 0.315449953
-0.585412502 -0.201812893 0.785215855 0.129674792 0.271136552 0.864019752 0.424210817 -2.272417784 -0.764053226 0.461239010 -0.451089144 0.309886515
-0.595179796 -0.202727526 0.777600765 0.130110741 0.267448515 0.862518668 0.429572940 -2.257885695 -0.757781386 0.463641226 -0.459134459 0.305101514
-0.604454994 -0.204195559 0.770025194 0.130385995 0.262361258 0.861643195 0.434439391 -2.241314650 -0.752197564 0.464623719 -0.467251658 0.301432073
-0.613206744 -0.204920977 0.762879670 0.132169127 0.257275611 0.861294627 0.438156247 -2.225366116 -0.746851504 0.464950562 -0.475430489 0.296445668
-0.621595621 -0.205084503 0.756015718 0.133077621 0.254586101 0.859836638 0.442568570 -2.209391356 -0.740813911 0.467569619 -0.482259035 0.292995811
-0.631535530 -0.205764771 0.747545302 0.134166241 0.249633789 0.858843088 0.447293580 -2.193167448 -0.734061420 0.469094276 -0.491024017 0.289852679
-0.642874122 -0.204725742 0.738106132 0.135347128 0.245128900 0.857955098 0.451469660 -2.176831007 -0.725689411 0.471169174 -0.501373053 0.287225962
-0.655194759 -0.203357667 0.727575362 0.137659311 0.242754251 0.855339885 0.457672477 -2.159732342 -0.715395391 0.476486504 -0.511048198 0.284612775
-0.668222904 -0.200987816 0.716297507 0.140278220 0.241390556 0.852149844 0.464296460 -2.141819954 -0.703710794 0.483160973 -0.520909429 0.282476902
-0.681815863 -0.199294433 0.703853071 0.143020511 0.239223644 0.848525643 0.471991837 -2.123465300 -0.691302717 0.490189731 -0.530862212 0.281469703
-0.695689082 -0.195590153 0.691202998 0.147435784 0.237523064 0.845462322 0.478305638 -2.104405642 -0.677937984 0.496928573 -0.541721702 0.279992878
-0.708551645 -0.192840829 0.678798676 0.152369142 0.236032650 0.841761947 0.485515624 -2.084962606 -0.665014148 0.504231334 -0.550915122 0.279281974
-0.719375134 -0.192826673 0.667321205 0.161319733 0.233672395 0.837527096 0.493908554 -2.064891100 -0.654138327 0.511240005 -0.557437897 0.275921881
-0.727941036 -0.190012574 0.658784807 0.167567730 0.234524399 0.833871603 0.499656409 -2.044909000 -0.644282877 0.518221438 -0.562446833 0.276129067
-0.734267592 -0.188588321 0.652139127 0.174505711 0.232288569 0.832854033 0.502390444 -2.026077509 -0.637881696 0.520373523 -0.567730784 0.276216686
-0.738263488 -0.186705723 0.648157716 0.182109237 0.232237205 0.831815481 0.504131854 -2.009696484 -0.633271933 0.522708356 -0.570738912 0.275641978
-0.740491867 -0.183645785 0.646487713 0.190603852 0.233297378 0.831882775 0.503530979 -1.996261835 -0.630273342 0.523684382 -0.573158383 0.274446189
-0.740792751 -0.179389030 0.647337675 0.200083733 0.237362802 0.831607282 0.502083898 -1.986054063 -0.628399014 0.525593877 -0.573468328 0.272338092
-0.739606142 -0.179876670 0.648558021 0.209722519 0.238781884 0.830811620 0.502727866 -1.977714539 -0.629258513 0.526684403 -0.571522117 0.269466400
-0.737510800 -0.180459008 0.650778472 0.219996929 0.240603641 0.830193520 0.502880335 -1.972368002 -0.631021321 0.527459264 -0.568857551 0.265855253
-0.734213114 -0.181014165 0.654343247 0.230597019 0.241374657 0.831235170 0.500785768 -1.970063448 -0.634562492 0.525625288 -0.566611528 0.260935307
-0.730556369 -0.181423083 0.658311129 0.240181088 0.240003392 0.834332049 0.496274590 -1.973199129 -0.639285684 0.520553350 -0.565984488 0.258495450
-0.725481987 -0.183629230 0.663292229 0.251828194 0.239820376 0.835898638 0.493720263 -1.975715399 -0.645106494 0.517256021 -0.562391400 0.252265155
-0.720535636 -0.190087497 0.666854739 0.263565302 0.237984627 0.835489213 0.495298982 -1.980440855 -0.651300073 0.515581727 -0.556761861 0.245053411
-0.715581298 -0.195547014 0.670600414 0.275683522 0.239104092 0.833455622 0.498177648 -1.987486720 -0.656332850 0.516829848 -0.549649119 0.237623274
-0.710869431 -0.199572772 0.674415112 0.289014578 0.241114825 0.831635892 0.500245392 -1.994519472 -0.660703182 0.518220484 -0.543064594 0.229996979
-0.706475139 -0.203963369 0.677710593 0.303671122 0.243561536 0.829015672 0.503399253 -2.000897169 -0.664507687 0.520703316 -0.536001325 0.222195506
-0.702851057 -0.205547988 0.680992424 0.319175720 0.249976128 0.824909627 0.506987274 -2.006225586 -0.665967405 0.526568353 -0.528406501 0.214454174
-0.699882030 -0.207890987 0.683334887 0.335336089 0.254510432 0.821321607 0.510544121 -2.010930777 -0.667375267 0.531236470 -0.521917939 0.206868172
-0.697449923 -0.205596983 0.686508477 0.352799773 0.258130372 0.821586907 0.508294940 -2.014711380 -0.668530285 0.531718850 -0.519944906 0.198607206
-0.696712971 -0.205151990 0.687389612 0.369978189 0.257746935 0.822652221 0.506764174 -2.028040171 -0.669446230 0.530241489 -0.520275235 0.190432996
-0.696004510 -0.198234588 0.690131128 0.389396906 0.261172295 0.825409889 0.500487328 -2.031393766 -0.668855011 0.528584480 -0.522715688 0.180705607
-0.696000695 -0.194138706 0.691298246 0.409228683 0.264541447 0.825705290 0.498225421 -2.033740282 -0.667533517 0.529642224 -0.523333669 0.171599656
-0.696799278 -0.189838782 0.691688061 0.429835439 0.262758195 0.829742312 0.492428601 -2.035197973 -0.667404890 0.524870455 -0.528282166 0.161689490
-0.697966337 -0.185401812 0.691714942 0.450567245 0.260499060 0.834003627 0.486393064 -2.036504745 -0.667070925 0.519676983 -0.533809543 0.151434571
-0.698948622 -0.179518908 0.692274451 0.471620321 0.261905760 0.836487234 0.481346577 -2.037728786 -0.665489554 0.517747164 -0.537644625 0.141740620
-0.699717402 -0.175093532 0.692631423 0.492983460 0.265738904 0.836148679 0.479831487 -2.039100409 -0.663158238 0.519805431 -0.538538694 0.131908819
-0.701145887 -0.173610881 0.691559136 0.514205694 0.267446488 0.835053980 0.480788231 -2.039143324 -0.660959303 0.522057652 -0.539063096 0.122725472
-0.703187585 -0.166969150 0.691121399 0.535268188 0.272618443 0.834426880 0.478968620 -2.040148020 -0.656663239 0.525217175 -0.541239858 0.113936707
-0.705833435 -0.157194853 0.690716267 0.557943106 0.280568331 0.833289385 0.476350904 -2.044874668 -0.650446415 0.530017495 -0.544059515 0.104630351
-0.708039522 -0.146065205 0.690901816 0.579126716 0.290721327 0.831326306 0.473685235 -2.045127630 -0.643553793 0.536247671 -0.546147585 0.095605917
-0.711123824 -0.136268437 0.689734936 0.599748254 0.300281316 0.828189731 0.473215520 -2.044525862 -0.635715723 0.543629229 -0.548026562 0.086095288
-0.714142323 -0.125895351 0.688586354 0.619465709 0.309358567 0.825654864 0.471795797 -2.043700218 -0.627931595 0.549949408 -0.550688386 0.076294251
-0.718209982 -0.117230013 0.685880125 0.638730407 0.315632761 0.823574901 0.471275181 -2.042345047 -0.620121300 0.554960787 -0.554498076 0.065728128
-0.723129511 -0.110525697 0.681812286 0.656630635 0.319144458 0.821960330 0.471728772 -2.039497137 -0.612560868 0.558717549 -0.559110045 0.054707304
-0.728720903 -0.106465630 0.676484346 0.672526836 0.319897473 0.820514023 0.473732352 -2.035692692 -0.605501175 0.561624289 -0.563867688 0.044039875
-0.734581947 -0.102506086 0.670732439 0.687570453 0.319415331 0.819896936 0.475124151 -2.030562162 -0.598634541 0.563259780 -0.569539547 0.032285966
-0.740718961 -0.100652263 0.664232492 0.702376127 0.318433881 0.817990303 0.479052961 -2.024276733 -0.591553569 0.566357672 -0.573849797 0.020286396
-0.747563839 -0.100209758 0.656587183 0.715629935 0.316015422 0.815826416 0.484315574 -2.019453764 -0.584194362 0.569548309 -0.578214526 0.008401379
-0.754606605 -0.104020439 0.647880197 0.726722240 0.310544223 0.813168645 0.492259085 -2.010802269 -0.578040838 0.572657406 -0.581319571 -0.004094332
-0.761605740 -0.104575977 0.639547348 0.736994147 0.308009565 0.809881330 0.499221802 -2.001623631 -0.570164084 0.577196836 -0.584599853 -0.017175883
-0.768177509 -0.103424549 0.631828427 0.746384263 0.307114720 0.806388736 0.505388737 -1.992666721 -0.561768889 0.582271934 -0.587686539 -0.031326473
-0.774136543 -0.100955233 0.624916732 0.755423069 0.307012796 0.803443909 0.510118604 -1.982881188 -0.553584754 0.586758852 -0.590980768 -0.045934707
-0.779599547 -0.099018052 0.618401408 0.763172150 0.306952775 0.800278604 0.515105963 -1.972459793 -0.545898199 0.591396332 -0.593502998 -0.061866596
-0.785218120 -0.102756545 0.610633969 0.770506501 0.298921347 0.800719321 0.519128740 -1.961452365 -0.542290330 0.590160787 -0.598023176 -0.078619778
