0.999978602 0.004950567 0.004274086 -0.237792954 -0.004730050 0.998730600 -0.050147381 0.160409689 -0.004516918 0.050126094 0.998732686 0.842004776
0.999972820 0.005792393 0.004560885 -0.237328038 -0.005557555 0.998737752 -0.049919792 0.160581887 -0.004844282 0.049893089 0.998742819 0.841444969
0.999967992 0.006613928 0.004505142 -0.237464428 -0.006381507 0.998739541 -0.049785327 0.160490781 -0.004828740 0.049754981 0.998749793 0.841521084
0.999971569 0.006162795 0.004351607 -0.237341359 -0.005938965 0.998746514 -0.049699795 0.160429820 -0.004652442 0.049672533 0.998754740 0.841713071
0.999979258 0.005075039 0.003968004 -0.237452134 -0.004871503 0.998751163 -0.049722694 0.161034897 -0.004215393 0.049702331 0.998755157 0.842409790
0.999975920 0.005543748 0.004178246 -0.237402588 -0.005329000 0.998746753 -0.049764566 0.161010638 -0.004448892 0.049741104 0.998752236 0.842374682
0.999970317 0.006186388 0.004588216 -0.237344190 -0.005951706 0.998755872 -0.049509902 0.161103830 -0.004888794 0.049481127 0.998763084 0.841858983
0.999959767 0.007671709 0.004646064 -0.237303719 -0.007431979 0.998742223 -0.049585912 0.161156341 -0.005020629 0.049549390 0.998759031 0.841511369
0.999975979 0.005517393 0.004200397 -0.237411827 -0.005297734 0.998703837 -0.050622460 0.161096886 -0.004474256 0.050598990 0.998709023 0.842513919
0.999975145 0.005937449 0.003802111 -0.237476632 -0.005739270 0.998724282 -0.050168604 0.160912916 -0.004095134 0.050145537 0.998733521 0.841982841
0.999974251 0.006117370 0.003754791 -0.236932710 -0.005920974 0.998718679 -0.050258372 0.160848305 -0.004057429 0.050234843 0.998729169 0.842544377
0.999977529 0.005477112 0.003869278 -0.237277955 -0.005275003 0.998713017 -0.050443199 0.160830334 -0.004140581 0.050421651 0.998719454 0.842371643
0.999974251 0.005811927 0.004211410 -0.237331450 -0.005592041 0.998710096 -0.050466131 0.161146075 -0.004499284 0.050441284 0.998716891 0.842632115
0.999975681 0.005601823 0.004151803 -0.237237990 -0.005386190 0.998722374 -0.050245099 0.161124051 -0.004427963 0.050221518 0.998728275 0.842618048
0.999979615 0.005283301 0.003580612 -0.237478986 -0.005095966 0.998713613 -0.050449904 0.161199525 -0.003842548 0.050430629 0.998720169 0.842518806
0.999977827 0.005655662 0.003521598 -0.237440839 -0.005471161 0.998715937 -0.050363820 0.161228940 -0.003801917 0.050343435 0.998724759 0.842505991
0.999972999 0.006009859 0.004228983 -0.237353176 -0.005788887 0.998709559 -0.050454885 0.161249191 -0.004526753 0.050429039 0.998717368 0.842746735
0.999977946 0.004953854 0.004421206 -0.237559035 -0.004724402 0.998713851 -0.050480485 0.161146447 -0.004665593 0.050458483 0.998715281 0.842546225
0.999981523 0.004637613 0.003931118 -0.237760559 -0.004433372 0.998716176 -0.050461181 0.160928339 -0.004160090 0.050442822 0.998718262 0.842424512
0.999982715 0.004696004 0.003532986 -0.237730339 -0.004512209 0.998721659 -0.050345384 0.160963133 -0.003764892 0.050328575 0.998725593 0.842316091
0.999974847 0.005819371 0.004050225 -0.237476572 -0.005607395 0.998707592 -0.050514802 0.161308974 -0.004338955 0.050490819 0.998715103 0.842888951
0.999980986 0.005040072 0.003557451 -0.237603799 -0.004854717 0.998721421 -0.050318085 0.161276475 -0.003806510 0.050299853 0.998726904 0.842862785
0.999981880 0.004776782 0.003667095 -0.237768143 -0.004586051 0.998720229 -0.050367106 0.161070451 -0.003902995 0.050349373 0.998724043 0.842447102
0.999975204 0.005519439 0.004380127 -0.237394139 -0.005291260 0.998710096 -0.050498724 0.161110088 -0.004653202 0.050474294 0.998714507 0.842624545
0.999978721 0.005011653 0.004170200 -0.237716004 -0.004795242 0.998718679 -0.050379138 0.161031231 -0.004417340 0.050358068 0.998721480 0.842151761
0.999976039 0.005719587 0.003904834 -0.237511143 -0.005517562 0.998737872 -0.049922399 0.161071151 -0.004185441 0.049899660 0.998745441 0.842155516
0.999965072 0.006958764 0.004628153 -0.237506256 -0.006716874 0.998707891 -0.050372686 0.161247551 -0.004972704 0.050339844 0.998719752 0.842577398
0.999969304 0.006428232 0.004485097 -0.237381786 -0.006192953 0.998698056 -0.050634332 0.161359772 -0.004804746 0.050604999 0.998707175 0.842909992
0.999958396 0.007514438 0.005165566 -0.237382174 -0.007245460 0.998710215 -0.050253376 0.161167353 -0.005536530 0.050213858 0.998723149 0.842218101
0.999965668 0.006845819 0.004670637 -0.237260640 -0.006602865 0.998718023 -0.050186925 0.161286831 -0.005008220 0.050154358 0.998728931 0.842355072
0.999969244 0.006378966 0.004568683 -0.237311885 -0.006138515 0.998687983 -0.050839704 0.161342621 -0.004886993 0.050810095 0.998696387 0.842388511
0.999964595 0.007048230 0.004593737 -0.237348109 -0.006807155 0.998699069 -0.050535448 0.161401510 -0.004943946 0.050502390 0.998711705 0.842723310
0.999964058 0.007043907 0.004719468 -0.237578869 -0.006797811 0.998712301 -0.050274722 0.161300853 -0.005067521 0.050240830 0.998724282 0.841803730
0.999976754 0.005507354 0.004017767 -0.237965420 -0.005297801 0.998713851 -0.050424207 0.161074132 -0.004290303 0.050401751 0.998719811 0.841550946
0.999973059 0.005938862 0.004308570 -0.237410814 -0.005713237 0.998701990 -0.050613075 0.161166698 -0.004603561 0.050587095 0.998709023 0.842539012
0.999966502 0.006784001 0.004574237 -0.237226248 -0.006544225 0.998700619 -0.050539680 0.161280125 -0.004911155 0.050508052 0.998711586 0.842725217
0.999968469 0.006647655 0.004344630 -0.237570584 -0.006419927 0.998704433 -0.050480243 0.161547676 -0.004674576 0.050450761 0.998715639 0.841969967
0.999952614 0.008374617 0.004961947 -0.237398177 -0.008112879 0.998685658 -0.050608080 0.161712185 -0.005379248 0.050565425 0.998706281 0.842089057
0.999954343 0.008138522 0.005007839 -0.237246901 -0.007876690 0.998705506 -0.050252419 0.160648629 -0.005410337 0.050210681 0.998723984 0.842543006
0.999968708 0.006421900 0.004625077 -0.237520307 -0.006181156 0.998714566 -0.050308898 0.160441965 -0.004942210 0.050278731 0.998722970 0.842615366
0.999971628 0.006142089 0.004354978 -0.237486154 -0.005913951 0.998701811 -0.050593384 0.161394566 -0.004660074 0.050566196 0.998709857 0.842521846
0.999971688 0.006103997 0.004396989 -0.237567469 -0.005872580 0.998689115 -0.050848782 0.161243513 -0.004701606 0.050821520 0.998696685 0.842681944
0.999970675 0.006254368 0.004416426 -0.237652391 -0.006021333 0.998683512 -0.050941031 0.160934627 -0.004729215 0.050912943 0.998691916 0.843175888
0.999974310 0.005303251 0.004817570 -0.237599313 -0.005048416 0.998662710 -0.051451724 0.160743892 -0.005083989 0.051426079 0.998663843 0.843211532
0.999965549 0.006353769 0.005337114 -0.237352759 -0.006071843 0.998666108 -0.051274829 0.160803288 -0.005655784 0.051240660 0.998670340 0.842185915
0.999981284 0.003211371 0.005206981 -0.237858802 -0.002943457 0.998711169 -0.050668526 0.160610408 -0.005362986 0.050652254 0.998701930 0.842223763
0.999981403 0.002346595 0.005628029 -0.238098502 -0.002064656 0.998767614 -0.049588472 0.160465166 -0.005737458 0.049575932 0.998753905 0.843024135
0.999976277 0.004109715 0.005530045 -0.238070831 -0.003818474 0.998656273 -0.051682930 0.160596684 -0.005735016 0.051660586 0.998648226 0.842803776
0.999997795 0.001113528 0.001777004 -0.238132909 -0.001016539 0.998557806 -0.053677849 0.159390867 -0.001834213 0.053675927 0.998556733 0.839964926
0.999990761 0.003127716 0.002948889 -0.237777188 -0.002963381 0.998527050 -0.054174721 0.158745274 -0.003113989 0.054165483 0.998527110 0.838856876
0.999925911 0.009346361 0.007798430 -0.236959115 -0.008910262 0.998490512 -0.054197039 0.158252805 -0.008293203 0.054123539 0.998499811 0.838581026
0.999834955 0.014228095 0.011297411 -0.236632496 -0.013608647 0.998494685 -0.053134054 0.157348856 -0.012036401 0.052971542 0.998523474 0.838022590
0.999767482 0.016309803 0.014106968 -0.235964254 -0.015575530 0.998593450 -0.050680880 0.153756395 -0.014913721 0.050449368 0.998615265 0.836029530
0.999633670 0.016448202 0.021494461 -0.235222176 -0.015418617 0.998765588 -0.047218200 0.149513617 -0.022244582 0.046869490 0.998653293 0.834035873
0.999513686 0.015407272 0.027109981 -0.234915718 -0.014271472 0.999032319 -0.041602045 0.146448508 -0.027724721 0.041194916 0.998766422 0.832481265
0.999575019 0.012700167 0.026239136 -0.235225677 -0.011842461 0.999398708 -0.032588780 0.143361658 -0.026637239 0.032264195 0.999124348 0.830027938
0.999497771 0.009654862 0.030183062 -0.233899772 -0.008964852 0.999697268 -0.022913173 0.139416218 -0.030395146 0.022631079 0.999281704 0.829711080
0.999393046 0.005966987 0.034321163 -0.232542008 -0.005501728 0.999891937 -0.013634535 0.137826338 -0.034398813 0.013437433 0.999317825 0.828917980
0.999207795 0.004380439 0.039554447 -0.230633035 -0.004090511 0.999964178 -0.007407809 0.135136008 -0.039585479 0.007240143 0.999189973 0.827453792
0.998960912 0.006838938 0.045058616 -0.228471428 -0.006662243 0.999969542 -0.004070458 0.130645081 -0.045085080 0.003766037 0.998976052 0.824805498
0.998782694 0.006680936 0.048871677 -0.226686656 -0.006532429 0.999973536 -0.003197802 0.120942354 -0.048891749 0.002874659 0.998799920 0.818803310
0.998481452 0.006644012 0.054686390 -0.225456491 -0.006463348 0.999973059 -0.003479829 0.110034250 -0.054708034 0.003121088 0.998497546 0.813526273
0.997874737 0.005491762 0.064929642 -0.224416658 -0.005443830 0.999984741 -0.000915120 0.095129550 -0.064933680 0.000559709 0.997889400 0.808188081
0.997160971 0.002713279 0.075250491 -0.224032283 -0.003092652 0.999983072 0.004925400 0.075442344 -0.075235859 -0.005144140 0.997152507 0.801807761
0.996622741 -0.001429333 0.082103901 -0.224156424 0.000564890 0.999944150 0.010550908 0.049310561 -0.082114391 -0.010468896 0.996567905 0.794696271
0.995929778 -0.001326737 0.090122871 -0.225309700 0.000136118 0.999912679 0.013215934 0.020938206 -0.090132527 -0.013149875 0.995842993 0.785413980
0.995349824 0.000169811 0.096325733 -0.227018863 -0.001372111 0.999921978 0.012415509 -0.009167179 -0.096316107 -0.012489944 0.995272458 0.775324285
0.994424224 0.007115672 0.105213098 -0.228665486 -0.008292842 0.999907792 0.010755189 -0.039806690 -0.105126865 -0.011567736 0.994391561 0.765115976
0.993099570 0.014591328 0.116362929 -0.229315385 -0.015688440 0.999840617 0.008518010 -0.072046317 -0.116220102 -0.010284785 0.993170261 0.758551896
0.991489708 0.023473386 0.128051177 -0.230802640 -0.024056163 0.999706089 0.003006221 -0.102217689 -0.127942964 -0.006061057 0.991762996 0.749503970
0.989664495 0.031742655 0.139844730 -0.232749954 -0.030724263 0.999483347 -0.009435779 -0.132277086 -0.140072003 0.005041630 0.990128458 0.740955055
0.989013493 0.035437182 0.143514946 -0.235182509 -0.032147110 0.999165893 -0.025179962 -0.159974396 -0.144287542 0.020289732 0.989327788 0.732568502
0.988717914 0.038212925 0.144833118 -0.236560255 -0.032368861 0.998572171 -0.042495050 -0.185578376 -0.146250188 0.037327535 0.988543153 0.726024508
0.988488078 0.039645497 0.146012008 -0.238105968 -0.031129902 0.997703671 -0.060152039 -0.205199912 -0.148061484 0.054914236 0.987452388 0.720218420
0.988065898 0.035973053 0.149772242 -0.239585355 -0.025165826 0.996982217 -0.073438175 -0.218338862 -0.151962057 0.068792619 0.985989392 0.716473460
0.988277018 0.026683293 0.150321454 -0.240621299 -0.014559537 0.996592879 -0.081182860 -0.224332839 -0.151975513 0.078042544 0.985298336 0.715271235
0.988131344 0.019790407 0.152331233 -0.237782955 -0.007519392 0.996708989 -0.080713123 -0.223943368 -0.153427243 0.078609735 0.985028207 0.718961537
0.987759531 0.017613597 0.154986858 -0.235785380 -0.006094542 0.997203410 -0.074486315 -0.212951273 -0.155865401 0.072629988 0.985104501 0.723654628
0.987284064 0.019710602 0.157739386 -0.232501030 -0.009835940 0.997956276 -0.063138664 -0.194097951 -0.158661500 0.060784277 0.985460222 0.730754733
0.987033606 0.022274829 0.158960491 -0.228494912 -0.014788453 0.998731852 -0.048124414 -0.167845473 -0.159830868 0.045149636 0.986111343 0.740124643
0.987644434 0.021400573 0.155243352 -0.222456515 -0.017260758 0.999459863 -0.027965907 -0.137551397 -0.155757979 0.024940755 0.987480342 0.752719343
0.988424599 0.020220341 0.150359407 -0.218815371 -0.019921793 0.999795437 -0.003491746 -0.101907514 -0.150399253 0.000455899 0.988625228 0.763790786
0.989298820 0.013369053 0.145289615 -0.215630889 -0.016956735 0.999580443 0.023483006 -0.064576350 -0.144914702 -0.025695348 0.989110470 0.775124848
0.990217507 0.005946695 0.139405727 -0.213367820 -0.013043894 0.998661399 0.050052170 -0.027916405 -0.138921469 -0.051380929 0.988969564 0.784839630
0.990594685 -0.003848796 0.136774689 -0.210173190 -0.005995763 0.997423172 0.071491666 0.004439140 -0.136697412 -0.071639337 0.988019049 0.793627143
0.991250515 -0.013590038 0.131292433 -0.209060222 0.002493559 0.996436059 0.084314547 0.034544695 -0.131970346 -0.083249457 0.987751663 0.800517142
0.991545856 -0.018980015 0.128360942 -0.207845107 0.007257586 0.995807767 0.091182090 0.060282875 -0.129553452 -0.089479633 0.987526834 0.806273222
0.991729915 -0.022556880 0.126344547 -0.206754550 0.010471953 0.995373368 0.095510043 0.080790728 -0.127914414 -0.093397088 0.987377763 0.810542464
0.991892755 -0.021235809 0.125290886 -0.206390768 0.008422947 0.994756818 0.101921260 0.094547316 -0.126798347 -0.100039646 0.986870944 0.811419129
0.991896868 -0.018215463 0.125733137 -0.205487967 0.004168006 0.993801057 0.111094937 0.103973307 -0.126977384 -0.109670669 0.985824049 0.812140942
0.991853952 -0.015744165 0.126403660 -0.204602093 -0.000322842 0.992018282 0.126093745 0.104906872 -0.127379984 -0.125107378 0.983932137 0.810657918
0.991626441 -0.015528803 0.128202364 -0.204258308 -0.002531708 0.990215361 0.139524475 0.095728666 -0.129114613 -0.138680741 0.981884480 0.807207644
0.991186559 -0.015109926 0.131608784 -0.205222026 -0.003945908 0.989665508 0.143340766 0.075769618 -0.132414550 -0.142596751 0.980883539 0.800702214
0.990647495 -0.011606655 0.135951385 -0.205795303 -0.006880633 0.990858376 0.134730771 0.047334075 -0.136272326 -0.134406134 0.981511533 0.793796241
0.989971757 -0.004010541 0.141208380 -0.206407458 -0.012485180 0.993201256 0.115738548 0.012425903 -0.140712500 -0.116340913 0.983191133 0.785680652
0.988933504 0.007033070 0.148192689 -0.206811652 -0.020740114 0.995620847 0.091153786 -0.026982194 -0.146902636 -0.093218565 0.984748662 0.777824402
0.988125980 0.016259428 0.152782977 -0.208124220 -0.026545659 0.997497499 0.065529019 -0.068420708 -0.151335180 -0.068806648 0.986084819 0.767528176
0.986707270 0.025655596 0.160469696 -0.209600046 -0.032925837 0.998540461 0.042811900 -0.110826783 -0.159137115 -0.047526412 0.986111879 0.757771909
0.985218227 0.030465748 0.168573186 -0.211508632 -0.034470681 0.999187529 0.020882020 -0.152553901 -0.167800024 -0.026384177 0.985467911 0.748341322
0.984312594 0.032162484 0.173477054 -0.213093370 -0.032483820 0.999471784 -0.000987246 -0.192351595 -0.173417181 -0.004663439 0.984837413 0.740425229
0.984372318 0.027863339 0.173881665 -0.216669083 -0.024931747 0.999508142 -0.019021643 -0.228528693 -0.174326137 0.014389207 0.984582841 0.727455914
0.984806061 0.021807352 0.172282919 -0.219260171 -0.016034218 0.999264598 -0.034830615 -0.257602036 -0.172915772 0.031538978 0.984431505 0.720052063
0.984990656 0.017935092 0.171673268 -0.220766470 -0.010260845 0.998912275 -0.045486104 -0.278081059 -0.172302336 0.043041874 0.984103322 0.714671850
0.985175312 0.012859171 0.171068117 -0.221319169 -0.004128400 0.998674989 -0.051294986 -0.289786488 -0.171501055 0.049828317 0.983923018 0.712498903
0.984922767 0.010316706 0.172686696 -0.219747141 -0.001495594 0.998690665 -0.051133964 -0.291881055 -0.172988117 0.050104734 0.983648658 0.712832153
0.985178590 0.008733058 0.171309486 -0.219101280 -0.000755492 0.998914361 -0.046578184 -0.283678055 -0.171530262 0.045758404 0.984115601 0.716966212
0.985477448 0.009572235 0.169536322 -0.218470871 -0.003016211 0.999239087 -0.038885735 -0.265644342 -0.169779539 0.037809655 0.984756470 0.724014580
0.985341847 0.012660577 0.170120865 -0.217277750 -0.007838476 0.999549031 -0.028986981 -0.239476696 -0.170411140 0.027228599 0.984996796 0.734162450
0.985201061 0.011155755 0.171039179 -0.214171618 -0.008472602 0.999829471 -0.016409319 -0.208998010 -0.171193078 0.014717331 0.985127568 0.747139633
0.984632015 0.015586488 0.173945025 -0.212278754 -0.015775561 0.999875486 -0.000295637 -0.170919761 -0.173927978 -0.002452987 0.984755337 0.760857403
0.984640419 0.011641692 0.174206078 -0.210930184 -0.015298529 0.999689579 0.019663330 -0.131106809 -0.173923105 -0.022026405 0.984512866 0.773910761
0.984786808 0.009597749 0.173501506 -0.209690943 -0.017597243 0.998848736 0.044626895 -0.090065733 -0.172873452 -0.047001127 0.983821988 0.785756409
0.984696984 0.004761710 0.174210042 -0.207333252 -0.017359085 0.997335255 0.070859402 -0.051888436 -0.173408419 -0.072799161 0.982155681 0.797375381
0.985349119 -0.002962021 0.170523658 -0.206272393 -0.013719194 0.995232403 0.096561939 -0.014706519 -0.169996694 -0.097486675 0.980610788 0.805306435
0.986128807 -0.009704565 0.165698007 -0.205793008 -0.010543768 0.992610574 0.120884791 0.019139495 -0.165646717 -0.120955050 0.978739500 0.810961485
0.987153709 -0.020435948 0.158461034 -0.205537438 -0.002167928 0.989981771 0.141178548 0.046220444 -0.159758657 -0.139708459 0.977219880 0.814506352
0.987823009 -0.029915955 0.152678683 -0.205187663 0.005734417 0.987673342 0.156423971 0.064167306 -0.155476227 -0.153643683 0.975817978 0.818115115
0.988099813 -0.033677541 0.150081933 -0.205176845 0.008458078 0.986156344 0.165602192 0.074478798 -0.153581321 -0.162362084 0.974705756 0.817665040
0.988230050 -0.032511208 0.149480343 -0.205120534 0.006534822 0.985235274 0.171081245 0.075216353 -0.152835369 -0.168090791 0.973851562 0.815557361
0.988234699 -0.027716566 0.150412619 -0.205297977 0.001138244 0.984748304 0.173981354 0.065205641 -0.152940720 -0.171763197 0.973194003 0.810901642
0.988336325 -0.028299987 0.149634436 -0.206551418 0.001977061 0.984882951 0.173209965 0.043813050 -0.152274236 -0.170893848 0.973451495 0.804771364
0.988383353 -0.026421394 0.149667129 -0.208279923 0.001041736 0.985927463 0.167170599 0.012602389 -0.151977822 -0.165072724 0.974501789 0.794909120
0.988592267 -0.022351254 0.148948774 -0.210136369 -0.000580001 0.988355398 0.152162150 -0.026060332 -0.150615349 -0.150512710 0.977067530 0.782821596
0.988135278 -0.015998008 0.152750447 -0.211637154 -0.004118856 0.991442204 0.130481362 -0.070465043 -0.153530672 -0.129562408 0.979613125 0.770168722
0.987224042 -0.012241814 0.158867329 -0.212051719 -0.004676690 0.994388521 0.105686061 -0.116345815 -0.159269631 -0.105078794 0.981627047 0.759216249
0.985251009 -0.006962943 0.170973569 -0.212417752 -0.007002142 0.996694267 0.080941126 -0.164193973 -0.170971960 -0.080944508 0.981945276 0.746847689
0.983385623 -0.006289680 0.181419760 -0.212866575 -0.003882891 0.998442113 0.055662412 -0.209375635 -0.181487232 -0.055442046 0.981829166 0.734843373
0.981629610 -0.006996932 0.190668166 -0.213900790 0.001267765 0.999544501 0.030153273 -0.250963807 -0.190792292 -0.029357621 0.981191337 0.723006368
0.981274307 -0.014787061 0.192047045 -0.216376454 0.013600148 0.999879420 0.007497131 -0.284568250 -0.192134753 -0.004744874 0.981357098 0.713686526
0.981677592 -0.021315308 0.189353675 -0.218383864 0.024077909 0.999634385 -0.012300931 -0.308857262 -0.189022243 0.016634788 0.981831908 0.706766903
0.982351422 -0.020336987 0.185935616 -0.218654454 0.025832685 0.999296665 -0.027181949 -0.322632521 -0.185252041 0.031505443 0.982185900 0.703167558
0.982477963 -0.017918870 0.185515344 -0.217611179 0.025192570 0.999000430 -0.036925171 -0.325957865 -0.184668243 0.040951777 0.981947362 0.703238368
0.982446730 -0.014685935 0.185964227 -0.215691224 0.023268428 0.998758197 -0.044053067 -0.319097906 -0.185086340 0.047606889 0.981568456 0.706775188
0.982790053 -0.011567860 0.184363499 -0.214228988 0.020694584 0.998649359 -0.047656912 -0.302474350 -0.183563218 0.050652068 0.981702030 0.713346779
0.983449876 -0.011700815 0.180802107 -0.212576330 0.020515764 0.998685956 -0.046961766 -0.277293622 -0.180015028 0.049893837 0.982397676 0.722847104
0.983534515 -0.006900235 0.180588648 -0.210604727 0.014045783 0.999166846 -0.038319279 -0.244788781 -0.180173770 0.040224839 0.982811987 0.734605432
0.983713984 -0.001666789 0.179733142 -0.208980739 0.005757839 0.999736011 -0.022242524 -0.208973676 -0.179648623 0.022915155 0.983463883 0.747947335
0.983016789 0.005757972 0.183425248 -0.206744283 -0.005876279 0.999982715 0.000101455 -0.166743949 -0.183421493 -0.001177590 0.983033657 0.761226594
0.981924534 0.009907026 0.189013287 -0.204457372 -0.015548134 0.999476135 0.028385617 -0.122891240 -0.188633040 -0.030811340 0.981564164 0.774690568
0.981233418 0.007024158 0.192695662 -0.202917099 -0.018441847 0.998173833 0.057522964 -0.079290517 -0.191939726 -0.059997115 0.979571104 0.787421346
0.981776834 0.000134978 0.190037400 -0.202536210 -0.016467128 0.996298790 0.084365323 -0.039309345 -0.189322650 -0.085957289 0.978145301 0.798971832
0.982938766 -0.006990373 0.183800265 -0.203160912 -0.012676852 0.994326711 0.105610743 -0.001571679 -0.183495775 -0.106138900 0.977273643 0.806717992
0.984252274 -0.012420727 0.176332772 -0.203455523 -0.009356663 0.992469311 0.122135594 0.031695813 -0.176521868 -0.121862113 0.976723909 0.811520755
0.985603750 -0.015203923 0.168386728 -0.203968897 -0.008213419 0.990466893 0.137505844 0.058379147 -0.168872118 -0.136909321 0.976083040 0.813605487
0.986122608 -0.015087515 0.165331632 -0.203061253 -0.010696718 0.988018632 0.153963402 0.076137587 -0.165673673 -0.153595313 0.974146128 0.814884782
0.986398339 -0.014425059 0.163738355 -0.202218577 -0.014078365 0.985067129 0.171594054 0.083621472 -0.163768515 -0.171565264 0.971465528 0.813411653
0.986504793 -0.015723377 0.162975833 -0.201492593 -0.015228663 0.982252359 0.186944723 0.079255559 -0.163022801 -0.186903775 0.968757212 0.809798539
0.986915112 -0.020453144 0.159938350 -0.201203346 -0.011074687 0.980981171 0.193786740 0.061708059 -0.160860047 -0.193022341 0.967918634 0.803674400
0.987897873 -0.021146361 0.153657436 -0.201061517 -0.008442475 0.981863201 0.189402714 0.033710148 -0.154875755 -0.188407794 0.969802022 0.796030939
0.988394320 -0.007880172 0.151705578 -0.200104237 -0.019000633 0.984398127 0.174926624 -0.003471102 -0.150717124 -0.175778970 0.972823799 0.786350012
0.986922562 0.013828893 0.160600767 -0.198439956 -0.038161855 0.988034844 0.149434954 -0.047118742 -0.156612650 -0.153609544 0.975641608 0.774579406
0.985312760 0.026867382 0.168632358 -0.197736740 -0.047170050 0.991943538 0.117571346 -0.094403103 -0.164114952 -0.123798944 0.978641987 0.763084888
0.983909607 0.034633912 0.175278157 -0.198778018 -0.049782164 0.995323837 0.082778104 -0.140918285 -0.171591610 -0.090171896 0.981032789 0.752503872
0.982270539 0.036635675 0.183854356 -0.201211527 -0.045794666 0.997899532 0.045819033 -0.187365487 -0.181789562 -0.053426232 0.981885016 0.741186202
0.980048418 0.042329282 0.194199339 -0.204295576 -0.045341931 0.998909950 0.011092465 -0.228774875 -0.193518117 -0.019676525 0.980899394 0.730219781
0.978116095 0.043867931 0.203382611 -0.206628084 -0.041344859 0.999006391 -0.016639922 -0.263062954 -0.203910470 0.007866951 0.978957951 0.721285343
0.977029264 0.042924013 0.208737493 -0.206631526 -0.035892423 0.998657107 -0.037359938 -0.288742185 -0.210060805 0.029009661 0.977257848 0.714165986
0.976302028 0.044017091 0.211888850 -0.207475290 -0.033621892 0.998059154 -0.052416835 -0.303638190 -0.213784844 0.044050556 0.975887060 0.710008621
0.976673603 0.042329405 0.210515827 -0.207267493 -0.030074168 0.997679651 -0.061081108 -0.308205217 -0.212612867 0.053325217 0.975680351 0.709513962
0.977189004 0.040301479 0.208512336 -0.206395492 -0.027931975 0.997689486 -0.061931785 -0.302318394 -0.210526496 0.054694902 0.976056874 0.712924540
0.978184640 0.033608109 0.205000773 -0.204634309 -0.022266384 0.998103857 -0.057383928 -0.287263483 -0.206540629 0.051567454 0.977078199 0.719482243
0.978522599 0.027802061 0.204256207 -0.202314973 -0.018418700 0.998691976 -0.047697842 -0.263192236 -0.205315143 0.042911284 0.977754712 0.730300188
0.978154719 0.022193454 0.206690118 -0.199436530 -0.015602722 0.999318182 -0.033462878 -0.231845871 -0.207291856 0.029506942 0.977834046 0.744388759
0.978073120 0.018277755 0.207458258 -0.196556270 -0.015254890 0.999752998 -0.016161537 -0.193935335 -0.207702428 0.012642412 0.978110373 0.760082304
0.978791237 0.016078932 0.204228282 -0.192463905 -0.016724447 0.999859095 0.001435043 -0.154291227 -0.204176426 -0.004820213 0.978922248 0.774907291
0.981192529 0.005133845 0.192963377 -0.190990746 -0.008246751 0.999848425 0.015332352 -0.112827927 -0.192855433 -0.016635310 0.981086135 0.790051341
0.983655751 -0.005427864 0.179977581 -0.190511763 0.000496444 0.999623477 0.027433921 -0.071950808 -0.180058733 -0.026896186 0.983288109 0.804414570
0.985545933 -0.015588928 0.168689653 -0.190651402 0.009386510 0.999252439 0.037503414 -0.033408597 -0.169148192 -0.035377927 0.984955490 0.817454040
0.986861825 -0.021838136 0.160083786 -0.190456212 0.014627341 0.998830438 0.046084810 0.001752541 -0.160902962 -0.043137740 0.986027062 0.829140484
0.988083661 -0.027652856 0.151413277 -0.191268921 0.019578964 0.998318672 0.054557376 0.034198258 -0.152667359 -0.050942741 0.986963809 0.838607788
0.988948107 -0.027751118 0.145641848 -0.192190751 0.019032802 0.997961342 0.060917165 0.061435208 -0.147035465 -0.057471942 0.987460136 0.846959233
0.989698589 -0.026929092 0.140611276 -0.192779005 0.018181209 0.997839570 0.063131489 0.083047092 -0.142007574 -0.059924662 0.988050044 0.854415894
0.990259409 -0.023577809 0.137223750 -0.193719685 0.014757648 0.997779906 0.064941853 0.098850720 -0.138450295 -0.062284183 0.988408923 0.860914648
0.990869522 -0.017641818 0.133665159 -0.193588436 0.008814784 0.997757852 0.066344611 0.109930173 -0.134535894 -0.064560629 0.988803327 0.866558492
0.992075622 -0.012642886 0.125004709 -0.193181649 0.004435877 0.997828543 0.065715186 0.117532864 -0.125564098 -0.064639933 0.989977419 0.870077133
0.993239284 -0.009634633 0.115684576 -0.193296254 0.002449260 0.998067319 0.062093940 0.122656569 -0.116059251 -0.061390799 0.991343260 0.872911155
0.994107425 -0.009376166 0.107993081 -0.194745213 0.003193257 0.998352826 0.057284053 0.126747832 -0.108352304 -0.056601655 0.992499888 0.874773204
0.994498074 -0.007947813 0.104453154 -0.195493564 0.002643376 0.998704135 0.050823569 0.129960284 -0.104721732 -0.050267830 0.993230343 0.877255440
0.994764984 -0.002781260 0.102151535 -0.195757896 -0.001764322 0.999013126 0.044381123 0.132876724 -0.102174155 -0.044329014 0.993778348 0.879461288
0.995112598 0.000356842 0.098746344 -0.196054235 -0.004247473 0.999222636 0.039192837 0.136159390 -0.098655596 -0.039420705 0.994340539 0.881535530
0.995413959 0.001884338 0.095642835 -0.196728826 -0.005349766 0.999337852 0.035989542 0.140557811 -0.095511690 -0.036336157 0.994764924 0.882583618
0.995420218 0.003427716 0.095534243 -0.196201608 -0.006766467 0.999376714 0.034646209 0.144351065 -0.095355935 -0.035133969 0.994823039 0.884319425
0.995545745 0.000524148 0.094278328 -0.195404232 -0.003222771 0.999589324 0.028474014 0.146141931 -0.094224684 -0.028651021 0.995138586 0.884365559
0.995429218 -0.000310107 0.095501766 -0.194225565 -0.001031833 0.999901414 0.014001769 0.146247119 -0.095496699 -0.014036312 0.995330751 0.884054899
0.995049834 -0.004045401 0.099294960 -0.192856058 0.003716701 0.999987006 0.003495092 0.146907687 -0.099307805 -0.003108740 0.995051920 0.883822680
0.994549572 -0.010256732 0.103758939 -0.192263350 0.010717914 0.999935031 -0.003888158 0.147695318 -0.103712313 0.004979045 0.994594872 0.883227408
0.993969738 -0.018259298 0.108124040 -0.191764668 0.019802980 0.999716520 -0.013220368 0.147517592 -0.107851990 0.015281823 0.994049489 0.881857097
0.993257940 -0.016704479 0.114715457 -0.190620080 0.019678487 0.999497712 -0.024841664 0.147274479 -0.114242867 0.026931608 0.993087709 0.880528510
0.992502987 -0.016406694 0.121113934 -0.189895570 0.021051629 0.999087095 -0.037172329 0.147106424 -0.120393492 0.039443295 0.991942346 0.878815472
0.999669850 0.017592896 -0.018727267 -0.229801476 -0.018148854 0.999386847 -0.029943176 -0.181827202 0.018188996 0.030273169 0.999376178 0.627383709
0.999709368 0.014143676 -0.019521806 -0.230073959 -0.014728881 0.999436378 -0.030166090 -0.182418019 0.019084144 0.030444857 0.999354243 0.629120171
0.999684513 0.016008345 -0.019354301 -0.229318172 -0.016581288 0.999417901 -0.029814007 -0.182194516 0.018865762 0.030125519 0.999368072 0.626324534
0.999711454 0.013318473 -0.019991821 -0.229769915 -0.013917414 0.999449253 -0.030125359 -0.182289943 0.019579588 0.030394899 0.999346197 0.628245294
0.999712348 0.013593117 -0.019759571 -0.229912192 -0.014187826 0.999440908 -0.030275367 -0.181805074 0.019336985 0.030547004 0.999346256 0.627765834
0.999728084 0.011691238 -0.020176617 -0.230324849 -0.012301872 0.999461770 -0.030410562 -0.181714803 0.019810220 0.030650504 0.999333858 0.627964199
0.999724448 0.011774353 -0.020306246 -0.230287030 -0.012385466 0.999466062 -0.030236414 -0.181758463 0.019939391 0.030479586 0.999336481 0.627994061
0.999723971 0.011437051 -0.020521412 -0.230416581 -0.012054546 0.999470472 -0.030223226 -0.181749359 0.020164879 0.030462259 0.999332488 0.628175318
0.999718904 0.011352212 -0.020813098 -0.230414465 -0.011979547 0.999469995 -0.030268651 -0.181868255 0.020458451 0.030509476 0.999325097 0.628028870
0.999716938 0.010748119 -0.021225568 -0.230062783 -0.011390527 0.999473512 -0.030380487 -0.181933373 0.020887859 0.030613657 0.999312997 0.628587782
0.999720514 0.010615774 -0.021124523 -0.230296016 -0.011254362 0.999476135 -0.030344045 -0.181882724 0.020791333 0.030573307 0.999316275 0.628223181
0.999722838 0.010574998 -0.021034515 -0.230314791 -0.011210946 0.999476492 -0.030349027 -0.181899175 0.020702561 0.030576430 0.999318004 0.628585637
0.999720931 0.011148994 -0.020827811 -0.230410725 -0.011776476 0.999472916 -0.030251499 -0.181747139 0.020479560 0.030488335 0.999325275 0.628207505
0.999718845 0.011046316 -0.020981016 -0.229936361 -0.011677217 0.999475956 -0.030189482 -0.182089776 0.020636538 0.030425994 0.999323964 0.628767133
0.999720097 0.011118722 -0.020883970 -0.229976371 -0.011746106 0.999475956 -0.030162955 -0.182092458 0.020537652 0.030399816 0.999326825 0.628697336
0.999725699 0.010901531 -0.020729825 -0.230676889 -0.011525543 0.999476671 -0.030224841 -0.181562319 0.020389479 0.030455474 0.999328136 0.627889991
0.999721885 0.011113922 -0.020800643 -0.230404913 -0.011739467 0.999475002 -0.030196866 -0.181711137 0.020454116 0.030432655 0.999327540 0.628277659
0.999723434 0.010897276 -0.020841099 -0.230382651 -0.011523227 0.999478817 -0.030154021 -0.181760415 0.020501640 0.030385839 0.999327958 0.628373861
0.999721825 0.010969829 -0.020878708 -0.230409995 -0.011597546 0.999477029 -0.030185200 -0.181709826 0.020536663 0.030418947 0.999326229 0.628350317
0.999722540 0.011023140 -0.020817295 -0.230428308 -0.011649031 0.999476373 -0.030187929 -0.181784555 0.020473629 0.030422052 0.999327421 0.628323495
0.999720216 0.010974999 -0.020952594 -0.230450705 -0.011605690 0.999475896 -0.030220464 -0.181797206 0.020609941 0.030455180 0.999323606 0.628212810
0.999720335 0.010889264 -0.020992940 -0.230357856 -0.011519929 0.999478757 -0.030158680 -0.181730777 0.020653592 0.030392081 0.999324620 0.628187060
0.999720335 0.010978374 -0.020944867 -0.230416715 -0.011608566 0.999476254 -0.030207710 -0.181926936 0.020602267 0.030442404 0.999324203 0.628269851
0.999723077 0.010847726 -0.020883696 -0.230468526 -0.011475344 0.999478877 -0.030171579 -0.181848049 0.020545518 0.030402871 0.999326527 0.628045380
0.999721527 0.011028194 -0.020861493 -0.230423868 -0.011655695 0.999475896 -0.030200869 -0.181794554 0.020517500 0.030435614 0.999326110 0.628126085
0.999723077 0.010819019 -0.020899191 -0.230438620 -0.011447295 0.999478936 -0.030180236 -0.181814879 0.020561781 0.030411119 0.999325991 0.628342509
0.999723613 0.010772904 -0.020896301 -0.230415672 -0.011401303 0.999479175 -0.030189926 -0.181842998 0.020560183 0.030419828 0.999325752 0.628131270
0.999721229 0.010893697 -0.020946041 -0.230389372 -0.011524271 0.999476731 -0.030223524 -0.181854889 0.020605836 0.030456489 0.999323666 0.628167391
0.999724805 0.010922411 -0.020762250 -0.230440453 -0.011548481 0.999474823 -0.030277481 -0.181858703 0.020420644 0.030508922 0.999325871 0.627986848
0.999726653 0.010958967 -0.020652905 -0.230447546 -0.011581478 0.999474764 -0.030266985 -0.181820750 0.020310361 0.030497901 0.999328434 0.627806187
0.999728024 0.010833729 -0.020652190 -0.230509967 -0.011457538 0.999474287 -0.030330388 -0.181682467 0.020312741 0.030558763 0.999326527 0.627854645
0.999725759 0.011144767 -0.020594893 -0.230484590 -0.011765448 0.999472618 -0.030266436 -0.181772992 0.020246720 0.030500444 0.999329686 0.627598941
0.999723256 0.010762122 -0.020917302 -0.230530351 -0.011390505 0.999480247 -0.030158045 -0.181912407 0.020581866 0.030387959 0.999326229 0.627861381
0.999724746 0.010904688 -0.020773081 -0.230439648 -0.011531342 0.999474645 -0.030289631 -0.181861073 0.020431871 0.030520834 0.999325275 0.628460467
0.999726832 0.010656722 -0.020801725 -0.230387062 -0.011286225 0.999474585 -0.030382982 -0.181847051 0.020467011 0.030609453 0.999321878 0.627973735
0.999726057 0.010911950 -0.020705739 -0.230473518 -0.011538823 0.999471188 -0.030401418 -0.181809664 0.020363050 0.030632010 0.999323308 0.627812147
0.999723792 0.010743121 -0.020903997 -0.230359286 -0.011369105 0.999483407 -0.030060941 -0.181925416 0.020570248 0.030290296 0.999329448 0.627804577
0.999724209 0.010884980 -0.020809185 -0.230328947 -0.011510335 0.999478459 -0.030172152 -0.181854859 0.020469908 0.030403351 0.999328077 0.628020346
0.999726236 0.010729832 -0.020791998 -0.230751231 -0.011355403 0.999479175 -0.030206401 -0.182543397 0.020457061 0.030434232 0.999327421 0.626525819
0.999726295 0.010788601 -0.020757999 -0.230834886 -0.011413326 0.999478221 -0.030216381 -0.182676017 0.020421177 0.030445028 0.999327838 0.626319885
0.999724686 0.010796029 -0.020832971 -0.230365723 -0.011423504 0.999477386 -0.030239165 -0.181933880 0.020495620 0.030468825 0.999325573 0.627841592
0.999724448 0.010974316 -0.020749556 -0.230376914 -0.011600671 0.999473214 -0.030311013 -0.181869626 0.020405984 0.030543370 0.999325097 0.627819002
0.999725819 0.010727691 -0.020812338 -0.230700523 -0.011357242 0.999474168 -0.030370431 -0.181482658 0.020475591 0.030598475 0.999321997 0.627772689
0.999726415 0.010750311 -0.020772424 -0.230732098 -0.011378868 0.999473572 -0.030381765 -0.181456253 0.020434875 0.030609820 0.999322474 0.627762794
0.999725938 0.010756982 -0.020793056 -0.230402470 -0.011385928 0.999473870 -0.030370003 -0.181847006 0.020455426 0.030598426 0.999322414 0.628028989
0.999725878 0.010791675 -0.020777805 -0.230424881 -0.011420677 0.999472678 -0.030396039 -0.181793138 0.020438826 0.030625002 0.999321938 0.628043830
0.999725819 0.010651169 -0.020853458 -0.230536506 -0.011283020 0.999473512 -0.030420057 -0.181437463 0.020518469 0.030647006 0.999319673 0.627993345
0.999724686 0.010732583 -0.020866394 -0.230507448 -0.011364951 0.999472380 -0.030427013 -0.181397736 0.020528823 0.030655779 0.999319136 0.628033996
0.999725282 0.010767535 -0.020818481 -0.230439842 -0.011396120 0.999475420 -0.030314535 -0.181717813 0.020481149 0.030543458 0.999323606 0.628259420
0.999725640 0.010687421 -0.020843074 -0.230495140 -0.011317414 0.999475420 -0.030345598 -0.181789219 0.020507824 0.030573161 0.999322116 0.628207147
0.999725401 0.010620578 -0.020888546 -0.230603144 -0.011253037 0.999474585 -0.030397033 -0.181899279 0.020554738 0.030623747 0.999319613 0.627503216
0.999726295 0.010617569 -0.020846881 -0.230540380 -0.011249727 0.999473155 -0.030444438 -0.182020620 0.020512652 0.030670626 0.999319017 0.627432406
0.999726832 0.010597174 -0.020831717 -0.230481520 -0.011228480 0.999473989 -0.030425387 -0.181781441 0.020498337 0.030650983 0.999319911 0.628445446
0.999727368 0.010538318 -0.020834604 -0.230453327 -0.011170202 0.999473929 -0.030448509 -0.181727976 0.020502767 0.030672936 0.999319196 0.628378808
0.999726832 0.010467567 -0.020895815 -0.230374292 -0.011104232 0.999470353 -0.030588754 -0.181595430 0.020564558 0.030812431 0.999313593 0.628178537
0.999726295 0.010478706 -0.020917119 -0.230330080 -0.011113823 0.999473512 -0.030481834 -0.181757748 0.020586697 0.030705959 0.999316454 0.628175855
0.999725103 0.010522148 -0.020951513 -0.230445623 -0.011157300 0.999474525 -0.030432856 -0.181679338 0.020620286 0.030658254 0.999317229 0.628341675
0.999726534 0.010482932 -0.020902345 -0.230403066 -0.011117029 0.999474347 -0.030454375 -0.181725547 0.020572105 0.030678421 0.999317586 0.628273964
0.999726415 0.010492045 -0.020903876 -0.230210140 -0.011126353 0.999473989 -0.030462474 -0.181891873 0.020573268 0.030686725 0.999317288 0.627977550
0.999726474 0.010424370 -0.020935711 -0.230175614 -0.011060134 0.999474049 -0.030484792 -0.181924403 0.020606913 0.030708004 0.999315977 0.627722442
0.999724627 0.010481398 -0.020995125 -0.230380625 -0.011118281 0.999474406 -0.030451415 -0.181612402 0.020664915 0.030676460 0.999315739 0.628465176
0.998316705 0.018862318 -0.054844711 0.324212164 -0.020428304 0.999395370 -0.028134037 0.382995993 0.054280881 0.029207062 0.998098433 1.155995846
0.998318076 0.018846083 -0.054825068 0.324225038 -0.020403143 0.999400198 -0.027980754 0.382956445 0.054264858 0.029052297 0.998103857 1.155888081
0.998302341 0.019357592 -0.054933805 0.324242771 -0.020932522 0.999381959 -0.028240515 0.383134186 0.054353189 0.029342474 0.998090565 1.155568004
0.998304784 0.019154495 -0.054960929 0.324112594 -0.020732531 0.999384820 -0.028286917 0.382989258 0.054385297 0.029378442 0.998087764 1.156337023
0.998292208 0.019248232 -0.055156071 0.324403316 -0.020834763 0.999381304 -0.028335201 0.383224577 0.054576542 0.029435972 0.998075604 1.156094551
0.998287678 0.019310206 -0.055216640 0.324450195 -0.020896718 0.999381006 -0.028300900 0.383285284 0.054635964 0.029406287 0.998073220 1.155985475
0.998271942 0.019627886 -0.055388592 0.324249119 -0.021215426 0.999376535 -0.028220877 0.383113205 0.054800145 0.029347204 0.998065948 1.154926777
0.998242676 0.019136414 -0.056083634 0.324182719 -0.020735241 0.999390960 -0.028066032 0.383081168 0.055512398 0.029179618 0.998031497 1.156418681
0.998256624 0.019666746 -0.055650253 0.324540377 -0.021251220 0.999381304 -0.028024919 0.382875562 0.055064667 0.029158697 0.998056948 1.156176209
0.998276591 0.019796798 -0.055244282 0.324654967 -0.021379991 0.999373198 -0.028215701 0.382923990 0.054651074 0.029348196 0.998074114 1.156789184
0.998284221 0.019751571 -0.055122551 0.324584126 -0.021328297 0.999375761 -0.028163787 0.383025557 0.054531861 0.029291134 0.998082340 1.157298207
0.998290300 0.019830538 -0.054984387 0.324653864 -0.021403095 0.999374270 -0.028160226 0.382847965 0.054391552 0.029288914 0.998090029 1.157989264
0.998307586 0.019257793 -0.054873936 0.324351907 -0.020815792 0.999392211 -0.027963651 0.383237332 0.054302067 0.029058570 0.998101652 1.156253099
0.998315215 0.019185632 -0.054760385 0.324259251 -0.020741109 0.999393284 -0.027979532 0.383274794 0.054190356 0.029068181 0.998107433 1.156722546
0.998309553 0.019212196 -0.054853704 0.324337542 -0.020769192 0.999393344 -0.027956922 0.383297473 0.054283310 0.029048931 0.998102963 1.156433344
0.998308241 0.019378653 -0.054818492 0.324258685 -0.020938130 0.999388099 -0.028018193 0.383161992 0.054241996 0.029118592 0.998103142 1.156703591
0.998304963 0.019224672 -0.054932855 0.324327707 -0.020793153 0.999388099 -0.028125212 0.383552104 0.054358542 0.029219765 0.998093843 1.156225681
0.998301804 0.019425463 -0.054919094 0.324272931 -0.020988654 0.999386668 -0.028031474 0.383557320 0.054340884 0.029136548 0.998097241 1.156125069
0.998307228 0.019087611 -0.054939475 0.324274242 -0.020645982 0.999396384 -0.027938830 0.383245915 0.054373030 0.029025814 0.998098731 1.156264901
