1.000000000 0.000000000 0.000000000 0.000000477 0.000000000 1.000000000 0.000000000 0.000000954 0.000000000 0.000000000 1.000000000 -0.000000954
0.999972522 0.006690832 -0.003190178 -0.002281440 -0.006596433 0.999565244 0.028735889 0.081510976 0.003381058 -0.028714055 0.999581933 0.022852115
0.999959469 0.004914027 -0.007540380 -0.004639893 -0.004213963 0.995914578 0.090202175 0.113482475 0.007952830 -0.090166740 0.995894909 0.027403755
0.999875486 0.015511760 -0.002900900 -0.006394883 -0.015252243 0.997097313 0.074594207 0.027836127 0.004049567 -0.074540667 0.997209728 0.004395057
0.998712718 0.040851932 0.030067664 -0.010856845 -0.041384693 0.998993218 0.017314767 -0.118929103 -0.029330052 -0.018536819 0.999397874 -0.037478551
0.998956501 0.035135929 0.029178960 -0.015330622 -0.033981059 0.998654425 -0.039173972 -0.245842770 -0.030516112 0.038141560 0.998806298 -0.071087174
0.999133587 0.027997579 0.030792311 -0.016321925 -0.024817511 0.994757354 -0.099206254 -0.315656424 -0.033408411 0.098356113 0.994590342 -0.101284072
0.998213351 0.041571096 0.042918570 -0.022131877 -0.038437538 0.996705413 -0.071420722 -0.281328291 -0.045746207 0.069643430 0.996522486 -0.088031203
0.998849690 0.033492360 0.034315340 0.000409279 -0.032058563 0.998623490 -0.041514099 -0.146839827 -0.035658509 0.040366247 0.998548448 -0.042930234
0.999294817 0.025411004 0.027642667 0.004102255 -0.025131585 0.999629974 -0.010409169 -0.019150870 -0.027896944 0.009707125 0.999563694 -0.007144279
0.999184251 0.024830734 0.031847730 0.002324205 -0.026526460 0.998189807 0.053976741 0.072798826 -0.030449796 -0.054777514 0.998034179 0.018187812
0.999453187 0.024905926 0.021748174 -0.003332148 -0.026366917 0.997219563 0.069698922 0.053437039 -0.019951787 -0.070234247 0.997330964 0.008983125
0.999295592 0.026929412 0.026136128 -0.010672580 -0.027429294 0.999443948 0.018959738 -0.059529364 -0.025611019 -0.019663278 0.999478579 -0.023048282
0.998523176 0.030343771 0.045063645 -0.017294185 -0.030391067 0.999538004 0.000364668 -0.226194486 -0.045031764 -0.001733662 0.998984039 -0.047369704
0.997620404 0.011422873 0.067993216 -0.001798487 -0.007395460 0.998219192 -0.059192229 -0.307061583 -0.068548284 0.058548536 0.995928288 -0.096805468
0.996861696 0.020206906 0.076540157 0.003195222 -0.013098466 0.995648742 -0.092260346 -0.339615703 -0.078071415 0.090968251 0.992788792 -0.107572451
0.996979177 0.026755417 0.072915606 0.005251575 -0.021122655 0.996810794 -0.076955259 -0.266149372 -0.074742027 0.075182617 0.994364738 -0.084201418
0.997676194 0.031985682 0.060158860 0.013391166 -0.028899478 0.998255312 -0.051489580 -0.136976898 -0.061700832 0.049631368 0.996859908 -0.038066123
0.998407245 0.017971905 0.053479377 0.016870806 -0.019143490 0.999586046 0.021476198 -0.010218509 -0.053071272 -0.022465773 0.998337984 0.003257250
0.998560369 0.020168686 0.049702894 0.019155409 -0.023760835 0.997065306 0.072775073 0.078546338 -0.048089255 -0.073851295 0.996109128 0.024699967
0.999039471 0.032002483 0.029933766 0.012216034 -0.034238797 0.996408165 0.077450208 0.082809009 -0.027347650 -0.078400709 0.996546745 0.020178093
0.998939633 0.035259843 0.029603204 0.007764539 -0.037176087 0.997067392 0.066892371 -0.011835564 -0.027157774 -0.067921966 0.997320950 -0.003395141
0.997805476 0.044172920 0.049325507 0.009908085 -0.045726597 0.998478234 0.030826839 -0.151074201 -0.047888737 -0.033014677 0.998306930 -0.033629529
0.996096492 0.044705886 0.076113142 0.003536003 -0.041244220 0.998068273 -0.046461158 -0.292780578 -0.078043200 0.043140568 0.996016145 -0.079008922
0.996367633 0.026727078 0.080852754 -0.000191411 -0.019386558 0.995730579 -0.090248369 -0.370381534 -0.082919635 0.088353105 0.992631912 -0.109735817
0.995596290 0.018141715 0.091972299 0.011404271 -0.011116005 0.997020364 -0.076333933 -0.354382277 -0.093083076 0.074975409 0.992831409 -0.094751559
0.992739081 0.041671462 0.112838797 0.010638623 -0.035749942 0.997900605 -0.054002814 -0.251426935 -0.114852287 0.049576722 0.992144704 -0.057457000
0.994665027 0.050423715 0.089994229 0.021267027 -0.049241211 0.998669505 -0.015313399 -0.147831142 -0.090646647 0.010800277 0.995824575 -0.023618005
0.998427093 0.034401637 0.044270821 0.022243593 -0.036289286 0.998434365 0.042565856 -0.081458203 -0.042737179 -0.044105459 0.998112321 -0.027747137
0.999522209 0.014417926 0.027340168 0.016975177 -0.017556088 0.992827713 0.118257597 -0.064985357 -0.025439048 -0.118681073 0.992606521 -0.044740114
0.997600198 -0.007133400 0.068868928 0.014700954 -0.007251315 0.978443921 0.206385478 -0.066672236 -0.068856619 -0.206389591 0.976044118 -0.056051277
0.996593237 -0.029248854 0.077113330 0.006647119 0.006284984 0.959216535 0.282602459 -0.068818249 -0.082234174 -0.281155020 0.956132531 -0.075181007
0.996679842 -0.034030560 0.073967613 0.008892213 0.006115905 0.937189400 0.348767281 -0.066077039 -0.081190415 -0.347156942 0.934285939 -0.098856755
0.997435451 -0.035641119 0.062066589 0.027039457 0.011874684 0.937580585 0.347565293 -0.074709199 -0.070580043 -0.345936894 0.935599327 -0.104530163
0.998446763 -0.026488489 0.049014326 0.039187413 0.009311935 0.946714938 0.321938068 -0.077836014 -0.054930244 -0.320981592 0.945491135 -0.097407594
0.999015629 -0.008334870 0.043569386 0.043623433 -0.006477014 0.944255292 0.329150438 -0.080716811 -0.043884046 -0.329108655 0.943271816 -0.087421678
0.998861551 -0.010291817 0.046579972 0.069658361 -0.006048368 0.941245496 0.337668955 -0.085609794 -0.047318414 -0.337566257 0.940111697 -0.075480901
0.998474538 -0.029379113 0.046748713 0.126511559 0.011692313 0.939988673 0.341005296 -0.089166686 -0.053961694 -0.339938492 0.938898265 -0.067380689
0.996654510 -0.052973330 0.062238377 0.200233638 0.030032570 0.945609212 0.323915511 -0.099444568 -0.076012060 -0.320962697 0.944036603 -0.057655390
0.993574798 -0.069766246 0.089117013 0.272970408 0.036843859 0.943900824 0.328167319 -0.103367321 -0.107012622 -0.322775364 0.940406501 -0.049716145
0.990581036 -0.082959652 0.108935215 0.325907320 0.039131582 0.933902919 0.355378777 -0.094396405 -0.131217018 -0.347768694 0.928352892 -0.044676043
0.991616070 -0.081321180 0.100421317 0.349026501 0.041422643 0.936175287 0.349084526 -0.089786999 -0.122399919 -0.341998130 0.931694984 -0.041138846
0.991031647 -0.084392697 0.103605762 0.339576662 0.043832913 0.937739730 0.344561815 -0.088317312 -0.126233742 -0.336930335 0.933028936 -0.044190150
0.992360294 -0.079721972 0.094156303 0.295778483 0.042254269 0.936646521 0.347718120 -0.090463966 -0.115911938 -0.341083169 0.932859421 -0.054309893
0.994445324 -0.071836025 0.076929182 0.226264521 0.040622357 0.936202705 0.349105060 -0.086954586 -0.097099632 -0.344040871 0.933920562 -0.063785955
0.996924520 -0.055482648 0.055346522 0.142635584 0.034166448 0.943294406 0.330194294 -0.089704186 -0.070528120 -0.327287793 0.942288995 -0.077265598
0.998396516 -0.038870085 0.041151609 0.044849642 0.023004964 0.942844450 0.332438201 -0.088357262 -0.051721465 -0.330958456 0.942226827 -0.087768890
0.999210775 -0.027063720 0.029075300 -0.050199613 0.015860464 0.942926168 0.332624018 -0.083221018 -0.036417902 -0.331900358 0.942611217 -0.096266061
0.999751985 -0.017406560 0.013892542 -0.141536340 0.011878132 0.944422662 0.328519017 -0.075317137 -0.018838817 -0.328272492 0.944395185 -0.103062138
0.999834239 -0.006853427 -0.016869539 -0.216828704 0.012250806 0.938607574 0.344769210 -0.059518881 0.013471028 -0.344918698 0.938535869 -0.108616270
0.998926580 -0.003002278 -0.046224184 -0.259113044 0.018001039 0.944625139 0.327657253 -0.055341378 0.042680807 -0.328137606 0.943665206 -0.111758098
0.999159217 0.003095926 -0.040881284 -0.255142510 0.010382956 0.945529997 0.325369358 -0.057915676 0.039661802 -0.325520277 0.944702864 -0.117658034
0.999917686 0.004493296 -0.012016638 -0.205550119 -0.000381839 0.946668863 0.322207958 -0.064098693 0.012823553 -0.322176844 0.946592629 -0.123558328
0.999906898 -0.000364193 0.013639366 -0.127888963 -0.004049151 0.946689248 0.322122872 -0.071149513 -0.013029557 -0.322148085 0.946599603 -0.125219613
0.999650359 -0.015557004 0.021381479 -0.036648866 0.007439457 0.941420496 0.337152898 -0.072279260 -0.025374051 -0.336875916 0.941207111 -0.120168254
0.999577761 -0.023206146 0.017486164 0.054039035 0.015971897 0.941541731 0.336517543 -0.075073868 -0.024273230 -0.336096138 0.941514850 -0.109192707
0.999073327 -0.035841621 0.023830786 0.130685031 0.025518009 0.939121664 0.342635870 -0.071574658 -0.034660630 -0.341710210 0.939166009 -0.097084239
0.997695208 -0.044532627 0.051196508 0.171948999 0.024973176 0.942531526 0.333182633 -0.061439659 -0.063091822 -0.331136167 0.941471338 -0.081426062
0.993733823 -0.048606090 0.100650363 0.197162762 0.020046391 0.963398218 0.267323881 -0.058828466 -0.109959953 -0.263631135 0.958335757 -0.057892971
0.988236606 -0.063005075 0.139351383 0.209395021 0.030682296 0.974348307 0.222943798 -0.068527251 -0.149823382 -0.216045603 0.964819789 -0.043522637
0.980125010 -0.100926183 0.170788825 0.234734774 0.055370785 0.965876818 0.253013998 -0.077587485 -0.190496713 -0.238528639 0.952268422 -0.012808283
0.977350891 -0.124517143 0.171116173 0.257035434 0.071457595 0.955265999 0.286985427 -0.092609175 -0.199196070 -0.268257886 0.942527771 0.033270068
0.986329198 -0.104206763 0.127654374 0.245112970 0.065479256 0.958724082 0.276695877 -0.116926976 -0.151218891 -0.264554530 0.952440977 0.090456575
0.996809065 -0.054989807 0.057860348 0.197369188 0.038822949 0.967335582 0.250508845 -0.134657845 -0.069745809 -0.247463182 0.966383696 0.145663828
0.998744786 -0.009535238 -0.049172133 0.102130704 0.022208780 0.964237869 0.264106244 -0.138975456 0.044895321 -0.264866799 0.963239312 0.167325169
0.987346709 0.033212636 -0.155059218 -0.017032815 0.011453479 0.960331082 0.278627008 -0.122151561 0.158162117 -0.276877433 0.947799385 0.133526683
0.973810017 0.050811175 -0.221612796 -0.120582640 0.015774090 0.957261205 0.288794428 -0.095163628 0.226815298 -0.284726650 0.931389034 0.057341181
0.977732956 0.057430431 -0.201841429 -0.164154440 0.007516317 0.951622725 0.307177037 -0.054180525 0.209718183 -0.301854223 0.930001259 -0.030069085
0.990809560 0.002471499 -0.135241881 -0.136598885 0.042954203 0.942331851 0.331912011 -0.013755262 0.128263041 -0.334670812 0.933565259 -0.107176363
0.996793568 -0.080014661 -0.000502091 -0.051570330 0.076163217 0.946852624 0.312520802 0.010996062 -0.024530837 -0.311556935 0.949910820 -0.160729080
0.979192913 -0.152993053 0.133320659 0.062542580 0.107404642 0.948130965 0.299185425 0.010897703 -0.172178745 -0.278641015 0.944835246 -0.172776908
0.960228205 -0.176958412 0.215980396 0.179221615 0.105301023 0.945913613 0.306853652 -0.003910937 -0.258599132 -0.271906555 0.926926851 -0.133529216
0.954781234 -0.168000132 0.245293215 0.275238663 0.097342581 0.956213176 0.276008725 -0.036501635 -0.280922115 -0.239650488 0.929327965 -0.048266016
0.961804390 -0.157997087 0.223537952 0.294357479 0.100209400 0.963151991 0.249592394 -0.069336295 -0.254735887 -0.217658460 0.942196608 0.041356437
0.986723900 -0.095786579 0.131152079 0.209592596 0.064311601 0.971992075 0.226042971 -0.083617926 -0.149130657 -0.214607403 0.965247989 0.103556834
0.999664962 -0.018931787 -0.017649950 0.057318851 0.022475872 0.973118484 0.229205698 -0.078390829 0.012836220 -0.229525596 0.973217964 0.117086232
0.991012156 0.033747338 -0.129444972 -0.070460290 -0.000297377 0.968208849 0.250143081 -0.057113584 0.133771434 -0.247856349 0.959516764 0.083971322
0.985305607 0.052510627 -0.162528336 -0.101567164 -0.007315656 0.963669360 0.266997933 -0.032023668 0.170643806 -0.261885583 0.949892998 0.025024902
0.991972804 0.047599744 -0.117150292 -0.033738922 -0.013362106 0.960716903 0.277208298 -0.003101704 0.125743315 -0.273417741 0.953641117 -0.029291458
0.999963641 0.008310813 -0.001917558 0.080023460 -0.007444422 0.960167706 0.279325157 0.022093927 0.004162596 -0.279300719 0.960194647 -0.077321082
0.994893551 -0.047085430 0.089273378 0.148960099 0.018838856 0.955599785 0.294064969 0.047352806 -0.099155799 -0.290881544 0.951607108 -0.130974263
0.990755022 -0.073618293 0.113950826 0.115452446 0.038311176 0.957595408 0.285557806 0.059879180 -0.130141065 -0.278552234 0.951562881 -0.203499064
0.992401958 -0.053642262 0.110728800 0.039315224 0.022325549 0.963525057 0.266685307 0.063453428 -0.120995581 -0.262186944 0.957401752 -0.280303389
0.993463278 -0.038863391 0.107332788 -0.010632863 0.008966528 0.963923812 0.266027123 0.072725758 -0.113799356 -0.263325781 0.957971394 -0.307798117
0.993215799 -0.016819753 0.115062870 -0.006252582 -0.012967189 0.967293084 0.253329784 0.060226560 -0.115560465 -0.253103167 0.960512638 -0.263833761
0.994789660 -0.008962842 0.101554170 0.027325496 -0.020435652 0.958379745 0.284764111 0.029405219 -0.099879757 -0.285355687 0.953203082 -0.157656267
0.998579621 0.017245734 0.050411038 0.055151746 -0.031028299 0.957396686 0.287104160 -0.025725920 -0.043312036 -0.288260549 0.956571937 -0.035124414
0.997983456 0.059268609 -0.022721816 0.060678057 -0.050910443 0.961192727 0.271139532 -0.070239976 0.037910108 -0.269435972 0.962271810 0.065647572
0.990665972 0.082444832 -0.108552948 0.021817215 -0.054209355 0.968961358 0.241195560 -0.078962214 0.125068933 -0.233059645 0.964386344 0.096791156
0.982815683 0.113214418 -0.145793647 -0.018811269 -0.077703401 0.970184088 0.229575843 -0.056235183 0.167437971 -0.214302093 0.962309301 0.052976266
0.981349766 0.128094152 -0.143333435 -0.032321904 -0.086176194 0.959664106 0.267616391 -0.014087765 0.171832055 -0.250273347 0.952804804 -0.029013803
0.983927965 0.141681060 -0.108684056 -0.019730829 -0.100167222 0.941798329 0.320908755 0.033564374 0.147825152 -0.304864496 0.940853536 -0.076783404
0.984001756 0.145359889 -0.103009962 0.006325489 -0.107321247 0.945141792 0.308527440 0.054786377 0.142206535 -0.292536408 0.945621371 -0.053896807
0.978236079 0.139441714 -0.153655931 0.026283536 -0.100019962 0.965705097 0.239603132 0.058045935 0.181796983 -0.219019771 0.958634555 0.017651161
0.974928021 0.130993485 -0.179877952 0.040629320 -0.102643020 0.981963754 0.158781528 0.075363964 0.197432980 -0.136337340 0.970789552 0.095636785
0.972666800 0.100179829 -0.209483385 0.044877909 -0.085682578 0.993327558 0.077193633 0.095879897 0.215818852 -0.057134613 0.974760413 0.145623222
0.973902881 0.069991499 -0.215903655 0.039218232 -0.077015966 0.996734083 -0.024284724 0.103017360 0.213498816 0.040278990 0.976112604 0.189620495
0.979830265 0.065631829 -0.188746110 0.067936428 -0.072098859 0.997015655 -0.027596282 0.108741716 0.186371639 0.040648051 0.981638074 0.183018267
0.980495214 0.046409432 -0.190985128 0.059961040 -0.058180850 0.996706307 -0.056493796 0.130368471 0.187734231 0.066503577 0.979965866 0.212307677
0.981303573 0.032168858 -0.189758956 0.060749967 -0.050348453 0.994506180 -0.091774292 0.136720493 0.185764164 0.099612512 0.977532089 0.213663608
0.982395291 0.043620113 -0.181650266 0.065496020 -0.061610710 0.993606687 -0.094603971 0.183592707 0.176362291 0.104130089 0.978801966 0.239281937
0.982329607 0.038511850 -0.183153853 0.065603442 -0.055381075 0.994588733 -0.087898895 0.147629634 0.178777620 0.096488953 0.979146779 0.221471056
0.982577562 0.036909491 -0.182151079 0.059547890 -0.054701760 0.994102061 -0.093641639 0.195311740 0.177620500 0.101974159 0.978801429 0.218258038
0.982808709 0.033442672 -0.181572840 0.056067947 -0.051951651 0.993813932 -0.098157518 0.215353295 0.177166954 0.105903067 0.978466332 0.215908185
0.982412040 0.036029041 -0.183217138 0.065015703 -0.053854875 0.994183481 -0.093267463 0.177520499 0.178791106 0.101494215 0.978638172 0.223574847
0.982241869 0.036547184 -0.184024930 0.070444867 -0.054445654 0.994160771 -0.093166880 0.172233045 0.179545373 0.101531766 0.978496194 0.225909829
0.982014418 0.037307288 -0.185083285 0.077476718 -0.055104408 0.994236410 -0.091964342 0.167069659 0.180585608 0.100509219 0.978410304 0.222015873
0.981925547 0.037498791 -0.185515717 0.079542696 -0.054991577 0.994416654 -0.090063609 0.154522419 0.181102648 0.098637559 0.978505194 0.220969617
0.981966436 0.037979893 -0.185200974 0.080741383 -0.055047035 0.994607091 -0.087900586 0.146378219 0.180863753 0.096510194 0.978761494 0.211058363
0.982079685 0.038199678 -0.184554130 0.076819628 -0.054918185 0.994750679 -0.086342566 0.141115427 0.180287093 0.094930656 0.979022324 0.206969783
0.981948733 0.039083570 -0.185065240 0.081566647 -0.055752374 0.994756460 -0.085739158 0.138178870 0.180743843 0.094509281 0.978978872 0.206232980
0.981835604 0.039227851 -0.185634017 0.084770545 -0.055940345 0.994752347 -0.085664414 0.138564020 0.181299448 0.094492801 0.978877723 0.207166657
0.981948018 0.039063804 -0.185073152 0.080961660 -0.055474199 0.994891882 -0.084337041 0.129776567 0.180833265 0.093081370 0.979099154 0.204942867
0.982142687 0.038475744 -0.184161156 0.075431041 -0.054764755 0.994943142 -0.084195957 0.128925800 0.179990381 0.092777982 0.979283273 0.204756886
0.982342899 0.037852488 -0.183220193 0.066074520 -0.054820433 0.994571090 -0.088448092 0.147669464 0.178877518 0.096930563 0.979084909 0.224521428
0.982285798 0.039052684 -0.183274314 0.073879741 -0.055429813 0.994829178 -0.085102871 0.137903899 0.179003134 0.093754202 0.979371250 0.196737602
0.982209980 0.038746979 -0.183744967 0.074231461 -0.055110354 0.994872749 -0.084800303 0.136192277 0.179517090 0.093417957 0.979309320 0.205485672
0.982224643 0.038343634 -0.183751330 0.070784181 -0.054968152 0.994755983 -0.086249784 0.139409065 0.179480597 0.094817132 0.979181528 0.219876051
0.982272744 0.037894476 -0.183587089 0.068224229 -0.054796804 0.994622231 -0.087885924 0.144555837 0.179269418 0.096387930 0.979066849 0.227688983
0.982380271 0.037896998 -0.183010310 0.066023901 -0.054862238 0.994560122 -0.088545501 0.147468045 0.178659141 0.097025707 0.979115367 0.225485295
0.982358634 0.037619300 -0.183183908 0.066241905 -0.054538533 0.994607091 -0.088217236 0.147950530 0.178877354 0.096651547 0.979112566 0.222397715
0.982364774 0.037769467 -0.183119893 0.066711240 -0.054667123 0.994608283 -0.088123888 0.148007855 0.178804189 0.096580446 0.979132950 0.220945418
0.982321560 0.037850093 -0.183335170 0.066590987 -0.054735009 0.994621634 -0.087931074 0.147683516 0.179020926 0.096411444 0.979110003 0.222783849
0.982339978 0.037991710 -0.183207050 0.066425845 -0.054883420 0.994604826 -0.088028498 0.147703364 0.178874269 0.096528940 0.979125202 0.223055676
0.982329249 0.038171120 -0.183227241 0.066710293 -0.055041887 0.994608283 -0.087890573 0.147748694 0.178884447 0.096422650 0.979133844 0.222038180
0.982315540 0.037530906 -0.183432981 0.066466704 -0.054439291 0.994629323 -0.088027939 0.147491217 0.179144040 0.096457168 0.979082942 0.223035485
0.982337892 0.037358943 -0.183348402 0.066196173 -0.054277260 0.994628251 -0.088140115 0.147267953 0.179070666 0.096535012 0.979088724 0.222653970
0.982351184 0.037610620 -0.183225527 0.066111945 -0.054572046 0.994586706 -0.088425964 0.147697359 0.178907916 0.096864343 0.979085922 0.224320754
0.982574403 0.037432157 -0.182061374 0.062440358 -0.054305449 0.994586289 -0.088594511 0.155801743 0.177759469 0.096937627 0.979287863 0.211049646
0.982360125 0.037109833 -0.183279723 0.066628806 -0.054005262 0.994649291 -0.088069461 0.148203015 0.179030806 0.096413992 0.979107916 0.219258785
0.982338846 0.037274089 -0.183360428 0.066363998 -0.054216322 0.994620025 -0.088270105 0.147088781 0.179083765 0.096652277 0.979074717 0.225355342
0.982306242 0.037029736 -0.183584437 0.066664122 -0.054016069 0.994618893 -0.088405393 0.146772251 0.179322913 0.096757673 0.979020536 0.226633355
0.982285678 0.036932193 -0.183714211 0.066871569 -0.053932972 0.994622111 -0.088419989 0.146741226 0.179460675 0.096761942 0.978994906 0.226353467
0.982303202 0.036717519 -0.183663502 0.066756144 -0.053722396 0.994627774 -0.088484764 0.146870703 0.179427877 0.096785709 0.978998542 0.226398453
0.982283235 0.036822625 -0.183749050 0.066914350 -0.053828910 0.994626105 -0.088438503 0.147196785 0.179505050 0.096762665 0.978986681 0.226080745
0.982310951 0.036748718 -0.183615580 0.066594087 -0.053735975 0.994633436 -0.088412613 0.147019818 0.179381147 0.096715435 0.979014039 0.225940734
0.982308030 0.036983587 -0.183584169 0.066606387 -0.053950034 0.994631827 -0.088300087 0.146855861 0.179333016 0.096642248 0.979030132 0.225672096
0.982318878 0.036974743 -0.183527932 0.066447370 -0.053926468 0.994637489 -0.088250995 0.146956697 0.179280713 0.096587628 0.979045093 0.225334808
0.982309163 0.037003852 -0.183574110 0.066481978 -0.053960532 0.994635642 -0.088250823 0.146788970 0.179323733 0.096595354 0.979036450 0.225291133
0.982328355 0.037096418 -0.183452696 0.066431239 -0.054054402 0.994624555 -0.088317946 0.147098258 0.179190278 0.096673653 0.979053140 0.224970907
0.982362807 0.038250759 -0.183030471 0.066081777 -0.055204943 0.994549692 -0.088449761 0.147675484 0.178649619 0.096993938 0.979120255 0.224319577
0.982353628 0.038177852 -0.183095172 0.067200676 -0.055073548 0.994588137 -0.088098802 0.148498639 0.178740844 0.096627869 0.979139805 0.218469158
0.982339561 0.037799813 -0.183249012 0.066672951 -0.054729216 0.994595945 -0.088224933 0.147850513 0.178923830 0.096695915 0.979099691 0.222505227
0.982365489 0.037855297 -0.183098465 0.066143192 -0.054785982 0.994585216 -0.088310622 0.147558242 0.178763986 0.096784540 0.979120135 0.224330217
0.982360542 0.037622921 -0.183172897 0.066126123 -0.054571114 0.994590700 -0.088381536 0.147522569 0.178856894 0.096818484 0.979099810 0.224538550
0.982351124 0.037735928 -0.183200166 0.066167533 -0.054693181 0.994581640 -0.088408470 0.147442043 0.178871349 0.096867964 0.979092240 0.224566326
0.982344806 0.037857767 -0.183208942 0.066154242 -0.054818075 0.994574428 -0.088412076 0.147498384 0.178867847 0.096894309 0.979090273 0.224477828
0.982359529 0.037748355 -0.183152512 0.066157803 -0.054680984 0.994592011 -0.088298962 0.147453293 0.178828880 0.096756279 0.979111075 0.224255309
0.982333660 0.037248883 -0.183393389 0.066275500 -0.054213423 0.994610786 -0.088375770 0.147389427 0.179113150 0.096756868 0.979059041 0.224208772
0.982368410 0.038124673 -0.183026850 0.066216283 -0.055066109 0.994562626 -0.088390470 0.147644565 0.178661823 0.096910581 0.979126275 0.224515289
0.982377291 0.037873063 -0.183031514 0.066146411 -0.054794859 0.994585872 -0.088297442 0.147429466 0.178696468 0.096770585 0.979133844 0.224494547
0.982373595 0.037687451 -0.183089539 0.066101149 -0.054618604 0.994592726 -0.088329524 0.147528321 0.178770617 0.096772686 0.979120076 0.224504232
0.982389390 0.037882451 -0.182964519 0.066021085 -0.054802049 0.994583368 -0.088321477 0.147458136 0.178627625 0.096792907 0.979144156 0.224808246
0.982467771 0.041779272 -0.181690857 0.065756015 -0.058564574 0.994395494 -0.088021398 0.147630826 0.176995113 0.097118840 0.979408324 0.224551216
0.982440948 0.042161547 -0.181747630 0.066698484 -0.058856972 0.994427145 -0.087466948 0.150187343 0.177047029 0.096628226 0.979447484 0.219977424
0.982455730 0.041932341 -0.181720749 0.065677099 -0.058691572 0.994403124 -0.087850288 0.147885233 0.177019909 0.096974492 0.979418159 0.223222971
0.982335627 0.040265575 -0.182744205 0.065360330 -0.057066821 0.994517088 -0.087630525 0.147220150 0.178213745 0.096511215 0.979247391 0.225415483
0.982494891 0.035638526 -0.182848752 0.061311707 -0.052501351 0.994715869 -0.088226505 0.141134351 0.178738296 0.096281894 0.979174376 0.232159659
0.982195079 0.035359513 -0.184506342 0.065810800 -0.052334022 0.994748712 -0.087955713 0.139295265 0.180427358 0.096045628 0.978887737 0.232024521
0.981966496 0.034533504 -0.185874358 0.071035348 -0.051843923 0.994673431 -0.089089401 0.143991008 0.181807712 0.097119264 0.978526354 0.232624739
0.981920302 0.036011972 -0.185837850 0.072577648 -0.052770734 0.994893551 -0.086035080 0.138398632 0.181790575 0.094286390 0.978806555 0.218084663
0.982282639 0.040551730 -0.182965562 0.069994166 -0.057449341 0.994460821 -0.088018671 0.141159490 0.178382769 0.096970469 0.979171216 0.225079939
0.982205451 0.042207178 -0.183005556 0.073927619 -0.059129190 0.994362414 -0.088018000 0.145668373 0.178258851 0.097272724 0.979163826 0.222920224
0.982112706 0.042505927 -0.183433667 0.079349563 -0.059449896 0.994355321 -0.087881930 0.145791277 0.178662732 0.097215064 0.979095936 0.216876239
0.982240975 0.040806808 -0.183132306 0.073867843 -0.057751089 0.994430304 -0.088165574 0.148768634 0.178514555 0.097175933 0.979126871 0.212339014
0.982390344 0.038186409 -0.182896152 0.066027924 -0.055249050 0.994487107 -0.089122966 0.148147896 0.178484574 0.097658381 0.979084313 0.222405881
0.982354164 0.036652263 -0.183403745 0.066355824 -0.053710487 0.994589329 -0.088922799 0.147556812 0.179152176 0.097204387 0.979007542 0.223835185
0.981678486 0.038410828 -0.186633199 0.095810041 -0.055543385 0.994619012 -0.087452874 0.143352464 0.182269782 0.096216843 0.978529513 0.213750154
0.981375158 0.040947482 -0.187686041 0.107655793 -0.057966918 0.994598150 -0.086106569 0.134348467 0.183146343 0.095382437 0.978447556 0.216649711
0.981201589 0.041635390 -0.188440725 0.110760130 -0.058519792 0.994665980 -0.084941328 0.125528023 0.183899000 0.094372079 0.978404343 0.222721562
0.980940521 0.042079411 -0.189697236 0.114798181 -0.059016794 0.994670868 -0.084538907 0.122781225 0.185128957 0.094122961 0.978196383 0.228548512
0.980899870 0.042613372 -0.189788193 0.114083983 -0.059613757 0.994614303 -0.084785365 0.122048229 0.185153067 0.094479941 0.978157401 0.234393090
0.980890393 0.042785786 -0.189798519 0.110704064 -0.059912436 0.994540811 -0.085434400 0.124647550 0.185107008 0.095173068 0.978098929 0.240609869
0.980918527 0.042852797 -0.189637631 0.109583013 -0.060056038 0.994490445 -0.085918553 0.127461225 0.184910953 0.095667981 0.978087723 0.240395501
0.980962098 0.043206744 -0.189331949 0.109380081 -0.060411759 0.994456470 -0.086062729 0.127591580 0.184563875 0.095862150 0.978134274 0.239222869
0.981352687 0.042514399 -0.187455073 0.099526376 -0.059653617 0.994441867 -0.086757548 0.133764133 0.182724729 0.096322127 0.978434324 0.233889922
0.981765032 0.041397698 -0.185536131 0.086734623 -0.058526546 0.994415998 -0.087814614 0.140008211 0.180864766 0.097072110 0.978705764 0.231426522
0.982233286 0.040094938 -0.183330640 0.072638333 -0.057184476 0.994397640 -0.088900514 0.147203013 0.178739086 0.097804718 0.979023278 0.228267118
0.982418120 0.040159423 -0.182323590 0.067742437 -0.057189669 0.994376779 -0.089130372 0.149024159 0.177718922 0.097990319 0.979190409 0.225748718
0.982389688 0.037734438 -0.182993576 0.066631153 -0.054779965 0.994523585 -0.089005768 0.147746041 0.178632841 0.097462729 0.979076743 0.224060237
0.982634366 0.037343845 -0.181755573 0.056696277 -0.054366641 0.994493365 -0.089594625 0.152069137 0.177408904 0.097920202 0.979253650 0.226016968
0.982791960 0.036141284 -0.181145668 0.051244516 -0.053291567 0.994449377 -0.090721712 0.155262157 0.176861405 0.098814100 0.979262888 0.230023623
0.982847929 0.035622705 -0.180944696 0.049482144 -0.052889075 0.994398415 -0.091512814 0.158157155 0.176671192 0.099513173 0.979226470 0.232837334
0.982708812 0.037010435 -0.181420997 0.057923231 -0.054326389 0.994328916 -0.091425359 0.157939568 0.177008465 0.099700451 0.979146481 0.227177113
0.982497692 0.037860658 -0.182386711 0.065411814 -0.055139493 0.994358182 -0.090617187 0.154890552 0.177926883 0.099087887 0.979042172 0.223631904
0.982371688 0.037298284 -0.183179364 0.067970566 -0.054397434 0.994524777 -0.089226387 0.148934036 0.178848431 0.097617961 0.979021966 0.223241910
0.982366502 0.037035327 -0.183260709 0.067269176 -0.054084945 0.994568527 -0.088928312 0.147571161 0.178971857 0.097271845 0.979033828 0.222735286
0.982351959 0.036903366 -0.183365211 0.066778705 -0.053969532 0.994571030 -0.088970304 0.147436485 0.179086432 0.097296283 0.979010463 0.223644763
0.982369542 0.037032746 -0.183244944 0.066887930 -0.054103538 0.994556367 -0.089053020 0.147532791 0.178949535 0.097397178 0.979025483 0.224387467
0.982372224 0.036905177 -0.183256090 0.067127921 -0.053944625 0.994580090 -0.088884078 0.147617251 0.178982586 0.097202934 0.979038715 0.224688977
0.982384562 0.037183236 -0.183133721 0.066816725 -0.054240506 0.994550943 -0.089030109 0.147461921 0.178825378 0.097395070 0.979048371 0.224506468
0.982374549 0.037092514 -0.183206007 0.066871040 -0.054149017 0.994559348 -0.088992186 0.147400498 0.178908303 0.097344078 0.979038298 0.224320173
0.982334197 0.037249289 -0.183390349 0.066631362 -0.054378852 0.994521022 -0.089279532 0.148028791 0.179059952 0.097674891 0.978977621 0.224373385
0.981948018 0.037335388 -0.185429752 0.081122875 -0.054683350 0.994498968 -0.089339532 0.152611241 0.181074172 0.097866692 0.978587866 0.223070383
0.981681108 0.038914092 -0.186515093 0.090057224 -0.056349516 0.994426668 -0.089108318 0.151560917 0.182008028 0.097985983 0.978402674 0.220191702
0.982301652 0.037485924 -0.183516532 0.074022278 -0.054352608 0.994657934 -0.087757692 0.145554811 0.179246485 0.096179128 0.979091585 0.216000110
0.982314169 0.037405908 -0.183465868 0.067301631 -0.054434165 0.994572222 -0.088673562 0.147807375 0.179153144 0.097092107 0.979018509 0.222196460
0.982341468 0.036999080 -0.183402151 0.066308945 -0.054108892 0.994544506 -0.089182034 0.147596404 0.179101944 0.097530901 0.978984296 0.221491098
0.982647061 0.037808593 -0.181591004 0.062647581 -0.054399963 0.994698048 -0.087272123 0.144903511 0.177328587 0.095636234 0.979493916 0.216025144
0.982838273 0.037837837 -0.180546999 0.051924232 -0.054312054 0.994709849 -0.087192237 0.140961677 0.176292717 0.095501751 0.979694009 0.212506920
0.982356369 0.038151648 -0.183085695 0.065576449 -0.055153381 0.994531453 -0.088686682 0.145974234 0.178700939 0.097219728 0.979088485 0.220751181
0.982326388 0.038627755 -0.183146805 0.068618879 -0.055785980 0.994425237 -0.089478098 0.148666531 0.178669482 0.098113723 0.979005039 0.224980399
0.982303798 0.038533881 -0.183287606 0.069693036 -0.055744082 0.994408429 -0.089690760 0.149855345 0.178806618 0.098320767 0.978959262 0.229343027
0.982343793 0.037913371 -0.183202803 0.068481833 -0.055026654 0.994488120 -0.089249156 0.148632780 0.178809285 0.097754396 0.979015470 0.226494074
0.982376993 0.037837118 -0.183040455 0.066929527 -0.054883473 0.994520366 -0.088977471 0.147671476 0.178670809 0.097455323 0.979070604 0.224617228
0.982420564 0.037713423 -0.182831913 0.066762738 -0.054785728 0.994501948 -0.089243494 0.148014605 0.178461015 0.097691230 0.979085326 0.224158987
0.982802570 0.038085386 -0.180689260 0.048450604 -0.055160634 0.994373441 -0.090436593 0.149685025 0.176228300 0.098848253 0.979373574 0.233072177
0.982814372 0.035982933 -0.181055650 0.051689606 -0.052830223 0.994620144 -0.089104950 0.144969732 0.176875338 0.097138837 0.979427993 0.227949500
0.982607484 0.039832577 -0.181372315 0.061399724 -0.056833975 0.994361639 -0.089525804 0.148488656 0.176783621 0.098276839 0.979331017 0.224518195
0.982381284 0.037300475 -0.183127493 0.066622987 -0.054532267 0.994449377 -0.089981280 0.148144633 0.178754687 0.098382287 0.978962541 0.223678172
0.982119083 0.037599247 -0.184467793 0.074394912 -0.055090200 0.994359910 -0.090628050 0.154259905 0.180019826 0.099169903 0.978651226 0.226968333
0.982149720 0.038545869 -0.184108973 0.075564206 -0.056045949 0.994289458 -0.090814486 0.158163950 0.179557085 0.099511981 0.978701472 0.227010429
0.982351065 0.037441246 -0.183260739 0.069835156 -0.054787867 0.994385898 -0.090526059 0.154367164 0.178842485 0.098968834 0.978887379 0.226988584
0.982379675 0.038168449 -0.182957187 0.068496421 -0.055774380 0.994189262 -0.092070490 0.158356637 0.178379878 0.100652501 0.978800118 0.232437849
0.982492268 0.037652913 -0.182458729 0.066125385 -0.055562329 0.994014919 -0.094059654 0.167044714 0.177825063 0.102550708 0.978704035 0.235335439
0.982746243 0.038649932 -0.180875599 0.061559230 -0.056132801 0.994123816 -0.092557989 0.160227165 0.176235378 0.101114072 0.979140997 0.229964957
0.982691109 0.036503982 -0.181619391 0.063469216 -0.053404156 0.994594455 -0.089049593 0.147545725 0.177386984 0.097207472 0.979328632 0.220330968
0.982703745 0.035616577 -0.181727335 0.063621283 -0.052309796 0.994754195 -0.087908044 0.143136680 0.177643046 0.095893681 0.979411721 0.216146648
0.982633293 0.037899505 -0.181646615 0.071700953 -0.055957686 0.993870437 -0.095342755 0.172574252 0.176919758 0.103851482 0.978730977 0.241641030
0.983416080 0.036533654 -0.177646056 0.057894081 -0.053732775 0.994216084 -0.092990123 0.172026381 0.173221305 0.100993402 0.979691148 0.228364930
0.984032691 0.034956258 -0.174521595 0.052663762 -0.051079828 0.994741797 -0.088767059 0.152162805 0.170500964 0.096264221 0.980643988 0.210772380
0.984250605 0.045230813 -0.170894504 0.070854679 -0.057772741 0.995932579 -0.069142170 0.127886191 0.167072058 0.077926271 0.982860327 0.205298811
0.987053454 0.043641515 -0.154340044 0.067205667 -0.047899581 0.998564363 -0.023976836 0.180793792 0.153072074 0.031059243 0.987726808 0.213264495
0.987499297 0.046889611 -0.150487497 0.078235865 -0.050416574 0.998533845 -0.019705741 0.257160395 0.149342880 0.027046470 0.988415480 0.221427187
0.984457910 0.127860755 -0.120392255 0.099091090 -0.128734887 0.991678894 0.000521143 0.103011094 0.119457088 0.014985640 0.992726266 0.133787066
0.985338032 0.119979478 -0.121300623 0.131036058 -0.118501507 0.992765248 0.019352052 0.237785444 0.122744888 -0.004694011 0.992427170 0.103273153
0.983234167 0.109885186 -0.145518988 0.175419107 -0.111026987 0.993817329 0.000276758 0.111821257 0.144649714 0.015884416 0.989355445 0.051665325
0.982427180 0.110587835 -0.150356665 0.211416781 -0.108546302 0.993853569 0.021743454 0.254111648 0.151837066 -0.005040701 0.988392711 0.048684090
0.981357098 0.111723334 -0.156384692 0.152319044 -0.114036113 0.993459284 -0.005867356 0.140094176 0.154706314 0.023591472 0.987678766 0.027335215
0.981088519 0.100549184 -0.165394098 0.145947173 -0.107965179 0.993486106 -0.036453411 0.099033535 0.160651386 0.053620823 0.985553622 0.017172309
0.981159270 0.072134562 -0.179229110 0.137962833 -0.081858136 0.995513678 -0.047452819 0.055308040 0.175002038 0.061230134 0.982662261 -0.005580764
0.980995893 0.064241126 -0.183084980 0.138221711 -0.074920192 0.995832086 -0.052014254 0.009243557 0.178980425 0.064742528 0.981720150 -0.042103074
0.979224980 0.082578644 -0.185200542 0.214515015 -0.098416552 0.992083132 -0.078007668 0.064953804 0.177292585 0.094613850 0.979599714 -0.053142149
0.977606177 0.102400012 -0.183849022 0.167103142 -0.117925562 0.990142524 -0.075573720 0.027173281 0.174297974 0.095561825 0.980044961 -0.075241037
0.976370394 0.113474496 -0.183914140 0.192547351 -0.123734511 0.991282284 -0.045268185 0.070592806 0.177174047 0.066955037 0.981899381 -0.077697262
0.976277947 0.113583170 -0.184337184 0.221909821 -0.118727557 0.992780030 -0.017077392 0.017246710 0.181066558 0.038558185 0.982714713 -0.042090178
0.975444078 0.107564643 -0.192194387 0.292637467 -0.118112624 0.992013276 -0.044260975 0.031493478 0.185898468 0.065874696 0.980358243 -0.054277685
0.979515672 0.096662775 -0.176650241 0.243159324 -0.104401693 0.993918061 -0.035030924 -0.070206136 0.172189668 0.052755922 0.983650088 -0.125061244
0.986727059 0.089732207 -0.135343581 0.254715532 -0.090696432 0.995878100 -0.000962533 -0.086095080 0.134699345 0.013224935 0.990798235 -0.162184760
0.991296232 0.092947736 -0.093233712 0.311937422 -0.091016799 0.995541453 0.024762580 -0.047858231 0.095119648 -0.016061218 0.995336294 -0.144223079
0.994297445 0.078333914 -0.072362505 0.351154000 -0.079631269 0.996708214 -0.015216527 -0.044469129 0.070932336 0.020892072 0.997262299 -0.107278086
0.996792316 0.046973087 -0.064797007 0.323502153 -0.050298870 0.997447193 -0.050686795 -0.112562500 0.062250677 0.053783420 0.996610343 -0.109451450
0.997134149 0.031048292 -0.068988733 0.338850707 -0.034299064 0.998331785 -0.046446346 -0.168395191 0.067431562 0.048679486 0.996535659 -0.119568475
0.997250855 0.042049833 -0.061012808 0.371533304 -0.044609420 0.998153985 -0.041213885 -0.187721416 0.059167143 0.043822326 0.997285724 -0.115277119
0.997507215 0.063369952 -0.031041764 0.465299368 -0.064067148 0.997702956 -0.022004582 -0.185449481 0.029576030 0.023938488 0.999275863 -0.036626048
0.998461843 0.055132471 -0.005858306 0.532428145 -0.055185355 0.998432934 -0.009285288 -0.213014543 0.005337205 0.009594299 0.999939740 0.005188456
0.999094844 0.031148145 0.028970189 0.603267312 -0.030433388 0.999229252 -0.024794308 -0.231108740 -0.029720157 0.023890207 0.999272704 0.065641455
0.997842312 -0.005723674 0.065406442 0.662023485 0.008284544 0.999206841 -0.038949281 -0.250833482 -0.065131634 0.039407104 0.997098267 0.147039473
0.989396155 -0.026919303 0.142725766 0.734807491 0.027940555 0.999596298 -0.005155623 -0.234756380 -0.142529368 0.009088790 0.989748836 0.238412082
0.972869933 -0.048395500 0.226234451 0.823620617 0.045477226 0.998801470 0.018096577 -0.205493331 -0.226839080 -0.007317099 0.973904788 0.316700310
0.961041033 -0.060157105 0.269779980 0.916863382 0.065116569 0.997832775 -0.009463129 -0.214128748 -0.268626034 0.026661601 0.962875485 0.290127575
0.955129385 -0.054342721 0.291160971 0.991010725 0.067392007 0.997113526 -0.034971122 -0.281489700 -0.288420111 0.053023864 0.956034660 0.404258579
0.955592513 -0.045085024 0.291222155 1.087140918 0.054497827 0.998218477 -0.024287339 -0.346714765 -0.289608359 0.039079774 0.956347108 0.408706546
0.959151208 -0.036957666 0.280469477 1.184220314 0.042852119 0.998970151 -0.014910921 -0.424701840 -0.279629588 0.026320539 0.959747136 0.425277233
0.962928772 -0.047154862 0.265602231 1.263491988 0.053609248 0.998415589 -0.017099779 -0.441524237 -0.264375091 0.030704606 0.963931024 0.495808899
0.964113474 -0.050389681 0.260664642 1.340645790 0.060380746 0.997710586 -0.030458946 -0.438358992 -0.258533061 0.045105007 0.964948773 0.575590193
0.965928614 -0.045429356 0.254790336 1.430645585 0.056537524 0.997735202 -0.036440700 -0.461144388 -0.252557844 0.049604326 0.966309428 0.621737719
0.966235459 -0.038464334 0.254773468 1.497733831 0.049218033 0.998140275 -0.035966884 -0.469217747 -0.252916187 0.047291931 0.966331661 0.736918509
0.967019975 -0.032758281 0.252585232 1.554293156 0.043237709 0.998414218 -0.036048803 -0.461662173 -0.251003802 0.045781117 0.966902912 0.824252367
0.967548490 -0.025693621 0.251375765 1.619303823 0.034424573 0.998944938 -0.030396439 -0.497977674 -0.250329584 0.038063534 0.967412174 0.931664646
0.965119958 -0.012014354 0.261532307 1.646452188 0.023183322 0.998944163 -0.039662473 -0.533895493 -0.260779679 0.044342235 0.964379430 1.018455625
0.964555323 -0.015119459 0.263447136 1.690203547 0.027195852 0.998736739 -0.042253442 -0.557774246 -0.262475461 0.047920451 0.963748038 1.083653688
0.968068540 -0.044906802 0.246630579 1.732743621 0.050152041 0.998628557 -0.015024092 -0.562727332 -0.245617658 0.026913378 0.968993127 1.158655047
0.980751395 -0.056934971 0.186775684 1.757143855 0.056576114 0.998371899 0.007255626 -0.558899999 -0.186884701 0.003451076 0.982375801 1.238990903
0.993656039 0.007096911 0.112237819 1.794010997 -0.004958473 0.999801040 -0.019320423 -0.583977044 -0.112352602 0.018641325 0.993493557 1.343532085
0.997031927 0.048521385 0.059774600 1.828822136 -0.046970762 0.998529136 -0.027079506 -0.635419667 -0.061000615 0.024191475 0.997844517 1.418228388
0.998268068 0.046717759 0.035753738 1.835859537 -0.046031240 0.998743951 -0.019789806 -0.645694435 -0.036633369 0.018109741 0.999164641 1.516666770
0.998992145 0.033031497 0.030391302 1.883457899 -0.032925833 0.999449909 -0.003970836 -0.660921931 -0.030505747 0.002966175 0.999530196 1.638444424
0.998980701 0.026164223 0.036782637 1.933079123 -0.026222263 0.999655545 0.001096265 -0.682320774 -0.036741287 -0.002059672 0.999322712 1.754156709
0.999135077 0.004313800 0.041357979 1.972262025 -0.004053389 0.999971449 -0.006378333 -0.734390855 -0.041384310 0.006205176 0.999124050 1.879095674
