1.000000000 0.000000000 0.000000000 0.000000000 0.000000000 1.000000000 0.000000000 0.000000097 0.000000000 0.000000000 1.000000000 -0.000000179
0.999996066 -0.002443722 0.001362355 -0.000078130 0.002442641 0.999996722 0.000794776 0.000635018 -0.001364293 -0.000791445 0.999998748 -0.000128710
0.999994874 -0.001423154 0.002869181 0.001080366 0.001424748 0.999998808 -0.000553507 -0.000327873 -0.002868390 0.000557592 0.999995708 -0.000793662
0.999976397 0.001997939 0.006572743 0.001631746 -0.001980436 0.999994457 -0.002668400 -0.000341247 -0.006578038 0.002655320 0.999974847 -0.001795469
0.999914050 0.006274113 0.011513612 0.001687665 -0.006238785 0.999975741 -0.003101763 -0.002169692 -0.011532794 0.003029666 0.999928892 -0.002219885
0.999831021 0.010012406 0.015417819 0.001852597 -0.009934534 0.999937534 -0.005119141 -0.003287618 -0.015468110 0.004965107 0.999868035 -0.002955718
0.999747515 0.012987874 0.018335149 0.003741183 -0.012855334 0.999890506 -0.007328241 -0.007106743 -0.018428318 0.007090687 0.999805033 -0.006735481
0.999649763 0.015645998 0.021344963 0.004879730 -0.015403793 0.999815643 -0.011464796 -0.013529856 -0.021520406 0.011131986 0.999706447 -0.010441765
0.999452829 0.021326061 0.025283962 0.003972289 -0.021041889 0.999713004 -0.011452598 -0.019794192 -0.025520943 0.010914308 0.999614716 -0.013517849
0.999304533 0.024260802 0.028317962 0.003649483 -0.023965107 0.999655128 -0.010735102 -0.023899291 -0.028568640 0.010048993 0.999541342 -0.017619958
0.999232471 0.025257891 0.029941332 0.002195463 -0.025077617 0.999665141 -0.006381256 -0.031178264 -0.030092482 0.005625500 0.999531269 -0.023565033
0.999201000 0.024991561 0.031190246 0.000568315 -0.024873182 0.999681890 -0.004177617 -0.042015512 -0.031284731 0.003398478 0.999504745 -0.031379119
0.999200463 0.024220526 0.031809539 -0.002292258 -0.024236470 0.999706268 0.000115755 -0.056304242 -0.031797394 -0.000886613 0.999493957 -0.038808994
0.999194443 0.023821279 0.032295309 -0.004994841 -0.023893267 0.999712825 0.001844957 -0.067712516 -0.032242082 -0.002615111 0.999476671 -0.047265708
0.999100983 0.024529412 0.034575872 -0.008558050 -0.024516698 0.999699116 -0.000791756 -0.073167302 -0.034584887 -0.000056642 0.999401748 -0.057081468
0.998963237 0.027727207 0.036105707 -0.013350273 -0.027839342 0.999608994 0.002606563 -0.087417006 -0.036019318 -0.003609019 0.999344587 -0.063356631
0.999007881 0.027108718 0.035332896 -0.016248390 -0.027264297 0.999620557 0.003928856 -0.093311734 -0.035212979 -0.004888285 0.999367893 -0.073402457
0.998941898 0.027966596 0.036510069 -0.022399323 -0.028223403 0.999580264 0.006537455 -0.099810235 -0.036311913 -0.007560975 0.999311924 -0.082236059
0.998879433 0.028976116 0.037420418 -0.031421669 -0.029349428 0.999524415 0.009465565 -0.105971076 -0.037128348 -0.010553227 0.999254763 -0.090605386
0.998860180 0.029971186 0.037149642 -0.037831191 -0.030389011 0.999480486 0.010733792 -0.111539952 -0.036808636 -0.011850498 0.999252081 -0.101712152
0.998826683 0.029745081 0.038216576 -0.045875791 -0.030163212 0.999490738 0.010411399 -0.113724314 -0.037887424 -0.011551918 0.999215245 -0.111294352
0.998775661 0.030946745 0.038593549 -0.056284994 -0.031342041 0.999461830 0.009679777 -0.115216292 -0.038273219 -0.010877526 0.999208093 -0.119795583
0.998757660 0.031454701 0.038648915 -0.068694577 -0.031891044 0.999433815 0.010725647 -0.118933663 -0.038289662 -0.011944877 0.999195278 -0.127879724
0.998722851 0.032143272 0.038980570 -0.078216709 -0.032596946 0.999407411 0.011059023 -0.123383738 -0.038601998 -0.012315547 0.999178767 -0.140443429
0.998789310 0.031064160 0.038142860 -0.089132763 -0.031433873 0.999464095 0.009131588 -0.124289893 -0.037838757 -0.010319510 0.999230564 -0.153131202
0.998836517 0.030567238 0.037299152 -0.099886999 -0.030946543 0.999474585 0.009634539 -0.131773993 -0.036985051 -0.010777609 0.999257684 -0.166946143
0.998905003 0.027948253 0.037518483 -0.113961026 -0.028323621 0.999553561 0.009510855 -0.139306277 -0.037235919 -0.010563101 0.999250650 -0.180167347
0.998962581 0.027532225 0.036272965 -0.127345979 -0.027880831 0.999569476 0.009139959 -0.149923444 -0.036005706 -0.010141797 0.999300122 -0.193348572
0.998992264 0.026701160 0.036076698 -0.141702503 -0.026984133 0.999608636 0.007379508 -0.161158308 -0.035865534 -0.008345569 0.999321759 -0.208499372
0.999093533 0.023502536 0.035492346 -0.156663895 -0.023791540 0.999686956 0.007742431 -0.171418086 -0.035299271 -0.008579830 0.999339938 -0.225640699
0.999291003 0.017044021 0.033570889 -0.175114289 -0.017295426 0.999824405 0.007212643 -0.178864509 -0.033442061 -0.007788152 0.999410331 -0.238864079
0.999462962 0.009097872 0.031480286 -0.190862179 -0.009359002 0.999922931 0.008157659 -0.186212912 -0.031403642 -0.008447902 0.999471068 -0.253887385
0.999630034 -0.003334473 0.026994502 -0.204942137 0.003108274 0.999959767 0.008417056 -0.192212746 -0.027021481 -0.008330035 0.999600172 -0.271488696
0.999625683 -0.016097985 0.022120148 -0.224474788 0.015919548 0.999839485 0.008219233 -0.194663510 -0.022248909 -0.007864013 0.999721527 -0.281787843
0.999356449 -0.031022234 0.018010063 -0.239861533 0.030835977 0.999468982 0.010529001 -0.195690200 -0.018327134 -0.009966868 0.999782383 -0.296195954
0.998992980 -0.042435598 0.014569130 -0.254454941 0.042231124 0.999008834 0.014066920 -0.194007888 -0.015151627 -0.013437483 0.999794900 -0.310113400
0.999022722 -0.042297475 0.012825122 -0.266598046 0.042099535 0.998995841 0.015329596 -0.191422611 -0.013460645 -0.014774684 0.999800265 -0.322337896
0.999290943 -0.033297088 0.017574891 -0.278358668 0.033062335 0.999362350 0.013482884 -0.185213000 -0.018012624 -0.012892257 0.999754608 -0.335110068
0.999518037 -0.021920737 0.021980619 -0.289292395 0.021643780 0.999684334 0.012759830 -0.177356824 -0.022253385 -0.012277937 0.999676943 -0.347879142
0.999586344 -0.009799372 0.027039072 -0.304656684 0.009530576 0.999904037 0.010052048 -0.166676089 -0.027134983 -0.009790191 0.999583840 -0.358501583
0.999467909 0.001233916 0.032594603 -0.314852804 -0.001516866 0.999961376 0.008657610 -0.157814190 -0.032582659 -0.008702446 0.999431133 -0.371200949
0.999350905 0.009427541 0.034769807 -0.325443149 -0.009632831 0.999937117 0.005741446 -0.149612054 -0.034713496 -0.006072650 0.999378860 -0.384469211
0.999239564 0.014564295 0.036169372 -0.337886304 -0.014718543 0.999883652 0.004001994 -0.142064795 -0.036106877 -0.004531311 0.999337673 -0.397609442
0.999198616 0.014073712 0.037470352 -0.349739164 -0.014229932 0.999891102 0.003905740 -0.135316327 -0.037411306 -0.004435810 0.999290109 -0.412086338
0.999168634 0.016620101 0.037226677 -0.362208694 -0.016919011 0.999826968 0.007728805 -0.128586099 -0.037091784 -0.008352218 0.999276936 -0.427158624
0.999286354 0.014552601 0.034856092 -0.372610599 -0.015229680 0.999698937 0.019238861 -0.126143187 -0.034565624 -0.019755980 0.999207139 -0.442382753
0.999452174 0.004722906 0.032757610 -0.385927409 -0.005914779 0.999320388 0.036383677 -0.119994171 -0.032563508 -0.036557499 0.998800874 -0.458244562
0.999564588 -0.003073215 0.029346835 -0.399512470 0.001497359 0.998562992 0.053569365 -0.114327163 -0.029469293 -0.053502094 0.998132825 -0.474022716
0.999597192 -0.008628332 0.027036604 -0.412753075 0.006768360 0.997652411 0.068146206 -0.109763891 -0.027561121 -0.067935757 0.997308910 -0.488649726
0.999559462 -0.013283062 0.026540633 -0.425618291 0.011190104 0.996928990 0.077507362 -0.106310569 -0.027488660 -0.077176228 0.996638477 -0.502585888
0.999563098 -0.017004874 0.024174977 -0.438205898 0.014959458 0.996486425 0.082407683 -0.104402594 -0.025491368 -0.082010031 0.996305466 -0.515137374
0.999586523 -0.016588110 0.023486258 -0.449820459 0.014624242 0.996569932 0.081452616 -0.104222097 -0.024756843 -0.081075467 0.996400476 -0.527276158
0.999579012 -0.017809758 0.022903794 -0.460976779 0.015951669 0.996755242 0.078895941 -0.105346888 -0.024234595 -0.078497380 0.996619701 -0.537119210
0.999608517 -0.017924143 0.021484369 -0.471699089 0.016219212 0.996894419 0.077061489 -0.107367590 -0.022798909 -0.076682866 0.996794820 -0.545782685
0.999562800 -0.017601028 0.023756985 -0.499077022 0.015798949 0.997131586 0.074020378 -0.112604432 -0.024991676 -0.073612683 0.996973693 -0.547263682
0.999597371 -0.017433746 0.022385990 -0.508459687 0.015797915 0.997331262 0.071279623 -0.117067859 -0.023568919 -0.070897274 0.997205138 -0.553670347
0.999635875 -0.017370423 0.020648815 -0.517239094 0.015872700 0.997377872 0.070607267 -0.122067779 -0.021821149 -0.070253812 0.997290432 -0.558844030
0.999632955 -0.019754002 0.018541362 -0.526223242 0.018432157 0.997450471 0.068940394 -0.125990987 -0.019855939 -0.068573333 0.997448444 -0.564305544
0.999649286 -0.019283865 0.018150667 -0.533579350 0.018041942 0.997639060 0.066263177 -0.130641311 -0.019385623 -0.065912463 0.997637093 -0.566621006
0.999668896 -0.018667888 0.017708188 -0.540378809 0.017503429 0.997810662 0.063777402 -0.133862749 -0.018860007 -0.063446328 0.997807026 -0.566900969
0.999687076 -0.018172514 0.017189633 -0.548062801 0.017114598 0.998063207 0.059807818 -0.133576572 -0.018243197 -0.059494909 0.998061895 -0.568242431
0.999703526 -0.017148199 0.017284594 -0.553616345 0.016160743 0.998314857 0.055734489 -0.134267017 -0.018211212 -0.055438634 0.998296022 -0.566222072
0.999717593 -0.017294072 0.016297480 -0.558602273 0.016453382 0.998594701 0.050377972 -0.135937646 -0.017145818 -0.050095595 0.998597264 -0.563697577
0.999743581 -0.015611388 0.016403375 -0.564159989 0.014891593 0.998958766 0.043122776 -0.137131542 -0.017059503 -0.042867444 0.998935103 -0.563325882
0.999774694 -0.012736029 0.016979650 -0.567795038 0.012125258 0.999292552 0.035600960 -0.143495068 -0.017421052 -0.035387054 0.999221802 -0.561386764
0.999805927 -0.006507273 0.018593226 -0.570829213 0.005983778 0.999587953 0.028073391 -0.153129011 -0.018768247 -0.027956685 0.999432921 -0.560838640
0.999798179 -0.004587071 0.019560359 -0.575780928 0.004084062 0.999661922 0.025678629 -0.168516830 -0.019671537 -0.025593562 0.999478877 -0.561270654
0.999793649 -0.001318719 0.020272460 -0.578509688 0.000870047 0.999754846 0.022125004 -0.184339315 -0.020296667 -0.022102801 0.999549627 -0.563666284
0.999767661 0.002859482 0.021364460 -0.581058979 -0.003259847 0.999819279 0.018728498 -0.200867206 -0.021307046 -0.018793792 0.999596298 -0.566252410
0.999751568 0.004290844 0.021872817 -0.585399806 -0.004641516 0.999861121 0.016006844 -0.217593297 -0.021801097 -0.016104391 0.999632597 -0.565904021
0.999724388 0.005933426 0.022714838 -0.588393092 -0.006222532 0.999900281 0.012678179 -0.230643496 -0.022637349 -0.012816028 0.999661565 -0.568456471
0.999708116 0.006392887 0.023297710 -0.591575146 -0.006653897 0.999915779 0.011142972 -0.241652146 -0.023224512 -0.011294740 0.999666452 -0.571482420
0.999679983 0.008027397 0.023989623 -0.595856190 -0.008272447 0.999914467 0.010133072 -0.252664119 -0.023906229 -0.010328283 0.999660850 -0.568328559
0.999646962 0.010189500 0.024537820 -0.599517167 -0.010396339 0.999911368 0.008316622 -0.263565719 -0.024450902 -0.008568789 0.999664307 -0.571576893
0.999639273 0.009558996 0.025098234 -0.603447735 -0.009739898 0.999927402 0.007095399 -0.274825901 -0.025028586 -0.007337294 0.999659836 -0.575229108
0.999578178 0.012147308 0.026380958 -0.607557356 -0.012305430 0.999907255 0.005839702 -0.285855114 -0.026307574 -0.006161868 0.999634922 -0.576524675
0.999597847 0.011602757 0.025876136 -0.612192154 -0.011728300 0.999920130 0.004705158 -0.297319293 -0.025819479 -0.005006749 0.999654055 -0.580764830
0.999583066 0.011118815 0.026647281 -0.617025614 -0.011249070 0.999925494 0.004743165 -0.308865666 -0.026592556 -0.005040944 0.999633670 -0.585412145
0.999571145 0.011396597 0.026974382 -0.621884167 -0.011573653 0.999912441 0.006416820 -0.320177287 -0.026898889 -0.006726261 0.999615550 -0.588175297
0.999592483 0.010404246 0.026582232 -0.627157032 -0.010698002 0.999882996 0.010932597 -0.331202358 -0.026465377 -0.011212519 0.999586821 -0.593570054
0.999599576 0.008562591 0.026969098 -0.632527113 -0.008973973 0.999844670 0.015169946 -0.340712786 -0.026835013 -0.015405891 0.999521136 -0.598908246
0.999570072 0.007892626 0.028238611 -0.640137553 -0.008399562 0.999804854 0.017878510 -0.347749770 -0.028091991 -0.018108014 0.999441326 -0.596506715
0.999586105 0.008140163 0.027593434 -0.645939171 -0.008589832 0.999831617 0.016217047 -0.351695508 -0.027456779 -0.016447356 0.999487698 -0.599661469
0.999594212 0.005676900 0.027914854 -0.651882291 -0.006096573 0.999869347 0.014972010 -0.353021979 -0.027826210 -0.015136118 0.999498188 -0.602086961
0.999660432 -0.000563166 0.026052551 -0.657618940 0.000145838 0.999871671 0.016017850 -0.353692710 -0.026058229 -0.016008612 0.999532223 -0.603687704
0.999718606 -0.008869287 0.022000430 -0.663716316 0.008393617 0.999731004 0.021619812 -0.350769430 -0.022186266 -0.021429066 0.999524176 -0.605074823
0.999614060 -0.018723965 0.020520939 -0.669483364 0.018200923 0.999512017 0.025385201 -0.347222418 -0.020986238 -0.025001906 0.999467075 -0.605889976
0.999544740 -0.023934280 0.018370422 -0.675041974 0.023409380 0.999326050 0.028275140 -0.355208069 -0.019034786 -0.027832225 0.999431372 -0.611175656
0.999504507 -0.026455186 0.017054901 -0.678978443 0.025919542 0.999186397 0.030898171 -0.359906435 -0.017858442 -0.030440805 0.999377012 -0.614394248
0.999445498 -0.026362466 0.020338971 -0.681555688 0.025747376 0.999220252 0.029933197 -0.366941005 -0.021112226 -0.029392926 0.999344945 -0.618147910
0.999427319 -0.025840195 0.021846484 -0.684766650 0.025137613 0.999176681 0.031845078 -0.383605838 -0.022651382 -0.031277671 0.999254048 -0.627225161
0.999431729 -0.025187351 0.022400215 -0.685923576 0.024405591 0.999106169 0.034513786 -0.393994153 -0.023249503 -0.033947483 0.999153137 -0.631413281
0.999386311 -0.024446880 0.025087547 -0.686132371 0.023546690 0.999089718 0.035570886 -0.405192912 -0.025934309 -0.034958329 0.999052227 -0.635536432
0.999398708 -0.021227030 0.027416894 -0.688422740 0.020154817 0.999043345 0.038809143 -0.415565491 -0.028214468 -0.038233221 0.998870432 -0.638843119
0.999402106 -0.020517992 0.027828895 -0.688069344 0.019345673 0.998940349 0.041760370 -0.428240061 -0.028656244 -0.041197032 0.998740017 -0.642760992
0.999379396 -0.016093567 0.031334221 -0.686768591 0.014645179 0.998837888 0.045917023 -0.440596789 -0.032036774 -0.045429628 0.998453677 -0.645993233
0.999363780 -0.015625292 0.032060873 -0.685554385 0.013996051 0.998629689 0.050427023 -0.457394570 -0.032804873 -0.049946215 0.998212993 -0.654302597
0.999386311 -0.012181115 0.032842461 -0.683767438 0.010408322 0.998507202 0.053619485 -0.471054703 -0.033446576 -0.053244743 0.998021185 -0.656633496
0.999340355 -0.007492770 0.035535213 -0.681600332 0.005541830 0.998488247 0.054685712 -0.484943926 -0.035891239 -0.054452710 0.997871101 -0.658017039
0.999309361 -0.003904166 0.036953818 -0.683600068 0.001770871 0.998338938 0.057586305 -0.504977167 -0.037117261 -0.057481095 0.997656345 -0.663421988
0.999233961 0.002552785 0.039051473 -0.681417286 -0.004862975 0.998235643 0.059177522 -0.514121413 -0.038831502 -0.059322093 0.997483313 -0.662266254
0.999149203 0.006968556 0.040649332 -0.679406166 -0.009353503 0.998227179 0.058779389 -0.521931052 -0.040167660 -0.059109591 0.997443020 -0.659438431
0.999108970 0.010253024 0.040940549 -0.678367496 -0.012583093 0.998291016 0.057067621 -0.530172169 -0.040285464 -0.057531934 0.997530520 -0.657711685
0.999096155 0.012143141 0.040735863 -0.677057803 -0.014148187 0.998683870 0.049299095 -0.538821638 -0.040083602 -0.049830873 0.997952998 -0.653963208
0.999146163 0.011132827 0.039787229 -0.676143944 -0.012737293 0.999106348 0.040302865 -0.548039854 -0.039302986 -0.040775232 0.998395026 -0.649967670
0.999226928 0.011906938 0.037466645 -0.676376939 -0.013124441 0.999388158 0.032419313 -0.557691634 -0.037057705 -0.032885980 0.998771846 -0.646603167
0.999228120 0.013678536 0.036824301 -0.676465571 -0.014688391 0.999519527 0.027294194 -0.567141652 -0.036433265 -0.027814018 0.998948932 -0.642487228
0.999297082 0.012325046 0.035403267 -0.676911056 -0.013198613 0.999611497 0.024547985 -0.576747298 -0.035086960 -0.024998004 0.999071598 -0.638509691
0.999363601 0.012500719 0.033409219 -0.683583319 -0.013229647 0.999677300 0.021686882 -0.589393198 -0.033127334 -0.022115070 0.999206424 -0.637712300
0.999399364 0.012048240 0.032492008 -0.684282243 -0.012750252 0.999687850 0.021485776 -0.596171856 -0.032222997 -0.021887153 0.999241054 -0.633821249
0.999512494 0.009155540 0.029848512 -0.678967953 -0.009727975 0.999770463 0.019089585 -0.596646726 -0.029666886 -0.019370643 0.999372125 -0.627078950
0.999609649 0.007944860 0.026784958 -0.680299640 -0.008410554 0.999814630 0.017318863 -0.594710946 -0.026642399 -0.017537378 0.999491155 -0.622074127
0.999632537 0.008848693 0.025622405 -0.681435108 -0.009284476 0.999813437 0.016939143 -0.593527853 -0.025467735 -0.017170807 0.999528170 -0.615814269
0.999654889 0.009366364 0.024544146 -0.682648361 -0.009791463 0.999803126 0.017257225 -0.589488387 -0.024377678 -0.017491590 0.999549806 -0.609075665
0.999658585 0.010730721 0.023824545 -0.690235615 -0.011225661 0.999721885 0.020738725 -0.585047960 -0.023595376 -0.020999089 0.999501050 -0.603489876
0.999659538 0.011909764 0.023216059 -0.691515923 -0.012523504 0.999571085 0.026472393 -0.575329781 -0.022890823 -0.026754126 0.999379933 -0.596096516
0.999664605 0.012052950 0.022920623 -0.692944169 -0.012882440 0.999254525 0.036393203 -0.565134943 -0.022464890 -0.036676273 0.999074638 -0.588730574
0.999705076 0.011901473 0.021169445 -0.696154356 -0.012877303 0.998831868 0.046573523 -0.550833344 -0.020590423 -0.046832394 0.998690546 -0.580128193
0.999645054 0.015344960 0.021779098 -0.697749913 -0.016508615 0.998388410 0.054296367 -0.542579353 -0.020910822 -0.054636635 0.998287320 -0.572904050
0.999705911 0.013427994 0.020193400 -0.699768603 -0.014634195 0.998041332 0.060821760 -0.536041498 -0.019337134 -0.061099391 0.997944355 -0.565635443
0.999817789 0.008890198 0.016893597 -0.702718496 -0.009954422 0.997900665 0.063993104 -0.534934580 -0.016289221 -0.064149611 0.997807324 -0.556418836
0.999840319 0.008272517 0.015841298 -0.704803705 -0.009311821 0.997729719 0.066698968 -0.532396376 -0.015253565 -0.066835821 0.997647405 -0.548933566
0.999870181 0.007301909 0.014361485 -0.707433164 -0.008295792 0.997483671 0.070409164 -0.533407569 -0.013811226 -0.070519164 0.997414827 -0.539964795
0.999848366 0.010641302 0.013784058 -0.709656239 -0.011579578 0.997488081 0.069881439 -0.534326434 -0.013005804 -0.070030451 0.997460067 -0.528776050
0.999896348 0.008192270 0.011837920 -0.711914837 -0.009041044 0.997252643 0.073521756 -0.539797902 -0.011203088 -0.073621161 0.997223377 -0.520004332
0.999914229 0.007859076 0.010476298 -0.714109480 -0.008651714 0.996923864 0.077896878 -0.547363997 -0.009831875 -0.077980831 0.996906400 -0.510782540
0.999928534 0.008057049 0.008830288 -0.717267752 -0.008756905 0.996567726 0.082317173 -0.551567137 -0.008136747 -0.082388625 0.996567070 -0.497516125
0.999960303 0.006619799 0.005964920 -0.719680071 -0.007102032 0.996370494 0.084825501 -0.563712418 -0.005381743 -0.084864497 0.996377945 -0.487091362
0.999965727 0.007480003 0.003547508 -0.721967041 -0.007766031 0.996003091 0.088980466 -0.577700317 -0.002867755 -0.089004964 0.996027052 -0.475839972
0.999939680 0.010717810 0.002390402 -0.724562585 -0.010883930 0.996221840 0.086160354 -0.592821479 -0.001457921 -0.086181171 0.996278405 -0.460982442
0.999937594 0.011168801 -0.000092508 -0.726686120 -0.011124856 0.996671975 0.080753773 -0.609376371 0.000994123 -0.080747709 0.996734083 -0.447501570
0.999938369 0.010856445 -0.002335640 -0.728571415 -0.010647644 0.997052610 0.075978778 -0.626318097 0.003153615 -0.075949229 0.997106671 -0.433052987
0.999890566 0.014624613 -0.002240766 -0.731371701 -0.014423746 0.997264564 0.072493576 -0.643683314 0.003294827 -0.072453327 0.997366369 -0.414896488
0.999797046 0.019977003 -0.002613777 -0.733023047 -0.019752525 0.997479379 0.068151928 -0.660888493 0.003968660 -0.068086468 0.997671545 -0.398032844
0.999720633 0.023514371 -0.002394018 -0.734758019 -0.023306925 0.997576177 0.065563716 -0.677709937 0.003929905 -0.065489598 0.997845531 -0.380120188
0.999689639 0.024796257 -0.002414164 -0.741752803 -0.024586426 0.997572720 0.065146953 -0.705067575 0.004023704 -0.065067381 0.997872770 -0.352165520
0.999631166 0.027031953 -0.002602128 -0.744301438 -0.026816553 0.997683644 0.062516108 -0.717642903 0.004286033 -0.062423274 0.998040557 -0.331386358
0.999608874 0.027828731 -0.002772429 -0.747077703 -0.027619656 0.997913241 0.058363270 -0.726040721 0.004390819 -0.058263872 0.998291552 -0.308750808
0.999539495 0.030278845 -0.002002872 -0.750987172 -0.030128891 0.998119891 0.053375129 -0.731051505 0.003615243 -0.053290207 0.998572528 -0.282650232
0.999511838 0.031212604 -0.001372636 -0.754401982 -0.031114640 0.998426378 0.046654060 -0.729472876 0.002826671 -0.046588577 0.998910189 -0.256041586
0.999543309 0.030203376 -0.000950446 -0.758199692 -0.030141722 0.998754323 0.039765041 -0.723688304 0.002150300 -0.039718237 0.999208629 -0.228031784
0.999533534 0.030524731 0.000967176 -0.762900412 -0.030540008 0.998979509 0.033276200 -0.717196703 0.000049558 -0.033290215 0.999445736 -0.197310284
0.999513030 0.030980656 0.003731792 -0.767038226 -0.031073811 0.999118507 0.028225070 -0.704634011 -0.002854071 -0.028327284 0.999594629 -0.168003350
0.999528766 0.029927544 0.006823225 -0.771578133 -0.030094620 0.999212444 0.025862277 -0.691519439 -0.006043857 -0.026055433 0.999642253 -0.138869181
0.999494851 0.029899547 0.010771726 -0.779107094 -0.030152654 0.999253392 0.024155907 -0.685982108 -0.010041433 -0.024468500 0.999650180 -0.109652027
0.999516606 0.027767969 0.013980092 -0.784799695 -0.028068675 0.999368370 0.021793533 -0.679138303 -0.013366101 -0.022175401 0.999664724 -0.082852446
0.999490917 0.026755003 0.017379560 -0.791136920 -0.027174463 0.999333739 0.024364982 -0.676247001 -0.016716097 -0.024824858 0.999552071 -0.057536472
0.999329150 0.028656852 0.022804728 -0.797974527 -0.029206175 0.999282062 0.024131052 -0.677667618 -0.022096837 -0.024780903 0.999448657 -0.032844506
0.999260068 0.028138215 0.026220221 -0.805487990 -0.028794380 0.999272883 0.024992926 -0.681804359 -0.025497898 -0.025729427 0.999343693 -0.009594029
0.999216676 0.026954794 0.028973512 -0.813595712 -0.027617661 0.999360144 0.022726951 -0.688192606 -0.028342374 -0.023509329 0.999321759 0.012994722
0.999219954 0.023713673 0.031576764 -0.822482407 -0.024500778 0.999392688 0.024777573 -0.696258426 -0.030970020 -0.025531899 0.999194145 0.035302233
0.999195516 0.021965615 0.033553950 -0.831620693 -0.022716582 0.999496162 0.022166064 -0.701225400 -0.033050157 -0.022910463 0.999191046 0.057783645
0.999127328 0.021441346 0.035844918 -0.841062665 -0.022203295 0.999532998 0.020995591 -0.703445792 -0.035378005 -0.021773145 0.999136806 0.080052622
0.999061048 0.020936931 0.037929654 -0.854181767 -0.021676416 0.999580860 0.019190960 -0.707014799 -0.037511952 -0.019995119 0.999096096 0.107873745
0.998928070 0.022955514 0.040196247 -0.864491940 -0.023640722 0.999581754 0.016654983 -0.704875588 -0.039797112 -0.017587397 0.999053001 0.130550221
0.998907208 0.022311356 0.041067977 -0.875441194 -0.022855863 0.999656320 0.012837160 -0.700429976 -0.040767450 -0.013761776 0.999073863 0.153111726
0.998844147 0.022833398 0.042297322 -0.887200832 -0.023341948 0.999660611 0.011568564 -0.693920374 -0.042018820 -0.012542495 0.999038100 0.177381754
0.998731434 0.020071488 0.046180084 -0.898446381 -0.020626802 0.999720156 0.011580012 -0.683928549 -0.045934737 -0.012517870 0.998866022 0.201432288
0.998582125 0.014940904 0.051092703 -0.910018206 -0.015402138 0.999844015 0.008645592 -0.672062337 -0.050955560 -0.009420270 0.998656511 0.226153493
0.998257518 0.008277232 0.058424715 -0.921958923 -0.008739691 0.999932408 0.007664380 -0.659640789 -0.058357324 -0.008161639 0.998262405 0.252383500
0.997759223 -0.003333760 0.066823639 -0.933776438 0.002789290 0.999962151 0.008239519 -0.643883288 -0.066848584 -0.008034665 0.997730792 0.277052879
0.996886313 -0.013931214 0.077611908 -0.945506990 0.013514764 0.999891341 0.005888483 -0.627648890 -0.077685505 -0.004821242 0.996966243 0.301472843
0.995531499 -0.026288213 0.090696938 -0.961074173 0.025987471 0.999652147 0.004495467 -0.608728588 -0.090783574 -0.002118395 0.995868385 0.339249313
0.993899763 -0.037869882 0.103581332 -0.972388804 0.037044618 0.999264777 0.009880189 -0.593702018 -0.103879340 -0.005982788 0.994571924 0.360951781
0.991912544 -0.050043661 0.116640881 -0.983068347 0.048605528 0.998703241 0.015143367 -0.578662038 -0.117247462 -0.009351505 0.993058681 0.381440789
0.989446223 -0.058389120 0.132615462 -0.993563712 0.056147173 0.998210251 0.020585904 -0.563352048 -0.133580104 -0.012922661 0.990953743 0.405701756
0.986739993 -0.068106510 0.147328660 -1.002648115 0.064935468 0.997544587 0.026232859 -0.550628722 -0.148753539 -0.016318155 0.988739669 0.422432065
0.984508038 -0.073575847 0.159155592 -1.011138558 0.069999404 0.997154832 0.027969742 -0.541248024 -0.160760656 -0.016395641 0.986857235 0.437620252
0.982090294 -0.078876004 0.171105802 -1.020233750 0.074370965 0.996697962 0.032591205 -0.530007958 -0.173111469 -0.019282205 0.984713495 0.458542734
0.980334222 -0.079465166 0.180638015 -1.027633786 0.074136898 0.996595502 0.036070436 -0.526159167 -0.182889372 -0.021969143 0.982887983 0.471096754
0.979055583 -0.077761419 0.188157827 -1.034485817 0.071514569 0.996646225 0.039774522 -0.525507748 -0.190619707 -0.025485441 0.981333077 0.483087748
0.977519512 -0.077323973 0.196154654 -1.043214560 0.070232302 0.996609211 0.042865865 -0.522030354 -0.198804110 -0.028125828 0.979635596 0.509898067
0.976502538 -0.076033749 0.201647311 -1.049078703 0.068724431 0.996707916 0.043014973 -0.524493158 -0.204254061 -0.028146133 0.978513181 0.522400916
0.975839317 -0.079277359 0.203599349 -1.054798603 0.071519248 0.996414721 0.045195781 -0.527162671 -0.206452385 -0.029542550 0.978010535 0.534874320
0.975045621 -0.078526303 0.207652748 -1.060753226 0.070204467 0.996417344 0.047157656 -0.524515629 -0.210611910 -0.031402718 0.977065265 0.550086439
0.974083841 -0.080745280 0.211283863 -1.065435886 0.071794510 0.996179938 0.049710192 -0.526671529 -0.214490592 -0.033252873 0.976159811 0.563458979
0.972381353 -0.082734011 0.218241930 -1.069147587 0.073524065 0.996039093 0.050003573 -0.530209720 -0.221514493 -0.032576516 0.974612772 0.576927304
0.969537079 -0.092107132 0.226967275 -1.072648168 0.082276091 0.995229900 0.052421905 -0.530670226 -0.230713040 -0.032150999 0.972490489 0.590629935
0.966047764 -0.101024248 0.237793729 -1.074909806 0.090304740 0.994362175 0.055577587 -0.535915852 -0.242067769 -0.032216702 0.969724357 0.604985058
0.960964441 -0.113670170 0.252242863 -1.076145291 0.102615833 0.993109524 0.056599289 -0.542382658 -0.256938457 -0.028505797 0.966007292 0.619293690
0.954540372 -0.125678390 0.270291686 -1.077478290 0.113056235 0.991662502 0.061836217 -0.545652509 -0.275809586 -0.028467011 0.960790634 0.636706948
0.946925163 -0.138926044 0.289883256 -1.076279163 0.125299618 0.989977837 0.065144718 -0.552036345 -0.296028316 -0.025364909 0.954842329 0.650515378
0.937906444 -0.150526837 0.312527090 -1.073462009 0.136439994 0.988407195 0.066598572 -0.559436202 -0.318928868 -0.019822046 0.947571337 0.664051652
0.927373528 -0.159854859 0.338267297 -1.068986416 0.144752294 0.987017691 0.069590338 -0.568705797 -0.345000178 -0.015571276 0.938473463 0.676916361
0.916159213 -0.163606137 0.365903407 -1.063117027 0.147634089 0.986459672 0.071424678 -0.576389194 -0.372634500 -0.011416571 0.927908003 0.689103007
0.903522909 -0.165839121 0.395150304 -1.055826664 0.149402842 0.986133039 0.072252363 -0.584177375 -0.401653051 -0.006245088 0.915770650 0.700626493
0.889301479 -0.164313182 0.426783383 -1.047392726 0.146774098 0.986403346 0.073931269 -0.594214022 -0.433128417 -0.003106438 0.901326895 0.713500619
0.874516189 -0.162549049 0.456945568 -1.038817525 0.144537419 0.986699939 0.074378312 -0.597028911 -0.462958306 0.001000691 0.886379540 0.725063980
0.858736634 -0.159592777 0.486930728 -1.029860497 0.140083313 0.987179756 0.076503843 -0.594663560 -0.492897630 0.002514217 0.870083690 0.737759769
0.842041135 -0.157417238 0.515932739 -1.019005299 0.138493538 0.987499177 0.075265877 -0.590764165 -0.521331251 0.008076385 0.853316188 0.755480766
0.825089455 -0.159980714 0.541879714 -1.010956526 0.141516477 0.987020254 0.075921744 -0.582918525 -0.546992242 0.014042672 0.837019861 0.769838452
0.809202015 -0.166608453 0.563412666 -1.004064083 0.148627430 0.985808313 0.078050040 -0.574999273 -0.568420649 0.020580322 0.822480679 0.783852339
0.793329954 -0.175256684 0.583020389 -0.996952713 0.158639476 0.984093845 0.079955317 -0.574559212 -0.587759435 0.029059088 0.808513701 0.802313566
0.778324306 -0.183321238 0.600503623 -0.990979910 0.166920125 0.982422829 0.083564803 -0.570113182 -0.605267704 0.035195619 0.795243561 0.815595508
0.765695214 -0.193273291 0.613478899 -0.985494375 0.176746592 0.980293393 0.088235319 -0.569731891 -0.618442893 0.040868919 0.784766316 0.827954650
0.754183710 -0.202110916 0.624786437 -0.980244756 0.185463071 0.978279591 0.092588037 -0.577008486 -0.629928887 0.046046421 0.775286615 0.842550099
0.744780600 -0.215120494 0.631684244 -0.975336075 0.196250767 0.975361705 0.100772701 -0.580900252 -0.637798965 0.048914976 0.768648088 0.853678584
0.736728191 -0.225132361 0.637610376 -0.970341802 0.201280788 0.973217130 0.111060664 -0.584474683 -0.645536721 0.046517193 0.762311339 0.864294767
0.729677320 -0.237276688 0.641304016 -0.966397047 0.207549885 0.970471501 0.122914940 -0.590068936 -0.651532173 0.043414328 0.757377744 0.878201842
0.724310994 -0.247543246 0.643502831 -0.960957289 0.212188810 0.968058825 0.133559197 -0.591165006 -0.656010270 0.039805695 0.753701568 0.890484154
0.720204949 -0.255649328 0.644940555 -0.954896033 0.216669410 0.966014028 0.140965641 -0.590607822 -0.659059346 0.038214732 0.751119435 0.903593004
0.716297388 -0.263811201 0.646004438 -0.948403835 0.220835969 0.963898540 0.148765236 -0.591041803 -0.661928654 0.036100842 0.748697042 0.921975732
0.713498354 -0.265694559 0.648325920 -0.940439403 0.220864281 0.963424921 0.151760787 -0.588538229 -0.664935350 0.034910958 0.746084571 0.937090456
0.712561309 -0.255801648 0.653316140 -0.931026995 0.210835502 0.966198504 0.148353845 -0.586498260 -0.669182181 0.032031007 0.742407739 0.952669322
0.711183906 -0.243897349 0.659341812 -0.922446311 0.201273739 0.969269156 0.141443402 -0.581115067 -0.673577309 0.032115899 0.738418698 0.968159258
0.710986614 -0.233351707 0.663358867 -0.911683261 0.190430552 0.971979320 0.137812987 -0.580443799 -0.676930010 0.028340597 0.735501647 0.984283328
0.711597562 -0.225271404 0.665493608 -0.901384175 0.182813615 0.973944724 0.134204432 -0.579693675 -0.678386450 0.026161734 0.734239340 1.000511646
0.711939573 -0.216978207 0.667879164 -0.891165733 0.173454538 0.975933969 0.132160515 -0.576490402 -0.680481970 0.021756366 0.732441843 1.018621564
0.712865770 -0.213034347 0.668160737 -0.881108165 0.168754444 0.976858497 0.131413221 -0.577352762 -0.680694044 0.019075111 0.732319474 1.036033988
0.714191377 -0.209958658 0.667718589 -0.871354997 0.165300831 0.977560461 0.130580246 -0.578981280 -0.680151761 0.017115138 0.732871592 1.053957582
0.715110540 -0.208981216 0.667041063 -0.861628115 0.165330619 0.977754474 0.129081488 -0.578396678 -0.679177999 0.017974768 0.733753562 1.074455142
0.716150045 -0.207513601 0.666383684 -0.852318764 0.166951418 0.977992713 0.125129908 -0.581389308 -0.677684486 0.021641888 0.735034227 1.092886329
0.717052579 -0.209825099 0.664687157 -0.843463302 0.172549605 0.977367878 0.122387141 -0.585155547 -0.675323844 0.026933491 0.737029433 1.111607671
0.718263745 -0.211794868 0.662751973 -0.835198581 0.177567080 0.976800025 0.119714849 -0.588131189 -0.672731102 0.031696089 0.739207864 1.132072330
0.718963623 -0.217048436 0.660288811 -0.826758921 0.187491864 0.975338101 0.116457790 -0.593598008 -0.669281840 0.040069852 0.741927385 1.151029706
0.718915582 -0.221167237 0.658973098 -0.818334937 0.192097485 0.974324107 0.117435306 -0.598928273 -0.668026209 0.042160988 0.742942452 1.169744253
0.718590975 -0.222721577 0.658803642 -0.810041308 0.195651472 0.973811448 0.115809083 -0.603811622 -0.667343676 0.045676533 0.743347883 1.190546870
0.718283772 -0.226783559 0.657751977 -0.801835418 0.199150398 0.972845316 0.117945388 -0.609184384 -0.666639030 0.046273306 0.743943036 1.208918333
0.717695832 -0.230615541 0.657061100 -0.793426633 0.203303084 0.971852899 0.119037040 -0.614877403 -0.666018486 0.048150145 0.744379580 1.227003217
0.716828585 -0.232199222 0.657449841 -0.784918785 0.205095530 0.971423090 0.119469725 -0.621121705 -0.666402698 0.049200706 0.743966877 1.249086380
0.714274287 -0.233718902 0.659687638 -0.775571465 0.208826900 0.970826387 0.117844872 -0.626986980 -0.667984724 0.053586952 0.742243111 1.266698599
0.709996343 -0.236383677 0.663345993 -0.765746593 0.213669389 0.969883740 0.116922691 -0.632913947 -0.671007097 0.058722049 0.739121914 1.283936620
0.703951120 -0.238696262 0.668937087 -0.754518747 0.216425791 0.969134390 0.118061259 -0.639004707 -0.676470757 0.061665878 0.733883262 1.302378535
0.695455074 -0.243094429 0.676200628 -0.743439615 0.220195279 0.967861712 0.121481508 -0.644019783 -0.684000134 0.064411253 0.726632595 1.318842053
0.685065150 -0.247638434 0.685099304 -0.731840372 0.225006938 0.966393471 0.124320321 -0.648534894 -0.692861974 0.068984531 0.717762828 1.334763885
0.673422933 -0.250713676 0.695445359 -0.718847275 0.227195740 0.965396225 0.128031939 -0.653581202 -0.703479707 0.071782589 0.707081020 1.350933790
0.659377754 -0.257470220 0.706349850 -0.706152856 0.235970423 0.962928414 0.130716741 -0.657384276 -0.713819981 0.080485940 0.695688963 1.365732074
0.644249916 -0.262146801 0.718485355 -0.692885637 0.241066620 0.961140215 0.134522825 -0.660596609 -0.725829840 0.086536482 0.682409346 1.380065441
0.626799464 -0.265824914 0.732434094 -0.676851392 0.247354701 0.959266245 0.136469707 -0.665090263 -0.738876283 0.095631853 0.667020559 1.399175882
0.607275248 -0.271577537 0.746634126 -0.662182748 0.253906250 0.956820309 0.141515017 -0.667277098 -0.752827048 0.103636473 0.650008500 1.411912799
0.586502910 -0.274135500 0.762144506 -0.646878183 0.256631404 0.955394447 0.146156669 -0.668846548 -0.768215358 0.109868854 0.630693376 1.423777819
0.565065086 -0.279190928 0.776372254 -0.631111026 0.262024850 0.953015029 0.152004480 -0.671460092 -0.782332718 0.117536403 0.611670494 1.436423779
0.542461276 -0.283312082 0.790866613 -0.614944220 0.263076305 0.951354921 0.160357818 -0.672185838 -0.797826171 0.121070363 0.590605915 1.446893692
0.521013439 -0.289310902 0.803022027 -0.598676860 0.266178519 0.948959649 0.169188112 -0.672921181 -0.810983419 0.125597894 0.571429014 1.456770301
0.502050698 -0.291279972 0.814310253 -0.581783533 0.263955712 0.948256850 0.176454991 -0.674897552 -0.823573053 0.126352459 0.552958012 1.467663288
0.484354019 -0.293382108 0.824213684 -0.564953268 0.262940168 0.947356462 0.182696968 -0.675884008 -0.834424198 0.128228873 0.535997868 1.476736546
0.468147874 -0.294412166 0.833162129 -0.547920406 0.261495918 0.946791410 0.187632352 -0.677337170 -0.844072044 0.130028784 0.520226002 1.485334754
0.450385690 -0.294897527 0.842726707 -0.526533186 0.259769112 0.946326137 0.192319691 -0.680434883 -0.854208946 0.132296294 0.502816975 1.499628782
0.431756139 -0.296383560 0.851905763 -0.508741617 0.260753393 0.945159733 0.196674258 -0.682481527 -0.863478005 0.137221992 0.485361516 1.507555008
0.414718509 -0.294749439 0.860889912 -0.490952611 0.262039781 0.944692492 0.197208554 -0.685017824 -0.871403337 0.143801332 0.469017506 1.515279889
0.397235632 -0.294769615 0.869088590 -0.472489119 0.263848990 0.943711221 0.199481577 -0.688439488 -0.878969729 0.150066912 0.452650368 1.524659276
0.379885435 -0.297999471 0.875718832 -0.455032825 0.265412897 0.941997588 0.205417871 -0.690310955 -0.886139512 0.154391795 0.436944067 1.532179832
0.366063595 -0.301433861 0.880417585 -0.438012958 0.269017577 0.939969301 0.209969684 -0.692624450 -0.890857458 0.159985527 0.425179541 1.539640784
0.353882790 -0.304306269 0.884400845 -0.420400739 0.268522322 0.938837767 0.215590954 -0.695981145 -0.895914555 0.161187381 0.413951516 1.548994780
0.344005048 -0.308194339 0.886948049 -0.403378129 0.270128250 0.937148869 0.220868081 -0.698637486 -0.899272621 0.163609952 0.405635953 1.556541204
0.337099314 -0.316707581 0.886600554 -0.386362314 0.274395138 0.933885932 0.229269356 -0.701130688 -0.900595129 0.165992290 0.401715279 1.564386368
0.330704331 -0.324733078 0.886105657 -0.365133405 0.279191792 0.930571318 0.236831069 -0.704241812 -0.901491404 0.169072300 0.398406744 1.576508999
0.326217294 -0.335488886 0.883758724 -0.347307920 0.282862812 0.926709652 0.247382045 -0.705692768 -0.901981652 0.169282198 0.397206068 1.584784508
0.323777318 -0.339534581 0.883110821 -0.328732848 0.284798086 0.925074279 0.251252234 -0.706957936 -0.902251899 0.170158416 0.396216869 1.592970848
0.321669936 -0.339146852 0.884029329 -0.309034705 0.280464649 0.925880373 0.253150403 -0.707765937 -0.904360592 0.166508123 0.392946541 1.602208614
0.320728600 -0.334677666 0.886072338 -0.288455606 0.269004792 0.929157317 0.253580540 -0.707497001 -0.908168375 0.157027096 0.388037205 1.610780716
0.321202099 -0.326926351 0.888790548 -0.267368197 0.258640826 0.933125496 0.249763399 -0.706485629 -0.911007345 0.149652928 0.384278357 1.619928956
0.321318448 -0.320503980 0.891084552 -0.244030595 0.250069886 0.936299443 0.246593490 -0.705022812 -0.913356185 0.143598363 0.380998671 1.630682349
0.322227478 -0.314396590 0.892930031 -0.222796082 0.241102964 0.939391017 0.243749589 -0.703236461 -0.915444493 0.136745334 0.378499568 1.641109228
0.324010730 -0.308745354 0.894255817 -0.201404214 0.233707890 0.942074060 0.240576699 -0.700894713 -0.916732132 0.131045178 0.377398312 1.652667403
0.324675858 -0.303041041 0.895964205 -0.177012444 0.228778243 0.944315851 0.236491233 -0.697829008 -0.917739689 0.128194094 0.375925779 1.668166041
0.326281488 -0.298392862 0.896940410 -0.155541182 0.226489827 0.945908248 0.232292831 -0.694659948 -0.917737901 0.127355009 0.376215339 1.681917310
0.328325629 -0.295104444 0.897282481 -0.134086013 0.229001001 0.946471214 0.227487966 -0.691203594 -0.916384697 0.130788401 0.378329992 1.696853518
0.329860628 -0.293274224 0.897319496 -0.111533999 0.237446234 0.945737183 0.221811920 -0.688801110 -0.913680136 0.139898092 0.381598294 1.712951064
0.331562281 -0.294153184 0.896404266 -0.090091228 0.249628276 0.943640471 0.217321053 -0.686349332 -0.909808993 0.151712313 0.386304498 1.729475141
0.334231198 -0.298126668 0.894097328 -0.068936348 0.259575993 0.941082358 0.216758668 -0.684071243 -0.906040788 0.159638703 0.391925633 1.746144176
0.335200071 -0.304533035 0.891572058 -0.048104167 0.270824701 0.937524319 0.218408242 -0.683269441 -0.902383029 0.168249205 0.396733284 1.762456298
0.336833060 -0.312948316 0.888035476 -0.027193904 0.280125886 0.933748960 0.222805858 -0.681840420 -0.898928940 0.173713297 0.402182400 1.778041124
0.338096142 -0.320365876 0.884904921 -0.006009579 0.283944517 0.931183279 0.228633359 -0.680676341 -0.897255003 0.173963830 0.405795634 1.792776465
0.338510275 -0.327365637 0.882180691 0.018433809 0.287312686 0.928716421 0.234386876 -0.680809498 -0.896025896 0.174119309 0.408436358 1.810707092
0.339680195 -0.336352557 0.878341854 0.041023374 0.289321870 0.925954342 0.242696181 -0.680857897 -0.894935906 0.171684399 0.411842465 1.824325562
0.341093659 -0.345228553 0.874341011 0.064632654 0.288664520 0.923648238 0.252084792 -0.681529880 -0.894610405 0.166406751 0.414705813 1.837268114
0.341946006 -0.352226704 0.871211469 0.088742137 0.288260013 0.921717465 0.259505510 -0.682608843 -0.894415557 0.162398532 0.416710436 1.850813508
