1.000000000 0.000000000 0.000000000 -0.000000011 0.000000000 1.000000000 0.000000000 0.000000045 0.000000000 0.000000000 1.000000000 0.000000007
0.999996066 -0.002774160 -0.000444465 0.000500346 0.002778354 0.999948800 0.009729868 -0.000527849 0.000417450 -0.009731064 0.999952555 0.001102229
0.999986291 -0.005191159 0.000691987 -0.000994756 0.005177836 0.999823928 0.018035708 -0.002039224 -0.000785492 -0.018031878 0.999837101 0.000124165
0.999957144 -0.009243639 0.000473728 -0.002535818 0.009231802 0.999741495 0.020777015 -0.015379138 -0.000665661 -0.020771751 0.999783993 -0.002131847
0.999944210 -0.010499802 0.001175657 -0.004508155 0.010477054 0.999784470 0.017922578 -0.023754746 -0.001363587 -0.017909260 0.999838710 -0.000584625
0.999893606 -0.014432267 0.002131749 -0.005069945 0.014403048 0.999809921 0.013139400 -0.029934755 -0.002320976 -0.013107297 0.999911427 -0.001338534
0.999826789 -0.018310722 0.003328393 -0.010459511 0.018272888 0.999771833 0.011062541 -0.045587335 -0.003530196 -0.010999805 0.999933243 -0.002453728
0.999780536 -0.020575762 0.003936247 -0.012494143 0.020544738 0.999758780 0.007766538 -0.056080796 -0.004095100 -0.007683964 0.999962091 -0.002283469
0.999780476 -0.019898055 0.006565102 -0.016117644 0.019856436 0.999782681 0.006344598 -0.072797067 -0.006689921 -0.006212845 0.999958336 -0.005071539
0.999772012 -0.019733720 0.008151482 -0.020619350 0.019734465 0.999805272 -0.000010753 -0.082274832 -0.008149683 0.000171616 0.999966800 -0.001924587
0.999747753 -0.020286152 0.009637013 -0.024426032 0.020307766 0.999791443 -0.002150221 -0.095423207 -0.009591384 0.002345385 0.999951243 -0.001464167
0.999766588 -0.018586341 0.011012103 -0.028975718 0.018615294 0.999823511 -0.002532575 -0.108719520 -0.010963088 0.002736978 0.999936163 -0.002018247
0.999830663 -0.014980095 0.010690603 -0.033631366 0.014982073 0.999887764 -0.000105008 -0.124543890 -0.010687830 0.000265158 0.999942839 -0.004918333
0.999857187 -0.015971657 0.005527311 -0.039567653 0.015952818 0.999866843 0.003435905 -0.137149051 -0.005581453 -0.003347238 0.999978840 -0.006249835
0.999845147 -0.016968248 -0.004661224 -0.045703765 0.016984833 0.999849498 0.003541782 -0.152962163 0.004600424 -0.003620404 0.999982893 -0.007359662
0.999762118 -0.013367278 -0.017235866 -0.053699221 0.013440107 0.999901175 0.004116565 -0.171071425 0.017179137 -0.004347238 0.999843001 -0.011228915
0.999445260 -0.008655772 -0.032160137 -0.061595697 0.008923212 0.999926686 0.008181728 -0.190822393 0.032086957 -0.008464161 0.999449253 -0.015725249
0.998806715 -0.003062373 -0.048742242 -0.069637395 0.003762466 0.999890983 0.014277926 -0.211664900 0.048693202 -0.014444279 0.998709321 -0.019957736
0.997751296 0.004599672 -0.066867232 -0.076964766 -0.003312378 0.999807298 0.019349629 -0.231301501 0.066943347 -0.019084627 0.997574270 -0.022953633
0.996217906 0.014949803 -0.085594140 -0.084802665 -0.012775029 0.999582946 0.025899623 -0.250390708 0.085945629 -0.024708200 0.995993376 -0.025559844
0.994271338 0.024873013 -0.103951104 -0.093780845 -0.022053437 0.999359369 0.028186131 -0.267538160 0.104585581 -0.025732186 0.994182944 -0.027323857
0.992148519 0.033238590 -0.120567441 -0.100168303 -0.030548930 0.999242961 0.024089010 -0.270396769 0.121276855 -0.020216672 0.992412806 -0.022859784
0.990059137 0.039731439 -0.134923339 -0.108823270 -0.037001509 0.999057770 0.022681907 -0.284131795 0.135697395 -0.017464064 0.990596414 -0.020184347
0.988129377 0.044680573 -0.146982878 -0.118544452 -0.041882046 0.998878539 0.022081394 -0.296935797 0.147804648 -0.015663333 0.988892555 -0.017820306
0.986387432 0.050641593 -0.156445816 -0.129221871 -0.048174951 0.998648167 0.019520905 -0.308499128 0.157222882 -0.011718407 0.987493634 -0.015128551
0.984701693 0.054254498 -0.165587068 -0.138501927 -0.052269999 0.998499572 0.016322166 -0.318694025 0.166224182 -0.007417228 0.986060083 -0.007935735
0.983099222 0.060245749 -0.172876760 -0.148433954 -0.058800589 0.998178840 0.013473282 -0.328504294 0.173373625 -0.003080318 0.984851301 -0.000620693
0.981774926 0.065788619 -0.178297043 -0.162011683 -0.064587869 0.997833252 0.012537081 -0.338024229 0.178735524 -0.000792766 0.983896852 0.000840114
0.980600536 0.066473134 -0.184401423 -0.174261406 -0.065649681 0.997786701 0.010574175 -0.348059475 0.184696198 0.001736852 0.982794106 0.008185907
0.979610026 0.067872204 -0.189096749 -0.186997637 -0.067259990 0.997688711 0.009660498 -0.358603120 0.189315379 0.003255123 0.981910944 0.015588462
0.978953004 0.065419391 -0.193316787 -0.202722251 -0.065427169 0.997837126 0.006351115 -0.378452957 0.193314165 0.006430727 0.981115818 0.021944979
0.978356719 0.063387834 -0.196977571 -0.216648772 -0.064364202 0.997925401 0.001447823 -0.392168939 0.196660712 0.011261815 0.980406940 0.029406276
0.977920175 0.065089501 -0.198583767 -0.230731159 -0.067622028 0.997693002 -0.005990430 -0.406547457 0.197735712 0.019286798 0.980065584 0.037287042
0.977579951 0.068868935 -0.198983550 -0.243684739 -0.073609471 0.997150362 -0.016516283 -0.426839471 0.197279066 0.030793060 0.979863644 0.037004746
0.977398574 0.075078934 -0.197623894 -0.258347273 -0.081984133 0.996268332 -0.026982622 -0.443113208 0.194860592 0.042574801 0.979906499 0.043586738
0.977346361 0.081931703 -0.195144281 -0.273790359 -0.089364327 0.995559692 -0.029578067 -0.459698528 0.191854402 0.046346955 0.980328441 0.049297579
0.977182269 0.089530699 -0.192611158 -0.289152533 -0.096231543 0.995027125 -0.025700908 -0.483224541 0.189352304 0.043649737 0.980938554 0.045111816
0.977102637 0.097884528 -0.188915551 -0.306334287 -0.103148721 0.994499147 -0.018213451 -0.503823638 0.186093539 0.037282810 0.981824398 0.046795603
0.977041423 0.103487223 -0.186226919 -0.325103730 -0.107658997 0.994110525 -0.012401881 -0.527940094 0.183846697 0.032166153 0.982428491 0.046661384
0.977426171 0.099406630 -0.186430722 -0.346112162 -0.102720365 0.994676650 -0.008175244 -0.562788785 0.184625626 0.027140930 0.982434094 0.036192108
0.977636933 0.092677563 -0.188777238 -0.368201315 -0.095220700 0.995446324 -0.004427118 -0.593596995 0.187507331 0.022303617 0.982009947 0.031538762
0.977084696 0.085993022 -0.194706619 -0.391708404 -0.087943912 0.996124446 -0.001381050 -0.626249969 0.193833262 0.018472664 0.980860531 0.025903679
0.975686550 0.083711490 -0.202554017 -0.415648699 -0.085455850 0.996341944 0.000134041 -0.664933741 0.201824278 0.017178643 0.979271054 0.013389585
0.973904490 0.082368299 -0.211483940 -0.440893918 -0.083800957 0.996480107 0.002195125 -0.696179390 0.210920349 0.015584713 0.977379024 0.007142616
0.972167373 0.082149670 -0.219412938 -0.466650456 -0.083624244 0.996494055 0.002574580 -0.724231899 0.218855187 0.015845316 0.975628674 0.001907254
0.970503867 0.080605350 -0.227211490 -0.492823541 -0.082421012 0.996596456 0.001501228 -0.754728973 0.226559177 0.017270051 0.973844290 -0.008623715
0.968579710 0.079792157 -0.235555902 -0.519491553 -0.081815809 0.996646762 0.001186406 -0.776587725 0.234860703 0.018123068 0.971860051 -0.012809556
0.965818942 0.080515601 -0.246396035 -0.546808600 -0.082558967 0.996584058 0.002043669 -0.796644986 0.245718926 0.018368386 0.969167054 -0.016502941
0.961781263 0.082401827 -0.261125892 -0.576810002 -0.084602088 0.996410787 0.002823815 -0.823227108 0.260421365 0.019375905 0.965300620 -0.027168294
0.957030296 0.085039459 -0.277238727 -0.605006814 -0.087468944 0.996160686 0.003616123 -0.842746258 0.276481807 0.020789038 0.960794270 -0.031499285
0.952318311 0.088372968 -0.292027563 -0.633434594 -0.090789266 0.995856047 0.005295656 -0.861824512 0.291285425 0.021469813 0.956395268 -0.035408936
0.948132873 0.095932953 -0.303052634 -0.661697328 -0.097872980 0.995159864 0.008817079 -0.885496378 0.302431673 0.021300897 0.952933013 -0.043941163
0.944150150 0.101269513 -0.313568145 -0.689915538 -0.099872828 0.994787812 0.020559276 -0.903585851 0.314015776 0.011905892 0.949343085 -0.047069646
0.940527201 0.109993204 -0.321418792 -0.718253136 -0.102804944 0.993924558 0.039307296 -0.920106709 0.323789567 -0.003926143 0.946120977 -0.049474224
0.937501371 0.117996857 -0.327365190 -0.746574819 -0.102683291 0.992669821 0.063739806 -0.939742863 0.332486659 -0.026141215 0.942745626 -0.056326617
0.934855342 0.124613360 -0.332441062 -0.775983036 -0.102138519 0.991190255 0.084318139 -0.955012023 0.340019494 -0.044870220 0.939347327 -0.056613378
0.932440937 0.117430501 -0.341707438 -0.806570888 -0.088185765 0.991076529 0.099952780 -0.970743001 0.350395709 -0.063066341 0.934476078 -0.055269949
0.930115998 0.101257853 -0.353031218 -0.837608099 -0.071745522 0.992817521 0.095739171 -0.994773686 0.360189915 -0.063720137 0.930700243 -0.060277343
0.927907944 0.083428562 -0.363354594 -0.868576825 -0.057636257 0.995023727 0.081276707 -1.014973879 0.368327230 -0.054474901 0.928098917 -0.054902259
0.926042080 0.068728358 -0.371109724 -0.898808420 -0.048714239 0.996820748 0.063049868 -1.035868526 0.374263167 -0.040308509 0.926446080 -0.047056861
0.924536824 0.059066672 -0.376487464 -0.926382542 -0.044522826 0.997891605 0.047223743 -1.059917927 0.378483027 -0.026897807 0.925217330 -0.041807130
0.923785329 0.055798206 -0.378823429 -0.953216314 -0.046222832 0.998341024 0.034331731 -1.077436328 0.380110592 -0.014204863 0.924831986 -0.030068714
0.923126876 0.053394802 -0.380770028 -0.978788376 -0.047684141 0.998563826 0.024423154 -1.091406465 0.381527245 -0.004388981 0.924347162 -0.015968274
0.922564030 0.051891521 -0.382338762 -1.003084302 -0.048279405 0.998652339 0.019042658 -1.107851267 0.382811666 0.000891013 0.923825979 -0.006905474
0.921791434 0.049040884 -0.384571999 -1.026714802 -0.045572884 0.998796463 0.018132284 -1.116291404 0.384998351 0.000811868 0.922916889 0.009481750
0.921197653 0.046530455 -0.386302799 -1.049373746 -0.041975327 0.998913944 0.020223383 -1.122065663 0.386824280 -0.002414547 0.922150314 0.027384326
0.921610653 0.050850760 -0.384770125 -1.070029497 -0.047588769 0.998704791 0.018001867 -1.128259182 0.385187179 0.001720024 0.922836900 0.040820383
0.922818005 0.060747322 -0.380416453 -1.089605451 -0.059320558 0.998118877 0.015485574 -1.133140802 0.380641520 0.008276147 0.924685657 0.060631614
0.924113274 0.068278961 -0.375968903 -1.108011246 -0.071552895 0.997422874 0.005266422 -1.139022350 0.375359565 0.022034891 0.926617324 0.081016958
0.925625324 0.073762059 -0.371183217 -1.120849967 -0.082220465 0.996589661 -0.006990732 -1.143680573 0.369401693 0.036989655 0.928533316 0.091311738
0.926599324 0.075287573 -0.368436545 -1.137768030 -0.088461749 0.995898902 -0.018971473 -1.151018739 0.365497202 0.050171494 0.929459333 0.110714473
0.927749097 0.077490725 -0.365070999 -1.153860331 -0.094679751 0.995073795 -0.029391706 -1.157867432 0.360994995 0.061832957 0.930515587 0.129469618
0.928460300 0.077895150 -0.363171935 -1.168021917 -0.097119778 0.994658887 -0.034949727 -1.163956046 0.358509779 0.067720607 0.931066394 0.143368974
0.929216266 0.080697618 -0.360617518 -1.183025002 -0.101712339 0.994023502 -0.039647065 -1.169255257 0.355262876 0.073519953 0.931870759 0.159699887
0.929887235 0.084618375 -0.357979745 -1.197367907 -0.106618151 0.993407011 -0.042131938 -1.173878670 0.352054447 0.077345088 0.932778358 0.175023243
0.930161953 0.085387312 -0.357082337 -1.209301949 -0.108276524 0.993121266 -0.044568859 -1.178606749 0.350820452 0.080119893 0.933009028 0.184759110
0.930145144 0.084477521 -0.357342333 -1.222972989 -0.107906304 0.993091524 -0.046103183 -1.182275653 0.350978941 0.081442147 0.932834923 0.197241724
0.928798318 0.083203278 -0.361124486 -1.236540318 -0.107529335 0.993054032 -0.047761131 -1.185376406 0.354642242 0.083191931 0.931293726 0.208220392
0.926799834 0.080028214 -0.366929948 -1.247971654 -0.104249276 0.993457019 -0.046640016 -1.184540033 0.360796630 0.081478141 0.929078639 0.213999912
0.924688160 0.076421916 -0.372976512 -1.261163473 -0.098216504 0.994370639 -0.039755642 -1.185746789 0.367838711 0.073394023 0.926988661 0.222095028
0.922710776 0.069093488 -0.379250526 -1.273981214 -0.089128770 0.995387077 -0.035505038 -1.186922789 0.375047922 0.066563010 0.924612582 0.229216129
0.920598865 0.065171152 -0.385033101 -1.282439351 -0.083333328 0.996050119 -0.030654091 -1.188075185 0.381514519 0.060306210 0.922393560 0.232382178
0.918736100 0.058976319 -0.390443116 -1.293137193 -0.075414330 0.996789634 -0.026889661 -1.188380361 0.387603790 0.054149508 0.920234263 0.237803608
0.916592121 0.047912825 -0.396942288 -1.302803993 -0.063042879 0.997693956 -0.025147932 -1.188255548 0.394822031 0.048074782 0.917499006 0.242836416
0.914057314 0.033694956 -0.404182971 -1.307987213 -0.048513900 0.998471558 -0.026475713 -1.189416766 0.402673125 0.043808810 0.914294899 0.245128870
0.911331713 0.017813679 -0.411287248 -1.313563704 -0.033241797 0.998985231 -0.030389231 -1.189389348 0.410328567 0.041366596 0.910999060 0.249172658
0.908658624 0.003142447 -0.417528063 -1.316647530 -0.019931320 0.999158204 -0.035856180 -1.188950062 0.417063922 0.040902913 0.907956302 0.253110081
0.906187057 -0.008399224 -0.422793657 -1.316937327 -0.010151600 0.999082506 -0.041606039 -1.185862899 0.422755212 0.041994885 0.905270398 0.256733805
0.904969394 -0.016469166 -0.425157905 -1.313334703 -0.002940641 0.998984635 -0.044956561 -1.183172464 0.425466597 0.041934546 0.904002070 0.260954767
0.905437827 -0.022735570 -0.423869550 -1.306455970 0.002953226 0.998877823 -0.047269482 -1.179747105 0.424468577 0.041547794 0.904488921 0.265596241
0.907707751 -0.028052554 -0.418664217 -1.296799660 0.009221055 0.998855352 -0.046935994 -1.176023126 0.419501662 0.038743641 0.906927407 0.269943893
0.911746442 -0.035513058 -0.409215420 -1.283444881 0.018490389 0.998794019 -0.045481388 -1.169272542 0.410337120 0.033900943 0.911303580 0.276295304
0.917264223 -0.043827049 -0.395860553 -1.266920924 0.028667048 0.998614192 -0.044134382 -1.159753919 0.397246242 0.029134739 0.917249441 0.284073114
0.924075365 -0.051402643 -0.378738135 -1.246917367 0.038710877 0.998406708 -0.041054688 -1.147362113 0.380245000 0.023276338 0.924592853 0.292546451
0.931974053 -0.059276942 -0.357645988 -1.223844886 0.048065964 0.998036325 -0.040163502 -1.132499337 0.359324455 0.020240745 0.932993174 0.302607179
0.940976083 -0.065347515 -0.332105041 -1.197376847 0.053205676 0.997544944 -0.045533232 -1.116896033 0.334265172 0.025175810 0.942142785 0.313579202
0.950471342 -0.069353558 -0.302975833 -1.165996552 0.052953608 0.996668935 -0.062023610 -1.097721577 0.306268156 0.042908005 0.950977802 0.317505002
0.958722949 -0.073705971 -0.274622858 -1.131845236 0.055239692 0.995698035 -0.074390516 -1.086815834 0.278924465 0.056149811 0.958670080 0.326278001
0.966224730 -0.073509529 -0.246994093 -1.094028354 0.054643333 0.995100379 -0.082397215 -1.078036785 0.251840889 0.066117652 0.965507448 0.332483977
0.971889913 -0.071408071 -0.224345505 -1.053179741 0.054143362 0.995144486 -0.082194470 -1.069656134 0.229125530 0.067737155 0.971037149 0.333434403
0.976439476 -0.068591177 -0.204600021 -1.009631753 0.053533554 0.995495439 -0.078249864 -1.067561746 0.209045634 0.065453298 0.975712955 0.334684312
0.979667783 -0.067762084 -0.188836783 -0.963782668 0.055664375 0.996086419 -0.068653457 -1.067867875 0.192749858 0.056746103 0.979605734 0.333001643
0.981222987 -0.074349850 -0.177970544 -0.916918099 0.065002859 0.996210039 -0.057794757 -1.069184303 0.181593075 0.045140952 0.982337117 0.323214859
0.981187463 -0.088618398 -0.171516463 -0.867088079 0.081610411 0.995531678 -0.047501657 -1.076121807 0.174959585 0.032610502 0.984035432 0.316087842
0.980572224 -0.101909623 -0.167608395 -0.814847171 0.096988007 0.994585872 -0.037313886 -1.085790396 0.170503572 0.020332955 0.985147238 0.306644529
0.979037523 -0.117740758 -0.166200623 -0.756222248 0.114806049 0.993015766 -0.027190052 -1.091973305 0.168241218 0.007539249 0.985716999 0.286918372
0.977923036 -0.129092023 -0.164322153 -0.697522700 0.127825275 0.991627753 -0.018305134 -1.107517600 0.165309444 -0.003103511 0.986236870 0.273601294
0.976912498 -0.138615638 -0.162565842 -0.635310769 0.138468415 0.990290582 -0.012291823 -1.125994921 0.162691250 -0.010502195 0.986621141 0.259582877
0.977979541 -0.136386245 -0.157970816 -0.568202674 0.137127876 0.990533650 -0.006247383 -1.143929005 0.157327473 -0.015552390 0.987424016 0.241814494
0.979966640 -0.128905416 -0.151818171 -0.499089360 0.130037367 0.991505980 -0.002491101 -1.163638473 0.150849745 -0.017300837 0.988405287 0.228445724
0.983014345 -0.113651678 -0.144104436 -0.427482516 0.115115449 0.993350446 0.001833402 -1.181481481 0.142937824 -0.018390905 0.989560783 0.216764957
0.985360801 -0.100717366 -0.137550339 -0.352863580 0.102037475 0.994777262 0.002561843 -1.193472505 0.136573926 -0.016559629 0.990491450 0.202581421
0.987433672 -0.087098181 -0.131866038 -0.277489096 0.088445336 0.996071398 0.004382452 -1.205195904 0.130966276 -0.015990313 0.991257846 0.192332208
0.989105105 -0.074561648 -0.126931578 -0.200735256 0.075823851 0.997107983 0.005134571 -1.213474274 0.126181662 -0.014703073 0.991898179 0.183465734
0.990911365 -0.058662470 -0.121051319 -0.120194733 0.059538234 0.998219430 0.003627313 -1.217678905 0.120622985 -0.010801526 0.992639601 0.175927967
0.992189586 -0.043307595 -0.116979778 -0.041476548 0.044052109 0.999022067 0.003785289 -1.219115257 0.116701454 -0.008908929 0.993127108 0.170130119
0.993359625 -0.026629323 -0.111926593 0.037532210 0.027302133 0.999617159 0.004482471 -1.217412472 0.111764379 -0.007508540 0.993706346 0.165587142
0.994047463 -0.012460482 -0.108233079 0.115999527 0.013058695 0.999903142 0.004820042 -1.213446259 0.108162537 -0.006204733 0.994113863 0.160746396
0.994259953 -0.003469462 -0.106935047 0.193946570 0.004036618 0.999978900 0.005087754 -1.206551790 0.106915139 -0.005490206 0.994252980 0.158711433
0.994523048 0.003882016 -0.104445241 0.271284759 -0.003353125 0.999980628 0.005238927 -1.196994424 0.104463555 -0.004860016 0.994516850 0.157803938
0.994968951 0.007058118 -0.099934928 0.348317206 -0.006438613 0.999958038 0.006520257 -1.186754346 0.099976756 -0.005844011 0.994972587 0.158815518
0.995601237 0.007686743 -0.093376324 0.424378842 -0.007026260 0.999947906 0.007400057 -1.172407389 0.093428344 -0.006711420 0.995603383 0.160540625
0.996488333 0.007304748 -0.083412677 0.499880254 -0.006687834 0.999948204 0.007672947 -1.155900717 0.083464399 -0.007088152 0.996485531 0.163559407
0.997456074 0.004028738 -0.071170181 0.575489461 -0.003478399 0.999963105 0.007854948 -1.139722705 0.071199194 -0.007587407 0.997433245 0.171295196
0.998353660 -0.003085993 -0.057275090 0.649294376 0.003628465 0.999949515 0.009369761 -1.123235345 0.057243284 -0.009562155 0.998314440 0.175925687
0.999170363 -0.008879960 -0.039745446 0.722548604 0.009363551 0.999884188 0.011997654 -1.106355786 0.039634306 -0.012359858 0.999137819 0.180813223
0.999664843 -0.016422369 -0.020012749 0.795470476 0.016740408 0.999734581 0.015829287 -1.090691209 0.019747483 -0.016159005 0.999674380 0.188405141
0.999692380 -0.024631945 0.002893520 0.867257059 0.024550820 0.999377251 0.025345480 -1.073345423 -0.003516026 -0.025266645 0.999674559 0.194083750
0.999054253 -0.032153022 0.029270969 0.938345015 0.031074140 0.998846889 0.036595751 -1.055663347 -0.030413881 -0.035651568 0.998901367 0.200119779
0.997501671 -0.041180424 0.057398707 1.008489966 0.038388059 0.998064220 0.048930574 -1.039298892 -0.059302576 -0.046604905 0.997151554 0.211002305
0.994975984 -0.051077448 0.086104237 1.078412533 0.045902066 0.997078598 0.061051343 -1.021968722 -0.088971041 -0.056792255 0.994413793 0.218943328
0.991573632 -0.060038954 0.114791378 1.147482872 0.052112214 0.996124625 0.070851907 -1.005473495 -0.118600398 -0.064272851 0.990859687 0.228107184
0.987481356 -0.069029503 0.141829208 1.194195271 0.058484755 0.995297134 0.077221505 -0.986828923 -0.146492764 -0.067959957 0.986874521 0.248074561
0.983349323 -0.077728741 0.164263219 1.260280848 0.064228959 0.994225919 0.085962191 -0.971998036 -0.169996470 -0.073980406 0.982663751 0.260001808
0.979151726 -0.086288445 0.183891818 1.325129032 0.069125347 0.992803276 0.097792543 -0.957636893 -0.191006765 -0.083042152 0.978069723 0.273259401
0.975232482 -0.096305296 0.199115247 1.386690140 0.075362384 0.991045594 0.110223062 -0.943825662 -0.207947344 -0.092487313 0.973757684 0.291212499
0.971758723 -0.106011294 0.210823655 1.448834538 0.080938615 0.988949001 0.124212630 -0.931361198 -0.221661776 -0.103640936 0.969600260 0.308560312
0.968663037 -0.114940196 0.220183372 1.510107160 0.086362779 0.987032115 0.135311037 -0.920904934 -0.232880741 -0.112055145 0.966028035 0.328217983
0.965921342 -0.123108439 0.227684662 1.568722963 0.091590397 0.985302150 0.144190207 -0.911181331 -0.242089227 -0.118422672 0.962999940 0.352430582
0.963434696 -0.132708222 0.232770592 1.628783226 0.099351667 0.983736753 0.149637118 -0.904686391 -0.248843074 -0.121039435 0.960950851 0.378187984
0.960668683 -0.152727172 0.231926948 1.688463807 0.119774118 0.981383324 0.150136292 -0.900300145 -0.250539124 -0.116452396 0.961076975 0.406482756
0.957832456 -0.170095131 0.231569931 1.746996403 0.139721140 0.979971170 0.141896173 -0.897913098 -0.251067698 -0.103557557 0.962414086 0.438348919
0.955625355 -0.182560056 0.231196955 1.808151126 0.156328022 0.979472816 0.127257660 -0.896961272 -0.249683306 -0.085468084 0.964548349 0.472078741
0.954616368 -0.185592532 0.232944205 1.870507717 0.163840413 0.980372667 0.109661967 -0.896531284 -0.248724565 -0.066519439 0.966287374 0.507463992
0.954621494 -0.182566866 0.235302344 1.931546688 0.166167036 0.982171297 0.087909535 -0.896795452 -0.247156575 -0.044820841 0.967938364 0.544065297
0.955867469 -0.176152527 0.235133335 1.995531201 0.163408637 0.983869910 0.072784901 -0.896596551 -0.244161859 -0.031149907 0.969234049 0.582162201
0.958614826 -0.165590137 0.231597692 2.059834003 0.155409575 0.985923648 0.061664224 -0.896329999 -0.238548636 -0.023119740 0.970855296 0.621280253
0.962329209 -0.154686004 0.223594949 2.120143175 0.146187723 0.987772226 0.054177526 -0.895296514 -0.229241386 -0.019449782 0.973175287 0.659731030
0.967140019 -0.136089191 0.214755535 2.184628487 0.129142359 0.990552902 0.046121247 -0.894483209 -0.219003320 -0.016871668 0.975578249 0.698841810
0.972436965 -0.113103077 0.203897178 2.248876333 0.106730998 0.993399680 0.042018250 -0.892813683 -0.207303792 -0.019097954 0.978090167 0.738151848
0.977107108 -0.095279269 0.190219849 2.306860685 0.088026531 0.995044351 0.046239875 -0.894268215 -0.193682879 -0.028436914 0.980651975 0.783832371
0.981759846 -0.078099698 0.173343658 2.369054317 0.070245907 0.996225178 0.050998587 -0.892515302 -0.176672310 -0.037891682 0.983540118 0.823967338
0.985448122 -0.068008587 0.155777961 2.430346966 0.059385374 0.996468544 0.059361506 -0.891117752 -0.159264922 -0.049246754 0.986006796 0.864630938
0.988390028 -0.057787832 0.140519559 2.488823414 0.048394721 0.996416450 0.069370337 -0.889641404 -0.144024760 -0.061764546 0.987644672 0.905437171
0.990749776 -0.051012963 0.125747979 2.547632217 0.041341856 0.996067941 0.078354679 -0.890437186 -0.129250646 -0.072431229 0.988963068 0.947647750
0.992673874 -0.043047376 0.112896033 2.605573893 0.033363827 0.995710075 0.086303376 -0.892541826 -0.116126858 -0.081904463 0.989851594 0.991302490
0.994144738 -0.031659517 0.103314787 2.662175417 0.021939486 0.995340109 0.093897164 -0.895041883 -0.105806097 -0.091080695 0.990206718 1.039122462
0.995236039 -0.019531306 0.095518097 2.717737675 0.010030943 0.995042086 0.098947898 -0.900275052 -0.096977100 -0.097518384 0.990497649 1.087044597
0.996042073 -0.007464715 0.088568971 2.771483183 -0.001455671 0.994963527 0.100227296 -0.907434940 -0.088871062 -0.099959537 0.991014659 1.136638999
0.996487796 0.006867012 0.083456360 2.820584297 -0.014884431 0.995286584 0.095828637 -0.916105211 -0.082404934 -0.096734270 0.991893113 1.187967896
0.996365786 0.025447514 0.081287540 2.870419502 -0.032558084 0.995642602 0.087382779 -0.926725149 -0.078709669 -0.089711770 0.992852747 1.240558982
0.995758653 0.044355057 0.080606349 2.917794943 -0.050587639 0.995746911 0.076999716 -0.938989162 -0.076848201 -0.080750816 0.993767381 1.294606924
0.994901419 0.060634684 0.080589317 2.961682796 -0.066043153 0.995616257 0.066231519 -0.952510357 -0.076220103 -0.071216196 0.994544506 1.351592302
0.994061232 0.073572062 0.080183834 3.002373457 -0.078073032 0.995455742 0.054520164 -0.967621088 -0.075808302 -0.060456578 0.995287955 1.407952309
0.993448436 0.082556807 0.079023004 3.039312363 -0.086111151 0.995371163 0.042675178 -0.983858109 -0.075134084 -0.049200352 0.995958924 1.465099931
0.992763698 0.090836756 0.078542270 3.072850466 -0.093279980 0.995245814 0.028011438 -1.001200795 -0.075624399 -0.035135161 0.996517181 1.524390578
0.992595077 0.094293632 0.076575086 3.101967096 -0.095374949 0.995385170 0.010580820 -1.019416451 -0.075223997 -0.017805815 0.997007668 1.582623839
0.992794633 0.095662162 0.072163202 3.126551867 -0.094906852 0.995390058 -0.013831785 -1.039237022 -0.073153712 0.006883340 0.997296929 1.640221715
0.992941380 0.098214008 0.066493861 3.142246246 -0.095922150 0.994707167 -0.036831971 -1.057197094 -0.069759332 0.030193755 0.997106791 1.691393256
0.992475748 0.105682157 0.061831586 3.158779144 -0.102119900 0.993068576 -0.058191966 -1.077502489 -0.067552857 0.051439878 0.996388733 1.746306300
0.991322577 0.117129400 0.059667900 3.171580791 -0.112248302 0.990496933 -0.079473838 -1.097439766 -0.068409592 0.072086588 0.995049596 1.799196005
0.989234805 0.133205965 0.060585935 3.179729939 -0.126734480 0.986842096 -0.100404426 -1.117342710 -0.073163219 0.091645226 0.993100345 1.850754976
0.987075508 0.147938788 0.061611895 3.184353828 -0.139745176 0.982774019 -0.120940305 -1.136373997 -0.078442328 0.110767253 0.990745902 1.897516251
0.985494554 0.158053488 0.061802611 3.183705330 -0.147755533 0.978239596 -0.145655587 -1.155961633 -0.083479136 0.134411111 0.987403095 1.940618277
0.984017015 0.167123467 0.061483551 3.176929712 -0.154301047 0.972565591 -0.174090177 -1.176071763 -0.088891342 0.161820740 0.982808411 1.981269121
0.983034968 0.173123717 0.060584359 3.165131569 -0.157560110 0.966149151 -0.204280823 -1.195847392 -0.093899377 0.191269517 0.977035761 2.015151978
0.982900202 0.174454913 0.058929436 3.147511482 -0.156476244 0.960016787 -0.232127056 -1.214935422 -0.097068958 0.218936667 0.970898747 2.043072224
0.983904898 0.169546247 0.056437232 3.122221470 -0.149870485 0.954966128 -0.256083101 -1.233642578 -0.097313575 0.243503153 0.965005875 2.065933943
0.988297641 0.144266039 0.049548712 3.092246294 -0.125907421 0.954895616 -0.268927008 -1.251039982 -0.086110875 0.259541363 0.961885214 2.079893589
0.993055284 0.110028856 0.041651297 3.057212114 -0.095122419 0.959244788 -0.266084880 -1.266628504 -0.069230810 0.260275036 0.963049293 2.086227655
0.996463835 0.075999312 0.035831250 3.019618511 -0.064967431 0.967338741 -0.245020404 -1.279608369 -0.053282343 0.241826102 0.968855560 2.086601019
0.998782873 0.039993927 0.028866939 2.978511810 -0.032972910 0.976655245 -0.212267071 -1.290303826 -0.036682442 0.211056888 0.976785243 2.080138922
0.999695778 0.008839719 0.023026416 2.935892820 -0.004803170 0.985469282 -0.169785976 -1.298886657 -0.024192685 0.169623733 0.985211909 2.068242550
0.999724567 -0.015809918 0.017344275 2.893518686 0.017861953 0.991949677 -0.125366539 -1.305395365 -0.015222615 0.125641823 0.991958857 2.051631212
0.999253869 -0.036562320 0.012448302 2.850100994 0.037501816 0.995568275 -0.086240306 -1.311831832 -0.009239989 0.086642787 0.996196568 2.031918764
0.998654664 -0.050830051 0.010255259 2.807088852 0.051341727 0.996991396 -0.058070727 -1.318433642 -0.007272666 0.058519125 0.998259783 2.009986639
0.998010278 -0.062268306 0.009909206 2.768779516 0.062708914 0.996616423 -0.053134698 -1.325068712 -0.006567070 0.053650368 0.998538196 1.992516875
0.997554064 -0.068834253 0.012155810 2.727504969 0.069454812 0.995688081 -0.061492424 -1.333574653 -0.007870611 0.062186297 0.998033524 1.968751073
0.997072577 -0.075130530 0.014202487 2.687127590 0.076021947 0.993973732 -0.078973785 -1.342123032 -0.008183556 0.079822302 0.996775508 1.943538785
0.997039080 -0.074701354 0.018242983 2.650145054 0.076098889 0.992610931 -0.094511971 -1.348121524 -0.011048012 0.095620394 0.995356560 1.916862011
0.996824682 -0.077109165 0.019867096 2.611895323 0.078764595 0.991469860 -0.103844337 -1.353411317 -0.011690278 0.105079420 0.994395137 1.887394309
0.996988893 -0.074428171 0.021763533 2.574696779 0.076251954 0.991999626 -0.100609854 -1.355593562 -0.014101211 0.101966411 0.994687915 1.855908751
0.996652663 -0.079396352 0.019485766 2.540770769 0.080833077 0.992689013 -0.089635521 -1.355569005 -0.012226576 0.090910569 0.995783985 1.824087858
0.996291578 -0.083612785 0.020297265 2.506013632 0.084967017 0.993245304 -0.079021625 -1.355340004 -0.013552944 0.080453180 0.996666253 1.788997293
0.995456040 -0.092869736 0.021033958 2.472660542 0.094075374 0.993351698 -0.066349164 -1.354324102 -0.014732287 0.068026453 0.997574747 1.752257705
0.994436681 -0.102307118 0.025079837 2.441321373 0.103534304 0.993167877 -0.053834543 -1.353029251 -0.019400833 0.056131668 0.998234868 1.713817000
0.993388176 -0.109831557 0.033421826 2.411834002 0.111215070 0.992873788 -0.042812306 -1.347564340 -0.028481513 0.046246249 0.998523951 1.675737262
0.992251456 -0.115675092 0.045346953 2.384052277 0.117315620 0.992465258 -0.035351437 -1.338914394 -0.040915996 0.040397417 0.998345613 1.637969255
0.990749061 -0.121596292 0.060254753 2.358766079 0.123763606 0.991741598 -0.033633504 -1.328412294 -0.055667430 0.040779706 0.997616231 1.602673054
0.989045799 -0.125484735 0.077730343 2.334685326 0.128543049 0.991062641 -0.035658084 -1.314432740 -0.072561100 0.045259170 0.996336520 1.566207409
0.987206340 -0.124190189 0.100001931 2.312553167 0.129518390 0.990382612 -0.048654776 -1.298588276 -0.092997730 0.060984392 0.993796945 1.529747844
0.985332072 -0.114469692 0.126559749 2.295929670 0.123337775 0.990260899 -0.064584605 -1.281603098 -0.117934182 0.079246886 0.989854276 1.495791435
0.982448816 -0.105555989 0.153793082 2.276952744 0.119142540 0.989488482 -0.081960842 -1.264328122 -0.143525019 0.098845631 0.984697998 1.456477046
0.978610694 -0.095591612 0.182162926 2.258817673 0.114160173 0.988975346 -0.094314568 -1.246521950 -0.171138957 0.113092996 0.978734612 1.415183306
0.973503172 -0.092127331 0.209294289 2.239867210 0.115288533 0.988155127 -0.101281613 -1.227818251 -0.197484434 0.122727200 0.972593427 1.371516824
0.967294812 -0.093040295 0.235975087 2.221499205 0.119569264 0.987705946 -0.100698270 -1.208784103 -0.223704994 0.125620276 0.966527581 1.325183153
0.959622383 -0.098485917 0.263487101 2.203054428 0.126960263 0.987512052 -0.093279235 -1.188575506 -0.251010001 0.122965224 0.960142434 1.276682973
0.950480700 -0.107653543 0.291542768 2.183361292 0.135141566 0.987923384 -0.075789891 -1.165802360 -0.279862881 0.111436374 0.953550577 1.226312280
0.939702988 -0.120672643 0.319994330 2.163987160 0.144372672 0.988192081 -0.051312439 -1.142446160 -0.310023844 0.094416894 0.946028888 1.174178243
0.926853180 -0.132889509 0.351117641 2.144587040 0.152487785 0.987890482 -0.028632851 -1.118656158 -0.343060762 0.080079585 0.935893476 1.120458245
0.911859870 -0.146884665 0.383322954 2.128586531 0.161941126 0.986774802 -0.007110300 -1.093988895 -0.377209067 0.068559349 0.923587024 1.071843743
0.894384921 -0.160564214 0.417486250 2.108953714 0.171925545 0.985053658 0.010531479 -1.066408038 -0.412937343 0.062357351 0.908622205 1.017479062
0.874226391 -0.172779232 0.453735173 2.089299202 0.181629062 0.983064532 0.024393525 -1.036197424 -0.450265646 0.061086025 0.890802622 0.963434279
0.851527750 -0.187459722 0.489652276 2.069542646 0.193764523 0.980298817 0.038334705 -1.003219724 -0.487191737 0.062234171 0.871074677 0.913218498
0.826592028 -0.201545551 0.525476038 2.048897743 0.205222413 0.977331281 0.052032009 -0.967075825 -0.524051011 0.064830191 0.849215925 0.860360384
0.799427092 -0.215502754 0.560780644 2.028035641 0.217893645 0.973895550 0.063638218 -0.928431988 -0.559855938 0.071316414 0.825515151 0.808293045
0.770671606 -0.230933800 0.593914866 2.007132292 0.231366053 0.969824612 0.076876387 -0.887613893 -0.593746662 0.078165278 0.800846517 0.762654245
0.741497159 -0.245889917 0.624275744 1.985629797 0.241383389 0.965892017 0.093737446 -0.843635321 -0.626032054 0.081183709 0.775559902 0.712728977
0.712016940 -0.262012571 0.651445568 1.963552237 0.249982864 0.961572587 0.113519922 -0.796574891 -0.656155884 0.082022101 0.750154614 0.663555861
0.682882965 -0.278175831 0.675491750 1.937569380 0.257418156 0.956983149 0.133862630 -0.747441888 -0.683671534 0.082471304 0.725114942 0.618621171
0.655199409 -0.291516989 0.696944475 1.915275693 0.262598664 0.952904046 0.151709720 -0.697665095 -0.708347201 0.083616555 0.700894117 0.571421206
0.630192399 -0.298938483 0.716584563 1.893509388 0.266762882 0.950091958 0.161749393 -0.651015103 -0.729174376 0.089224905 0.678486347 0.524450719
0.608137131 -0.309944510 0.730823994 1.868096113 0.273313403 0.946092010 0.173809290 -0.608887613 -0.745298028 0.094044052 0.660065651 0.481475115
0.589039862 -0.326142132 0.739366889 1.846606255 0.288154483 0.939566195 0.184884727 -0.570997179 -0.754982829 0.104147397 0.647421241 0.434708357
0.572829962 -0.338752449 0.746399820 1.826604486 0.303500533 0.933540165 0.190762103 -0.538103521 -0.761415303 0.117258482 0.637571335 0.387927771
0.559180439 -0.347342402 0.752775252 1.803216696 0.316803068 0.928616822 0.193149164 -0.513922930 -0.766128719 0.130476251 0.629303455 0.342823267
0.548013270 -0.349741608 0.759843528 1.785489440 0.327200323 0.925641656 0.190072402 -0.490739435 -0.769819081 0.144458845 0.621699452 0.295771778
0.540184617 -0.349939406 0.765338540 1.769199967 0.331647456 0.924365103 0.188571364 -0.471338987 -0.773440838 0.151959181 0.615384281 0.247884035
0.535434484 -0.347383529 0.769827664 1.749791026 0.332956046 0.924496412 0.185598269 -0.457871169 -0.776176631 0.156943038 0.610670686 0.200135171
0.534600019 -0.348117650 0.770075977 1.734161139 0.330183327 0.924830914 0.188856632 -0.444004029 -0.777934372 0.153303415 0.609357238 0.150030136
0.536860645 -0.356399685 0.764695942 1.719399214 0.328695029 0.923129618 0.199477553 -0.433486134 -0.777007163 0.144260079 0.612738788 0.098922074
0.539060175 -0.368337870 0.757457197 1.699631691 0.333934963 0.919070721 0.209275916 -0.429085612 -0.773240983 0.140129104 0.618435323 0.046203315
0.542800546 -0.382942408 0.747477591 1.687442183 0.334998697 0.914855123 0.225423932 -0.424645215 -0.770158112 0.128043771 0.624869108 -0.006866038
0.545440555 -0.402084410 0.735406518 1.677367210 0.343464136 0.907589316 0.241483048 -0.421387076 -0.764543653 0.120871112 0.633137584 -0.059443295
0.547963679 -0.423179686 0.721564174 1.669339776 0.352338850 0.899107993 0.259734869 -0.421186268 -0.758678675 0.111909755 0.641781151 -0.110274374
0.550270677 -0.439029932 0.710249960 1.665789604 0.364053011 0.891653299 0.269109190 -0.421240121 -0.751443684 0.110485688 0.650480866 -0.161136925
0.551884055 -0.449901819 0.702148378 1.666211486 0.371241987 0.886496902 0.276229382 -0.421693683 -0.746728480 0.108220384 0.656265974 -0.211264253
0.553828120 -0.449292183 0.701007128 1.670443892 0.373954237 0.886448205 0.272704661 -0.424748868 -0.743930578 0.111113071 0.658954620 -0.260804117
0.557600677 -0.442148715 0.702556789 1.679710269 0.367446572 0.890377820 0.268719852 -0.426334143 -0.744355142 0.108313695 0.658941269 -0.310050488
0.562372088 -0.430287510 0.706109345 1.692801476 0.353052229 0.897138417 0.265512347 -0.427566230 -0.747724473 0.099976756 0.656439543 -0.358700275
0.566869617 -0.421217889 0.707979083 1.707802534 0.338461548 0.902598619 0.266006619 -0.428290308 -0.751067638 0.088832580 0.654221773 -0.408021927
0.570772767 -0.412379086 0.710043669 1.726543427 0.323088109 0.907775819 0.267501652 -0.428585440 -0.754872561 0.076723978 0.651368499 -0.454135716
0.573862731 -0.409929901 0.708970428 1.747490883 0.305656701 0.910358369 0.278965265 -0.427443802 -0.759773374 0.056613781 0.647718549 -0.499017775
0.574032307 -0.413157195 0.706956923 1.769823670 0.295862049 0.909696043 0.291408300 -0.425347656 -0.763513386 0.041883923 0.644432425 -0.541460633
0.573650122 -0.417299837 0.704830766 1.795942783 0.287284821 0.908333838 0.303968847 -0.423911095 -0.767067790 0.028115407 0.640949726 -0.581919789
0.571350574 -0.427647591 0.700482726 1.824832201 0.290120184 0.903647184 0.315043032 -0.423416704 -0.767716646 0.023224145 0.640368462 -0.619642794
0.566001654 -0.441874146 0.695980906 1.856399536 0.304932237 0.896561623 0.321237653 -0.422287941 -0.765936375 0.030405909 0.642197013 -0.654503882
0.560425222 -0.453640193 0.692917168 1.891403437 0.319282204 0.890318036 0.324642360 -0.422656834 -0.764187515 0.039298311 0.643795907 -0.686827183
0.555065989 -0.455444425 0.696040392 1.930593133 0.330452949 0.888653874 0.317954659 -0.423475951 -0.763349652 0.053522751 0.643764496 -0.716845334
0.551039457 -0.451994479 0.701467395 1.973491669 0.335744143 0.889652133 0.309507698 -0.428130209 -0.763957739 0.064962558 0.641987920 -0.746415496
0.547874331 -0.446764588 0.707273006 2.020045757 0.340930283 0.891300380 0.298914939 -0.428460956 -0.763937354 0.077362955 0.640636206 -0.773175955
0.546480298 -0.436348170 0.714814365 2.070008278 0.339422554 0.895693541 0.287272453 -0.428375185 -0.765605390 0.085635372 0.637585282 -0.798634171
0.546172738 -0.425111443 0.721786439 2.122287512 0.334316999 0.900681138 0.277498990 -0.427089006 -0.768067420 0.089743078 0.634049416 -0.823570251
0.546596289 -0.415663689 0.726949990 2.177554369 0.329469711 0.904841423 0.269651026 -0.426447719 -0.769858658 0.092117719 0.631531596 -0.846595049
0.547483206 -0.409306228 0.729884028 2.234770775 0.322857082 0.908000648 0.267017096 -0.424909949 -0.772026896 0.089460813 0.629262447 -0.868527770
0.547399521 -0.408499420 0.730398536 2.292712212 0.326419115 0.907865405 0.263117790 -0.423208773 -0.770587087 0.094385482 0.630307078 -0.889779091
0.545979738 -0.410236299 0.730487823 2.353587151 0.342878282 0.904962659 0.251946658 -0.423118651 -0.764421821 0.112910569 0.634752393 -0.909125090
0.543819129 -0.408779711 0.732912064 2.416802406 0.360329360 0.902480125 0.235992268 -0.423308223 -0.757907391 0.135752574 0.638081312 -0.927869737
0.540706158 -0.401634693 0.739138961 2.483169556 0.369087458 0.902838051 0.220585331 -0.421868324 -0.755917549 0.153535053 0.636408448 -0.946377635
0.538740396 -0.389601856 0.746973395 2.550084352 0.363657147 0.907331049 0.210959405 -0.418833226 -0.759942293 0.157989830 0.630497336 -0.966130435
0.537403524 -0.379404902 0.753159642 2.618125439 0.354199767 0.912038684 0.206707507 -0.414213955 -0.765336514 0.155683607 0.624517918 -0.986106455
0.536724448 -0.378236830 0.754230559 2.686990499 0.341067910 0.914866447 0.216083393 -0.406122893 -0.771750987 0.141266599 0.620035648 -1.003960252
0.536008179 -0.383015156 0.752326131 2.755963326 0.330254376 0.915270805 0.230675951 -0.398516715 -0.776934505 0.124814823 0.617085099 -1.023783922
0.535735488 -0.389464200 0.749203026 2.825913191 0.319223881 0.914843202 0.247301579 -0.390600502 -0.781718433 0.106675237 0.614440203 -1.043134451
0.535442710 -0.398023874 0.744901419 2.896498203 0.314086944 0.912571132 0.261846066 -0.382545531 -0.783996463 0.093760222 0.613643646 -1.059559584
0.536296606 -0.398815632 0.743862927 2.968668938 0.301841080 0.913662612 0.272236377 -0.375661373 -0.788211882 0.078528941 0.610373080 -1.077321768
0.537845850 -0.393722743 0.745455801 3.042265892 0.285633057 0.917049885 0.278268456 -0.369561166 -0.793180764 0.063261256 0.605691671 -1.093748093
0.540402651 -0.374751180 0.753343582 3.121596575 0.260397702 0.925870776 0.273781538 -0.362902999 -0.800098777 0.048216686 0.597927332 -1.104585290
0.542324781 -0.353318721 0.762266219 3.197981596 0.233344778 0.934924662 0.267331451 -0.358551770 -0.807114661 0.032890350 0.589477897 -1.116435885
