1.000000000 0.000000000 0.000000000 0.000000000 0.000000000 1.000000000 0.000000000 0.000000000 0.000000000 0.000000000 1.000000000 -0.000000358
0.999996245 -0.002736084 0.000015777 -0.000814713 0.002735780 0.999943972 0.010223847 0.024190443 -0.000043750 -0.010223765 0.999947727 0.006708557
0.999990642 -0.004281301 0.000636351 -0.002271977 0.004269745 0.999843478 0.017168814 0.050786812 -0.000709756 -0.017165935 0.999852419 0.015034896
0.999960184 -0.008911051 -0.000427743 -0.002956575 0.008918416 0.999707520 0.022479145 0.075655557 0.000227305 -0.022482065 0.999747217 0.023219105
0.999932826 -0.011518576 -0.001302080 -0.003906867 0.011548516 0.999595940 0.025971822 0.100342743 0.001002395 -0.025985114 0.999661803 0.030460877
0.999931276 -0.011507706 -0.002252938 -0.004662447 0.011571362 0.999463439 0.030642098 0.123418413 0.001899109 -0.030666059 0.999527872 0.037086334
0.999949217 -0.009764831 -0.002503988 -0.005333935 0.009848737 0.999302149 0.036030777 0.144598067 0.002150406 -0.036053605 0.999347568 0.042686030
0.999985456 -0.005055741 -0.001866927 -0.006526335 0.005132543 0.999030471 0.043723896 0.164555758 0.001644060 -0.043732844 0.999041915 0.047553118
0.999983430 -0.003905365 -0.004232407 -0.007400021 0.004131967 0.998481989 0.054924354 0.182402909 0.004011482 -0.054940931 0.998481572 0.051016051
0.999993920 -0.000139426 -0.003480285 -0.008550704 0.000382557 0.997549951 0.069956906 0.198733330 0.003462004 -0.069957815 0.997543931 0.054297850
0.999985933 0.000044482 -0.005298997 -0.008900385 0.000419960 0.996154428 0.087613888 0.210230440 0.005282517 -0.087614886 0.996140420 0.054920297
0.999979079 -0.000388382 -0.006460642 -0.009260309 0.001063269 0.994493961 0.104788750 0.216699883 0.006384371 -0.104793429 0.994473517 0.055695917
0.999957204 -0.002514199 -0.008901562 -0.010060755 0.003547502 0.993002415 0.118040517 0.214900300 0.008542496 -0.118067041 0.992968857 0.054013573
0.999923646 -0.003752991 -0.011773770 -0.011130477 0.005170048 0.992425621 0.122738004 0.205536783 0.011223956 -0.122789502 0.992369294 0.049849238
0.999917865 -0.003729893 -0.012261111 -0.011783559 0.005183137 0.992673218 0.120718792 0.187427878 0.011721009 -0.120772436 0.992611051 0.043940425
0.999961615 0.001337345 -0.008657165 -0.012570570 -0.000350609 0.993595898 0.112991355 0.162198409 0.008752832 -0.112983979 0.993558228 0.037897445
0.999953270 0.009308564 -0.002608838 -0.013350293 -0.008989020 0.994601071 0.103382185 0.131033421 0.003557093 -0.103353903 0.994638264 0.030254956
0.999880612 0.014872768 0.004197399 -0.013133824 -0.015190418 0.995821178 0.090052679 0.096529558 -0.002840526 -0.090105683 0.995928168 0.023912875
0.999736845 0.018310020 0.013819695 -0.012771536 -0.019284589 0.997069061 0.074036226 0.057670392 -0.012423587 -0.074283257 0.997159779 0.014107864
0.999344587 0.026222382 0.024954492 -0.013339430 -0.027633786 0.997933805 0.058004662 0.022349928 -0.023381909 -0.058656231 0.998004377 0.007114962
0.999119341 0.030314771 0.029009737 -0.013904139 -0.031561628 0.998553276 0.043534286 -0.018697156 -0.027648035 -0.044411540 0.998630643 -0.004039736
0.999023855 0.032806192 0.029581932 -0.015629087 -0.033666316 0.999010503 0.029062510 -0.052286942 -0.028599231 -0.030030053 0.999139786 -0.011972787
0.999113560 0.031894337 0.027475053 -0.016619565 -0.032350097 0.999343574 0.016306521 -0.088379040 -0.026936932 -0.017180888 0.999489486 -0.021364568
0.999145567 0.030075362 0.028347019 -0.017755300 -0.030167954 0.999540806 0.002844294 -0.117943913 -0.028248459 -0.003697035 0.999594092 -0.027113475
0.999270678 0.024596643 0.029207179 -0.017101396 -0.024222527 0.999620855 -0.013094584 -0.146914050 -0.029518189 0.012377563 0.999487579 -0.034401834
0.999353290 0.020096542 0.029818308 -0.017512193 -0.019232387 0.999394655 -0.028989835 -0.173523486 -0.030382853 0.028397610 0.999134839 -0.045157738
0.999434769 0.015571417 0.029794576 -0.016530139 -0.014167005 0.998804748 -0.046780605 -0.195023268 -0.030487401 0.046332065 0.998460770 -0.050842095
0.999418855 0.017502163 0.029250465 -0.015968313 -0.015652493 0.997934043 -0.062310431 -0.209126189 -0.030280605 0.061816376 0.997628093 -0.056917761
0.999387681 0.017867463 0.030083561 -0.013835412 -0.015636245 0.997221410 -0.072835281 -0.217027128 -0.031301353 0.072320282 0.996890187 -0.059434392
0.999147296 0.022699239 0.034487907 -0.014370875 -0.020064408 0.996988237 -0.074912518 -0.218458205 -0.036084492 0.074156657 0.996593535 -0.062265623
0.998938918 0.027769376 0.036740500 -0.012993759 -0.025107011 0.997157395 -0.071040638 -0.209336698 -0.038608816 0.070042811 0.996796548 -0.060416616
0.998698294 0.032574505 0.039250832 -0.011847416 -0.030165380 0.997713447 -0.060480513 -0.192754999 -0.041131210 0.059217766 0.997397363 -0.056129698
0.998711050 0.030080590 0.040882934 -0.010774355 -0.028103095 0.998446465 -0.048112735 -0.171222866 -0.042266678 0.046901785 0.998004913 -0.049142204
0.998807788 0.028956369 0.039300878 -0.008985796 -0.027602617 0.999021292 -0.034562066 -0.142170683 -0.040263202 0.033436053 0.998629510 -0.043635502
0.998970807 0.024596192 0.038109776 -0.006918100 -0.023683555 0.999426126 -0.024216847 -0.113605261 -0.038683552 0.023289347 0.998980045 -0.033977222
0.998964667 0.026896764 0.036689825 -0.004550721 -0.026253883 0.999495149 -0.017892810 -0.082018040 -0.037152559 0.016911035 0.999166489 -0.020805052
0.999150872 0.023491014 0.033848524 -0.001968030 -0.023011573 0.999630272 -0.014484962 -0.050658345 -0.034176275 0.013693755 0.999321997 -0.011228694
0.999340057 0.023196880 0.027953424 -0.001160854 -0.022890825 0.999675035 -0.011219438 -0.019083077 -0.028204594 0.010572158 0.999546289 -0.002646096
0.999419808 0.022221437 0.025810802 -0.000443202 -0.022064785 0.999736428 -0.006338290 0.012548784 -0.025944846 0.005765103 0.999646723 0.004908990
0.999605536 0.017218586 0.022188485 0.000148148 -0.017296508 0.999844849 0.003324737 0.045194935 -0.022127796 -0.003707208 0.999748290 0.013383089
0.999534428 0.015017884 0.026560068 0.000614588 -0.015460692 0.999743581 0.016545922 0.079120949 -0.026304774 -0.016948856 0.999510288 0.022372151
0.999469042 0.011755292 0.030388767 0.000588499 -0.012734762 0.999399006 0.032241322 0.109419927 -0.029991498 -0.032611199 0.999018013 0.029929595
0.999338388 0.012434028 0.034179162 0.000022671 -0.014144477 0.998635709 0.050266102 0.134559005 -0.033507522 -0.050716288 0.998150826 0.037079252
0.999345124 0.013654409 0.033508852 -0.000596240 -0.015892509 0.997595370 0.067460597 0.155829042 -0.032507144 -0.067948952 0.997159064 0.042592552
0.999467790 0.012956114 0.029938782 -0.001964340 -0.015380817 0.996494472 0.082232244 0.170666695 -0.028768422 -0.082648955 0.996163428 0.045934081
0.999559879 0.013736699 0.026292557 -0.003343889 -0.016131226 0.995522141 0.093141936 0.180084705 -0.024895361 -0.093525074 0.995305598 0.046682116
0.999600947 0.014313027 0.024352547 -0.004753166 -0.016688146 0.994816959 0.100303434 0.180075973 -0.022790682 -0.100669809 0.994658828 0.046327580
0.999667466 0.014325866 0.021441106 -0.006292101 -0.016453411 0.994587839 0.102588363 0.169407800 -0.019855395 -0.102907024 0.994492769 0.042421848
0.999729633 0.012834338 0.019389646 -0.008224994 -0.014668310 0.995116353 0.097613186 0.151204675 -0.018042153 -0.097871214 0.995035529 0.037199099
0.999746442 0.012741722 0.018566497 -0.010090732 -0.014274875 0.996284544 0.084931120 0.127321020 -0.017415345 -0.085174620 0.996213853 0.030283473
0.999746501 0.012404633 0.018790284 -0.012174389 -0.013683134 0.997487068 0.069514871 0.098231927 -0.017880758 -0.069754362 0.997403920 0.018532835
0.999634922 0.016223568 0.021606436 -0.013077469 -0.017418817 0.998260200 0.056331128 0.068307765 -0.020654952 -0.056686923 0.998178303 0.011175385
0.999540925 0.016897680 0.025147149 -0.013872521 -0.018045058 0.998772800 0.046121743 0.036869563 -0.024336940 -0.046554353 0.998619258 0.003751520
0.999299347 0.021065854 0.030936833 -0.013703826 -0.022285614 0.998965979 0.039626796 0.005081872 -0.030070074 -0.040288474 0.998735487 -0.004006401
0.999115407 0.021267261 0.036277730 -0.013408435 -0.022527851 0.999143779 0.034700975 -0.027102765 -0.035508674 -0.035487540 0.998739064 -0.012247268
0.999053061 0.019948620 0.038665496 -0.013664819 -0.021119695 0.999323189 0.030119281 -0.059034973 -0.038038485 -0.030907363 0.998798192 -0.021698732
0.998955309 0.016037224 0.042791996 -0.012414850 -0.017045273 0.999583244 0.023296950 -0.091233589 -0.042400543 -0.024002014 0.998812318 -0.029368319
0.998748779 0.010817776 0.048825182 -0.009837214 -0.011480998 0.999845326 0.013323651 -0.120745420 -0.048673496 -0.013867541 0.998718441 -0.035178274
0.998301268 0.006195836 0.057932183 -0.007716126 -0.006215220 0.999980688 0.000154413 -0.152702093 -0.057930104 -0.000514212 0.998320520 -0.042568062
0.997923374 0.001391311 0.064397365 -0.005832902 -0.000357817 0.999871016 -0.016057462 -0.182855338 -0.064411402 0.016001072 0.997795165 -0.050627574
0.997662127 0.001465794 0.068323798 -0.005837681 0.000687926 0.999503911 -0.031488065 -0.211921901 -0.068336062 0.031461451 0.997166157 -0.063162416
0.997461498 0.000893928 0.071202137 -0.001331205 0.002638743 0.998770356 -0.049505182 -0.228881121 -0.071158834 0.049567394 0.996232629 -0.064951383
0.997466385 0.003766022 0.071039572 -0.000436141 0.000516636 0.998187959 -0.060171057 -0.241798177 -0.071137443 0.060055312 0.995656967 -0.069773272
0.997321248 0.005905286 0.072907299 0.000225019 -0.001166320 0.997892916 -0.064872086 -0.247708663 -0.073136762 0.064613283 0.995226681 -0.071997494
0.996990025 0.010491984 0.076817095 0.001166409 -0.005485630 0.997863948 -0.065095589 -0.244936496 -0.077335998 0.064478263 0.994917929 -0.071240902
0.996862769 0.014414321 0.077825904 0.001663516 -0.009536813 0.997987866 -0.062683806 -0.234434247 -0.078572854 0.061744940 0.994994402 -0.067889713
0.996961355 0.015931992 0.076251470 0.001936268 -0.011449471 0.998200238 -0.058866266 -0.217185915 -0.077052094 0.057814348 0.995349407 -0.062311836
0.997101367 0.015746126 0.074437238 0.002511099 -0.011678135 0.998430550 -0.054772720 -0.195574820 -0.075182877 0.053744666 0.995720387 -0.054767150
0.997201681 0.016901853 0.072822742 0.004089168 -0.013270427 0.998657763 -0.050065063 -0.169262469 -0.073571198 0.048958577 0.996087492 -0.045823298
0.997554123 0.015142185 0.068238199 0.006259241 -0.012062640 0.998899817 -0.045317560 -0.140395746 -0.068849325 0.044383585 0.996639311 -0.035886694
0.997801125 0.018835597 0.063546762 0.008757958 -0.016377684 0.999105752 -0.038980432 -0.108028010 -0.064224154 0.037853971 0.997217298 -0.025773335
0.997942090 0.020073837 0.060898650 0.008330710 -0.018101895 0.999299288 -0.032761458 -0.074940950 -0.061513621 0.031591658 0.997606158 -0.015453489
0.997926772 0.023700280 0.059837300 0.012769148 -0.022290425 0.999460518 -0.024120124 -0.041010883 -0.060376670 0.022736317 0.997916698 -0.005006756
0.997521877 0.026634580 0.065120518 0.012911331 -0.025825856 0.999578893 -0.013229450 -0.006697713 -0.065445453 0.011514874 0.997789681 0.006361330
0.997974217 0.023011187 0.059312485 0.013620239 -0.023263661 0.999723017 0.003569606 0.027037831 -0.059213914 -0.004942201 0.998233080 0.015900418
0.998299718 0.015647611 0.056150220 0.012958752 -0.017175237 0.999492526 0.026827363 0.056795515 -0.055701941 -0.027746143 0.998061836 0.021566372
0.998627126 0.007548134 0.051835556 0.013746960 -0.010061412 0.998777509 0.048397128 0.087846212 -0.051406879 -0.048852224 0.997482240 0.029465720
0.998743415 0.000467943 0.050113514 0.014643721 -0.003932983 0.997604251 0.069067568 0.115492448 -0.049961135 -0.069177881 0.996352494 0.039864264
0.998743117 -0.000276257 0.050121300 0.014771491 -0.003954863 0.996432662 0.084298752 0.139868617 -0.049965791 -0.084391020 0.995179176 0.045194142
0.998662531 0.005709779 0.051385712 0.015200262 -0.010549517 0.995477259 0.094412476 0.161180958 -0.050614234 -0.094828293 0.994206131 0.049600840
0.998739362 0.012261369 0.048676528 0.015008537 -0.017110988 0.994790018 0.100498751 0.177993089 -0.047190674 -0.101204962 0.993745744 0.051835794
0.998944163 0.015879173 0.043108907 0.013946682 -0.020260405 0.994456589 0.103177436 0.189245492 -0.041231561 -0.103941910 0.993728340 0.052354708
0.999195576 0.018146470 0.035762578 0.012169577 -0.021753792 0.994421721 0.103209846 0.194219977 -0.033690192 -0.103904791 0.994016469 0.051435679
0.999398351 0.017899148 0.029707499 0.010685727 -0.020882629 0.994424224 0.103365138 0.191529930 -0.027691707 -0.103923321 0.994199753 0.049477991
0.999494493 0.018633455 0.025760068 0.009350635 -0.021212220 0.994376302 0.103758700 0.181687966 -0.023681818 -0.104252674 0.994268835 0.046658564
0.999494493 0.020182054 0.024564719 0.008459591 -0.022619531 0.994385302 0.103374146 0.165093854 -0.022340493 -0.103877537 0.994339168 0.042829331
0.999500990 0.020195391 0.024288023 0.007314306 -0.022538077 0.994691312 0.100405529 0.143082395 -0.022131355 -0.100902826 0.994650126 0.037825640
0.999487519 0.020496376 0.024589015 0.006380439 -0.022772823 0.995102704 0.096187368 0.117416762 -0.022497104 -0.096698031 0.995059490 0.032143787
0.999354839 0.023577355 0.027092241 0.005942042 -0.025992461 0.995368183 0.092555761 0.087986395 -0.024784535 -0.093200237 0.995338857 0.026177607
0.998936892 0.030037368 0.034968358 0.006496788 -0.033028930 0.995539248 0.088378139 0.055589635 -0.032157723 -0.089439146 0.995473027 0.020076470
0.998469055 0.035479449 0.042435449 0.006346391 -0.038846418 0.995928586 0.081345938 0.020766186 -0.039376568 -0.082869865 0.995782137 0.011443342
0.998240292 0.037334647 0.046070606 0.006379149 -0.040557917 0.996641695 0.071136005 -0.015154614 -0.043260053 -0.072879352 0.996402085 0.004315156
0.998148441 0.035696249 0.049249206 0.005396428 -0.038590793 0.997503996 0.059131607 -0.053093184 -0.047015499 -0.060922690 0.997034609 -0.003119532
0.997957170 0.034027826 0.054070354 0.005247274 -0.036299508 0.998474658 0.041601941 -0.090344168 -0.052572250 -0.043479681 0.997670114 -0.010018788
0.997619689 0.031464178 0.061359733 0.005548419 -0.032700967 0.999279618 0.019257154 -0.124982223 -0.060709625 -0.021217838 0.997929931 -0.015316515
0.997220516 0.031557348 0.067493439 0.005019927 -0.031450648 0.999501824 -0.002643086 -0.158728808 -0.067543224 0.000513028 0.997716188 -0.023554144
0.996686220 0.031133397 0.075148568 0.003230326 -0.029606557 0.999333680 -0.021347117 -0.190481976 -0.075763106 0.019051488 0.996943831 -0.035637457
0.996424258 0.031450313 0.078419194 0.002598017 -0.028542975 0.998872936 -0.037923764 -0.217779368 -0.079523519 0.035549846 0.996198893 -0.043866746
0.996467054 0.026771016 0.079603530 0.003931918 -0.022634234 0.998368442 -0.052423172 -0.239653528 -0.080877073 0.050436199 0.995447159 -0.048434157
0.996607482 0.023483595 0.078880168 0.001632930 -0.018623786 0.997915387 -0.061790384 -0.256216496 -0.080166794 0.060111709 0.994967282 -0.058779489
0.996582329 0.017296482 0.080774248 0.000701453 -0.011932749 0.997720361 -0.066420734 -0.266991735 -0.081738949 0.065229878 0.994516850 -0.062942341
0.996314764 0.014836414 0.084479518 -0.000510003 -0.009299850 0.997805476 -0.065557629 -0.271386981 -0.085266761 0.064530388 0.994266272 -0.063119233
0.996036649 0.012330752 0.088084817 -0.000881379 -0.006862188 0.998045206 -0.062118057 -0.268219590 -0.088678598 0.061267409 0.994174242 -0.061132468
0.996002197 0.011342188 0.088605545 -0.000988447 -0.006253799 0.998326182 -0.057495344 -0.258889437 -0.089109354 0.056711372 0.994406044 -0.056949794
0.995575309 0.010013234 0.093432009 -0.000306851 -0.005177086 0.998640895 -0.051860657 -0.243778080 -0.093824327 0.051147487 0.994274080 -0.050613325
0.995031655 0.010765418 0.098975129 0.001561797 -0.006273200 0.998940647 -0.045587026 -0.224394038 -0.099361040 0.044739641 0.994045138 -0.042729259
0.994309366 0.017049916 0.105158024 0.004401637 -0.012983100 0.999145567 -0.039237414 -0.201595798 -0.105737172 0.037648853 0.993681133 -0.033705302
0.993673801 0.023168530 0.109889179 0.006685995 -0.019585196 0.999244213 -0.033576798 -0.176813379 -0.110584050 0.031212185 0.993376553 -0.024596797
0.993084908 0.032400649 0.112838462 0.007958030 -0.029562395 0.999205291 -0.026736733 -0.151666522 -0.113615081 0.023216072 0.993253529 -0.018748438
0.992849469 0.036415257 0.113683179 0.010960820 -0.034384817 0.999213099 -0.019771215 -0.125785708 -0.114313692 0.015720867 0.993320286 -0.009686787
0.993431211 0.039815892 0.107280351 0.013580076 -0.038898710 0.999186635 -0.010629244 -0.099259190 -0.107616298 0.006386356 0.994171977 -0.002397266
0.993943512 0.041641008 0.101697177 0.016396347 -0.041729782 0.999128163 -0.001255265 -0.071834609 -0.101660788 -0.002996138 0.994814634 0.007443598
0.994994342 0.043164954 0.090127692 0.017516414 -0.044310570 0.998959959 0.010748179 -0.048208706 -0.089570016 -0.014687986 0.995872200 0.008209366
0.996210396 0.040718835 0.076855920 0.018661775 -0.042670753 0.998802602 0.023927484 -0.026296359 -0.075789593 -0.027116306 0.996755064 0.012781688
0.997272909 0.036429733 0.064184368 0.018956838 -0.038914092 0.998523891 0.037891053 -0.007980598 -0.062709257 -0.040285394 0.997218430 0.012038604
0.998185575 0.031011572 0.051612407 0.018042495 -0.033733711 0.998038650 0.052734550 0.006729194 -0.049875796 -0.054379944 0.997273922 0.008363382
0.998738408 0.025044344 0.043523915 0.017879238 -0.027999464 0.997246504 0.068669349 0.017613584 -0.041684292 -0.069801360 0.996689618 0.004914507
0.999259472 0.017003724 0.034516726 0.017717132 -0.019879578 0.996202886 0.084761746 0.026644483 -0.032944400 -0.085385151 0.995803237 0.002030782
0.999582589 0.010192767 0.027033089 0.017104117 -0.012935020 0.994567275 0.103289276 0.031571366 -0.025833422 -0.103595838 0.994283915 -0.002767146
0.999755919 0.004437503 0.021643624 0.016360089 -0.007045204 0.992512584 0.121939227 0.033709433 -0.020940464 -0.122061953 0.992301583 -0.007755467
0.999759376 -0.000398292 0.021933528 0.016072324 -0.002747499 0.989688993 0.143206462 0.034781437 -0.021764411 -0.143232271 0.989449739 -0.012109613
0.999593079 -0.005348346 0.028018311 0.015763488 0.000586153 0.985908270 0.167285755 0.035069007 -0.028518185 -0.167201266 0.985510230 -0.015688967
0.999113023 -0.007854139 0.041370634 0.016044568 -0.000231837 0.981410921 0.191918030 0.034695223 -0.042108942 -0.191757396 0.980538607 -0.017917994
0.998463809 -0.013064204 0.053845461 0.014926723 0.001275475 0.976967454 0.213384509 0.033608574 -0.055392962 -0.212988019 0.975483298 -0.020705130
0.997789443 -0.018874701 0.063718125 0.013020903 0.003575251 0.972675502 0.232141361 0.031931754 -0.066358656 -0.231400385 0.970592797 -0.024021888
0.997395515 -0.024624320 0.067792743 0.010529685 0.006966962 0.968412817 0.249255165 0.030357197 -0.071789101 -0.248133674 0.966062129 -0.027969297
0.997242630 -0.028347077 0.068582654 0.008177013 0.008963356 0.963413119 0.267871022 0.029650403 -0.073666781 -0.266517699 0.961010695 -0.032588910
0.997006118 -0.034138098 0.069378376 0.006722430 0.012798271 0.957741678 0.287344962 0.029512189 -0.076255977 -0.285596758 0.955311239 -0.037868973
0.996768475 -0.039422043 0.069988981 0.005821316 0.016038658 0.951419950 0.307478219 0.029867291 -0.078710333 -0.305362076 0.948977709 -0.043179922
0.996514797 -0.045944802 0.069622710 0.005086489 0.020699926 0.944740415 0.327165216 0.030596497 -0.080806926 -0.324583799 0.942398846 -0.049169507
0.996507227 -0.046737749 0.069201693 0.005707901 0.019989680 0.938118100 0.345738202 0.031357698 -0.081078380 -0.343147308 0.935775757 -0.055481151
0.996586084 -0.045883045 0.068636343 0.007054823 0.018005662 0.932127059 0.361683577 0.032033931 -0.080572933 -0.359212965 0.929770947 -0.061248612
0.996852100 -0.044297449 0.065754220 0.009194079 0.016534459 0.927273035 0.374020457 0.032093335 -0.077540264 -0.371755898 0.925086498 -0.066693313
0.997085273 -0.043225683 0.062868692 0.012412904 0.016050920 0.924424171 0.381027997 0.030875437 -0.074587531 -0.378908336 0.922423542 -0.070402049
0.997039437 -0.044687804 0.062573165 0.016790006 0.017414164 0.923866093 0.382319480 0.028353147 -0.074894249 -0.380097955 0.921909094 -0.072324477
0.997170985 -0.044395413 0.060655545 0.021499740 0.018247809 0.925783455 0.377613544 0.026145078 -0.072918206 -0.375438452 0.923974514 -0.073151991
0.997399271 -0.045322776 0.056040812 0.025676191 0.021384403 0.928617477 0.370421767 0.024445986 -0.068829022 -0.368259966 0.927171588 -0.072724350
0.997617364 -0.044919208 0.052362353 0.030440178 0.022926295 0.931711316 0.362475365 0.022731831 -0.065068699 -0.360411257 0.930521250 -0.071300842
0.997798145 -0.042780615 0.050682090 0.034125805 0.022018053 0.934485793 0.355318934 0.022141257 -0.062562458 -0.353420645 0.933370113 -0.069504239
0.998113573 -0.037947908 0.048262827 0.036174815 0.018702263 0.936672866 0.349705815 0.021994112 -0.058477081 -0.348143518 0.935615599 -0.067527071
0.998405099 -0.034895152 0.044380479 0.037276920 0.017445536 0.938324511 0.345315486 0.021566067 -0.053693123 -0.343990475 0.937436700 -0.065516025
0.998772323 -0.028402777 0.040585309 0.038263876 0.012764046 0.939190388 0.343159646 0.020825407 -0.047864020 -0.342220336 0.938399851 -0.063170016
0.998941302 -0.025723053 0.038138948 0.039082181 0.011021418 0.938735723 0.344461530 0.019983549 -0.044662997 -0.343676537 0.938025415 -0.060847599
0.999104500 -0.021489805 0.036446329 0.040523678 0.007426046 0.937103450 0.348972708 0.018924305 -0.041653339 -0.348389536 0.936423898 -0.058491349
0.999180973 -0.018393705 0.036042191 0.043193646 0.004466565 0.935405493 0.353548646 0.018166315 -0.040217131 -0.353098094 0.934721529 -0.056092840
0.999252200 -0.017373811 0.034542263 0.047196690 0.003929307 0.934366345 0.356292158 0.017391894 -0.038465284 -0.355890006 0.933735907 -0.053375982
0.999209106 -0.018796712 0.035039987 0.052839365 0.005001215 0.933625877 0.358214617 0.016576089 -0.039447498 -0.357756078 0.932981491 -0.050239339
0.999134779 -0.021082509 0.035849683 0.060471680 0.006793352 0.933145881 0.359433711 0.015673168 -0.041030750 -0.358879209 0.932481766 -0.046821985
0.999003649 -0.023414865 0.037992336 0.070065007 0.008130650 0.932552636 0.360942453 0.014508709 -0.043881275 -0.360273927 0.931813896 -0.043266479
0.998869956 -0.026284928 0.039596520 0.081021763 0.010152882 0.931924343 0.362510562 0.013335210 -0.046429522 -0.361698925 0.931138158 -0.040044326
0.998700440 -0.030673910 0.040701136 0.093575336 0.013729909 0.931006193 0.364744991 0.012074971 -0.049081162 -0.363712162 0.930217445 -0.037105352
0.998533428 -0.034246299 0.041931093 0.107639752 0.016541868 0.930462897 0.366012514 0.011073792 -0.051549897 -0.364782095 0.929664791 -0.035678014
0.998347700 -0.038162779 0.042959228 0.123719126 0.019742977 0.929906428 0.367265940 0.009830207 -0.053963952 -0.365810931 0.929123402 -0.033451792
0.998039603 -0.042576585 0.045871705 0.141288519 0.022834036 0.930132508 0.366513401 0.008598107 -0.058271654 -0.364747435 0.929281294 -0.031328443
0.997674346 -0.047070403 0.049297407 0.159422621 0.026045959 0.931642652 0.362441212 0.006504480 -0.062987819 -0.360314280 0.930701971 -0.028940044
0.997125685 -0.052387912 0.054735046 0.177680016 0.029496800 0.933848381 0.356450766 0.003638409 -0.069787949 -0.353811711 0.932709455 -0.026058951
0.996435761 -0.058895316 0.060391273 0.196492374 0.034155983 0.936297774 0.349542379 0.001120350 -0.077130623 -0.346233785 0.934972227 -0.023290910
0.995696127 -0.063786574 0.067234904 0.215523332 0.036831822 0.938062966 0.344501466 -0.000831202 -0.085045144 -0.340542406 0.936375022 -0.020780988
0.994941354 -0.069130838 0.072887853 0.234313428 0.040093917 0.938530564 0.342859805 -0.001722761 -0.092109665 -0.338203013 0.936554611 -0.018931743
0.994200587 -0.072784357 0.079168603 0.252153873 0.041120231 0.937510133 0.345519751 -0.001893162 -0.099369794 -0.340260476 0.935065985 -0.016774980
0.993237674 -0.076377854 0.087437868 0.269289672 0.040842123 0.934857190 0.352666974 -0.001033926 -0.108677864 -0.346710980 0.931654751 -0.015084604
0.992156744 -0.078914478 0.096940733 0.285915613 0.038573194 0.930964470 0.363066435 0.000508389 -0.118899576 -0.356479526 0.926706672 -0.013659656
0.991020083 -0.084728912 0.103441998 0.301200002 0.040416513 0.927236915 0.372287869 0.002839553 -0.127458781 -0.364763975 0.922334790 -0.012462148
0.990631938 -0.087926552 0.104485869 0.313721806 0.042116698 0.924553394 0.378717810 0.004661657 -0.129902110 -0.370769352 0.919595301 -0.010945717
0.990530014 -0.087525532 0.105781049 0.324837387 0.040744852 0.923141897 0.382294238 0.006562885 -0.131111428 -0.374363899 0.917965949 -0.009547284
0.990659773 -0.086843356 0.105125710 0.333604395 0.040255442 0.922863126 0.383018434 0.008362322 -0.130279243 -0.375209093 0.917739332 -0.008462354
0.990788698 -0.087317370 0.103505604 0.340522110 0.041547962 0.923496068 0.381351292 0.009927133 -0.128885612 -0.373538136 0.918617308 -0.007529597
0.990957677 -0.088615909 0.100747831 0.345309526 0.044246707 0.924693763 0.378131837 0.010940881 -0.126669377 -0.370254904 0.920253336 -0.006930561
0.991289079 -0.088669553 0.097384445 0.347835481 0.046031658 0.926040292 0.374607027 0.011974354 -0.123398162 -0.366861105 0.922055244 -0.006641900
0.991240263 -0.090778872 0.095926531 0.348253042 0.048932921 0.927069962 0.371681184 0.012812757 -0.122671403 -0.363731414 0.923391163 -0.006751930
0.991136014 -0.092145607 0.095700577 0.346731335 0.050418422 0.927363336 0.370749593 0.013543292 -0.122912154 -0.362638175 0.923789024 -0.007154618
0.990895450 -0.090832114 0.099376485 0.343409479 0.047694217 0.927083611 0.371808112 0.013752325 -0.125902429 -0.363683283 0.922975123 -0.008083467
0.990758598 -0.089673012 0.101765446 0.337806672 0.045744181 0.927226901 0.371695817 0.012879780 -0.127690747 -0.363605618 0.922760010 -0.009482522
0.990781844 -0.089744553 0.101475403 0.329667240 0.046023831 0.927519679 0.370929927 0.011598096 -0.127409369 -0.362840325 0.923100054 -0.011485705
0.991025686 -0.088710904 0.099992543 0.319726139 0.045727674 0.927903295 0.370005965 0.010320714 -0.125606984 -0.362112999 0.923632562 -0.013955904
0.991412699 -0.088971399 0.095837891 0.307832807 0.047389634 0.927497208 0.370814115 0.010088340 -0.121881232 -0.363088101 0.923748851 -0.016787529
0.992115557 -0.085886903 0.091269590 0.294632792 0.045874275 0.926584721 0.373277754 0.010946272 -0.116628684 -0.366147727 0.923219144 -0.019611387
0.992657244 -0.083899178 0.087135255 0.279990464 0.045235164 0.925568283 0.375868529 0.011942433 -0.112184688 -0.369167060 0.922567248 -0.022078406
0.993141472 -0.082811981 0.082535751 0.263529480 0.045778006 0.924983859 0.377239019 0.012857541 -0.107584141 -0.370873421 0.922430813 -0.024310051
0.993675053 -0.081522577 0.077226445 0.245049477 0.046603955 0.925083995 0.376892149 0.013281939 -0.102166161 -0.370909274 0.923032165 -0.026665740
0.994298398 -0.078727275 0.071921326 0.225964814 0.046164718 0.925798237 0.375188589 0.013132751 -0.096122213 -0.369729221 0.924154103 -0.029641869
0.994931281 -0.075210162 0.066747360 0.205428600 0.045185655 0.927367568 0.371413112 0.012924574 -0.089833371 -0.366514504 0.926065385 -0.032759346
0.995576024 -0.071338795 0.061148889 0.184082955 0.044103637 0.929457366 0.366283834 0.012188751 -0.082965530 -0.361966491 0.928491771 -0.036315013
0.996234238 -0.066088088 0.056121893 0.162312984 0.041465510 0.931637943 0.361014336 0.011151267 -0.076144032 -0.357327729 0.930869997 -0.039820816
0.996650100 -0.063173003 0.051939622 0.139856026 0.040605552 0.933510542 0.356243253 0.009641889 -0.070991144 -0.352940857 0.932948589 -0.042906560
0.996996820 -0.060680144 0.048116680 0.116426267 0.039810568 0.934530497 0.353649408 0.008170136 -0.066426001 -0.350671798 0.934139669 -0.046120282
0.997329831 -0.057956453 0.044432659 0.092563570 0.038544800 0.934528291 0.353795320 0.007436894 -0.062028300 -0.351137966 0.934266865 -0.049088601
0.997788072 -0.053255972 0.039783455 0.068326145 0.035644133 0.933789849 0.356042236 0.007380876 -0.056110762 -0.353836685 0.933622599 -0.052066829
0.998148859 -0.049725264 0.035017200 0.043782040 0.033809461 0.932284236 0.360143095 0.008147402 -0.050554194 -0.358292490 0.932239652 -0.054792270
0.998554170 -0.043434992 0.031669527 0.019730654 0.028992660 0.931290805 0.363120973 0.009569985 -0.045265697 -0.361677766 0.931203663 -0.056658328
0.998788476 -0.039111007 0.029865345 -0.003986949 0.025583465 0.931127608 0.363795161 0.010652354 -0.042036839 -0.362590373 0.931000113 -0.058686379
0.998910904 -0.037523590 0.027729575 -0.027883584 0.024952270 0.931817174 0.362069339 0.012043870 -0.039425034 -0.360983104 0.931738615 -0.060325578
0.999055266 -0.036099631 0.024194090 -0.051814497 0.024998672 0.932797313 0.359533370 0.013605144 -0.035547201 -0.358588874 0.932818532 -0.062667266
0.999194741 -0.033444319 0.022165317 -0.075608291 0.023337554 0.933824241 0.356970102 0.015471666 -0.032637134 -0.356165379 0.933852792 -0.064214185
0.999337852 -0.030808276 0.019356119 -0.098458551 0.021950891 0.934780896 0.354545921 0.017196793 -0.029016679 -0.353886276 0.934838235 -0.066008121
0.999443889 -0.028669292 0.017028052 -0.121871710 0.020811623 0.935309589 0.353217870 0.019006122 -0.026053008 -0.352667063 0.935386121 -0.068115078
0.999582112 -0.026970644 0.010398822 -0.144531712 0.021548469 0.935055435 0.353846043 0.021491751 -0.019266929 -0.353474110 0.935245872 -0.069623902
0.999712408 -0.023808375 0.002878703 -0.166467726 0.021208592 0.933749139 0.357299209 0.023837756 -0.011194699 -0.357135415 0.933985531 -0.072622254
0.999789119 -0.020040518 -0.004481991 -0.185986906 0.020298792 0.931385934 0.363466918 0.027125085 -0.003109602 -0.363481224 0.931596339 -0.074067637
0.999777436 -0.016828516 -0.012723269 -0.204070166 0.020338448 0.929084241 0.369308621 0.030585505 0.005606074 -0.369485170 0.929219723 -0.075154535
0.999631047 -0.015785057 -0.022103343 -0.220692828 0.022888310 0.927704334 0.372613430 0.033511806 0.014623643 -0.372981846 0.927723408 -0.076808214
0.999418139 -0.014224444 -0.031000759 -0.235495597 0.024736222 0.928051293 0.371630132 0.036040865 0.023484062 -0.372180760 0.927863121 -0.077728786
0.999235868 -0.012201792 -0.037132379 -0.247878596 0.024980603 0.930036008 0.366618305 0.036896579 0.030061049 -0.367265731 0.929630160 -0.079316400
0.999024212 -0.010712823 -0.042847287 -0.257821649 0.025438244 0.932629764 0.359937012 0.037453052 0.036104713 -0.360675752 0.931992233 -0.080132909
0.998754144 -0.010805232 -0.048717059 -0.264809728 0.027357265 0.935047626 0.353465050 0.037152551 0.041733496 -0.354357451 0.934178293 -0.081151754
0.998647511 -0.009454132 -0.051124714 -0.268456429 0.026751492 0.936609924 0.349351197 0.036819737 0.044581100 -0.350246400 0.935596049 -0.081942819
0.998666465 -0.007591323 -0.051065262 -0.268639356 0.024922870 0.937127709 0.348095655 0.036373649 0.045212168 -0.348904133 0.936067224 -0.083003066
0.998783886 -0.005248500 -0.049022146 -0.265951872 0.022090342 0.936564088 0.349799573 0.035946377 0.044076458 -0.350457072 0.935541093 -0.084214665
0.998994529 -0.005339826 -0.044513695 -0.260429472 0.020686731 0.935769141 0.352005959 0.035314705 0.039774887 -0.352572858 0.934938669 -0.085476272
0.999223351 -0.004916569 -0.039096773 -0.251791537 0.018431628 0.935269475 0.353456199 0.034403026 0.034828231 -0.353902280 0.934633732 -0.086928733
0.999499619 -0.005385506 -0.031169618 -0.240176886 0.016051188 0.935456932 0.353076071 0.033334225 0.027256342 -0.353399724 0.935075283 -0.088182084
0.999692500 -0.005337225 -0.024215512 -0.226141989 0.013502793 0.936246514 0.351084173 0.031663582 0.020797875 -0.351303220 0.936030746 -0.089546070
0.999852538 -0.004947092 -0.016444506 -0.209944323 0.010363651 0.937390327 0.348126441 0.029861385 0.013692707 -0.348245531 0.937303364 -0.090954408
0.999929428 -0.005446331 -0.010560900 -0.192153633 0.008758028 0.938468039 0.345254958 0.027910616 0.008030694 -0.345323086 0.938449502 -0.092160709
0.999968171 -0.006995741 -0.003841412 -0.173056260 0.007889781 0.939071536 0.343631148 0.026268259 0.001203406 -0.343650520 0.939096868 -0.092816554
0.999960184 -0.008685438 0.002056475 -0.152613476 0.007447083 0.938877642 0.344170481 0.025157537 -0.004920050 -0.344141454 0.938904941 -0.092378512
0.999893606 -0.012548146 0.007436547 -0.131389037 0.009186762 0.937770009 0.347135514 0.024249490 -0.011329677 -0.347030252 0.937785506 -0.092276968
0.999822736 -0.016757928 0.008582263 -0.109228387 0.012661031 0.935807109 0.352284998 0.023894429 -0.013934909 -0.352113873 0.935853422 -0.091081806
0.999717891 -0.021431200 0.010242114 -0.086400472 0.016341846 0.933499634 0.358205765 0.023726678 -0.017237788 -0.357937306 0.933586478 -0.089756973
0.999627411 -0.024241809 0.012544940 -0.062859215 0.018030737 0.931504905 0.363281578 0.023592968 -0.020492274 -0.362920016 0.931594968 -0.087999232
0.999554515 -0.025548469 0.015428764 -0.038022280 0.018139217 0.930542946 0.365733296 0.023975741 -0.023701053 -0.365290493 0.930591822 -0.085017160
0.999530435 -0.026225828 0.015848225 -0.014080985 0.018616613 0.930534720 0.365730137 0.023911139 -0.024338899 -0.365263373 0.930585980 -0.082822144
0.999527633 -0.027418438 0.013884195 0.009029674 0.020485092 0.931140840 0.364083946 0.023617242 -0.022910755 -0.363627553 0.931262672 -0.080700986
0.999516010 -0.028782029 0.011806409 0.031657677 0.022538524 0.931557238 0.362895399 0.022928240 -0.021443211 -0.362453669 0.931755066 -0.078445494
0.999417007 -0.032177575 0.011413944 0.053421192 0.025846457 0.931487083 0.362855047 0.022230886 -0.022307735 -0.362348467 0.931775689 -0.075965941
0.999338627 -0.034320153 0.012020467 0.074157111 0.027588245 0.930893719 0.364246875 0.021728549 -0.023690784 -0.363674313 0.931224883 -0.073389538
0.999236166 -0.036571048 0.013771074 0.093906656 0.028979905 0.929896832 0.366677016 0.021960812 -0.026215440 -0.365997881 0.930246353 -0.070388354
0.999090910 -0.038933836 0.017362777 0.111949325 0.029775644 0.928804219 0.369372576 0.023046246 -0.030507714 -0.368519813 0.929119170 -0.066670001
0.998900831 -0.041649986 0.021503603 0.127752677 0.030674677 0.927731395 0.371985972 0.024574060 -0.035442777 -0.370917499 0.927989244 -0.063588195
0.998683214 -0.044677440 0.025213536 0.140991494 0.032055032 0.927175820 0.373252571 0.026674345 -0.040053349 -0.371952891 0.927387059 -0.060492057
0.998463392 -0.048333641 0.027104504 0.151957750 0.034736838 0.927002847 0.373442203 0.029441660 -0.043175772 -0.371926874 0.927257419 -0.056691892
0.998262882 -0.049166203 0.032463588 0.162184507 0.033604860 0.927740872 0.371709019 0.032008104 -0.048393317 -0.369972378 0.927781522 -0.052391239
0.997639894 -0.052304901 0.044483539 0.171100304 0.032472074 0.930231512 0.365533739 0.033852618 -0.060499195 -0.363226563 0.929734528 -0.047861435
0.996544898 -0.057034321 0.060377121 0.179344103 0.032034419 0.934638619 0.354153097 0.036117002 -0.076629668 -0.350995302 0.933236420 -0.041873604
0.995429039 -0.059827264 0.074442834 0.185617119 0.031374302 0.941063046 0.336772978 0.037726015 -0.090203598 -0.332898021 0.938638508 -0.035891704
0.994521677 -0.059553470 0.085907072 0.190800026 0.029363457 0.947908223 0.317187339 0.038332980 -0.100321621 -0.312927157 0.944463968 -0.031393018
0.993486404 -0.058071591 0.098043263 0.194704145 0.026461542 0.954451978 0.297188848 0.038472015 -0.110835820 -0.292658716 0.949771702 -0.026566477
0.992174506 -0.057897199 0.110623844 0.197928995 0.025222521 0.960664272 0.276564509 0.037505414 -0.122284688 -0.271610051 0.954606950 -0.021726727
0.990908980 -0.058870669 0.120969437 0.200718805 0.025658552 0.965368748 0.259624362 0.036200363 -0.132064372 -0.254160225 0.958103120 -0.017663036
0.989488125 -0.061984152 0.130656719 0.203712583 0.027734132 0.968051672 0.249212340 0.034571394 -0.141929656 -0.242968991 0.959594727 -0.013587271
0.988033235 -0.069705151 0.137591705 0.206929907 0.033619612 0.967934072 0.248944521 0.033035655 -0.150532410 -0.241339684 0.958694518 -0.009434085
0.986419261 -0.077535115 0.144794092 0.211696208 0.038290940 0.965830922 0.256328821 0.031264331 -0.159721091 -0.247303382 0.955683112 -0.004113096
0.984202027 -0.087547824 0.153888568 0.217586622 0.044434935 0.963509858 0.263958812 0.029135879 -0.171382174 -0.252950788 0.952178597 0.003061111
0.981928051 -0.097073317 0.162462518 0.224288210 0.050066557 0.961090267 0.271659404 0.026750196 -0.182512030 -0.258616060 0.948581636 0.011690143
0.979658604 -0.106398210 0.170142263 0.231402993 0.055393573 0.958305418 0.280325383 0.024064938 -0.192874372 -0.265198380 0.944705904 0.021446817
0.977977455 -0.113027275 0.175456434 0.238424525 0.058364902 0.955235362 0.290032625 0.021463206 -0.200383782 -0.273404896 0.940795481 0.031803835
0.976997852 -0.117127761 0.178203061 0.244825110 0.059604924 0.952339113 0.299161375 0.018320080 -0.204749838 -0.281658232 0.937414646 0.042959239
0.976731002 -0.120502822 0.177413806 0.249487847 0.061248191 0.949501991 0.307725012 0.014434331 -0.205536500 -0.289698303 0.934788585 0.054527625
0.976962686 -0.125646785 0.172501683 0.252457678 0.066208698 0.946875155 0.314712286 0.009971766 -0.202880144 -0.296041071 0.933380604 0.067490555
0.978451014 -0.125863865 0.163682207 0.253390551 0.068076618 0.945051491 0.319754988 0.005002745 -0.194933698 -0.301721662 0.933255017 0.081225395
0.980458498 -0.123135567 0.153423399 0.251736104 0.068621382 0.944966495 0.319889754 -0.000414079 -0.184369773 -0.303110510 0.934950173 0.095225945
0.983135879 -0.116694763 0.140805483 0.247747421 0.067363501 0.946895123 0.314406991 -0.006342642 -0.170017660 -0.299619615 0.938787580 0.111076206
0.986026883 -0.107097469 0.127597675 0.241419524 0.063768752 0.950273216 0.304818660 -0.012283972 -0.153897956 -0.292422622 0.943824351 0.126221895
0.989120007 -0.094861925 0.112440512 0.232848018 0.058061615 0.954008341 0.294103622 -0.017568987 -0.135168418 -0.284375310 0.949136555 0.141304418
0.991839707 -0.081267200 0.098232709 0.222018510 0.050127022 0.957031012 0.285620362 -0.022323325 -0.117223315 -0.278365523 0.953294992 0.155158430
0.994275570 -0.068653613 0.081870168 0.208423316 0.043149423 0.958987355 0.280145228 -0.026815338 -0.097745433 -0.275008917 0.956460118 0.168663949
0.996570170 -0.056187119 0.060752623 0.192197144 0.037170772 0.959864080 0.277991533 -0.030150896 -0.073933803 -0.274779856 0.958660424 0.180725485
0.998331070 -0.045343269 0.035764344 0.172861889 0.033640627 0.959978819 0.278044909 -0.033116117 -0.046940476 -0.276377708 0.959902048 0.190421283
0.999341846 -0.035698537 0.006438704 0.151031330 0.032470394 0.959465861 0.279948086 -0.033484261 -0.016171452 -0.279554754 0.959993541 0.198765635
0.999478459 -0.024255829 -0.021318059 0.125996888 0.029325290 0.958176732 0.284670591 -0.033291176 0.013521548 -0.285147309 0.958388329 0.202871218
0.998740077 -0.012895059 -0.048497710 0.098727070 0.026442897 0.956599772 0.290202796 -0.032279372 0.042650718 -0.291119576 0.955735505 0.203371674
0.997056782 -0.000773755 -0.076662563 0.069574066 0.023480151 0.954980135 0.295739204 -0.029633975 0.072982393 -0.296668857 0.952187598 0.199662790
0.994649827 0.011933738 -0.102612302 0.039085548 0.019585183 0.953506052 0.300736785 -0.026568647 0.101430371 -0.301137447 0.948170960 0.192545936
0.991624832 0.026687074 -0.126364693 0.008221948 0.013141483 0.952491045 0.304282933 -0.022715017 0.128481671 -0.303395122 0.944163024 0.181850404
0.987771451 0.035570413 -0.151796967 -0.022207910 0.012824681 0.951789320 0.306484342 -0.017746681 0.155380517 -0.304683208 0.939694107 0.168876812
0.983923018 0.039373260 -0.174198747 -0.052574880 0.016345561 0.951447964 0.307375252 -0.013340335 0.177843422 -0.305280983 0.935508013 0.152009130
0.979549170 0.040524881 -0.197081760 -0.081512906 0.022649575 0.951071858 0.308138400 -0.008146682 0.199926183 -0.306300551 0.930703759 0.132321641
0.976176381 0.043592468 -0.212554440 -0.106509790 0.025433153 0.949869215 0.311611444 -0.003014713 0.215482816 -0.309593648 0.926131189 0.113974281
0.974094629 0.048227802 -0.220938176 -0.127487585 0.024752853 0.948385417 0.316152573 0.004120563 0.224781871 -0.313431382 0.922623396 0.092570223
