1.000000000 0.000000000 0.000000000 -0.000000007 0.000000000 1.000000000 0.000000000 -0.000000060 0.000000000 0.000000000 1.000000000 -0.000000060
0.999984443 0.003441743 0.004386041 -0.000075029 -0.003460189 0.999985158 0.004204938 0.019243246 -0.004371504 -0.004220049 0.999981523 0.007117759
0.999969780 0.004473844 0.006356271 -0.000657299 -0.004563424 0.999889493 0.014149371 0.041905779 -0.006292267 -0.014177949 0.999879718 0.013445274
0.999972463 0.003981302 0.006263726 -0.000958558 -0.004149071 0.999626756 0.027003188 0.065544881 -0.006153880 -0.027028434 0.999615729 0.021175196
0.999981940 0.000329711 0.006002334 -0.002169976 -0.000550357 0.999322653 0.036795534 0.090749674 -0.005986136 -0.036798172 0.999304771 0.027419323
0.999977529 -0.000152949 0.006702145 -0.002609035 -0.000142193 0.999030888 0.044014487 0.117004886 -0.006702381 -0.044014450 0.999008417 0.036047004
0.999971867 -0.004390841 0.006082529 -0.003328355 0.004087050 0.998786092 0.049087536 0.141827762 -0.006290681 -0.049061295 0.998775959 0.043126460
0.999963522 -0.006866585 0.005083353 -0.004036991 0.006589769 0.998593748 0.052603055 0.166643500 -0.005437409 -0.052567635 0.998602569 0.049441811
0.999961495 -0.007736929 0.004142136 -0.004552436 0.007488228 0.998344958 0.057019819 0.190285161 -0.004576439 -0.056986604 0.998364449 0.055690158
0.999969184 -0.007013651 0.003531891 -0.005049900 0.006779268 0.998022318 0.062493667 0.211112052 -0.003963215 -0.062467799 0.998039126 0.060306747
0.999989092 -0.000870099 0.004593858 -0.005925025 0.000544300 0.997515082 0.070451044 0.230243534 -0.004643742 -0.070447780 0.997504652 0.064120889
0.999997914 -0.000045459 0.002036419 -0.006896468 -0.000121420 0.996642888 0.081871830 0.248232335 -0.002033304 -0.081871904 0.996640801 0.066624224
0.999991119 0.003186405 0.002754657 -0.007838815 -0.003437130 0.995336533 0.096402213 0.264686316 -0.002434634 -0.096410826 0.995338678 0.069221087
0.999992490 0.003598786 0.001423958 -0.008435031 -0.003737694 0.993469656 0.114035346 0.276481152 -0.001004271 -0.114039816 0.993475676 0.070664071
0.999994874 0.003175211 0.000416060 -0.009036780 -0.003202352 0.991370142 0.131053552 0.282877535 0.000003653 -0.131054208 0.991375208 0.071731336
0.999996006 0.002541428 -0.001241443 -0.010466075 -0.002335458 0.989510059 0.144445166 0.281972945 0.001595517 -0.144441679 0.989512026 0.068505257
0.999988675 0.001865821 -0.004377380 -0.011195548 -0.001191198 0.988785386 0.149338692 0.271952093 0.004606928 -0.149331778 0.988776386 0.064362288
0.999983311 0.003740725 -0.004403797 -0.011746937 -0.003049616 0.989037335 0.147634178 0.253564209 0.004907779 -0.147618294 0.989032209 0.058762774
0.999993682 0.002931879 -0.002000898 -0.012202880 -0.002625912 0.990324497 0.138746083 0.228246361 0.002388325 -0.138739944 0.990325987 0.055526406
0.999931216 0.011074993 0.003858134 -0.013134457 -0.011479138 0.991635621 0.128557473 0.197847500 -0.002402091 -0.128592908 0.991694570 0.048379347
0.999791265 0.017457305 0.010616885 -0.013413627 -0.018569214 0.993111551 0.115691863 0.162515506 -0.008524084 -0.115864865 0.993228436 0.040330116
0.999470592 0.024691042 0.021186976 -0.014274096 -0.026717763 0.994485021 0.101418301 0.124364771 -0.018566007 -0.101930678 0.994618237 0.032188565
0.998950660 0.032765549 0.031999040 -0.014611847 -0.035415087 0.995658159 0.086085141 0.085097983 -0.029039478 -0.087128058 0.995773792 0.024906738
0.998648882 0.036987513 0.036501791 -0.016350014 -0.039506346 0.996701777 0.070885547 0.045824211 -0.033759523 -0.072231822 0.996816337 0.016372392
0.998592675 0.038435366 0.036543224 -0.017881924 -0.040425438 0.997646868 0.055376243 0.011760329 -0.034328829 -0.056775589 0.997796595 0.009333986
0.998759091 0.036405075 0.033983745 -0.018294696 -0.037835006 0.998382866 0.042427693 -0.022713335 -0.032384209 -0.043660823 0.998521388 0.001785268
0.998819768 0.034116510 0.034571525 -0.018265218 -0.035122823 0.998964131 0.028931271 -0.053093147 -0.033548679 -0.030111372 0.998983383 -0.004003181
0.998961389 0.028543854 0.035515856 -0.019188127 -0.029030452 0.999490559 0.013261358 -0.082020186 -0.035119232 -0.014278627 0.999281108 -0.010618644
0.999029338 0.024885599 0.036346238 -0.019211527 -0.024815686 0.999689221 -0.002373498 -0.108580500 -0.036394011 0.001469238 0.999336421 -0.017476795
0.999134660 0.020646330 0.036105547 -0.017693441 -0.019912891 0.999590337 -0.020556729 -0.128815219 -0.036515180 0.019819975 0.999136508 -0.021298582
0.999135137 0.022015991 0.035273824 -0.018465161 -0.020770019 0.999160647 -0.035308160 -0.146705389 -0.036021557 0.034544989 0.998753786 -0.030444305
0.999095321 0.022307284 0.036206450 -0.017117105 -0.020609219 0.998700380 -0.046613760 -0.153316960 -0.037199218 0.045825407 0.998256624 -0.032221194
0.998817623 0.027365506 0.040180754 -0.015777329 -0.025375448 0.998465121 -0.049229000 -0.152272224 -0.041466255 0.048151191 0.997978985 -0.032851323
0.998539627 0.033132728 0.042670991 -0.014572815 -0.031229926 0.998520553 -0.044512462 -0.143836707 -0.044082683 0.043114845 0.998097122 -0.032173119
0.998251557 0.038216144 0.045092598 -0.012717954 -0.036684610 0.998737514 -0.034316577 -0.126242995 -0.046347119 0.032602370 0.998393238 -0.027994189
0.998248756 0.035899121 0.047017824 -0.011750583 -0.034952920 0.999172628 -0.020794461 -0.105916098 -0.047725420 0.019114634 0.998677611 -0.024388056
0.998447299 0.033056945 0.044835862 -0.009061565 -0.032739013 0.999433458 -0.007807066 -0.079309620 -0.045068536 0.006327062 0.998963833 -0.016913043
0.998674095 0.027793068 0.043331522 -0.005317716 -0.027917873 0.999607623 0.002277639 -0.049054887 -0.043251220 -0.003484343 0.999058127 -0.006096167
0.998647869 0.030609626 0.042017765 -0.003020368 -0.031032134 0.999473810 0.009440129 -0.018669564 -0.041706696 -0.010731266 0.999072254 0.003945210
0.998762906 0.028892679 0.040470876 -0.003786566 -0.029439980 0.999482095 0.012993196 0.014435904 -0.040074505 -0.014168583 0.999096215 0.010035533
0.998996258 0.028456859 0.034593776 -0.002683318 -0.029029895 0.999447644 0.016176764 0.047351055 -0.034114331 -0.017164782 0.999270499 0.017904123
0.999097943 0.027288150 0.032536753 -0.001528261 -0.027984411 0.999384820 0.021139340 0.079685330 -0.031939879 -0.022030795 0.999246955 0.025121693
0.999331295 0.022339216 0.028947242 -0.001008477 -0.023217482 0.999269128 0.030367978 0.113458522 -0.028247688 -0.031019751 0.999119520 0.032673556
0.999247611 0.019671200 0.033425890 -0.000643187 -0.021121582 0.998825490 0.043606732 0.144802585 -0.032528833 -0.044279929 0.998489439 0.039840300
0.999164701 0.016543783 0.037365142 -0.000444258 -0.018744506 0.998062015 0.059336741 0.175670683 -0.036311079 -0.059987571 0.997538447 0.047309004
0.999020219 0.016901625 0.040901989 -0.000550530 -0.019994589 0.996874332 0.076431558 0.201630130 -0.039482325 -0.077174485 0.996235549 0.053554628
0.999031007 0.017551076 0.040361352 -0.001315071 -0.021285377 0.995341182 0.094036549 0.222883463 -0.038522877 -0.094804540 0.994750261 0.058608897
0.999174714 0.017186159 0.036803555 -0.002668285 -0.021071622 0.993934870 0.107932784 0.238157094 -0.034725387 -0.108619221 0.993476748 0.058486719
0.999274969 0.018284366 0.033394352 -0.004220726 -0.022157408 0.992579579 0.119560786 0.245969370 -0.030960461 -0.120214038 0.992265105 0.058357473
0.999327958 0.018778555 0.031479884 -0.005710908 -0.022628777 0.991671085 0.126792684 0.245191053 -0.028836709 -0.127419814 0.991429567 0.057194229
0.999448061 0.017943252 0.027958024 -0.006792502 -0.021400880 0.991447628 0.128738463 0.235978335 -0.025408931 -0.129265726 0.991284370 0.057283677
0.999531031 0.016454980 0.025824396 -0.008877569 -0.019531239 0.992116094 0.123791143 0.217865944 -0.023583816 -0.124237478 0.991972208 0.052942075
0.999556363 0.016465494 0.024819618 -0.010870583 -0.019124804 0.993633330 0.111027226 0.193709299 -0.022833483 -0.111452639 0.993507385 0.046901591
0.999542117 0.016422398 0.025414335 -0.012811963 -0.018783454 0.995238662 0.095640816 0.166447863 -0.023722677 -0.096074395 0.995091438 0.040021323
0.999395847 0.020329583 0.028190056 -0.013925824 -0.022594072 0.996335983 0.082487412 0.136310995 -0.026409833 -0.083074503 0.996193349 0.033108134
0.999292672 0.020705217 0.031392172 -0.015033375 -0.022936108 0.997107863 0.072455883 0.104638338 -0.029801166 -0.073124647 0.996877491 0.026174273
0.998992801 0.025047101 0.037230112 -0.015093058 -0.027470272 0.997436941 0.066067427 0.072537042 -0.035479888 -0.067023605 0.997120380 0.018666143
0.998768330 0.025313864 0.042673230 -0.015034289 -0.027901730 0.997736633 0.061181083 0.039984055 -0.041027918 -0.062296383 0.997214079 0.010716910
0.998695970 0.024091411 0.045010243 -0.014647958 -0.026618086 0.998053014 0.056406491 0.007954958 -0.043563697 -0.057531022 0.997392774 0.002655839
0.998556256 0.021134412 0.049383335 -0.013701778 -0.023624575 0.998449743 0.050397944 -0.026045777 -0.048241645 -0.051491845 0.997507572 -0.004976150
0.998331606 0.015932912 0.055498660 -0.012215639 -0.018209999 0.999002695 0.040768474 -0.057331257 -0.054793745 -0.041711085 0.997626126 -0.012093305
0.997853339 0.011361801 0.064494729 -0.010254485 -0.013157959 0.999535382 0.027493577 -0.089576676 -0.064152390 -0.028283179 0.997539222 -0.018655360
0.997466743 0.006639561 0.070823722 -0.008548290 -0.007451842 0.999909401 0.011210999 -0.119211063 -0.070742868 -0.011710367 0.997425854 -0.025537806
0.997212470 0.006547288 0.074326351 -0.007033855 -0.006129566 0.999964118 -0.005846824 -0.145279557 -0.074361965 0.005374938 0.997216821 -0.032310229
0.996930301 0.006530284 0.078021713 -0.006274773 -0.004799500 0.999738693 -0.022350337 -0.165815726 -0.078147285 0.021907263 0.996701121 -0.038520105
0.996940196 0.009474530 0.077591494 -0.004288394 -0.006900670 0.999419153 -0.033373129 -0.178579077 -0.077862620 0.032735582 0.996426523 -0.044376351
0.996778965 0.011747495 0.079332665 -0.003332222 -0.008751006 0.999238908 -0.038013801 -0.183926731 -0.079718858 0.037197120 0.996123135 -0.046319064
0.996394753 0.016238915 0.083269179 -0.002425846 -0.013075928 0.999177217 -0.038390759 -0.180551529 -0.083824098 0.037163530 0.995787323 -0.045766521
0.996232867 0.020175619 0.084339038 -0.001817099 -0.017181257 0.999201179 -0.036080193 -0.169459090 -0.084999606 0.034495223 0.995783687 -0.042719498
0.996338427 0.021635523 0.082714394 -0.001554037 -0.019016849 0.999296725 -0.032317109 -0.151697993 -0.083355427 0.030625811 0.996049166 -0.037546620
0.996495008 0.021267032 0.080903783 0.000403793 -0.019038523 0.999420464 -0.028217675 -0.131099060 -0.081457004 0.026578484 0.996322393 -0.029722517
0.996600091 0.022384277 0.079292066 0.001914921 -0.020578554 0.999511600 -0.023517543 -0.104561731 -0.079779766 0.021805869 0.996573985 -0.021240860
0.996986270 0.020444978 0.074835464 0.003285212 -0.019101962 0.999644160 -0.018618315 -0.074901558 -0.075189486 0.017132699 0.997022092 -0.012304082
0.997230709 0.024128707 0.070347428 0.005136491 -0.023330176 0.999653995 -0.012151003 -0.042274088 -0.070616275 0.010476135 0.997448564 -0.003634060
0.997411907 0.025135739 0.067362547 0.006878798 -0.024800973 0.999675572 -0.005801418 -0.009166587 -0.067486510 0.004115746 0.997711718 0.005526112
0.997369170 0.028461283 0.066668347 0.009878669 -0.028729120 0.999582529 0.003061983 0.024248734 -0.066553369 -0.004969251 0.997770488 0.016315756
0.996940374 0.031234642 0.071653537 0.012185636 -0.032315992 0.999379873 0.013981797 0.058632310 -0.071172394 -0.016254574 0.997331560 0.026330914
0.997451842 0.027472990 0.065840818 0.012794706 -0.029553836 0.999087274 0.030841278 0.092794679 -0.064933427 -0.032708541 0.997353375 0.034517046
0.997858465 0.019395467 0.062468156 0.013044545 -0.022676662 0.998376369 0.052252606 0.124867409 -0.061353266 -0.053557277 0.996678174 0.041894380
0.998245418 0.011275368 0.058129247 0.013202190 -0.015655730 0.997025907 0.075459875 0.154321223 -0.057105530 -0.076237522 0.995453060 0.048242021
0.998343408 0.004984552 0.057320282 0.013604984 -0.010480451 0.995327711 0.095983945 0.181020737 -0.056574024 -0.096425675 0.993731081 0.054815538
0.998342872 0.004106904 0.057399292 0.013771372 -0.010477380 0.993750632 0.111129917 0.205214575 -0.056584183 -0.111547150 0.992146909 0.059702247
0.998222828 0.010007367 0.058745917 0.014593324 -0.017086221 0.992473125 0.121264823 0.227192253 -0.057090204 -0.122053064 0.990880311 0.063262701
0.998291671 0.016482316 0.056054696 0.014513201 -0.023521457 0.991580844 0.127335027 0.244258910 -0.053483985 -0.128435984 0.990274549 0.065259717
0.998499811 0.020410737 0.050808929 0.012963925 -0.026841497 0.991243124 0.129292756 0.257173747 -0.047725044 -0.130462587 0.990303934 0.065228954
0.998849154 0.021569746 0.042837672 0.011412326 -0.026949065 0.991244614 0.129259065 0.261505544 -0.039674528 -0.130264744 0.990685105 0.066333413
0.999094784 0.021272533 0.036839265 0.009886488 -0.025871646 0.991275132 0.129245102 0.259033114 -0.033768479 -0.130081207 0.990928113 0.064871781
0.999218225 0.022125740 0.032763232 0.008769410 -0.026196551 0.991226912 0.129548892 0.249457181 -0.029609431 -0.130305901 0.991031587 0.062754489
0.999223948 0.023688480 0.031469300 0.007865308 -0.027565371 0.991247773 0.129104450 0.232718989 -0.028135587 -0.129871711 0.991131544 0.059424851
0.999223769 0.023687787 0.031475808 0.006594028 -0.027487192 0.991604984 0.126348779 0.210374579 -0.028218647 -0.127115890 0.991486371 0.055004191
0.999221981 0.024044814 0.031261828 0.005270870 -0.027692629 0.992138326 0.122043461 0.183965027 -0.028081546 -0.122814223 0.992032290 0.048009004
0.999065280 0.027072508 0.033699568 0.004701274 -0.030887742 0.992486358 0.118392505 0.154405490 -0.030241180 -0.119322740 0.992394865 0.042560276
0.998572707 0.033599004 0.041516814 0.005256251 -0.038151793 0.992720187 0.114241287 0.122228272 -0.037376184 -0.115662172 0.992585182 0.037414059
0.998086393 0.038602069 0.048305787 0.005589641 -0.043607086 0.993274450 0.107258126 0.087767735 -0.043840520 -0.109159350 0.993057013 0.032077599
0.997771084 0.041125346 0.052550688 0.005062482 -0.046104003 0.994183064 0.097336799 0.051978212 -0.048241995 -0.099542648 0.993863165 0.026593527
0.997681320 0.039685499 0.055290114 0.005007843 -0.044282172 0.995434105 0.084557608 0.013732865 -0.051681954 -0.086809918 0.994883418 0.018745799
0.997462094 0.038197730 0.060086116 0.004573151 -0.042214658 0.996854901 0.067069240 -0.023448249 -0.057335243 -0.069435544 0.995937407 0.012559854
0.997073889 0.035974115 0.067449942 0.004070899 -0.039146177 0.998159707 0.046311706 -0.059568968 -0.065659791 -0.048816599 0.996647239 0.006360789
0.996575892 0.036963046 0.073960982 0.002866365 -0.038864113 0.998945773 0.024431219 -0.093348451 -0.072979964 -0.027221991 0.996961832 0.000650105
0.996021867 0.036264792 0.081396341 0.002074236 -0.036744542 0.999314964 0.004403335 -0.124218263 -0.081180900 -0.007376689 0.996672094 -0.006195838
0.995785058 0.035599109 0.084527351 0.001401512 -0.034558583 0.999308169 -0.013741814 -0.150918648 -0.084958069 0.010762747 0.996326387 -0.017958347
0.995785415 0.031272117 0.086217508 0.000059977 -0.029032825 0.999210894 -0.027105574 -0.174147859 -0.086997122 0.024488196 0.995907545 -0.025019735
0.995952308 0.028364139 0.085290559 -0.001992511 -0.025335426 0.999016583 -0.036385879 -0.192168027 -0.086238734 0.034077726 0.995691538 -0.031123243
0.995904326 0.023395831 0.087333836 -0.004285931 -0.019988446 0.999012172 -0.039688382 -0.203365132 -0.088176109 0.037780162 0.995388210 -0.033299059
0.995667338 0.019727252 0.090870470 -0.004275666 -0.016126238 0.999061763 -0.040193215 -0.207056433 -0.091578111 0.038553670 0.995051265 -0.035283890
0.995397210 0.017094051 0.094298117 -0.002730937 -0.013671117 0.999228179 -0.036826447 -0.204286814 -0.094854854 0.035367779 0.994862616 -0.034784764
0.995369375 0.016069561 0.094771452 -0.002714399 -0.013075611 0.999398232 -0.032128125 -0.194641635 -0.095230706 0.030740157 0.994980454 -0.031060170
0.994904101 0.014587334 0.099764667 -0.002155347 -0.012013257 0.999580503 -0.026353769 -0.178923398 -0.100107245 0.025020976 0.994661987 -0.025458662
0.994316816 0.015267809 0.105360895 -0.000712295 -0.013223861 0.999711096 -0.020070927 -0.158973202 -0.105636895 0.018563582 0.994231462 -0.018132769
0.993513763 0.021650705 0.111631714 0.000721315 -0.020245485 0.999701083 -0.013706358 -0.134625882 -0.111895092 0.011357417 0.993655145 -0.009670589
0.992852926 0.027532388 0.116125256 0.005911407 -0.026791830 0.999609530 -0.007933590 -0.112218186 -0.116298348 0.004765680 0.993202865 -0.001502645
0.992272198 0.036450669 0.118605539 0.009096983 -0.036458120 0.999332964 -0.002107621 -0.085781872 -0.118603244 -0.002232801 0.992939234 0.006928502
0.992008030 0.040450092 0.119515024 0.011925940 -0.041327063 0.999133825 0.004867360 -0.059709117 -0.119214617 -0.009767666 0.992820442 0.015067946
0.992592514 0.043579575 0.113405801 0.012568602 -0.045495484 0.998861313 0.014360202 -0.033583771 -0.112650864 -0.019413281 0.993444979 0.020227788
0.993003786 0.046164006 0.108684823 0.010731583 -0.049319848 0.998430669 0.026528453 -0.008669239 -0.107289597 -0.031703174 0.993722200 0.020825632
0.994231105 0.046778921 0.096520558 0.016450267 -0.050538290 0.998041034 0.036877699 0.016917810 -0.094606385 -0.041542940 0.994647563 0.030110961
0.995459974 0.045673065 0.083507217 0.016936578 -0.049922623 0.997524261 0.049528424 0.038950659 -0.081038363 -0.053472463 0.995275557 0.029684082
0.996620476 0.041432027 0.070929959 0.017075649 -0.045958761 0.996927857 0.063424528 0.057622503 -0.068084240 -0.066470027 0.995462835 0.027987666
0.997646511 0.035823442 0.058464196 0.016749766 -0.040360712 0.996107161 0.078368306 0.072592050 -0.055429179 -0.080543533 0.995208681 0.024483716
0.998306930 0.029519323 0.050118208 0.016314643 -0.034206305 0.994851589 0.095395416 0.084168956 -0.047044173 -0.096948266 0.994176984 0.020075735
0.998910308 0.021603944 0.041369740 0.016256144 -0.026065806 0.993529141 0.110545889 0.090963423 -0.038713817 -0.111503765 0.993009627 0.018088892
0.999313951 0.014787172 0.033955913 0.015840432 -0.019056413 0.991452873 0.129066035 0.095438264 -0.031757165 -0.129624560 0.991054475 0.013469963
0.999550045 0.008966737 0.028623007 0.015144011 -0.013101463 0.988943577 0.147712305 0.097935900 -0.026982043 -0.148020849 0.988616109 0.008024830
0.999573052 0.004028569 0.028938875 0.014950573 -0.008863551 0.985584497 0.168951675 0.098960862 -0.027841073 -0.169136032 0.985199392 0.003744058
0.999379277 -0.001184348 0.035208300 0.014765586 -0.005628787 0.981226146 0.192778617 0.098970428 -0.034775622 -0.192857146 0.980610430 0.000519659
0.998806655 -0.003723765 0.048697170 0.014651190 -0.006957962 0.976069033 0.217349634 0.099696755 -0.048341159 -0.217429087 0.974878311 -0.002185849
0.998084426 -0.009083038 0.061195917 0.013493423 -0.005792874 0.971096873 0.238615409 0.098548457 -0.061594516 -0.238512829 0.969184041 -0.004755485
0.997343421 -0.015140858 0.071252234 0.011396998 -0.003705540 0.966347516 0.257213354 0.096764579 -0.072748847 -0.256794095 0.963724256 -0.007542465
0.996953189 -0.020733181 0.075196356 0.009374708 -0.000681664 0.961674988 0.274191082 0.094980069 -0.077999309 -0.273406923 0.958730817 -0.011276850
0.996800721 -0.024583500 0.076052547 0.006948441 0.001253391 0.956214964 0.292662561 0.094096608 -0.079917252 -0.291630924 0.953186572 -0.015831159
0.996546686 -0.030877355 0.077079952 0.005340346 0.005319283 0.950121045 0.311836123 0.093793750 -0.082863957 -0.310349226 0.947004199 -0.021284021
0.996315539 -0.036177158 0.077759534 0.004254271 0.008358506 0.943320274 0.331778437 0.094012782 -0.085354954 -0.329906076 0.940147042 -0.026686681
0.996072710 -0.042905536 0.077448763 0.003713924 0.013000019 0.936131477 0.351409882 0.094224609 -0.087579645 -0.349022955 0.933012724 -0.032165252
0.996064663 -0.043743007 0.077082895 0.003917570 0.012181349 0.929031670 0.369799674 0.095263325 -0.087788604 -0.367405415 0.925908446 -0.038281828
0.996140361 -0.042957023 0.076544747 0.005195475 0.010148367 0.922576010 0.385681897 0.095857531 -0.087186098 -0.383416504 0.919451118 -0.044091318
0.996417105 -0.041565280 0.073656820 0.007843851 0.008865129 0.917433321 0.397790819 0.095045567 -0.084109508 -0.395712584 0.914514720 -0.050043587
0.996669233 -0.040500149 0.070782915 0.010961195 0.008405475 0.914358675 0.404817939 0.093735993 -0.081116155 -0.402874589 0.911653578 -0.053773653
0.996628344 -0.041949254 0.070513524 0.015135401 0.009740885 0.913833201 0.405972898 0.091655642 -0.081467859 -0.403917253 0.911160707 -0.055513334
0.996775389 -0.041536719 0.068655208 0.019730838 0.010520595 0.915861487 0.401356488 0.089469209 -0.079549700 -0.399339944 0.913345218 -0.056210250
0.997045696 -0.042468835 0.064002544 0.023952493 0.013830093 0.918886960 0.394278467 0.087628290 -0.075555652 -0.392228484 0.916759610 -0.055885985
0.997267962 -0.042391274 0.060494509 0.028049044 0.015758205 0.922181368 0.386436611 0.084924638 -0.072168447 -0.384427577 0.920329928 -0.055073753
0.997461081 -0.040174976 0.058799382 0.031741671 0.014900298 0.925137639 0.379339308 0.084380552 -0.069637470 -0.377500087 0.923387408 -0.053270817
0.997793317 -0.035169564 0.056317221 0.033695508 0.011588207 0.927416682 0.373850256 0.084461644 -0.065377682 -0.372372657 0.925777733 -0.051185671
0.998109937 -0.032083325 0.052413832 0.034888446 0.010463173 0.929168105 0.369509429 0.084326692 -0.060556348 -0.368262619 0.927747607 -0.049006760
0.998495638 -0.025491975 0.048545614 0.036085624 0.005888809 0.930091143 0.367281616 0.083632112 -0.054514579 -0.366443217 0.928842068 -0.046616416
0.998676717 -0.022674199 0.046159655 0.036718272 0.004065837 0.929560781 0.368646443 0.082136586 -0.051266968 -0.367970943 0.928422928 -0.044145308
0.998841405 -0.018428430 0.044454817 0.038183868 0.000513189 0.927798390 0.373081595 0.081043661 -0.048120413 -0.372626513 0.926732898 -0.041846748
0.998916864 -0.015253166 0.043959826 0.041170415 -0.002475502 0.925985813 0.377550155 0.080885693 -0.046465009 -0.377250046 0.924945116 -0.039669644
0.999002039 -0.014253357 0.042328857 0.045168962 -0.002913489 0.924899042 0.380201608 0.080150187 -0.044569068 -0.379945487 0.923934519 -0.037054464
0.998958707 -0.015661953 0.042850628 0.050788160 -0.001899207 0.924139857 0.382049590 0.079373248 -0.045583621 -0.381733149 0.923147857 -0.033961475
0.998862565 -0.018088896 0.044117115 0.057904158 -0.000203525 0.923619509 0.383310556 0.078271680 -0.047681093 -0.382883549 0.922565281 -0.030758442
0.998717844 -0.020464167 0.046301790 0.067419797 0.001069513 0.922973931 0.384860963 0.077168494 -0.050611205 -0.384318024 0.921812415 -0.027085379
0.998582006 -0.023294890 0.047868401 0.078562208 0.002987484 0.922283590 0.386502355 0.076196007 -0.053151771 -0.385811299 0.921045363 -0.023937602
0.998416245 -0.027737496 0.048945509 0.091278441 0.006542331 0.921350837 0.388677090 0.075050578 -0.055876911 -0.387741297 0.920073092 -0.020866059
0.998247385 -0.032331549 0.049566239 0.105584718 0.010406937 0.920421362 0.390789211 0.073721863 -0.058256648 -0.389588475 0.919144690 -0.018276256
0.998060703 -0.036084771 0.050721828 0.121516921 0.013328691 0.919820607 0.392112702 0.072501145 -0.060804281 -0.390676230 0.918517768 -0.016556727
0.997730851 -0.040504824 0.053781506 0.138758853 0.016253754 0.920073450 0.391408592 0.070746273 -0.065336868 -0.389646262 0.918644071 -0.014342952
0.997337461 -0.044982407 0.057398647 0.157048106 0.019269925 0.921677828 0.387477309 0.068549678 -0.070332721 -0.385339588 0.920090616 -0.012299750
0.996785402 -0.050296623 0.062362622 0.175912485 0.022771541 0.924143672 0.381365836 0.065860592 -0.076813437 -0.378719807 0.922318280 -0.009764533
0.996072888 -0.056751125 0.067956731 0.194888249 0.027254099 0.926819324 0.374517292 0.063171141 -0.084237888 -0.371194392 0.924726307 -0.007208791
0.995290935 -0.061518535 0.074909389 0.212963149 0.029591994 0.928742409 0.369542807 0.061169706 -0.092305258 -0.365585893 0.926189363 -0.004680469
0.994493246 -0.066827595 0.080729306 0.231449634 0.032572538 0.929261267 0.367984414 0.060107615 -0.099610135 -0.363328457 0.926320791 -0.002478449
0.993735135 -0.070527852 0.086696826 0.249379873 0.033557326 0.928234696 0.370478421 0.060205579 -0.106604047 -0.365248114 0.924786150 -0.000666434
0.992719471 -0.074147329 0.094921961 0.267432064 0.033015810 0.925391495 0.377572000 0.061210200 -0.115835920 -0.371689141 0.921102166 0.000473406
0.991569221 -0.076722734 0.104422860 0.283895195 0.030437538 0.921228528 0.387829334 0.062706128 -0.125952646 -0.381381243 0.915797055 0.001636046
0.990359187 -0.082768470 0.111076958 0.299517572 0.032406949 0.918048978 0.395140409 0.067701168 -0.134679243 -0.387731254 0.911880493 0.005763436
0.989955306 -0.085990295 0.112223469 0.312078178 0.033983208 0.915224910 0.401507795 0.069624729 -0.137235492 -0.393661082 0.908954024 0.007184089
0.989847839 -0.085569680 0.113486230 0.323525041 0.032545522 0.913704574 0.405073822 0.071432479 -0.138354927 -0.397267997 0.907213390 0.007526434
0.990015149 -0.085191242 0.112305179 0.332809687 0.032591477 0.913461864 0.405617088 0.073188253 -0.137141526 -0.397906870 0.907117605 0.008409794
0.990167499 -0.085572436 0.110660322 0.339815229 0.033854902 0.914144993 0.403971285 0.074632183 -0.135728389 -0.396252841 0.908053696 0.009377640
0.990339279 -0.086882219 0.108072378 0.344322562 0.036574777 0.915440619 0.400787711 0.075842381 -0.133755162 -0.392963111 0.909774482 0.010856245
0.990704715 -0.086900085 0.104654610 0.346845955 0.038452189 0.916873217 0.397322208 0.076839246 -0.130482346 -0.389604777 0.911692083 0.011304209
0.990666807 -0.089060657 0.103186607 0.347362310 0.041445531 0.917996168 0.394417733 0.077763878 -0.129852012 -0.386459917 0.913119495 0.011006206
0.990578413 -0.090373933 0.102893144 0.345793217 0.042912617 0.918335676 0.393469363 0.078455068 -0.130049810 -0.385346860 0.913561642 0.010581597
0.990315259 -0.089035384 0.106528819 0.342483759 0.040110789 0.918054700 0.394419402 0.078643031 -0.132916570 -0.386326581 0.912734866 0.009574199
0.990139604 -0.087857850 0.109107971 0.336731791 0.038029842 0.918210745 0.394262344 0.077659257 -0.134823158 -0.386225432 0.912497997 0.008252443
0.990162849 -0.087963909 0.108811334 0.328552336 0.038355976 0.918521047 0.393507183 0.076369770 -0.134559929 -0.385462642 0.912859321 0.006286532
0.990423799 -0.086868070 0.107306369 0.318425417 0.038064316 0.918931246 0.392576724 0.075134933 -0.132709563 -0.384732813 0.913437963 0.003889832
0.990835130 -0.087152831 0.103199683 0.306652784 0.039812364 0.918492556 0.393428981 0.075163633 -0.129076600 -0.385714650 0.913544416 0.000864059
0.991571128 -0.084010631 0.098635130 0.293338150 0.038356565 0.917504430 0.395871788 0.075830609 -0.123755597 -0.388751715 0.912993252 -0.001904099
0.992130399 -0.082015961 0.094608150 0.278545022 0.037740581 0.916345417 0.398605973 0.076697998 -0.119385801 -0.391898543 0.912229478 -0.004243869
0.992649794 -0.080887355 0.090020314 0.262101799 0.038337417 0.915692627 0.400046617 0.077587016 -0.114789650 -0.393655032 0.912063062 -0.006302297
0.993234277 -0.079646654 0.084510997 0.244079947 0.039424449 0.915785074 0.399729192 0.078023463 -0.109230995 -0.393692911 0.912729144 -0.008772993
0.993880212 -0.076623946 0.079566799 0.224776745 0.038777053 0.916474938 0.398208559 0.078052744 -0.103433289 -0.392686248 0.913837552 -0.011454535
0.994544268 -0.073172733 0.074346475 0.204395875 0.038044676 0.918052435 0.394629300 0.077690303 -0.097130068 -0.389647841 0.915827692 -0.014376648
0.995219588 -0.069242597 0.068872645 0.182958350 0.037075534 0.920286953 0.389483482 0.077337191 -0.090351447 -0.385068089 0.918454766 -0.017551916
0.995913565 -0.063931830 0.063787729 0.161237180 0.034615900 0.922592103 0.384220660 0.076417178 -0.083413988 -0.380442500 0.921035051 -0.020785144
0.996365845 -0.060816292 0.059636123 0.139242604 0.033717621 0.924565673 0.379527897 0.074564390 -0.078218989 -0.376137823 0.923256278 -0.023939820
0.996747553 -0.058235351 0.055704266 0.116102502 0.033012521 0.925632834 0.376980186 0.073146224 -0.073515266 -0.373915136 0.924544752 -0.026831241
0.997126162 -0.055422127 0.051650241 0.091328613 0.031743221 0.924687624 0.379401118 0.068777710 -0.068787552 -0.376671225 0.923789501 -0.032447234
0.997591972 -0.050579764 0.047454387 0.067511648 0.028855348 0.924871504 0.379183471 0.072675623 -0.063068219 -0.376901090 0.924103916 -0.032303981
0.997976840 -0.047189713 0.042607609 0.043027986 0.027296983 0.923265457 0.383191586 0.073728204 -0.057420831 -0.381253242 0.922685683 -0.034640018
0.998368382 -0.042010866 0.038674112 0.019666513 0.023821823 0.921961188 0.386548936 0.074807324 -0.051895287 -0.384996951 0.921457648 -0.036892310
0.998613954 -0.037638448 0.036790855 -0.003973317 0.020478029 0.921777368 0.387178421 0.076051429 -0.048485771 -0.385888338 0.921270490 -0.038572598
0.998750329 -0.036012195 0.034654740 -0.027860628 0.019886030 0.922489882 0.385508806 0.077530816 -0.045851659 -0.384337872 0.922053158 -0.040070299
0.998908341 -0.034547962 0.031441703 -0.052481368 0.019896720 0.923633218 0.382760704 0.078991085 -0.042264201 -0.381717265 0.923312306 -0.042467464
0.999056101 -0.031835426 0.029553020 -0.076170169 0.018219708 0.924720585 0.380210370 0.080943018 -0.039432444 -0.379313022 0.924427807 -0.043870170
0.999216497 -0.029156664 0.026762746 -0.099242128 0.016891444 0.925710797 0.377854705 0.082469031 -0.035791546 -0.377106607 0.925478041 -0.045422066
0.999342680 -0.027000330 0.024189778 -0.122276485 0.015907604 0.926219106 0.376649797 0.084527336 -0.032574702 -0.376017451 0.926039815 -0.047038198
0.999528527 -0.025265254 0.017447406 -0.145039946 0.016817186 0.925910413 0.377368659 0.087210625 -0.025689049 -0.376897305 0.925898790 -0.048519634
0.999702096 -0.022238625 0.010055356 -0.166382030 0.016738581 0.924568772 0.380647272 0.089771226 -0.017761940 -0.380365580 0.924665630 -0.052223399
0.999823928 -0.018566057 0.002714570 -0.186047509 0.016071726 0.922045529 0.386747658 0.093186140 -0.009683336 -0.386635959 0.922181606 -0.053426750
0.999866664 -0.015355906 -0.005550291 -0.203996971 0.016301995 0.919576526 0.392572671 0.096526638 -0.000924391 -0.392610818 0.919704258 -0.054701984
0.999785125 -0.014342286 -0.014966882 -0.220623076 0.019097861 0.918056250 0.395989835 0.099581316 0.008061041 -0.396190584 0.918132901 -0.055645999
0.999632478 -0.012816640 -0.023887303 -0.235512942 0.021216048 0.918400884 0.395081818 0.102049068 0.016874500 -0.395443439 0.918335319 -0.056517914
0.999490559 -0.010879534 -0.030003514 -0.248117074 0.021719784 0.920690417 0.389688939 0.102701299 0.023384314 -0.390142113 0.920457661 -0.059160747
0.999318540 -0.009274920 -0.035727404 -0.258203775 0.022265716 0.923457265 0.383054674 0.103236422 0.029439928 -0.383589149 0.923034489 -0.060114320
0.999098122 -0.008941666 -0.041508690 -0.265089035 0.023935363 0.926055729 0.376627058 0.102519207 0.035071686 -0.377280921 0.925434530 -0.060389258
0.999007821 -0.007592013 -0.043883123 -0.268778056 0.023415785 0.927710176 0.372566134 0.101983219 0.037882291 -0.373224050 0.926967502 -0.061084986
0.999026239 -0.005737858 -0.043745510 -0.269240201 0.021594793 0.928215265 0.371416360 0.101557001 0.038474113 -0.371999353 0.927435279 -0.062005498
0.999130964 -0.003366515 -0.041545000 -0.267074317 0.018626787 0.927730501 0.372785717 0.101162657 0.037287574 -0.373235613 0.926986992 -0.064884461
0.999311864 -0.003478741 -0.036928177 -0.261555105 0.017083306 0.926877022 0.374976128 0.100592464 0.032923438 -0.375348955 0.926298678 -0.066417515
0.999498665 -0.003013249 -0.031516425 -0.252822667 0.014661727 0.926337242 0.376409858 0.099807374 0.028060621 -0.376683265 0.925917029 -0.068004325
0.999706447 -0.003817521 -0.023926981 -0.240612030 0.012544053 0.926412106 0.376302063 0.098266669 0.020729706 -0.376491725 0.926188052 -0.068353474
0.999850869 -0.003421553 -0.016927816 -0.226550996 0.009509585 0.927273989 0.374262691 0.096722506 0.014416163 -0.374367833 0.927168190 -0.069604285
0.999952316 -0.003558380 -0.009096804 -0.210930631 0.006678682 0.928655386 0.370883554 0.095123492 0.007128051 -0.370926589 0.928634822 -0.071277097
0.999986231 -0.004092575 -0.003283618 -0.193257406 0.005013788 0.929807246 0.368012756 0.093204573 0.001547012 -0.368024141 0.929814935 -0.072343342
0.999978244 -0.005675214 0.003364818 -0.174145997 0.004047120 0.930406868 0.366506010 0.091343842 -0.005210650 -0.366484433 0.930409610 -0.072622634
0.999929488 -0.007396187 0.009290544 -0.153898433 0.003469415 0.930174410 0.367101610 0.089982517 -0.011356978 -0.367043495 0.930134475 -0.072689332
0.999827385 -0.011367944 0.014697551 -0.132749200 0.005121856 0.928977132 0.370101690 0.089194380 -0.017860984 -0.369962513 0.928874969 -0.072214074
0.999750257 -0.015543917 0.016057098 -0.110565834 0.008371182 0.926651657 0.375827909 0.088335395 -0.020721173 -0.375599623 0.926550388 -0.072000362
0.999634802 -0.020326182 0.017806822 -0.087756775 0.011993223 0.924209714 0.381696999 0.088369228 -0.024215681 -0.381344020 0.924115956 -0.070637383
0.999526143 -0.023246178 0.020178216 -0.064229041 0.013634695 0.922044992 0.386842430 0.088125832 -0.027597832 -0.386384010 0.921925008 -0.068676405
0.999425888 -0.024596635 0.023300236 -0.040247012 0.013593044 0.921038985 0.389233053 0.088121288 -0.031034248 -0.388692856 0.920844555 -0.066757396
0.999396861 -0.025282945 0.023804795 -0.016465880 0.014025119 0.920981765 0.389353096 0.088057533 -0.031767778 -0.388784409 0.920780897 -0.064534009
0.999407768 -0.026503514 0.021946002 0.007221812 0.015927121 0.921638370 0.387722880 0.087565944 -0.030502293 -0.387143701 0.921514690 -0.062398668
0.999413013 -0.027834358 0.019971019 0.029832913 0.017953837 0.922056735 0.386638194 0.086775310 -0.029176237 -0.386052698 0.922015250 -0.060245767
0.999321103 -0.031161482 0.019654172 0.051554848 0.021144560 0.921972573 0.386677533 0.085943244 -0.030170051 -0.385999471 0.922005534 -0.057959449
0.999238431 -0.033322118 0.020301322 0.072361358 0.022834750 0.921279013 0.388231337 0.085333504 -0.031639870 -0.387472093 0.921338320 -0.055185031
0.999120653 -0.035593878 0.022158170 0.092009068 0.024117652 0.920202971 0.390697837 0.085520834 -0.034296464 -0.389819860 0.920252264 -0.052434936
0.998977005 -0.037356451 0.025484640 0.109926909 0.024331789 0.919048309 0.393393219 0.086658120 -0.038117390 -0.392370701 0.919017017 -0.048757177
0.998751402 -0.040102758 0.029788883 0.125648811 0.025044205 0.917896569 0.396028608 0.088223867 -0.043224953 -0.394788116 0.917754889 -0.045736235
0.998506606 -0.043117762 0.033548053 0.138931811 0.026267802 0.917352080 0.397209287 0.090437040 -0.047902148 -0.395734847 0.917114675 -0.042643238
0.998275280 -0.046866179 0.035355762 0.150202915 0.028978564 0.917140126 0.397510082 0.092858687 -0.051055968 -0.395799905 0.916916430 -0.039748639
0.998034596 -0.047683235 0.040660568 0.160497218 0.027735446 0.917953730 0.395716727 0.095433094 -0.056193575 -0.393811226 0.917472064 -0.035362683
0.997332990 -0.051054183 0.052156791 0.169863909 0.026771273 0.920709372 0.389329702 0.098563075 -0.067898154 -0.386895090 0.919620633 -0.029697970
0.996127009 -0.055649497 0.068074316 0.178054869 0.025869444 0.925447881 0.377990752 0.100895867 -0.084034219 -0.374765784 0.923303246 -0.023621313
0.994922698 -0.058318585 0.082022883 0.184427366 0.024911597 0.932339847 0.360724092 0.102647647 -0.097510122 -0.356849253 0.929058909 -0.017548038
0.993921399 -0.057870969 0.093654916 0.189374924 0.022566883 0.939726949 0.341180205 0.103471212 -0.107754484 -0.336992800 0.935320675 -0.012756083
0.992784500 -0.056311443 0.105867900 0.193311289 0.019441063 0.946782529 0.321286321 0.103521071 -0.118325971 -0.316909909 0.941045761 -0.008093223
0.991358042 -0.056131352 0.118568696 0.196464017 0.018025506 0.953547001 0.300704569 0.102871984 -0.129939780 -0.295968622 0.946318269 -0.003876447
0.990020871 -0.057051912 0.128855616 0.199287459 0.018298136 0.958685696 0.283878356 0.101512551 -0.139727831 -0.278687686 0.950162768 0.000005206
0.988529623 -0.060113546 0.138547868 0.202287927 0.020145025 0.961657286 0.273513198 0.099751428 -0.149677426 -0.267584860 0.951837718 0.003814800
0.987027347 -0.068092272 0.145397693 0.205973551 0.026047189 0.961525321 0.273478597 0.098074555 -0.158425331 -0.266143650 0.950825393 0.007838747
0.985368788 -0.075982429 0.152561620 0.210601225 0.030502304 0.959292829 0.280761182 0.096333653 -0.167684183 -0.271999836 0.947574854 0.013161175
0.983060241 -0.086355470 0.161664009 0.216430500 0.036604971 0.956782758 0.288490564 0.093786806 -0.179590076 -0.277685910 0.943736196 0.020018747
0.980720401 -0.095893912 0.170270011 0.223099574 0.041896231 0.954237461 0.296100676 0.091580331 -0.190872267 -0.283258319 0.939857721 0.028734917
0.978385329 -0.105228879 0.178014174 0.230255395 0.046890862 0.951315641 0.304630488 0.089187831 -0.201403603 -0.289698750 0.935687542 0.038480837
0.976619005 -0.111989319 0.183503866 0.237098992 0.049647152 0.948014081 0.314331800 0.086935721 -0.209166050 -0.297871977 0.931408525 0.048896097
0.975626111 -0.116063662 0.186233535 0.243553936 0.050691910 0.944926739 0.323332310 0.084012009 -0.213504180 -0.306010902 0.927778721 0.060124401
0.975535631 -0.118747465 0.185011610 0.248713568 0.051875241 0.942142844 0.331173420 0.080751665 -0.213633373 -0.313473940 0.925253928 0.071575411
0.975820005 -0.123926811 0.180048555 0.251846135 0.056935795 0.939415753 0.338018358 0.076681279 -0.211029977 -0.319593847 0.923756540 0.084712312
0.977395773 -0.124023303 0.171218470 0.252876222 0.058863074 0.937472284 0.343046457 0.072035484 -0.203058317 -0.325213701 0.923581839 0.098425001
0.979444742 -0.121389002 0.161098346 0.250673264 0.059682846 0.937291682 0.343398064 0.066736571 -0.192680880 -0.326724619 0.925270319 0.112459026
0.982287049 -0.114546619 0.148294464 0.246801302 0.058515526 0.939336717 0.337968171 0.060891893 -0.178011551 -0.323304236 0.929401040 0.127347678
0.985237360 -0.104931757 0.135264993 0.241141081 0.055325661 0.942892671 0.328469843 0.056128059 -0.162007302 -0.316137165 0.934778571 0.144697353
0.988422573 -0.092562601 0.120220341 0.232662544 0.049984336 0.946772218 0.317999959 0.051098254 -0.143256173 -0.308309197 0.940437734 0.159830227
0.991218328 -0.079018869 0.106029637 0.222004861 0.042607531 0.949909806 0.309606224 0.047123089 -0.125183314 -0.302369684 0.944934785 0.174770385
0.993795097 -0.066169508 0.089402854 0.208568126 0.036008663 0.951907158 0.304263204 0.043279890 -0.105236158 -0.299155980 0.948383391 0.187623456
0.996221304 -0.053604383 0.068334892 0.192398429 0.030538451 0.952762663 0.302176565 0.040331941 -0.081304923 -0.298947901 0.950799465 0.199526936
0.998097658 -0.043467276 0.043723039 0.172479719 0.028285027 0.952977002 0.301719666 0.037822429 -0.054781981 -0.299908996 0.952393591 0.210966542
0.999330878 -0.033462431 0.014765304 0.149798840 0.027378011 0.952062488 0.304675996 0.036930151 -0.024252690 -0.304067910 0.952341616 0.218070999
0.999671102 -0.022058876 -0.013081573 0.124961421 0.025025396 0.950575113 0.309484482 0.037387647 0.005608138 -0.309710085 0.950814486 0.222215936
0.999126434 -0.010553744 -0.040435493 0.097339667 0.022771940 0.948806942 0.315034658 0.039067730 0.035040684 -0.315680236 0.948218405 0.222035274
0.997657597 0.001473714 -0.068389535 0.067888834 0.020568062 0.947041452 0.320451915 0.041632440 0.065239981 -0.321107924 0.944792807 0.218332991
0.995443761 0.014106700 -0.094301097 0.037670862 0.017422253 0.945436776 0.325339466 0.043989755 0.093745194 -0.325500101 0.940883398 0.213974714
0.992580771 0.028923843 -0.118096843 0.006763082 0.011619122 0.944283903 0.328926951 0.047940809 0.121030778 -0.327858716 0.936941922 0.203483701
0.988951445 0.037793946 -0.143341035 -0.024529779 0.011936884 0.943510890 0.331126392 0.052456714 0.147758394 -0.329178989 0.932635307 0.189260453
0.985266626 0.041654829 -0.165875182 -0.055050876 0.016022265 0.943139195 0.332011759 0.056787040 0.170273259 -0.329777777 0.928576112 0.172563076
0.981072903 0.042814344 -0.188846141 -0.083953381 0.022886828 0.942775786 0.332641035 0.061604120 0.192281365 -0.330667228 0.923951864 0.153038993
