1.000000000 0.000000000 0.000000000 0.000000954 0.000000000 1.000000000 0.000000000 0.000001907 0.000000000 0.000000000 1.000000000 -0.000001431
0.999984443 0.003441743 0.004386041 -0.000074068 -0.003460189 0.999985158 0.004204938 0.019245213 -0.004371504 -0.004220049 0.999981523 0.007116389
0.999969780 0.004473844 0.006356271 -0.000656338 -0.004563424 0.999889493 0.014149371 0.041907750 -0.006292267 -0.014177949 0.999879718 0.013443903
0.999972463 0.003981302 0.006263726 -0.000957597 -0.004149071 0.999626756 0.027003188 0.065546855 -0.006153880 -0.027028434 0.999615729 0.021173825
0.999981940 0.000329711 0.006002334 -0.002169014 -0.000550357 0.999322653 0.036795534 0.090751648 -0.005986136 -0.036798172 0.999304771 0.027417950
0.999978960 -0.001522907 0.006308057 -0.002849006 0.001243185 0.999025822 0.044112589 0.116700873 -0.006369092 -0.044103820 0.999006629 0.034888268
0.999967694 -0.005691185 0.005674686 -0.003691156 0.005406012 0.998781085 0.049061868 0.141444594 -0.005946990 -0.049029607 0.998779595 0.042641800
0.999957740 -0.008006993 0.004516925 -0.004064020 0.007759262 0.998594642 0.052426387 0.166569620 -0.004930355 -0.052389126 0.998614550 0.048498403
0.999965727 -0.007134371 0.004201607 -0.005349298 0.006881049 0.998321891 0.057498325 0.189454332 -0.004604771 -0.057467442 0.998336732 0.054679364
0.999973178 -0.006388094 0.003581253 -0.005721045 0.006150333 0.998002529 0.062873580 0.211016536 -0.003975742 -0.062849872 0.998015046 0.059494961
0.999989688 -0.001178446 0.004391466 -0.006790792 0.000864201 0.997484148 0.070885010 0.230377153 -0.004463952 -0.070880480 0.997474849 0.063252836
0.999996662 0.000233709 0.002565729 -0.007911084 -0.000443137 0.996637940 0.081930518 0.248584673 -0.002537956 -0.081931382 0.996634722 0.066148967
0.999987721 0.003861715 0.003111041 -0.008944090 -0.004144445 0.995305896 0.096689910 0.264916301 -0.002723049 -0.096701607 0.995309711 0.068247102
0.999987662 0.004603858 0.001852148 -0.009662238 -0.004784579 0.993505180 0.113686353 0.277093232 -0.001316723 -0.113693818 0.993514955 0.070081085
0.999999523 0.000960289 -0.000222197 -0.009719003 -0.000923043 0.991433740 0.130607560 0.283672839 0.000345714 -0.130607292 0.991434097 0.071034163
0.999997497 -0.000428182 -0.002183710 -0.011037343 0.000737330 0.989635348 0.143601477 0.282276273 0.002099589 -0.143602729 0.989633203 0.070767321
0.999989212 0.001638263 -0.004347311 -0.011390223 -0.000969942 0.988761365 0.149499238 0.271975458 0.004543372 -0.149493396 0.988752306 0.064860657
0.999988019 0.001365271 -0.004694618 -0.012824101 -0.000658208 0.989071548 0.147434980 0.253643334 0.004844602 -0.147430122 0.989060581 0.059091404
0.999980450 0.006067644 -0.001493610 -0.013587822 -0.005797877 0.990079463 0.140388921 0.227519900 0.002330622 -0.140377507 0.990095317 0.053036131
0.999911964 0.012721382 0.003764895 -0.014507437 -0.013103047 0.991419196 0.130062565 0.196483374 -0.002078014 -0.130100444 0.991498649 0.045584861
0.999820054 0.015952133 0.010263789 -0.013648615 -0.017027225 0.993221521 0.114983067 0.163353279 -0.008359991 -0.115137145 0.993314445 0.040425356
0.999557376 0.021957934 0.020071214 -0.013255745 -0.023874268 0.994616151 0.100840151 0.123558879 -0.017748913 -0.101274699 0.994700134 0.033843067
0.999031186 0.030737281 0.031494912 -0.013598623 -0.033333160 0.995779037 0.085516252 0.086149305 -0.028733436 -0.086483233 0.995838881 0.027168691
0.998731196 0.035079394 0.036130313 -0.016623281 -0.037608411 0.996704280 0.071876228 0.041344739 -0.033489864 -0.073143840 0.996758938 0.015131337
0.998646736 0.037501678 0.036031924 -0.016947906 -0.039472207 0.997670889 0.055630062 0.011549564 -0.033861779 -0.056977037 0.997801065 0.009740422
0.998738706 0.036605146 0.034365907 -0.018906351 -0.038049404 0.998377740 0.042357322 -0.021696107 -0.032759659 -0.043611500 0.998511314 0.001165649
0.998797655 0.034612816 0.034716658 -0.018684682 -0.035627071 0.998943269 0.029034933 -0.053240672 -0.033674993 -0.030236876 0.998975337 -0.005057605
0.998956978 0.028830312 0.035408538 -0.018821441 -0.029317893 0.999481261 0.013328901 -0.081187546 -0.035005894 -0.014353102 0.999284029 -0.010216250
0.999013960 0.025325766 0.036464490 -0.019806532 -0.025239231 0.999677420 -0.002831539 -0.106103182 -0.036524437 0.001908411 0.999330938 -0.017598530
0.999098480 0.021060225 0.036861259 -0.021340819 -0.020306334 0.999579310 -0.020708369 -0.126988202 -0.037281875 0.019941183 0.999105811 -0.025514308
0.999114752 0.022304319 0.035668179 -0.018720251 -0.021018427 0.999129713 -0.036028963 -0.140855908 -0.036440738 0.035247382 0.998714030 -0.030158307
0.999069393 0.022946419 0.036522139 -0.018507257 -0.021234373 0.998688221 -0.046593878 -0.149402797 -0.037543390 0.045774993 0.998246014 -0.034373984
0.998806357 0.027257288 0.040533122 -0.016330346 -0.025290707 0.998514414 -0.048263595 -0.154597968 -0.041788440 0.047180876 0.998011887 -0.034491282
0.998533666 0.032989345 0.042920835 -0.014715957 -0.031114062 0.998562276 -0.043649621 -0.145769000 -0.044299103 0.042250179 0.998124480 -0.033241685
0.998238444 0.038068868 0.045506250 -0.013240912 -0.036559269 0.998767912 -0.033557896 -0.127832547 -0.046727691 0.031835105 0.998400271 -0.029885005
0.998268604 0.035120655 0.047184005 -0.012436418 -0.034139518 0.999187052 -0.021441553 -0.104159877 -0.047898687 0.019793589 0.998656034 -0.023011375
0.998422503 0.032978106 0.045441169 -0.010722193 -0.032637391 0.999433458 -0.008219807 -0.078398317 -0.045686502 0.006723760 0.998933196 -0.016554331
0.998653531 0.027647562 0.043895099 -0.007402606 -0.027752746 0.999613225 0.001788508 -0.047684118 -0.043828670 -0.003004309 0.999034524 -0.005009831
0.998628020 0.030566467 0.042517792 -0.004662121 -0.030942341 0.999487460 0.008210389 -0.014309444 -0.042245034 -0.009514725 0.999062002 0.004802226
0.998807669 0.027778696 0.040144026 -0.003368837 -0.028331757 0.999510407 0.013274185 0.012985683 -0.039755635 -0.014395708 0.999105752 0.009427252
0.999004960 0.028174592 0.034572728 -0.002851580 -0.028749892 0.999454439 0.016257469 0.047529876 -0.034095816 -0.017235253 0.999269962 0.019048411
0.999087274 0.027617823 0.032587089 -0.001820818 -0.028313700 0.999376595 0.021089694 0.079794958 -0.031984322 -0.021993106 0.999246359 0.026265070
0.999316573 0.022710048 0.029165216 -0.001621353 -0.023599785 0.999255121 0.030533791 0.113257468 -0.028450068 -0.031201217 0.999108136 0.034035079
0.999226689 0.020201193 0.033732690 -0.001458587 -0.021666599 0.998811603 0.043656766 0.145598531 -0.032810681 -0.044353880 0.998476923 0.041028820
0.999145985 0.017112700 0.037608866 -0.000909358 -0.019338829 0.998032153 0.059647918 0.175569087 -0.036514122 -0.060324289 0.997510731 0.048776601
0.999010742 0.016459318 0.041311089 -0.001734868 -0.019592671 0.996867359 0.076626681 0.202421322 -0.039920453 -0.077360280 0.996203661 0.054780599
0.999033868 0.017520260 0.040303882 -0.001906304 -0.021247819 0.995345414 0.094000399 0.223855868 -0.038469370 -0.094765946 0.994755983 0.058582399
0.999185205 0.016932212 0.036636326 -0.003013227 -0.020852327 0.993777633 0.109412827 0.237504259 -0.034555759 -0.110087626 0.993321002 0.059692778
0.999288321 0.017752890 0.033282310 -0.003860455 -0.021620255 0.992575049 0.119696960 0.247082174 -0.030910224 -0.120331347 0.992252469 0.061904438
0.999384105 0.017697776 0.030302759 -0.004854667 -0.021418238 0.991643012 0.127221733 0.246446520 -0.027797978 -0.127792418 0.991411328 0.061374113
0.999453425 0.018477621 0.027411725 -0.006182941 -0.021877931 0.991345406 0.129443526 0.236675814 -0.024782680 -0.129972488 0.991207838 0.058936615
0.999535501 0.016863763 0.025384393 -0.008385222 -0.019879580 0.992123663 0.123674750 0.219308376 -0.023098834 -0.124121934 0.991998076 0.054165013
0.999576688 0.016236681 0.024141062 -0.010489762 -0.018837724 0.993558288 0.111745678 0.194005966 -0.022171173 -0.112153135 0.993443549 0.046090938
0.999545455 0.015650723 0.025767826 -0.013630847 -0.018040627 0.995285809 0.095292605 0.168861240 -0.024154954 -0.095714159 0.995115757 0.040936794
0.999354541 0.021065056 0.029099584 -0.014896940 -0.023416735 0.996275067 0.082991973 0.136584058 -0.027242959 -0.083619818 0.996125281 0.034574844
0.999264181 0.020966718 0.032116264 -0.016026765 -0.023263557 0.997068107 0.072897464 0.104734875 -0.030493682 -0.073590964 0.996822178 0.026961923
0.998996079 0.024933312 0.037217293 -0.014893803 -0.027355082 0.997441471 0.066047266 0.072779000 -0.035475295 -0.066999048 0.997122169 0.019054776
0.998779953 0.025152450 0.042497251 -0.015024594 -0.027748721 0.997712016 0.061650164 0.039208952 -0.040849369 -0.062754191 0.997192681 0.010149661
0.998687327 0.024590638 0.044932961 -0.014709087 -0.027122919 0.998025894 0.056644838 0.007779864 -0.043451324 -0.057789195 0.997382760 0.002992779
0.998561323 0.021101778 0.049294803 -0.014103959 -0.023570398 0.998468757 0.050046284 -0.024743048 -0.048163254 -0.051136184 0.997529626 -0.004791260
0.998269498 0.016366521 0.056481626 -0.014187861 -0.018725103 0.998963654 0.041485000 -0.058350526 -0.055744123 -0.042470831 0.997541368 -0.013164479
0.997770250 0.012480089 0.065564953 -0.012904816 -0.014344225 0.999503911 0.028038502 -0.090228483 -0.065182500 -0.028916460 0.997454286 -0.020591388
0.997388661 0.008021308 0.071774244 -0.010618505 -0.008876961 0.999893188 0.011610406 -0.118512072 -0.071673453 -0.012217225 0.997353315 -0.028069718
0.997116804 0.008086505 0.075450107 -0.008813828 -0.007709708 0.999956310 -0.005283927 -0.144500464 -0.075489536 0.004686994 0.997135580 -0.032901935
0.996945798 0.005882395 0.077874415 -0.004974845 -0.004063704 0.999715745 -0.023492064 -0.164595857 -0.077990465 0.023103856 0.996686339 -0.038887899
0.996936023 0.008837236 0.077720650 -0.004503612 -0.006162711 0.999382794 -0.034584794 -0.175611854 -0.077978306 0.033999857 0.996375144 -0.044126738
0.996819854 0.010868574 0.078943506 -0.001784916 -0.007787959 0.999199986 -0.039226618 -0.180835113 -0.079306692 0.038487066 0.996107042 -0.045319516
0.996443570 0.015568024 0.082812399 0.000132420 -0.012290323 0.999126375 -0.039943408 -0.176936150 -0.083361894 0.038783561 0.995764375 -0.042271618
0.996308625 0.019222805 0.083663583 0.001301462 -0.016112735 0.999159515 -0.037691314 -0.165028483 -0.084317803 0.036204133 0.995781004 -0.039133620
0.996416330 0.020850677 0.081974335 0.001476522 -0.018147893 0.999271274 -0.033579122 -0.149896696 -0.082614742 0.031971123 0.996068597 -0.035575308
0.996555686 0.020892842 0.080251329 0.002435361 -0.018557528 0.999385476 -0.029736478 -0.128267705 -0.080823295 0.028144788 0.996330976 -0.028164042
0.996676207 0.021720743 0.078516215 0.004683182 -0.019793035 0.999485254 -0.025247224 -0.100751720 -0.079024196 0.023609232 0.996593058 -0.017496519
0.997007608 0.019567547 0.074786156 0.003901285 -0.018151468 0.999643743 -0.019568132 -0.074104421 -0.075142413 0.018152097 0.997007608 -0.010381732
0.997248769 0.023135494 0.070424519 0.004668913 -0.022297382 0.999671161 -0.012663900 -0.043530345 -0.070694350 0.011058777 0.997436702 -0.002946842
0.997447252 0.024237724 0.067167751 0.008328378 -0.023843633 0.999693513 -0.006662857 -0.006271831 -0.067308657 0.005044326 0.997719467 0.009929316
0.997387588 0.027785299 0.066677995 0.009333024 -0.027989348 0.999605954 0.002127800 0.025009537 -0.066592596 -0.003988514 0.997772276 0.016072204
0.996956587 0.030586252 0.071708374 0.011284129 -0.031605680 0.999414265 0.013124733 0.059214216 -0.071264930 -0.015351181 0.997339308 0.025852118
0.997410476 0.027714090 0.066364683 0.010173808 -0.029864119 0.999053478 0.031627160 0.089641839 -0.065425344 -0.033527184 0.997294068 0.029902913
0.997812927 0.019602114 0.063127846 0.010245450 -0.022984607 0.998313487 0.053309005 0.121091172 -0.061976414 -0.054643381 0.996580660 0.037532587
0.998229325 0.010849342 0.058484808 0.011508046 -0.015254963 0.997035325 0.075417437 0.152594671 -0.057493195 -0.076176085 0.995435476 0.044543467
0.998351336 0.004329784 0.057235260 0.013065474 -0.009762402 0.995431125 0.094981775 0.182391167 -0.056562509 -0.095383927 0.993832290 0.056356121
0.998351753 0.003486309 0.057285730 0.013384635 -0.009789725 0.993869424 0.110126093 0.207170114 -0.056550603 -0.110505387 0.992265403 0.061718918
0.998236120 0.009374863 0.058624007 0.014109183 -0.016383301 0.992609918 0.120237805 0.228742287 -0.057063557 -0.120986171 0.991012692 0.064874321
0.998308539 0.015873054 0.055929549 0.014098600 -0.022843597 0.991730690 0.126286790 0.245860726 -0.053462498 -0.127350822 0.990415812 0.066889949
0.998537779 0.019443229 0.050440658 0.013069045 -0.025819145 0.991307557 0.129006445 0.257316619 -0.047493901 -0.130120158 0.990360081 0.067352526
0.998836577 0.021717900 0.043056082 0.011381413 -0.027119318 0.991257012 0.129128009 0.262272209 -0.039875258 -0.130145431 0.990692735 0.066559076
0.999058187 0.021809261 0.037511609 0.009670502 -0.026510406 0.991187990 0.129782796 0.260124862 -0.034350589 -0.130655020 0.990832627 0.063467771
0.999182582 0.022607513 0.033513002 0.008261434 -0.026792120 0.991125941 0.130198076 0.249856800 -0.030272150 -0.130989537 0.990921438 0.061637387
0.999237239 0.023432441 0.031239249 0.007910583 -0.027279697 0.991263926 0.129041418 0.232698321 -0.027942583 -0.129795179 0.991147041 0.060144298
0.999250293 0.023337662 0.030889815 0.006744399 -0.027058706 0.991646349 0.126116350 0.210283488 -0.027688513 -0.126857653 0.991534412 0.055574700
0.999233246 0.023776496 0.031106098 0.005916440 -0.027404694 0.992156744 0.121959142 0.184512004 -0.027962362 -0.122718088 0.992047548 0.050634857
0.999050319 0.027229745 0.034014419 0.005353519 -0.031080030 0.992486238 0.118342929 0.155123845 -0.030536396 -0.119287707 0.992390037 0.046109818
0.998524189 0.034217387 0.042174254 0.005110016 -0.038864598 0.992626607 0.114812903 0.122806214 -0.037934687 -0.116282545 0.992491484 0.040188543
0.998029649 0.039226212 0.048970573 0.005325185 -0.044325970 0.993182123 0.107816949 0.088261470 -0.044407450 -0.109775186 0.992963970 0.034864686
0.997767270 0.041154198 0.052600898 0.005050278 -0.046151124 0.994153917 0.097611874 0.052094780 -0.048276253 -0.099821523 0.993833542 0.028925948
0.997648120 0.039658785 0.055905160 0.004480199 -0.044281505 0.995478570 0.084033251 0.015081831 -0.052319732 -0.086311176 0.994893491 0.022794034
0.997515023 0.037180860 0.059844665 0.004761998 -0.041116882 0.996975958 0.065942079 -0.021519037 -0.057211906 -0.068238840 0.996027231 0.013829865
0.997132897 0.034916125 0.067133501 0.004335685 -0.037995763 0.998257041 0.045157172 -0.057467256 -0.065439776 -0.047578491 0.996721566 0.007035367
0.996695518 0.035117764 0.073244616 0.003398341 -0.036909107 0.999048173 0.023248188 -0.091541164 -0.072358474 -0.025874760 0.997043014 0.000488305
0.996043265 0.035539486 0.081453793 0.001727029 -0.035913981 0.999349952 0.003136705 -0.122331478 -0.081289373 -0.006049624 0.996672153 -0.006083898
0.995755970 0.035919506 0.084733807 0.000628934 -0.034901518 0.999300063 -0.013465354 -0.150335446 -0.085158162 0.010450870 0.996312618 -0.013348972
0.995754421 0.031607643 0.086452805 -0.000937963 -0.029388182 0.999208033 -0.026826179 -0.173732057 -0.087232254 0.024171596 0.995894730 -0.020226080
0.995922387 0.028907215 0.085457340 -0.003033882 -0.025921931 0.999021351 -0.035838872 -0.191649035 -0.086409703 0.033477515 0.995697081 -0.026924996
0.995917559 0.022754364 0.087352671 -0.004551857 -0.019277699 0.998996019 -0.040439770 -0.202716649 -0.088185154 0.038590714 0.995356262 -0.030390888
0.995735228 0.019337306 0.090207942 -0.002632621 -0.015776260 0.999074161 -0.040023383 -0.207414061 -0.090898372 0.038429547 0.995118439 -0.034334570
0.995455027 0.016811604 0.093737274 -0.002731439 -0.013430860 0.999240398 -0.036581155 -0.203974396 -0.094281062 0.035155918 0.994924664 -0.032565471
0.995424271 0.015737256 0.094249003 -0.003285309 -0.012786532 0.999411523 -0.031830277 -0.194268480 -0.094694458 0.030479513 0.995039701 -0.028610233
0.994964182 0.014316208 0.099203408 -0.002797013 -0.011776193 0.999588847 -0.026142573 -0.178705662 -0.099536881 0.024842685 0.994723678 -0.022624722
0.994376957 0.014980293 0.104833618 -0.001333974 -0.012983729 0.999721587 -0.019701706 -0.159700200 -0.105099574 0.018229792 0.994294584 -0.014597252
0.993579388 0.021286801 0.111116387 0.001155379 -0.019922022 0.999712050 -0.013378416 -0.136553317 -0.111369170 0.011078856 0.993717372 -0.005851915
0.992788136 0.027378367 0.116714187 0.002104264 -0.026691699 0.999616027 -0.007442572 -0.111834452 -0.116873138 0.004273597 0.993137658 0.004621756
0.992219985 0.036120344 0.119141996 0.005698031 -0.036153782 0.999344468 -0.001881475 -0.085400634 -0.119131848 -0.002440596 0.992875457 0.013755037
0.992072701 0.039712708 0.119225308 0.011931674 -0.040611912 0.999161899 0.005120910 -0.058805488 -0.118922010 -0.009922283 0.992853999 0.016971283
0.992682695 0.043046538 0.112818703 0.015342809 -0.044945579 0.998886466 0.014342447 -0.031866573 -0.112075686 -0.019308202 0.993512094 0.022229433
0.993154526 0.045088816 0.107754558 0.015163477 -0.048066195 0.998526335 0.025194211 -0.006842228 -0.106459796 -0.030201098 0.993858218 0.027976938
0.994289815 0.046307318 0.096142806 0.016071392 -0.050062612 0.998059750 0.037020683 0.017530972 -0.094241939 -0.041622445 0.994678855 0.030075938
0.995512903 0.045230903 0.083115712 0.016679592 -0.049471155 0.997538984 0.049684793 0.039682753 -0.080663875 -0.053573683 0.995300531 0.029687503
0.996664286 0.040955450 0.070590295 0.017045600 -0.045476507 0.996933877 0.063676327 0.058068495 -0.067765959 -0.066674113 0.995470941 0.027955459
0.997686863 0.035326164 0.058077116 0.017043224 -0.039852459 0.996099770 0.078721061 0.073015504 -0.055069689 -0.080853492 0.995203495 0.024671761
0.998286724 0.029392259 0.050593894 0.015796579 -0.034120820 0.994864702 0.095288962 0.082653403 -0.047533322 -0.096852005 0.994163096 0.018925138
0.998939753 0.021053240 0.040940914 0.016376235 -0.025471915 0.993539572 0.110590592 0.091494344 -0.038348127 -0.111516178 0.993022442 0.019392125
0.999338269 0.014218967 0.033478417 0.016185900 -0.018431731 0.991460562 0.129097804 0.096483573 -0.031356893 -0.129629448 0.991066575 0.015351360
0.999569178 0.008428968 0.028114140 0.015473762 -0.012494764 0.988947332 0.147739783 0.098665133 -0.026558112 -0.148027405 0.988626599 0.009359104
0.999591112 0.003498393 0.028378801 0.015309926 -0.008246198 0.985588610 0.168958902 0.099751085 -0.027378740 -0.169123828 0.985214472 0.005067845
0.999399662 -0.001721013 0.034603175 0.015013916 -0.004985178 0.981228828 0.192782700 0.099781089 -0.034285415 -0.192839473 0.980631173 0.001757721
0.998835266 -0.004347852 0.048053913 0.015074364 -0.006206138 0.976082087 0.217313647 0.099393897 -0.047849409 -0.217358768 0.974918246 -0.000795668
0.998118818 -0.009679047 0.060540792 0.013829525 -0.005053066 0.971113026 0.238566563 0.098075211 -0.061101045 -0.238423690 0.969237208 -0.003569160
0.997379243 -0.015717458 0.070622593 0.011590717 -0.002981985 0.966358364 0.257182151 0.096203290 -0.072288975 -0.256718725 0.963778913 -0.006566917
0.996972919 -0.021369243 0.074754916 0.009574097 0.000074795 0.961750746 0.273926049 0.096111327 -0.077749185 -0.273091286 0.958841085 -0.010054470
0.996813893 -0.025214121 0.075672641 0.007167825 0.001997064 0.956313312 0.292336851 0.095216237 -0.079737768 -0.291254312 0.953316748 -0.014827413
0.996578455 -0.031491004 0.076418251 0.005495049 0.006118666 0.950144887 0.311748654 0.094406337 -0.082425684 -0.310214430 0.947086573 -0.019674055
0.996356487 -0.036603488 0.077032134 0.004823447 0.009004332 0.943316400 0.331772625 0.094140939 -0.084809706 -0.329870164 0.940209031 -0.024934892
0.996106386 -0.043407235 0.076732829 0.004064295 0.013724137 0.936124921 0.351399750 0.094484061 -0.087084800 -0.348978430 0.933075726 -0.030681642
0.996095181 -0.044250131 0.076395497 0.004243933 0.012911266 0.929032564 0.369772673 0.095531501 -0.087336391 -0.367342412 0.925976217 -0.036910728
0.996172607 -0.043463677 0.075835682 0.005567784 0.010894964 0.922583222 0.385644257 0.096129358 -0.086726241 -0.383342028 0.919525683 -0.042780854
0.996446431 -0.042134784 0.072932601 0.007759920 0.009667298 0.917374551 0.397907645 0.095840126 -0.083672255 -0.395788580 0.914521933 -0.047719989
0.996703506 -0.040831152 0.070106491 0.011571357 0.008999959 0.914436162 0.404630125 0.095011204 -0.080629423 -0.402665317 0.911789238 -0.052006166
0.996657789 -0.042439960 0.069800042 0.015853159 0.010500012 0.913920760 0.405756861 0.092865847 -0.081012003 -0.403667837 0.911311865 -0.053852759
0.996803641 -0.041926850 0.068004526 0.020255040 0.011154928 0.915927351 0.401189089 0.090604484 -0.079107799 -0.399148166 0.913467407 -0.054613587
0.997069478 -0.042845972 0.063377693 0.024433013 0.014435195 0.918936133 0.394142151 0.088775225 -0.075127453 -0.392072201 0.916861653 -0.054336168
0.997315228 -0.042348005 0.059740618 0.029119944 0.016020168 0.922235072 0.386297643 0.087002262 -0.071453825 -0.384303451 0.920437515 -0.053005986
0.997507453 -0.040116739 0.058048025 0.032832671 0.015141503 0.925190449 0.379200965 0.086464681 -0.068917781 -0.377376825 0.923491776 -0.051240571
0.997835100 -0.035184983 0.055561557 0.034852080 0.011894308 0.927466273 0.373717576 0.086301230 -0.064680718 -0.372247666 0.925876915 -0.049316969
0.998150587 -0.032114550 0.051614076 0.036093444 0.010793276 0.929198325 0.369423866 0.086007886 -0.059823595 -0.368183553 0.927826524 -0.047255971
0.998536408 -0.025455749 0.047718525 0.036788322 0.006171925 0.930177510 0.367058158 0.084573701 -0.053730436 -0.366226435 0.928973198 -0.044599682
0.998714685 -0.022677857 0.045328196 0.037635498 0.004392207 0.929677725 0.368347734 0.083795682 -0.050493952 -0.367675215 0.928582430 -0.042342007
0.998880386 -0.018411702 0.043577831 0.039104652 0.000839738 0.927912831 0.372796357 0.082818821 -0.047300246 -0.372342348 0.926889360 -0.040051162
0.998956859 -0.015184207 0.043065127 0.042232305 -0.002184093 0.926127672 0.377203822 0.082741171 -0.045611348 -0.376904428 0.925128460 -0.037718609
0.999038458 -0.014193939 0.041481469 0.046163935 -0.002630735 0.925031424 0.379881531 0.081890494 -0.043763679 -0.379625410 0.924104571 -0.034929365
0.998995304 -0.015598256 0.042013321 0.051745474 -0.001623315 0.924264133 0.381750256 0.081049807 -0.044786040 -0.381434888 0.923310161 -0.031735748
0.998919070 -0.017870516 0.042910773 0.059246343 0.000075037 0.923764169 0.382961839 0.080087125 -0.046483163 -0.382544667 0.922766984 -0.028365597
0.998779297 -0.020229876 0.045062840 0.068755113 0.001348807 0.923117280 0.384516150 0.078896470 -0.049377002 -0.383985966 0.922017694 -0.024708847
0.998632550 -0.023020044 0.046936896 0.079707809 0.003110074 0.922401965 0.386218816 0.077802196 -0.052185457 -0.385544688 0.921212256 -0.022183098
0.998467445 -0.027470650 0.048043028 0.092286535 0.006660664 0.921446145 0.388449043 0.076642051 -0.054940008 -0.387533695 0.920216918 -0.019190162
0.998299658 -0.032076128 0.048671655 0.106600806 0.010536144 0.920522630 0.390547156 0.075456217 -0.057330601 -0.389370263 0.919295371 -0.016583497
0.998120964 -0.035903599 0.049653057 0.122757651 0.013595902 0.919916570 0.391878396 0.074116983 -0.059746515 -0.390466958 0.918676138 -0.014415236
0.997794151 -0.040336818 0.052723374 0.139982119 0.016528580 0.920165122 0.391181558 0.072407134 -0.064293228 -0.389447242 0.918802083 -0.012095429
0.997405469 -0.044842023 0.056316435 0.158246890 0.019580182 0.921789348 0.387196362 0.070195027 -0.069274560 -0.385089099 0.920275748 -0.009594547
0.996856689 -0.050172757 0.061314609 0.177159578 0.023079459 0.924255550 0.381076157 0.067532912 -0.075790010 -0.378463209 0.922508240 -0.006846224
0.996146560 -0.056653798 0.066950954 0.196026593 0.027566979 0.926934719 0.374208570 0.064876847 -0.083259501 -0.370920956 0.924924612 -0.004094797
0.995372415 -0.061353587 0.073955886 0.214525416 0.029818803 0.928854227 0.369243473 0.063399628 -0.091348641 -0.365329474 0.926385343 -0.001674827
0.994573057 -0.066694975 0.079851091 0.232833698 0.032801211 0.929367363 0.367696077 0.062384304 -0.098734483 -0.363081425 0.926511407 0.000475567
0.993819296 -0.070414320 0.085819542 0.250853956 0.033809554 0.928346395 0.370175511 0.062517531 -0.105735913 -0.364986032 0.924989223 0.002314705
0.992818058 -0.073987916 0.094011381 0.268763661 0.033251055 0.925518155 0.377240628 0.063548446 -0.114920497 -0.371405333 0.921331286 0.003522626
0.991673112 -0.076563314 0.103549778 0.285278887 0.030674035 0.921364963 0.387486428 0.064959578 -0.125074387 -0.381083578 0.916041315 0.004775850
0.990482867 -0.082492873 0.110175245 0.299778402 0.032285143 0.917401314 0.396651655 0.066465721 -0.133795843 -0.389319628 0.911333561 0.006216602
0.990079701 -0.085724548 0.111325979 0.312363833 0.033869706 0.914563298 0.403022051 0.068326123 -0.136363536 -0.395253360 0.908394039 0.007650793
0.989964604 -0.085338607 0.112638406 0.323473096 0.032445963 0.913037121 0.406583905 0.070214629 -0.137540355 -0.398849010 0.906643331 0.008719456
0.989962041 -0.085739091 0.112356484 0.333533436 0.033040084 0.913339794 0.405855566 0.073688984 -0.137417331 -0.398069352 0.907004595 0.009878833
0.990102589 -0.086185910 0.110764980 0.340553284 0.034342729 0.914019406 0.404214144 0.075219303 -0.136078909 -0.396409512 0.907932818 0.010895711
0.990281761 -0.087549433 0.108060777 0.345196784 0.037160110 0.915309846 0.401032478 0.076219492 -0.134019256 -0.393119603 0.909667969 0.011548794
0.990659654 -0.087459639 0.104615040 0.347725630 0.038946360 0.916733384 0.397596627 0.077014282 -0.130677760 -0.389808565 0.911576986 0.011308531
0.990615070 -0.089639947 0.103181802 0.348126888 0.041943382 0.917850316 0.394704431 0.077796310 -0.130086735 -0.386672348 0.912996113 0.011147465
0.990514934 -0.090986893 0.102963619 0.346597552 0.043404385 0.918165565 0.393812299 0.078515515 -0.130369395 -0.385607898 0.913405895 0.010785277
0.990239501 -0.089689508 0.106684104 0.343260020 0.040600341 0.917868614 0.394802272 0.078762203 -0.133331612 -0.386617422 0.912551165 0.009863865
0.990081787 -0.088528149 0.109090865 0.337676406 0.038600974 0.918020904 0.394648671 0.077945337 -0.135085210 -0.386523426 0.912333071 0.008579941
0.990110338 -0.088520005 0.108838260 0.329421759 0.038838699 0.918435216 0.393660158 0.076687872 -0.134807691 -0.385539860 0.912790179 0.006761304
0.990370274 -0.087421149 0.107351221 0.319382161 0.038538735 0.918849170 0.392722517 0.075513996 -0.132971838 -0.384803504 0.913370013 0.004384102
0.990782738 -0.087736294 0.103207961 0.307421774 0.040326953 0.918400407 0.393591702 0.075349905 -0.129318506 -0.385801792 0.913473427 0.001631901
0.991518438 -0.084549673 0.098704584 0.294142365 0.038806945 0.917418599 0.396026582 0.076155253 -0.124037348 -0.388837248 0.912918568 -0.001644382
0.992091715 -0.082583591 0.094519965 0.279599398 0.038285032 0.916273654 0.398719043 0.077008642 -0.119533800 -0.391947180 0.912189186 -0.003980944
0.992609501 -0.081458367 0.089949772 0.263308585 0.038881376 0.915631950 0.400132984 0.077867873 -0.114955068 -0.393678397 0.912032187 -0.006018459
0.993185997 -0.080237746 0.084519386 0.245074973 0.039958484 0.915734172 0.399792761 0.078340933 -0.109475762 -0.393691272 0.912700534 -0.008122176
0.993825793 -0.077247024 0.079644404 0.225845754 0.039315514 0.916431546 0.398255676 0.078454703 -0.103752710 -0.392665476 0.913810253 -0.010561084
0.994484365 -0.073833428 0.074494466 0.204563573 0.038601235 0.918048561 0.394584298 0.078294970 -0.097523049 -0.389532328 0.915835023 -0.013695968
0.995175302 -0.069920406 0.068827823 0.183410615 0.037714601 0.920239091 0.389535099 0.077632979 -0.090574503 -0.385059923 0.918436229 -0.016951159
0.995872617 -0.064628810 0.063724831 0.161725730 0.035284929 0.922563553 0.384228498 0.076680675 -0.083622426 -0.380394131 0.921036184 -0.020176649
0.996328592 -0.061509781 0.059547108 0.139610842 0.034387842 0.924507439 0.379609704 0.074638918 -0.078401454 -0.376168311 0.923228383 -0.023406751
0.996706724 -0.058957923 0.055674978 0.116291739 0.033689085 0.925580561 0.377048641 0.073233545 -0.073761679 -0.373931259 0.924518585 -0.026238460
0.997067869 -0.056207165 0.051926769 0.092431448 0.032527044 0.925534964 0.377262622 0.072655849 -0.069264896 -0.374467403 0.924649417 -0.028958978
0.997669935 -0.050466187 0.045911953 0.068156339 0.029183842 0.923939824 0.381423026 0.070367709 -0.061668850 -0.379194409 0.923259735 -0.032863609
0.998048007 -0.047055330 0.041060265 0.043841496 0.027628165 0.922322392 0.385432303 0.071432427 -0.056007449 -0.383545518 0.921822131 -0.035146929
0.998395145 -0.042000093 0.037989087 0.019237362 0.024010425 0.921460092 0.387730300 0.073593661 -0.051290140 -0.386195898 0.920989692 -0.036884122
0.998630941 -0.037684895 0.036278181 -0.004537467 0.020657452 0.921275914 0.388360649 0.074895054 -0.048057541 -0.387079567 0.920793056 -0.038613919
0.998761892 -0.036089510 0.034238685 -0.028581578 0.020059716 0.921995103 0.386681646 0.076262899 -0.045523051 -0.385516077 0.921577454 -0.040273022
0.998938739 -0.034555640 0.030452356 -0.051797252 0.020216502 0.923019230 0.384222358 0.078055829 -0.041385159 -0.383198947 0.922738254 -0.041682649
0.999086499 -0.031844214 0.028497513 -0.075366825 0.018567849 0.924111247 0.381672204 0.079926014 -0.038488921 -0.380794406 0.923858345 -0.043044724
0.999240637 -0.029194633 0.025802987 -0.098814949 0.017235314 0.925123572 0.379274696 0.081810392 -0.034943737 -0.378541976 0.924924254 -0.044520032
0.999362826 -0.027042003 0.023295023 -0.121992230 0.016237019 0.925668001 0.377988249 0.083964631 -0.031785015 -0.377369195 0.925517261 -0.046115480
0.999542356 -0.025299581 0.016583618 -0.144760862 0.017140551 0.925386310 0.378637552 0.086478561 -0.024925623 -0.378180027 0.925396442 -0.047496285
0.999692619 -0.022947803 0.009387203 -0.167404532 0.017631773 0.924183011 0.381542772 0.088574201 -0.017431062 -0.381259948 0.924303532 -0.051857565
0.999811947 -0.019284585 0.002042282 -0.186853006 0.016985493 0.921664536 0.387615830 0.091951042 -0.009357309 -0.387508243 0.921818733 -0.053067800
0.999851644 -0.016056634 -0.006235366 -0.204887882 0.017214883 0.919192076 0.393433064 0.095462233 -0.000585712 -0.393482059 0.919332147 -0.054109141
0.999764204 -0.015032444 -0.015670493 -0.221472934 0.020017881 0.917685211 0.396803647 0.098532215 0.008415653 -0.397023767 0.917769790 -0.054918792
0.999606192 -0.013506714 -0.024597393 -0.236343771 0.022146281 0.918028116 0.395896316 0.101041608 0.017233843 -0.396285176 0.917965770 -0.055667277
0.999463022 -0.011542482 -0.030667435 -0.248661399 0.022622315 0.920132160 0.390954107 0.101999775 0.023705512 -0.391437918 0.919899166 -0.056414176
0.999288380 -0.009950744 -0.036383066 -0.258693784 0.023182301 0.922916174 0.384302437 0.102431312 0.029754426 -0.384872377 0.922490060 -0.057189353
0.999066710 -0.009668030 -0.042097945 -0.265909821 0.024875466 0.925559700 0.377783567 0.102167808 0.035311740 -0.378478199 0.924936414 -0.058031145
0.998964846 -0.008351527 -0.044715930 -0.270136327 0.024456572 0.927449644 0.373147458 0.101755761 0.038355421 -0.373854786 0.926693857 -0.061519828
0.998986661 -0.006518981 -0.044532668 -0.270643502 0.022633381 0.928004980 0.371879727 0.101240009 0.038902257 -0.372510821 0.927212119 -0.062727086
0.999088764 -0.004162284 -0.042476710 -0.267570287 0.019753182 0.927321613 0.373743802 0.100333393 0.037833948 -0.374242276 0.926558852 -0.063391551
0.999269962 -0.004271151 -0.037964605 -0.261786103 0.018245412 0.926435113 0.376012057 0.099608719 0.033565737 -0.376430243 0.925836742 -0.064346194
0.999460876 -0.003815403 -0.032609217 -0.253012002 0.015852014 0.925861955 0.377529234 0.098883241 0.028751208 -0.377842635 0.925423324 -0.065474369
0.999679267 -0.004682463 -0.024888720 -0.241447091 0.013730489 0.925995350 0.377285242 0.097922020 0.021280214 -0.377505958 0.925762594 -0.066629067
0.999831021 -0.004302384 -0.017872930 -0.227473900 0.010695133 0.926892221 0.375175238 0.096490577 0.014952132 -0.375302970 0.926781595 -0.068098731
0.999938965 -0.004245182 -0.010201720 -0.211389676 0.007738817 0.928062499 0.372344136 0.094824776 0.007887165 -0.372400343 0.928038657 -0.069305368
0.999979973 -0.004787750 -0.004133207 -0.193252861 0.005974814 0.929453135 0.368891746 0.092454508 0.002075461 -0.368909091 0.929463148 -0.071652859
0.999976516 -0.006381242 0.002494562 -0.174167782 0.005019108 0.930098414 0.367276132 0.090873607 -0.004663866 -0.367254972 0.930108607 -0.072288953
0.999931514 -0.008139000 0.008407086 -0.153929785 0.004477092 0.929911256 0.367756784 0.089594729 -0.010811016 -0.367693961 0.929884017 -0.072711937
0.999831200 -0.012112695 0.013813522 -0.133048862 0.006125255 0.928634882 0.370944470 0.088539012 -0.017320855 -0.370797247 0.928552330 -0.071022645
0.999752522 -0.016314246 0.015124390 -0.111167058 0.009428716 0.926512599 0.376145512 0.088207349 -0.020149468 -0.375909835 0.926437140 -0.070092425
0.999635637 -0.021079287 0.016860470 -0.088347413 0.013041750 0.924053371 0.382040977 0.088270135 -0.023633126 -0.381681859 0.923991561 -0.068757251
0.999527514 -0.024009803 0.019190013 -0.064642325 0.014714165 0.921928048 0.387081563 0.088191859 -0.026985563 -0.386616290 0.921845794 -0.067298390
0.999430835 -0.025337130 0.022271777 -0.040497523 0.014668658 0.920934737 0.389440626 0.088223375 -0.030378161 -0.388892263 0.920782268 -0.065769754
0.999375641 -0.026691701 0.023148596 -0.015928011 0.015599293 0.921209693 0.388753623 0.088581413 -0.031701203 -0.388149828 0.921050906 -0.063216038
0.999387741 -0.027854344 0.021171624 0.007256496 0.017490814 0.921839952 0.387175977 0.088205650 -0.030301379 -0.386568606 0.921762705 -0.061195742
0.999389946 -0.029177368 0.019192835 0.029802958 0.019511431 0.922264397 0.386066914 0.087381482 -0.028965285 -0.385456920 0.922271132 -0.059137996
0.999292254 -0.032520238 0.018905811 0.051468670 0.022700222 0.922103643 0.386276633 0.086600378 -0.029994924 -0.385574073 0.922189236 -0.056074385
0.999208093 -0.034678247 0.019508101 0.072313219 0.024408929 0.921440065 0.387753069 0.086073250 -0.031422142 -0.386969864 0.921556830 -0.053565234
0.999089420 -0.036944885 0.021340955 0.091984257 0.025698038 0.920358360 0.390230805 0.086365804 -0.034058359 -0.389327019 0.920469701 -0.050886694
0.999028563 -0.037070930 0.023826851 0.111157320 0.024650235 0.918283165 0.395156145 0.085662775 -0.036528602 -0.394184947 0.918304920 -0.048121646
0.998814881 -0.039683875 0.028178532 0.126480848 0.025197130 0.916949868 0.398205966 0.086510628 -0.041640658 -0.397024006 0.916863143 -0.045440860
0.998464048 -0.044567101 0.032913815 0.139501065 0.027868368 0.917450905 0.396871746 0.091359854 -0.047884230 -0.395344913 0.917283773 -0.041853655
0.998226821 -0.048294596 0.034797765 0.150526270 0.030538352 0.917293191 0.397039890 0.094172165 -0.051094636 -0.395273209 0.917141438 -0.038078092
0.997989893 -0.049087144 0.040082794 0.161109045 0.029274968 0.918047845 0.395387322 0.096726336 -0.056206357 -0.393419117 0.917639494 -0.034441680
0.997290194 -0.052440479 0.051597219 0.170505434 0.028310606 0.920905054 0.388757527 0.099199630 -0.067902774 -0.386243343 0.919894159 -0.029371148
0.996089160 -0.057055570 0.067461610 0.178716883 0.027456649 0.925626040 0.377442181 0.101453252 -0.083979398 -0.374113798 0.923572600 -0.023395320
0.994885445 -0.059774302 0.081424423 0.185045823 0.026545769 0.932496190 0.360202938 0.103156894 -0.097458847 -0.356199175 0.929313660 -0.017459344
0.993876100 -0.059237406 0.093280405 0.189667374 0.024065668 0.939939260 0.340492398 0.104407035 -0.107847795 -0.336162418 0.935608745 -0.012322577
0.992741168 -0.057664424 0.105545156 0.193574160 0.020926395 0.946997046 0.320559949 0.104486331 -0.118435852 -0.316024393 0.941329658 -0.007380321
0.991301417 -0.057769276 0.118254907 0.196776405 0.019763401 0.953668535 0.300209552 0.103760727 -0.130118877 -0.295261055 0.946514666 -0.003258035
0.989959776 -0.058671810 0.128597245 0.199603781 0.020017365 0.958806515 0.283353865 0.102525309 -0.139924750 -0.277934730 0.950354338 0.000733670
0.988464355 -0.061728314 0.138303280 0.202615738 0.021866545 0.961770833 0.272981167 0.100842997 -0.149866730 -0.266807973 0.952026010 0.004727826
0.986944854 -0.069749072 0.145171911 0.206305981 0.027801428 0.961610258 0.273007065 0.098856524 -0.158640772 -0.265406936 0.950995445 0.008222912
0.985274255 -0.077654645 0.152329892 0.210942134 0.032276157 0.959368706 0.280303299 0.097062096 -0.167907387 -0.271259010 0.947747707 0.013482893
0.982986689 -0.087787941 0.161339447 0.216796562 0.038199574 0.956890583 0.287925780 0.094954923 -0.179660603 -0.276864111 0.943964183 0.020827705
0.980635762 -0.097340211 0.169936493 0.223471627 0.043510169 0.954331398 0.295564532 0.092753619 -0.190946057 -0.282447159 0.940086782 0.029632470
0.978288949 -0.106697299 0.177669540 0.230683059 0.048529722 0.951393008 0.304131925 0.090376519 -0.201483622 -0.288906634 0.935915232 0.039453529
0.976492643 -0.113747105 0.183094755 0.238035530 0.051558107 0.948026657 0.313985974 0.088362776 -0.209293708 -0.297165006 0.931605697 0.050460488
0.975493610 -0.117864922 0.185795724 0.244447753 0.052652311 0.944932461 0.323002070 0.085518479 -0.213635027 -0.305303901 0.927981496 0.061622381
0.975431323 -0.120134026 0.184665933 0.249484017 0.053397123 0.942163885 0.330871612 0.082177140 -0.213734493 -0.312881917 0.925431013 0.073365360
0.975697577 -0.125249773 0.179796278 0.252141476 0.058355071 0.939425647 0.337748617 0.077955499 -0.211208165 -0.319048494 0.923904300 0.086585455
0.977260232 -0.125334978 0.171036825 0.253087461 0.060239788 0.937479973 0.342786372 0.073321350 -0.203306720 -0.324688256 0.923712015 0.100247994
0.979328096 -0.122737803 0.160785377 0.251712918 0.061137177 0.937299669 0.343120396 0.067976415 -0.192817926 -0.326197505 0.925427735 0.114961430
0.982179642 -0.115912549 0.147944078 0.247839242 0.059998102 0.939355493 0.337655902 0.062249549 -0.178110644 -0.322762370 0.929570377 0.130010307
0.985164642 -0.106191151 0.134811163 0.241667449 0.056718670 0.942892134 0.328233719 0.056734186 -0.161967903 -0.315717936 0.934927046 0.145279557
0.988230646 -0.094242677 0.120492615 0.232283801 0.051581711 0.946847558 0.317520082 0.051968411 -0.144012079 -0.307567894 0.940564990 0.161133766
0.991049349 -0.080708593 0.106335983 0.221651107 0.044202965 0.950007796 0.309081405 0.047992539 -0.125965536 -0.301614553 0.945072174 0.176014751
0.993632078 -0.068039402 0.089810461 0.208387658 0.037735220 0.952007234 0.303740561 0.044416152 -0.106166542 -0.298417330 0.948512375 0.190005228
0.996102691 -0.055334534 0.068684369 0.192081705 0.032136735 0.952888429 0.301613808 0.041286737 -0.082138196 -0.298231006 0.950953007 0.201499701
0.998057425 -0.044392426 0.043710828 0.172687247 0.029173678 0.952959299 0.301691115 0.038714521 -0.055047438 -0.299829841 0.952403188 0.211327508
0.999301255 -0.034355722 0.014721230 0.150011659 0.028244389 0.952061236 0.304600924 0.037783287 -0.024480294 -0.303972274 0.952366292 0.218314752
0.999651194 -0.022927646 -0.013109822 0.124947488 0.025859836 0.950576425 0.309411913 0.038203254 0.005367801 -0.309643000 0.950837731 0.222532079
0.999118328 -0.011637250 -0.040337894 0.097625405 0.023766147 0.948817730 0.314928800 0.039382573 0.034608405 -0.315609783 0.948257744 0.223228499
0.997663200 0.000467593 -0.068321951 0.067154609 0.021491669 0.947068512 0.320311308 0.041157775 0.064855345 -0.321031153 0.944845378 0.220926926
0.995451391 0.013133734 -0.094360985 0.036537413 0.018370524 0.945403218 0.325384885 0.044163506 0.093482696 -0.325638324 0.940861702 0.214603215
0.992608070 0.027898371 -0.118113741 0.005562834 0.012601842 0.944267094 0.328938961 0.047817234 0.120707780 -0.327995896 0.936935604 0.204178527
0.988982916 0.036839079 -0.143372640 -0.025703369 0.012856173 0.943503976 0.331111699 0.052893605 0.147470519 -0.329307050 0.932635665 0.188749582
0.985302389 0.040681299 -0.165904209 -0.056289371 0.016958356 0.943133712 0.331980854 0.057197630 0.169975266 -0.329915017 0.928582013 0.171940252
0.981112838 0.041829869 -0.188859269 -0.085233897 0.023830891 0.942763329 0.332609922 0.062112313 0.191962615 -0.330828577 0.923960388 0.152267769
