1.000000000 0.000000000 0.000000000 -0.000000060 0.000000000 1.000000000 0.000000000 -0.000000477 0.000000000 0.000000000 1.000000000 -0.000000238
0.999999404 0.000987828 0.000470654 0.000260841 -0.000988013 0.999999464 0.000392977 0.000312359 -0.000470265 -0.000393442 0.999999821 0.000127308
0.999999166 0.001268850 0.000165979 0.000291755 -0.001268918 0.999999106 0.000414201 0.000380970 -0.000165453 -0.000414411 0.999999881 0.000261816
0.999999583 0.000924434 0.000100623 0.000247111 -0.000924494 0.999999404 0.000601688 0.000469891 -0.000100066 -0.000601781 0.999999821 0.000325611
0.999999940 0.000249658 -0.000251280 0.000130189 -0.000249586 0.999999940 0.000285971 0.000455939 0.000251351 -0.000285908 0.999999940 0.000401876
0.999999344 0.001120787 -0.000026209 0.000243058 -0.001120780 0.999999344 0.000255797 0.000480857 0.000026496 -0.000255767 0.999999940 0.000467899
0.999998271 0.001776607 0.000577815 0.000129171 -0.001776927 0.999998271 0.000553268 -0.000241182 -0.000576831 -0.000554294 0.999999702 -0.000484408
0.999994993 0.003130032 0.000492067 0.000201384 -0.003130187 0.999995053 0.000314260 -0.000325522 -0.000491081 -0.000315798 0.999999821 -0.000517842
0.999999940 0.000395891 -0.000050308 0.000154878 -0.000395880 0.999999881 0.000216689 0.000411529 0.000050394 -0.000216669 1.000000000 0.000367322
0.999999762 0.000532070 -0.000376759 -0.000115869 -0.000531814 0.999999642 0.000679375 -0.000029631 0.000377120 -0.000679174 0.999999702 -0.000365281
0.999999642 0.000777879 -0.000284305 -0.000194201 -0.000777730 0.999999583 0.000521692 -0.000353444 0.000284711 -0.000521471 0.999999821 -0.000724902
0.999999940 0.000206925 -0.000203175 -0.000190617 -0.000206848 0.999999881 0.000377894 -0.000276621 0.000203254 -0.000377852 0.999999881 -0.000566417
0.999999642 0.000859162 0.000032261 -0.000043912 -0.000859175 0.999999523 0.000399815 -0.000173933 -0.000031918 -0.000399842 0.999999940 -0.000408579
0.999999940 0.000355431 -0.000092048 0.000187146 -0.000355375 0.999999762 0.000608132 0.000363669 0.000092264 -0.000608100 0.999999821 0.000242029
0.999999702 0.000383674 -0.000663675 -0.000163924 -0.000383518 0.999999881 0.000234981 -0.000236420 0.000663765 -0.000234726 0.999999762 -0.000388437
0.999999285 0.000965491 -0.000712949 -0.000183382 -0.000965231 0.999999464 0.000364983 -0.000166005 0.000713301 -0.000364294 0.999999702 -0.000338386
0.999999464 0.001045123 0.000053969 -0.000052460 -0.001045145 0.999999344 0.000407419 -0.000159832 -0.000053543 -0.000407475 0.999999940 -0.000358275
1.000000000 -0.000166436 0.000097568 -0.000112904 0.000166413 0.999999940 0.000231736 -0.000163907 -0.000097607 -0.000231720 0.999999940 -0.000406216
0.999999881 -0.000310799 -0.000303108 -0.000225720 0.000310907 0.999999881 0.000354767 -0.000214305 0.000302997 -0.000354861 0.999999881 -0.000379793
0.999999821 -0.000007847 -0.000547068 -0.000337061 0.000008142 0.999999881 0.000538463 -0.000228165 0.000547064 -0.000538468 0.999999702 -0.000656905
0.999999762 0.000688869 -0.000138778 0.000168679 -0.000688813 0.999999702 0.000401268 0.000416907 0.000139054 -0.000401173 0.999999881 0.000369167
0.999999821 0.000494858 -0.000381621 -0.000087461 -0.000494700 0.999999821 0.000414373 -0.000061728 0.000381825 -0.000414184 0.999999821 -0.000337847
0.999999881 -0.000217088 -0.000482707 -0.000147479 0.000217281 0.999999881 0.000400595 -0.000141046 0.000482620 -0.000400700 0.999999821 -0.000270858
0.999999881 0.000421104 0.000103684 -0.000157736 -0.000421138 0.999999881 0.000325666 -0.000234432 -0.000103547 -0.000325710 0.999999940 -0.000407603
1.000000000 -0.000008145 -0.000000954 -0.000149069 0.000008146 1.000000000 0.000193900 -0.000272367 0.000000953 -0.000193900 1.000000000 -0.000471062
0.999999762 0.000496510 -0.000534469 0.000037465 -0.000496160 0.999999642 0.000655812 -0.000002949 0.000534794 -0.000655546 0.999999642 -0.000287749
0.999998450 0.001748321 0.000166644 0.000099060 -0.001748378 0.999998391 0.000337511 0.000051140 -0.000166054 -0.000337802 0.999999940 -0.000195060
0.999998629 0.001594008 0.000406957 0.000127366 -0.001594140 0.999998689 0.000325658 0.000032768 -0.000406437 -0.000326306 0.999999881 -0.000151697
0.999996662 0.002419080 0.000934012 0.000307286 -0.002419431 0.999997020 0.000375098 0.000053955 -0.000933102 -0.000377357 0.999999523 -0.000051090
0.999998450 0.001652640 0.000595264 0.000217268 -0.001652834 0.999998569 0.000324430 0.000026173 -0.000594727 -0.000325414 0.999999762 -0.000157733
0.999998093 0.001864146 0.000533453 0.000229802 -0.001864158 0.999998271 0.000022494 0.000030920 -0.000533410 -0.000023489 0.999999881 -0.000172262
0.999997377 0.002267739 0.000345031 0.000181977 -0.002267885 0.999997318 0.000422587 0.000086520 -0.000344072 -0.000423369 0.999999881 -0.000212769
0.999997914 0.001980342 0.000485821 0.000139342 -0.001980476 0.999997973 0.000276461 0.000020163 -0.000485272 -0.000277422 0.999999821 -0.000234677
0.999999940 0.000230270 -0.000167398 -0.000180761 -0.000230268 1.000000000 0.000014565 -0.000109277 0.000167401 -0.000014526 1.000000000 -0.000270634
0.999998987 0.001380228 0.000297707 -0.000007494 -0.001380294 0.999999046 0.000221689 -0.000104044 -0.000297401 -0.000222100 0.999999940 -0.000465368
0.999998271 0.001822457 0.000369936 0.000124560 -0.001822563 0.999998271 0.000286041 -0.000149838 -0.000369414 -0.000286714 0.999999881 -0.000426773
0.999998510 0.001720506 0.000196172 0.000075703 -0.001720588 0.999998450 0.000422103 -0.000152793 -0.000195445 -0.000422440 0.999999881 -0.000458668
0.999994576 0.003211611 0.000746882 0.000364056 -0.003211876 0.999994755 0.000353322 0.000236361 -0.000745743 -0.000355719 0.999999642 -0.000154374
0.999995768 0.002821096 0.000708493 0.000341183 -0.002821344 0.999995947 0.000349615 0.000258285 -0.000707504 -0.000351612 0.999999702 -0.000096892
0.999998987 0.001347319 0.000398213 0.000084263 -0.001347426 0.999999046 0.000268567 -0.000294508 -0.000397851 -0.000269104 0.999999881 -0.000245526
0.999999344 0.001149417 0.000203944 0.000035893 -0.001149479 0.999999285 0.000302447 -0.000008086 -0.000203596 -0.000302681 0.999999940 -0.000191932
0.999999344 0.001107579 0.000235198 0.000026671 -0.001107587 0.999999404 0.000037528 -0.000113521 -0.000235157 -0.000037789 1.000000000 -0.000106575
0.999999344 0.001123770 0.000175627 0.000032454 -0.001123773 0.999999344 0.000016115 -0.000165740 -0.000175609 -0.000016312 1.000000000 -0.000131849
0.999999881 -0.000039575 0.000485273 0.000102786 0.000039795 0.999999881 -0.000452886 -0.000225327 -0.000485255 0.000452905 0.999999762 -0.000206861
0.999998808 0.001129486 0.001041585 0.000429109 -0.001128794 0.999999166 -0.000664683 -0.000205216 -0.001042335 0.000663507 0.999999225 -0.000106441
0.999997556 -0.001997795 0.000967403 -0.000045300 0.001997843 0.999997973 -0.000048624 -0.000561797 -0.000967303 0.000050557 0.999999523 -0.000174983
0.999993205 -0.003563901 0.000972689 -0.000246727 0.003562189 0.999992132 0.001756517 -0.001096371 -0.000978942 -0.001753040 0.999997973 -0.000175456
0.999998629 -0.001001692 0.001300040 -0.000124462 0.001002678 0.999999225 -0.000758211 -0.000891940 -0.001299280 0.000759514 0.999998868 -0.000143804
0.999989986 -0.003903707 -0.002198494 -0.000471513 0.003896394 0.999986887 -0.003320664 -0.001511213 0.002211428 0.003312064 0.999992073 -0.001714576
0.999997079 -0.002114531 -0.001191412 -0.000046702 0.002110205 0.999991238 -0.003620247 -0.002431557 0.001199057 0.003617722 0.999992728 -0.003151000
0.999985516 0.004048285 0.003551097 0.000874996 -0.004035897 0.999985754 -0.003488727 -0.003443041 -0.003565170 0.003474344 0.999987602 -0.003595972
0.999934018 0.009139759 0.006958807 0.001381286 -0.009123119 0.999955475 -0.002419356 -0.004600313 -0.006980609 0.002355711 0.999972880 -0.004220361
0.999886990 0.011266261 0.009956307 0.001882618 -0.011266598 0.999936521 -0.000022235 -0.007738039 -0.009955925 -0.000089941 0.999950409 -0.005740293
0.999784350 0.011492305 0.017296448 0.002702810 -0.011548785 0.999928296 0.003169138 -0.012146392 -0.017258786 -0.003368207 0.999845386 -0.007589948
0.999688566 0.010340566 0.022711242 0.003210522 -0.010550385 0.999902606 0.009138284 -0.016915746 -0.022614533 -0.009375051 0.999700308 -0.009145729
0.999729156 0.007935105 0.021877065 0.002939800 -0.008328119 0.999804497 0.017932504 -0.019939397 -0.021730494 -0.018109843 0.999599814 -0.011357566
0.999650419 0.004760970 0.026007863 0.003995467 -0.005487859 0.999594271 0.027949335 -0.022540309 -0.025864245 -0.028082291 0.999270976 -0.011871289
0.999549687 0.001104890 0.029985871 0.005431293 -0.002220426 0.999305606 0.037194271 -0.024483450 -0.029923953 -0.037244108 0.998858094 -0.012435229
0.999382317 -0.000415403 0.035140604 0.007232394 -0.001111232 0.999056578 0.043412939 -0.027381195 -0.035125487 -0.043425173 0.998439014 -0.013560058
0.999175608 0.002137388 0.040540989 0.009459176 -0.004036318 0.998895407 0.046815913 -0.032438174 -0.040396143 -0.046940956 0.998080492 -0.016359709
0.998971045 0.002948096 0.045256220 0.011035253 -0.005110263 0.998846948 0.047735058 -0.040486444 -0.045063309 -0.047917210 0.997834265 -0.019741777
0.998747230 0.001075505 0.050028536 0.013042470 -0.003486255 0.998835206 0.048125241 -0.052613907 -0.049918506 -0.048239361 0.997587621 -0.025170857
0.998181760 -0.000075955 0.060276169 0.014249557 -0.002987463 0.998707891 0.050731298 -0.068080738 -0.060202140 -0.050819125 0.996891737 -0.029823529
0.997502923 -0.002818232 0.070569053 0.014880764 -0.001181823 0.998397529 0.056577049 -0.088481113 -0.070615411 -0.056519173 0.995901108 -0.035001416
0.996979773 -0.006875246 0.077356480 0.014519242 0.002060779 0.998064935 0.062145885 -0.113903567 -0.077634059 -0.061798777 0.995064735 -0.041712128
0.996328056 -0.006741564 0.085351832 0.013524156 0.001202647 0.997898817 0.064780891 -0.142698616 -0.085609220 -0.064440370 0.994242668 -0.049065977
0.995781124 -0.005294415 0.091607526 0.011827447 -0.000586770 0.997946262 0.064054079 -0.173855186 -0.091758519 -0.063837595 0.993732929 -0.057898533
0.994931340 0.001637171 0.100543097 0.010460907 -0.007949708 0.998018563 0.062415894 -0.205025360 -0.100241691 -0.062898822 0.992972970 -0.066307046
0.993700027 0.009379391 0.111679181 0.008295396 -0.016130103 0.998086154 0.059698191 -0.235283867 -0.110905513 -0.061123494 0.991949558 -0.074519306
0.992151678 0.018538274 0.123658329 0.006987923 -0.025438987 0.998191774 0.054461192 -0.268591791 -0.122425109 -0.057179507 0.990829229 -0.079355530
0.990411878 0.026763067 0.135528818 0.005062708 -0.032733910 0.998580396 0.042020429 -0.299196482 -0.134211823 -0.046053920 0.989881933 -0.086626261
0.989785492 0.030384060 0.139289409 0.002664503 -0.034367803 0.999063551 0.026284432 -0.327455431 -0.138360351 -0.030803019 0.989902794 -0.093755238
0.989507556 0.033126559 0.140632048 0.001789671 -0.034721006 0.999357402 0.008898579 -0.352447718 -0.140246913 -0.013688097 0.990021944 -0.098967068
0.989280343 0.034476973 0.141900644 0.000486840 -0.033569120 0.999397755 -0.008787397 -0.372564524 -0.142118141 0.003929720 0.989841878 -0.103780523
0.988845825 0.030751280 0.145733565 -0.000430667 -0.027822915 0.999368727 -0.022090277 -0.386159688 -0.146320879 0.017789146 0.989077210 -0.106612690
0.989013970 0.021426698 0.146261051 -0.001017561 -0.017238205 0.999405861 -0.029844869 -0.392465174 -0.146813646 0.026995715 0.988795757 -0.107339211
0.988842368 0.014613054 0.148247153 0.001508503 -0.010325165 0.999506950 -0.029652432 -0.391129732 -0.148607373 0.027790904 0.988505721 -0.103727594
0.988487840 0.012442458 0.150787771 0.003660269 -0.009021273 0.999686599 -0.023351623 -0.380036980 -0.151031077 0.021722497 0.988290310 -0.099284276
0.988032877 0.014597881 0.153550982 0.007237028 -0.012901136 0.999844253 -0.012040697 -0.360932201 -0.153702825 0.009915624 0.988067389 -0.092727847
0.987822354 0.017199608 0.154632300 0.011761605 -0.017878717 0.999835670 0.003002054 -0.334374696 -0.154555261 -0.005730123 0.987967551 -0.084490553
0.988409519 0.016622961 0.150898278 0.016466241 -0.020309046 0.999531031 0.022919349 -0.301858991 -0.150446534 -0.025718305 0.988283575 -0.074186437
0.989202678 0.015227679 0.145760834 0.021224400 -0.022448253 0.998594046 0.048021138 -0.267292768 -0.144824654 -0.050774716 0.988153696 -0.063171342
0.990014195 0.008453188 0.140714243 0.024294171 -0.019173093 0.996999085 0.075001739 -0.229773566 -0.139657959 -0.076950707 0.987205267 -0.054233942
0.990889370 0.001162875 0.134673402 0.026784807 -0.014964435 0.994721472 0.101514943 -0.193418592 -0.133844480 -0.102605395 0.985676289 -0.046059176
0.991223812 -0.008524375 0.131919235 0.028744437 -0.007812507 0.992397070 0.122829005 -0.159230620 -0.131963313 -0.122781649 0.983621061 -0.039322905
0.991824210 -0.018171422 0.126311049 0.029827897 0.000883302 0.990763545 0.135597825 -0.129172862 -0.127608404 -0.134377629 0.982679367 -0.033890471
0.992068648 -0.023585722 0.123464830 0.030931219 0.005804468 0.989786327 0.142440543 -0.103959672 -0.125563368 -0.140594140 0.982072890 -0.029575583
0.992235303 -0.027130723 0.121379554 0.032112367 0.009086777 0.989123344 0.146807358 -0.083501734 -0.124042347 -0.144564494 0.981689692 -0.026110938
0.992394149 -0.025474109 0.120436266 0.033264056 0.006853543 0.988270283 0.152561098 -0.068009675 -0.122909933 -0.150575340 0.980928242 -0.024249421
0.992421508 -0.022413015 0.120818883 0.033850610 0.002598774 0.986833274 0.161720037 -0.058314834 -0.122852728 -0.160180449 0.979412794 -0.024290362
0.992427468 -0.020616509 0.121089734 0.033598993 -0.001214639 0.984118402 0.177509114 -0.057656933 -0.122826256 -0.176311985 0.976641059 -0.027996613
0.992213488 -0.020346230 0.122875459 0.033939585 -0.003511276 0.981604815 0.190891609 -0.066934928 -0.124499075 -0.189836696 0.973890126 -0.031162603
0.991801441 -0.019738192 0.126255095 0.033855155 -0.005215069 0.980924189 0.194320753 -0.086649783 -0.127682209 -0.193386033 0.972779036 -0.035642728
0.991295755 -0.016297083 0.130641356 0.033506442 -0.008331098 0.982554853 0.185786217 -0.115061402 -0.131390080 -0.185257465 0.973866701 -0.040943336
0.990667999 -0.008825522 0.136011213 0.032748323 -0.014137767 0.985864580 0.166946560 -0.150371194 -0.135562032 -0.167311519 0.976539731 -0.047784418
0.989717841 0.001985309 0.143019602 0.032179639 -0.022631045 0.989481986 0.142874986 -0.190370247 -0.141231671 -0.144642621 0.979352891 -0.055114996
0.988987625 0.010533744 0.147622943 0.030870860 -0.028164906 0.992630899 0.117858544 -0.232507482 -0.145293593 -0.120718420 0.981996357 -0.063024558
0.987637162 0.019868912 0.155492827 0.029585205 -0.034995012 0.994847178 0.095154524 -0.275363714 -0.152800992 -0.099419624 0.983243406 -0.070939109
0.986205220 0.024561429 0.163694799 0.027512496 -0.036998466 0.996618509 0.073366441 -0.317353517 -0.161339283 -0.078410827 0.983779132 -0.078712583
0.985299647 0.026289022 0.168800190 0.025810894 -0.035418756 0.998054802 0.051304456 -0.357790500 -0.167123094 -0.056528952 0.984314144 -0.085678898
0.985276580 0.022901276 0.169427156 0.022314547 -0.028828220 0.999052465 0.032605130 -0.396375626 -0.168519914 -0.037009355 0.985003233 -0.095605224
0.985655725 0.016797096 0.167930394 0.019804448 -0.019890118 0.999661803 0.016753348 -0.425754547 -0.167592198 -0.019853188 0.985656500 -0.101839758
0.985811114 0.012826823 0.167367786 0.018822152 -0.014052266 0.999882400 0.006139569 -0.446322322 -0.167269349 -0.008404352 0.985875428 -0.106173187
0.985957682 0.007734660 0.166816115 0.018321116 -0.007900206 0.999968767 0.000328809 -0.458435833 -0.166808367 -0.001642074 0.985987961 -0.108135663
0.985702395 0.005025598 0.168420672 0.019482356 -0.005128072 0.999986827 0.000173499 -0.465637714 -0.168417573 -0.001034691 0.985715210 -0.107438751
0.985947073 0.003428712 0.167022631 0.020182958 -0.004285959 0.999979436 0.004772327 -0.457447112 -0.167002842 -0.005421114 0.985941529 -0.103927769
0.986256540 0.004295510 0.165165171 0.021099653 -0.006450181 0.999900937 0.012511411 -0.439404428 -0.165095076 -0.013404806 0.986186564 -0.097795352
0.986150861 0.007409262 0.165685266 0.022391381 -0.011288264 0.999683499 0.022482464 -0.413006246 -0.165466249 -0.024041401 0.985922396 -0.089175269
0.986012340 0.006274649 0.166554108 0.023965543 -0.012182433 0.999331415 0.034472737 -0.379689842 -0.166226432 -0.036019582 0.985429525 -0.078186266
0.985488117 0.010785544 0.169401392 0.025723921 -0.019622339 0.998527348 0.050577633 -0.341528416 -0.168606415 -0.053167708 0.984248459 -0.066612989
0.985495150 0.006879359 0.169564128 0.026964808 -0.019104734 0.997323632 0.070573166 -0.301428229 -0.168624818 -0.072788984 0.982989013 -0.055464618
0.985638738 0.004902585 0.168796435 0.028213497 -0.021286093 0.995212495 0.095388778 -0.259811252 -0.167520657 -0.097611897 0.981024325 -0.045514438
0.985544801 0.000179947 0.169414967 0.029381415 -0.021071196 0.992364764 0.121524304 -0.220124543 -0.168099582 -0.123337418 0.978023708 -0.037277505
0.986166298 -0.007323881 0.165597230 0.031930614 -0.017377447 0.988950431 0.147224724 -0.182395771 -0.164845705 -0.148065716 0.975142241 -0.027442141
0.986913085 -0.013996138 0.160644472 0.032698650 -0.013932084 0.985099852 0.171417981 -0.148534954 -0.160650045 -0.171412766 0.972012997 -0.023075413
0.987872660 -0.024609338 0.153303593 0.032952577 -0.005277104 0.981467307 0.191556945 -0.121668488 -0.155176550 -0.190042868 0.969434857 -0.020440027
0.988481164 -0.033801194 0.147521213 0.032826662 0.002690610 0.978511333 0.206175357 -0.102856062 -0.151320145 -0.203403533 0.967330992 -0.019524267
0.988738179 -0.037494503 0.144882798 0.032739241 0.005497051 0.976552367 0.215209812 -0.092270128 -0.149554819 -0.211989731 0.965760708 -0.019690683
0.988868713 -0.036352180 0.144281790 0.032786872 0.003652042 0.975333154 0.220707640 -0.091617934 -0.148746029 -0.217723951 0.964609206 -0.021623384
0.988904059 -0.031710129 0.145131871 0.032738537 -0.001639356 0.974563718 0.224104539 -0.101374164 -0.148546651 -0.221855804 0.963698030 -0.025118724
0.989000022 -0.032204986 0.144367024 0.031748198 -0.000818208 0.974803984 0.223061725 -0.123148039 -0.147913262 -0.220726177 0.964054763 -0.031187592
0.989054680 -0.030316677 0.144401163 0.030281598 -0.001763977 0.976164341 0.217025459 -0.154573888 -0.147538751 -0.214904785 0.965426445 -0.039007638
0.989260197 -0.026397586 0.143761590 0.028537983 -0.003262150 0.979323983 0.202271715 -0.193666592 -0.146128669 -0.200568333 0.968720138 -0.048716463
0.988838315 -0.020124882 0.147627190 0.027097531 -0.006964892 0.983508706 0.180726543 -0.238582537 -0.148829743 -0.179737523 0.972390950 -0.058916904
0.987961709 -0.016593030 0.153806195 0.026223088 -0.007751325 0.987672448 0.156342790 -0.285894573 -0.154504344 -0.155652896 0.975653946 -0.069292404
0.986063480 -0.011417163 0.165977359 0.026306324 -0.010665732 0.991252124 0.131550342 -0.333927512 -0.166027337 -0.131487250 0.977315724 -0.078956880
0.984229386 -0.010870364 0.176562563 0.026155680 -0.008122838 0.994280100 0.106494397 -0.379461348 -0.176710293 -0.106249109 0.978511453 -0.088361703
0.982481480 -0.011910371 0.185979366 0.025232939 -0.003345683 0.996667564 0.081502333 -0.420654923 -0.186330318 -0.080696762 0.979167521 -0.097655073
0.982065499 -0.019547079 0.187524050 0.024043918 0.008716658 0.998254836 0.058406562 -0.456567764 -0.188338459 -0.055724487 0.980521977 -0.104459204
0.982402086 -0.026141517 0.184939831 0.022124195 0.019330099 0.999070168 0.038538378 -0.481083125 -0.185775310 -0.034285281 0.981993914 -0.110240057
0.983047247 -0.025258832 0.181604132 0.021939795 0.021293800 0.999491096 0.023750369 -0.494630337 -0.182111636 -0.019480690 0.983084857 -0.113241084
0.983166575 -0.022870146 0.181274474 0.022913741 0.020673662 0.999688268 0.013997354 -0.497573376 -0.181538075 -0.010014122 0.983332932 -0.113147601
0.983163655 -0.019681621 0.181664139 0.024561523 0.018749353 0.999800742 0.006847911 -0.491272360 -0.181762725 -0.003326533 0.983336806 -0.110380866
0.983504474 -0.016530620 0.180126950 0.025965909 0.016228581 0.999863327 0.003150448 -0.474274427 -0.180154428 -0.000175275 0.983638346 -0.104805417
0.984133899 -0.016741922 0.176635742 0.027359521 0.016285772 0.999859273 0.004031938 -0.448982775 -0.176678389 -0.001091318 0.984268010 -0.096203521
0.984251320 -0.011935734 0.176371589 0.029257400 0.009844895 0.999870539 0.012725064 -0.416168958 -0.176500633 -0.010788300 0.984241426 -0.085598469
0.984477162 -0.006361957 0.175397366 0.030626113 0.001411318 0.999597490 0.028335577 -0.377898455 -0.175507039 -0.027648186 0.984089851 -0.074735753
0.983892798 0.000874349 0.178757250 0.033650428 -0.010132758 0.998653054 0.050886758 -0.335707873 -0.178471982 -0.051878422 0.982576430 -0.062441681
0.982872486 0.005122922 0.184215650 0.035521720 -0.020031726 0.996660531 0.079161681 -0.291350424 -0.183194920 -0.081495993 0.979692817 -0.051077135
0.982190967 0.002360828 0.187870532 0.036654770 -0.023082474 0.993862629 0.108186521 -0.247474775 -0.186462075 -0.110596336 0.976217389 -0.040653184
0.982723355 -0.004348050 0.185029492 0.036927622 -0.020999413 0.990648806 0.134810969 -0.205958128 -0.183885410 -0.136367396 0.973442376 -0.031945776
0.983835399 -0.011374352 0.178713575 0.036676299 -0.016901350 0.987627923 0.155901834 -0.168197021 -0.178275809 -0.156402245 0.971471071 -0.025670163
0.985100329 -0.016738433 0.171164274 0.036095858 -0.013222882 0.984934807 0.172419921 -0.134839877 -0.171471685 -0.172114208 0.970038235 -0.022116026
0.986411095 -0.019392017 0.163147539 0.035505544 -0.011738152 0.982154131 0.187711060 -0.108255215 -0.163876116 -0.187075317 0.968580127 -0.021073598
0.986906588 -0.019027580 0.160166591 0.036208343 -0.014179961 0.978936970 0.203669786 -0.090260617 -0.160668343 -0.203274220 0.965849519 -0.021426188
0.987193406 -0.018248200 0.158480823 0.036682762 -0.017459378 0.975109637 0.221034810 -0.082410075 -0.158569664 -0.220971093 0.962303221 -0.023087682
0.987356007 -0.019749820 0.157283440 0.037981141 -0.018312968 0.971353650 0.236932009 -0.086674929 -0.157457218 -0.236816555 0.958710134 -0.025585515
0.987680495 -0.024238000 0.154595658 0.038311265 -0.014237007 0.969915807 0.243023872 -0.103846759 -0.155835196 -0.242230922 0.957621813 -0.032233372
0.988590479 -0.024922621 0.148552030 0.038262535 -0.011373084 0.971051395 0.238599718 -0.132128462 -0.150198191 -0.237566918 0.959688723 -0.038661797
0.989132404 -0.011810163 0.146552265 0.039799999 -0.021609755 0.974265635 0.224364623 -0.169987038 -0.145430624 -0.225093290 0.963422537 -0.045374580
0.987854481 0.009531770 0.155089244 0.041510265 -0.040836755 0.978955388 0.199946821 -0.213841796 -0.149919614 -0.203851700 0.967454731 -0.054219611
0.986340940 0.022410166 0.163184837 0.041924123 -0.050223645 0.984442830 0.168374166 -0.262258351 -0.156872854 -0.174270079 0.972121835 -0.064020544
0.984901071 0.030024176 0.170494586 0.040649764 -0.053239457 0.989648461 0.133272409 -0.310622931 -0.164728314 -0.140337169 0.976304293 -0.073658973
0.983291388 0.031944729 0.179213926 0.039195366 -0.049841762 0.994106829 0.096267633 -0.356956542 -0.175082549 -0.103591464 0.979088843 -0.081885792
0.981216729 0.037344366 0.189259365 0.037686329 -0.049912058 0.996822536 0.062077995 -0.397946358 -0.186339721 -0.070358291 0.979962885 -0.090352617
0.979360342 0.038574789 0.198406771 0.036118466 -0.046297830 0.998334050 0.034432966 -0.432923585 -0.196748003 -0.042908084 0.979514718 -0.096504688
0.978160143 0.038118415 0.204327524 0.034553565 -0.041630901 0.999049544 0.012917994 -0.458410382 -0.203640908 -0.021142205 0.978817344 -0.102345772
0.977431715 0.039158288 0.207590774 0.033879038 -0.039551120 0.999215007 -0.002259397 -0.473431200 -0.207516298 -0.006002041 0.978213131 -0.105808452
0.977785468 0.037426241 0.206239954 0.034382917 -0.035965078 0.999294341 -0.010830607 -0.477900028 -0.206499770 0.003172574 0.978441536 -0.106282532
0.978269875 0.035334192 0.204302609 0.035263002 -0.033661589 0.999365270 -0.011657448 -0.472266585 -0.204584837 0.004526980 0.978838384 -0.103103109
0.979222059 0.028843028 0.200729236 0.036389358 -0.027959680 0.999582887 -0.007234928 -0.456366301 -0.200854197 0.001472276 0.979620039 -0.096874803
0.979554534 0.023084830 0.199850023 0.038843598 -0.024058457 0.999707580 0.002444291 -0.431878537 -0.199735165 -0.007202399 0.979823470 -0.086850435
0.979186118 0.017514542 0.202207401 0.041738026 -0.021354657 0.999630392 0.016824877 -0.400199801 -0.201837972 -0.020792754 0.979198217 -0.074503817
0.979125917 0.013465274 0.202807978 0.044998307 -0.020850796 0.999193251 0.034323819 -0.362306535 -0.202182189 -0.037836052 0.978616774 -0.061544120
0.979816556 0.011493595 0.199568167 0.048144355 -0.022210060 0.998423755 0.051542819 -0.321871042 -0.198661193 -0.054934926 0.978527427 -0.049904257
0.982115149 0.000588294 0.188280314 0.049481325 -0.013151927 0.997766793 0.065486006 -0.279671848 -0.187821329 -0.066791050 0.979929626 -0.036949426
0.984481812 -0.009900711 0.175207183 0.050074287 -0.003780709 0.996978819 0.077581525 -0.238035694 -0.175445959 -0.077040002 0.981470108 -0.024605190
0.986287177 -0.020002168 0.163821638 0.050194792 0.005653482 0.996140659 0.087589256 -0.198944405 -0.164941370 -0.085461996 0.982593834 -0.013382521
0.987529695 -0.026138917 0.155247658 0.049367838 0.011231918 0.995305181 0.096132502 -0.162544161 -0.157031596 -0.093189970 0.983187020 -0.003690033
0.988702774 -0.031845246 0.146467462 0.048237070 0.016534552 0.994378388 0.104586154 -0.130028844 -0.148974642 -0.100982845 0.983671188 0.003965231
0.989527285 -0.031895503 0.140777841 0.047149699 0.016254757 0.993700385 0.110884272 -0.102193139 -0.143427715 -0.107434697 0.983812094 0.011303289
0.990258276 -0.031034965 0.135740012 0.046068653 0.015641149 0.993467808 0.113035664 -0.080518857 -0.138361394 -0.109811381 0.984275162 0.017733475
0.990832448 -0.027806588 0.132203877 0.045137096 0.012551203 0.993303001 0.114854626 -0.064306736 -0.134512216 -0.112142377 0.984545887 0.023365181
0.991448820 -0.021849260 0.128653973 0.045252763 0.006806206 0.993199706 0.116223946 -0.052881286 -0.130318493 -0.114354447 0.984855413 0.028221399
0.992632508 -0.016816786 0.119991377 0.045264285 0.002860509 0.993297875 0.115547024 -0.045023501 -0.121130317 -0.114352487 0.986027896 0.031379819
0.993746579 -0.013769265 0.110806622 0.044791408 0.001259190 0.993686378 0.112186581 -0.039112601 -0.111651756 -0.111345500 0.987489760 0.034335557
0.994590640 -0.013547372 0.102985322 0.043999042 0.002455804 0.994248152 0.107072838 -0.035703391 -0.103843525 -0.106240727 0.988903165 0.035857614
0.994963586 -0.012129622 0.099500164 0.042933978 0.002067873 0.994923890 0.100608803 -0.032301962 -0.100215435 -0.099896349 0.989938200 0.037616637
0.995229900 -0.006986901 0.097306915 0.042551070 -0.002214885 0.995556772 0.094136961 -0.029177655 -0.097532280 -0.093903445 0.990792394 0.040045604
0.995547354 -0.003920868 0.094180956 0.041908193 -0.004511275 0.996007860 0.089151829 -0.024922125 -0.094154522 -0.089179739 0.991555274 0.042627394
0.995850146 -0.002161942 0.090982713 0.041763779 -0.005685239 0.996287405 0.085901596 -0.020724507 -0.090830646 -0.086062379 0.992140651 0.044456732
0.995875716 -0.000707404 0.090725482 0.042080626 -0.006995167 0.996394396 0.084553644 -0.017107597 -0.090458170 -0.084839553 0.992280006 0.045574632
0.995996892 -0.003868469 0.089304104 0.042810436 -0.003162612 0.996912539 0.078456387 -0.011976941 -0.089331880 -0.078424752 0.992909551 0.044111889
0.995846272 -0.004474530 0.090940237 0.042237092 -0.001449166 0.997886300 0.064968146 -0.013493082 -0.091038719 -0.064830072 0.993734896 0.041705180
0.995458543 -0.008336650 0.094830602 0.042870197 0.003186047 0.998517632 0.054335993 -0.012782473 -0.095143005 -0.053787094 0.994009435 0.041063398
0.994967401 -0.014461051 0.099149965 0.046261791 0.009919862 0.998885632 0.046142183 -0.013694449 -0.099706732 -0.044926412 0.994002104 0.044229358
0.994345069 -0.022512512 0.103783578 0.044670839 0.018679375 0.999112248 0.037759181 -0.012020785 -0.104541495 -0.035607044 0.993882895 0.039585162
0.993703127 -0.020891946 0.110079855 0.048178967 0.018232509 0.999518394 0.025110714 -0.013693805 -0.110551447 -0.022945564 0.993605494 0.041467864
0.992972672 -0.020578733 0.116540685 0.048562463 0.019217690 0.999733508 0.012790431 -0.013957391 -0.116772845 -0.010460907 0.993103564 0.040146198
0.992507160 -0.022601979 0.120077699 0.049166210 0.021930853 0.999735653 0.006907807 -0.014038295 -0.120202079 -0.004222642 0.992740452 0.039481331
0.991837919 -0.022435237 0.125515908 0.050505579 0.021369781 0.999723315 0.009828798 -0.013008769 -0.125701696 -0.007066327 0.992042899 0.039114226
0.991601586 -0.024664843 0.126956239 0.051204044 0.023637997 0.999674618 0.009588671 -0.012826066 -0.127151445 -0.006507150 0.991861999 0.038194358
0.991535068 -0.029174861 0.126519039 0.051650666 0.028300770 0.999561608 0.008701172 -0.012500675 -0.126717433 -0.005046931 0.991926014 0.037719168
0.991548300 -0.032519940 0.125596136 0.051674988 0.031698581 0.999461055 0.008533230 -0.012480834 -0.125805944 -0.004479892 0.992044747 0.038180079
0.991578341 -0.030681299 0.125821277 0.051714163 0.029809175 0.999516785 0.008808857 -0.012476195 -0.126030758 -0.004984044 0.992013812 0.037953861
0.991550624 -0.033021864 0.125447035 0.051150281 0.032219853 0.999445379 0.008417345 -0.012628119 -0.125655413 -0.004304338 0.992064595 0.037842751
0.991545379 -0.033008467 0.125491738 0.051392581 0.032205228 0.999445796 0.008424665 -0.012596903 -0.125700265 -0.004311948 0.992058873 0.038310200
0.991569996 -0.035411857 0.124639295 0.050686955 0.034645766 0.999365091 0.008309384 -0.012597764 -0.124854408 -0.003921112 0.992167354 0.038230933
0.991582036 -0.035183124 0.124608442 0.050653547 0.034408920 0.999372840 0.008360524 -0.012565241 -0.124824449 -0.004002503 0.992170751 0.037928406
0.991600215 -0.035369121 0.124410957 0.050610285 0.034589715 0.999366105 0.008419923 -0.012464449 -0.124629900 -0.004045857 0.992195070 0.037860457
0.991606891 -0.035182036 0.124410771 0.050557293 0.034395069 0.999372423 0.008468458 -0.012476265 -0.124630637 -0.004118265 0.992194653 0.037580926
0.991613388 -0.035368297 0.124306127 0.050619137 0.034570474 0.999365509 0.008570083 -0.012433206 -0.124530360 -0.004200888 0.992206931 0.038044158
0.991608202 -0.035456799 0.124322243 0.050518464 0.034654990 0.999362290 0.008606786 -0.012503555 -0.124548130 -0.004226173 0.992204547 0.037701961
0.991599500 -0.035565306 0.124360643 0.050449520 0.034776468 0.999358892 0.008508924 -0.012645468 -0.124583535 -0.004112622 0.992200613 0.037358914
0.991592705 -0.035465434 0.124443248 0.050462034 0.034669548 0.999362230 0.008556070 -0.012743488 -0.124667317 -0.004169745 0.992189825 0.037374940
0.991600394 -0.035469323 0.124380879 0.050831124 0.034666754 0.999361813 0.008611646 -0.012546556 -0.124606945 -0.004227431 0.992197156 0.038007237
0.991608202 -0.035585076 0.124285288 0.050759383 0.034802772 0.999358416 0.008460628 -0.012495280 -0.124506615 -0.004064157 0.992210448 0.038251586
0.991606534 -0.035692424 0.124267884 0.050603829 0.034909405 0.999354541 0.008473571 -0.012529451 -0.124490120 -0.004064331 0.992212534 0.037833564
0.991601586 -0.035495475 0.124363959 0.050535049 0.034700729 0.999361157 0.008551505 -0.012564646 -0.124588057 -0.004164166 0.992199838 0.036965117
0.991606951 -0.035726562 0.124254949 0.050887201 0.034915261 0.999352396 0.008701542 -0.012473931 -0.124485351 -0.004290116 0.992212176 0.038016923
0.991608262 -0.035495643 0.124310717 0.050948258 0.034696694 0.999360979 0.008586825 -0.012480706 -0.124536082 -0.004201596 0.992206156 0.038610555
0.991608083 -0.035537284 0.124300323 0.050829127 0.034733709 0.999359369 0.008626637 -0.012544763 -0.124527253 -0.004236833 0.992207170 0.038229834
0.991609156 -0.035559583 0.124285042 0.050411332 0.034767654 0.999358952 0.008535750 -0.012479857 -0.124508902 -0.004143029 0.992209852 0.037923824
0.991603613 -0.035505101 0.124344930 0.050347805 0.034711398 0.999360859 0.008544461 -0.012473091 -0.124568820 -0.004156533 0.992202282 0.037498962
0.991613686 -0.035536956 0.124255389 0.050600797 0.034717996 0.999358833 0.008750789 -0.012582840 -0.124486700 -0.004363505 0.992211699 0.037640590
0.991608858 -0.035340484 0.124350220 0.050722837 0.034539547 0.999366403 0.008591671 -0.012541894 -0.124575064 -0.004224578 0.992201209 0.037881602
0.991608500 -0.035304215 0.124363214 0.050685529 0.034494083 0.999367356 0.008662177 -0.012628715 -0.124590352 -0.004299694 0.992198944 0.037483897
0.991613925 -0.035368230 0.124301694 0.050759107 0.034558903 0.999365151 0.008661849 -0.012653741 -0.124529131 -0.004293481 0.992206633 0.038049158
0.991598845 -0.035267957 0.124450400 0.050757840 0.034474060 0.999369204 0.008527668 -0.012447870 -0.124672651 -0.004165716 0.992189169 0.038086236
0.991600931 -0.035412576 0.124392807 0.050676502 0.034612570 0.999363899 0.008587255 -0.012532049 -0.124617785 -0.004209575 0.992195904 0.037673838
0.991586387 -0.035458498 0.124495596 0.050785899 0.034652077 0.999362111 0.008637686 -0.012667288 -0.124722466 -0.004250982 0.992182553 0.038074575
0.991589725 -0.035459008 0.124468863 0.050771695 0.034637224 0.999361575 0.008760870 -0.012706334 -0.124700055 -0.004375932 0.992184818 0.037715748
0.991602898 -0.035419594 0.124375015 0.050985400 0.034612056 0.999363422 0.008648267 -0.012590474 -0.124602154 -0.004270772 0.992197573 0.038794491
0.991603673 -0.035308696 0.124400415 0.050940301 0.034492023 0.999366999 0.008713235 -0.012672868 -0.124629326 -0.004349255 0.992193818 0.038387228
0.991600752 -0.035489336 0.124372058 0.050561957 0.034662619 0.999360263 0.008805467 -0.012583522 -0.124604993 -0.004420446 0.992196560 0.037908226
0.991585493 -0.035404149 0.124518305 0.050380822 0.034604352 0.999364257 0.008580837 -0.012629025 -0.124742940 -0.004199759 0.992180228 0.037602320
0.991590321 -0.035558835 0.124435559 0.050610136 0.034748882 0.999358416 0.008674096 -0.012645168 -0.124664173 -0.004277154 0.992189765 0.038273901
0.991603613 -0.035461966 0.124357231 0.051407646 0.034641121 0.999361455 0.008757534 -0.012696592 -0.124588378 -0.004376128 0.992198884 0.039790753
0.991609633 -0.035579085 0.124275632 0.051340368 0.034745693 0.999356866 0.008867684 -0.012768723 -0.124511205 -0.004475238 0.992208123 0.039399721
0.991606414 -0.035213608 0.124405436 0.051069509 0.034392517 0.999370158 0.008742275 -0.012403662 -0.124634929 -0.004390280 0.992192984 0.038543500
0.991605163 -0.035313036 0.124387138 0.050835624 0.034494895 0.999366760 0.008725628 -0.012500438 -0.124616496 -0.004361657 0.992195368 0.038187917
0.991608322 -0.035318371 0.124360695 0.050807975 0.034479607 0.999365866 0.008891171 -0.012797876 -0.124595851 -0.004528651 0.992197216 0.037687998
0.991598785 -0.035413213 0.124409832 0.050959334 0.034577712 0.999362648 0.008869310 -0.012723751 -0.124644630 -0.004492990 0.992191255 0.038050015
0.991596401 -0.035214499 0.124484822 0.050800726 0.034382559 0.999369800 0.008825806 -0.012746153 -0.124717161 -0.004471530 0.992182255 0.037652258
0.991601586 -0.035406180 0.124389097 0.050938752 0.034590170 0.999363601 0.008714448 -0.012546043 -0.124618486 -0.004338620 0.992195249 0.038079273
0.991595685 -0.035422884 0.124431469 0.051089898 0.034620665 0.999363482 0.008604230 -0.012588207 -0.124657057 -0.004224017 0.992190897 0.038138501
0.991604030 -0.035292905 0.124401800 0.051361740 0.034487758 0.999367952 0.008620423 -0.012634922 -0.124627404 -0.004257709 0.992194474 0.038624257
0.991596818 -0.035308491 0.124455273 0.051282149 0.034497600 0.999367237 0.008665295 -0.012622396 -0.124682471 -0.004299071 0.992187381 0.038722321
0.991595984 -0.035399877 0.124435857 0.051106866 0.034580626 0.999363720 0.008738200 -0.012704335 -0.124666005 -0.004361696 0.992189169 0.038417682
0.991583824 -0.035228677 0.124580950 0.051069323 0.034437269 0.999370694 0.008501040 -0.012590816 -0.124802038 -0.004139266 0.992173016 0.038593203
0.991592944 -0.035380591 0.124465466 0.051085230 0.034565214 0.999364555 0.008705121 -0.012683185 -0.124694362 -0.004329761 0.992185771 0.038615920
0.991579354 -0.036726765 0.124183573 0.050874166 0.035883032 0.999315262 0.009024911 -0.009933447 -0.124429993 -0.004492833 0.992218196 0.036446594
0.991571963 -0.036745835 0.124236733 0.050646577 0.035902660 0.999314606 0.009019681 -0.009956090 -0.124483019 -0.004483234 0.992211640 0.036159422
0.991574287 -0.036733661 0.124221787 0.050544493 0.035897251 0.999315262 0.008965526 -0.010017245 -0.124466062 -0.004430763 0.992213964 0.036101043
0.991576612 -0.036783740 0.124188624 0.050464462 0.035943985 0.999313295 0.008996533 -0.010017109 -0.124434270 -0.004456918 0.992217839 0.035936307
0.991575181 -0.036824666 0.124187924 0.050531629 0.035985209 0.999311805 0.008996727 -0.010010225 -0.124433763 -0.004452002 0.992217958 0.035969682
0.991575718 -0.036845326 0.124177508 0.050656337 0.036017314 0.999311447 0.008907125 -0.009947754 -0.124420188 -0.004359549 0.992220044 0.035923507
0.991580844 -0.036852539 0.124134049 0.050607558 0.036018431 0.999310970 0.008957732 -0.009925030 -0.124378636 -0.004411201 0.992225051 0.035571523
0.991583705 -0.036821697 0.124120392 0.050514046 0.035979975 0.999311805 0.009017066 -0.009942889 -0.124367006 -0.004475328 0.992226183 0.035573095
0.991579413 -0.036828514 0.124152608 0.050509520 0.035986286 0.999311566 0.009020320 -0.009941033 -0.124399342 -0.004476573 0.992222130 0.035619039
0.991580248 -0.036851659 0.124139152 0.050501257 0.036011696 0.999310791 0.009004178 -0.009987126 -0.124385409 -0.004457905 0.992223978 0.035618786
0.991585076 -0.036839265 0.124104515 0.050734378 0.036003236 0.999311388 0.008973301 -0.009930426 -0.124349624 -0.004429628 0.992228568 0.035966452
0.991588593 -0.036805380 0.124086536 0.050748829 0.035966378 0.999312520 0.008995584 -0.009875478 -0.124332316 -0.004456975 0.992230654 0.035999577
0.991583586 -0.036824748 0.124120407 0.050466124 0.035987407 0.999311864 0.008982313 -0.009914238 -0.124365769 -0.004439943 0.992226481 0.035364855
0.991578043 -0.036845595 0.124158576 0.050519671 0.036016271 0.999311388 0.008918284 -0.009955820 -0.124401689 -0.004371446 0.992222309 0.035294347
0.991581917 -0.036892246 0.124113925 0.050561260 0.036061060 0.999309599 0.008937588 -0.009919182 -0.124357961 -0.004386671 0.992227733 0.035651758
0.991587102 -0.036909297 0.124067493 0.050625827 0.036063030 0.999308467 0.009060680 -0.009889354 -0.124316119 -0.004510203 0.992232442 0.035650447
0.991583407 -0.036856025 0.124112822 0.050723240 0.036040977 0.999311507 0.008806612 -0.009903793 -0.124351941 -0.004259343 0.992229044 0.035908792
0.991592228 -0.036970943 0.124007978 0.050656799 0.036138117 0.999306619 0.008959372 -0.009946245 -0.124253236 -0.004402629 0.992240787 0.035721619
0.991592526 -0.036946617 0.124013066 0.050778471 0.036111794 0.999307454 0.008973619 -0.009887569 -0.124258727 -0.004419839 0.992240012 0.035971545
0.991596162 -0.036862012 0.124009021 0.050940391 0.036040630 0.999311030 0.008861160 -0.009865725 -0.124250226 -0.004317329 0.992241502 0.036516011
0.991593361 -0.036852006 0.124034360 0.050909791 0.036033865 0.999311507 0.008833807 -0.009814640 -0.124274507 -0.004290107 0.992238581 0.036690440
0.991584957 -0.036928829 0.124078758 0.051028289 0.036106098 0.999308586 0.008873661 -0.009860761 -0.124320664 -0.004318989 0.992232680 0.036862031
0.991586983 -0.036988482 0.124044597 0.051033087 0.036174774 0.999306679 0.008806540 -0.009983998 -0.124284327 -0.004245165 0.992237568 0.036381427
0.991638720 -0.036850125 0.123671792 0.050930988 0.036040388 0.999311745 0.008779019 -0.009967819 -0.123910181 -0.004248436 0.992284358 0.036437377
0.991649091 -0.036772043 0.123612002 0.050925519 0.035954051 0.999314308 0.008842387 -0.009964280 -0.123852402 -0.004324193 0.992291212 0.036529660
0.991631508 -0.036923736 0.123707846 0.050801907 0.036111556 0.999309003 0.008801919 -0.009983052 -0.123947367 -0.004260979 0.992279649 0.036248162
0.991617858 -0.036926270 0.123816215 0.050899319 0.036109298 0.999308765 0.008836614 -0.010049121 -0.124056928 -0.004291628 0.992265821 0.036209077
