1.000000000 0.000000000 0.000000000 0.000000000 0.000000000 1.000000000 0.000000000 -0.000000011 0.000000000 0.000000000 1.000000000 -0.000000060
0.999984443 0.003441743 0.004386041 -0.000075021 -0.003460189 0.999985158 0.004204938 0.019243294 -0.004371504 -0.004220049 0.999981523 0.007117760
0.999969780 0.004473844 0.006356271 -0.000657292 -0.004563424 0.999889493 0.014149371 0.041905828 -0.006292267 -0.014177949 0.999879718 0.013445274
0.999972463 0.003981302 0.006263726 -0.000958550 -0.004149071 0.999626756 0.027003188 0.065544933 -0.006153880 -0.027028434 0.999615729 0.021175196
0.999981940 0.000329711 0.006002334 -0.002169968 -0.000550357 0.999322653 0.036795534 0.090749726 -0.005986136 -0.036798172 0.999304771 0.027419323
0.999978960 -0.001522907 0.006308057 -0.002849960 0.001243185 0.999025822 0.044112589 0.116698951 -0.006369092 -0.044103820 0.999006629 0.034889635
0.999967694 -0.005691185 0.005674686 -0.003692110 0.005406012 0.998781085 0.049061868 0.141442671 -0.005946990 -0.049029607 0.998779595 0.042643175
0.999957740 -0.008006993 0.004516925 -0.004064973 0.007759262 0.998594642 0.052426387 0.166567683 -0.004930355 -0.052389126 0.998614550 0.048499774
0.999956250 -0.008588579 0.003698133 -0.004728960 0.008364842 0.998352170 0.056771770 0.189713225 -0.004179628 -0.056738354 0.998380363 0.054384403
0.999963045 -0.008055172 0.003007842 -0.005092020 0.007851974 0.998022974 0.062358059 0.211232424 -0.003504201 -0.062332138 0.998049319 0.058941741
0.999989331 -0.002262548 0.004025306 -0.005966331 0.001973339 0.997512996 0.070454955 0.229573116 -0.004174703 -0.070446268 0.997506857 0.062079299
0.999998450 -0.001090554 0.001396133 -0.003795068 0.000973280 0.996680439 0.081407078 0.250262469 -0.001480277 -0.081405587 0.996679962 0.066590771
0.999992132 0.003207140 0.002338191 -0.007977702 -0.003418122 0.995312452 0.096650958 0.265846372 -0.002017258 -0.096658185 0.995315611 0.069053940
0.999996483 0.002604390 0.000495321 -0.008404104 -0.002643801 0.993522167 0.113607593 0.278121799 -0.000196234 -0.113608502 0.993525565 0.070643961
0.999999404 0.001007190 -0.000410288 -0.010047550 -0.000945061 0.991454303 0.130451187 0.284471095 0.000538171 -0.130450711 0.991454661 0.070582367
0.999995470 -0.000818292 -0.002901078 -0.010876557 0.001227580 0.989574015 0.144019991 0.282850295 0.002752980 -0.144022912 0.989570498 0.068984076
0.999984503 -0.000798229 -0.005510325 -0.010881593 0.001607732 0.988909781 0.148508698 0.273388982 0.005330670 -0.148515254 0.988895774 0.066194184
0.999981284 -0.000260379 -0.006116324 -0.011228901 0.001151612 0.989259183 0.146167576 0.255223453 0.006012571 -0.146171868 0.989240944 0.061322186
0.999990046 0.003291977 -0.003012923 -0.012393669 -0.002841051 0.990280747 0.139053896 0.229240939 0.003441401 -0.139043942 0.990280211 0.054367218
0.999935567 0.010993279 0.002838602 -0.013360448 -0.011267000 0.991638362 0.128554970 0.198742300 -0.001401626 -0.128578663 0.991698325 0.046939299
0.999817014 0.016416656 0.009822926 -0.013625137 -0.017442973 0.993140161 0.115621530 0.163018018 -0.007857423 -0.115771703 0.993244767 0.039824206
0.999547243 0.022430824 0.020054903 -0.014636665 -0.024347926 0.994577467 0.101107940 0.125843525 -0.017678220 -0.101550460 0.994673312 0.031514179
0.999083638 0.029947655 0.030578654 -0.010931927 -0.032443646 0.995879114 0.084688880 0.086308554 -0.027916409 -0.085603349 0.995938122 0.026481865
0.998763561 0.034576871 0.035718299 -0.013980366 -0.037020452 0.996846914 0.070183404 0.045453276 -0.033178955 -0.071418934 0.996894419 0.016795428
0.998667836 0.037097149 0.035866216 -0.017121499 -0.039057747 0.997688651 0.055604067 0.011676596 -0.033720568 -0.056930844 0.997808516 0.009458646
0.998799264 0.035692643 0.033557281 -0.018006761 -0.037098665 0.998417854 0.042254556 -0.021204725 -0.031996012 -0.043448750 0.998543143 0.002473227
0.998825312 0.034030344 0.034495123 -0.019298321 -0.035036903 0.998964965 0.029007794 -0.053187426 -0.033472270 -0.030182322 0.998983800 -0.003719834
0.998974383 0.028638488 0.035070796 -0.018242639 -0.029115053 0.999489486 0.013154066 -0.080569327 -0.034676183 -0.014161664 0.999298275 -0.009233294
0.999032199 0.025152827 0.036084004 -0.018978827 -0.025061997 0.999681473 -0.002967356 -0.106122322 -0.036147147 0.002060147 0.999344349 -0.016682165
0.999149680 0.020562295 0.035736702 -0.017498255 -0.019818321 0.999581993 -0.021049306 -0.126437128 -0.036154583 0.020323165 0.999139547 -0.021436198
0.999136031 0.021696072 0.035446264 -0.018412786 -0.020431180 0.999154925 -0.035665508 -0.142909989 -0.036190107 0.034910489 0.998734951 -0.031102804
0.999083161 0.022502571 0.036420435 -0.017952137 -0.020792525 0.998693943 -0.046669416 -0.149778113 -0.037423052 0.045869358 0.998246193 -0.033435889
0.998836696 0.027163651 0.039842613 -0.013437155 -0.025199097 0.998480499 -0.049007647 -0.150076196 -0.041113295 0.047946639 0.998003423 -0.031858940
0.998523474 0.033350099 0.042879418 -0.014767932 -0.031417366 0.998493552 -0.044983808 -0.139658064 -0.044315040 0.043570232 0.998067021 -0.030797437
0.998245835 0.038258716 0.045183074 -0.013171032 -0.036753811 0.998756588 -0.033680901 -0.124780506 -0.046415482 0.031961173 0.998410761 -0.029535566
0.998233795 0.036031827 0.047233250 -0.013190879 -0.035068385 0.999162793 -0.021070251 -0.103726372 -0.047952902 0.019376645 0.998661637 -0.023558032
0.998434305 0.032783728 0.045322567 -0.010587234 -0.032466102 0.999442995 -0.007726667 -0.078288861 -0.045550629 0.006243122 0.998942494 -0.015300665
0.998655558 0.027347989 0.044036452 -0.008600298 -0.027480286 0.999619484 0.002401555 -0.048717584 -0.043954019 -0.003608460 0.999027014 -0.006724751
0.998630524 0.030289125 0.042656802 -0.005569148 -0.030710891 0.999485373 0.009266886 -0.016833412 -0.042354159 -0.010564224 0.999046803 0.003142777
0.998850644 0.027044497 0.039572649 -0.002209431 -0.027561266 0.999541044 0.012571892 0.014995821 -0.039214484 -0.013648115 0.999137580 0.014336741
0.999085069 0.026507869 0.033562128 -0.000284200 -0.027041510 0.999513388 0.015547260 0.048042707 -0.033133674 -0.016440606 0.999315679 0.022847850
0.999144971 0.026177920 0.032001056 -0.001331015 -0.026858341 0.999418199 0.021020729 0.079018928 -0.031432159 -0.021862250 0.999266744 0.022763511
0.999364614 0.021333136 0.028552148 -0.001320672 -0.022207275 0.999283254 0.030656936 0.111929901 -0.027877674 -0.031271521 0.999122083 0.030120574
0.999247909 0.019884467 0.033290192 -0.000679609 -0.021333206 0.998814940 0.043744370 0.144846305 -0.032380909 -0.044421658 0.998487949 0.038655769
0.999207199 0.015727067 0.036572900 -0.000025253 -0.017899876 0.998046100 0.059862550 0.173941404 -0.035559978 -0.060469743 0.997536421 0.046143740
0.999050677 0.015878987 0.040565845 -0.001301416 -0.018959299 0.996872842 0.076714009 0.202213421 -0.039220851 -0.077410281 0.996227562 0.052346990
0.999079943 0.016259240 0.039684881 -0.002392448 -0.019937167 0.995361507 0.094116539 0.223311558 -0.037970539 -0.094821155 0.994769931 0.055310719
0.999220133 0.015749563 0.036209196 -0.002711310 -0.019603696 0.993883610 0.108678930 0.238724813 -0.034276083 -0.109304003 0.993417203 0.060327463
0.999285877 0.018205035 0.033110693 -0.003771889 -0.022043113 0.992587447 0.119516775 0.247985333 -0.030689450 -0.120161295 0.992279887 0.062604323
0.999347031 0.018990299 0.030738836 -0.004999607 -0.022752276 0.991632640 0.127071187 0.247419953 -0.028068515 -0.127687588 0.991417170 0.062001534
0.999391198 0.020488011 0.028239761 -0.006555271 -0.023979256 0.991299331 0.129424095 0.237374023 -0.025342416 -0.130022466 0.991187155 0.059298653
0.999419212 0.020650992 0.027106036 -0.009186704 -0.023864364 0.991976500 0.124149740 0.219755888 -0.024324734 -0.124724507 0.991893172 0.054440193
0.999431849 0.021038648 0.026330870 -0.011616847 -0.023859505 0.993437529 0.111859813 0.195752129 -0.023804694 -0.112424508 0.993375063 0.046250075
0.999397278 0.021909704 0.026927717 -0.014154598 -0.024419984 0.995010436 0.096736044 0.167448804 -0.024673901 -0.097335309 0.994945765 0.038290557
0.999488533 0.017062241 0.027047677 -0.013273193 -0.019192113 0.996565938 0.080548458 0.146839797 -0.025580456 -0.081026368 0.996383667 0.037149992
0.999362290 0.018291943 0.030666227 -0.013937816 -0.020431522 0.997268856 0.070974126 0.112502843 -0.029284218 -0.071555421 0.997006655 0.030490752
0.999036074 0.023609398 0.037007358 -0.015422013 -0.026014624 0.997485757 0.065919541 0.075737678 -0.035357993 -0.066818736 0.997138441 0.021362960
0.998812079 0.024002025 0.042406794 -0.016209237 -0.026605031 0.997726262 0.061923508 0.039237007 -0.040824082 -0.062978178 0.997179568 0.010020767
0.998710215 0.023389218 0.045064535 -0.016622039 -0.025943456 0.998039663 0.056954488 0.007473500 -0.043644074 -0.058050163 0.997359216 0.001384178
0.998592556 0.019592147 0.049285408 -0.015765920 -0.022074170 0.998488665 0.050330646 -0.025287619 -0.048224833 -0.051347740 0.997515798 -0.007222100
0.998336673 0.015839664 0.055434804 -0.011793697 -0.018080359 0.999029875 0.040155064 -0.055153299 -0.054744985 -0.041090552 0.997654498 -0.009579200
0.997846484 0.011660087 0.064547896 -0.009943987 -0.013411283 0.999551833 0.026763692 -0.087288693 -0.064206898 -0.027571727 0.997555673 -0.016476009
0.997485816 0.007203686 0.070499592 -0.006773669 -0.007936420 0.999917328 0.010118867 -0.115033716 -0.070420869 -0.010652940 0.997460485 -0.022369515
0.997200072 0.007402524 0.074412584 -0.006392000 -0.006926768 0.999953926 -0.006649542 -0.141992345 -0.074458376 0.006115485 0.997205377 -0.030510385
0.996957064 0.007601878 0.077580720 -0.003840355 -0.005797308 0.999707997 -0.023459315 -0.160725430 -0.077736408 0.022938173 0.996710062 -0.034109827
0.996934116 0.009598375 0.077654988 -0.003373838 -0.006976494 0.999398708 -0.033964325 -0.173319235 -0.077934295 0.033318434 0.996401608 -0.040112950
0.996796429 0.011461853 0.079154752 -0.001608624 -0.008440359 0.999226749 -0.038401607 -0.179580867 -0.079533704 0.037610490 0.996122420 -0.042094711
0.996404707 0.016953975 0.083007552 -0.000744320 -0.013714306 0.999127626 -0.039444454 -0.174754933 -0.083603881 0.038164251 0.995768011 -0.038391743
0.996252000 0.020985022 0.083914369 0.000150604 -0.017917022 0.999149144 -0.037148565 -0.164526939 -0.084622532 0.035505839 0.995780289 -0.035923749
0.996359169 0.022615599 0.082200706 0.001162630 -0.019955361 0.999254763 -0.033041555 -0.148687810 -0.082886696 0.031280909 0.996067941 -0.031866170
0.996495068 0.021599485 0.080815166 0.000201829 -0.019345811 0.999404669 -0.028566696 -0.129103586 -0.081384078 0.026903138 0.996319652 -0.027724491
0.996639132 0.021797800 0.078963988 0.002516878 -0.020022044 0.999530077 -0.023210634 -0.103990443 -0.079432823 0.021551605 0.996607244 -0.019804977
0.997040629 0.019493904 0.074363604 0.005467098 -0.018093772 0.999646962 -0.019455710 -0.073457927 -0.074716628 0.018052617 0.997041404 -0.007778497
0.997279108 0.022725549 0.070127934 0.005327980 -0.021884236 0.999679327 -0.012742002 -0.042714093 -0.070395008 0.011172636 0.997456610 -0.000367298
0.997486651 0.023458809 0.066858225 0.007397308 -0.023099866 0.999714315 -0.006136867 -0.010230588 -0.066983081 0.004577027 0.997743607 0.009232906
0.997436464 0.026779231 0.066358224 0.009324414 -0.026995037 0.999632776 0.002357442 0.024379374 -0.066270724 -0.004142741 0.997793078 0.019060086
0.996949911 0.031606432 0.071357578 0.011843128 -0.032616135 0.999383032 0.013028998 0.061731055 -0.070901752 -0.015316667 0.997365713 0.028500512
0.997497141 0.027191810 0.065269172 0.013000975 -0.029268112 0.999088645 0.031068739 0.091155373 -0.064364880 -0.032901283 0.997383893 0.033004828
0.997878909 0.018683570 0.062359150 0.012405508 -0.021928025 0.998418987 0.051756360 0.126636624 -0.061293568 -0.053013988 0.996710896 0.040029176
0.998271346 0.010397801 0.057846196 0.013920667 -0.014752798 0.997046053 0.075375885 0.153584048 -0.056891575 -0.076098979 0.995475888 0.050978277
0.998376191 0.004154878 0.056812834 0.015210491 -0.009540768 0.995444775 0.094861045 0.185099855 -0.056159902 -0.095249042 0.993868053 0.058892865
0.998385608 0.002179843 0.056757901 0.014040768 -0.008460160 0.993823707 0.110647552 0.208501950 -0.056166153 -0.110949107 0.992237687 0.060096320
0.998179436 0.011566442 0.059194826 0.013973640 -0.018669076 0.992491484 0.120880395 0.228923604 -0.057352208 -0.121765435 0.990900576 0.065128386
0.998193860 0.018599782 0.057123557 0.013887623 -0.025734965 0.991590261 0.126832440 0.246272922 -0.054284111 -0.128073439 0.990277946 0.068021700
0.998551846 0.019678444 0.050070111 0.013036510 -0.026006505 0.991296709 0.129052386 0.258025974 -0.047094788 -0.130167648 0.990372896 0.070301421
0.998826981 0.021956734 0.043157414 0.011247115 -0.027387880 0.991190314 0.129582673 0.262869775 -0.039931998 -0.130612671 0.990628958 0.070142165
0.999014914 0.023252442 0.037795801 0.009752532 -0.027972359 0.991174340 0.129580021 0.260512024 -0.034449179 -0.130509615 0.990848362 0.068790756
0.999162555 0.023674836 0.033371143 0.008910131 -0.027835524 0.991082907 0.130306885 0.250241846 -0.029988574 -0.131126657 0.990911961 0.066070884
0.999174237 0.025013775 0.032017872 0.007850392 -0.028963845 0.991151512 0.129536703 0.234019816 -0.028494360 -0.130357102 0.991057575 0.062239099
0.999119103 0.026807811 0.032286510 0.006529953 -0.030704308 0.991432369 0.126961038 0.211582765 -0.028606342 -0.127840534 0.991382122 0.056988761
0.999079108 0.027387410 0.033027388 0.005089441 -0.031236455 0.992001176 0.122302935 0.185314626 -0.029413648 -0.123221964 0.991943121 0.048985466
0.998887300 0.031106185 0.035447873 0.004063105 -0.035136674 0.992221296 0.119424865 0.155788183 -0.031457283 -0.120537505 0.992210209 0.044902302
0.998661220 0.031836212 0.040771052 0.006293667 -0.036309004 0.992801666 0.114133552 0.127743751 -0.036843985 -0.115461111 0.992628455 0.038395237
0.998139560 0.037693594 0.047922831 0.006320196 -0.042674150 0.993282795 0.107555345 0.090706781 -0.043546777 -0.109400317 0.993043423 0.030171400
0.997857273 0.040232953 0.051595680 0.007937416 -0.045107801 0.994252920 0.097089820 0.053772911 -0.047392949 -0.099209152 0.993937373 0.030369846
0.997681499 0.039619382 0.055335112 0.006294377 -0.044183288 0.995498419 0.083849400 0.016055116 -0.051763952 -0.086099878 0.994940877 0.022594374
0.997489631 0.037544597 0.060040452 0.004380309 -0.041526776 0.996920943 0.066514075 -0.022233017 -0.057358339 -0.068840384 0.995977402 0.015289969
0.997092426 0.035642963 0.067351684 0.004275480 -0.038753245 0.998214602 0.045451585 -0.057016913 -0.065611407 -0.047929529 0.996693492 0.008335331
0.996644258 0.036343984 0.073343597 0.004096785 -0.038215585 0.998974562 0.024277924 -0.091217175 -0.072386034 -0.026999323 0.997011185 0.001333087
0.996101379 0.035075568 0.080943033 0.002876556 -0.035490341 0.999363184 0.003690783 -0.121095665 -0.080762029 -0.006549090 0.996711910 -0.007288137
0.995836556 0.035351131 0.084023178 0.003334411 -0.034381669 0.999324799 -0.012957588 -0.149409100 -0.084424511 0.010014782 0.996379554 -0.014590127
0.995792985 0.031729922 0.085962422 0.001999688 -0.029568037 0.999216557 -0.026307050 -0.173181653 -0.086729787 0.023654636 0.995950997 -0.021162715
0.995972157 0.028698709 0.084945850 -0.000084785 -0.025732309 0.999027193 -0.035812553 -0.189547867 -0.085890986 0.033482451 0.995741785 -0.028671820
0.995967805 0.022107892 0.086944677 -0.001871442 -0.018704891 0.999034107 -0.039761707 -0.202589214 -0.087739743 0.037975088 0.995419323 -0.031692713
0.995643556 0.021015620 0.090841703 -0.002635192 -0.017515680 0.999079645 -0.039154954 -0.204676375 -0.091580965 0.037393227 0.995095313 -0.032279175
0.995402336 0.018172329 0.094042055 -0.001759297 -0.014814735 0.999231875 -0.036278971 -0.201220825 -0.094629087 0.034718968 0.994907022 -0.031401575
0.995349467 0.017406290 0.094744116 -0.002603733 -0.014489682 0.999402344 -0.031385489 -0.193122953 -0.095233798 0.029866718 0.995006800 -0.029674929
0.994922817 0.015750516 0.099400923 -0.000924829 -0.013240555 0.999577880 -0.025860289 -0.176295236 -0.099766269 0.024412869 0.994711339 -0.022344070
0.994324684 0.015350956 0.105274506 -0.000602506 -0.013392686 0.999724329 -0.019283354 -0.160220489 -0.105541505 0.017764006 0.994256198 -0.017660178
0.993556619 0.021029579 0.111368880 0.002154013 -0.019734366 0.999724329 -0.012719652 -0.137551412 -0.111605674 0.010439901 0.993697703 -0.009317718
0.992834568 0.027013106 0.116403677 0.004472063 -0.026332693 0.999625981 -0.007379467 -0.111028835 -0.116559483 0.004261368 0.993174553 -0.000059019
0.992267430 0.035878152 0.118819505 0.007623330 -0.035967305 0.999351978 -0.001394709 -0.086020574 -0.118792549 -0.002889693 0.992914915 0.007936020
0.992003620 0.039792389 0.119772449 0.010084359 -0.040763222 0.999152780 0.005665643 -0.060041700 -0.119445518 -0.010502649 0.992785215 0.016203964
0.992603064 0.043106962 0.113494493 0.012044042 -0.045091871 0.998870552 0.014979176 -0.033765260 -0.112720601 -0.019986056 0.993425727 0.022537051
0.993046045 0.045930680 0.108397059 0.013630497 -0.048979919 0.998470724 0.025636096 -0.006641090 -0.107053809 -0.030767102 0.993777096 0.029499438
0.994190931 0.047146082 0.096755549 0.015039331 -0.050971590 0.997997582 0.037453327 0.018087583 -0.094796032 -0.042167541 0.994603217 0.031667046
0.995504379 0.044928070 0.083381459 0.016039360 -0.049231995 0.997520030 0.050299168 0.038818587 -0.080914825 -0.054178081 0.995247483 0.032652549
0.996660411 0.040670801 0.070808686 0.016378032 -0.045242030 0.996911108 0.064197920 0.057520751 -0.067978986 -0.067187048 0.995421886 0.030959656
0.997686684 0.035018273 0.058266815 0.016306965 -0.039586000 0.996073961 0.079181179 0.072701029 -0.055265266 -0.081304550 0.995155931 0.027957376
0.998319805 0.028976044 0.050179638 0.016519072 -0.033657663 0.994896948 0.095116958 0.083609588 -0.047167458 -0.096646070 0.994200587 0.024848813
0.998935461 0.020360727 0.041392889 0.016643446 -0.024837252 0.993545294 0.110683493 0.092375666 -0.038872112 -0.111593746 0.992993355 0.020819079
0.999332607 0.013543371 0.033924900 0.016187670 -0.017821617 0.991462708 0.129166991 0.097150788 -0.031885915 -0.129685372 0.991042376 0.016275123
0.999562144 0.007730954 0.028561227 0.015451924 -0.011873648 0.988937259 0.147858500 0.099144496 -0.027102172 -0.148132890 0.988596022 0.010427430
0.999580562 0.002806549 0.028823530 0.015227713 -0.007644090 0.985564530 0.169127449 0.100112706 -0.027932784 -0.169276848 0.985172629 0.005945295
0.999383450 -0.002391027 0.035028003 0.015000537 -0.004417068 0.981188893 0.192999721 0.100132495 -0.034830555 -0.193035454 0.980573356 0.002513942
0.998813510 -0.005022381 0.048438545 0.015200300 -0.005643231 0.976029515 0.217564955 0.099735945 -0.048370142 -0.217580184 0.974843144 -0.000101740
0.998090744 -0.010363190 0.060888577 0.014067366 -0.004488210 0.971047878 0.238842770 0.098561175 -0.061600897 -0.238660052 0.969147444 -0.002808974
0.997346580 -0.016391782 0.070930459 0.011966464 -0.002428487 0.966287911 0.257452548 0.096866608 -0.072759353 -0.256941676 0.963684142 -0.005695799
0.996934891 -0.022172691 0.075028151 0.009349005 0.000734074 0.961608171 0.274425238 0.095347278 -0.078232422 -0.273529023 0.958676994 -0.009501819
0.996774316 -0.026019871 0.075920261 0.006916888 0.002655725 0.956159770 0.292833507 0.094559357 -0.080211394 -0.291687310 0.953144610 -0.013964093
0.996534586 -0.032325082 0.076641664 0.005329388 0.006803568 0.949988067 0.312212080 0.093870178 -0.082900941 -0.310608715 0.946915865 -0.018663248
0.996299922 -0.037614271 0.077276699 0.004298450 0.009845606 0.943174362 0.332152396 0.094063312 -0.085379072 -0.330162555 0.940054834 -0.023988497
0.996051371 -0.044046775 0.077081054 0.004004594 0.014206267 0.936131597 0.351362705 0.094961986 -0.087634400 -0.348880291 0.933060944 -0.030378245
0.996040940 -0.044923246 0.076709732 0.004193205 0.013431808 0.929062903 0.369677871 0.096108764 -0.087875292 -0.367183954 0.925988078 -0.036412269
0.996124804 -0.044010930 0.076146990 0.005519211 0.011285989 0.922597826 0.385598153 0.096223235 -0.087223575 -0.383244485 0.919519305 -0.042546984
0.996399581 -0.042632170 0.073282629 0.007614395 0.009987110 0.917377532 0.397892922 0.095718898 -0.084190875 -0.395728439 0.914500356 -0.047641259
0.996654034 -0.041529410 0.070399411 0.010759300 0.009493260 0.914288700 0.404951960 0.094343849 -0.081182800 -0.402928680 0.911623716 -0.051342484
0.996605933 -0.043104939 0.070132986 0.015073637 0.010942459 0.913756251 0.406115472 0.092266090 -0.081590042 -0.403969646 0.911126554 -0.053231146
0.996754587 -0.042727914 0.068224438 0.019723691 0.011776867 0.915789604 0.401485682 0.090114780 -0.079633869 -0.399379253 0.913320661 -0.054018673
0.997022510 -0.043697216 0.063535132 0.024005363 0.015137175 0.918818057 0.394391030 0.088377148 -0.075611018 -0.392254978 0.916743696 -0.053752258
0.997270167 -0.043230675 0.059860919 0.028791113 0.016771777 0.922124207 0.386530370 0.086734742 -0.071909167 -0.384471208 0.920332015 -0.052278031
0.997462690 -0.041047879 0.058165886 0.032506157 0.015945271 0.925093949 0.379403353 0.086221240 -0.069382615 -0.377513230 0.923401237 -0.050507993
0.997793198 -0.036152270 0.055693038 0.034525499 0.012729940 0.927373171 0.373921037 0.086124986 -0.065166324 -0.372386932 0.925786853 -0.048478357
0.998109162 -0.033089355 0.051799566 0.035614181 0.011620291 0.929115295 0.369607508 0.085901596 -0.060357846 -0.368306696 0.927743018 -0.046301048
0.998504281 -0.026023015 0.048082851 0.036746819 0.006557872 0.930116117 0.367207080 0.084811710 -0.054278471 -0.366342515 0.928895593 -0.044602141
0.998686314 -0.023206610 0.045684684 0.037599765 0.004745443 0.929621339 0.368485719 0.083977759 -0.051020760 -0.367784828 0.928510189 -0.042224601
0.998860955 -0.018870411 0.043825760 0.039434668 0.001170147 0.927887499 0.372858435 0.083574153 -0.047701366 -0.372382432 0.926852703 -0.039917380
0.998932362 -0.015790839 0.043413870 0.042172629 -0.001757013 0.926099122 0.377276182 0.083092906 -0.046163052 -0.376949668 0.925082684 -0.037374482
0.999014914 -0.014802319 0.041833982 0.046140585 -0.002205291 0.925000072 0.379960656 0.082331181 -0.044320732 -0.379678607 0.924056172 -0.034625389
0.998969793 -0.016210886 0.042385485 0.051757138 -0.001202006 0.924237370 0.381816506 0.081523150 -0.045363832 -0.381474137 0.923265755 -0.031538468
0.998891890 -0.018485639 0.043281171 0.059304029 0.000498795 0.923738897 0.383022487 0.080567077 -0.047060918 -0.382576466 0.922724485 -0.028189309
0.998750746 -0.020850748 0.045411803 0.068870440 0.001785492 0.923094690 0.384568602 0.079396017 -0.049937934 -0.384007066 0.921978712 -0.024586586
0.998609483 -0.023776764 0.047051113 0.079864882 0.003765944 0.922407269 0.386200309 0.078286693 -0.052582879 -0.385486066 0.921214163 -0.021281198
0.998442352 -0.028240487 0.048118152 0.092513435 0.007345124 0.921463311 0.388395905 0.077099986 -0.055307604 -0.387437463 0.920235455 -0.018173372
0.998272479 -0.032835141 0.048723094 0.106786340 0.011219965 0.920541823 0.390482873 0.075928926 -0.057673208 -0.389261633 0.919319928 -0.015756279
0.998083532 -0.036775894 0.049767360 0.122789107 0.014367650 0.919986486 0.391686708 0.074686766 -0.060189925 -0.390221030 0.918751717 -0.013725186
0.997741044 -0.040391382 0.053678278 0.139691249 0.016248558 0.920427084 0.390576452 0.073044136 -0.065182865 -0.388821989 0.919004202 -0.011767585
0.997351110 -0.044893496 0.057230435 0.157866627 0.019324683 0.922072351 0.386534810 0.071019657 -0.070123501 -0.384404957 0.920497417 -0.009504868
0.996800065 -0.050179992 0.062222313 0.176941991 0.022785846 0.924485803 0.380534887 0.067967206 -0.076618880 -0.377899408 0.922670901 -0.006904481
0.996089220 -0.056650143 0.067801118 0.195946947 0.027290832 0.927140534 0.373718619 0.065200739 -0.084032387 -0.370406747 0.925060749 -0.004379132
0.995315731 -0.061497048 0.074597359 0.214958787 0.029765056 0.929049730 0.368755519 0.063127734 -0.091982037 -0.364807785 0.926528275 -0.002050466
0.994520545 -0.066822000 0.080396883 0.233489618 0.032771185 0.929557085 0.367218822 0.062075254 -0.099271782 -0.362571985 0.926653504 -0.000023186
0.993764639 -0.070515752 0.086367570 0.251437038 0.033756591 0.928536534 0.369703084 0.062232431 -0.106265329 -0.364482373 0.925127208 0.001621595
0.992751896 -0.074108593 0.094612539 0.268875748 0.033202574 0.925730824 0.376722693 0.063309029 -0.115504131 -0.370850801 0.921481669 0.003044771
0.991601825 -0.076659307 0.104159199 0.285272241 0.030594599 0.921572626 0.386998594 0.064850837 -0.125657305 -0.380561829 0.916178465 0.004310831
0.990402699 -0.082577899 0.110830307 0.299986005 0.032175254 0.917611837 0.396173298 0.066428266 -0.134414360 -0.388805091 0.911462247 0.005795593
0.989992499 -0.085794099 0.112045586 0.312453330 0.033716068 0.914777279 0.402549088 0.068298392 -0.137033090 -0.394742846 0.908515334 0.006877108
0.989881396 -0.085389182 0.113329373 0.323697567 0.032283008 0.913249493 0.406119615 0.070135266 -0.138176218 -0.398351640 0.906765282 0.008025760
0.989998460 -0.085044801 0.112563275 0.333036214 0.032219101 0.913085222 0.406494021 0.072758630 -0.137350067 -0.398801744 0.906692982 0.009973936
0.990133166 -0.085509725 0.111015275 0.340030253 0.033526234 0.913779855 0.404823840 0.074356869 -0.136059895 -0.397107601 0.907630563 0.010948090
0.990331948 -0.086740002 0.108253442 0.344638050 0.036243137 0.915072918 0.401656508 0.075372592 -0.133899480 -0.393849850 0.909369707 0.011169259
0.990691602 -0.086775422 0.104881503 0.347153097 0.038126193 0.916520953 0.398165494 0.076376334 -0.130677074 -0.390460461 0.911298037 0.011319513
0.990651548 -0.088939860 0.103436962 0.347559124 0.041118518 0.917657912 0.395238221 0.077141605 -0.130072176 -0.387290180 0.912736297 0.011128516
0.990552247 -0.090285927 0.103221431 0.346044153 0.042582020 0.917988420 0.394314647 0.077798620 -0.130357146 -0.386193871 0.913160086 0.010732753
0.990278363 -0.088979676 0.106917471 0.342747808 0.039783344 0.917705834 0.395263612 0.078002147 -0.133289218 -0.387167454 0.912324131 0.009794937
0.990118980 -0.087813631 0.109330326 0.337095797 0.037779763 0.917867303 0.395085245 0.077119097 -0.135044605 -0.387050956 0.912115395 0.008389391
0.990138531 -0.087918334 0.109069206 0.328946710 0.038089640 0.918174803 0.394340217 0.075838938 -0.134814337 -0.386297047 0.912469029 0.006479175
0.990395427 -0.086831853 0.107597061 0.318962097 0.037794422 0.918581963 0.393419266 0.074654430 -0.132998049 -0.385574102 0.913041174 0.004183321
0.990805089 -0.087140210 0.103498079 0.306972831 0.039562397 0.918135583 0.394286513 0.074465282 -0.129383475 -0.386566460 0.913140893 0.001451969
0.991543770 -0.083999798 0.098919138 0.293729275 0.038115688 0.917136252 0.396747231 0.075262606 -0.124049008 -0.389621854 0.912582397 -0.001196466
0.992124379 -0.081836820 0.094825678 0.278717846 0.037384335 0.916012883 0.399403095 0.076318868 -0.119547419 -0.392712533 0.911858141 -0.003748463
0.992637753 -0.080722183 0.090300485 0.262226969 0.037979674 0.915382147 0.400790572 0.077305146 -0.115012139 -0.394410253 0.911708713 -0.005901763
0.993230999 -0.079467483 0.084717780 0.244225815 0.039083801 0.915459871 0.400506794 0.077813856 -0.109382987 -0.394484699 0.912369013 -0.008294970
0.993873894 -0.076445431 0.079817146 0.224939853 0.038427401 0.916160405 0.398965478 0.077874869 -0.103624389 -0.393454194 0.913485527 -0.010947127
0.994542599 -0.072980367 0.074557975 0.204529151 0.037705764 0.917749345 0.395366162 0.077490956 -0.097279504 -0.390397221 0.915492594 -0.013842249
0.995230436 -0.069083661 0.068875290 0.183273077 0.036843516 0.919934154 0.390337914 0.076694295 -0.090326704 -0.385938555 0.918091774 -0.017035374
0.995922267 -0.063798547 0.063785680 0.161539108 0.034417391 0.922250330 0.385058105 0.075723089 -0.083392508 -0.381292582 0.920685410 -0.020053128
0.996361852 -0.060703672 0.059817318 0.139082462 0.033483133 0.924276531 0.380252212 0.074325643 -0.078370452 -0.376865953 0.922946453 -0.023075227
0.996748149 -0.058282305 0.055644255 0.115461133 0.032987293 0.925164878 0.378129274 0.072098993 -0.073518358 -0.375064105 0.924079001 -0.026850212
0.997102439 -0.055539086 0.051982433 0.091597736 0.031809047 0.925139725 0.378291845 0.071451113 -0.069100998 -0.375542223 0.924225688 -0.029573284
0.997590423 -0.050767787 0.047285993 0.067486078 0.028999433 0.924301267 0.380560428 0.071528979 -0.063026711 -0.378272146 0.923546314 -0.032084882
0.997976720 -0.047986399 0.041710198 0.043436609 0.028230708 0.922249973 0.385561913 0.071529083 -0.056968957 -0.383604318 0.921738744 -0.035248823
0.998365641 -0.041714251 0.039064366 0.018342545 0.023354501 0.921655595 0.387305498 0.074064769 -0.052160051 -0.385760188 0.921123445 -0.036247034
0.998604298 -0.037368730 0.037323356 -0.005501569 0.019983262 0.921472013 0.387930453 0.075398020 -0.048888892 -0.386643171 0.920932651 -0.037812799
0.998745203 -0.035730436 0.035091020 -0.028861413 0.019417003 0.922158837 0.386323780 0.076743573 -0.046163015 -0.385157675 0.921695471 -0.039126825
0.998913467 -0.034301639 0.031547341 -0.052711807 0.019578995 0.923190713 0.383843243 0.078359753 -0.042290661 -0.382808506 0.922859251 -0.040694680
0.999061763 -0.031599794 0.029614136 -0.076227136 0.017931011 0.924268544 0.381321609 0.080309428 -0.039421096 -0.380432844 0.923968017 -0.042066772
0.999217868 -0.028956138 0.026928589 -0.099620998 0.016601443 0.925277233 0.378928006 0.082277775 -0.035888702 -0.378184617 0.925034285 -0.043540228
0.999341369 -0.026819736 0.024443552 -0.122756019 0.015609353 0.925817013 0.377649575 0.084445417 -0.032758720 -0.377019316 0.925625920 -0.045202188
0.999527752 -0.025080556 0.017756153 -0.145345196 0.016503198 0.925530136 0.378314227 0.087138332 -0.025922187 -0.377842516 0.925506949 -0.046639170
0.999704659 -0.022056270 0.010201849 -0.166547239 0.016489446 0.924044132 0.381929994 0.090286903 -0.017850911 -0.381648958 0.924134970 -0.048241708
0.999826849 -0.018383410 0.002884883 -0.186249867 0.015824139 0.921523035 0.388001174 0.093708754 -0.009791271 -0.387888342 0.921654344 -0.049795937
0.999870181 -0.015206309 -0.005326376 -0.204322711 0.016075084 0.919065118 0.393777817 0.097189210 -0.001092621 -0.393812329 0.919190228 -0.051048223
0.999790967 -0.014188484 -0.014720644 -0.220939353 0.018868970 0.917562723 0.397143096 0.100176737 0.007872256 -0.397337824 0.917638659 -0.052247569
0.999627173 -0.012966659 -0.024027850 -0.237065598 0.021422904 0.918082774 0.395809472 0.101533070 0.016927231 -0.396176636 0.918018281 -0.056650173
0.999484599 -0.011037897 -0.030145410 -0.249367312 0.021950163 0.920200527 0.390831351 0.102313571 0.023425870 -0.391291618 0.919968545 -0.057841562
0.999310434 -0.009335874 -0.035937555 -0.259096026 0.022442667 0.922935724 0.384299368 0.103046358 0.029580282 -0.384840876 0.922508836 -0.056848615
0.999089181 -0.009025492 -0.041706014 -0.266074717 0.024134669 0.925546765 0.377863318 0.102902852 0.035190467 -0.378525704 0.924921572 -0.056940027
0.998998761 -0.007669645 -0.044075627 -0.269695550 0.023608677 0.927226424 0.373756260 0.102611206 0.038001511 -0.374422580 0.926479161 -0.057234161
0.999014735 -0.005842491 -0.043993685 -0.270243227 0.021829054 0.927781403 0.372485071 0.102325946 0.038640287 -0.373078436 0.926994860 -0.059863724
0.999116063 -0.003502098 -0.041891232 -0.267488778 0.018939778 0.927151084 0.374208629 0.101899981 0.037528984 -0.374671280 0.926397860 -0.061468739
0.999297440 -0.003576694 -0.037306931 -0.262008965 0.017365254 0.926321089 0.376334578 0.101018257 0.033212166 -0.376718014 0.925732374 -0.063563041
0.999485970 -0.003103660 -0.031909507 -0.253257126 0.014934475 0.925791800 0.377738684 0.100021489 0.028369188 -0.378021032 0.925362229 -0.065335594
0.999700129 -0.003926836 -0.024171073 -0.241689309 0.012763698 0.925933361 0.377471149 0.098765559 0.020898536 -0.377666473 0.925705850 -0.066671588
0.999847233 -0.003537002 -0.017118530 -0.227700010 0.009705184 0.926830947 0.375353396 0.096962057 0.014538358 -0.375462174 0.926723659 -0.068316907
0.999949813 -0.003461127 -0.009400365 -0.211658090 0.006713931 0.928007662 0.372500688 0.095016748 0.007434339 -0.372545093 0.927984297 -0.069557853
0.999986649 -0.004179594 -0.003037759 -0.193687975 0.005006350 0.929193735 0.369559050 0.092753612 0.001278060 -0.369569302 0.929202318 -0.071538985
0.999976456 -0.005808732 0.003652267 -0.174562827 0.004057499 0.929842234 0.367936105 0.091073178 -0.005533274 -0.367912620 0.929843903 -0.072260857
0.999926925 -0.007510345 0.009470592 -0.154424250 0.003491440 0.929599583 0.368554503 0.089592494 -0.011571829 -0.368494540 0.929557920 -0.072143205
0.999822795 -0.011516185 0.014890100 -0.133377910 0.005159935 0.928395033 0.371558934 0.088681713 -0.018102836 -0.371416241 0.928289950 -0.071666807
0.999744713 -0.015730869 0.016219001 -0.111515582 0.008463641 0.926291704 0.376712203 0.088239416 -0.020949535 -0.376478732 0.926188350 -0.070828132
0.999628007 -0.020509407 0.017978366 -0.088834919 0.012073353 0.923836350 0.382597238 0.088242881 -0.024455912 -0.382237881 0.923740268 -0.069440536
0.999518633 -0.023436004 0.020328313 -0.065457918 0.013727514 0.921705961 0.387646407 0.088153370 -0.027821608 -0.387180775 0.921583951 -0.067896888
0.999416232 -0.024806879 0.023489665 -0.041550323 0.013687905 0.920723915 0.389974535 0.088018171 -0.031301547 -0.389425337 0.920525968 -0.066474676
0.999404907 -0.024790067 0.023985799 -0.015861252 0.013466582 0.920573950 0.390336066 0.088109642 -0.031757161 -0.389780790 0.920359969 -0.060883209
0.999421537 -0.025938239 0.021996113 0.007176348 0.015353908 0.921232164 0.388710201 0.087696932 -0.030345982 -0.388147593 0.921097457 -0.059171874
0.999430120 -0.027237190 0.019938003 0.029857373 0.017385727 0.921667218 0.387591660 0.086840823 -0.028933112 -0.387024164 0.921615541 -0.057452973
0.999340713 -0.030542348 0.019629937 0.051597726 0.020552661 0.921597123 0.387603283 0.085985042 -0.029929210 -0.386944294 0.921617270 -0.055488501
0.999258101 -0.032967810 0.019910257 0.072369531 0.022641586 0.921057582 0.388767600 0.085535094 -0.031155311 -0.388028383 0.921120703 -0.053767003
0.999142110 -0.035242882 0.021747112 0.091998264 0.023935944 0.919990063 0.391210139 0.085638776 -0.033794500 -0.390353978 0.920044422 -0.051432531
0.999003828 -0.036990702 0.024960082 0.110144876 0.024174361 0.918769062 0.394054621 0.086542845 -0.037508909 -0.393058687 0.918748021 -0.048782974
0.998780072 -0.039779618 0.029256113 0.125930741 0.024927326 0.917615831 0.396686047 0.087955549 -0.042625889 -0.395472854 0.917488039 -0.046078250
0.998535872 -0.042839974 0.033028722 0.139285654 0.026183389 0.917059839 0.397889048 0.089955345 -0.047334872 -0.396441668 0.916838825 -0.043048996
0.998305202 -0.046562735 0.034908760 0.150252730 0.028843429 0.916879654 0.398120254 0.092551611 -0.050544698 -0.396438628 0.916668773 -0.039295014
0.998062313 -0.047413312 0.040294245 0.160440624 0.027592473 0.917678773 0.396363974 0.095313042 -0.055770099 -0.394484103 0.917208791 -0.034818165
0.997362912 -0.050767675 0.051864110 0.169738322 0.026592204 0.920551717 0.389714450 0.097925775 -0.067528494 -0.387307554 0.919474185 -0.029385887
0.996161520 -0.055396169 0.067775160 0.177970767 0.025713719 0.925302565 0.378356963 0.100333408 -0.083672047 -0.375161916 0.923175275 -0.023311934
0.995023012 -0.057999820 0.081025898 0.185470268 0.024878288 0.931992054 0.361623913 0.101516575 -0.096489608 -0.357808322 0.928796530 -0.017255856
0.994021654 -0.057467636 0.092835411 0.190068200 0.022387739 0.939486325 0.341854066 0.102899402 -0.106863141 -0.337731987 0.935156345 -0.012132218
0.992896020 -0.055890750 0.105041280 0.193998277 0.019229371 0.946579933 0.321895391 0.103154458 -0.117420942 -0.317588776 0.940930247 -0.007347481
0.991384864 -0.056038335 0.118388101 0.196510896 0.017920218 0.953387499 0.301216185 0.102579184 -0.129749388 -0.296499610 0.946178138 -0.003229423
0.990045667 -0.056973632 0.128699616 0.199310854 0.018192369 0.958537817 0.284383953 0.101242810 -0.139565840 -0.279211760 0.950032711 0.000528819
0.988558650 -0.060242742 0.138284549 0.203014344 0.020236550 0.961462796 0.274189323 0.099170491 -0.149473354 -0.268253833 0.951681495 0.004564683
0.987068355 -0.068002984 0.145160601 0.206252918 0.025936421 0.961377025 0.274010181 0.097567476 -0.158187583 -0.266701818 0.950708628 0.008560631
0.985414088 -0.075911298 0.152304173 0.210825995 0.030404624 0.959129512 0.281329304 0.095854066 -0.167435497 -0.272595137 0.947447777 0.013821677
0.983143449 -0.086038001 0.161327034 0.216728196 0.036308303 0.956660271 0.288934022 0.093808115 -0.179194450 -0.278206080 0.943658173 0.021114670
0.980808318 -0.095588088 0.169935063 0.223439470 0.041605785 0.954110503 0.296550363 0.091695264 -0.190483496 -0.283788770 0.939776540 0.029817745
0.978481054 -0.104925260 0.177666992 0.230543584 0.046599928 0.951180398 0.305097222 0.089340784 -0.201005757 -0.290252566 0.935601473 0.039605189
0.976743937 -0.111635000 0.183054462 0.237556681 0.049360011 0.947906494 0.314701140 0.087044060 -0.208650187 -0.298346877 0.931372225 0.050203696
0.975753009 -0.115753338 0.185761198 0.243978962 0.050455019 0.944809318 0.323712379 0.084202118 -0.212979689 -0.306490749 0.927740872 0.061458338
0.975693464 -0.118011750 0.184649706 0.249018237 0.051184870 0.942030430 0.331600398 0.080879115 -0.213078380 -0.314089090 0.925173283 0.073414117
0.975968719 -0.123226121 0.179723158 0.252019733 0.056265309 0.939291239 0.338476300 0.076958820 -0.210521504 -0.320230126 0.923652172 0.086510338
0.977227867 -0.125357792 0.171204835 0.253398567 0.060143393 0.937383831 0.343066126 0.073011965 -0.203490645 -0.324956924 0.923577070 0.101454571
0.979290605 -0.122798257 0.160967380 0.251986772 0.061076216 0.937202811 0.343395710 0.067724705 -0.193027467 -0.326452911 0.925293922 0.116128840
0.982156098 -0.115901649 0.148108959 0.247578517 0.059871703 0.939248741 0.337975085 0.061860826 -0.178283006 -0.323076725 0.929428101 0.130824983
0.985136151 -0.106172226 0.135034025 0.241144866 0.056572147 0.942787766 0.328558773 0.056176551 -0.162192225 -0.316035956 0.934780717 0.145994484
0.988330960 -0.093775809 0.120033190 0.232588783 0.051198538 0.946692705 0.318043500 0.051093142 -0.143459335 -0.308186740 0.940446913 0.161046058
0.991146624 -0.080199018 0.105813637 0.221853673 0.043802310 0.949849486 0.309624434 0.046988562 -0.125338599 -0.302248299 0.944953024 0.175900787
0.993721604 -0.067496762 0.089227349 0.208809465 0.037330408 0.951848805 0.304286510 0.043352600 -0.105469301 -0.299045175 0.948392451 0.189732477
0.996160626 -0.054952655 0.068148710 0.192683831 0.031881038 0.952708185 0.302209765 0.040544108 -0.081533067 -0.298876792 0.950802326 0.201838300
0.998095691 -0.044040270 0.043191232 0.173386037 0.028957998 0.952768385 0.302314222 0.037998930 -0.054465242 -0.300487757 0.952229321 0.211794838
0.999320805 -0.034018014 0.014168257 0.150727451 0.028074540 0.951858342 0.305249900 0.037076436 -0.023870168 -0.304644793 0.952166855 0.218922541
0.999651432 -0.022584649 -0.013673507 0.125530928 0.025712194 0.950376093 0.310039073 0.037661280 0.005992850 -0.310282558 0.950625479 0.223389104
0.999110222 -0.008506773 -0.041308027 0.097183391 0.021198403 0.948024392 0.317490786 0.038299758 0.036460195 -0.318083972 0.947361231 0.222832337
0.997619689 0.000909992 -0.068949915 0.067916177 0.021308197 0.946907163 0.320800334 0.039934509 0.065581091 -0.321505934 0.944633842 0.221786410
0.995384157 0.013543067 -0.095010482 0.037440993 0.018242346 0.945243716 0.325855017 0.043050449 0.094221137 -0.326084137 0.940633595 0.215484127
0.992520154 0.028315037 -0.118751742 0.006434776 0.012485604 0.944086611 0.329460979 0.046906151 0.121440627 -0.328479350 0.936671495 0.205025390
0.988867939 0.037292168 -0.144046783 -0.024762144 0.012733552 0.943323255 0.331630945 0.051636968 0.148249924 -0.329773426 0.932347298 0.189367026
0.985162556 0.041149937 -0.166617706 -0.055258274 0.016846035 0.942956388 0.332489789 0.055956174 0.170795158 -0.330363333 0.928272128 0.172493368
0.980950892 0.042304687 -0.189593554 -0.084193148 0.023739465 0.942575812 0.333147526 0.060891706 0.192799985 -0.331302226 0.923616290 0.152747855
