1.000000000 0.000000000 0.000000000 0.000000000 0.000000000 1.000000000 0.000000000 0.000000432 0.000000000 0.000000000 1.000000000 -0.000001192
0.999999583 0.000842818 0.000301379 0.000823849 -0.000842682 0.999999523 -0.000452904 -0.000068048 -0.000301760 0.000452650 0.999999881 -0.000228923
0.999999881 0.000280436 0.000450363 0.001493161 -0.000279877 0.999999166 -0.001240150 -0.000236203 -0.000450710 0.001240024 0.999999106 -0.000502122
1.000000000 -0.000219066 0.000014934 0.000306896 0.000219088 0.999998808 -0.001528024 0.001216277 -0.000014600 0.001528027 0.999998808 0.005418254
0.999999940 0.000406040 -0.000097102 0.002418424 -0.000406043 0.999999940 -0.000029252 -0.000416061 0.000097090 0.000029291 1.000000000 -0.000769631
0.999999821 0.000367332 -0.000429904 0.001471290 -0.000367414 0.999999940 -0.000191021 0.001256639 0.000429834 0.000191179 0.999999881 0.003826060
0.999999583 0.000897244 -0.000117234 0.003411817 -0.000897273 0.999999583 -0.000247158 -0.000641227 0.000117012 0.000247263 0.999999940 -0.001231429
0.999999881 0.000106432 -0.000421150 0.003640225 -0.000106416 1.000000000 0.000036117 -0.000745453 0.000421153 -0.000036072 0.999999940 -0.001438250
0.999999881 0.000434310 -0.000215143 -0.000543465 -0.000434398 0.999999821 -0.000409692 0.003180365 0.000214965 0.000409786 0.999999881 0.012479539
0.999999881 -0.000322855 -0.000401852 -0.001042202 0.000322663 0.999999821 -0.000477958 0.003077973 0.000402006 0.000477828 0.999999821 0.013726574
0.999999821 -0.000417498 -0.000380136 -0.001293564 0.000417295 0.999999762 -0.000535392 0.002775934 0.000380360 0.000535234 0.999999762 0.014255567
0.999999881 -0.000434290 -0.000312508 -0.001361573 0.000434120 0.999999762 -0.000544366 0.002354049 0.000312745 0.000544231 0.999999821 0.014150525
0.999999940 -0.000267882 -0.000160047 -0.001644777 0.000267696 0.999999285 -0.001160687 0.004945852 0.000160358 0.001160645 0.999999285 0.016563660
0.999999881 0.000471217 0.000215524 -0.001899821 -0.000471102 0.999999762 -0.000531527 0.006510386 -0.000215775 0.000531425 0.999999821 0.018465815
1.000000000 0.000045847 0.000061522 0.005549158 -0.000045914 0.999999404 0.001091088 -0.002005066 -0.000061472 -0.001091090 0.999999404 -0.002944055
0.999999464 -0.000986173 0.000354510 -0.006851976 0.000987067 0.999996305 -0.002530266 0.021067398 -0.000352013 0.002530614 0.999996722 0.040615637
0.999999046 -0.001344984 0.000238454 -0.003978976 0.001345092 0.999998987 -0.000451269 0.015279893 -0.000237847 0.000451589 0.999999881 0.029256087
0.999999523 -0.000815778 0.000480087 -0.005697158 0.000816376 0.999998868 -0.001245681 0.023276137 -0.000479070 0.001246072 0.999999106 0.036877211
0.999999702 -0.000699755 0.000376489 -0.006560342 0.000700119 0.999999285 -0.000968224 0.023155089 -0.000375811 0.000968487 0.999999464 0.040560838
0.999999762 -0.000539450 0.000386481 -0.005829523 0.000539840 0.999999344 -0.001009950 0.019734606 -0.000385936 0.001010159 0.999999404 0.035768066
0.999999762 -0.000347875 0.000591166 -0.004914516 0.000348456 0.999999464 -0.000984089 0.017609015 -0.000590824 0.000984295 0.999999344 0.032592762
0.999999642 -0.000874447 0.000002611 0.006335548 0.000874441 0.999998152 0.001695540 -0.004166391 -0.000004094 -0.001695537 0.999998569 -0.004552952
0.999999344 -0.001126296 0.000038427 0.006364459 0.001126222 0.999997616 0.001857864 -0.004498034 -0.000040519 -0.001857820 0.999998271 -0.004646244
0.999999344 -0.001123371 0.000080065 0.006399379 0.001123216 0.999997556 0.001908678 -0.004788311 -0.000082209 -0.001908587 0.999998152 -0.004737163
0.999999285 -0.001183385 0.000053652 0.006413052 0.001183275 0.999997318 0.002000957 -0.005116610 -0.000056020 -0.002000893 0.999997973 -0.004775534
0.999999344 -0.001116556 0.000176763 0.006444923 0.001116202 0.999997377 0.001992681 -0.005446912 -0.000178987 -0.001992482 0.999997973 -0.004734526
0.999997973 -0.001945580 0.000486428 0.006302792 0.001944183 0.999994040 0.002855126 -0.005797092 -0.000491980 -0.002854174 0.999995828 -0.004604225
0.999995053 -0.003012906 0.000879733 0.006124245 0.003009620 0.999988556 0.003712397 -0.006268777 -0.000890908 -0.003709731 0.999992728 -0.004366129
0.999988973 -0.004204475 0.002104200 -0.013843521 0.004221117 0.999959350 -0.007968055 0.093630865 -0.002070613 0.007976849 0.999966025 0.090089068
0.999992728 -0.003020168 0.002317627 0.006136309 0.003009529 0.999984980 0.004580316 -0.006881507 -0.002331425 -0.004573307 0.999986827 -0.004039925
0.999992371 -0.003265365 0.002147024 0.005975975 0.003255322 0.999983847 0.004664835 -0.007207264 -0.002162222 -0.004657810 0.999986827 -0.003919009
0.999996245 -0.001306247 0.002415580 0.006240387 0.001296352 0.999990761 0.004093577 -0.007425897 -0.002420905 -0.004090430 0.999988675 -0.003781177
0.999996364 -0.001355398 0.002330733 0.006140973 0.001345787 0.999990582 0.004120328 -0.007669017 -0.002336296 -0.004117176 0.999988794 -0.003701728
0.999998152 -0.000054940 0.001928952 0.006012082 0.000048325 0.999994099 0.003429547 -0.008116864 -0.001929129 -0.003429448 0.999992251 -0.003360866
0.999967277 0.007201527 0.003679711 0.005889044 -0.007214907 0.999967337 0.003635965 -0.008780432 -0.003653406 -0.003662395 0.999986649 -0.003175536
0.999918938 0.011293880 0.005876562 0.005543322 -0.011307637 0.999933362 0.002313054 -0.009977357 -0.005850047 -0.002379316 0.999980032 -0.003191317
0.999939263 0.009600308 0.005413593 0.005363806 -0.009588510 0.999951601 -0.002200932 -0.012241213 -0.005434460 0.002148890 0.999982953 -0.003405700
0.999969840 -0.007715350 -0.000919286 0.005229285 0.007703113 0.999890387 -0.012644099 -0.016609238 0.001016739 0.012636635 0.999919653 -0.004200958
0.999167860 -0.040049817 -0.007716780 0.005697415 0.039778549 0.998677313 -0.032578088 -0.023761669 0.009011320 0.032244019 0.999439418 -0.005776532
0.996862113 -0.078303561 -0.011594240 0.006937453 0.077521607 0.995356381 -0.057061806 -0.032205682 0.016008543 0.055983953 0.998303294 -0.007935533
0.993542671 -0.112299189 -0.016183499 0.007566846 0.110837922 0.991147280 -0.073089205 -0.039701238 0.024248090 0.070823498 0.997194111 -0.010275793
0.992093146 -0.124239095 -0.017772092 0.008202181 0.122716449 0.989962637 -0.070104681 -0.044347085 0.026303446 0.067369439 0.997381330 -0.011933270
0.993415594 -0.112780318 -0.020150449 0.010875545 0.111653015 0.992473364 -0.050301842 -0.057488520 0.025671840 0.047720775 0.998530746 -0.026549503
0.996055782 -0.086049505 -0.021642854 0.007068337 0.085427530 0.995945573 -0.028186781 -0.047360048 0.023980564 0.026226709 0.999368370 -0.013752851
0.998314500 -0.054128893 -0.020933129 0.006330424 0.053931735 0.998495817 -0.009871489 -0.049185716 0.021435976 0.008725892 0.999732137 -0.014713337
0.999391317 -0.029458182 -0.018687319 0.005938132 0.029447021 0.999565959 -0.000872284 -0.052710470 0.018704902 0.000321467 0.999825001 -0.015970023
0.999694645 -0.019049251 -0.015740100 0.008421858 0.018991878 0.999812484 -0.003786479 -0.067000352 0.015809279 0.003486389 0.999868929 -0.028713372
0.999640524 -0.021523669 -0.015984586 0.010383366 0.021328624 0.999697149 -0.012273907 -0.082834803 0.016243925 0.011928565 0.999796927 -0.040818457
0.999535382 -0.024242302 -0.018473785 0.013486178 0.024046736 0.999653161 -0.010735859 -0.102305539 0.018727642 0.010286638 0.999771714 -0.058324847
0.999571145 -0.019477637 -0.021866204 0.015575219 0.019540345 0.999805510 0.002657782 -0.120248020 0.021810183 -0.003083915 0.999757349 -0.074081652
0.999607801 -0.011888933 -0.025355175 0.014479280 0.012303012 0.999792457 0.016238162 -0.124129325 0.025156859 -0.016543740 0.999546587 -0.074181393
0.999623120 -0.004148326 -0.027136318 0.016214715 0.004736888 0.999754131 0.021660913 -0.145357400 0.027039789 -0.021781292 0.999397039 -0.090094149
0.999531209 -0.006778268 -0.029855900 0.015320038 0.007210486 0.999870420 0.014393006 -0.163429588 0.029754471 -0.014601534 0.999450564 -0.096604563
0.999299705 -0.018871125 -0.032310013 0.014034375 0.018788066 0.999819338 -0.002872378 -0.184460640 0.032358382 0.002263324 0.999473751 -0.103301622
0.998855770 -0.031515863 -0.035970472 0.015109417 0.030862086 0.999350786 -0.018588293 -0.207954764 0.036532946 0.017456900 0.999179959 -0.116669334
0.998412907 -0.037718873 -0.041820887 0.017345535 0.036656503 0.998992622 -0.025885414 -0.235494137 0.042755123 0.024311323 0.998789728 -0.120015271
0.998334646 -0.034005068 -0.046600718 0.004454467 0.032873690 0.999150932 -0.024833407 -0.256759703 0.047405612 0.023260113 0.998604894 -0.107143246
0.998186827 -0.029778490 -0.052309979 0.003091131 0.028509473 0.999284804 -0.024840632 -0.273767680 0.053012285 0.023304263 0.998321891 -0.112521924
0.997701585 -0.035762653 -0.057554860 0.002134316 0.033866100 0.998861492 -0.033597142 -0.291874141 0.058690857 0.031570762 0.997776866 -0.118046619
0.996748030 -0.052104175 -0.061469294 0.001732977 0.049281567 0.997698367 -0.046575233 -0.313256860 0.063754581 0.043394469 0.997021675 -0.126037553
0.995631456 -0.065786950 -0.066257857 0.002564683 0.062087502 0.996474326 -0.056427065 -0.336418211 0.069736414 0.052066777 0.996205747 -0.137294665
0.994845808 -0.070343897 -0.073030971 0.002779398 0.066073060 0.996048927 -0.059337310 -0.357367009 0.076916434 0.054206096 0.995562911 -0.147497386
0.995113790 -0.060762625 -0.077823125 0.001548718 0.056857307 0.997055590 -0.051452883 -0.427669555 0.080720387 0.046776660 0.995638549 -0.180280358
0.995872438 -0.045075104 -0.078780375 0.000903940 0.041576028 0.998098493 -0.045505911 -0.446986437 0.080681764 0.042042710 0.995852828 -0.187640086
0.996250808 -0.037623521 -0.077902146 0.001361049 0.034120064 0.998366594 -0.045825716 -0.468042374 0.079499029 0.042995881 0.995907247 -0.199703485
0.996300042 -0.038855374 -0.076658286 0.001839342 0.034619018 0.997839451 -0.055838607 -0.491254181 0.078662299 0.052978173 0.995492637 -0.212417811
0.995690465 -0.051369052 -0.077212408 0.003314871 0.046120916 0.996599436 -0.068281993 -0.518009305 0.080457419 0.064426616 0.994673729 -0.225308567
0.993781924 -0.075378217 -0.081949040 0.003158228 0.068671785 0.994281173 -0.081787035 -0.544403911 0.087645352 0.075650886 0.993274987 -0.236974105
0.991474807 -0.095391028 -0.088759318 0.004533470 0.087495022 0.992184460 -0.088964023 -0.570952535 0.096551985 0.080439590 0.992072165 -0.249269038
0.990527987 -0.100711174 -0.093335614 0.001905224 0.092230909 0.991560459 -0.091111250 -0.579238653 0.101723820 0.081639819 0.991457105 -0.248352394
0.989728391 -0.104598932 -0.097451635 0.004999375 0.095420159 0.990939379 -0.094520330 -0.597735941 0.106455393 0.084250599 0.990741670 -0.261543751
0.989700437 -0.109958567 -0.091663204 -0.000010900 0.098481692 0.987692714 -0.121508971 -0.462540358 0.103896029 0.111230329 0.988348842 -0.185847014
0.989720464 -0.115458563 -0.084396213 0.006840125 0.104330942 0.986514866 -0.126108915 -0.621883571 0.097818479 0.116007440 0.988419890 -0.276857167
0.989451408 -0.121876016 -0.078307718 0.006145792 0.109839499 0.983609617 -0.142994449 -0.616219103 0.094451815 0.132884786 0.986620724 -0.275608808
0.990072966 -0.119597912 -0.073836729 0.004073278 0.107729703 0.983120620 -0.147878975 -0.596970677 0.090276420 0.138456553 0.986245394 -0.258404642
0.991158903 -0.110542156 -0.073378831 0.005901373 0.099560432 0.985220075 -0.139388263 -0.594668627 0.087702572 0.130850285 0.987515271 -0.263333589
0.993076503 -0.091961674 -0.073089398 -0.000771520 0.082482912 0.988905489 -0.123541325 -0.564493835 0.083639570 0.116657361 0.989644110 -0.257227808
0.994917095 -0.069691978 -0.072684392 0.003422457 0.061959315 0.992677033 -0.103698291 -0.540640354 0.079379067 0.098667733 0.991949439 -0.242873594
0.995847940 -0.054292627 -0.073069841 -0.001910446 0.047720060 0.994899392 -0.088870823 -0.518802047 0.077522174 0.085014924 0.993359327 -0.235043585
0.996129870 -0.047677856 -0.073838457 0.005512645 0.041610572 0.995793343 -0.081634417 -0.499871910 0.077419996 0.078246027 0.993923366 -0.223282278
0.996239781 -0.050194174 -0.070617951 0.002648361 0.043517828 0.994705677 -0.093095891 -0.371114492 0.074916951 0.089672692 0.993149638 -0.141522557
0.996392071 -0.049669236 -0.068817049 0.002985626 0.043870464 0.995553792 -0.083354525 -0.466960549 0.072651237 0.080034755 0.994140983 -0.201777369
0.997203827 -0.040103119 -0.063057184 0.008284873 0.034872819 0.996025026 -0.081963755 -0.454037845 0.066093534 0.079535596 0.994638503 -0.197446033
0.997440517 -0.036755018 -0.061330926 0.005047269 0.032035075 0.996574521 -0.076242678 -0.435190678 0.063923143 0.074082799 0.995201290 -0.190316245
0.997566581 -0.033521894 -0.061132394 0.008807939 0.029212093 0.997113585 -0.070079505 -0.408663541 0.063305140 0.068123162 0.995666444 -0.182234228
0.997667670 -0.028428769 -0.062056404 0.011238772 0.024345802 0.997549832 -0.065586999 -0.386242539 0.063768908 0.063923210 0.995915353 -0.174288288
0.997863233 -0.023890521 -0.060812455 0.017083779 0.019860920 0.997620225 -0.066025741 -0.362478226 0.062245127 0.064676873 0.995963097 -0.167070910
0.997928321 -0.019646648 -0.061262194 0.037540726 0.016378786 0.998439133 -0.053395536 -0.476297587 0.062215615 0.052281518 0.996692479 -0.201882601
0.998382568 -0.008302520 -0.056243356 0.039497055 0.005352993 0.998612285 -0.052391302 -0.452994198 0.056600284 0.052005496 0.997041523 -0.196117431
0.998725116 0.002508672 -0.050416321 0.042048857 -0.004965163 0.998803139 -0.048658114 -0.432331920 0.050233915 0.048846405 0.997542262 -0.193858787
0.998920619 0.008720754 -0.045623399 0.043751094 -0.010868719 0.998833597 -0.047046144 -0.412040114 0.045159906 0.047491234 0.997850299 -0.190924704
0.998967648 0.013602030 -0.043343659 0.042697918 -0.015621634 0.998791337 -0.046602394 -0.382806033 0.042657387 0.047231380 0.997972727 -0.168352649
0.998744845 0.026786743 -0.042322934 0.044533003 -0.028520057 0.998756289 -0.040895831 -0.365899771 0.041174829 0.042051550 0.998266637 -0.164679423
0.997993410 0.045439493 -0.044096008 0.045415103 -0.046865087 0.998393238 -0.031852450 -0.355993539 0.042577796 0.033855099 0.998519361 -0.165137231
0.996907175 0.064085402 -0.045488387 0.045536119 -0.065006383 0.997702718 -0.019063169 -0.350762039 0.044162221 0.021961244 0.998782933 -0.165001422
0.995983124 0.074671157 -0.049415406 0.048303254 -0.075391851 0.997070789 -0.012882138 -0.353564829 0.048308734 0.016555911 0.998695254 -0.168193802
0.995995760 0.074521229 -0.049386978 0.019675156 -0.076457053 0.996327817 -0.038539048 -0.144831747 0.046333641 0.042160708 0.998035908 -0.068408780
0.996318102 0.062676564 -0.058497109 0.047807209 -0.064466625 0.997491658 -0.029230833 -0.385906130 0.056518286 0.032894317 0.997859538 -0.186175689
0.996764004 0.046741497 -0.065397322 0.048559256 -0.049732443 0.997753739 -0.044879571 -0.411300480 0.063152686 0.047986709 0.996849537 -0.199944437
0.996855676 0.037769418 -0.069658361 0.049497321 -0.041713666 0.997555315 -0.056065358 -0.438359916 0.067370512 0.058794774 0.995994151 -0.210237786
0.996732056 0.022441663 -0.077598594 0.023609808 -0.028114442 0.996950030 -0.072802223 -0.335575700 0.075728126 0.074745946 0.994323015 -0.176824972
0.996217310 0.005940464 -0.086693943 0.024115177 -0.013145131 0.996481776 -0.082772143 -0.367873669 0.085897237 0.083598636 0.992790461 -0.191460907
0.995201468 -0.019701751 -0.095842689 0.022082908 0.010026010 0.994895935 -0.100407153 -0.402041942 0.097331703 0.098964423 0.990319431 -0.205956087
0.993755698 -0.045438215 -0.101906724 0.020087322 0.032577313 0.991685688 -0.124491706 -0.434781492 0.106716119 0.120394498 0.986973584 -0.220520794
0.992063105 -0.067243770 -0.106250197 0.015317127 0.051333211 0.987957835 -0.145959496 -0.464789838 0.114785582 0.139346868 0.983568370 -0.231191739
0.990873039 -0.079764873 -0.108665235 0.010833359 0.060916875 0.984091997 -0.166889459 -0.368952394 0.120248504 0.158746719 0.979969263 -0.158480242
0.990382433 -0.081758365 -0.111616150 0.007761858 0.063587412 0.985450387 -0.157620192 -0.392570049 0.122878954 0.149006903 0.981171608 -0.172356531
0.989972651 -0.082239434 -0.114851251 0.003564146 0.065222338 0.987312496 -0.144775867 -0.411951452 0.125300363 0.135833293 0.982776225 -0.183539554
0.989757538 -0.085353680 -0.114432134 -0.000992528 0.069098018 0.987853467 -0.139179841 -0.427734733 0.124921687 0.129847273 0.983633220 -0.193592072
0.989053428 -0.093259469 -0.114350095 -0.004248931 0.075918972 0.986129224 -0.147599086 -0.439967036 0.126528978 0.137302056 0.982414663 -0.202070981
0.987790048 -0.107886106 -0.112389341 -0.008330179 0.088964194 0.982845068 -0.161557913 -0.446691126 0.127891153 0.149586678 0.980442584 -0.203122273
0.986368358 -0.117916502 -0.114774272 -0.008146206 0.096749194 0.979778171 -0.175140917 -0.453965127 0.133105323 0.161649138 0.977830529 -0.211331606
0.985606492 -0.118466370 -0.120605208 -0.007674714 0.095448174 0.978767991 -0.181391463 -0.452906132 0.139533296 0.167269066 0.975987434 -0.211370245
0.986757278 -0.103444181 -0.124937482 -0.004388992 0.080515377 0.981029153 -0.176349238 -0.443673223 0.140809610 0.163954511 0.976366520 -0.206932411
0.988765776 -0.083636835 -0.123883627 -0.004303648 0.061944138 0.983560205 -0.169623882 -0.411501676 0.136033803 0.160044432 0.977691472 -0.185588419
0.989938080 -0.072363220 -0.121598415 0.011459254 0.052785911 0.986165464 -0.157134697 -0.419106096 0.131286934 0.149134949 0.980062485 -0.194518149
0.991815388 -0.065446138 -0.109631434 0.022536855 0.048138019 0.986947775 -0.153677568 -0.404194385 0.118258104 0.147142336 0.982020438 -0.186676890
0.993308485 -0.065946929 -0.094811730 0.038908586 0.050896138 0.986881852 -0.153211623 -0.386657119 0.103671812 0.147360861 0.983634531 -0.178044334
0.995314777 -0.062295984 -0.073943786 0.058912281 0.050660197 0.987394810 -0.149950281 -0.376348138 0.082353003 0.145501718 0.985924542 -0.169684321
0.996835351 -0.056492355 -0.055927902 0.078032114 0.048217025 0.989031434 -0.139613375 -0.368644714 0.063201539 0.136474863 0.988625407 -0.166794941
0.997956097 -0.051287510 -0.038120639 0.100142971 0.045962885 0.990526974 -0.129397601 -0.354471028 0.044396002 0.127380997 0.990859747 -0.166445270
0.998822391 -0.046259213 -0.014624463 0.125462502 0.044152070 0.991644561 -0.121209063 -0.340502560 0.020109305 0.120420627 0.992519259 -0.162623838
0.998714924 -0.049906977 0.008819368 0.149924144 0.050598830 0.991756856 -0.117720611 -0.329399973 -0.002871589 0.118015580 0.993007600 -0.162580714
0.997525811 -0.061718982 0.033659764 0.160337567 0.065294318 0.990838468 -0.118219055 -0.306972265 -0.026055032 0.120124348 0.992416859 -0.135099962
0.995834827 -0.076939426 0.048922040 0.184389979 0.081984483 0.990407109 -0.111231044 -0.300772280 -0.039894685 0.114778593 0.992589712 -0.143031925
0.993952334 -0.092540570 0.059118152 0.207271114 0.098266475 0.989847124 -0.102695644 -0.293115169 -0.049014419 0.107883915 0.992954493 -0.151023954
0.992090762 -0.103572823 0.070912436 0.228414968 0.110022582 0.989467919 -0.094065309 -0.284336686 -0.060422972 0.101123288 0.993037343 -0.159414709
0.990081549 -0.108977243 0.088670656 0.248796076 0.116622701 0.989431322 -0.086167030 -0.274009049 -0.078343287 0.095653392 0.992326915 -0.167983457
0.988011956 -0.109751791 0.108567595 0.267311543 0.118868500 0.989568353 -0.081392594 -0.264558017 -0.098502070 0.093322121 0.990751386 -0.174329594
0.986140192 -0.105051041 0.128420547 0.284839123 0.115273029 0.990504146 -0.074924752 -0.254079759 -0.119330160 0.088689730 0.988885462 -0.178166479
0.984355092 -0.103905529 0.142297819 0.300913244 0.114447534 0.991099238 -0.068000533 -0.246930033 -0.133965626 0.083222307 0.987485349 -0.179196879
0.982558370 -0.105012432 0.153464764 0.308718354 0.116177261 0.991055250 -0.065668665 -0.244109526 -0.145196021 0.082352407 0.985969663 -0.174617171
0.981223822 -0.105711475 0.161322430 0.298929662 0.118063182 0.990607381 -0.068978816 -0.229520708 -0.152515337 0.086729899 0.984488189 -0.130421087
0.981364548 -0.102420501 0.162584484 0.298170894 0.114651956 0.991096258 -0.067698896 -0.233251736 -0.154203117 0.085077927 0.984369397 -0.129412711
0.982682347 -0.094272919 0.159524426 0.292399764 0.105142735 0.992577672 -0.061111089 -0.237795666 -0.152579263 0.076825619 0.985300660 -0.125402674
0.984094977 -0.084392816 0.156316921 0.282695413 0.094079062 0.994009435 -0.055627204 -0.244398743 -0.150685951 0.069448598 0.986139238 -0.117575131
0.984316349 -0.080884054 0.156777218 0.270109951 0.091054410 0.994108319 -0.058802094 -0.253258049 -0.151097402 0.072155118 0.985881925 -0.107245676
0.983341753 -0.087868318 0.159116879 0.255652875 0.100696549 0.992129564 -0.074425541 -0.265005827 -0.151324913 0.089208253 0.984450459 -0.095254615
0.982247293 -0.096352741 0.160954833 0.239591897 0.111281261 0.990021706 -0.086449184 -0.277456850 -0.151019156 0.102825724 0.983168364 -0.081470639
0.981730103 -0.105892718 0.158090800 0.219797030 0.120487928 0.989003181 -0.085763283 -0.286790520 -0.147270590 0.103244431 0.983693004 -0.067263775
0.981671333 -0.114794105 0.152130499 0.199151635 0.128013298 0.988530517 -0.080125339 -0.296729982 -0.141187713 0.098131470 0.985107243 -0.052824259
0.981330633 -0.123171911 0.147712082 0.173683628 0.135383561 0.987901032 -0.075649753 -0.292314410 -0.136606991 0.094235212 0.986132979 -0.006770222
0.980779529 -0.130770296 0.144812316 0.153478742 0.142803252 0.986826122 -0.076036103 -0.303358585 -0.132961303 0.095254324 0.986533284 0.001473738
0.979786932 -0.141079515 0.141824156 0.132998228 0.153048575 0.985189736 -0.077313423 -0.313491881 -0.128816366 0.097456664 0.986868024 0.008371148
0.979350507 -0.150616407 0.134860396 0.110925809 0.162264049 0.983503401 -0.079946689 -0.322727025 -0.120594375 0.100178830 0.987634122 0.013914591
0.979311287 -0.154922053 0.130186573 0.088621378 0.165658012 0.983244300 -0.076079488 -0.330017895 -0.116218813 0.096071944 0.988566339 0.018903945
0.979946315 -0.155002505 0.125217587 0.064795680 0.164430678 0.983987629 -0.068781778 -0.335465312 -0.112551205 0.087992057 0.989742219 0.022749837
0.980905533 -0.154677004 0.117895700 0.041394427 0.162343204 0.985004246 -0.058406241 -0.340894818 -0.107093669 0.076430567 0.991306901 0.026614096
0.982179284 -0.149853140 0.113436647 0.018473361 0.155906677 0.986678064 -0.046470884 -0.347033650 -0.104961641 0.063328266 0.992457867 0.028061554
0.983190954 -0.143913150 0.112358883 -0.003758661 0.149171531 0.988008320 -0.039842900 -0.353507251 -0.105277598 0.055933926 0.992868602 0.029895559
0.983805120 -0.139253482 0.112853684 -0.024445642 0.144672081 0.988617420 -0.041298665 -0.339849830 -0.105818130 0.056956612 0.992752969 0.053929307
0.983667493 -0.139270693 0.114026159 -0.042631149 0.145599186 0.988121867 -0.049153462 -0.348007023 -0.105826110 0.064952776 0.992261052 0.051287722
0.983449280 -0.140172988 0.114799872 -0.059908945 0.147160172 0.987593651 -0.054796293 -0.353417724 -0.105694667 0.070783347 0.991876185 0.049510691
0.984467447 -0.133232668 0.114336565 -0.075080156 0.139869437 0.988798440 -0.052097436 -0.355412513 -0.106114745 0.067280419 0.992075086 0.048386712
0.985965908 -0.124177642 0.111584768 -0.089526072 0.129762053 0.990558028 -0.044233598 -0.355786383 -0.105038360 0.058092281 0.992769957 0.047415305
0.987395763 -0.116607092 0.107015960 -0.099879175 0.121197470 0.991922796 -0.037420943 -0.354737341 -0.101788022 0.049919344 0.993552864 0.046170965
0.988225579 -0.110877715 0.105433963 -0.107830308 0.114792965 0.992880225 -0.031802438 -0.349796861 -0.101157121 0.043531060 0.993917644 0.048300639
0.988701284 -0.106888883 0.105092734 -0.111553200 0.110121600 0.993592560 -0.025438175 -0.344724059 -0.101700306 0.036723737 0.994137049 0.047712103
0.988883793 -0.103551976 0.106704168 -0.110408358 0.106951647 0.993907511 -0.026631258 -0.338366181 -0.103296347 0.037747405 0.993934095 0.048019156
0.988455355 -0.103839293 0.110333182 -0.111001350 0.108013526 0.993616760 -0.032538548 -0.318201095 -0.106250115 0.044080377 0.993361890 0.059915695
0.987930000 -0.102878131 0.115803480 -0.104124382 0.107626788 0.993556917 -0.035512391 -0.312340975 -0.111403897 0.047547314 0.992637098 0.055607378
0.987498701 -0.096902542 0.124322936 -0.094130963 0.101674981 0.994282722 -0.032619793 -0.305326015 -0.120451212 0.044852536 0.991705477 0.051166408
0.987227678 -0.091458417 0.130448684 -0.082919322 0.095746629 0.995040178 -0.026975583 -0.298319340 -0.127334520 0.039121065 0.991088033 0.046725288
0.986859739 -0.089947827 0.134228304 -0.069044285 0.093038954 0.995518625 -0.016923822 -0.292416424 -0.132104531 0.029189896 0.990805924 0.042007655
0.986169517 -0.083713599 0.143044397 -0.052875616 0.085974135 0.996250272 -0.009684933 -0.288721025 -0.141697273 0.021849105 0.989668906 0.036868244
0.984744906 -0.083671421 0.152566433 -0.034357909 0.086577848 0.996166706 -0.012495666 -0.286510974 -0.150936067 0.025513913 0.988214195 0.031201836
0.982190371 -0.093298644 0.163087130 -0.014502365 0.097862780 0.994995654 -0.020161796 -0.284730077 -0.160389930 0.035762880 0.986405671 0.025353462
0.979573071 -0.107047945 0.170227319 0.003756164 0.113225207 0.993203104 -0.026975757 -0.282410026 -0.166182607 0.045698747 0.985035539 0.018865880
0.977799237 -0.117467552 0.173522383 0.022139816 0.123866022 0.991945624 -0.026478913 -0.272497058 -0.169014364 0.047384586 0.984473884 0.012186061
0.977569401 -0.113279462 0.177555203 0.038790371 0.118877977 0.992682934 -0.021181505 -0.267180800 -0.173856586 0.041813795 0.983882844 0.002561788
0.977696538 -0.100204773 0.184576422 0.054792497 0.103629597 0.994575441 -0.008977842 -0.261473179 -0.182675540 0.027905185 0.982777178 -0.008545680
0.977765739 -0.089185573 0.189789608 0.070044681 0.090053268 0.995928645 0.004064881 -0.258257389 -0.189379439 0.013116672 0.981816351 -0.020746261
0.976744175 -0.081833482 0.198176950 0.086755566 0.081583798 0.996621788 0.009438721 -0.258263826 -0.198279858 0.006948812 0.980120838 -0.034552790
0.974771023 -0.076833479 0.209566399 0.105932020 0.077939801 0.996953607 0.002986873 -0.262080014 -0.209157452 0.013422044 0.977789879 -0.048992012
0.972079456 -0.079363495 0.220823422 0.126108021 0.084163427 0.996374846 -0.012397883 -0.267941236 -0.219038948 0.030636981 0.975234985 -0.063271895
0.969273567 -0.090112470 0.228885323 0.148495421 0.099025868 0.994698226 -0.027736377 -0.273187548 -0.225172430 0.049549703 0.973058164 -0.078154653
0.967035592 -0.100845382 0.233821198 0.170965552 0.113592565 0.992653131 -0.041671038 -0.274628252 -0.227901027 0.066857718 0.971386194 -0.092211895
0.964996040 -0.106642395 0.239604011 0.195048615 0.120865718 0.991628766 -0.045430239 -0.273879319 -0.232753441 0.072799906 0.969807208 -0.100612484
0.962907195 -0.102394693 0.249650016 0.216702446 0.117528610 0.991982758 -0.046446528 -0.268424958 -0.242892638 0.074064709 0.967221618 -0.112164810
0.960775077 -0.096747972 0.259905845 0.236456186 0.111597411 0.992824376 -0.042962745 -0.260668755 -0.253884286 0.070282355 0.964677751 -0.122419953
0.959494233 -0.094129980 0.265537798 0.252554417 0.107941777 0.993435442 -0.037875809 -0.252105236 -0.260229409 0.065004237 0.963356137 -0.129896492
0.958134472 -0.090278968 0.271713078 0.265640259 0.102702618 0.994202852 -0.031825170 -0.244571954 -0.267264783 0.058398440 0.961851954 -0.136901110
0.956446648 -0.092357986 0.276911080 0.274617374 0.103846721 0.994224548 -0.027081873 -0.241262853 -0.272810578 0.054658677 0.960513830 -0.143320739
0.954257309 -0.104590654 0.280096084 0.277993351 0.114891440 0.993165135 -0.020565119 -0.240895092 -0.276030749 0.051805053 0.959751666 -0.148740783
0.953136563 -0.116760708 0.279101491 0.275201499 0.127168372 0.991691172 -0.019413220 -0.244928047 -0.274515748 0.053996332 0.960065365 -0.151807144
0.954090476 -0.126770422 0.271368027 0.266893178 0.137895212 0.990196943 -0.022245906 -0.251868039 -0.265887678 0.058644958 0.962218523 -0.151915655
0.955851555 -0.134812579 0.261100233 0.252172768 0.146475092 0.988882005 -0.025640391 -0.257132083 -0.254740655 0.062753089 0.964971125 -0.147893265
0.958689690 -0.139840081 0.247707099 0.237818897 0.151094839 0.988152504 -0.026925890 -0.265772611 -0.241007060 0.063240834 0.968460739 -0.149761841
0.962011337 -0.146862656 0.230142370 0.220377877 0.158358186 0.986856639 -0.032197349 -0.275364727 -0.222388938 0.067419142 0.972624183 -0.150426820
0.964343846 -0.158773690 0.211735427 0.200349361 0.171483696 0.984249830 -0.042960465 -0.284807384 -0.201579571 0.077737823 0.976382375 -0.150225714
0.965042114 -0.175046071 0.195070788 0.179495960 0.189774945 0.980028033 -0.059418168 -0.292970419 -0.180773929 0.094360575 0.978987694 -0.147547543
0.964787304 -0.189636320 0.182273179 0.158478662 0.206606776 0.975232899 -0.078958571 -0.297176272 -0.162785381 0.113837108 0.980072439 -0.142529383
0.964622498 -0.199061304 0.172852531 0.136751369 0.217157871 0.971712947 -0.092824347 -0.297191024 -0.149485305 0.127076745 0.980563939 -0.135224879
0.965509653 -0.203408822 0.162529990 0.116215602 0.221017882 0.970267415 -0.098652244 -0.290970594 -0.137630805 0.131171733 0.981759489 -0.126413271
0.967704415 -0.198127151 0.155864641 0.095924199 0.214387894 0.972078919 -0.095396303 -0.280447930 -0.132612124 0.125730917 0.983161092 -0.116766647
0.970669627 -0.187408522 0.150593847 0.075677067 0.201954409 0.975450814 -0.087807178 -0.261068702 -0.130441070 0.115644842 0.984688461 -0.094707899
0.974048734 -0.175379470 0.143077135 0.059450172 0.187478229 0.979332805 -0.075889550 -0.244869128 -0.126810670 0.100743972 0.986797690 -0.085367471
0.977384150 -0.161461741 0.136566177 0.045196932 0.171083778 0.983312964 -0.061853986 -0.227045715 -0.124300249 0.083819360 0.988698006 -0.076306194
0.979951739 -0.150259763 0.130830571 0.032035902 0.158178300 0.986022413 -0.052339558 -0.208782762 -0.121137343 0.071984798 0.990022182 -0.067693226
0.981434345 -0.145373806 0.125112459 0.020990413 0.151916698 0.987395644 -0.044398371 -0.190317273 -0.117081136 0.062580757 0.991148651 -0.059890416
0.982636750 -0.136691868 0.125460654 0.011325607 0.142265826 0.989153206 -0.036556698 -0.171608075 -0.119102806 0.053770714 0.991424859 -0.052013151
0.983692706 -0.126437351 0.127915055 0.004369923 0.130601302 0.991127908 -0.024672348 -0.153307840 -0.123660684 0.040975880 0.991478205 -0.044142317
0.985091031 -0.111066028 0.131377116 -0.002919536 0.113404229 0.993494213 -0.010428272 -0.132496551 -0.129364178 0.025171518 0.991277635 -0.033979587
0.986217678 -0.095860854 0.134853303 -0.007872779 0.096008793 0.995365739 0.005420975 -0.115845121 -0.134748012 0.007600841 0.990850747 -0.023471355
0.986648202 -0.078802094 0.142532632 -0.015334997 0.077170193 0.996873856 0.016949888 -0.096841194 -0.143422738 -0.005724307 0.989644945 -0.014987664
0.986468673 -0.071378671 0.147596091 -0.013142376 0.068890519 0.997383654 0.021908274 -0.089604519 -0.148773700 -0.011443855 0.988805056 -0.016699079
0.985182822 -0.071427591 0.155925810 -0.014462674 0.069087349 0.997402370 0.020383891 -0.087552905 -0.156976730 -0.009309361 0.987558424 -0.010422907
0.984065831 -0.071562849 0.162767395 -0.018548585 0.069745906 0.997422338 0.016857333 -0.067099318 -0.163554206 -0.005236368 0.986520469 -0.004224062
0.983212113 -0.075956754 0.165905252 -0.017534133 0.073637880 0.997082591 0.020092826 -0.061953746 -0.166947439 -0.007538598 0.985936999 -0.003055941
0.982845485 -0.072714634 0.169491410 -0.019158218 0.069115646 0.997241974 0.027046114 -0.051803228 -0.170990586 -0.014867645 0.985160470 -0.000873245
0.982904017 -0.065015867 0.172257394 -0.020321021 0.058937263 0.997452915 0.040175896 -0.042735729 -0.174430698 -0.029336672 0.984232306 -0.000934532
0.983113527 -0.055845890 0.174267188 -0.023738146 0.046716210 0.997333825 0.056061387 -0.024417311 -0.176933363 -0.046973608 0.983101249 0.004708078
0.983675539 -0.049178094 0.173101053 -0.021787196 0.037327453 0.996773064 0.071064264 -0.040413946 -0.176037267 -0.063442752 0.982336938 -0.010872399
0.984073520 -0.042215399 0.172676355 -0.023414524 0.029614262 0.996750295 0.074912407 -0.030381272 -0.175277650 -0.068605639 0.982125759 0.004674812
0.984119475 -0.040664859 0.172786713 -0.024507318 0.028694944 0.997047901 0.071218200 -0.028836543 -0.175172716 -0.065129109 0.982381165 0.004508619
0.983311892 -0.048639018 0.175305381 -0.026450124 0.039599355 0.997717202 0.054701518 -0.029530982 -0.177565828 -0.046846677 0.982993245 0.006547922
0.982574761 -0.055400990 0.177419215 -0.025470953 0.048262164 0.997851551 0.044306241 -0.028667068 -0.179492652 -0.034971558 0.983137548 0.004008385
0.982406199 -0.060021795 0.176848635 -0.025460137 0.054151304 0.997815490 0.037840847 -0.027720992 -0.178733572 -0.027598498 0.983510375 0.006017445
0.982122004 -0.061608046 0.177878574 -0.026406061 0.057000116 0.997895718 0.030904986 -0.027201312 -0.179408267 -0.020213366 0.983566999 0.005206502
0.981914580 -0.059839901 0.179618970 -0.024350442 0.056413393 0.998115897 0.024128994 -0.027422346 -0.180724427 -0.013559693 0.983440280 0.003695758
0.981689870 -0.060942840 0.180474266 -0.026900994 0.059295330 0.998134971 0.014514813 -0.027149392 -0.181022242 -0.003547765 0.983472586 0.005237821
0.981777668 -0.058699522 0.180739954 -0.024743119 0.057179850 0.998271108 0.013611479 -0.026829828 -0.181226447 -0.003028765 0.983436704 0.003863025
0.981767595 -0.058296420 0.180925027 -0.026281137 0.056915276 0.998296678 0.012820490 -0.023685953 -0.181364253 -0.002289344 0.983413339 0.006426196
0.981782019 -0.059231725 0.180542737 -0.026459914 0.057926688 0.998242617 0.012497047 -0.023818562 -0.180965662 -0.001811134 0.983487725 0.006663705
0.981808364 -0.058668390 0.180583417 -0.025486102 0.057280727 0.998274863 0.012894198 -0.025965378 -0.181028366 -0.002315681 0.983475149 0.004440884
0.981797457 -0.059925776 0.180229351 -0.025090007 0.058654640 0.998201609 0.012378814 -0.023674225 -0.180647030 -0.001582202 0.983546734 0.005759894
0.981778860 -0.060349315 0.180189610 -0.026325351 0.059014067 0.998175502 0.012766825 -0.024757288 -0.180631310 -0.001900479 0.983549058 0.007250841
0.981835246 -0.059631735 0.180121079 -0.025764138 0.058248594 0.998217940 0.012963211 -0.021780094 -0.180573121 -0.002235940 0.983559012 0.007535418
0.981906593 -0.059513886 0.179770693 -0.023647916 0.058082331 0.998224258 0.013221161 -0.024841076 -0.180238321 -0.002540444 0.983619690 0.003998036
0.981948555 -0.058968246 0.179721311 -0.025111370 0.057637632 0.998257756 0.012621314 -0.023654129 -0.180152461 -0.002034772 0.983636618 0.006802629
0.981847525 -0.063132033 0.178857028 -0.026021224 0.061975885 0.998004913 0.012049888 -0.022382367 -0.179260939 -0.000746330 0.983801305 0.005152535
0.981857121 -0.060133386 0.179835007 -0.026644090 0.058763038 0.998188078 0.012942555 -0.020746803 -0.180287436 -0.002140091 0.983611643 0.003872963
0.981869638 -0.062044751 0.179115832 -0.027060237 0.060764123 0.998072207 0.012632566 -0.020912874 -0.179554313 -0.001519718 0.983746886 0.004221176
0.981910706 -0.060677100 0.179358989 -0.025473913 0.059358362 0.998155773 0.012715206 -0.021495545 -0.179799736 -0.001838741 0.983701527 0.004261495
0.981889069 -0.061152987 0.179315969 -0.026680958 0.059832320 0.998126745 0.012769276 -0.020786539 -0.179760948 -0.001809122 0.983708680 0.004745836
0.981875122 -0.061599225 0.179239377 -0.027226845 0.060287505 0.998099446 0.012761414 -0.021169802 -0.179684833 -0.001724221 0.983722746 0.004825920
0.981889665 -0.060883332 0.179404184 -0.026213644 0.059574898 0.998143315 0.012677038 -0.021335280 -0.179842904 -0.001759469 0.983693779 0.003624531
0.981900573 -0.061861031 0.179009706 -0.026949733 0.060601071 0.998083770 0.012503603 -0.020778608 -0.179440171 -0.001429117 0.983767867 0.009876094
0.981875837 -0.060711794 0.179538071 -0.025834762 0.059400804 0.998153746 0.012674134 -0.021874251 -0.179976076 -0.001779721 0.983669400 0.005379986
0.981856525 -0.061995566 0.179204568 -0.026219431 0.060682490 0.998075008 0.012805065 -0.021261944 -0.179653451 -0.001698158 0.983728468 0.006568373
0.981863201 -0.061204821 0.179439753 -0.026306994 0.059849679 0.998123229 0.012961194 -0.021568872 -0.179896265 -0.001986708 0.983683586 0.004027995
0.981888175 -0.061399586 0.179236501 -0.025981896 0.060073599 0.998111606 0.012821525 -0.021288790 -0.179685265 -0.001821922 0.983722448 0.005468970
0.981880903 -0.061214559 0.179339677 -0.025292823 0.059854493 0.998122573 0.012990158 -0.021994483 -0.179798156 -0.002020504 0.983701468 0.005164532
0.981874108 -0.061636269 0.179232419 -0.025888583 0.060348772 0.998097420 0.012632241 -0.021267276 -0.179670006 -0.001586815 0.983725667 0.006598300
0.981907785 -0.061716076 0.179020241 -0.024753449 0.060550299 0.998093307 0.011974022 -0.021217147 -0.179417893 -0.000917657 0.983772516 0.007038177
0.981882632 -0.061424948 0.179258093 -0.025391918 0.060116455 0.998110235 0.012727808 -0.020402001 -0.179701135 -0.001720853 0.983719766 0.005972769
0.981890380 -0.061668146 0.179132268 -0.025142707 0.060358290 0.998095214 0.012758499 -0.021486886 -0.179577842 -0.001715330 0.983742297 0.005634567
0.981883883 -0.061546709 0.179209366 -0.025096882 0.060229506 0.998102665 0.012787017 -0.020751543 -0.179656342 -0.001761676 0.983727872 0.006869957
0.981893122 -0.062000372 0.179002240 -0.025344329 0.060674310 0.998074532 0.012878608 -0.020703483 -0.179456070 -0.001784580 0.983764350 0.008317092
0.981865883 -0.061555091 0.179305211 -0.025635174 0.060220014 0.998101950 0.012884608 -0.020884709 -0.179757997 -0.001853195 0.983709097 0.005943317
0.981808364 -0.061933979 0.179489464 -0.028660582 0.060728498 0.998079658 0.012208475 -0.024480408 -0.179900914 -0.001086259 0.983684123 0.010191563
0.981869519 -0.061906140 0.179164514 -0.024949869 0.060568001 0.998080254 0.012934634 -0.023106173 -0.179621294 -0.001848487 0.983734071 0.008487100
0.981873095 -0.061819237 0.179174736 -0.025282960 0.060523417 0.998086035 0.012694893 -0.021358578 -0.179616585 -0.001620507 0.983735383 0.007013700
0.981873214 -0.061911702 0.179142132 -0.024838725 0.060588792 0.998080075 0.012851920 -0.021535108 -0.179593876 -0.001764950 0.983739257 0.007620940
0.981848955 -0.061838370 0.179300502 -0.026034134 0.060565319 0.998085082 0.012570852 -0.020756923 -0.179734513 -0.001483285 0.983714044 0.009091951
0.981862009 -0.061746739 0.179260418 -0.025822742 0.060435422 0.998090386 0.012772357 -0.020858120 -0.179706737 -0.001707015 0.983718753 0.006103996
0.981862605 -0.061938159 0.179191053 -0.026187206 0.060599864 0.998078287 0.012938090 -0.020754738 -0.179648072 -0.001844473 0.983729243 0.007654606
0.981881559 -0.061965711 0.179077893 -0.024903454 0.060692064 0.998077154 0.012587508 -0.021732846 -0.179513544 -0.001490837 0.983754396 0.006331939
0.981859863 -0.061979957 0.179191843 -0.025531309 0.060690045 0.998076141 0.012676899 -0.021507513 -0.179632828 -0.001571777 0.983732462 0.007461428
0.981868804 -0.062166367 0.179078087 -0.026815111 0.060949471 0.998065114 0.012294617 -0.020711353 -0.179495916 -0.001156986 0.983758032 0.007833897
0.981842220 -0.062256459 0.179192707 -0.026358914 0.060988214 0.998059154 0.012583243 -0.020797020 -0.179628298 -0.001426116 0.983733535 0.009182495
0.981840193 -0.062019918 0.179285809 -0.025629800 0.060709815 0.998073518 0.012790193 -0.020615095 -0.179733649 -0.001673518 0.983713865 0.006865569
0.981852770 -0.062357277 0.179099843 -0.026807658 0.061081976 0.998052835 0.012631789 -0.020922828 -0.179538801 -0.001462786 0.983749807 0.008143853
0.981840789 -0.061862212 0.179336920 -0.026964834 0.060539562 0.998083174 0.012844083 -0.021325111 -0.179787710 -0.001753866 0.983703852 0.006964961
0.981827617 -0.062089324 0.179330483 -0.026097091 0.060769983 0.998069108 0.012846617 -0.021153608 -0.179781869 -0.001715254 0.983704984 0.008933241
0.981843948 -0.062245362 0.179187134 -0.025653079 0.060942367 0.998059571 0.012772596 -0.021221781 -0.179634467 -0.001620609 0.983732104 0.008186703
0.981837392 -0.061998073 0.179308757 -0.025622625 0.060674746 0.998074710 0.012860393 -0.020897597 -0.179760858 -0.001747302 0.983708799 0.007351263
0.981829464 -0.061941016 0.179371759 -0.025624247 0.060613241 0.998078227 0.012878910 -0.021430446 -0.179824784 -0.001772589 0.983697057 0.008621587
