1.000000000 0.000000000 0.000000000 0.000000000 0.000000000 1.000000000 0.000000000 -0.000000060 0.000000000 0.000000000 1.000000000 -0.000000030
0.999996543 -0.002190524 0.001463163 -0.002058315 0.002194235 0.999994338 -0.002539863 -0.002822909 -0.001457591 0.002543065 0.999995708 0.000794878
0.999990225 -0.003776517 0.002296724 -0.001468804 0.003793133 0.999966323 -0.007274109 -0.005251734 -0.002269176 0.007282750 0.999970913 0.003747987
0.999971330 -0.007012789 0.002856181 -0.000580789 0.007062932 0.999814093 -0.017941820 -0.006517740 -0.002729828 0.017961478 0.999834955 0.006789115
0.999946177 -0.009797686 0.003410660 -0.001117268 0.009890680 0.999547422 -0.028409567 -0.011988200 -0.003130768 0.028441772 0.999590576 0.010945355
0.999952912 -0.008470178 0.004732677 -0.002726041 0.008622078 0.999416351 -0.033054803 -0.020363502 -0.004449935 0.033094052 0.999442339 0.015037623
0.999903440 -0.013289692 0.004067162 -0.004777864 0.013431346 0.999223232 -0.037047867 -0.035019819 -0.003571648 0.037098918 0.999305189 0.016189130
0.999840796 -0.017741440 0.001890695 -0.003400393 0.017810633 0.998739660 -0.046924189 -0.046953343 -0.001055810 0.046950392 0.998896658 0.019711623
0.999802709 -0.019841503 0.000897670 -0.005542218 0.019861229 0.998410404 -0.052746240 -0.064415738 0.000150322 0.052753661 0.998607516 0.022821892
0.999751866 -0.022256020 0.000938701 -0.010554380 0.022272881 0.998049617 -0.058317363 -0.088466890 0.000361042 0.058323801 0.998297632 0.022982378
0.999735713 -0.022987837 0.000136941 -0.010960377 0.022953140 0.997862220 -0.061189011 -0.106481701 0.001269955 0.061175987 0.998126209 0.024779936
0.999741793 -0.022703469 -0.000923028 -0.008818057 0.022600152 0.997755170 -0.063038431 -0.126996994 0.002352147 0.063001297 0.998010695 0.026101200
0.999795616 -0.020139622 0.001763259 -0.014876322 0.020210775 0.997800469 -0.063132353 -0.145479202 -0.000487919 0.063155092 0.998003602 0.026584631
0.999807417 -0.019602584 0.000899275 -0.012541962 0.019618915 0.997581244 -0.066684313 -0.147969678 0.000410085 0.066689111 0.997773707 0.031490039
0.999821663 -0.018743703 0.002310675 -0.016102286 0.018857775 0.997486472 -0.068301395 -0.151984215 -0.001024646 0.068332791 0.997662067 0.037265442
0.999856651 -0.016725248 0.002639091 -0.020286426 0.016856218 0.997953534 -0.061681245 -0.165728375 -0.001602057 0.061716888 0.998092413 0.040699948
0.999881208 -0.015073186 0.003212815 -0.021062905 0.015247704 0.997840643 -0.063886769 -0.156357810 -0.002242900 0.063928165 0.997951984 0.050602611
0.999893665 -0.014424807 0.002131534 -0.020810708 0.014529028 0.997980535 -0.061836887 -0.154205784 -0.001235245 0.061861280 0.998084009 0.056123741
0.999895930 -0.014224946 0.002399708 -0.023909975 0.014337078 0.998326361 -0.056026164 -0.158788159 -0.001598723 0.056054737 0.998426437 0.059712432
0.999878407 -0.015543899 0.001247204 -0.022214523 0.015588588 0.998417318 -0.054035213 -0.155909821 -0.000405312 0.054048087 0.998538256 0.066911325
0.999844372 -0.017618030 -0.000915171 -0.020865971 0.017543618 0.998406947 -0.053626284 -0.154939026 0.001858503 0.053601883 0.998560667 0.070799924
0.999834061 -0.018214231 0.000305290 -0.026909469 0.018206766 0.998587847 -0.049908709 -0.157047912 0.000604189 0.049905982 0.998753726 0.072479248
0.999818325 -0.019023301 -0.001219123 -0.025017526 0.018938625 0.998570740 -0.049977928 -0.155891553 0.002168126 0.049945757 0.998749554 0.078430787
0.999836028 -0.018047614 -0.001479354 -0.023658577 0.017949937 0.998563349 -0.050488386 -0.157081470 0.002388423 0.050453555 0.998723567 0.080990016
0.999854684 -0.017045205 0.000267528 -0.028912827 0.017038478 0.998708963 -0.047855005 -0.162665173 0.000548516 0.047852606 0.998854280 0.079909556
0.999848723 -0.017373152 -0.000871458 -0.026636947 0.017310604 0.998677433 -0.048411481 -0.163343966 0.001711366 0.048389070 0.998827100 0.082643300
0.999845445 -0.017544132 -0.001123871 -0.026147980 0.017468147 0.998649478 -0.048929308 -0.167809278 0.001980776 0.048902113 0.998801589 0.083200671
0.999852777 -0.017157368 -0.000186194 -0.029073322 0.017129563 0.998743474 -0.047096420 -0.176366299 0.000994011 0.047086295 0.998890340 0.081122711
0.999834239 -0.018203236 -0.000293624 -0.028532991 0.018169962 0.998755753 -0.046440743 -0.182701528 0.001138630 0.046427712 0.998920977 0.079427786
0.999834597 -0.018178036 -0.000629729 -0.027670152 0.018130770 0.998806119 -0.045360517 -0.189470485 0.001453542 0.045341592 0.998970509 0.076912664
0.999837637 -0.018016897 -0.000364124 -0.026914464 0.017983869 0.998886287 -0.043621384 -0.195216730 0.001149640 0.043607749 0.999048054 0.076848470
0.999852300 -0.017185146 -0.000142022 -0.026093453 0.017167123 0.999119937 -0.038271155 -0.202075616 0.000799593 0.038263064 0.999267399 0.073827140
0.999851584 -0.017224217 -0.000285352 -0.025246432 0.017210701 0.999504030 -0.026373038 -0.208410516 0.000739465 0.026364213 0.999652147 0.070663743
0.999861300 -0.016648410 -0.000436338 -0.024202691 0.016642364 0.999796689 -0.011386011 -0.213967279 0.000625808 0.011377171 0.999935091 0.070665963
0.999946356 -0.010201898 0.001799929 -0.022777755 0.010198125 0.999945819 0.002093442 -0.220034048 -0.001821189 -0.002074974 0.999996185 0.068715878
0.999985635 -0.004204193 0.003319782 -0.021335067 0.004172280 0.999945581 0.009562059 -0.227074027 -0.003359802 -0.009548071 0.999948800 0.067385845
0.999962687 0.005444274 0.006702929 -0.019942580 -0.005525366 0.999911070 0.012139553 -0.235460594 -0.006636241 -0.012176137 0.999903858 0.069112971
0.999851644 0.014070487 0.009934854 -0.018935142 -0.014172761 0.999846518 0.010300238 -0.244286776 -0.009788400 -0.010439513 0.999897599 0.069578461
0.999712169 0.020726612 0.012083736 -0.018810758 -0.020806683 0.999762118 0.006538597 -0.253807068 -0.011945340 -0.006788138 0.999905586 0.070807979
0.999566972 0.025612181 0.014487009 -0.019089146 -0.025632253 0.999670744 0.001201578 -0.265392005 -0.014451464 -0.001572393 0.999894321 0.075286694
0.999407053 0.028944183 0.018648552 -0.020331996 -0.028859463 0.999571979 -0.004796330 -0.276108623 -0.018779395 0.004255299 0.999814570 0.078603052
0.999479949 0.023452979 0.022130761 -0.022445979 -0.023288306 0.999699354 -0.007669537 -0.287320733 -0.022303980 0.007150161 0.999725640 0.082672067
0.999544203 0.011087288 0.028078670 -0.025585543 -0.010779674 0.999880493 -0.011083239 -0.300481856 -0.028198196 0.010775509 0.999544263 0.087870650
0.999325216 -0.001464229 0.036700353 -0.029076457 0.001993770 0.999894381 -0.014396313 -0.312212139 -0.036675394 0.014459771 0.999222636 0.093595847
0.998687923 -0.014802366 0.049023572 -0.032477640 0.015706193 0.999712765 -0.018102968 -0.323944628 -0.048741523 0.018849188 0.998633564 0.099941924
0.997500420 -0.025459319 0.065914832 -0.034334831 0.026874326 0.999425113 -0.020670125 -0.334731072 -0.065350689 0.022389876 0.997611165 0.108850248
0.995667458 -0.037348446 0.085155413 -0.037137952 0.039383385 0.998974323 -0.022342846 -0.345934719 -0.084233597 0.025599752 0.996117115 0.116487175
0.993128717 -0.048309982 0.106590189 -0.039739292 0.050916515 0.998463452 -0.021867853 -0.356507450 -0.105369978 0.027144793 0.994062543 0.124615230
0.989882350 -0.059329420 0.128891394 -0.042036310 0.062350109 0.997863352 -0.019525114 -0.365964264 -0.127457574 0.027363956 0.991466463 0.133665159
0.985945106 -0.069101289 0.152109429 -0.044199441 0.072867736 0.997154474 -0.019321166 -0.375948578 -0.150341466 0.030133478 0.988174796 0.142456323
0.981743634 -0.077500917 0.173703864 -0.046453387 0.081864573 0.996479332 -0.018088054 -0.385470748 -0.171690479 0.031978022 0.984631777 0.151178584
0.977726877 -0.084380127 0.192172214 -0.049121406 0.089356638 0.995848358 -0.017362460 -0.393873841 -0.189909324 0.034147605 0.981207609 0.160073578
0.973845363 -0.091372706 0.208029374 -0.051790725 0.096846677 0.995166481 -0.016260400 -0.402816236 -0.205538109 0.035982072 0.977987409 0.168116391
0.970258772 -0.095583811 0.222399727 -0.054669112 0.101195827 0.994768739 -0.013949455 -0.411456048 -0.219902948 0.036040507 0.974855781 0.175945356
0.967080414 -0.099876486 0.234051585 -0.057223525 0.105886258 0.994290352 -0.013220579 -0.418290526 -0.231394798 0.037568208 0.972134292 0.183411315
0.964309156 -0.102571577 0.244104251 -0.060538080 0.109046951 0.993949950 -0.013125396 -0.427005947 -0.241281107 0.039275758 0.969660163 0.191211104
0.961610854 -0.105464123 0.253341466 -0.063807316 0.112127610 0.993621767 -0.011966782 -0.435728192 -0.250463516 0.039913960 0.967302918 0.199214309
0.958499908 -0.110029854 0.263004422 -0.066998325 0.116727300 0.993114412 -0.009927101 -0.442383856 -0.260101199 0.040214919 0.964743555 0.208652928
0.954854250 -0.114777036 0.274006665 -0.069715813 0.121117704 0.992618322 -0.006277099 -0.450038910 -0.271263540 0.039180774 0.961707294 0.217158407
0.950599313 -0.120157644 0.286222041 -0.072121866 0.126045048 0.992022157 -0.002163671 -0.456991345 -0.283678651 0.038133655 0.958160877 0.225894526
0.945707500 -0.125391871 0.299857020 -0.074423775 0.130756915 0.991412044 0.002191789 -0.461897433 -0.297556698 0.037135582 0.953981638 0.235750884
0.939689875 -0.130349845 0.316214979 -0.075903460 0.135681868 0.990738809 0.005198255 -0.467901468 -0.313964069 0.038019892 0.948673308 0.245555565
0.932472587 -0.136374295 0.334510028 -0.076963335 0.141590625 0.989885628 0.008865407 -0.473717511 -0.332335651 0.039096728 0.942350507 0.255611598
0.923569620 -0.141929492 0.356195420 -0.080837116 0.146675363 0.989088416 0.013801128 -0.478759289 -0.354267567 0.039498784 0.934309542 0.269249022
0.913550079 -0.149380788 0.378300995 -0.081275016 0.154067174 0.987895668 0.018040029 -0.483228087 -0.376416773 0.041803300 0.925506830 0.280128717
0.901979864 -0.158497602 0.401635259 -0.081520289 0.163107991 0.986341536 0.022937831 -0.487162232 -0.399785131 0.044820454 0.915512443 0.291399211
0.889008582 -0.167190492 0.426275879 -0.081853382 0.171429217 0.984777689 0.028721813 -0.489829034 -0.424589008 0.047542196 0.904137135 0.303823322
0.874768138 -0.177405462 0.450896949 -0.081623048 0.181004480 0.982839942 0.035538543 -0.493143052 -0.449464291 0.050526377 0.891868234 0.315540940
0.859382093 -0.187809259 0.475594461 -0.081345379 0.190527529 0.980739176 0.043011311 -0.496080846 -0.474512041 0.053650681 0.878612518 0.327487797
0.842695832 -0.197452039 0.500875652 -0.082581773 0.200145811 0.978539109 0.049019177 -0.498624682 -0.499805361 0.058939900 0.864130020 0.340742648
0.825383544 -0.206562966 0.525427222 -0.082036443 0.208390534 0.976412177 0.056503486 -0.500567913 -0.524705052 0.062857024 0.848960280 0.353573471
0.807627439 -0.216426253 0.548541367 -0.081452370 0.217790306 0.973921001 0.063602604 -0.502109230 -0.548001230 0.068099789 0.833700836 0.366759896
0.789801240 -0.225566134 0.570380509 -0.081020787 0.226307586 0.971477926 0.070820272 -0.503035069 -0.570086777 0.073147476 0.818321824 0.379871488
0.771279216 -0.234822378 0.591596842 -0.080285423 0.235175177 0.968822122 0.077950679 -0.503614664 -0.591456652 0.079007141 0.802456796 0.393976122
0.752834141 -0.240690634 0.612624466 -0.079301402 0.240345642 0.966996729 0.084565096 -0.503739715 -0.612759888 0.083578132 0.785837114 0.408442378
0.734050930 -0.249131382 0.631745875 -0.080598235 0.248120904 0.964351177 0.091993891 -0.504964113 -0.632143438 0.089221127 0.769697547 0.425032288
0.715202093 -0.254747361 0.650837719 -0.079775602 0.253460735 0.962353230 0.098152384 -0.505121529 -0.651339829 0.094763026 0.752845526 0.440143585
0.695610285 -0.262207955 0.668859720 -0.078755423 0.259666413 0.959838152 0.106226400 -0.505190849 -0.669850469 0.099788249 0.735759854 0.455561668
0.675731778 -0.269340008 0.686179698 -0.078875020 0.265540153 0.957304478 0.114265263 -0.506459594 -0.687659085 0.104995593 0.718401670 0.473371238
0.655306220 -0.275821745 0.703204274 -0.077587873 0.270876944 0.954839408 0.122095630 -0.506764233 -0.705123782 0.110471785 0.700425923 0.489789099
0.634884298 -0.280937374 0.719719529 -0.075935215 0.272552967 0.953097165 0.131608233 -0.506759584 -0.722936273 0.112605654 0.681676745 0.506338418
0.613748729 -0.288417727 0.734933794 -0.074659601 0.278958827 0.950060606 0.139881596 -0.507909834 -0.738575995 0.119164124 0.663555145 0.524553120
0.592473745 -0.293198556 0.750339627 -0.072741017 0.283350915 0.947745085 0.146599650 -0.508264959 -0.754113555 0.125752956 0.644592166 0.542713344
0.570939660 -0.298524439 0.764794827 -0.070704848 0.288072824 0.945164859 0.153874770 -0.508521736 -0.768792629 0.132463381 0.625628829 0.561283469
0.549687386 -0.300901145 0.779295981 -0.069767118 0.292049676 0.943228781 0.158197403 -0.510284305 -0.782656252 0.140634000 0.606359065 0.581857443
0.528519273 -0.304123253 0.792575896 -0.068025321 0.297991961 0.940679908 0.162240818 -0.511197567 -0.794901431 0.150433794 0.587793767 0.601020157
0.506792307 -0.307849646 0.805226803 -0.066362292 0.304917932 0.937696218 0.166585863 -0.511979699 -0.806341529 0.161103636 0.569086075 0.620376825
0.485466659 -0.312418193 0.816527486 -0.065391988 0.313237399 0.934120536 0.171176001 -0.513337195 -0.816213608 0.172666654 0.551345408 0.641853809
0.463890970 -0.318350196 0.826715529 -0.063830227 0.321066558 0.930172741 0.178030804 -0.513553202 -0.825664341 0.182843760 0.533710301 0.661504507
0.442091525 -0.320817947 0.837634206 -0.062043190 0.325423539 0.927588820 0.183517069 -0.513569951 -0.835855722 0.191454500 0.514480829 0.680974185
0.419920802 -0.321747750 0.848613560 -0.059962511 0.328585893 0.925511360 0.188308463 -0.514290392 -0.845989287 0.199767783 0.494363248 0.703169703
0.397394121 -0.324888915 0.858210504 -0.058212638 0.333202630 0.922484517 0.194931477 -0.514112890 -0.855017006 0.208493322 0.474843740 0.722634614
0.374619544 -0.327127606 0.867552698 -0.056532562 0.338361591 0.919393539 0.200566649 -0.514172256 -0.863233268 0.218410313 0.455110192 0.741799831
0.351240993 -0.329409659 0.876424134 -0.054402530 0.344431221 0.915885687 0.206205204 -0.515300572 -0.870630324 0.229440048 0.435155511 0.764418304
0.328321397 -0.332565606 0.884084463 -0.053297460 0.351309240 0.911817789 0.212532744 -0.515441179 -0.876805067 0.240807965 0.416202605 0.783456922
0.305651188 -0.335068673 0.891238749 -0.052321374 0.359287471 0.907423139 0.217935324 -0.515684247 -0.881753981 0.253598660 0.397740901 0.801882684
0.282460034 -0.336798966 0.898210943 -0.050648570 0.366060853 0.903327942 0.223602667 -0.517318130 -0.886688173 0.265641034 0.378442943 0.823179185
0.259967089 -0.337883174 0.904572964 -0.050133765 0.370628715 0.899944723 0.229638651 -0.517369449 -0.891656637 0.275562167 0.359185159 0.840846419
0.237715900 -0.339856148 0.909939051 -0.049773633 0.376249731 0.895875752 0.236310706 -0.517216325 -0.895503998 0.286189467 0.340834677 0.857999563
0.215447187 -0.339410424 0.915632665 -0.047933400 0.377940118 0.893561363 0.242300138 -0.518608868 -0.900413215 0.293851405 0.320792079 0.877222300
0.194245338 -0.343483001 0.918851554 -0.048015952 0.380092770 0.889873505 0.252298802 -0.517506480 -0.904321969 0.300240964 0.303409159 0.892338514
0.173865616 -0.348487258 0.921046913 -0.048385739 0.381729484 0.886014819 0.263173610 -0.515964568 -0.907773912 0.305833906 0.287075341 0.906549513
0.153730571 -0.352937073 0.922931492 -0.044962943 0.379855245 0.883368492 0.274536222 -0.514481127 -0.912182629 0.308375686 0.269865692 0.925730884
0.134213328 -0.357498646 0.924219549 -0.045545459 0.376507759 0.881113350 0.286148965 -0.513280988 -0.916640103 0.309570730 0.252858102 0.938727677
0.116519451 -0.362851143 0.924533725 -0.046394289 0.373443186 0.878570974 0.297746956 -0.512230694 -0.920306325 0.310567379 0.237874866 0.951064825
0.101932228 -0.367006242 0.924616873 -0.045661569 0.370154500 0.876711667 0.307184517 -0.512007117 -0.923361003 0.310939074 0.225214183 0.967023492
0.090081215 -0.368900776 0.925093353 -0.046072006 0.367823064 0.875522196 0.313316345 -0.511729538 -0.925522387 0.312046707 0.214558303 0.979245245
0.080942988 -0.369917959 0.925531864 -0.046393871 0.367338687 0.874286294 0.317310244 -0.511731744 -0.926558614 0.314299494 0.206652522 0.991317093
0.073140264 -0.368060529 0.926920652 -0.044865847 0.368477046 0.873621345 0.317821234 -0.511885285 -0.926755190 0.318303496 0.199518740 1.007006049
0.067229807 -0.365581274 0.928348303 -0.044417143 0.367272496 0.874188542 0.317655921 -0.512329936 -0.927680492 0.319600821 0.193039477 1.019341588
0.063303292 -0.362647116 0.929774106 -0.043830872 0.369236290 0.874044180 0.315771043 -0.513012707 -0.927177131 0.323316932 0.189232290 1.031449080
0.059707522 -0.360778779 0.930738389 -0.039821029 0.369822532 0.874046087 0.315079004 -0.510637641 -0.927182019 0.325395375 0.185611248 1.046625853
0.058126330 -0.364445955 0.929408669 -0.039037943 0.370830804 0.872252643 0.318841338 -0.510294199 -0.926879644 0.326120317 0.185848653 1.059559822
0.057692111 -0.368646920 0.927777648 -0.038567305 0.370991111 0.870692015 0.322894871 -0.510776520 -0.926842809 0.325568676 0.186996758 1.073640227
0.058043420 -0.373178303 0.925942242 -0.035922885 0.373282492 0.868341029 0.326564014 -0.508533716 -0.925900280 0.326683104 0.189702392 1.086512685
0.059365034 -0.377110749 0.924263775 -0.034655571 0.376742691 0.865887821 0.329094619 -0.508538842 -0.924413860 0.328672796 0.193477154 1.099600315
0.061047792 -0.380669385 0.922693908 -0.032929659 0.384186178 0.862159252 0.330276310 -0.508824170 -0.921235144 0.334323585 0.198880792 1.112281919
0.063200653 -0.383251011 0.921479583 -0.029206753 0.391514122 0.858830929 0.330342472 -0.507262230 -0.917999268 0.339894295 0.204326808 1.123373151
0.065725982 -0.385442704 0.920387983 -0.026127577 0.399818569 0.855274200 0.329622656 -0.507723927 -0.914234757 0.346323401 0.210320890 1.134412050
0.068441868 -0.385390699 0.920211911 -0.022125363 0.405296862 0.853571892 0.327336967 -0.508088052 -0.911619663 0.350555360 0.214617610 1.144397020
0.071682632 -0.382911831 0.920999646 -0.016026735 0.401136130 0.856476784 0.324865073 -0.505793393 -0.913209558 0.346158952 0.214994252 1.153373599
0.075332046 -0.380357981 0.921766222 -0.009907246 0.395075917 0.860128522 0.322635919 -0.504870594 -0.915554583 0.339862794 0.215065479 1.161123753
0.079370379 -0.376973927 0.922816992 -0.002948523 0.385662436 0.865261555 0.320291966 -0.503641367 -0.919219732 0.330474108 0.214060783 1.168043494
0.083601356 -0.372408777 0.924295783 0.004327178 0.378275067 0.869975448 0.316308022 -0.502154231 -0.921910524 0.323194206 0.213604033 1.174292922
0.087911844 -0.367406785 0.925896287 0.012776136 0.371207714 0.874628305 0.311817616 -0.500834346 -0.924378991 0.316287309 0.213274419 1.180478692
0.092013657 -0.364218950 0.926756740 0.021380305 0.364256680 0.878509581 0.309092164 -0.499239206 -0.926741958 0.309136629 0.213504076 1.186579704
0.095765591 -0.361340463 0.927503109 0.029114723 0.360220551 0.881212711 0.306113333 -0.498504698 -0.927938581 0.304790527 0.214552104 1.191941261
0.097510159 -0.358336270 0.928486407 0.037960768 0.356174171 0.883706689 0.303648561 -0.497359782 -0.929318011 0.301093966 0.213800490 1.197764277
0.095443547 -0.355117738 0.929936528 0.046937346 0.353131533 0.885520577 0.301913023 -0.496217847 -0.930692554 0.299574256 0.209920466 1.203407645
0.088474572 -0.353946894 0.931071341 0.051968575 0.352675945 0.885316968 0.303040504 -0.505825639 -0.931553543 0.301555097 0.203156590 1.202686667
0.078769803 -0.349671125 0.933555365 0.060698628 0.356739759 0.884338081 0.301136047 -0.505782962 -0.930877090 0.309315830 0.194400728 1.207918167
0.064401567 -0.342908680 0.937158525 0.069465876 0.360460639 0.883697033 0.298576117 -0.506062925 -0.930548608 0.318579972 0.180516541 1.212712526
0.046262264 -0.334691644 0.941191494 0.077822924 0.368552983 0.881446779 0.295330733 -0.507534564 -0.928454936 0.333216220 0.164129317 1.217038870
0.025879323 -0.327728957 0.944417298 0.085980415 0.374391407 0.879153609 0.294822097 -0.508751750 -0.926909626 0.345951915 0.145450771 1.221021175
0.002652049 -0.323506832 0.946222067 0.093564153 0.375160277 0.877434492 0.298937321 -0.509952903 -0.926956177 0.354192138 0.123693943 1.224168777
-0.020824552 -0.324221641 0.945752025 0.099633098 0.375946969 0.873992085 0.307898939 -0.511562943 -0.926407218 0.361964405 0.103689611 1.226742029
-0.044633389 -0.328895569 0.943311036 0.104111075 0.378407300 0.868324876 0.320655435 -0.513170063 -0.924562514 0.371267647 0.085700154 1.229077101
-0.065459728 -0.334757805 0.940027833 0.107652783 0.381649673 0.862023234 0.333555758 -0.515830100 -0.921986222 0.380595744 0.071332455 1.230938911
-0.082933903 -0.343678772 0.935418069 0.109072089 0.387262225 0.853764951 0.348013461 -0.522793412 -0.918232024 0.391114175 0.062287688 1.229724288
-0.098244905 -0.352979511 0.930458903 0.110714197 0.391632289 0.845823944 0.362223804 -0.530474663 -0.914862037 0.399984241 0.055140257 1.229346752
-0.110186934 -0.363013059 0.925246179 0.112280369 0.393927366 0.838725448 0.375979871 -0.541370392 -0.912513077 0.405907840 0.050584197 1.227221370
-0.119252205 -0.370064408 0.921320498 0.113933086 0.394871920 0.833719909 0.385988772 -0.555261791 -0.910963953 0.409833491 0.046705127 1.222254515
-0.126564741 -0.375260472 0.918238103 0.115608454 0.396584392 0.829340279 0.393593132 -0.571264207 -0.909231842 0.413973808 0.043857217 1.216334820
-0.132683754 -0.377292275 0.916539967 0.117988944 0.399991453 0.825689316 0.397798866 -0.589070141 -0.906863749 0.419389576 0.041358113 1.208765268
-0.137549639 -0.377863914 0.915586770 0.120182633 0.403087884 0.823011875 0.400214463 -0.607441306 -0.904765427 0.424111217 0.039107382 1.199294448
-0.141281962 -0.378859460 0.914606452 0.123271465 0.403409660 0.821654558 0.402671695 -0.624541819 -0.904046535 0.425851345 0.036750555 1.189880848
-0.144738197 -0.379456073 0.913818359 0.127111912 0.404984444 0.819924712 0.404612243 -0.640667796 -0.902794838 0.428645074 0.034999311 1.179469347
-0.147025704 -0.377764016 0.914154291 0.130321145 0.402685195 0.821283519 0.404151052 -0.659187436 -0.903453588 0.427536935 0.031370103 1.164234519
-0.149337530 -0.376211435 0.914419711 0.134917140 0.400081664 0.822716653 0.403821766 -0.673535466 -0.904230654 0.426148236 0.027652860 1.151342630
-0.150776267 -0.376621991 0.914014578 0.139812946 0.391826361 0.826089740 0.405028194 -0.686063230 -0.907600641 0.419203550 0.023015618 1.137845039
-0.151208520 -0.377366662 0.913635910 0.144746780 0.380985141 0.830608845 0.406127125 -0.698155522 -0.912132919 0.409491509 0.018175900 1.123586178
-0.151457191 -0.380974263 0.912096322 0.150323987 0.370763332 0.833474338 0.409701318 -0.708864331 -0.916294515 0.400223941 0.015015602 1.109012365
-0.151230335 -0.383100033 0.911243081 0.156460643 0.360726893 0.836884260 0.411704868 -0.718827665 -0.920329094 0.390972108 0.011632204 1.094386458
-0.151652455 -0.384871215 0.910426199 0.163158536 0.352232903 0.839568734 0.413589627 -0.728765070 -0.923544109 0.383403867 0.008241594 1.079719186
-0.152181029 -0.386076301 0.909827650 0.170285225 0.349542350 0.840033829 0.414925694 -0.737396836 -0.924478948 0.381166995 0.007112801 1.065833211
-0.153096199 -0.386733860 0.909394562 0.178054929 0.352198511 0.838460565 0.415860623 -0.745801687 -0.923318923 0.383954078 0.007841885 1.052309275
-0.154350400 -0.388314873 0.908508539 0.187774539 0.357501715 0.835271299 0.417749256 -0.756269753 -0.921069384 0.389273018 0.009898722 1.037912369
-0.154792547 -0.389238209 0.908038020 0.196580172 0.360635966 0.833428979 0.418733746 -0.763573349 -0.919772387 0.392287940 0.011364698 1.024687290
-0.154803872 -0.389354378 0.907986224 0.206182837 0.358931094 0.834098577 0.418865234 -0.770276845 -0.920437038 0.390746444 0.010629714 1.011265278
-0.154699802 -0.388069540 0.908553839 0.217164516 0.356636435 0.835681558 0.417668283 -0.777245641 -0.921346068 0.388636589 0.009119987 0.998337030
-0.154578090 -0.387830138 0.908676922 0.227979898 0.354141712 0.836863756 0.417423993 -0.782660186 -0.922328413 0.386324853 0.007986009 0.985330641
-0.154513240 -0.386398792 0.909297466 0.239522815 0.350509405 0.839046121 0.416106701 -0.787344515 -0.923725605 0.383011222 0.005792618 0.972530067
-0.155216098 -0.385831535 0.909418523 0.253413320 0.346922934 0.840653181 0.415868580 -0.792228222 -0.924960792 0.380047619 0.003370881 0.960147679
-0.156264424 -0.383113831 0.910387456 0.266253948 0.344502062 0.842688322 0.413756788 -0.796717882 -0.925688803 0.378285825 0.000301301 0.948128939
-0.159931302 -0.379243851 0.911370575 0.279668927 0.344735205 0.843665421 0.411565691 -0.801102996 -0.924975574 0.380003661 -0.004189849 0.936217010
-0.167778254 -0.372621626 0.912690461 0.299574614 0.344615966 0.845235467 0.408432156 -0.805924416 -0.923628986 0.383053631 -0.013400793 0.923611879
-0.178201199 -0.362027645 0.914975703 0.314063311 0.344570518 0.848025441 0.402646244 -0.810129702 -0.921691835 0.387025595 -0.026375175 0.911795855
-0.191117764 -0.354879767 0.915169179 0.328448534 0.343268663 0.849318147 0.401030272 -0.813464284 -0.919587314 0.390792817 -0.040500760 0.900391579
-0.204391003 -0.355440259 0.912078023 0.344339013 0.340383470 0.847797453 0.406667680 -0.815902591 -0.917803526 0.393575519 -0.052296162 0.889368117
-0.216488838 -0.360683739 0.907215536 0.357538700 0.338664770 0.843806326 0.416289628 -0.817271888 -0.915663064 0.397363961 -0.060523868 0.879297495
-0.226714969 -0.368120342 0.901713729 0.370593667 0.334801227 0.839945912 0.427081943 -0.818667531 -0.914608359 0.398720741 -0.067181110 0.869668186
-0.236080170 -0.374025106 0.896867752 0.386221647 0.331176043 0.836732209 0.436121136 -0.820516288 -0.913558364 0.399980515 -0.073667765 0.861090004
-0.244518638 -0.377883732 0.892980874 0.399946094 0.326887190 0.834900916 0.442815155 -0.822971165 -0.912883222 0.400180429 -0.080623507 0.852254868
-0.252167940 -0.379287571 0.890254080 0.413742542 0.325356752 0.833194077 0.447136045 -0.826117575 -0.911347568 0.402403533 -0.086701035 0.843842328
-0.258737206 -0.379771799 0.888160348 0.437078714 0.321090907 0.833370030 0.449883431 -0.828144610 -0.911019206 0.401581675 -0.093682647 0.834879160
-0.264487982 -0.375236779 0.888393879 0.452626586 0.319434255 0.835110128 0.447831303 -0.832180619 -0.909949541 0.402229398 -0.101013184 0.827644825
-0.269194365 -0.367209315 0.890332341 0.468731284 0.318293571 0.838589311 0.442105323 -0.836806476 -0.908968449 0.402399391 -0.108863235 0.820834875
-0.273616791 -0.360725820 0.891633868 0.486365795 0.317272604 0.841275454 0.437714279 -0.840679526 -0.908004522 0.402656913 -0.115738630 0.814682722
-0.276703477 -0.353391379 0.893616080 0.502884030 0.319011360 0.843406737 0.432315648 -0.845759749 -0.906458497 0.404696941 -0.120637655 0.809216619
-0.279243708 -0.349034041 0.894538045 0.519243896 0.320350498 0.844358921 0.429457277 -0.850691199 -0.905206442 0.406488866 -0.123968601 0.804495752
-0.280719995 -0.346001834 0.895253778 0.538317621 0.325150520 0.843321085 0.427886337 -0.855554402 -0.903035879 0.411208361 -0.124234438 0.799492955
-0.283011556 -0.342986375 0.895692408 0.554045618 0.333508521 0.840403497 0.427193195 -0.861232519 -0.899264514 0.419621617 -0.123455048 0.796124578
-0.287238598 -0.340672165 0.895229876 0.569285154 0.341119200 0.836958170 0.427947044 -0.867112815 -0.895059645 0.428303003 -0.124196887 0.792792618
-0.296065688 -0.336954176 0.893760026 0.586497366 0.348722398 0.832988977 0.429560333 -0.870102465 -0.889234364 0.438852221 -0.129115939 0.792256653
-0.307732821 -0.335401744 0.890396714 0.600598037 0.356112331 0.827191591 0.434670180 -0.876090288 -0.882317781 0.450843483 -0.135113358 0.788102567
-0.322351694 -0.332984120 0.886121511 0.614109814 0.361687511 0.821742117 0.440365851 -0.882105529 -0.874798179 0.462451637 -0.144453764 0.783026099
-0.339351892 -0.330409080 0.880721509 0.629703164 0.364303619 0.817049623 0.446892381 -0.887644172 -0.867250502 0.472503722 -0.156898141 0.775655568
-0.358121634 -0.326872230 0.874587774 0.642514169 0.363744855 0.813861966 0.453120679 -0.893385172 -0.859906316 0.480399042 -0.172563553 0.768007576
-0.378705144 -0.322379798 0.867556214 0.654641509 0.358514398 0.813091218 0.458639383 -0.898754954 -0.853258371 0.484720469 -0.192344069 0.759062648
-0.400889993 -0.317365915 0.859398842 0.671540499 0.352762312 0.812269926 0.464517355 -0.909620047 -0.845485806 0.489383757 -0.213676095 0.745995760
-0.424958944 -0.311443597 0.849948883 0.682881236 0.343954831 0.812971056 0.469865084 -0.914174020 -0.837320328 0.492017269 -0.238356829 0.734586835
-0.450131059 -0.305659950 0.839019716 0.693292737 0.334304273 0.813577354 0.475744188 -0.918332338 -0.828023374 0.494635105 -0.264032960 0.722575843
-0.476187229 -0.299824476 0.826650620 0.704715848 0.325416446 0.813250601 0.482418537 -0.923585534 -0.816915035 0.498727202 -0.289691806 0.709574699
-0.501357079 -0.292414099 0.814331114 0.713796496 0.318377107 0.812783122 0.487872571 -0.927084923 -0.804535449 0.503862679 -0.314396620 0.697326422
-0.523483753 -0.286230505 0.802519262 0.722129345 0.313557923 0.811067164 0.493813246 -0.930038273 -0.792241395 0.510139406 -0.334830642 0.685567260
-0.542184591 -0.282469839 0.791357756 0.731983066 0.308234543 0.809284568 0.500050008 -0.936235547 -0.781682611 0.515043080 -0.351714730 0.673025310
-0.557611704 -0.280550599 0.781255841 0.738364220 0.303127229 0.807343006 0.506271839 -0.934754252 -0.772776246 0.519122958 -0.365141392 0.663631499
-0.570527554 -0.279493779 0.772257626 0.743777037 0.299140662 0.804997444 0.512341678 -0.930375159 -0.764861763 0.523318589 -0.375665307 0.655773759
-0.580964208 -0.279830456 0.764314175 0.750701904 0.292960882 0.804213524 0.517121434 -0.933826447 -0.759378076 0.524343014 -0.385239959 0.647157967
-0.588951468 -0.279605627 0.758259296 0.755115032 0.289814889 0.802769601 0.521122217 -0.923826218 -0.754416227 0.526670456 -0.391758442 0.642179012
-0.594821692 -0.278061688 0.754234076 0.759346604 0.289558351 0.801168084 0.523722947 -0.911813080 -0.749895573 0.529916465 -0.396037102 0.638340294
-0.599151134 -0.276369691 0.751423895 0.764565706 0.290204346 0.799744785 0.525537550 -0.905061901 -0.746190012 0.532942832 -0.398964405 0.633397460
-0.602003694 -0.274491608 0.749830484 0.767961621 0.290015280 0.799765110 0.525610924 -0.896684885 -0.743964076 0.533882022 -0.401854873 0.628102362
-0.603548765 -0.273812890 0.748836219 0.770722628 0.291750789 0.798210084 0.527012467 -0.891140640 -0.742031395 0.536551237 -0.401873589 0.622002482
-0.604175091 -0.271248698 0.749264359 0.771737218 0.294822335 0.797465146 0.526430666 -0.891823769 -0.740305781 0.538955986 -0.401838422 0.614807189
-0.604406595 -0.271358967 0.749037564 0.774263024 0.296612799 0.795961738 0.527698576 -0.893193126 -0.739401042 0.541118562 -0.400596023 0.605303466
-0.603823662 -0.271431565 0.749481380 0.776445150 0.296138823 0.796556950 0.527066231 -0.896885395 -0.740067065 0.540205479 -0.400598526 0.594630063
-0.602983713 -0.276761353 0.748207033 0.775276780 0.290924489 0.797015131 0.529272974 -0.903056860 -0.742814600 0.536814749 -0.400070429 0.584022999
-0.602130294 -0.280292958 0.747579515 0.776464820 0.287263244 0.797583997 0.530414641 -0.906175137 -0.744928896 0.534130752 -0.399731636 0.573390841
-0.602544308 -0.284893185 0.745504141 0.777249336 0.281006426 0.798563242 0.532289505 -0.906067312 -0.746977925 0.530219436 -0.401113033 0.563754976
-0.604992747 -0.289347678 0.741796374 0.775109172 0.273017138 0.799771309 0.534628332 -0.903572202 -0.747960925 0.525969326 -0.404858947 0.555691183
-0.609543204 -0.291950524 0.737036228 0.774992347 0.266257882 0.800315499 0.537216783 -0.897512853 -0.746702194 0.523698449 -0.410092831 0.547751904
-0.615823627 -0.293971151 0.730987251 0.774330735 0.261960655 0.798605442 0.541854203 -0.888442159 -0.743059933 0.525176466 -0.414791226 0.541257381
-0.623611689 -0.294542432 0.724122405 0.771643639 0.258500218 0.796495914 0.546600401 -0.876104832 -0.737757564 0.528052151 -0.420564890 0.536400020
-0.632767558 -0.295275152 0.715833902 0.770557523 0.253183663 0.794737041 0.551625907 -0.861403584 -0.731781125 0.530288279 -0.428125024 0.532498896
-0.641338348 -0.296659380 0.707586467 0.769587040 0.246593386 0.793601155 0.556227446 -0.845364928 -0.726551473 0.531216025 -0.435812593 0.529506803
-0.649217367 -0.297201127 0.700134635 0.769081354 0.240417525 0.793120742 0.559606075 -0.826594591 -0.721606851 0.531630516 -0.443455338 0.525446892
-0.657180548 -0.297220826 0.692656994 0.768499494 0.236225486 0.791450977 0.563740134 -0.810715437 -0.715759397 0.534102201 -0.449915171 0.523572743
-0.666445017 -0.297864735 0.683467388 0.768027306 0.229520246 0.790234268 0.568199158 -0.794532835 -0.709345818 0.535543084 -0.458281755 0.521956623
-0.677019715 -0.296649992 0.673530519 0.767508149 0.223111510 0.789371729 0.571938455 -0.777775228 -0.701331437 0.537485898 -0.468234181 0.519463062
-0.688867211 -0.294966757 0.662160814 0.767269492 0.218440965 0.786534667 0.577621639 -0.760666013 -0.691191614 0.542547524 -0.477385163 0.518847525
-0.701507449 -0.292229980 0.649991930 0.767479539 0.214539200 0.783156872 0.583642304 -0.742547512 -0.679603398 0.548878014 -0.486695647 0.518846333
-0.714584231 -0.290097117 0.636563540 0.769529462 0.209818661 0.779187441 0.590629399 -0.724060416 -0.667342186 0.555617392 -0.495927215 0.518181205
-0.727955580 -0.285965353 0.623141170 0.770932555 0.205461323 0.776111245 0.596185446 -0.704668403 -0.654115200 0.562027812 -0.506219745 0.519030929
-0.740413308 -0.282701015 0.609810293 0.773051262 0.201393202 0.772262454 0.602537513 -0.684793949 -0.641271532 0.568938375 -0.514859438 0.520369232
-0.750674367 -0.281710565 0.597601593 0.778275251 0.197526023 0.767462969 0.609905005 -0.663083315 -0.630453765 0.575881720 -0.520469785 0.517474711
-0.759143233 -0.278431207 0.588369131 0.782079816 0.196560204 0.763645113 0.614988089 -0.642649651 -0.620537043 0.582513809 -0.524987578 0.519327104
-0.765083790 -0.276888043 0.581360579 0.786615372 0.193069607 0.762654901 0.617318153 -0.623413622 -0.614305496 0.584543109 -0.530036330 0.520999014
-0.769021988 -0.274968296 0.577059865 0.793137074 0.192070514 0.761637926 0.618883431 -0.606252730 -0.609683990 0.586770952 -0.532903075 0.521143675
-0.771288872 -0.271975130 0.575450540 0.799559832 0.192598283 0.761991620 0.618283689 -0.592166901 -0.606646299 0.587706029 -0.535333753 0.521360219
-0.772053123 -0.267704189 0.576427519 0.807139754 0.196392566 0.762086749 0.616971433 -0.580891490 -0.604453623 0.589540660 -0.535796404 0.520612180
-0.771099687 -0.268109798 0.577514291 0.816120386 0.197924823 0.761153162 0.617633939 -0.571369290 -0.605170488 0.590561628 -0.533859372 0.518059969
-0.769276857 -0.268662184 0.579684317 0.825357556 0.200010195 0.760427535 0.617855906 -0.564643919 -0.606802404 0.591244936 -0.531244159 0.515446663
-0.766174316 -0.269350380 0.583461642 0.835317373 0.201347128 0.761593282 0.615982950 -0.560790777 -0.610275745 0.589428604 -0.529280305 0.511625886
-0.762209296 -0.270714194 0.588006377 0.846514940 0.201109245 0.764376640 0.612603843 -0.563795328 -0.615298867 0.585185587 -0.528171897 0.505523741
-0.757259130 -0.273162574 0.593246460 0.858298779 0.201876462 0.765955329 0.610375583 -0.564585388 -0.621132016 0.581974804 -0.524881721 0.499299109
-0.752269745 -0.279562056 0.596602976 0.870779157 0.201008350 0.764960051 0.611908257 -0.567745984 -0.627443731 0.580242336 -0.519262075 0.491694808
-0.747513056 -0.284770757 0.600108385 0.882595658 0.203089386 0.762197912 0.614661753 -0.572405815 -0.632439017 0.581343234 -0.511919022 0.484753191
-0.743143678 -0.288608521 0.603691101 0.897215605 0.205895141 0.759798169 0.616696000 -0.577479124 -0.636667132 0.582590699 -0.505216122 0.475778490
-0.739152312 -0.292704672 0.606611848 0.912952781 0.209056407 0.756451190 0.619739473 -0.581545889 -0.640272856 0.584897935 -0.497940898 0.466696143
-0.736363411 -0.293634593 0.609547198 0.928150654 0.215915188 0.751824319 0.623009503 -0.584129214 -0.641209543 0.590371907 -0.490215778 0.460353553
-0.733980894 -0.295584738 0.611475289 0.945304871 0.220748663 0.747617006 0.626369536 -0.586636484 -0.642294586 0.594725549 -0.483486772 0.452055573
-0.732075572 -0.293384016 0.614810109 0.963436782 0.224642977 0.748055816 0.624458253 -0.588791728 -0.643118382 0.595263302 -0.481726766 0.442976594
-0.730838060 -0.291442454 0.617201149 0.979495585 0.225323975 0.750545204 0.621217370 -0.591949284 -0.644286454 0.593079448 -0.482858062 0.436270744
-0.730524898 -0.284962773 0.620588362 0.999158502 0.228701532 0.754200041 0.615530670 -0.592401922 -0.643451035 0.591589868 -0.485790491 0.426158249
-0.730893731 -0.280960292 0.621977568 1.019196987 0.231908634 0.754868031 0.613508523 -0.591644943 -0.641882539 0.592651308 -0.486571193 0.416389674
-0.731559277 -0.277248204 0.622860134 1.040018320 0.229895100 0.759762347 0.608201861 -0.590669334 -0.641848505 0.588128090 -0.492073178 0.406962097
-0.732463717 -0.273436606 0.623481929 1.060758829 0.227443933 0.764900565 0.602657795 -0.588597834 -0.641690433 0.583232045 -0.498070478 0.396473885
-0.733556986 -0.268013090 0.624550641 1.081703186 0.228548795 0.768158793 0.598078251 -0.586544275 -0.640046895 0.581464648 -0.502234221 0.386016756
-0.734801650 -0.263570100 0.624977887 1.103359461 0.231991813 0.768181860 0.596721411 -0.585318446 -0.637374580 0.583461642 -0.503315210 0.376568496
-0.736382484 -0.261959821 0.623793423 1.124462366 0.233343482 0.767091036 0.597597003 -0.582170129 -0.635052741 0.585618019 -0.503745794 0.366979480
-0.738917947 -0.255256325 0.623573840 1.145582676 0.237917781 0.767008722 0.595896602 -0.579005063 -0.630392969 0.588678002 -0.506026506 0.357936919
-0.742431998 -0.245401755 0.623355985 1.166495442 0.245414302 0.766177893 0.593922019 -0.580372810 -0.623351097 0.593927145 -0.508609891 0.347037435
-0.745727062 -0.234074861 0.623779118 1.187660217 0.254614651 0.765061617 0.591482997 -0.577537775 -0.615680754 0.599908113 -0.510928392 0.338084877
-0.749801040 -0.223912418 0.622624695 1.208174348 0.263077110 0.762535870 0.591041028 -0.574020803 -0.607115090 0.606961548 -0.512843966 0.328838170
-0.753817677 -0.213316202 0.621494234 1.228391528 0.270985901 0.760733247 0.589789450 -0.570914268 -0.598602951 0.613009870 -0.515648484 0.318648934
-0.758525133 -0.204429343 0.618747771 1.246877432 0.276036263 0.759320736 0.589267373 -0.566662848 -0.590291560 0.617770791 -0.519534111 0.308696091
-0.763743401 -0.197550714 0.614548981 1.263961911 0.278313279 0.758219600 0.589614093 -0.561004639 -0.582441747 0.621350825 -0.524104238 0.298523486
-0.769252062 -0.193411499 0.608969390 1.280645490 0.277855515 0.756987333 0.591410637 -0.554193735 -0.575367749 0.624149203 -0.528573751 0.286363602
-0.774946809 -0.189420313 0.602974176 1.294982314 0.276125252 0.756698191 0.592589915 -0.546193719 -0.568518043 0.625721872 -0.534097195 0.275364339
-0.780811071 -0.187274352 0.596039355 1.307946324 0.273894161 0.754849553 0.595973313 -0.536991775 -0.561530530 0.628594100 -0.538101554 0.264420331
-0.786994934 -0.186498046 0.588096559 1.320361257 0.270491242 0.752420068 0.600581825 -0.529510617 -0.554503024 0.631729782 -0.541704774 0.250475168
-0.793301582 -0.189973369 0.578431547 1.330474377 0.263706774 0.749109864 0.607694983 -0.518828630 -0.548754632 0.634621620 -0.544172883 0.239176095
-0.799896836 -0.190083951 0.569239259 1.339267969 0.259692192 0.745480418 0.613855779 -0.507866263 -0.541040897 0.638848245 -0.546944141 0.227622449
-0.806209564 -0.188553423 0.560779512 1.348412156 0.257347763 0.741722167 0.619370878 -0.496187419 -0.532727063 0.643658102 -0.549459696 0.213343978
-0.812035322 -0.185755655 0.553257346 1.355439305 0.255850524 0.738732874 0.623549759 -0.484600812 -0.524537325 0.647895515 -0.552351594 0.199858904
-0.817398906 -0.183396384 0.546099961 1.361462712 0.254459858 0.735532403 0.627887249 -0.472501457 -0.516826451 0.652194738 -0.554556370 0.185459495
-0.822008252 -0.187269092 0.537804306 1.368663073 0.245550603 0.735527158 0.631430686 -0.459370971 -0.513817132 0.651099145 -0.558625460 0.167998314
-0.825939417 -0.192400202 0.529911578 1.373545647 0.234904721 0.737025142 0.633729935 -0.446337432 -0.512487948 0.647901297 -0.563542485 0.151296139
