1.000000000 0.000000000 0.000000000 0.000000000 0.000000000 1.000000000 0.000000000 0.000009537 0.000000000 0.000000000 1.000000000 -0.000008583
0.999984443 0.003441743 0.004386041 -0.000075021 -0.003460189 0.999985158 0.004204938 0.019252842 -0.004371504 -0.004220049 0.999981523 0.007109236
0.999969780 0.004473844 0.006356271 -0.000657292 -0.004563424 0.999889493 0.014149371 0.041915379 -0.006292267 -0.014177949 0.999879718 0.013436751
0.999969363 0.004609751 0.006323092 -0.001013787 -0.004777356 0.999630690 0.026752839 0.065699741 -0.006197432 -0.026782228 0.999622107 0.021679191
0.999980271 0.001268226 0.006149960 -0.001563970 -0.001492620 0.999328136 0.036620717 0.090669133 -0.006099384 -0.036629174 0.999310315 0.027935611
0.999977767 -0.000291207 0.006658148 -0.002884298 0.000000433 0.999047756 0.043630302 0.117166311 -0.006664514 -0.043629333 0.999025583 0.035567828
0.999972463 -0.004116168 0.006173552 -0.003435333 0.003810192 0.998802245 0.048780780 0.142231643 -0.006366948 -0.048755918 0.998790443 0.043010317
0.999964118 -0.006818984 0.005027697 -0.003917150 0.006545544 0.998597801 0.052531756 0.166708216 -0.005378861 -0.052496962 0.998606622 0.049257915
0.999967277 -0.006923315 0.004181731 -0.004622757 0.006673589 0.998349667 0.057038143 0.189857915 -0.004569723 -0.057008371 0.998363256 0.055068471
0.999975026 -0.005654550 0.004243215 -0.005471691 0.005378783 0.998036385 0.062405195 0.211591199 -0.004587756 -0.062380809 0.998041868 0.060085218
0.999987185 -0.000190122 0.005062827 -0.006270680 -0.000167334 0.997511029 0.070510045 0.231377780 -0.005063632 -0.070509985 0.997498214 0.064794399
0.999996603 0.000425932 0.002566663 -0.007064859 -0.000634401 0.996650457 0.081777081 0.249518722 -0.002523235 -0.081778437 0.996647358 0.067029990
0.999990940 0.003222708 0.002773030 -0.007690674 -0.003475153 0.995331824 0.096449502 0.265260965 -0.002449257 -0.096458264 0.995334029 0.068613991
0.999991953 0.003790750 0.001290593 -0.008382848 -0.003912753 0.993528306 0.113517538 0.277670473 -0.000851924 -0.113521680 0.993535161 0.070413023
0.999995053 0.003040415 0.000780153 -0.009431692 -0.003116372 0.991392493 0.130886227 0.284128636 -0.000375490 -0.130888015 0.991397083 0.070983879
0.999995649 0.002703102 -0.001156292 -0.010219891 -0.002508152 0.989548802 0.144176424 0.283037782 0.001533931 -0.144172907 0.989551306 0.068806484
0.999988914 0.002594738 -0.003924373 -0.011089013 -0.001980086 0.988801241 0.149225265 0.273046911 0.004267625 -0.149215847 0.988795459 0.064692549
0.999986827 0.000422581 -0.005110323 -0.011150215 0.000329272 0.989249885 0.146234587 0.254765898 0.005117182 -0.146234348 0.989236712 0.060468789
0.999984145 0.005353769 -0.001729839 -0.012649860 -0.005060680 0.990240932 0.139274061 0.229019865 0.002458598 -0.139263093 0.990252376 0.054469936
0.999893367 0.013997227 0.004165254 -0.013756159 -0.014418790 0.991476953 0.129482016 0.197691530 -0.002317365 -0.129528269 0.991573036 0.047597125
0.999750197 0.019627757 0.010690237 -0.013351519 -0.020739850 0.992982507 0.116428435 0.162639961 -0.008329990 -0.116621062 0.993141532 0.042005647
0.999483168 0.024361921 0.020974202 -0.013332901 -0.026342364 0.994638562 0.100001022 0.125034064 -0.018425534 -0.100501850 0.994766235 0.033745307
0.998962760 0.032696523 0.031691324 -0.013666618 -0.035297796 0.995726883 0.085334986 0.085400850 -0.028765747 -0.086365104 0.995848179 0.026292892
0.998665869 0.037089087 0.035928726 -0.014593136 -0.039538689 0.996759117 0.070056900 0.046911653 -0.033213936 -0.071384013 0.996895790 0.018909920
0.998634815 0.037793960 0.036057282 -0.016604999 -0.039741684 0.997699320 0.054924354 0.012893875 -0.033898514 -0.056282349 0.997839272 0.010489455
0.998766184 0.036296774 0.033891197 -0.017833861 -0.037698794 0.998419166 0.041688945 -0.020916069 -0.032324445 -0.042915169 0.998555660 0.003347920
0.998811722 0.034336224 0.034585211 -0.018475465 -0.035320930 0.998975933 0.028275097 -0.051884424 -0.033578936 -0.029463081 0.999001682 -0.003441097
0.998957336 0.028736791 0.035474110 -0.020208448 -0.029231912 0.999481261 0.013518333 -0.082872607 -0.035067234 -0.014541213 0.999279141 -0.011416637
0.999027491 0.025137404 0.036224242 -0.020006293 -0.025060961 0.999682665 -0.002562815 -0.108725481 -0.036277171 0.001652508 0.999340415 -0.017732274
0.999141097 0.020294158 0.036127932 -0.019872883 -0.019577062 0.999606431 -0.020093186 -0.131113604 -0.036521487 0.019368650 0.999145150 -0.023807198
0.999134779 0.022026462 0.035278160 -0.018911794 -0.020783508 0.999163449 -0.035220351 -0.146647230 -0.036024425 0.034456674 0.998756707 -0.029368969
0.999093175 0.022248544 0.036301587 -0.018851934 -0.020582996 0.998746455 -0.045626774 -0.155415192 -0.037271213 0.044838205 0.998298764 -0.033558995
0.998803973 0.027372167 0.040513996 -0.017855734 -0.025409739 0.998515189 -0.048185229 -0.155311733 -0.041772772 0.047098145 0.998016417 -0.035274453
0.998526633 0.033142898 0.042966861 -0.015547562 -0.031267677 0.998559475 -0.043604445 -0.145688355 -0.044350144 0.042196725 0.998124480 -0.033097118
0.998222053 0.038414598 0.045575012 -0.014324872 -0.036916614 0.998764455 -0.033267368 -0.128962100 -0.046796653 0.031525742 0.998406827 -0.030079072
0.998237610 0.035875212 0.047271628 -0.013505381 -0.034927208 0.999174833 -0.020730333 -0.106461138 -0.047976326 0.019042732 0.998666942 -0.024285322
0.998408318 0.033325128 0.045500625 -0.010902605 -0.033013158 0.999426067 -0.007590876 -0.078887314 -0.045727480 0.006076674 0.998935461 -0.015562174
0.998601139 0.028624030 0.044457741 -0.009762277 -0.028765114 0.999583006 0.002536860 -0.049251258 -0.044366583 -0.003812143 0.999008060 -0.007480247
0.998544991 0.032031998 0.043380335 -0.007678444 -0.032477848 0.999426246 0.009612050 -0.018257458 -0.043047555 -0.011006964 0.999012411 0.000823828
0.998772562 0.028385274 0.040591024 -0.004705707 -0.028939750 0.999494791 0.013138223 0.014262735 -0.040197589 -0.014296790 0.999089479 0.010936009
0.998998880 0.028359041 0.034597680 -0.003502307 -0.028938301 0.999447346 0.016358372 0.046919946 -0.034114651 -0.017343193 0.999267459 0.018062504
0.999108553 0.027013224 0.032441169 -0.002384517 -0.027702738 0.999395669 0.020996200 0.079821467 -0.031854391 -0.021876192 0.999253094 0.025171837
0.999334931 0.022402629 0.028772436 -0.000427786 -0.023275729 0.999267459 0.030377390 0.113263190 -0.028070826 -0.031026887 0.999124289 0.032458246
0.999251604 0.019900942 0.033169653 0.000038041 -0.021346839 0.998811245 0.043822475 0.144516453 -0.032258112 -0.044497743 0.998488545 0.038950365
0.999172986 0.016708141 0.037070639 0.000199585 -0.018913021 0.998022377 0.059947196 0.173533455 -0.035995722 -0.060598735 0.997512937 0.045282181
0.999022841 0.017272471 0.040681716 -0.000014225 -0.020376345 0.996810377 0.077161387 0.200085640 -0.039219189 -0.077914938 0.996188283 0.051892426
0.999018729 0.018774467 0.040113796 -0.000489015 -0.022487747 0.995297432 0.094219543 0.221772686 -0.038156237 -0.095029153 0.994742990 0.055496380
0.999175727 0.017576519 0.036592014 -0.001877569 -0.021462444 0.993846357 0.108668335 0.237240732 -0.034456827 -0.109364115 0.993404329 0.057036329
0.999285161 0.018316785 0.033071190 -0.003148016 -0.022141995 0.992613971 0.119278207 0.247996122 -0.030642131 -0.119925201 0.992309928 0.062263254
0.999337316 0.018835513 0.031147346 -0.004451847 -0.022632347 0.991717815 0.126426056 0.247621611 -0.028508078 -0.127047226 0.991486907 0.061372634
0.999423563 0.018890360 0.028207324 -0.006071532 -0.022370009 0.991439581 0.128635541 0.237901345 -0.025535889 -0.129192397 0.991290689 0.058776781
0.999508679 0.017409487 0.026063927 -0.008079707 -0.020504983 0.992114484 0.123646170 0.219735622 -0.023705784 -0.124119863 0.991984010 0.054930877
0.999533057 0.017422689 0.025102094 -0.010146217 -0.020105312 0.993626118 0.110918395 0.195835084 -0.023009598 -0.111371286 0.993512452 0.048887014
0.999536335 0.016847646 0.025361998 -0.012104178 -0.019219248 0.995159626 0.096374117 0.165798455 -0.023615560 -0.096816875 0.995021999 0.037902851
0.999396563 0.020719832 0.027877923 -0.013497069 -0.022976818 0.996264756 0.083238490 0.135259002 -0.026049104 -0.083828814 0.996139646 0.031926289
0.999277413 0.021388130 0.031419285 -0.014474033 -0.023637781 0.997046828 0.073067673 0.103531770 -0.029763715 -0.073757552 0.996831954 0.024742026
0.998974502 0.025742754 0.037245158 -0.014654591 -0.028186675 0.997377992 0.066653349 0.071505204 -0.035431657 -0.067634813 0.997080803 0.017274687
0.998726964 0.026363699 0.043004103 -0.015070157 -0.028982749 0.997688591 0.061461411 0.039709512 -0.041284353 -0.062629551 0.997182608 0.010744209
0.998654544 0.025142312 0.045353651 -0.014864515 -0.027701758 0.998005927 0.056716748 0.007637860 -0.043837219 -0.057896815 0.997359633 0.002593566
0.998545289 0.021389404 0.049495503 -0.014047122 -0.023862237 0.998468041 0.049921475 -0.025115337 -0.048351891 -0.051029928 0.997525930 -0.004656709
0.998355389 0.015589135 0.055167753 -0.011801820 -0.017851366 0.999009728 0.040754054 -0.057323389 -0.054477800 -0.041671846 0.997645020 -0.011426786
0.997874916 0.011017857 0.064220853 -0.009935405 -0.012803627 0.999540865 0.027461793 -0.089624025 -0.063888796 -0.028225694 0.997557759 -0.018044563
0.997488618 0.006311551 0.070545122 -0.008497821 -0.007121147 0.999911606 0.011230687 -0.119293317 -0.070468009 -0.011704843 0.997445345 -0.025112426
0.997235656 0.006213282 0.074043907 -0.006775718 -0.005796551 0.999966145 -0.005841728 -0.145264879 -0.074077703 0.005396380 0.997237861 -0.032117635
0.996962726 0.006069816 0.077643260 -0.005825920 -0.004337833 0.999738395 -0.022456182 -0.165354684 -0.077759251 0.022051172 0.996728241 -0.038140669
0.996957958 0.008941007 0.077426508 -0.005033244 -0.006384308 0.999428153 -0.033205781 -0.178126946 -0.077679127 0.032610450 0.996444941 -0.042639587
0.996798456 0.011215720 0.079164520 -0.003262057 -0.008231673 0.999246836 -0.037920456 -0.183970243 -0.079530209 0.037147399 0.996140063 -0.045082834
0.996418118 0.015740877 0.083085530 -0.002164448 -0.012594437 0.999188483 -0.038259111 -0.180730060 -0.083620332 0.037075654 0.995807707 -0.044498865
0.996259570 0.019671543 0.084142201 -0.001529837 -0.016694186 0.999214411 -0.035943281 -0.169727892 -0.084783159 0.034404155 0.995805264 -0.041536938
0.996364832 0.021334754 0.082473874 0.000134343 -0.018620880 0.999264002 -0.033536218 -0.150561675 -0.083128661 0.031878576 0.996028781 -0.037271857
0.996516764 0.021078678 0.080684550 0.000603363 -0.018763887 0.999393344 -0.029340971 -0.128397092 -0.081254072 0.027724814 0.996307731 -0.030054392
0.996618509 0.022173859 0.079119600 0.001918091 -0.020282358 0.999490857 -0.024630997 -0.101601541 -0.079625480 0.022942975 0.996560812 -0.021537418
0.997013986 0.020257575 0.074516937 0.004155198 -0.018837733 0.999628305 -0.019707793 -0.072795689 -0.074888468 0.018245215 0.997025013 -0.011958440
0.997263193 0.023927800 0.069953755 0.006174820 -0.023059651 0.999647081 -0.013191738 -0.040103190 -0.070244715 0.011542526 0.997462988 -0.003351760
0.997445524 0.024925292 0.066941805 0.007996098 -0.024524357 0.999676049 -0.006804541 -0.006845641 -0.067089729 0.005145454 0.997733653 0.005739070
0.997387052 0.028341226 0.066451788 0.010126879 -0.028524172 0.999591470 0.001805709 0.026697218 -0.066373467 -0.003696473 0.997788012 0.016402107
0.996959567 0.031104177 0.071443319 0.012143155 -0.032093339 0.999403715 0.012739200 0.061186712 -0.071004480 -0.014993321 0.997363329 0.026415551
0.997468829 0.027381318 0.065621316 0.012822437 -0.029373748 0.999130368 0.029592412 0.095214814 -0.064753965 -0.031445052 0.997405708 0.034721818
0.997868419 0.019288048 0.062342357 0.013033747 -0.022489689 0.998441875 0.051068917 0.126930907 -0.061260197 -0.052362122 0.996747434 0.042708889
0.998251975 0.011217304 0.058027674 0.013295496 -0.015525034 0.997113109 0.074326172 0.156505704 -0.057026412 -0.075097129 0.995544255 0.048976608
0.998347163 0.005341448 0.057222217 0.013585236 -0.010759661 0.995437980 0.094802290 0.183589652 -0.056454785 -0.095261291 0.993850172 0.054346807
0.998352289 0.004481170 0.057207242 0.013887699 -0.010761502 0.993878663 0.109951667 0.208010316 -0.056364343 -0.110386126 0.992289245 0.059982099
0.998224735 0.010364242 0.058651488 0.014636774 -0.017362079 0.992610872 0.120092399 0.229534671 -0.056973439 -0.120897509 0.991028666 0.063727096
0.998290837 0.016859207 0.055956498 0.014654880 -0.023820296 0.991722822 0.126168102 0.246570989 -0.053366244 -0.127285361 0.990429461 0.065782405
0.998529315 0.020206578 0.050308146 0.013717545 -0.026551779 0.991309762 0.128841028 0.259076625 -0.047267519 -0.129987314 0.990388334 0.068167888
0.998824656 0.022510802 0.042924974 0.012012929 -0.027882798 0.991256356 0.128970399 0.264088094 -0.039646428 -0.130015686 0.990718961 0.067503072
0.999071360 0.022251286 0.036895074 0.010516240 -0.026840277 0.991286635 0.128958985 0.261630028 -0.033704087 -0.129829511 0.990963340 0.066179343
0.999189734 0.023223635 0.032871775 0.009025150 -0.027288914 0.991245151 0.129183307 0.251085043 -0.029583881 -0.129975662 0.991075754 0.061255969
0.999193132 0.024794646 0.031595286 0.008056425 -0.028669190 0.991261840 0.128755659 0.234355077 -0.028126752 -0.129557580 0.991172910 0.057979982
0.999206245 0.024716526 0.031240063 0.006949509 -0.028463282 0.991644442 0.125821874 0.212184504 -0.027869156 -0.126611188 0.991560876 0.053539895
0.999190927 0.025054032 0.031460073 0.005740260 -0.028705930 0.992166400 0.121580660 0.186228693 -0.028167542 -0.122385383 0.992082834 0.047253825
0.999030948 0.028075479 0.033895466 0.005241099 -0.031893283 0.992510021 0.117926776 0.156865537 -0.030330738 -0.118893534 0.992443621 0.042010747
0.998529851 0.034612615 0.041714728 0.005607609 -0.039163340 0.992738783 0.113736242 0.124470264 -0.037475117 -0.115202725 0.992634833 0.036883801
0.998083889 0.038862985 0.048147790 0.005641776 -0.043892551 0.993155479 0.108238883 0.087082043 -0.043611757 -0.110144816 0.992958248 0.031283025
0.997821927 0.040846311 0.051797986 0.005368114 -0.045786329 0.994124830 0.098078489 0.051135305 -0.047487520 -0.100236505 0.993829727 0.025268672
0.997702658 0.039371796 0.055129029 0.004768394 -0.043953687 0.995451093 0.084529273 0.014196705 -0.051550180 -0.086758204 0.994894743 0.019239910
0.997420728 0.038854335 0.060350597 0.004730349 -0.042806972 0.996924400 0.065645196 -0.020363107 -0.057614386 -0.068059303 0.996016324 0.011576351
0.997032166 0.036639560 0.067708626 0.003975731 -0.039731089 0.998201489 0.044891052 -0.056407478 -0.065942064 -0.047447957 0.996694684 0.005079483
0.996597826 0.036826942 0.073733106 0.003084583 -0.038610671 0.998991609 0.022913754 -0.090503603 -0.072814912 -0.025682680 0.997014761 -0.002124634
0.996016860 0.036293749 0.081444278 0.001349406 -0.036790926 0.999312341 0.004611658 -0.124753222 -0.081220895 -0.007589700 0.996667206 -0.009040442
0.995724261 0.036660131 0.084789447 0.000186474 -0.035767753 0.999287844 -0.012020383 -0.152719304 -0.085169725 0.008936258 0.996326387 -0.016566448
0.995724201 0.032336380 0.086531259 -0.001558221 -0.030242350 0.999219775 -0.025402490 -0.176136002 -0.087285168 0.022676967 0.995925248 -0.023658236
0.995962441 0.028882522 0.084997855 -0.000429088 -0.025844395 0.998994648 -0.036629632 -0.190693632 -0.085970365 0.034285016 0.995707631 -0.031131050
0.995957434 0.022738930 0.086900800 -0.002012859 -0.019210279 0.998965085 -0.041228328 -0.201995492 -0.087748349 0.039392274 0.995363474 -0.034749016
0.995685756 0.020228988 0.090557605 -0.002682566 -0.016619736 0.999044001 -0.040434077 -0.206171185 -0.091288969 0.038754590 0.995070040 -0.035373922
0.995412886 0.017717991 0.094017126 -0.002242392 -0.014287904 0.999211907 -0.037032221 -0.202544481 -0.094599165 0.035519045 0.994881570 -0.034755189
0.995384157 0.016651018 0.094515182 -0.002296249 -0.013651475 0.999385178 -0.032294478 -0.192982227 -0.094994806 0.030855140 0.994999468 -0.031051489
0.994918108 0.015178258 0.099536583 -0.002069903 -0.012596298 0.999568999 -0.026517192 -0.177529857 -0.099896163 0.025128642 0.994680524 -0.024588775
0.994352460 0.015863778 0.104936101 0.000624855 -0.013811739 0.999699473 -0.020253034 -0.157607809 -0.105225854 0.018689303 0.994272709 -0.017672565
0.993551493 0.022130163 0.111200981 0.003209828 -0.020712731 0.999689043 -0.013885814 -0.134269059 -0.111473702 0.011492995 0.993700922 -0.009287060
0.992862582 0.027511725 0.116047569 0.006015021 -0.026724653 0.999608099 -0.008333083 -0.109236509 -0.116231345 0.005172275 0.993208706 -0.000543269
0.992265344 0.036229134 0.118730508 0.008786136 -0.036188915 0.999341846 -0.002495415 -0.083787113 -0.118742771 -0.001820615 0.992923379 0.007582827
0.992002785 0.040152647 0.119658917 0.011399672 -0.040988334 0.999149382 0.004529967 -0.057629697 -0.119375244 -0.009398359 0.992804706 0.015636005
0.992603123 0.043414216 0.113376491 0.013223945 -0.045266796 0.998879373 0.013815893 -0.031272642 -0.112649627 -0.018845888 0.993456006 0.021856999
0.993081808 0.045466639 0.108264990 0.015334678 -0.048394769 0.998525977 0.024572516 -0.005514023 -0.106988169 -0.029641977 0.993818343 0.028240450
0.994226456 0.046672449 0.096620277 0.016366234 -0.050386004 0.998067856 0.036357004 0.019043984 -0.094736725 -0.041015405 0.994657099 0.030625395
0.995458364 0.045588654 0.083572403 0.016963791 -0.049794715 0.997559011 0.048953839 0.041309562 -0.081136659 -0.052892968 0.995298564 0.030448463
0.996621311 0.041297983 0.070995942 0.017181061 -0.045797769 0.996964216 0.062967256 0.059415847 -0.068179995 -0.066005960 0.995487154 0.029143175
0.997650862 0.035680391 0.058477528 0.016888114 -0.040196724 0.996145070 0.077969290 0.074431092 -0.055470124 -0.080136739 0.995239258 0.025693936
0.998288631 0.029637715 0.050411884 0.016947029 -0.034281146 0.994992197 0.093890250 0.085439011 -0.047376741 -0.095457748 0.994305432 0.022064503
0.998909473 0.021474032 0.041457497 0.016291097 -0.025926026 0.993590653 0.110024907 0.092914648 -0.038829103 -0.110979743 0.993063867 0.018393647
0.999313653 0.014685361 0.034007605 0.015792038 -0.018944615 0.991525769 0.128521249 0.097693987 -0.031832036 -0.129077300 0.991123497 0.013312452
0.999549508 0.008811906 0.028690824 0.015174467 -0.012943128 0.989028394 0.147157595 0.099989347 -0.027079301 -0.147462651 0.988696873 0.008058814
0.999569654 0.003916479 0.029071301 0.014929992 -0.008761260 0.985670865 0.168452382 0.101441823 -0.027994994 -0.168634593 0.985280991 0.004516959
0.999374986 -0.001249417 0.035328332 0.014817905 -0.005572044 0.981314838 0.192328170 0.101458572 -0.034908514 -0.192404822 0.980694532 0.001088549
0.998803258 -0.003859462 0.048756693 0.015109357 -0.006814163 0.976178229 0.216863185 0.101044253 -0.048432197 -0.216935873 0.974983692 -0.001559399
0.998081028 -0.009161180 0.061240390 0.013818499 -0.005693830 0.971227348 0.238086194 0.100360766 -0.061659493 -0.237978011 0.969311416 -0.004226367
0.997344434 -0.015151561 0.071235925 0.011937006 -0.003651385 0.966487169 0.256689012 0.098582447 -0.072737843 -0.256267488 0.963865221 -0.007203766
0.996943355 -0.020915179 0.075276546 0.009476203 -0.000485383 0.961824656 0.273666024 0.096882239 -0.078126617 -0.272866070 0.958874524 -0.011016857
0.996782720 -0.024785213 0.076222464 0.006951968 0.001448514 0.956401944 0.292050034 0.096204571 -0.080137834 -0.291000038 0.953360856 -0.015740257
0.996552527 -0.031009313 0.076951452 0.005336570 0.005519955 0.950250149 0.311438978 0.095470056 -0.082780637 -0.309940517 0.947145343 -0.020545727
0.996325731 -0.036266476 0.077587105 0.004390271 0.008536349 0.943458259 0.331381410 0.095556594 -0.085218228 -0.329501539 0.940301359 -0.025957981
0.996068597 -0.043022357 0.077436283 0.004612600 0.013160050 0.936312437 0.350921482 0.096224837 -0.087602019 -0.348522812 0.933197618 -0.031957328
0.996059716 -0.043839820 0.077091217 0.004844985 0.012318190 0.929237962 0.369276434 0.097159311 -0.087825105 -0.366871744 0.926116586 -0.038200773
0.996137500 -0.043010566 0.076551676 0.006114154 0.010244898 0.922793508 0.385158688 0.097654529 -0.087207288 -0.382886738 0.919669867 -0.044121381
0.996410251 -0.041651607 0.073700599 0.008451548 0.008961175 0.917592466 0.397421420 0.097304173 -0.084180348 -0.395334303 0.914671779 -0.049342498
0.996667385 -0.040521421 0.070796750 0.011648379 0.008450205 0.914511561 0.404471487 0.095890254 -0.081134208 -0.402525276 0.911806285 -0.053035025
0.996624529 -0.042055391 0.070504799 0.015909646 0.009871105 0.913977563 0.405644655 0.093696281 -0.081499353 -0.403579473 0.911307573 -0.054898400
0.996771038 -0.041649126 0.068650156 0.020491397 0.010657023 0.916016340 0.400999367 0.091419518 -0.079585940 -0.398972929 0.913502455 -0.055912528
0.997044265 -0.042542797 0.063975342 0.024686204 0.013936508 0.919028580 0.393944502 0.089538850 -0.075554661 -0.391888499 0.916905046 -0.055613983
0.997294009 -0.042022336 0.060321998 0.029355157 0.015508777 0.922320187 0.386115193 0.087734826 -0.071861655 -0.384134829 0.920476139 -0.054176059
0.997482002 -0.039794795 0.058703005 0.032810874 0.014606671 0.925264716 0.379040688 0.086968370 -0.069399670 -0.377228826 0.923516154 -0.052547332
0.997811258 -0.034844618 0.056201298 0.034873359 0.011349633 0.927534819 0.373564452 0.086918764 -0.065145373 -0.372108966 0.925900102 -0.050638165
0.998129368 -0.031743139 0.052250728 0.036054552 0.010225080 0.929282844 0.369227439 0.086750090 -0.060276143 -0.368002504 0.927869022 -0.048574932
0.998493850 -0.025439490 0.048609212 0.036672957 0.005841465 0.930258870 0.366857290 0.085507676 -0.054551810 -0.366020799 0.929006398 -0.045930129
0.998677492 -0.022601729 0.046178807 0.037653435 0.004020540 0.929770768 0.368117034 0.084934399 -0.051255789 -0.367444515 0.928632021 -0.043559801
0.998847246 -0.018304382 0.044374332 0.039279208 0.000458318 0.928033412 0.372496635 0.084185876 -0.047999181 -0.372046918 0.926972032 -0.041305043
0.998911798 -0.015203545 0.044091322 0.041852236 -0.002544966 0.926198125 0.377028674 0.083236903 -0.046569467 -0.376730591 0.925151527 -0.038676362
0.998995602 -0.014187191 0.042503212 0.045951109 -0.003019654 0.925081074 0.379757702 0.082575925 -0.044706609 -0.379504621 0.924109042 -0.036102429
0.998953581 -0.015578086 0.043001298 0.051681034 -0.002012753 0.924320579 0.381611586 0.081943139 -0.045691762 -0.381298780 0.923321962 -0.033192333
0.998877883 -0.017835561 0.043873105 0.059189335 -0.000320541 0.923810124 0.382850796 0.080839671 -0.047358777 -0.382435232 0.922767818 -0.030030606
0.998737216 -0.020155884 0.046019107 0.068744183 0.000919319 0.923171341 0.384387672 0.079810888 -0.050231196 -0.383859932 0.922024071 -0.026562184
0.998598158 -0.023051487 0.047648016 0.079804316 0.002876040 0.922489047 0.386012614 0.078658015 -0.052852940 -0.385334432 0.921262145 -0.023239978
0.998428941 -0.027367383 0.048894092 0.092066571 0.006249453 0.921552598 0.388203293 0.077399172 -0.055682585 -0.387287825 0.920275807 -0.020324137
0.998261154 -0.031931862 0.049548380 0.106330492 0.010072887 0.920609713 0.390354067 0.076188803 -0.058079451 -0.389176220 0.919330537 -0.017807057
0.998074055 -0.035840482 0.050632678 0.122326054 0.013171514 0.920035958 0.391612530 0.074906439 -0.060619466 -0.390191376 0.918736100 -0.015698593
0.997747064 -0.040242907 0.053677443 0.139607534 0.016088288 0.920288384 0.390909791 0.073250845 -0.065130077 -0.389165521 0.918862462 -0.013602001
0.997357309 -0.044722937 0.057255641 0.157867342 0.019125037 0.921898961 0.386958092 0.071008325 -0.070089817 -0.384840459 0.920318007 -0.011338892
0.996805966 -0.050033126 0.062246256 0.176787615 0.022613820 0.924357474 0.380856693 0.068330191 -0.076593243 -0.378232598 0.922536492 -0.008775634
0.996090531 -0.056513220 0.067896523 0.195321873 0.027098859 0.927017629 0.374037355 0.065860093 -0.084079333 -0.370735139 0.924924910 -0.005965570
0.995315552 -0.061365791 0.074707270 0.214411050 0.029573957 0.928943217 0.369039208 0.063859239 -0.092045188 -0.365101069 0.926406443 -0.003833951
0.994518995 -0.066697434 0.080519363 0.233117774 0.032582805 0.929463625 0.367472202 0.062821440 -0.099349275 -0.362834543 0.926542401 -0.001973718
0.993752360 -0.070062764 0.086875848 0.250342578 0.033146150 0.928558350 0.369703501 0.063924067 -0.106571741 -0.364514142 0.925079405 0.001650765
0.992735267 -0.073653847 0.095141150 0.267845362 0.032578595 0.925748050 0.376734883 0.065054484 -0.115824707 -0.370898455 0.921422243 0.003018396
0.991581082 -0.076218352 0.104679376 0.284468204 0.029987723 0.921604097 0.386971146 0.066636056 -0.125967234 -0.380574137 0.916130781 0.004069192
0.990382314 -0.082131699 0.111342825 0.298994243 0.031554285 0.917618871 0.396206856 0.068200424 -0.134711429 -0.388882935 0.911385179 0.006063064
0.989981174 -0.085342564 0.112489671 0.311674744 0.033117250 0.914789677 0.402570695 0.070061199 -0.137260795 -0.394812077 0.908450842 0.007083369
0.989873767 -0.084948383 0.113726586 0.322986245 0.031718798 0.913279414 0.406096846 0.071945980 -0.138361424 -0.398377329 0.906725764 0.007905043
0.990035176 -0.084554955 0.112608872 0.332083762 0.031718530 0.913013577 0.406694084 0.073851638 -0.137201428 -0.399069697 0.906597555 0.009209430
0.990183890 -0.084933728 0.111005023 0.339016318 0.032961763 0.913690686 0.405071318 0.075306818 -0.135828480 -0.397436202 0.907521367 0.010036085
0.990369201 -0.086238138 0.108313560 0.343611449 0.035716802 0.914978564 0.401918530 0.076301113 -0.133765295 -0.394179106 0.909246743 0.010609658
0.990709722 -0.086331606 0.105076604 0.346084237 0.037614360 0.916469693 0.398332119 0.077423520 -0.130688176 -0.390679121 0.911202729 0.011697125
0.990673304 -0.088475727 0.103626788 0.346490234 0.040584482 0.917592525 0.395445168 0.078279622 -0.130074456 -0.387551308 0.912625134 0.011499942
0.990583420 -0.089788549 0.103356302 0.344917446 0.042037554 0.917921185 0.394529492 0.079009891 -0.130297169 -0.386469513 0.913052022 0.010989153
0.990304589 -0.088458203 0.107107319 0.341518790 0.039197944 0.917649984 0.395451725 0.079160228 -0.133267984 -0.387419283 0.912220359 0.010133137
0.990149140 -0.087284133 0.109481394 0.336011827 0.037203625 0.917815626 0.395259947 0.078377634 -0.134983659 -0.387293190 0.912021637 0.008629261
0.990175664 -0.087378696 0.109165609 0.327938259 0.037533902 0.918146849 0.394458681 0.077159964 -0.134697333 -0.386485964 0.912406325 0.006552201
0.990426600 -0.086303756 0.107735068 0.317951649 0.037223767 0.918526471 0.393603235 0.075859457 -0.132926956 -0.385824829 0.912945569 0.004291441
0.990839362 -0.086586550 0.103634804 0.305860043 0.038972512 0.918090463 0.394450366 0.075743951 -0.129300222 -0.386798024 0.913054645 0.001307735
0.991573334 -0.083423167 0.099110261 0.292557299 0.037490346 0.917109489 0.396868557 0.076449685 -0.124002993 -0.389808625 0.912508905 -0.001642050
0.992146850 -0.081460796 0.094914548 0.277843803 0.036968611 0.915919185 0.399656564 0.077346608 -0.119490393 -0.393009156 0.911737800 -0.003805379
0.992668271 -0.080319740 0.090324402 0.261462301 0.037558913 0.915260077 0.401108801 0.078306146 -0.114887282 -0.394775510 0.911566377 -0.005947995
0.993248701 -0.079091243 0.084862344 0.243317038 0.038647063 0.915360332 0.400776535 0.078754693 -0.109377541 -0.394791096 0.912237108 -0.008239159
0.993873477 -0.076110125 0.080142334 0.223677740 0.037966818 0.916093886 0.399162322 0.078831293 -0.103798196 -0.393674105 0.913371027 -0.010979164
0.994544625 -0.072643533 0.074858978 0.203445226 0.037252977 0.917672694 0.395586938 0.078403890 -0.097432882 -0.390640169 0.915372670 -0.013946259
0.995242417 -0.068724707 0.069061555 0.182319283 0.036413033 0.919837892 0.390605122 0.077567756 -0.090369649 -0.386232048 0.917964160 -0.017325290
0.995924890 -0.063409328 0.064131223 0.160080791 0.033900060 0.922157347 0.385326624 0.076808468 -0.083572380 -0.381582320 0.920549095 -0.020607647
0.996370792 -0.060285658 0.060090315 0.137778595 0.032965675 0.924167991 0.380561262 0.075285874 -0.078475930 -0.377199203 0.922801316 -0.023604266
0.996747196 -0.057722948 0.056241073 0.114709310 0.032255061 0.925251126 0.377981424 0.073852897 -0.073855318 -0.374937892 0.924103379 -0.026478114
0.997103631 -0.054939061 0.052593403 0.090487860 0.031030437 0.925212204 0.378179163 0.073033884 -0.069436871 -0.375451833 0.924237251 -0.029618580
0.997596979 -0.050145186 0.047809597 0.066674061 0.028231025 0.924368203 0.380455613 0.073039636 -0.063271686 -0.378191650 0.923562527 -0.032286581
0.997985244 -0.046751015 0.042892639 0.042569518 0.026704319 0.922763824 0.384439617 0.074044324 -0.057552714 -0.382519633 0.922153115 -0.034713950
0.998373151 -0.041460250 0.039141715 0.018118819 0.023075346 0.921552956 0.387566298 0.074844509 -0.052139759 -0.386032611 0.921010494 -0.037056882
0.998614252 -0.037095353 0.037329387 -0.005490710 0.019713007 0.921353340 0.388225973 0.076192386 -0.048794936 -0.386952102 0.920807838 -0.038604513
0.998751402 -0.035472628 0.035175271 -0.029360518 0.019134346 0.922063351 0.386565775 0.077831052 -0.046146333 -0.385410041 0.921590805 -0.039967634
0.998919427 -0.034009978 0.031674024 -0.053407084 0.019250296 0.923101544 0.384074122 0.079059280 -0.042300690 -0.383049399 0.922758818 -0.042430677
0.999068022 -0.031294085 0.029727342 -0.076859541 0.017595630 0.924183726 0.381542772 0.080768310 -0.039413556 -0.380664140 0.923873067 -0.043854151
0.999225080 -0.028639331 0.027001001 -0.100160740 0.016270325 0.925173759 0.379194856 0.082517557 -0.035840504 -0.378461719 0.924922824 -0.045282405
0.999347389 -0.026517095 0.024529392 -0.123403519 0.015291343 0.925761819 0.377797872 0.084467806 -0.032726474 -0.377176195 0.925563097 -0.047911704
0.999534428 -0.024775475 0.017806694 -0.145900592 0.016196910 0.925466955 0.378481895 0.086919874 -0.025856577 -0.378017277 0.925437391 -0.049583826
0.999712050 -0.021731511 0.010174893 -0.167050824 0.016195282 0.923957169 0.382152945 0.089854367 -0.017705925 -0.381878108 0.924043059 -0.051131181
0.999833107 -0.018037863 0.002906122 -0.187649071 0.015499372 0.921607018 0.387814671 0.093024299 -0.009673650 -0.387704879 0.921732783 -0.054480512
0.999875724 -0.014840936 -0.005316708 -0.205657884 0.015735576 0.919130623 0.393638581 0.096337259 -0.000955216 -0.393673331 0.919249892 -0.055473074
0.999795735 -0.013814991 -0.014750827 -0.222251385 0.018537460 0.917605519 0.397059858 0.099265173 0.008050062 -0.397252202 0.917674184 -0.056332581
0.999644220 -0.012265897 -0.023685968 -0.237157568 0.020648543 0.917989373 0.396067113 0.102000557 0.016885350 -0.396415263 0.917916000 -0.058242526
0.999502957 -0.010258801 -0.029809045 -0.249570429 0.021109316 0.920084000 0.391151935 0.102869011 0.023414077 -0.391586751 0.919843256 -0.058803711
0.999330699 -0.008625561 -0.035550039 -0.259564459 0.021646300 0.922838032 0.384579509 0.103208564 0.029489715 -0.385091633 0.922407031 -0.059388012
0.999112666 -0.008406657 -0.041270390 -0.266796410 0.023387849 0.925656378 0.377641767 0.103356883 0.035027497 -0.378271908 0.925031602 -0.061766960
0.999023438 -0.007052345 -0.043617550 -0.270464987 0.022854628 0.927337050 0.373528689 0.102780320 0.037813913 -0.374160796 0.926592588 -0.062663428
0.999039829 -0.005185629 -0.043503501 -0.270847082 0.021030895 0.927847624 0.372366041 0.102220856 0.038433671 -0.372923404 0.927065790 -0.063653797
0.999142706 -0.002836894 -0.041300718 -0.268318295 0.018093247 0.927244663 0.374018759 0.101728231 0.037234817 -0.374445409 0.926501036 -0.065416306
0.999320149 -0.002936583 -0.036750231 -0.262450784 0.016557842 0.926382244 0.376220435 0.101099864 0.032939959 -0.376573175 0.925801039 -0.066428952
0.999502897 -0.002451760 -0.031430703 -0.253525048 0.014147482 0.925830841 0.377673209 0.100298241 0.028173551 -0.377930164 0.925405324 -0.067524612
0.999714077 -0.003338693 -0.023678295 -0.241958991 0.012029253 0.926007152 0.377314270 0.099018820 0.020666536 -0.377491236 0.925782502 -0.069501601
0.999856889 -0.002944807 -0.016658930 -0.227831125 0.008981555 0.926892638 0.375219166 0.097349778 0.014336091 -0.375315070 0.926786423 -0.070731550
0.999955297 -0.002862940 -0.009013369 -0.211644813 0.006013823 0.928052068 0.372402012 0.095508039 0.007298711 -0.372439563 0.928027749 -0.071694024
0.999989986 -0.003698041 -0.002524053 -0.193471327 0.004368778 0.929295182 0.369311959 0.093676567 0.000979859 -0.369319290 0.929302037 -0.071801528
0.999977469 -0.005294129 0.004123358 -0.174399048 0.003406777 0.929915667 0.367757052 0.091936901 -0.005781328 -0.367734700 0.929912746 -0.072221830
0.999925315 -0.007012844 0.010006366 -0.154208735 0.002834314 0.929689884 0.368332297 0.090500332 -0.011885874 -0.368276447 0.929640353 -0.072305463
0.999822199 -0.010998735 0.015315465 -0.132533848 0.004527987 0.928531647 0.371225655 0.089704014 -0.018303907 -0.371090293 0.928416371 -0.072015382
0.999747276 -0.015196154 0.016566176 -0.110760137 0.007844681 0.926426291 0.376394540 0.089145459 -0.021067090 -0.376169473 0.926311374 -0.071310483
0.999632299 -0.019971294 0.018341241 -0.088059030 0.011445301 0.923969328 0.382295310 0.088978961 -0.024581676 -0.381944835 0.923858166 -0.070024401
0.999523282 -0.022935458 0.020667933 -0.064232834 0.013143512 0.921841383 0.387344420 0.088819377 -0.027936477 -0.386888146 0.921703398 -0.068335637
0.999421239 -0.024301792 0.023804797 -0.040273603 0.013107000 0.920822203 0.389762342 0.088706918 -0.031391907 -0.389224768 0.920607746 -0.066592939
0.999391139 -0.025006073 0.024332799 -0.016578428 0.013545008 0.920752585 0.389911890 0.088502526 -0.032154649 -0.389344871 0.920530617 -0.064469002
0.999405444 -0.026262958 0.022339066 0.007040206 0.015535172 0.921420395 0.388256520 0.088187352 -0.030780436 -0.387678653 0.921280563 -0.061521433
0.999411881 -0.027597189 0.020353394 0.029673176 0.017568860 0.921821654 0.387215972 0.087396979 -0.029448269 -0.386630654 0.921764374 -0.059212029
0.999321103 -0.030934844 0.020009462 0.051445689 0.020778537 0.921730280 0.387274504 0.086601540 -0.030423600 -0.386595786 0.921747327 -0.056786630
0.999238968 -0.033051543 0.020713771 0.072130576 0.022408744 0.921087325 0.388710737 0.085882224 -0.031926680 -0.387950778 0.921126962 -0.054159798
0.999122262 -0.035326499 0.022511270 0.091881104 0.023714349 0.919995129 0.391211718 0.086094551 -0.034530401 -0.390334517 0.920025349 -0.051618233
0.998983383 -0.037061479 0.025664667 0.109920129 0.023964744 0.918800473 0.393994153 0.086985059 -0.038182713 -0.392978549 0.918754578 -0.048907943
0.998753250 -0.039771404 0.030169541 0.125299111 0.024559464 0.917638659 0.396656156 0.088542573 -0.043460310 -0.395420671 0.917471349 -0.045598857
0.998506486 -0.042823527 0.033926044 0.138657242 0.025812011 0.917070985 0.397887707 0.090713724 -0.048151542 -0.396417737 0.916806638 -0.042672232
0.998276651 -0.046528123 0.035760853 0.149767309 0.028475428 0.916908622 0.398080021 0.093316033 -0.051311348 -0.396375686 0.916653395 -0.039257232
0.998022556 -0.047492266 0.041176625 0.159963086 0.027311025 0.917651474 0.396446556 0.096238993 -0.056613937 -0.394538015 0.917133927 -0.034551892
0.997315407 -0.050834700 0.052704528 0.169289872 0.026318356 0.920508504 0.389835149 0.098715484 -0.068332113 -0.387401491 0.919375241 -0.029611915
0.996104956 -0.055452097 0.068556212 0.177564308 0.025456872 0.925247252 0.378509551 0.100921839 -0.084420599 -0.375290006 0.923054993 -0.023822414
0.994896054 -0.058047846 0.082536906 0.183736995 0.024419041 0.932155132 0.361234695 0.102955401 -0.097906098 -0.357375473 0.928814948 -0.017946804
0.993876755 -0.057537220 0.094331563 0.188391760 0.021979706 0.939611971 0.341535151 0.104088828 -0.108286053 -0.337370455 0.935123146 -0.013020219
0.992729247 -0.055995122 0.106551521 0.192352861 0.018879123 0.946684539 0.321608394 0.104082733 -0.118879177 -0.317258447 0.940858543 -0.008524834
0.991312325 -0.055825908 0.119093999 0.195801288 0.017506968 0.953403831 0.301188737 0.103021584 -0.130358800 -0.296487123 0.946098328 -0.003818555
0.989968538 -0.056826387 0.129356325 0.198785365 0.017858539 0.958535314 0.284413666 0.101633310 -0.140154809 -0.279250473 0.949934661 -0.000137359
0.988474429 -0.059974022 0.139001593 0.201914236 0.019796258 0.961503923 0.274077177 0.099847093 -0.150088087 -0.268166542 0.951609313 0.003631252
0.986941874 -0.068084545 0.145980373 0.205376074 0.025793260 0.961383224 0.274001896 0.098230608 -0.158998385 -0.266658604 0.950585485 0.008205565
0.985272169 -0.076016501 0.153167263 0.209909499 0.030267645 0.959137678 0.281316161 0.096710868 -0.168293163 -0.272536993 0.947312534 0.013210181
0.982982993 -0.086160861 0.162236571 0.215707719 0.036180831 0.956687093 0.288861185 0.094790474 -0.180098146 -0.278075784 0.943524539 0.020322936
0.980646670 -0.095772266 0.170762300 0.222826630 0.041525140 0.954088330 0.296632886 0.092502899 -0.191331536 -0.283801138 0.939600527 0.029114038
0.978302538 -0.105139881 0.178521052 0.229911938 0.046529457 0.951151788 0.305197120 0.090216294 -0.201888993 -0.290268600 0.935406327 0.038870558
0.976559579 -0.111852810 0.183903098 0.236861050 0.049285114 0.947877228 0.314801067 0.087864481 -0.209528953 -0.298358291 0.931171298 0.049321260
0.975570560 -0.116027862 0.186546475 0.243603468 0.050437603 0.944762588 0.323851436 0.085044891 -0.213817924 -0.306530982 0.927534699 0.060576186
0.975510955 -0.118294217 0.185431570 0.248585626 0.051169224 0.941982388 0.331739277 0.081669733 -0.213916093 -0.314126939 0.924967110 0.072345927
0.975787163 -0.123481184 0.180532008 0.251502872 0.056214470 0.939252615 0.338591844 0.077631749 -0.211374879 -0.320245057 0.923452079 0.085394606
0.977322161 -0.123839900 0.171770483 0.252524883 0.058364108 0.937276483 0.343666136 0.073213011 -0.203556031 -0.325847268 0.923248887 0.100875258
0.979397416 -0.121227734 0.161507159 0.250933200 0.059259482 0.937088549 0.344025284 0.067909196 -0.193051904 -0.327366620 0.924965978 0.115264140
0.982249200 -0.114374734 0.148677200 0.246888712 0.058105297 0.939139724 0.338585734 0.062125891 -0.178354323 -0.323936641 0.929115057 0.129998326
0.985225797 -0.104695611 0.135532215 0.240839928 0.054878600 0.942648351 0.329245239 0.056549463 -0.162229761 -0.316943079 0.934467018 0.145423740
0.988423228 -0.092258811 0.120448314 0.232159063 0.049504161 0.946538150 0.318770885 0.051608596 -0.143418342 -0.309117854 0.940147519 0.160291687
0.991221488 -0.078648679 0.106274709 0.221344128 0.042078197 0.949688792 0.310355633 0.047574457 -0.125336960 -0.303159326 0.944661379 0.174895585
0.993776798 -0.065926000 0.089785501 0.207975000 0.035561498 0.951641262 0.305146337 0.043297462 -0.105560660 -0.300054431 0.948063433 0.188501880
0.996210575 -0.053329498 0.068705656 0.191658422 0.030087398 0.952493310 0.303069711 0.040547431 -0.081604235 -0.299854100 0.950488448 0.200325817
0.998144567 -0.042358350 0.043740463 0.172178090 0.027136263 0.952540398 0.303200394 0.038166132 -0.054507624 -0.301450878 0.951922417 0.209941044
0.999364734 -0.032497443 0.014632064 0.149812162 0.026467215 0.951678693 0.305952847 0.037963420 -0.023867708 -0.305371225 0.951934218 0.220031142
0.999691546 -0.021018019 -0.013231073 0.124794751 0.024090240 0.950175047 0.310784578 0.038713846 0.006039759 -0.311007440 0.950388312 0.223746702
0.999133706 -0.009680403 -0.040474050 0.097567536 0.022002121 0.948402345 0.316305012 0.040221754 0.035323724 -0.316921502 0.947793722 0.223910704
0.997653186 0.002320458 -0.068430118 0.068327993 0.019876961 0.946569324 0.321887344 0.042232074 0.065520771 -0.322492152 0.944301784 0.221339822
0.995416462 0.015030475 -0.094446316 0.037482720 0.016757516 0.944880247 0.326986939 0.045399845 0.094155237 -0.327070862 0.940297544 0.214034915
0.992539167 0.029837903 -0.118218660 0.006373836 0.011006535 0.943708003 0.330596596 0.049362626 0.121428207 -0.329431266 0.936338723 0.203161478
0.988891363 0.038648244 -0.143527582 -0.023639081 0.011448655 0.942932427 0.332787335 0.053600188 0.148198441 -0.330733716 0.932015240 0.190399393
0.985193074 0.042516105 -0.166093484 -0.054036461 0.015583700 0.942548275 0.333706290 0.057895876 0.170739010 -0.331353456 0.927929461 0.173654109
0.980986714 0.043694891 -0.189092159 -0.082864307 0.022488063 0.942170203 0.334379375 0.062748790 0.192767680 -0.332274020 0.923273861 0.154043481
