1.000000000 0.000000000 0.000000000 0.000000000 0.000000000 1.000000000 0.000000000 -0.000001431 0.000000000 0.000000000 1.000000000 0.000000358
0.999984443 0.003441743 0.004386041 -0.000075021 -0.003460189 0.999985158 0.004204938 0.019241875 -0.004371504 -0.004220049 0.999981523 0.007118177
0.999969780 0.004473844 0.006356271 -0.000657292 -0.004563424 0.999889493 0.014149371 0.041904412 -0.006292267 -0.014177949 0.999879718 0.013445691
0.999972463 0.003981302 0.006263726 -0.000958550 -0.004149071 0.999626756 0.027003188 0.065543517 -0.006153880 -0.027028434 0.999615729 0.021175614
0.999981940 0.000329711 0.006002334 -0.002169968 -0.000550357 0.999322653 0.036795534 0.090748303 -0.005986136 -0.036798172 0.999304771 0.027419740
0.999977648 -0.000167564 0.006683106 -0.002901076 -0.000126730 0.999031067 0.044010673 0.117301583 -0.006684004 -0.044010539 0.999008715 0.036024071
0.999971926 -0.004405359 0.006063415 -0.003620910 0.004102513 0.998786271 0.049083702 0.142124429 -0.006272286 -0.049057446 0.998776257 0.043103609
0.999963522 -0.006881035 0.005064188 -0.004330045 0.006605228 0.998593867 0.052599207 0.166940123 -0.005419004 -0.052563839 0.998602867 0.049419042
0.999961436 -0.007751294 0.004122907 -0.004845969 0.007503685 0.998345077 0.057015967 0.190581739 -0.004558031 -0.056982834 0.998364747 0.055667479
0.999969125 -0.007027911 0.003512583 -0.005343840 0.006794722 0.998022497 0.062489808 0.211408615 -0.003944810 -0.062464014 0.998039424 0.060284138
0.999989331 -0.000947357 0.004514769 -0.006453039 0.000627445 0.997522831 0.070340656 0.230880454 -0.004570222 -0.070337079 0.997512817 0.064056449
0.999998093 -0.000121806 0.001956449 -0.007426153 -0.000038564 0.996651947 0.081761308 0.248868898 -0.001959857 -0.081761234 0.996650040 0.066561729
0.999991596 0.003111233 0.002673581 -0.008370050 -0.003354230 0.995347500 0.096291892 0.265322506 -0.002361556 -0.096300043 0.995349526 0.069160342
0.999992907 0.003525064 0.001341562 -0.008967347 -0.003654953 0.993482590 0.113925114 0.277117133 -0.000931225 -0.113929212 0.993488431 0.070604585
0.999995112 0.003102912 0.000332411 -0.009569704 -0.003119722 0.991384923 0.130943492 0.283513367 0.000076758 -0.130943879 0.991389751 0.071672514
0.999995768 0.002638308 -0.001220114 -0.010857396 -0.002434618 0.989529371 0.144311279 0.282789975 0.001588076 -0.144307703 0.989531577 0.068570271
0.999988616 0.002055007 -0.004305682 -0.011579276 -0.001389390 0.988798797 0.149248004 0.272733718 0.004564159 -0.149240315 0.988790393 0.064440630
0.999982834 0.003880788 -0.004386839 -0.011983065 -0.003191941 0.989075661 0.147374123 0.254568547 0.004910843 -0.147357583 0.989071071 0.059453007
0.999970198 0.007662345 -0.000933358 -0.013078973 -0.007456362 0.990133405 0.139929578 0.229295954 0.001996338 -0.139918461 0.990161002 0.054213680
0.999933183 0.010940213 0.003737575 -0.013446656 -0.011329530 0.991662145 0.128366113 0.198873416 -0.002302059 -0.128399879 0.991719782 0.048407588
0.999791324 0.017494373 0.010550266 -0.013399133 -0.018597428 0.993123174 0.115587622 0.163253248 -0.008455582 -0.115759701 0.993241251 0.040417060
0.999479711 0.024410306 0.021081718 -0.014147379 -0.026422365 0.994522154 0.101131588 0.125499770 -0.018497581 -0.101635993 0.994649649 0.032901805
0.998967588 0.032376476 0.031867765 -0.014332593 -0.035009786 0.995690465 0.085876517 0.085681535 -0.028950050 -0.086903535 0.995796025 0.025556752
0.998740911 0.035110209 0.035831798 -0.014937381 -0.037541892 0.996867299 0.069614321 0.047666416 -0.033275377 -0.070871860 0.996930242 0.019242862
0.998583436 0.038662910 0.036556188 -0.017929981 -0.040654898 0.997635305 0.055416789 0.011710030 -0.034327168 -0.056824472 0.997793853 0.009937115
0.998766184 0.036320172 0.033867355 -0.018143188 -0.037740141 0.998392940 0.042275943 -0.021789694 -0.032277461 -0.043501943 0.998531818 0.001898441
0.998823285 0.034047376 0.034537774 -0.018500490 -0.035053369 0.998965979 0.028952265 -0.052464917 -0.033516314 -0.030128861 0.998983920 -0.003795398
0.998968720 0.028476834 0.035363976 -0.018968903 -0.028955288 0.999494970 0.013091677 -0.080828689 -0.034973305 -0.014102149 0.999288738 -0.010408035
0.999029219 0.024940446 0.036312636 -0.019324416 -0.024868999 0.999687791 -0.002417973 -0.107897483 -0.036361601 0.001512567 0.999337554 -0.017321145
0.999140561 0.020613274 0.035961553 -0.017547999 -0.019882603 0.999590933 -0.020558828 -0.127983898 -0.036370628 0.019826150 0.999141693 -0.021131475
0.999139965 0.022083756 0.035095472 -0.018102003 -0.020838305 0.999153614 -0.035465609 -0.146237820 -0.035848979 0.034703780 0.998754501 -0.030383466
0.999095023 0.022445953 0.036128417 -0.017477278 -0.020772828 0.998723686 -0.046037823 -0.154366657 -0.037115671 0.045245670 0.998286188 -0.033499330
0.998826981 0.027350059 0.039957754 -0.015582916 -0.025364751 0.998458207 -0.049374495 -0.151846483 -0.041246541 0.048303057 0.997980714 -0.032795373
0.998549104 0.033125922 0.042454191 -0.014323935 -0.031228429 0.998516500 -0.044604834 -0.143357977 -0.043868788 0.043214340 0.998102248 -0.032127995
0.998260856 0.038212858 0.044889681 -0.012420274 -0.036685705 0.998735785 -0.034365240 -0.125787690 -0.046146125 0.032658663 0.998400688 -0.027904660
0.998251617 0.035900164 0.046956189 -0.011590237 -0.034943689 0.999167919 -0.021034481 -0.105558388 -0.047672257 0.019356882 0.998675466 -0.023590032
0.998421729 0.033469282 0.045098674 -0.009725996 -0.033139035 0.999418318 -0.008050747 -0.078409307 -0.045341890 0.006543514 0.998950124 -0.016124042
0.998662472 0.027992776 0.043469939 -0.006308994 -0.028125232 0.999601424 0.002438406 -0.049925171 -0.043384355 -0.003657746 0.999051750 -0.006576690
0.998642504 0.030739766 0.042049892 -0.003457061 -0.031165503 0.999469042 0.009506664 -0.019077294 -0.041735329 -0.010804265 0.999070287 0.004116473
0.998773277 0.028674325 0.040370248 -0.004037457 -0.029216764 0.999489725 0.012911217 0.014745259 -0.039979428 -0.014074866 0.999101341 0.010022985
0.998998523 0.028529143 0.034467563 -0.002585398 -0.029094225 0.999448538 0.016005762 0.047834534 -0.033991925 -0.016992539 0.999277651 0.018556645
0.999117732 0.027002841 0.032164410 -0.000957245 -0.027685050 0.999396980 0.020956952 0.080194764 -0.031579114 -0.021828935 0.999262869 0.025410894
0.999328792 0.022596892 0.028832113 -0.000934125 -0.023472123 0.999262571 0.030387690 0.113467917 -0.028124185 -0.031044045 0.999122262 0.033238657
0.999247432 0.019856252 0.033321518 -0.000533701 -0.021306753 0.998815060 0.043755352 0.144875467 -0.032413218 -0.044432394 0.998486400 0.040459611
0.999171615 0.016566124 0.037170302 -0.000376989 -0.018764783 0.998045743 0.059603795 0.175282210 -0.036110256 -0.060251914 0.997529805 0.047914620
0.999026358 0.016827010 0.040782753 -0.000449911 -0.019906010 0.996885598 0.076307379 0.202152327 -0.039371718 -0.077044897 0.996249974 0.053547699
0.999030650 0.018055452 0.040146112 -0.001119132 -0.021752244 0.995368361 0.093641318 0.223507091 -0.038269430 -0.094423823 0.994796276 0.057928067
0.999180853 0.017107312 0.036673535 -0.002554842 -0.020974178 0.993952096 0.107792981 0.238784090 -0.034607690 -0.108473875 0.993496716 0.058526739
0.999280870 0.018199848 0.033264421 -0.004100540 -0.022052662 0.992601931 0.119394802 0.246637642 -0.030845359 -0.120042510 0.992289484 0.058412049
0.999334276 0.018687295 0.031333219 -0.005603126 -0.022514073 0.991697669 0.126604885 0.245881051 -0.028707176 -0.127226055 0.991458237 0.057268772
0.999447048 0.017995093 0.027961286 -0.006537725 -0.021449901 0.991460919 0.128628150 0.236499056 -0.025407845 -0.129156783 0.991298616 0.057772856
0.999530375 0.016491955 0.025826076 -0.008612683 -0.019565461 0.992129505 0.123678073 0.218364522 -0.023583120 -0.124125287 0.991986275 0.053418405
0.999555945 0.016509157 0.024807611 -0.010618805 -0.019164141 0.993645847 0.110908590 0.194271252 -0.022818973 -0.111334749 0.993520975 0.047452599
0.999546826 0.016303975 0.025304150 -0.012723783 -0.018652260 0.995252013 0.095527582 0.167097792 -0.023626529 -0.095956273 0.995105088 0.040240940
0.999401033 0.020214956 0.028088147 -0.013797942 -0.022467822 0.996349752 0.082354940 0.136957556 -0.026320817 -0.082936697 0.996207178 0.033330299
0.999294698 0.020706832 0.031326257 -0.014911237 -0.022926308 0.997124076 0.072235197 0.105347656 -0.029740404 -0.072902441 0.996895552 0.026307667
0.998995841 0.025068497 0.037132911 -0.015046854 -0.027477631 0.997450709 0.065856718 0.073125727 -0.035387322 -0.066810913 0.997137904 0.018621316
0.998771906 0.025306217 0.042593781 -0.014898585 -0.027880542 0.997750044 0.060971860 0.040674247 -0.040954981 -0.062084522 0.997230291 0.010783532
0.998700619 0.024080550 0.044913549 -0.014506566 -0.026593184 0.998064637 0.056212094 0.008657595 -0.043473009 -0.057333443 0.997408152 0.002684035
0.998560429 0.021097003 0.049315106 -0.013670838 -0.023576384 0.998458505 0.050247524 -0.025698533 -0.048179012 -0.051337864 0.997518539 -0.004587878
0.998335123 0.015947998 0.055431176 -0.012052054 -0.018213350 0.999009252 0.040605836 -0.056934800 -0.054728676 -0.041547820 0.997636497 -0.011520156
0.997858942 0.011368757 0.064407587 -0.010109767 -0.013152147 0.999539852 0.027333124 -0.089142054 -0.064067200 -0.028121701 0.997549295 -0.018095359
0.997471750 0.006642022 0.070753284 -0.008325092 -0.007441451 0.999911368 0.011041233 -0.118725076 -0.070673682 -0.011539824 0.997432709 -0.024904098
0.997218072 0.006544164 0.074251406 -0.006778820 -0.006113615 0.999963164 -0.006024344 -0.144744754 -0.074288093 0.005553641 0.997221351 -0.031644698
0.996941030 0.006444713 0.077891126 -0.005893885 -0.004691952 0.999732137 -0.022664804 -0.165200680 -0.078016326 0.022230010 0.996704221 -0.037278444
0.996944129 0.009213297 0.077572480 -0.004183770 -0.006613404 0.999409914 -0.033706099 -0.177638248 -0.077837244 0.033090077 0.996416807 -0.044563979
0.996782780 0.011480357 0.079324223 -0.003247121 -0.008456180 0.999228358 -0.038355563 -0.182970494 -0.079703353 0.037561383 0.996110678 -0.046411179
0.996400535 0.015967367 0.083252668 -0.002256089 -0.012775137 0.999167800 -0.038736597 -0.179454491 -0.083801910 0.037533604 0.995775282 -0.045741741
0.996242881 0.019900596 0.084285989 -0.001619239 -0.016877012 0.999193490 -0.036434811 -0.168281749 -0.084943086 0.034875426 0.995775282 -0.042585529
0.996350944 0.021352176 0.082637049 -0.001337358 -0.018703274 0.999290287 -0.032697175 -0.150450960 -0.083276562 0.031032277 0.996043205 -0.037297182
0.996505797 0.020995120 0.080841571 0.000555825 -0.018752640 0.999420762 -0.028399276 -0.130415589 -0.081390992 0.026784049 0.996322274 -0.029723899
0.996612251 0.022092873 0.079220846 0.002103138 -0.020272667 0.999513388 -0.023707602 -0.103812203 -0.079706058 0.022021268 0.996575117 -0.021151831
0.996998131 0.020170895 0.074751966 0.003501810 -0.018814771 0.999646187 -0.018801769 -0.074203052 -0.075104766 0.017338889 0.997024894 -0.012156310
0.997244358 0.023853401 0.070247211 0.005382129 -0.023042770 0.999658465 -0.012327611 -0.041560382 -0.070517279 0.010674951 0.997453451 -0.003408401
0.997420907 0.025021685 0.067271568 0.005447354 -0.024693144 0.999678791 -0.005710999 -0.008026695 -0.067392863 0.004035124 0.997718334 0.007003417
0.997378886 0.028300269 0.066591263 0.010089533 -0.028558141 0.999587834 0.002923535 0.024824115 -0.066481084 -0.004817595 0.997776031 0.016755544
0.996952295 0.031086940 0.071552262 0.012339779 -0.032157402 0.999386728 0.013857312 0.059200127 -0.071077600 -0.016116014 0.997340560 0.026745968
0.997462630 0.027311139 0.065744966 0.012903824 -0.029379316 0.999096811 0.030698923 0.093294501 -0.064847156 -0.032552570 0.997364104 0.034858339
0.997865796 0.019236287 0.062400810 0.013160347 -0.022505635 0.998387218 0.052120149 0.125347674 -0.061297573 -0.053413279 0.996689320 0.042195000
0.998250127 0.011115186 0.058078431 0.013354722 -0.015484691 0.997038066 0.075334877 0.154805169 -0.057069041 -0.076102376 0.995465517 0.048523746
0.998348832 0.004939850 0.057228941 0.013596744 -0.010415971 0.995347142 0.095789067 0.181801617 -0.056489479 -0.096226998 0.993755162 0.055839341
0.998349607 0.004064878 0.057285003 0.013837247 -0.010411877 0.993772686 0.110938780 0.206020981 -0.056477323 -0.111352123 0.992174864 0.060819939
0.998230457 0.009962553 0.058623347 0.014666856 -0.017014651 0.992499828 0.121056065 0.227957338 -0.056977633 -0.121839300 0.990913093 0.064291947
0.998300374 0.016437510 0.055912264 0.014593745 -0.023447113 0.991609931 0.127121747 0.245000213 -0.053353593 -0.128216654 0.990310013 0.066296488
0.998514056 0.020167602 0.050625738 0.013157926 -0.026570139 0.991266787 0.129167169 0.257485747 -0.047578622 -0.130320370 0.990329683 0.064933039
0.998831093 0.022104828 0.042986210 0.011681575 -0.027528854 0.991132855 0.129991844 0.260842472 -0.039731596 -0.131023243 0.990582824 0.066768862
0.999078095 0.021806849 0.036978535 0.010106009 -0.026445018 0.991163850 0.129980236 0.258373231 -0.033817329 -0.130838305 0.990826786 0.065273389
0.999202013 0.022646509 0.032900434 0.009006961 -0.026752718 0.991117239 0.130272657 0.248718962 -0.029657966 -0.131048888 0.990932167 0.063046940
0.999214053 0.023746092 0.031738933 0.007879255 -0.027658831 0.991239488 0.129148290 0.232876331 -0.028394118 -0.129924640 0.991117239 0.059019569
0.999227405 0.023668760 0.031375159 0.006835024 -0.027451789 0.991622627 0.126217738 0.210536689 -0.028124901 -0.126981512 0.991506279 0.054501817
0.999223828 0.024088021 0.031169094 0.005617565 -0.027721774 0.992147803 0.121959843 0.184281617 -0.027986579 -0.122729249 0.992045522 0.048510861
0.999067247 0.027110295 0.033610433 0.005045468 -0.030912345 0.992494583 0.118317157 0.154724851 -0.030150561 -0.119245768 0.992406845 0.043141060
0.998574913 0.033630237 0.041439027 0.005652654 -0.038170397 0.992730021 0.114149757 0.122446962 -0.037298881 -0.115568824 0.992598951 0.037849993
0.998051524 0.038970325 0.048729021 0.005449028 -0.044024970 0.993243635 0.107372567 0.088173747 -0.044215444 -0.109308645 0.993023992 0.031960923
0.997789085 0.040919505 0.052369244 0.005280720 -0.045874886 0.994205594 0.097214721 0.052170645 -0.048087820 -0.099402227 0.993884683 0.025959471
0.997702777 0.039645430 0.054931164 0.005349390 -0.044191707 0.995469749 0.084184699 0.015254026 -0.051344775 -0.086418815 0.994934916 0.019112745
0.997484803 0.038155768 0.059733972 0.004943626 -0.042126987 0.996883452 0.066698730 -0.021922234 -0.057002865 -0.069047377 0.995983481 0.012922007
0.997105420 0.035943784 0.066999055 0.004472559 -0.039070159 0.998179317 0.045951806 -0.057863604 -0.065225385 -0.048436455 0.996694326 0.006518831
0.996596336 0.036761526 0.073786110 0.003261102 -0.038650062 0.998956501 0.024331689 -0.093507215 -0.072814643 -0.027100708 0.996977210 0.001470485
0.996045291 0.036066666 0.081196785 0.002524132 -0.036537290 0.999322951 0.004317272 -0.124392167 -0.080986097 -0.007266909 0.996688724 -0.005322337
0.995834470 0.035711307 0.083895110 0.002970255 -0.034753185 0.999313235 -0.012853730 -0.149912000 -0.084296517 0.009884566 0.996391714 -0.017037198
0.995836318 0.031362619 0.085594431 0.001622013 -0.029216107 0.999229252 -0.026216513 -0.173106834 -0.086350679 0.023606619 0.995985091 -0.023993684
0.996012747 0.028480554 0.084542364 0.000193418 -0.025556011 0.999043703 -0.035475753 -0.190915763 -0.085471883 0.033173740 0.995788157 -0.030113097
0.995923281 0.022987982 0.087226018 -0.003667622 -0.019552292 0.999006748 -0.040040422 -0.202260807 -0.088059828 0.038171720 0.995383561 -0.033188924
0.995650947 0.020484051 0.090882555 -0.004297134 -0.016972261 0.999085367 -0.039247010 -0.206088498 -0.091603369 0.037533838 0.995087981 -0.033751749
0.995423973 0.017109651 0.094012596 -0.002223170 -0.013662441 0.999214828 -0.037189659 -0.202590778 -0.094575085 0.035735037 0.994876146 -0.034669671
0.995395303 0.016097955 0.094493836 -0.002124773 -0.013074466 0.999385297 -0.032529093 -0.192932665 -0.094959393 0.031143852 0.994993865 -0.030911867
0.994936287 0.014673610 0.099430621 -0.001257089 -0.012058056 0.999566615 -0.026855448 -0.177388057 -0.099781588 0.025520520 0.994682014 -0.025243660
0.994327426 0.016105350 0.105135798 -0.000525085 -0.014167340 0.999716163 -0.019154297 -0.156866014 -0.105414450 0.017556148 0.994273365 -0.016539993
0.993590653 0.021721937 0.110931426 0.002886172 -0.020425051 0.999709249 -0.012814051 -0.133509144 -0.111177519 0.010466142 0.993745446 -0.007896195
0.992869675 0.026867365 0.116137445 0.007183131 -0.026063269 0.999624670 -0.008437011 -0.109151408 -0.116320536 0.005349931 0.993197322 -0.001029868
0.992295146 0.035735808 0.118630946 0.010142175 -0.035684705 0.999359846 -0.002555571 -0.082638867 -0.118646324 -0.001697429 0.992935121 0.007628767
0.992033720 0.039692283 0.119555943 0.012714341 -0.040511824 0.999169230 0.004431305 -0.056485895 -0.119280733 -0.009239434 0.992817581 0.016049070
0.992628276 0.042989850 0.113318175 0.014636558 -0.044823095 0.998901308 0.013678794 -0.030188095 -0.112605616 -0.018657228 0.993464589 0.022608401
0.993113995 0.045114949 0.108117044 0.016393382 -0.048010439 0.998550534 0.024328057 -0.004414273 -0.106862769 -0.029351279 0.993840456 0.027670436
0.994265437 0.046109702 0.096489146 0.017717395 -0.049817648 0.998095632 0.036377903 0.019592064 -0.094628021 -0.040976156 0.994669020 0.031031160
0.995497406 0.045043692 0.083402596 0.018961839 -0.049243882 0.997583747 0.049006909 0.041606460 -0.080993630 -0.052893318 0.995310187 0.030752705
0.996656418 0.040786672 0.070798777 0.019568477 -0.045271385 0.996989965 0.062940508 0.059761472 -0.068018533 -0.065935224 0.995502889 0.029177450
0.997659564 0.035985492 0.058141507 0.017473364 -0.040534049 0.996046424 0.079047821 0.074149624 -0.055067062 -0.081219532 0.995173872 0.024332821
0.998335719 0.029468242 0.049572781 0.017352121 -0.034081753 0.994898081 0.094953962 0.085576028 -0.046521738 -0.096485458 0.994246602 0.020977715
0.998926222 0.020941559 0.041325621 0.017432338 -0.025381632 0.993604958 0.110022366 0.093385234 -0.038757302 -0.110953137 0.993069649 0.019305810
0.999325395 0.014112249 0.033905633 0.016943455 -0.018363934 0.991532087 0.128556743 0.097825631 -0.031804301 -0.129092649 0.991122365 0.014759216
0.999556482 0.008202334 0.028627900 0.016467633 -0.012333340 0.989021778 0.147254393 0.099799909 -0.027105788 -0.147542164 0.988684297 0.010167035
0.999578774 0.003402084 0.028820919 0.016140580 -0.008211332 0.985678196 0.168437168 0.101375371 -0.027835114 -0.168602869 0.985290945 0.004663109
0.999382734 -0.001817686 0.035083301 0.015931718 -0.004964873 0.981329024 0.192272589 0.101397336 -0.034777753 -0.192328081 0.980714262 0.001340884
0.998812914 -0.004377008 0.048513606 0.015730808 -0.006256831 0.976175904 0.216890380 0.101840213 -0.048307143 -0.216936454 0.974989772 -0.000923560
0.998090744 -0.009724232 0.060994104 0.014511906 -0.005092667 0.971209168 0.238173977 0.100720391 -0.061554089 -0.238029853 0.969305336 -0.003496851
0.997349083 -0.015771788 0.071035288 0.012390034 -0.003006179 0.966462910 0.256788701 0.098975591 -0.072702982 -0.256321520 0.963853478 -0.006329819
0.996955156 -0.021381577 0.074988216 0.010412068 0.000035068 0.961794436 0.273772627 0.096946090 -0.077976942 -0.272936434 0.958866656 -0.010259088
0.996798217 -0.025237471 0.075870506 0.008020301 0.001966311 0.956331074 0.292279065 0.096079230 -0.079933710 -0.291194081 0.953318715 -0.014888898
0.996554792 -0.031400934 0.076762445 0.006630701 0.005942627 0.950211048 0.311550349 0.095319957 -0.082723491 -0.310020834 0.947124004 -0.019727409
0.996321917 -0.036691688 0.077436186 0.005494094 0.008977882 0.943410754 0.331504971 0.095594965 -0.085217603 -0.329590470 0.940270245 -0.025097309
0.996069670 -0.043544069 0.077130437 0.004792782 0.013741685 0.936239481 0.351093680 0.096063107 -0.087500602 -0.348653883 0.933158159 -0.030902974
0.996066093 -0.044231560 0.076784812 0.005166303 0.012775451 0.929141819 0.369502753 0.096794553 -0.087687664 -0.367068201 0.926051736 -0.036770880
0.996140480 -0.043445993 0.076266930 0.006520443 0.010735761 0.922689557 0.385394305 0.097404271 -0.087114543 -0.383088082 0.919594824 -0.042591162
0.996417165 -0.042085890 0.073359817 0.008882614 0.009482518 0.917520165 0.397576123 0.096843511 -0.084041461 -0.395456046 0.914631903 -0.048640024
0.996668994 -0.041030176 0.070480160 0.012061876 0.009033559 0.914447784 0.404603064 0.095573008 -0.081051357 -0.402618647 0.911772430 -0.052371066
0.996621251 -0.042635225 0.070202351 0.016349986 0.010517256 0.913928509 0.405738980 0.093416408 -0.081458703 -0.403629750 0.911288917 -0.054293092
0.996774316 -0.042044070 0.068361193 0.020831656 0.011121501 0.915938139 0.401165336 0.091269627 -0.079481244 -0.399111003 0.913451195 -0.054729417
0.997042179 -0.042980369 0.063714571 0.025067970 0.014428839 0.918949485 0.394111216 0.089501828 -0.075489514 -0.392026186 0.916851580 -0.054395393
0.997272670 -0.042708006 0.060193427 0.029042432 0.016181812 0.922251284 0.386252105 0.086244285 -0.072009526 -0.384224653 0.920427084 -0.053749364
0.997465134 -0.040501133 0.058506101 0.032703422 0.015328910 0.925211847 0.379141241 0.085700631 -0.069486186 -0.377283305 0.923487425 -0.051990565
0.997798800 -0.035489030 0.056018610 0.034676071 0.012010807 0.927491605 0.373651028 0.085807502 -0.065217301 -0.372155726 0.925876260 -0.049887776
0.998115599 -0.032399036 0.052110448 0.035874985 0.010883198 0.929248869 0.369294047 0.085650235 -0.060388349 -0.368031025 0.927850425 -0.047706768
0.998501599 -0.025810480 0.048252854 0.037097920 0.006305876 0.930174768 0.367062837 0.084944084 -0.054357659 -0.366208583 0.928943753 -0.045285832
0.998682737 -0.023005079 0.045865051 0.037661955 0.004493316 0.929636776 0.368449897 0.083461091 -0.051114053 -0.367758483 0.928515553 -0.042845201
0.998849094 -0.018755181 0.044145085 0.039138913 0.000942728 0.927878499 0.372881532 0.082356915 -0.047954738 -0.372410774 0.926828206 -0.040582430
0.998916686 -0.015701964 0.043804981 0.041812524 -0.001994246 0.926041186 0.377417177 0.081573077 -0.046491407 -0.377095670 0.925006688 -0.038103744
0.999007702 -0.014567757 0.042088561 0.046094455 -0.002522498 0.924972177 0.380026460 0.081498288 -0.044466883 -0.379755497 0.924017549 -0.035848960
0.998963952 -0.015981095 0.042610377 0.051729798 -0.001502271 0.924222767 0.381850839 0.080676347 -0.045483872 -0.381519258 0.923241198 -0.032753162
0.998877466 -0.018291853 0.043695066 0.058975045 0.000147558 0.923631310 0.383282155 0.079308942 -0.047369074 -0.382845432 0.922597170 -0.030135445
0.998734534 -0.020654313 0.045856170 0.068510294 0.001418359 0.922984421 0.384834737 0.078130193 -0.050273024 -0.384282678 0.921845675 -0.026426163
0.998593330 -0.023571488 0.047494773 0.079577491 0.003388192 0.922287345 0.386490107 0.076955475 -0.052913975 -0.385785520 0.921069860 -0.023030063
0.998432517 -0.027933739 0.048499539 0.092314288 0.006896939 0.921348810 0.388675660 0.076027945 -0.055542156 -0.387731940 0.920097291 -0.020307617
0.998262048 -0.032528788 0.049140733 0.106620707 0.010754531 0.920413673 0.390798002 0.074722357 -0.057941984 -0.389590293 0.919163823 -0.017713016
0.998070359 -0.036434613 0.050279789 0.121994890 0.013825961 0.919823527 0.392088681 0.072871573 -0.060534135 -0.390636951 0.918552339 -0.017210837
0.997740686 -0.040849216 0.053337652 0.139217332 0.016746979 0.920076847 0.391379833 0.071140818 -0.065062299 -0.389602304 0.918682218 -0.014975353
0.997350514 -0.045345772 0.056883458 0.157474577 0.019811828 0.921703517 0.387388885 0.069010466 -0.069996133 -0.385235548 0.920159817 -0.012555326
0.996795833 -0.050645355 0.061911713 0.176425815 0.023267601 0.924136758 0.381352633 0.066248029 -0.076528631 -0.378690213 0.922354102 -0.010464799
0.996082485 -0.057112161 0.067511871 0.195371777 0.027757090 0.926808476 0.374507219 0.063529633 -0.083959490 -0.371166140 0.924762964 -0.007957418
0.995272696 -0.062112734 0.074661128 0.213580221 0.030245667 0.928752363 0.369464874 0.061799571 -0.092290170 -0.365460098 0.926240504 -0.004563695
0.994470298 -0.067439280 0.080503024 0.232057914 0.033233613 0.929262102 0.367923170 0.060689278 -0.099620886 -0.363213271 0.926364839 -0.002338138
0.993713140 -0.071128048 0.086458139 0.250093013 0.034211420 0.928229511 0.370431542 0.060737345 -0.106601067 -0.365144849 0.924827278 -0.000533814
0.992702007 -0.074740320 0.094639182 0.268172681 0.033680666 0.925386071 0.377526462 0.061791949 -0.115794227 -0.371583760 0.921149969 0.000558803
0.991554081 -0.077321380 0.104124486 0.284636676 0.031114547 0.921222448 0.387790024 0.063257709 -0.125906274 -0.381274998 0.915847659 0.001742815
0.990348697 -0.082782231 0.111159898 0.299367070 0.032361753 0.917976975 0.395311326 0.068109341 -0.134766981 -0.387898713 0.911796272 0.006299593
0.989947796 -0.085985929 0.112293072 0.311833471 0.033923887 0.915147424 0.401689321 0.070005193 -0.137304351 -0.393842071 0.908865213 0.007669038
0.989836752 -0.085583389 0.113572478 0.323007733 0.032493666 0.913620234 0.405268043 0.071898982 -0.138446331 -0.397458822 0.907115817 0.008633070
0.990002096 -0.085191846 0.112419918 0.332627445 0.032519631 0.913388252 0.405788660 0.073551729 -0.137252912 -0.398075759 0.907026649 0.008810930
0.990154028 -0.085576229 0.110777952 0.339643151 0.033787340 0.914077520 0.404129595 0.074951530 -0.135843515 -0.396407634 0.907968938 0.009802309
0.990327597 -0.086906165 0.108159795 0.344167471 0.036536578 0.915366471 0.400960505 0.076190598 -0.133851781 -0.393130481 0.909687936 0.011471624
0.990691781 -0.086925164 0.104755864 0.346698880 0.038411081 0.916801512 0.397491664 0.077210091 -0.130592361 -0.389767915 0.911606610 0.011959361
0.990650356 -0.089100718 0.103309907 0.347204179 0.041410927 0.917927146 0.394581944 0.078102604 -0.129988492 -0.386614591 0.913034618 0.011898145
0.990563154 -0.090398706 0.103018060 0.345600188 0.042859651 0.918256700 0.393659413 0.078731559 -0.130183324 -0.385529220 0.913465679 0.011032837
0.990297616 -0.089062348 0.106670447 0.342295974 0.040051773 0.917973459 0.394614428 0.078943327 -0.133065924 -0.386513382 0.912634015 0.010069984
0.990126848 -0.087856084 0.109225430 0.336604565 0.037961408 0.918153465 0.394402325 0.078027129 -0.134936348 -0.386361957 0.912423491 0.008923378
0.990149558 -0.087953284 0.108940795 0.328459948 0.038273394 0.918460548 0.393656373 0.076750487 -0.134681195 -0.385609150 0.912779570 0.007059094
0.990408719 -0.086871848 0.107442215 0.318454087 0.037990533 0.918863177 0.392743081 0.075555250 -0.132843018 -0.384894401 0.913350463 0.004710220
0.990815639 -0.087159306 0.103380702 0.306529522 0.039727449 0.918435454 0.393570840 0.075449921 -0.129251868 -0.385849118 0.913462877 0.001459556
0.991553724 -0.084010310 0.098810375 0.293235838 0.038266398 0.917441964 0.396025181 0.076122925 -0.123922974 -0.388899148 0.912907779 -0.001276336
0.992123008 -0.082023785 0.094678804 0.278652042 0.037694231 0.916262448 0.398801059 0.077140734 -0.119461805 -0.392090827 0.912136853 -0.003442413
0.992645264 -0.080888644 0.090068989 0.262362272 0.038297430 0.915618598 0.400219738 0.078123793 -0.114842080 -0.393826842 0.911982298 -0.005428139
0.993219554 -0.079680502 0.084651664 0.244194239 0.039380964 0.915718675 0.399885595 0.078610383 -0.109380201 -0.393840551 0.912647605 -0.007603165
0.993873239 -0.076607920 0.079669565 0.224992737 0.038697645 0.916386545 0.398419678 0.078571625 -0.103530213 -0.392895639 0.913736582 -0.010541793
0.994540989 -0.073152602 0.074410275 0.204589844 0.037978940 0.917965651 0.394837499 0.078252725 -0.097189471 -0.389856040 0.915732741 -0.013391701
0.995212555 -0.069243610 0.068973161 0.182962894 0.037014134 0.920188963 0.389720768 0.077676035 -0.090454005 -0.385302037 0.918346584 -0.017024564
0.995906651 -0.063950941 0.063876599 0.161182284 0.034578841 0.922498167 0.384449542 0.076761082 -0.083511963 -0.380667090 0.920933425 -0.020178065
0.996346176 -0.060854781 0.059924722 0.138771370 0.033633847 0.924518585 0.379649997 0.075452060 -0.078505039 -0.376247346 0.923187375 -0.023090865
0.996739030 -0.058253974 0.055837229 0.116232172 0.032962687 0.925546706 0.377195984 0.073522910 -0.073653132 -0.374125391 0.924448729 -0.026093820
0.997146249 -0.055636942 0.051028509 0.092105746 0.032186367 0.924721479 0.379281282 0.069297671 -0.068289205 -0.376556456 0.923873305 -0.032702018
0.997589886 -0.050563950 0.047515154 0.067561328 0.028798062 0.924755275 0.379471123 0.072872572 -0.063127451 -0.377188206 0.923982680 -0.031951863
0.997972429 -0.047212601 0.042684391 0.043067101 0.027271071 0.923148096 0.383476079 0.074011520 -0.057508916 -0.381534517 0.922563910 -0.034234811
0.998353422 -0.042078152 0.038985264 0.018882133 0.023748288 0.921847522 0.386824459 0.075156897 -0.052215327 -0.385261685 0.921328902 -0.035960283
0.998611867 -0.037612312 0.036872670 -0.003860995 0.020405697 0.921646833 0.387492895 0.076355107 -0.048558079 -0.386202574 0.921135008 -0.038084902
0.998748839 -0.035982691 0.034727752 -0.027777232 0.019815687 0.922365546 0.385809690 0.077853777 -0.045914151 -0.384638816 0.921924531 -0.039512306
0.998911083 -0.034467872 0.031442564 -0.052454695 0.019804955 0.923477709 0.383140624 0.078853525 -0.042242546 -0.382100701 0.923154712 -0.042438347
0.999057889 -0.031761013 0.029573357 -0.076258905 0.018126506 0.924562335 0.380599499 0.080763087 -0.039430637 -0.379704893 0.924266994 -0.043875478
0.999213398 -0.029105831 0.026934836 -0.099772796 0.016765349 0.925565422 0.378216326 0.082658336 -0.035938252 -0.377467215 0.925325334 -0.045347858
0.999343038 -0.026930686 0.024252361 -0.122311145 0.015807781 0.926085413 0.376982659 0.084430650 -0.032612160 -0.376351625 0.925902724 -0.047017116
0.999528587 -0.025198020 0.017539401 -0.145050958 0.016711216 0.925780416 0.377692252 0.087077647 -0.025754727 -0.377221078 0.925765038 -0.048490379
0.999704659 -0.022165071 0.009964999 -0.166149139 0.016697600 0.924411416 0.381031185 0.089758687 -0.017657341 -0.380752236 0.924508512 -0.052443352
0.999825418 -0.018502481 0.002611011 -0.185733050 0.016049128 0.921883821 0.387133807 0.093218029 -0.009569985 -0.387024313 0.922019839 -0.053730119
0.999866843 -0.015327247 -0.005603855 -0.203802615 0.016296329 0.919422626 0.392933160 0.096727155 -0.000870271 -0.392972142 0.919550002 -0.054750647
0.999784827 -0.014259489 -0.015065234 -0.220350727 0.019064067 0.917899013 0.396355838 0.099511981 0.008176534 -0.396557778 0.917973399 -0.056009080
0.999631226 -0.012740547 -0.023981130 -0.235234961 0.021190519 0.918232620 0.395474225 0.102008723 0.016981697 -0.395836562 0.918163955 -0.056921400
0.999490142 -0.010755928 -0.030062366 -0.247993901 0.021637497 0.920549631 0.390025854 0.103021801 0.023478810 -0.390477479 0.920313060 -0.058756374
0.999317110 -0.009143826 -0.035800878 -0.258067340 0.022184156 0.923311889 0.383409709 0.103550218 0.029549545 -0.383942097 0.922884226 -0.059692707
0.999096096 -0.008817250 -0.041584250 -0.264861763 0.023860959 0.925925314 0.376952261 0.102958858 0.035180230 -0.377603799 0.925298750 -0.059767406
0.999005914 -0.007468521 -0.043947902 -0.268483311 0.023337927 0.927588582 0.372873574 0.102450624 0.037980761 -0.373528570 0.926840782 -0.060354035
0.999023378 -0.005609543 -0.043827347 -0.268924028 0.021518011 0.928102195 0.371703207 0.102028385 0.038591176 -0.372283280 0.927316487 -0.061194144
0.999128222 -0.003247505 -0.041620649 -0.266974092 0.018558925 0.927588761 0.373141646 0.101434253 0.037395068 -0.373588800 0.926840365 -0.064379118
0.999308109 -0.003354657 -0.037040696 -0.261426717 0.017022632 0.926740706 0.375315815 0.100908831 0.033068061 -0.375686675 0.926156580 -0.065877393
0.999495387 -0.002884149 -0.031632748 -0.252742738 0.014595503 0.926210642 0.376723796 0.100072794 0.028212061 -0.376995414 0.925785363 -0.067522496
0.999704599 -0.003696935 -0.024021907 -0.240392134 0.012474814 0.926291287 0.376601756 0.098606691 0.020859012 -0.376790166 0.926063776 -0.067694187
0.999848902 -0.003281802 -0.017070090 -0.226411745 0.009437636 0.927162349 0.374540955 0.097015813 0.014597577 -0.374645442 0.927053213 -0.068947345
0.999952197 -0.003528887 -0.009118616 -0.210855886 0.006661626 0.928539276 0.371174365 0.095297478 0.007157161 -0.371217340 0.928518414 -0.070929922
0.999986231 -0.004066861 -0.003310790 -0.193292677 0.005000383 0.929689944 0.368309140 0.093335003 0.001580146 -0.368320644 0.929697514 -0.072036050
0.999978244 -0.005680381 0.003355619 -0.174164116 0.004054088 0.930321515 0.366722554 0.091712035 -0.005204929 -0.366700977 0.930324316 -0.072632752
0.999930322 -0.007374343 0.009217207 -0.153756022 0.003472643 0.930064619 0.367379606 0.090190470 -0.011281782 -0.367322028 0.930025399 -0.072138481
0.999829054 -0.011355117 0.014591641 -0.132657140 0.005143879 0.928867519 0.370376438 0.089336760 -0.017759368 -0.370238096 0.928767145 -0.071685128
0.999750733 -0.015502051 0.016067831 -0.110676527 0.008327070 0.926628947 0.375884891 0.088862650 -0.020715905 -0.375657380 0.926527023 -0.071535833
0.999636531 -0.020254092 0.017793873 -0.087914191 0.011930095 0.924188077 0.381751299 0.088755578 -0.024176912 -0.381400228 0.924093783 -0.070310444
0.999528766 -0.023181995 0.020120280 -0.064241111 0.013599677 0.922070682 0.386782497 0.088487364 -0.027518710 -0.386326581 0.921951473 -0.068834923
0.999424875 -0.024570638 0.023371983 -0.040427364 0.013539059 0.921013355 0.389295727 0.088518970 -0.031091154 -0.388755411 0.920816243 -0.066399477
0.999394953 -0.025259275 0.023909844 -0.016564712 0.013960537 0.920959592 0.389407903 0.088373445 -0.031856161 -0.388838500 0.920755029 -0.064194947
0.999407947 -0.026514785 0.021926288 0.007030659 0.015942162 0.921600103 0.387813330 0.087900534 -0.030490056 -0.387234151 0.921477139 -0.062111940
0.999413848 -0.027830973 0.019934997 0.029745158 0.017961673 0.922017336 0.386731714 0.087069571 -0.029143531 -0.386146992 0.921976805 -0.060061503
0.999322236 -0.031152675 0.019609511 0.051475257 0.021151034 0.921938419 0.386758626 0.086210005 -0.030127328 -0.386081755 0.921972454 -0.057856925
0.999239683 -0.033339869 0.020211924 0.072307296 0.022883032 0.921244025 0.388311565 0.085681811 -0.031566370 -0.387553811 0.921306491 -0.054873928
0.999122977 -0.035611220 0.022024173 0.091904327 0.024183685 0.920175910 0.390757531 0.085858330 -0.034181468 -0.389882237 0.920230150 -0.052212235
0.998975396 -0.037410051 0.025467576 0.109842107 0.024382126 0.918988347 0.393530041 0.086909406 -0.038126387 -0.392505914 0.918958902 -0.048769996
0.998748660 -0.040168099 0.029793382 0.125492483 0.025096774 0.917842925 0.396149606 0.088379398 -0.043258220 -0.394906193 0.917702496 -0.045937426
0.998502374 -0.043213289 0.033550438 0.138782024 0.026348848 0.917301953 0.397319645 0.090518817 -0.047945369 -0.395840615 0.917066753 -0.043012988
0.998272896 -0.046927899 0.035340548 0.150122315 0.029030897 0.917057514 0.397696823 0.093013942 -0.051072389 -0.395984024 0.916836023 -0.039937012
0.998033583 -0.047737811 0.040621489 0.160354212 0.027788382 0.917862773 0.395923942 0.095652357 -0.056185491 -0.394016594 0.917384386 -0.035639111
0.997324109 -0.051038574 0.052342571 0.169407323 0.026695345 0.920772314 0.389185965 0.098773226 -0.068059087 -0.386747241 0.919670880 -0.029783608
0.996117771 -0.055619314 0.068233609 0.177628025 0.025793821 0.925505936 0.377853781 0.101145230 -0.084166571 -0.374626845 0.923347592 -0.023648810
0.994913518 -0.058271751 0.082167372 0.184020534 0.024830669 0.932397068 0.360581636 0.102937862 -0.097624347 -0.356707275 0.929101408 -0.017547786
0.993906438 -0.057845950 0.093828768 0.188902721 0.022497704 0.939771712 0.341061503 0.103653423 -0.107906654 -0.336872309 0.935346603 -0.012964145
0.992769480 -0.056282520 0.106023572 0.192810610 0.019377166 0.946820736 0.321177602 0.103756845 -0.118462004 -0.316800892 0.941065311 -0.008378249
0.991356552 -0.056080848 0.118604861 0.195948377 0.017983817 0.953588545 0.300575256 0.102827959 -0.129956752 -0.295844257 0.946354806 -0.004095615
0.990018368 -0.056998990 0.128898308 0.198711738 0.018255139 0.958727539 0.283739805 0.101570986 -0.139751241 -0.278554559 0.950198352 -0.000167707
0.988528848 -0.060061365 0.138576344 0.201757491 0.020109199 0.961699069 0.273368716 0.099847868 -0.149687633 -0.267446220 0.951875091 0.003812169
0.987019718 -0.068036303 0.145475611 0.205311015 0.025995884 0.961568475 0.273331821 0.097964160 -0.158481255 -0.266002119 0.950855732 0.007407711
0.985363722 -0.075915657 0.152627379 0.210045636 0.030444920 0.959337652 0.280614346 0.096211433 -0.167724222 -0.271860451 0.947607756 0.012776341
0.983073950 -0.086198583 0.161664531 0.215993404 0.036485136 0.956839681 0.288317055 0.093851283 -0.179539546 -0.277538627 0.943789124 0.019794369
0.980732977 -0.095741048 0.170283645 0.222663090 0.041775659 0.954291880 0.295942336 0.091690168 -0.190834135 -0.283126682 0.939905107 0.028635729
0.978400052 -0.105088606 0.178016186 0.229908198 0.046786293 0.951369047 0.304479808 0.089392550 -0.201356441 -0.289574355 0.935736239 0.038523570
0.976641834 -0.111846603 0.183469474 0.236724406 0.049553238 0.948069096 0.314180583 0.086982064 -0.209081769 -0.297750384 0.931466341 0.048770871
0.975643754 -0.115942642 0.186216399 0.243186340 0.050612230 0.944978714 0.323192924 0.084099039 -0.213442370 -0.305896312 0.927830696 0.060007825
0.975586176 -0.118545800 0.184874386 0.248632178 0.051727634 0.942154348 0.331163704 0.080947354 -0.213438272 -0.313515604 0.925284863 0.071880937
0.975862265 -0.123746254 0.179943591 0.251702726 0.056798957 0.939427197 0.338009506 0.076969251 -0.210871309 -0.319630116 0.923780203 0.085048817
0.977429807 -0.123872146 0.171133325 0.252690077 0.058748603 0.937482357 0.343038470 0.072377622 -0.202927396 -0.325242192 0.923600554 0.098763987
0.979498029 -0.121289335 0.160849154 0.251251310 0.059687562 0.937319398 0.343321681 0.067170255 -0.192408293 -0.326682210 0.925341964 0.113376535
0.982340515 -0.114351980 0.148090452 0.246719256 0.058388613 0.939328313 0.338013381 0.061052710 -0.177758068 -0.323397428 0.929417133 0.127661124
0.985255778 -0.104833081 0.135207742 0.240973607 0.055222407 0.942843735 0.328627795 0.056433693 -0.161930829 -0.316315919 0.934731305 0.144848838
0.988441586 -0.092464492 0.120139673 0.232458800 0.049892694 0.946726322 0.318150967 0.051462144 -0.143157050 -0.308479577 0.940396965 0.159879029
0.991235077 -0.078926012 0.105942070 0.221782967 0.042525701 0.949864924 0.309755087 0.047499921 -0.125078380 -0.302534819 0.944895804 0.174855471
0.993810296 -0.066071406 0.089306675 0.208396599 0.035925478 0.951857567 0.304428101 0.043649454 -0.105121233 -0.299335420 0.948339522 0.187786341
0.996232092 -0.053509392 0.068252094 0.192252383 0.030458942 0.952714860 0.302335322 0.040699478 -0.081202559 -0.299117267 0.950754941 0.199651316
0.998142540 -0.042628087 0.043523241 0.172574654 0.027512521 0.952825606 0.302268803 0.038490474 -0.054355200 -0.300509930 0.952228606 0.211892366
0.999361336 -0.032624576 0.014577594 0.149977982 0.026622513 0.951899886 0.305250525 0.037640471 -0.023835078 -0.304667473 0.952160478 0.218985975
0.999687314 -0.021213502 -0.013239974 0.125081062 0.024274390 0.950399101 0.310084313 0.038067669 0.006005287 -0.310308725 0.950616896 0.223130062
0.999126732 -0.009724295 -0.040634751 0.097591393 0.022069743 0.948623776 0.315635651 0.039985623 0.035477757 -0.316256791 0.948010027 0.223207369
0.997642219 0.002289259 -0.068591036 0.068116717 0.019902397 0.946843743 0.321077585 0.042696137 0.065680020 -0.321685672 0.944565773 0.219590843
0.995415509 0.014989897 -0.094463140 0.037793197 0.016701652 0.945226073 0.325988829 0.044627693 0.094175562 -0.326072037 0.940642357 0.213919297
0.992538393 0.029788360 -0.118237853 0.006947801 0.010929621 0.944060683 0.329590648 0.048534531 0.121441677 -0.328423649 0.936690867 0.203463152
0.988911688 0.038595788 -0.143401518 -0.024236811 0.011295119 0.943291187 0.331774354 0.052903283 0.148074463 -0.329715252 0.932395756 0.189406678
0.985195875 0.042542022 -0.166070089 -0.054706756 0.015367459 0.942904294 0.332709044 0.057864934 0.170742318 -0.330335647 0.928291678 0.173154354
0.980995238 0.043698780 -0.189046979 -0.083583243 0.022253782 0.942540646 0.333349615 0.062841311 0.192751437 -0.331221372 0.923655391 0.153830856
