0.998557866 0.053377811 -0.005740779 -0.567789078 0.009358916 -0.278374553 -0.960427046 -0.270558357 -0.052863576 0.958988309 -0.278472662 -2.814480305
0.998382747 0.056838021 -0.001136506 -0.566877723 0.014520509 -0.274285078 -0.961538792 -0.282752514 -0.054963693 0.959967256 -0.274666786 -2.798003674
0.998320282 0.057920694 0.001362281 -0.566285789 0.016672237 -0.264684916 -0.964190841 -0.295143843 -0.055486031 0.962593913 -0.265205979 -2.778001785
0.998344243 0.057488613 0.001957495 -0.565369189 0.016424006 -0.252274394 -0.967516422 -0.309150934 -0.055127349 0.965946555 -0.252800941 -2.757469654
0.998544812 0.053882137 0.002220958 -0.565269291 0.015261201 -0.242840886 -0.969946146 -0.322175503 -0.051723432 0.968568563 -0.243309736 -2.734972954
0.998639762 0.052058287 0.002918519 -0.564606071 0.015129698 -0.235759139 -0.971693814 -0.336580038 -0.049896646 0.970416248 -0.236226082 -2.712132215
0.998848319 0.047911242 0.002551543 -0.564170837 0.013565375 -0.230999351 -0.972859442 -0.350922108 -0.046021491 0.971773684 -0.231383324 -2.690518618
0.998958170 0.045608107 0.001575992 -0.563235641 0.011933789 -0.227742434 -0.973648489 -0.363544703 -0.044047337 0.972652972 -0.228049397 -2.668035030
0.998984694 0.045039378 0.000991670 -0.562696934 0.011044176 -0.223503232 -0.974640727 -0.375646114 -0.043675572 0.973662138 -0.223773718 -2.647441864
0.998960197 0.045586556 0.000602465 -0.561936975 0.010538310 -0.218034029 -0.975884438 -0.386017084 -0.044355847 0.974876046 -0.218287706 -2.628055573
0.998676538 0.051390197 0.002053767 -0.561849117 0.012818988 -0.210044980 -0.977607846 -0.394143820 -0.049808070 0.976340294 -0.210425735 -2.611294746
0.998616755 0.052578963 0.000017732 -0.558602512 0.010509660 -0.199276447 -0.979887009 -0.404216290 -0.051517911 0.978531837 -0.199553370 -2.592824459
0.998388171 0.056724437 0.001852961 -0.558874667 0.012327710 -0.184875727 -0.982684731 -0.410380125 -0.055399664 0.981123686 -0.185277104 -2.579005718
0.998401761 0.056511026 0.000666918 -0.556526124 0.010208439 -0.168724656 -0.985610425 -0.415530205 -0.055585325 0.984041989 -0.169031858 -2.563668251
0.998630583 0.052315738 0.000042388 -0.561093807 0.008073248 -0.153305888 -0.988145888 -0.422320843 -0.051689081 0.986793101 -0.153518319 -2.558449984
0.998557866 0.053377811 -0.005740779 -0.567789078 0.009358916 -0.278374553 -0.960427046 -0.270558357 -0.052863576 0.958988309 -0.278472662 -2.814480305
0.998337328 0.057567783 -0.002916059 -0.569663525 0.013686450 -0.285884976 -0.958166242 -0.254827976 -0.055993162 0.956533194 -0.286197543 -2.834965944
0.998029470 0.062737197 0.001122460 -0.571915984 0.019708429 -0.296440005 -0.954848170 -0.236119032 -0.059571747 0.952988744 -0.297092319 -2.859148979
0.997651935 0.068095066 0.007324979 -0.573222280 0.028030911 -0.308395028 -0.950845420 -0.213919163 -0.062488884 0.948818147 -0.309579611 -2.888732433
0.996998787 0.075441122 0.017379941 -0.576308966 0.040817283 -0.321478844 -0.946036756 -0.190645933 -0.065782785 0.943906844 -0.323593378 -2.921395779
0.996217251 0.082523383 0.027223032 -0.577821970 0.053508528 -0.335716248 -0.940442204 -0.172027826 -0.068469256 0.938341379 -0.338861942 -2.953153133
0.995780170 0.086768955 0.029882934 -0.578270495 0.058473706 -0.348936319 -0.935320497 -0.139694691 -0.070729539 0.933120966 -0.352537632 -2.984203339
0.995774627 0.087044045 0.029260391 -0.582467914 0.059156448 -0.364322782 -0.929392040 -0.126812458 -0.070237823 0.927195966 -0.367932558 -3.007716179
0.996230066 0.082794696 0.025897363 -0.587610900 0.055581342 -0.379977822 -0.923324287 -0.090561152 -0.066605933 0.921282828 -0.383147120 -3.004482031
0.996138394 0.083596736 0.026830051 -0.589485586 0.057474192 -0.389891744 -0.919065356 -0.087306261 -0.066370055 0.917058349 -0.393190861 -3.051541328
0.996354222 0.080690801 0.027699759 -0.591708541 0.057952691 -0.401876807 -0.913858175 -0.064046621 -0.062608041 0.912131667 -0.405087948 -3.090206385
1.000000000 0.000000000 0.000000000 0.000000000 0.000000000 1.000000000 0.000000000 0.000000328 0.000000000 0.000000000 1.000000000 -0.000000477
0.999999046 -0.000201553 0.001381921 0.000606717 0.000216095 0.999944508 -0.010531489 -0.008481693 -0.001379721 0.010531778 0.999943614 -0.003365519
0.999971628 0.004939055 0.005684113 0.001284347 -0.004864802 0.999903619 -0.013003745 -0.007665687 -0.005747791 0.012975723 0.999899268 -0.003508970
0.999911904 0.010781256 0.007743348 0.003189759 -0.010717056 0.999908268 -0.008285163 0.001163429 -0.007831963 0.008201446 0.999935687 -0.002547313
0.999811232 0.016511433 0.010239926 0.003636546 -0.016535193 0.999860764 0.002240119 0.017926442 -0.010201513 -0.002409015 0.999945045 -0.000461938
0.999828219 0.014477067 0.011571713 0.004672190 -0.014646254 0.999785066 0.014672229 0.040486261 -0.011356816 -0.014839191 0.999825418 0.005188874
0.999880552 0.012124717 0.009582030 0.005595736 -0.012385044 0.999542534 0.027592698 0.070280343 -0.009243092 -0.027708078 0.999573350 0.012841319
0.999935210 0.007690429 0.008390883 0.006317307 -0.008002179 0.999254227 0.037775163 0.099869311 -0.008094119 -0.037839863 0.999251008 0.019673899
0.999917090 0.010745049 0.007096337 0.007740824 -0.011052272 0.998935938 0.044775248 0.131158844 -0.006607674 -0.044849969 0.998971879 0.027755467
0.999964416 0.007369365 0.004105968 0.009930776 -0.007559087 0.998804986 0.048285659 0.163568735 -0.003745227 -0.048314977 0.998825133 0.035570197
0.999971569 0.007274823 -0.001990512 0.010369153 -0.007163409 0.998663247 0.051189456 0.196713373 0.002360245 -0.051173743 0.998686969 0.041658003
0.999973893 0.005759747 -0.004360760 0.010448324 -0.005506619 0.998416245 0.055987936 0.229537055 0.004676330 -0.055962462 0.998421907 0.046401400
0.999968350 0.001863626 -0.007734678 0.009183582 -0.001350992 0.997834504 0.065761052 0.260886192 0.007840483 -0.065748520 0.997805417 0.053066783
0.999994278 -0.000218482 -0.003370764 0.007663519 0.000482902 0.996902525 0.078645296 0.293322414 0.003343140 -0.078646474 0.996896982 0.060081441
0.999993920 -0.003443905 -0.000574957 0.009629690 0.003482947 0.995472372 0.094987392 0.320969403 0.000245226 -0.094988823 0.995478332 0.064662978
0.999994278 -0.001641710 0.002956812 0.008434302 0.001297815 0.993620634 0.112766616 0.348176420 -0.003123080 -0.112762131 0.993617117 0.070704013
0.999996603 -0.000546853 0.002558231 0.004270948 0.000215223 0.991789937 0.127877593 0.378243953 -0.002607158 -0.127876610 0.991786659 0.079401210
0.999999464 -0.000594763 -0.000867602 0.001260698 0.000714387 0.989411294 0.145137027 0.379047751 0.000772093 -0.145137563 0.989411175 0.073699676
0.999982059 -0.002578177 -0.005404798 -0.001570266 0.003382809 0.987971306 0.154600367 0.396631777 0.004941199 -0.154615864 0.987962306 0.076854251
0.999973536 0.000353221 -0.007270478 -0.001108329 0.000841171 0.986522794 0.163621888 0.389460772 0.007230287 -0.163623676 0.986496329 0.071372479
0.999925613 -0.002339485 -0.011969348 -0.000176577 0.004257127 0.986650646 0.162795499 0.389539689 0.011428708 -0.162834361 0.986587226 0.078588858
0.999888241 -0.004316515 -0.014314055 0.000179839 0.006527771 0.987379730 0.158236235 0.373572022 0.013450378 -0.158311993 0.987297535 0.057461109
0.999906242 -0.002748025 -0.013412956 -0.003141676 0.004685684 0.989177942 0.146646157 0.344191372 0.012864813 -0.146695271 0.989098072 0.061188277
0.999916017 -0.001816645 -0.012832876 -0.002757572 0.003488210 0.991314948 0.131463021 0.313210070 0.012482600 -0.131496757 0.991237998 0.058901489
0.999950707 0.001392600 -0.009831415 -0.002051503 -0.000221886 0.993003011 0.118088864 0.283813894 0.009927074 -0.118080862 0.992954373 0.057201248
0.999982059 0.001374463 -0.005826262 -0.004039397 -0.000732995 0.994073927 0.108703591 0.250421375 0.005941145 -0.108697377 0.994057119 0.048645567
0.999983609 0.005721392 -0.000268803 -0.001324969 -0.005663625 0.994707227 0.102593668 0.216215074 0.000854359 -0.102590464 0.994723320 0.042857554
0.999967158 0.006125926 0.005309868 -0.001498741 -0.006614402 0.995216310 0.097471997 0.186817631 -0.004687360 -0.097503915 0.995224118 0.035190877
0.999956071 0.005070866 0.007881655 -0.001011330 -0.005776816 0.995715082 0.092293337 0.155897811 -0.007379876 -0.092334822 0.995700657 0.028602151
0.999921024 0.001305035 0.012501120 0.000447016 -0.002370902 0.996324122 0.085630476 0.123238087 -0.012343417 -0.085653350 0.996248543 0.022142289
0.999811232 -0.004062413 0.019001056 0.002638441 0.002598582 0.997070849 0.076439038 0.091222107 -0.019255925 -0.076375231 0.996893167 0.015971476
0.999563277 -0.008861851 0.028190885 0.006507447 0.007059233 0.997962475 0.063412182 0.058318462 -0.028695393 -0.063185476 0.997589171 0.010098532
0.999297500 -0.013886024 0.034808811 0.009453005 0.012242288 0.998819947 0.046998143 0.030137682 -0.035420354 -0.046538986 0.998288274 0.005481038
0.999146581 -0.014311330 0.038746018 0.011726429 0.013138860 0.999453068 0.030347748 0.002491297 -0.039159145 -0.029812770 0.998788118 -0.000906737
0.998984158 -0.014852356 0.042544100 0.013186652 0.014264807 0.999799132 0.014080801 -0.019912424 -0.042744685 -0.013459614 0.998995364 -0.008719465
0.999020278 -0.012376575 0.042488292 0.014904968 0.012247408 0.999919534 0.003299047 -0.032760948 -0.042525701 -0.002775443 0.999091506 -0.011418902
0.998971403 -0.010986608 0.043993101 0.017221704 0.011068721 0.999937415 -0.001623350 -0.036222983 -0.043972515 0.002108628 0.999030530 -0.011353150
0.998833060 -0.006590148 0.047844991 0.018200826 0.006710719 0.999974728 -0.002359854 -0.032228220 -0.047828227 0.002678175 0.998852015 -0.007895438
0.998807073 -0.002713152 0.048755236 0.019227512 0.002715755 0.999996305 0.000012854 -0.021452745 -0.048755094 0.000119569 0.998810768 -0.005159088
0.998903334 -0.001144050 0.046805881 0.019677812 0.000963940 0.999992073 0.003870403 -0.004633635 -0.046809934 -0.003821040 0.998896480 0.000816841
0.998971999 -0.000770131 0.045324437 0.018670591 0.000422746 0.999970496 0.007673494 0.017066808 -0.045329012 -0.007646445 0.998942852 0.004659313
0.999054551 0.000119754 0.043474071 0.019845480 -0.000670155 0.999919832 0.012646091 0.043074705 -0.043469071 -0.012663268 0.998974502 0.012810767
0.999219596 -0.000426105 0.039496806 0.018412156 -0.000277462 0.999841392 0.017806072 0.072970264 -0.039498132 -0.017803136 0.999061048 0.015144453
0.999393106 0.002931611 0.034710202 0.020417869 -0.003770550 0.999701738 0.024129082 0.105405428 -0.034629110 -0.024245314 0.999106109 0.024376621
0.999500513 0.004213437 0.031320319 0.021816889 -0.005157474 0.999532938 0.030121945 0.139584988 -0.031178774 -0.030268434 0.999055386 0.033348795
0.999489188 0.008188625 0.030892152 0.021571361 -0.009400261 0.999183953 0.039282378 0.172196418 -0.030545272 -0.039552707 0.998750508 0.039675850
0.999307096 0.011180088 0.035501406 0.023017019 -0.012959596 0.998650193 0.050297126 0.207496271 -0.034891158 -0.050722361 0.998103142 0.048933808
0.999535680 0.007886566 0.029432297 0.021909116 -0.009861628 0.997665465 0.067575186 0.240390345 -0.028830647 -0.067834064 0.997279942 0.054451369
0.999672532 -0.000156840 0.025588604 0.020857491 -0.002100913 0.996102154 0.088181987 0.272987872 -0.025502695 -0.088206872 0.995775640 0.061476950
0.999757767 -0.007258807 0.020778110 0.022371572 0.004897013 0.993747830 0.111540325 0.302175194 -0.021457853 -0.111411549 0.993542671 0.068822183
0.999719083 -0.013835534 0.019242566 0.020517170 0.011189812 0.991269052 0.131378934 0.331027538 -0.020892259 -0.131126717 0.991145432 0.070206285
0.999717534 -0.013481147 0.019573012 0.019579677 0.010438182 0.988932967 0.147995457 0.351597726 -0.021351544 -0.147749349 0.988794327 0.074828744
0.999770880 -0.008941091 0.019448023 0.019901158 0.005773727 0.987548828 0.157206744 0.372495562 -0.020611472 -0.157058448 0.987374187 0.075824477
0.999872327 -0.001491384 0.015908135 0.025012957 -0.001095144 0.986895919 0.161354259 0.401670486 -0.015940314 -0.161351070 0.986768305 0.068203554
0.999916792 0.004327629 0.012151791 0.019744288 -0.006283199 0.986135483 0.165823147 0.407356381 -0.011265691 -0.165885702 0.986080647 0.080353677
0.999980390 0.004283607 0.004567120 0.016596360 -0.004979704 0.986229181 0.165309325 0.411073834 -0.003796107 -0.165328816 0.986231208 0.077561297
0.999983966 -0.001776136 -0.005374751 0.018858096 0.002652561 0.985827923 0.167738616 0.396336347 0.005000653 -0.167750180 0.985816836 0.064011492
0.999944806 -0.002237477 -0.010266403 0.017213162 0.003835787 0.987364888 0.158416659 0.427951723 0.009782232 -0.158447295 0.987318993 0.059187822
0.999960721 0.003093846 -0.008303383 0.013080969 -0.001701218 0.986664653 0.162757456 0.388416469 0.008696202 -0.162736952 0.986631155 0.074848704
0.999957263 -0.001033002 -0.009187046 0.008921928 0.002488128 0.987142563 0.159823060 0.357275933 0.008903827 -0.159839094 0.987102926 0.076932594
0.999961734 0.005486441 -0.006810599 0.010257269 -0.004352203 0.987650037 0.156615794 0.339599282 0.007585752 -0.156580150 0.987636149 0.068879083
0.999948919 0.009505969 -0.003427453 0.009573322 -0.008857364 0.987793624 0.155516192 0.298277557 0.004863948 -0.155477896 0.987827420 0.056637239
0.999875426 0.015327212 0.003774770 0.013656257 -0.015721794 0.988377273 0.151205972 0.266838342 -0.001413330 -0.151246473 0.988495052 0.055866182
0.999709725 0.021545371 0.010782056 0.016201727 -0.022878194 0.989240348 0.144499421 0.233750507 -0.007552751 -0.144704163 0.989446163 0.053246565
0.999634504 0.022570245 0.014879430 0.015435996 -0.024371918 0.990575492 0.134782046 0.197101727 -0.011697134 -0.135095417 0.990763545 0.047343872
0.999602616 0.021580227 0.018137185 0.017245257 -0.023616839 0.992393136 0.120822713 0.161882520 -0.015391836 -0.121203035 0.992508411 0.043642972
0.999537706 0.019795805 0.023076029 0.018504132 -0.022071458 0.994442582 0.102940753 0.124803938 -0.020909993 -0.103402480 0.994419754 0.042489182
0.999382079 0.017028017 0.030748857 0.018965174 -0.019511743 0.996410787 0.082370125 0.089801788 -0.029235894 -0.082919188 0.996127307 0.036510885
0.999173999 0.016612738 0.037084870 0.019554665 -0.018863663 0.997947514 0.061195835 0.054627169 -0.035992123 -0.061844848 0.997436583 0.029905206
0.998863637 0.015378870 0.045110177 0.019662850 -0.017209627 0.999032080 0.040480550 0.024686871 -0.044443969 -0.041210879 0.998161495 0.019915320
0.998696208 0.015270286 0.048710629 0.019680176 -0.016449554 0.999578953 0.023901360 -0.002315801 -0.048325144 -0.024671467 0.998526931 0.014804740
0.998645365 0.010667448 0.050927870 0.019173412 -0.011215675 0.999882042 0.010491144 -0.025117485 -0.050809950 -0.011048123 0.998647213 0.008440915
0.998745978 0.006764296 0.049605299 0.019369802 -0.006825390 0.999976158 0.001062335 -0.043096650 -0.049596932 -0.001399578 0.998768330 0.003987879
0.998676598 -0.000064158 0.051430397 0.019571699 0.000237132 0.999994338 -0.003357172 -0.054680940 -0.051429890 0.003364925 0.998670936 0.000384815
0.998480082 -0.001934698 0.055080160 0.019312341 0.002085421 0.999994218 -0.002679082 -0.057631448 -0.055074662 0.002789875 0.998478353 0.000932595
0.998274982 -0.004356026 0.058550321 0.018856624 0.004338788 0.999990523 0.000421533 -0.053600550 -0.058551602 -0.000166768 0.998284340 0.001761349
0.998251498 -0.005273068 0.058873795 0.018625518 0.004975392 0.999974072 0.005201608 -0.044701226 -0.058899701 -0.004899593 0.998251855 0.005256479
0.997956693 -0.006721891 0.063539177 0.018979719 0.006049575 0.999923706 0.010767605 -0.028950132 -0.063606709 -0.010361219 0.997921228 0.011313874
0.997559845 -0.004665095 0.069660813 0.018446853 0.003479109 0.999847114 0.017136792 -0.009202981 -0.069730103 -0.016852619 0.997423530 0.014994937
0.997127056 0.001087536 0.075739495 0.019612085 -0.002909721 0.999708891 0.023952393 0.012874400 -0.075691395 -0.024103960 0.996839941 0.021292884
0.996765435 0.006833147 0.080075070 0.022937810 -0.009215002 0.999524832 0.029413590 0.038371202 -0.079836041 -0.030056341 0.996354759 0.030231534
0.996439636 0.015991988 0.082778521 0.024019726 -0.018954216 0.999203205 0.035123684 0.064831369 -0.082150869 -0.036567636 0.995948792 0.037461042
0.996289253 0.020710886 0.083538808 0.026460333 -0.024297785 0.998815715 0.042151250 0.091294833 -0.082566880 -0.044024646 0.995612621 0.046192806
0.996747136 0.023834165 0.076987766 0.028155856 -0.027844030 0.998287976 0.051437989 0.117664605 -0.075629972 -0.053414315 0.995704293 0.051787633
0.997105420 0.026081927 0.071418189 0.029099319 -0.030570075 0.997577369 0.062488910 0.143338129 -0.069615342 -0.064491287 0.995487094 0.058133010
0.997849941 0.027630478 0.059431169 0.030471984 -0.032013025 0.996736825 0.074100524 0.168117732 -0.057189804 -0.075843781 0.995478272 0.061026827
0.998587906 0.026391875 0.046105430 0.030202312 -0.030292980 0.995828211 0.086072952 0.191022724 -0.043641463 -0.087348074 0.995221436 0.059974559
0.999165654 0.023025975 0.033730771 0.029031677 -0.026307032 0.994609296 0.100301191 0.207884163 -0.031239407 -0.101104870 0.994385183 0.055607982
0.999645352 0.017230419 0.020304913 0.029859882 -0.019456277 0.993165493 0.115081348 0.222602293 -0.018183241 -0.115435593 0.993148506 0.053748611
0.999857664 0.011691143 0.012165834 0.029383792 -0.013178959 0.991369367 0.130434334 0.234607503 -0.010535908 -0.130576104 0.991382301 0.050413858
0.999985993 0.004224862 0.003195857 0.028453778 -0.004646574 0.989252448 0.146143645 0.242438257 -0.002544072 -0.146156430 0.989258230 0.045628268
0.999986649 -0.002498793 -0.004527307 0.028231027 0.003208875 0.986398220 0.164341927 0.247082442 0.004055070 -0.164354265 0.986393034 0.042097472
0.999901414 -0.009230759 -0.010581772 0.026859544 0.011009915 0.983092070 0.182780728 0.248577967 0.008715651 -0.182879224 0.983096778 0.034728687
0.999853313 -0.013407695 -0.010657517 0.027791653 0.015301258 0.978831649 0.204094216 0.248341039 0.007695483 -0.204227343 0.978893220 0.031404819
0.999840200 -0.017249566 -0.004694784 0.026618443 0.017865770 0.973461688 0.228151724 0.247943372 0.000634674 -0.228199139 0.973614275 0.026245840
0.999758422 -0.020511653 0.007893918 0.027657324 0.017859992 0.967535675 0.252102613 0.248692364 -0.012808690 -0.251900733 0.967668295 0.025434297
0.999542892 -0.021295590 0.021459796 0.026485812 0.014593949 0.961505234 0.274398893 0.245948553 -0.026477192 -0.273960263 0.961376488 0.022150569
0.999159992 -0.026293851 0.031432018 0.024444174 0.015926536 0.955873787 0.293345630 0.244303271 -0.037758231 -0.292598605 0.955489576 0.019481180
0.998870015 -0.031150414 0.035893083 0.021520946 0.018493285 0.950478792 0.310238659 0.242132828 -0.043779679 -0.309224308 0.949980855 0.014987439
0.998757422 -0.034024913 0.036412850 0.019549746 0.020191280 0.944277227 0.328531295 0.241168797 -0.045562074 -0.327387840 0.943790913 0.010396235
0.998512685 -0.040275015 0.036747612 0.018454105 0.025022926 0.937373877 0.347424984 0.240335315 -0.048438795 -0.345988691 0.936987460 0.005623572
0.998287499 -0.044633139 0.037815090 0.017154844 0.027669419 0.929808378 0.367002487 0.240423977 -0.051541258 -0.365327656 0.929450989 0.000276399
0.998013616 -0.050831057 0.037215222 0.016825529 0.032541580 0.921778679 0.386348397 0.240274847 -0.053942699 -0.384369940 0.921601832 -0.005908534
0.998000860 -0.051572394 0.036532246 0.017344953 0.032465141 0.914277136 0.403786302 0.241497532 -0.054224819 -0.401793063 0.914123654 -0.012117606
0.998091042 -0.050417967 0.035668612 0.018985422 0.030842468 0.907276809 0.419401377 0.241923451 -0.053506665 -0.417500645 0.907099903 -0.017740794
0.998285770 -0.048511609 0.032744385 0.021315102 0.029638125 0.901430786 0.431907535 0.240968883 -0.050469324 -0.430196643 0.901323318 -0.022617284
0.998455465 -0.047215439 0.029281821 0.025000485 0.029557541 0.897693515 0.439627916 0.239104837 -0.047043327 -0.438083380 0.897702575 -0.025749534
0.998411596 -0.048538454 0.028605521 0.029798593 0.031022198 0.897442520 0.440039277 0.237316266 -0.047030635 -0.438452899 0.897522807 -0.027887417
0.998459756 -0.048339464 0.027229421 0.034179918 0.031675458 0.899606287 0.435551703 0.235110804 -0.045550093 -0.434018314 0.899751842 -0.028705887
0.998511553 -0.049415153 0.023083990 0.038114414 0.034763996 0.902751803 0.428754777 0.233066887 -0.042026095 -0.427314073 0.903125942 -0.028154217
0.998595059 -0.049227379 0.019611176 0.042642012 0.036417976 0.906404674 0.420837641 0.231454045 -0.038492393 -0.419532180 0.906924009 -0.026738334
0.998730600 -0.047200575 0.017585114 0.046663761 0.035716102 0.909791291 0.413526535 0.231241956 -0.035517469 -0.412373543 0.910322249 -0.024797073
0.998976529 -0.042863678 0.014444946 0.048951250 0.033249337 0.912390113 0.407969028 0.231330752 -0.030666478 -0.407071203 0.912881494 -0.022496428
0.999181032 -0.038784433 0.011535490 0.049395658 0.030834343 0.914411426 0.403609902 0.230932772 -0.026201965 -0.402923673 0.914858460 -0.020293098
0.999425232 -0.033205848 0.006821280 0.050737005 0.027665883 0.915250838 0.401933402 0.230358437 -0.019589722 -0.401513666 0.915643513 -0.017379377
0.999523938 -0.030515078 0.004551591 0.051495541 0.026096758 0.914891005 0.402856588 0.229663193 -0.016457409 -0.402546048 0.915251791 -0.015310343
0.999664426 -0.025659291 0.003548159 0.052428912 0.021997249 0.913247883 0.406810045 0.229133978 -0.013678806 -0.406595469 0.913505912 -0.012675213
0.999744236 -0.022453647 0.002690939 0.055523533 0.019360933 0.911325455 0.411231130 0.228486642 -0.011685960 -0.411073893 0.911527157 -0.010488739
0.999779999 -0.020918565 0.001521911 0.058906093 0.018410729 0.910047770 0.414094329 0.227841631 -0.010047271 -0.413975239 0.910232723 -0.007296903
0.999760032 -0.021740709 0.002691959 0.064265221 0.018660352 0.909522772 0.415235013 0.228171021 -0.011475898 -0.415085107 0.909710228 -0.004268038
0.999697268 -0.024500761 0.002256467 0.072530158 0.021331772 0.908774912 0.416741073 0.227154732 -0.012261095 -0.416566789 0.909022450 -0.000765176
0.999632895 -0.026754508 0.004269024 0.082041524 0.022506470 0.907753587 0.418899715 0.226075277 -0.015082676 -0.418649852 0.908022463 0.003326179
0.999549329 -0.029253243 0.006740142 0.092481419 0.023727534 0.907413602 0.419568390 0.225906536 -0.018389832 -0.419219345 0.907698750 0.006719733
0.999398768 -0.033876125 0.007383556 0.105085365 0.027585240 0.905910194 0.422570467 0.224514529 -0.021003885 -0.422112703 0.906300008 0.010638168
0.999245167 -0.038112566 0.007518576 0.120021246 0.031304665 0.904611707 0.425085545 0.223372385 -0.023002494 -0.424529314 0.905121922 0.013529279
0.999106705 -0.041422591 0.008363196 0.136401743 0.033929333 0.904291749 0.425564647 0.222930014 -0.025190759 -0.424900711 0.904889405 0.016107993
0.998905540 -0.045012351 0.012714135 0.152340889 0.035359491 0.904648304 0.424689442 0.221913964 -0.030618090 -0.423775047 0.905249834 0.018819861
0.998625517 -0.049449157 0.017375365 0.169790119 0.037534211 0.906084239 0.421429157 0.220062584 -0.036582857 -0.420197725 0.906694829 0.022079326
0.998265147 -0.054344166 0.022657257 0.188249767 0.040051859 0.908839226 0.415219456 0.218093693 -0.043156553 -0.413591653 0.909439087 0.025224866
0.997748613 -0.061077338 0.027699547 0.207718685 0.044463489 0.911642075 0.408572882 0.216113761 -0.050206617 -0.406421393 0.912305295 0.028758390
0.997196555 -0.066599399 0.034111477 0.226856202 0.047193032 0.913544238 0.403992236 0.214198574 -0.058067985 -0.401249826 0.914126217 0.031714067
0.996637702 -0.071734436 0.039590821 0.245589703 0.049797852 0.914038658 0.402558684 0.213801131 -0.065064862 -0.399233639 0.914537609 0.034806535
0.996089280 -0.075437956 0.045992251 0.263195634 0.050462250 0.913049877 0.404714108 0.214363545 -0.072524026 -0.400810480 0.913285971 0.036734369
0.995403588 -0.078848690 0.054356072 0.280394018 0.049593806 0.909940779 0.411762357 0.216023996 -0.081927732 -0.407173991 0.909668744 0.039301001
0.994671822 -0.080485865 0.064420760 0.296575010 0.045950565 0.905507982 0.421833962 0.217703745 -0.092285171 -0.416626185 0.904381633 0.041226495
0.993788838 -0.086122587 0.070474364 0.311540157 0.047566459 0.901271284 0.430636168 0.219606519 -0.100604020 -0.424609184 0.899769902 0.042499557
0.993452489 -0.088887662 0.071771830 0.323640049 0.048699860 0.897767663 0.437768877 0.221939951 -0.103346676 -0.431407273 0.896218300 0.044991028
0.993383944 -0.088237241 0.073501810 0.334554851 0.047029585 0.896475911 0.440589577 0.224681631 -0.104769006 -0.434217840 0.894694567 0.046739791
0.993531942 -0.088678859 0.070924774 0.344756305 0.048575662 0.896475136 0.440423369 0.227084622 -0.102638528 -0.434129477 0.894984305 0.047790706
0.993646026 -0.088055134 0.070098594 0.351303369 0.048438355 0.896758676 0.439860910 0.228007689 -0.101593524 -0.433670610 0.895325959 0.049010046
0.993607938 -0.090509683 0.067462802 0.355452329 0.052217741 0.898348093 0.436169803 0.229613632 -0.100082666 -0.429859042 0.897332013 0.050168820
0.993836701 -0.090030245 0.064677075 0.357421547 0.053347893 0.899875402 0.432872206 0.230469510 -0.097172901 -0.426753908 0.899132133 0.049748268
0.993720472 -0.092242740 0.063331887 0.358061492 0.056188710 0.900859058 0.430460006 0.230946630 -0.096759915 -0.424198359 0.900385082 0.049728051
0.993605912 -0.094193846 0.062247768 0.356840342 0.058552351 0.901295722 0.429229081 0.231870815 -0.096534386 -0.422839820 0.901048064 0.049133442
0.993465304 -0.093280002 0.065769158 0.353649408 0.056166504 0.901198864 0.429751039 0.232222021 -0.099358268 -0.423248708 0.900548995 0.048259459
0.993469715 -0.091836736 0.067704394 0.348508060 0.054058969 0.901443124 0.429508984 0.231193617 -0.100476369 -0.423044145 0.900521040 0.046210032
0.993497252 -0.090864956 0.068605632 0.339895278 0.052799311 0.901544690 0.429452389 0.229242221 -0.100873217 -0.423037440 0.900479794 0.044328168
0.993736029 -0.089720756 0.066624708 0.330563784 0.052701324 0.901966333 0.428578168 0.227652267 -0.098545603 -0.422382385 0.901044846 0.041821495
0.993865550 -0.090824656 0.063104086 0.318092525 0.055132546 0.901515782 0.429219872 0.227308959 -0.095873080 -0.423107773 0.900992870 0.038049608
0.994465172 -0.087699622 0.057860386 0.305299878 0.054275885 0.900337577 0.431794465 0.227448881 -0.089962080 -0.426264107 0.900114298 0.034630112
0.994926512 -0.084710091 0.054271944 0.290400863 0.052920893 0.899467707 0.433770955 0.227965385 -0.085560642 -0.428698123 0.899387181 0.031266615
0.995282471 -0.083471015 0.049450908 0.273737669 0.053737536 0.898660064 0.435341716 0.228644922 -0.080777973 -0.430630624 0.898906112 0.029032791
0.995575011 -0.083078928 0.043911815 0.255970836 0.055782102 0.898550093 0.435311466 0.228329733 -0.075622171 -0.430935711 0.899208367 0.026005976
0.996000171 -0.080449849 0.038877215 0.236872911 0.055725917 0.899412572 0.433533877 0.228067771 -0.069844395 -0.429633349 0.900298238 0.022659168
0.996488690 -0.076568700 0.033875830 0.216283381 0.054676879 0.901510060 0.429290235 0.227706373 -0.063409597 -0.425930619 0.902531087 0.019047903
0.996917307 -0.072941102 0.028904974 0.194799170 0.053841345 0.903970599 0.424191415 0.226495951 -0.057070233 -0.421327472 0.905111134 0.014565731
0.997364461 -0.068760276 0.023155287 0.173585981 0.052765436 0.906456530 0.418989718 0.224894240 -0.049799107 -0.416663647 0.907695651 0.010410627
0.997665167 -0.065596551 0.019009404 0.151526451 0.051815998 0.908341348 0.415007412 0.222407117 -0.044490077 -0.413053453 0.909619451 0.006928261
0.997848749 -0.063689984 0.015538451 0.127951130 0.051603135 0.909249961 0.413039535 0.219812199 -0.040434819 -0.411349148 0.910580516 0.003018107
0.998076856 -0.060828388 0.011938585 0.103982188 0.050485551 0.909399211 0.412848949 0.218745545 -0.035969876 -0.411452234 0.910721242 -0.000701389
0.998428047 -0.055570047 0.007308687 0.080088191 0.047535021 0.908629596 0.414888769 0.218171760 -0.029696278 -0.413889140 0.909842789 -0.004041242
0.998621464 -0.052453276 0.001958951 0.056086268 0.046807151 0.906777263 0.419003755 0.217978030 -0.023754451 -0.418334454 0.907982409 -0.007902574
0.998911023 -0.046634324 -0.001401779 0.032200027 0.042874679 0.905701995 0.421741217 0.219238952 -0.018398020 -0.421342045 0.906715155 -0.010283812
0.999119163 -0.041886702 -0.002533758 0.008107489 0.039027378 0.905334294 0.422902733 0.219120070 -0.015420102 -0.422629088 0.906171560 -0.013541705
0.999207854 -0.039633669 -0.003576642 -0.016893618 0.037442967 0.905913055 0.421805143 0.219362482 -0.013477558 -0.421604931 0.906679451 -0.016614594
0.999248385 -0.038035553 -0.007483336 -0.040586121 0.037671935 0.907299638 0.418793708 0.220866755 -0.009139423 -0.418760866 0.908050537 -0.019570915
0.999315381 -0.035961844 -0.008692041 -0.065048836 0.036311075 0.908285201 0.416772783 0.221773833 -0.007093065 -0.416803062 0.908969164 -0.022105232
0.999347031 -0.034077991 -0.012007320 -0.088388965 0.035987597 0.909165919 0.414876103 0.222175494 -0.003221497 -0.415037334 0.909798682 -0.025948163
0.999373317 -0.032274824 -0.014536006 -0.111034051 0.035396997 0.909921825 0.413266689 0.223561421 -0.000111480 -0.413522214 0.910494030 -0.028545054
0.999324203 -0.029954635 -0.021303840 -0.133134231 0.036090948 0.909490228 0.414155781 0.225070432 0.006969749 -0.414644778 0.909956694 -0.030671766
0.999251425 -0.026040141 -0.028608486 -0.154321477 0.035596743 0.908471644 0.416427821 0.228731543 0.015146162 -0.417134494 0.908718586 -0.033593357
0.999034643 -0.023719393 -0.036975525 -0.173740238 0.037161499 0.905182838 0.423394650 0.230118960 0.023426952 -0.424360007 0.905190468 -0.038824368
0.998719275 -0.022315972 -0.045407526 -0.191792563 0.039664730 0.902495682 0.428868622 0.232689083 0.031409472 -0.430120438 0.902224958 -0.039555341
0.998364449 -0.020591106 -0.053332880 -0.211417243 0.041612245 0.901424289 0.430932403 0.235781819 0.039202176 -0.432446897 0.900806785 -0.043454625
0.997677147 -0.021689605 -0.064574763 -0.222707644 0.047448274 0.901440680 0.430294514 0.237410888 0.048877403 -0.432358980 0.900375903 -0.042061038
0.997467041 -0.019905584 -0.068288259 -0.243285388 0.047140710 0.903926432 0.425082117 0.236426339 0.053266056 -0.427224547 0.902575135 -0.052910000
0.997173667 -0.017365176 -0.073096931 -0.250056654 0.046449739 0.907193363 0.418141872 0.239212632 0.059051946 -0.420355409 0.905435920 -0.048449628
0.996901691 -0.016995829 -0.076799326 -0.261110634 0.047322918 0.909497678 0.413006634 0.236937761 0.062829427 -0.415361375 0.907484114 -0.052061602
0.996532381 -0.015737506 -0.081704177 -0.263677895 0.048073806 0.910368204 0.410997093 0.233358443 0.067912824 -0.413499713 0.907967985 -0.056969933
0.996656060 -0.013496453 -0.080588900 -0.262856930 0.045284480 0.912182271 0.407274842 0.236103803 0.068015002 -0.409562349 0.909743190 -0.053749420
0.996770501 -0.012319105 -0.079352155 -0.260217875 0.043907277 0.910979033 0.410108984 0.234064430 0.067235976 -0.412268698 0.908577919 -0.057315871
0.997078240 -0.013616313 -0.075163439 -0.254934996 0.043590177 0.909465075 0.413489074 0.231319368 0.062728330 -0.415557355 0.907401383 -0.058372818
0.997496724 -0.012416772 -0.069614314 -0.246061862 0.040210169 0.909405947 0.413961291 0.232175469 0.058167614 -0.415724218 0.907628715 -0.058534693
0.998148322 -0.008074611 -0.060289171 -0.231894538 0.032298557 0.910237074 0.412826061 0.235029548 0.051544029 -0.414008856 0.908812344 -0.054403048
0.998446643 -0.007067041 -0.055266008 -0.213274762 0.029250396 0.910720229 0.411986709 0.232432917 0.047420345 -0.412963331 0.909512281 -0.055011030
0.998792589 -0.009232077 -0.048250895 -0.198670983 0.028138477 0.912614822 0.407851011 0.231530502 0.040269170 -0.408716291 0.911772668 -0.055129118
0.998993754 -0.009375640 -0.043858610 -0.177933514 0.026248511 0.915155470 0.402245551 0.232658327 0.036366135 -0.402992040 0.914480686 -0.053071670
0.999246776 -0.010496310 -0.037359457 -0.158659369 0.024632026 0.915474355 0.401621729 0.230989113 0.029986080 -0.402239472 0.915043294 -0.052685458
0.999425769 -0.012421809 -0.031524893 -0.138182148 0.024067160 0.915148616 0.402397484 0.229900315 0.023851460 -0.402925104 0.914922118 -0.052149016
0.999508679 -0.015308757 -0.027350741 -0.115800157 0.025086958 0.913847446 0.405281961 0.229453012 0.018790042 -0.405768991 0.913782477 -0.050530855
0.999449432 -0.019843346 -0.026589965 -0.093644246 0.029011698 0.911517799 0.410236090 0.229701787 0.016096769 -0.410781652 0.911591649 -0.048582084
0.999378383 -0.023588737 -0.026199317 -0.070094086 0.032357596 0.908747494 0.416090190 0.230067044 0.013993522 -0.416679263 0.908945858 -0.046085007
0.999401510 -0.025302203 -0.023588721 -0.046667013 0.032884959 0.906508148 0.420905620 0.230575189 0.010733530 -0.421429425 0.906797707 -0.043833669
0.999424458 -0.026966946 -0.020579711 -0.022821551 0.033146199 0.905364454 0.423339754 0.230944380 0.007215959 -0.423778266 0.905737221 -0.040765170
0.999412477 -0.027374273 -0.020623352 0.001611081 0.033531468 0.905483007 0.423055798 0.232203603 0.007093250 -0.423498780 0.905868888 -0.036898632
0.999321699 -0.028623313 -0.023169324 0.025191423 0.035731778 0.905869007 0.422048062 0.231825456 0.008907959 -0.422589689 0.906277359 -0.032932051
0.999290943 -0.031255852 -0.020993020 0.043607164 0.037186678 0.906646311 0.420249522 0.231873393 0.005897987 -0.420732200 0.907165706 -0.035626233
0.999226153 -0.033494692 -0.020620830 0.064906277 0.039062034 0.906502128 0.420390427 0.231778696 0.004611979 -0.420870602 0.907108963 -0.030645164
0.999159396 -0.036007334 -0.019593995 0.085590340 0.040912438 0.905912220 0.421484619 0.231916130 0.002573906 -0.421931952 0.906623840 -0.026835917
0.999079168 -0.038793713 -0.018326994 0.105594851 0.042904720 0.904601216 0.424094111 0.232658744 0.000126437 -0.424489886 0.905432701 -0.022826120
0.999073386 -0.040469106 -0.014651203 0.123325497 0.042854223 0.903799355 0.425805479 0.234946206 -0.003990215 -0.426038772 0.904696107 -0.019086026
0.998986542 -0.043622985 -0.011088231 0.139129862 0.044163920 0.902450919 0.428522915 0.236580297 -0.008686864 -0.428578347 0.903462887 -0.016145080
0.998890162 -0.046539020 -0.007246669 0.152461961 0.045132685 0.901773095 0.429846823 0.239325657 -0.013469798 -0.429696858 0.902872741 -0.011657731
0.998714805 -0.050365224 -0.005664463 0.163666785 0.047885858 0.901075661 0.431010008 0.241439745 -0.016603801 -0.430727303 0.902329385 -0.007893303
0.998734951 -0.050283082 -0.000265448 0.173727527 0.045537107 0.902205110 0.428896606 0.244919345 -0.021326754 -0.428366125 0.903353572 -0.003789470
0.998460591 -0.054312330 0.011250467 0.182999507 0.044497553 0.905461907 0.422088474 0.248120964 -0.033111479 -0.420938104 0.906484842 0.002090770
0.997907043 -0.058601983 0.027337931 0.191005155 0.042248383 0.910904169 0.410449386 0.251684606 -0.048955381 -0.408435345 0.911473513 0.008056718
0.997195363 -0.062073339 0.041812237 0.196703881 0.040636856 0.918214440 0.393993527 0.253451765 -0.062849097 -0.391189426 0.918161631 0.014055804
0.996602297 -0.062628821 0.053492989 0.201164126 0.038047761 0.926083446 0.375395566 0.254645199 -0.073049553 -0.372084767 0.925319791 0.019362448
0.995911062 -0.061715644 0.065972045 0.204859093 0.034253139 0.933710873 0.356385618 0.254578024 -0.083593383 -0.352668613 0.932006955 0.024178516
0.994950652 -0.061632454 0.079212844 0.207477242 0.031472795 0.941027224 0.336863875 0.253498286 -0.095303193 -0.332669854 0.938215375 0.028092887
0.993986666 -0.062612467 0.089834496 0.210258022 0.030663667 0.946729958 0.320565373 0.251976967 -0.105120391 -0.315883070 0.942956865 0.032215521
0.992848873 -0.066531867 0.099119298 0.213501617 0.032673515 0.950039685 0.310414344 0.250558496 -0.114819713 -0.304955930 0.945419669 0.035976406
0.991561651 -0.074203089 0.106298439 0.216537401 0.037806395 0.949854732 0.310397655 0.249099120 -0.124000542 -0.303759664 0.944644868 0.040406965
0.990178525 -0.082075000 0.113182023 0.221374243 0.042228721 0.947313190 0.317512989 0.247705892 -0.133278698 -0.309615016 0.941475093 0.045612819
0.988212705 -0.092885435 0.121687718 0.227503568 0.048802670 0.944565713 0.324675202 0.246462539 -0.145099640 -0.314909458 0.937964916 0.053402465
0.985823929 -0.105656385 0.130337760 0.234107852 0.056838039 0.941190481 0.333061427 0.244347021 -0.157862738 -0.320931762 0.933853388 0.063042387
0.983776867 -0.115144230 0.137567803 0.241187781 0.061974891 0.937760055 0.341709286 0.242217854 -0.168351427 -0.327639967 0.929682672 0.072806701
0.982101381 -0.122172259 0.143355653 0.247787699 0.064734809 0.933674991 0.352222174 0.240288034 -0.176879361 -0.336637765 0.924872279 0.084213763
0.981229305 -0.125954002 0.146029681 0.253767550 0.065566443 0.930024326 0.361601710 0.237788185 -0.181356341 -0.345239520 0.920825481 0.095659718
0.981146514 -0.127918333 0.144873947 0.258376002 0.066360064 0.927016258 0.369103223 0.235106528 -0.181515574 -0.352530509 0.918027401 0.107619435
0.981172144 -0.133124053 0.139925689 0.261025995 0.071692958 0.923778296 0.376156688 0.231454328 -0.179335803 -0.359042764 0.915929556 0.121114574
0.982425630 -0.133197099 0.130761042 0.261694819 0.074279919 0.921679378 0.380774975 0.227455169 -0.171237871 -0.364370167 0.915375292 0.134818301
0.984022856 -0.130661696 0.120940313 0.259540379 0.075671121 0.921801686 0.380204678 0.223145470 -0.161161169 -0.364978433 0.916961193 0.149522588
0.986355364 -0.124609850 0.107589275 0.255581141 0.075775065 0.923812926 0.375270277 0.217629477 -0.146154732 -0.361997277 0.920650184 0.164703831
0.988841236 -0.115221046 0.094430581 0.249059334 0.073039062 0.927433610 0.366786331 0.211168274 -0.129839599 -0.355796307 0.925500274 0.178712025
0.991428971 -0.103644431 0.079539157 0.240300804 0.068880916 0.931994140 0.355868429 0.207023963 -0.111013807 -0.347339541 0.931145072 0.194429636
0.993766606 -0.090262480 0.065426715 0.228772208 0.062094934 0.935592115 0.347579658 0.203231066 -0.092586122 -0.341350377 0.935365021 0.209249333
0.995808184 -0.077067368 0.049261808 0.215087160 0.055686407 0.938084245 0.341901988 0.200284883 -0.072561212 -0.337725550 0.938443542 0.224052936
0.997493863 -0.064766467 0.028482551 0.197830051 0.051259793 0.939012825 0.340040177 0.196984053 -0.048768684 -0.337727994 0.939979494 0.235601112
0.998562098 -0.053438049 0.004249133 0.178254440 0.048811372 0.939144492 0.340036929 0.193845570 -0.022161458 -0.339340568 0.940402508 0.244873524
0.998752773 -0.043315161 -0.024834031 0.154009596 0.049205039 0.938289285 0.342333287 0.192491144 0.008473283 -0.343128294 0.939250350 0.250310093
0.998116314 -0.031218521 -0.052813649 0.130376533 0.047638364 0.936822057 0.346547246 0.192894638 0.038658299 -0.348410428 0.936544538 0.254296690
0.996641338 -0.020146338 -0.079373613 0.102676041 0.046854638 0.935222208 0.350947469 0.192628950 0.067161664 -0.353487760 0.933025062 0.253757954
0.994068265 -0.008661093 -0.108412281 0.074672222 0.047017917 0.933081388 0.356578767 0.192393556 0.098069116 -0.359560966 0.927953839 0.249007002
0.991097927 0.005086733 -0.133037701 0.042879879 0.043584563 0.931809187 0.360322207 0.196848601 0.125798598 -0.362912983 0.923292398 0.241373241
0.987811089 0.020395193 -0.154315695 0.009880115 0.037645023 0.930648029 0.363974094 0.198567316 0.151036903 -0.365346849 0.918536603 0.228954554
0.982380390 0.029367466 -0.184570640 -0.015518939 0.040050972 0.931552827 0.361393511 0.203075513 0.182550520 -0.362418115 0.913963020 0.208449170
0.978417158 0.035962213 -0.203486174 -0.050772447 0.041672986 0.930166960 0.364763975 0.206970796 0.202393830 -0.365371227 0.908592641 0.196139574
0.973456621 0.039256264 -0.225479901 -0.077936329 0.047039595 0.929831386 0.364966929 0.210181907 0.223985523 -0.365885973 0.903303921 0.174029619
0.968009114 0.037844948 -0.248044595 -0.096112311 0.057264306 0.929150105 0.365240842 0.215625897 0.244293198 -0.367760569 0.897258639 0.152096331
0.965533674 0.042646550 -0.256760597 -0.116556525 0.057215728 0.927578211 0.369222254 0.221904039 0.253911555 -0.371187240 0.893167913 0.134440586
0.964765012 0.044588450 -0.259307414 -0.134167001 0.057427000 0.926091433 0.372903138 0.228935122 0.256769568 -0.374655157 0.890900075 0.111428492
0.964872837 0.046822067 -0.258511394 -0.144525409 0.056017492 0.924695671 0.376563370 0.236337110 0.256675869 -0.377816916 0.889590859 0.087334946
