1.000000000 0.000000000 0.000000000 0.000000030 0.000000000 1.000000000 0.000000000 0.000000238 0.000000000 0.000000000 1.000000000 -0.000000477
0.999996543 0.000276600 -0.002611195 -0.000806610 -0.000262577 0.999985576 0.005369100 -0.003228615 0.002612642 -0.005368396 0.999982178 -0.001222752
0.999970078 -0.002420414 -0.007349251 -0.002310043 0.002454109 0.999986529 0.004579319 -0.009657850 0.007338068 -0.004597218 0.999962509 -0.004405922
0.999921143 -0.004380034 -0.011768590 -0.003239540 0.004355789 0.999988317 -0.002085034 -0.018978838 0.011777584 0.002033608 0.999928594 -0.007788114
0.999814510 -0.006702770 -0.018054809 -0.004231344 0.006479283 0.999902010 -0.012408495 -0.031707652 0.018136211 0.012289211 0.999759972 -0.011823935
0.999656141 -0.009298538 -0.024517315 -0.004439854 0.008729757 0.999692619 -0.023205034 -0.047827620 0.024725551 0.022983026 0.999430060 -0.016600551
0.999461055 -0.011345477 -0.030803271 -0.004263935 0.010436253 0.999509752 -0.029519169 -0.066205308 0.031123079 0.029181788 0.999089479 -0.022662872
0.999114335 -0.014549948 -0.039481979 -0.004124270 0.013367116 0.999458730 -0.030059166 -0.086478814 0.039897967 0.029504783 0.998768032 -0.029725453
0.998616099 -0.019898720 -0.048682000 -0.003993586 0.018660605 0.999494076 -0.025756408 -0.107895188 0.049169887 0.024812326 0.998482168 -0.036975563
0.998081207 -0.026221365 -0.056092434 -0.003716411 0.025219418 0.999510825 -0.018496463 -0.129808262 0.056549996 0.017046353 0.998254240 -0.044893436
0.997281432 -0.034513112 -0.065104201 -0.003769690 0.033705261 0.999341071 -0.013466727 -0.152196094 0.065526083 0.011235762 0.997787595 -0.052616887
0.996698380 -0.037846386 -0.071832798 -0.003461184 0.036894269 0.999213457 -0.014535986 -0.174830198 0.072326429 0.011837775 0.997310758 -0.059559163
0.996460795 -0.034259148 -0.076760262 -0.003338447 0.032677121 0.999228776 -0.021772387 -0.197783291 0.077446967 0.019187024 0.996811807 -0.065115072
0.996226847 -0.027981088 -0.082153253 -0.003762012 0.025475278 0.999182403 -0.031393215 -0.221333742 0.082964502 0.029181885 0.996125162 -0.071680509
0.995565593 -0.026785683 -0.090175673 -0.004327471 0.023079403 0.998855412 -0.041895613 -0.245633364 0.091194659 0.039628632 0.995044291 -0.078437157
0.994417131 -0.032876600 -0.100268021 -0.004879974 0.027797673 0.998278975 -0.051636960 -0.270593971 0.101793110 0.048561458 0.993619621 -0.085907899
0.993015409 -0.045115098 -0.109018594 -0.005103477 0.038615473 0.997389734 -0.061013263 -0.295990914 0.111486644 0.056377303 0.992165446 -0.093737394
0.991778731 -0.057136618 -0.114500649 -0.005417851 0.049279958 0.996307015 -0.070312239 -0.319604665 0.118095197 0.064091600 0.990931809 -0.098880112
0.991155386 -0.063661635 -0.116439588 -0.003021294 0.054691933 0.995399177 -0.078672014 -0.342354715 0.120912261 0.071607880 0.990077019 -0.107182138
0.990778625 -0.068096772 -0.117134817 -0.000032943 0.058421578 0.994739830 -0.084140018 -0.361645013 0.122248329 0.076520935 0.989545286 -0.114824042
0.990903437 -0.067957871 -0.116155662 0.002938882 0.057973851 0.994495988 -0.087273814 -0.376708776 0.121447287 0.079745926 0.989389300 -0.120987535
0.990811288 -0.067639679 -0.117123365 0.005305277 0.057363838 0.994379342 -0.088989586 -0.387205273 0.122484282 0.081453234 0.989122331 -0.125947103
0.991055071 -0.066922665 -0.115460679 0.008660846 0.056577429 0.994273186 -0.090663396 -0.392535150 0.120866895 0.083319955 0.989165783 -0.129925221
0.991921782 -0.063107520 -0.110039435 0.013046648 0.052768946 0.994129121 -0.094460301 -0.391343713 0.115354560 0.087890558 0.989428401 -0.125675008
0.993369102 -0.056466550 -0.100146718 0.017670164 0.046472006 0.993955016 -0.099467650 -0.384376973 0.105157919 0.094154075 0.989988267 -0.123977348
0.994095683 -0.053922933 -0.094160028 0.020714700 0.044158284 0.993713975 -0.102871828 -0.372162163 0.099115290 0.098106496 0.990227878 -0.119463667
0.994362175 -0.053032234 -0.091822855 0.022617357 0.043458611 0.993701160 -0.103292301 -0.355810374 0.096722297 0.098719463 0.990403593 -0.112347327
0.994732797 -0.048833728 -0.090121947 0.025210420 0.039793946 0.994240403 -0.099510945 -0.336322427 0.094462372 0.095400490 0.990946829 -0.104227468
0.995177448 -0.042660318 -0.088328816 0.028244393 0.034621902 0.995283723 -0.090618096 -0.314014345 0.091778032 0.087122969 0.991960883 -0.096254326
0.995708883 -0.034596622 -0.085830376 0.031397883 0.028040318 0.996679068 -0.076450035 -0.290184826 0.088190258 0.073715270 0.993372321 -0.088848121
0.996155441 -0.026488703 -0.083502658 0.033076830 0.021593366 0.998024881 -0.058992546 -0.263272405 0.084900357 0.056962643 0.994759858 -0.082704574
0.996683836 -0.018357478 -0.079273939 0.036514279 0.015156157 0.999052465 -0.040797617 -0.238295868 0.079947770 0.039460834 0.996017694 -0.075875610
0.996980548 -0.012046757 -0.076711498 0.039611150 0.010079411 0.999611616 -0.025981778 -0.213861823 0.076994695 0.025130121 0.996714771 -0.068607122
0.997160375 -0.006117641 -0.075058617 0.043630891 0.004951063 0.999864221 -0.015718475 -0.191284284 0.075144581 0.015302220 0.997055233 -0.062290933
0.997225404 -0.001724861 -0.074421600 0.046350732 0.001020991 0.999954402 -0.009494886 -0.168209001 0.074434578 0.009392558 0.997181654 -0.056228016
0.997216165 0.000682351 -0.074561536 0.046714984 -0.001208873 0.999974668 -0.007016680 -0.144144863 0.074554861 0.007087282 0.997191727 -0.049138520
0.997352540 0.006284078 -0.072446033 0.049178403 -0.006842585 0.999948740 -0.007463682 -0.123165660 0.072395414 0.007939640 0.997344434 -0.044367637
0.997608662 0.015699591 -0.067308500 0.051471855 -0.016305752 0.999831200 -0.008465768 -0.104164898 0.067164227 0.009543040 0.997696280 -0.040569436
0.997608006 0.026722310 -0.063751392 0.052986782 -0.027229266 0.999604046 -0.007096398 -0.088528737 0.063536517 0.008815327 0.997940600 -0.038579039
0.997391522 0.038680341 -0.060942553 0.054056089 -0.038905699 0.999239743 -0.002515118 -0.077678762 0.060798936 0.004879570 0.998138130 -0.038467165
0.996931791 0.049115025 -0.060948897 0.053992990 -0.048899628 0.998791099 0.005021569 -0.072659850 0.061121847 -0.002025784 0.998128235 -0.038757503
0.996412158 0.057480182 -0.062119648 0.054345611 -0.056739833 0.998296082 0.013618577 -0.075086229 0.062796600 -0.010045057 0.997975767 -0.041267660
0.996057570 0.058604166 -0.066594660 0.054334305 -0.057264559 0.998119891 0.021851424 -0.084530689 0.067750037 -0.017951764 0.997540832 -0.046526574
0.995745718 0.057148974 -0.072280377 0.054522764 -0.055370498 0.998117447 0.026375767 -0.100999035 0.073651657 -0.022261355 0.997035563 -0.053518344
0.995576739 0.052300815 -0.078048579 0.057955477 -0.050352808 0.998373926 0.026722927 -0.125029325 0.079319291 -0.022674758 0.996591330 -0.063023299
0.995299459 0.045963883 -0.085242398 0.058015060 -0.044102900 0.998748481 0.023588823 -0.150268301 0.086219944 -0.019718507 0.996080995 -0.072385006
0.995065093 0.038633972 -0.091393948 0.058417961 -0.037210889 0.999158978 0.017224597 -0.178012058 0.091982543 -0.013738746 0.995665848 -0.081485078
0.994824827 0.031785239 -0.096505083 0.057942260 -0.031270634 0.999487519 0.006840552 -0.206740841 0.096673064 -0.003787376 0.995308995 -0.090074345
0.994607210 0.026670564 -0.100225464 0.058446400 -0.027458422 0.999601901 -0.006489350 -0.236655176 0.100012481 0.009206387 0.994943559 -0.098991074
0.994381547 0.022569953 -0.103421099 0.058729302 -0.024994178 0.999440968 -0.022204509 -0.266862184 0.102862127 0.024664680 0.994389772 -0.107309058
0.994483054 0.017784338 -0.103378966 0.056990877 -0.021815795 0.999039650 -0.037997868 -0.294317484 0.102603927 0.040043529 0.993915975 -0.111408427
0.994972169 0.013434043 -0.099246480 0.056509655 -0.018573007 0.998523951 -0.051038697 -0.322717279 0.098414324 0.052625388 0.993753076 -0.118081011
0.995903075 0.012049279 -0.089621082 0.055834714 -0.017596675 0.997960091 -0.061368186 -0.348859251 0.088698819 0.062693797 0.994083524 -0.122970387
0.996883333 0.014512154 -0.077544019 0.054112058 -0.019911407 0.997396052 -0.069315247 -0.370943785 0.076336190 0.070643224 0.994576454 -0.126510724
0.997877777 0.018780775 -0.062347844 0.054893646 -0.023483936 0.996863186 -0.075579703 -0.391674519 0.060732827 0.076883480 0.995188653 -0.133181050
0.998478413 0.021308845 -0.050860170 0.053548567 -0.025298571 0.996542692 -0.079136640 -0.406916499 0.048998024 0.080302924 0.995565474 -0.135561481
0.998448431 0.018520068 -0.052513901 0.051806264 -0.022739772 0.996460319 -0.080930501 -0.418997407 0.050829183 0.081999093 0.995335400 -0.137814447
0.998234630 0.016239531 -0.057130415 0.050624434 -0.020940077 0.996357322 -0.082665868 -0.427038342 0.055579852 0.083716251 0.994938433 -0.139218867
0.997759938 0.014229053 -0.065365650 0.050164547 -0.019798703 0.996152878 -0.085366562 -0.429928213 0.063899495 0.086469486 0.994203150 -0.140128136
0.997550726 0.016211757 -0.068042345 0.048484921 -0.022288138 0.995735943 -0.089516588 -0.426681578 0.066300981 0.090813868 0.993658423 -0.139513195
0.997609258 0.021969603 -0.065522037 0.049093328 -0.028079925 0.995190859 -0.093843944 -0.419759274 0.063145213 0.095459439 0.993428469 -0.135116726
0.997468352 0.027182812 -0.065711342 0.049113769 -0.033499222 0.994718730 -0.097017698 -0.406960398 0.062727086 0.098973356 0.993111074 -0.129085824
0.997243643 0.031837799 -0.067018136 0.048094414 -0.038333572 0.994449258 -0.097986042 -0.388755620 0.063526481 0.100285009 0.992928624 -0.119952187
0.996898592 0.038094006 -0.068862244 0.046746384 -0.044629008 0.994380474 -0.095998287 -0.368426919 0.064818308 0.098773807 0.992996633 -0.111314878
0.996515512 0.041430280 -0.072390147 0.046676181 -0.047791049 0.994931877 -0.088468105 -0.345444262 0.068358012 0.091619447 0.993445039 -0.102633297
0.996073544 0.044435948 -0.076570079 0.047210805 -0.050162598 0.995953679 -0.074565612 -0.321177632 0.072946861 0.078113787 0.994272113 -0.094432980
0.995497644 0.046723995 -0.082469799 0.046263471 -0.051453318 0.997093737 -0.056183629 -0.295412391 0.079604991 0.060174018 0.995008588 -0.085004270
0.994987428 0.046054918 -0.088763542 0.045438342 -0.049280163 0.998189270 -0.034491833 -0.269620180 0.087014295 0.038693223 0.995455325 -0.076522350
0.994275808 0.042587668 -0.097989038 0.043513834 -0.043969989 0.998960912 -0.011989973 -0.245229080 0.097376585 0.016229918 0.995115280 -0.069839053
0.993767262 0.039597034 -0.104204938 0.042648539 -0.039048761 0.999210656 0.007297147 -0.221938357 0.104411632 -0.003182592 0.994529068 -0.063379660
0.993507385 0.036882728 -0.107623391 0.042727586 -0.034784257 0.999167621 0.021311482 -0.200110942 0.108319826 -0.017429514 0.993963301 -0.057213698
0.993577838 0.034103487 -0.107889138 0.042511560 -0.031161513 0.999098241 0.028838374 -0.180508927 0.108775340 -0.025291182 0.993744552 -0.051148113
0.993885040 0.032148071 -0.105636522 0.040988747 -0.028973680 0.999085307 0.031448957 -0.161815852 0.106550917 -0.028195970 0.993907392 -0.044072773
0.994520068 0.029296897 -0.100357145 0.041357733 -0.026429117 0.999206781 0.029787345 -0.146453097 0.101150215 -0.026971763 0.994505465 -0.038394872
0.995236278 0.024857856 -0.094270267 0.040977780 -0.022642788 0.999443531 0.024494464 -0.133146361 0.094826691 -0.022243237 0.995245278 -0.033089824
0.995982528 0.023423787 -0.086429857 0.040776744 -0.021986805 0.999604344 0.017540788 -0.122135125 0.086806528 -0.015570003 0.996103525 -0.028313629
0.996694446 0.024368457 -0.077501014 0.041500390 -0.023645222 0.999668002 0.010236076 -0.113012075 0.077724725 -0.008369711 0.996939719 -0.024409767
0.997276604 0.027939487 -0.068255231 0.044151329 -0.027621478 0.999602795 0.005598628 -0.105692029 0.068384543 -0.003698071 0.997652173 -0.022337325
0.997573733 0.031445831 -0.062110826 0.049727883 -0.031206859 0.999501348 0.004814107 -0.100880504 0.062231235 -0.002864143 0.998057663 -0.022287767
0.997758210 0.034266494 -0.057483938 0.057933882 -0.033956960 0.999403119 0.006353224 -0.098268464 0.057667326 -0.004387002 0.998326242 -0.022950349
0.998094022 0.032935049 -0.052187946 0.069140106 -0.032438803 0.999420345 0.010327683 -0.097992502 0.052497838 -0.008615085 0.998583853 -0.024827531
0.998545527 0.028787591 -0.045585811 0.082212470 -0.028143547 0.999495685 0.014707580 -0.098486088 0.045986220 -0.013403242 0.998852134 -0.024701159
0.999011457 0.021717779 -0.038786530 0.098025538 -0.021038882 0.999619722 0.017826699 -0.102092966 0.039158940 -0.016993053 0.999088466 -0.028213067
0.999395967 0.014070591 -0.031776369 0.117149033 -0.013491699 0.999740422 0.018359177 -0.108854428 0.032026447 -0.017919369 0.999326348 -0.034837425
0.999686182 0.008755424 -0.023471277 0.135926723 -0.008416661 0.999859571 0.014493209 -0.114188477 0.023594875 -0.014291110 0.999619424 -0.038976084
0.999852538 0.002971039 -0.016914174 0.155689865 -0.002841672 0.999966562 0.007667359 -0.119683303 0.016936388 -0.007618164 0.999827564 -0.044510931
0.999947011 -0.003474990 -0.009687150 0.177361384 0.003470237 0.999993861 -0.000507374 -0.124999635 0.009688854 0.000473731 0.999952972 -0.051155396
0.999938548 -0.010899927 -0.002032402 0.200465828 0.010880020 0.999895096 -0.009561302 -0.129495054 0.002136406 0.009538602 0.999952197 -0.057252228
0.999774098 -0.020646229 0.005044280 0.224291459 0.020735431 0.999617100 -0.018322187 -0.133416578 -0.004664065 0.018422643 0.999819398 -0.063772224
0.999483466 -0.029380504 0.013024369 0.249097005 0.029722985 0.999195278 -0.026931815 -0.136386961 -0.012222618 0.027305026 0.999552429 -0.069596060
0.999126911 -0.035999887 0.021200243 0.273341537 0.036764465 0.998644233 -0.036852606 -0.135828242 -0.019844811 0.037599847 0.999095798 -0.069530942
0.998714507 -0.041166782 0.029573970 0.302401870 0.042503066 0.998033404 -0.046074387 -0.136747718 -0.027619075 0.047272142 0.998500168 -0.075915135
0.998253226 -0.044671670 0.038664695 0.332865149 0.046712510 0.997469485 -0.053596321 -0.136862710 -0.036172617 0.055308823 0.997813821 -0.082265034
0.997786701 -0.046624307 0.047411628 0.364523262 0.049388897 0.997040510 -0.058915086 -0.136345789 -0.044524439 0.061126299 0.997136474 -0.088550940
0.997297645 -0.043667439 0.059080895 0.397805214 0.047379661 0.996890545 -0.062963940 -0.134879991 -0.056147713 0.065593027 0.996265531 -0.095685244
0.996792197 -0.040261164 0.069169171 0.430782735 0.044798814 0.996855974 -0.065354683 -0.133187190 -0.066320442 0.068243735 0.995461881 -0.102997743
0.996337712 -0.039515797 0.075826846 0.463088691 0.044443395 0.996931612 -0.064437397 -0.130973428 -0.073047884 0.067571409 0.995036721 -0.109416567
0.995820820 -0.041595511 0.081306219 0.494511992 0.046552554 0.997108996 -0.060053743 -0.128328562 -0.078573197 0.063587777 0.994878292 -0.116747983
0.994934618 -0.045163535 0.089807421 0.525560975 0.049980775 0.997388601 -0.052133881 -0.126059607 -0.087218344 0.056358449 0.994593740 -0.124067403
0.993497789 -0.050733432 0.101922676 0.552064180 0.055295400 0.997567594 -0.042442296 -0.123148970 -0.099521518 0.047802184 0.993886530 -0.120947689
0.991447449 -0.057948496 0.116935477 0.580289304 0.062143359 0.997536361 -0.032549113 -0.121974014 -0.114761218 0.039537497 0.992605984 -0.126814097
0.989052057 -0.066674598 0.131645441 0.606900692 0.070511095 0.997205257 -0.024694201 -0.121760622 -0.129631042 0.033706311 0.990989268 -0.132607058
0.986393690 -0.074403882 0.146599814 0.631294191 0.078234807 0.996723473 -0.020533649 -0.122447625 -0.144591704 0.031723469 0.988982737 -0.137524158
0.983371019 -0.080903575 0.162591815 0.652358770 0.085325927 0.996144414 -0.020390946 -0.123236299 -0.160315216 0.033925161 0.986482680 -0.139464587
0.979863048 -0.083310984 0.181459978 0.670844674 0.089069434 0.995740891 -0.023805184 -0.125186622 -0.178703889 0.039488353 0.983110189 -0.141875222
0.976380825 -0.081541777 0.200078681 0.686080396 0.089169204 0.995582581 -0.029396068 -0.127464056 -0.196797833 0.046542611 0.979338765 -0.136054054
0.973003328 -0.077897690 0.217247382 0.695254326 0.087645195 0.995516002 -0.035584643 -0.129798204 -0.213501289 0.053664662 0.975467741 -0.135276839
0.970184982 -0.074541800 0.230617821 0.699550092 0.086202346 0.995438099 -0.040892217 -0.131956264 -0.226517588 0.059552815 0.972184777 -0.134129256
0.968220830 -0.072156362 0.239461765 0.698393464 0.085133798 0.995384812 -0.044286679 -0.134189978 -0.235161051 0.063265577 0.969895244 -0.131651089
0.967083573 -0.070914023 0.244378045 0.692168593 0.084527366 0.995374322 -0.045662958 -0.136614740 -0.240009472 0.064816527 0.968604267 -0.127814516
0.966723263 -0.070386343 0.245950952 0.681805074 0.084089778 0.995411873 -0.045651957 -0.138911307 -0.241609231 0.064814769 0.968206584 -0.119043544
0.967172205 -0.069475845 0.244440243 0.666079760 0.083006293 0.995510638 -0.045481198 -0.141063184 -0.240183011 0.064278223 0.968597174 -0.113536783
0.968580663 -0.066719308 0.239582971 0.646419644 0.080016002 0.995722473 -0.046197079 -0.143212125 -0.235475913 0.063916072 0.969776154 -0.107091561
0.970559299 -0.062832512 0.232522592 0.623716831 0.075732611 0.996021509 -0.046965122 -0.145657718 -0.228646562 0.063191980 0.971456409 -0.099580109
0.972784579 -0.061634831 0.223363578 0.598694980 0.073660456 0.996226311 -0.045905039 -0.149158105 -0.219691336 0.061108775 0.973653674 -0.092211768
0.975335360 -0.065204807 0.210877448 0.571185291 0.075786076 0.996218681 -0.042482439 -0.153691754 -0.207309991 0.057416197 0.976588905 -0.084489539
0.978057623 -0.070624560 0.195998743 0.542718291 0.079771399 0.996043563 -0.039162941 -0.158772290 -0.192457423 0.053938709 0.979821801 -0.076946512
0.980156064 -0.074684866 0.183619797 0.513571978 0.082962222 0.995835304 -0.037806924 -0.164282024 -0.180031478 0.052290190 0.982270002 -0.069988735
0.981707156 -0.074461043 0.175233155 0.485140890 0.082575038 0.995803058 -0.039467260 -0.168985561 -0.171558946 0.053215176 0.983735561 -0.062452380
0.983364642 -0.069857016 0.167672127 0.455549538 0.078180224 0.995987356 -0.043554991 -0.173782706 -0.163956702 0.055939078 0.984880209 -0.056650110
0.985159278 -0.068157539 0.157530025 0.426044613 0.076533303 0.995924294 -0.047722604 -0.177802682 -0.153635338 0.059070658 0.986360431 -0.050064925
0.987080634 -0.066705190 0.145678520 0.397079498 0.074702151 0.995945275 -0.050126340 -0.181040555 -0.141744137 0.060361240 0.988061309 -0.043492440
0.988942504 -0.064840943 0.133372992 0.369203061 0.072115913 0.996119320 -0.050453857 -0.183775291 -0.129583955 0.059514277 0.989780784 -0.035555433
0.990934789 -0.063751899 0.118253827 0.343208164 0.070040934 0.996299863 -0.049807969 -0.186380208 -0.114640921 0.057639059 0.991733432 -0.026419817
0.992808580 -0.062220108 0.102273189 0.319472045 0.067553565 0.996485114 -0.049537431 -0.188906476 -0.098831482 0.056090105 0.993522108 -0.015115580
0.994157672 -0.059708320 0.089918770 0.299119264 0.064404078 0.996657610 -0.050257131 -0.192028061 -0.086617462 0.055754647 0.994680285 -0.001783418
0.994926095 -0.057224408 0.082749344 0.281002343 0.061752290 0.996670842 -0.053233847 -0.195376381 -0.079427592 0.058073707 0.995147586 0.013515235
0.995250702 -0.052945971 0.081686728 0.267378747 0.057645693 0.996748984 -0.056289177 -0.199390829 -0.078440882 0.060730729 0.995067239 0.029338181
0.995355606 -0.049524151 0.082550317 0.252737910 0.054337032 0.996887982 -0.057112280 -0.202104390 -0.079464987 0.061332565 0.994949043 0.053247560
0.995016634 -0.050502203 0.085973613 0.242928624 0.055294640 0.996992230 -0.054304808 -0.207072541 -0.082972504 0.058788069 0.994816303 0.070207454
0.994342387 -0.055397946 0.090632923 0.234504923 0.060068388 0.996959209 -0.049640398 -0.212595388 -0.087607346 0.054803725 0.994646430 0.087464027
0.993508816 -0.063478880 0.094396614 0.227373451 0.067983247 0.996657968 -0.045290072 -0.218674809 -0.091206171 0.051413473 0.994503915 0.104971409
0.992757857 -0.069416910 0.098046780 0.221501499 0.073959723 0.996312916 -0.043480545 -0.225596607 -0.094666988 0.050417162 0.994231522 0.121010013
0.991972387 -0.070670895 0.104863957 0.217685208 0.075589500 0.996181369 -0.043691516 -0.232130632 -0.101375803 0.051267393 0.993526340 0.136039466
0.991010129 -0.071890451 0.112830378 0.214334041 0.077374451 0.995986223 -0.044996500 -0.238628462 -0.109142683 0.053322174 0.992594898 0.149498463
0.990190864 -0.078293428 0.115724429 0.213258266 0.084066808 0.995403647 -0.045873009 -0.245314121 -0.111600965 0.055151619 0.992221534 0.156931505
0.989223480 -0.088977225 0.116275579 0.205262497 0.094897069 0.994405210 -0.046398323 -0.252565771 -0.111496642 0.056932520 0.992132664 0.164596409
0.988349557 -0.098753348 0.115814209 0.203251511 0.104721680 0.993408263 -0.046619762 -0.258226812 -0.110446930 0.058204878 0.992176235 0.163264126
0.987702131 -0.107654177 0.113380507 0.200547948 0.113404088 0.992505193 -0.045529161 -0.263904154 -0.107629344 0.057827059 0.992507935 0.157313883
0.987294436 -0.112232231 0.112488225 0.197576463 0.117727496 0.992095292 -0.043441243 -0.268234193 -0.106723532 0.056132257 0.992703021 0.146430194
0.987148166 -0.108548902 0.117284611 0.192590639 0.114153914 0.992568135 -0.042159308 -0.269872516 -0.111836627 0.055005979 0.992203057 0.133443981
0.987424314 -0.094640099 0.126635373 0.186306298 0.100609668 0.994056284 -0.041590583 -0.268343568 -0.121946558 0.053808291 0.991077065 0.119403504
0.987441778 -0.078058556 0.137352243 0.177238479 0.084349543 0.995609343 -0.040584892 -0.264525235 -0.133581176 0.051660813 0.989690483 0.103593960
0.987415254 -0.065373443 0.144005015 0.168712199 0.071643792 0.996675670 -0.038790710 -0.258277893 -0.140990421 0.048619606 0.988816381 0.088203914
0.987196088 -0.055392131 0.149584696 0.157899410 0.061299942 0.997499466 -0.035173651 -0.250203282 -0.147262320 0.043892827 0.988123059 0.073386699
0.987341642 -0.049005665 0.150847197 0.148323432 0.053902633 0.998138130 -0.028544717 -0.238549635 -0.149167478 0.036314450 0.988144875 0.059304383
0.987508893 -0.044799302 0.151060104 0.138397634 0.048028428 0.998687446 -0.017794238 -0.225650191 -0.150064677 0.024827147 0.988364398 0.044543616
0.987868309 -0.042846255 0.149266288 0.128942743 0.043674104 0.999043226 -0.002271106 -0.210385695 -0.149026170 0.008762625 0.988794446 0.032396521
0.988404512 -0.044834591 0.145073861 0.120168902 0.042749807 0.998933256 0.017457776 -0.194468930 -0.145701826 -0.011053466 0.989266813 0.022594806
0.989056408 -0.046835989 0.139906511 0.112214088 0.041957580 0.998410940 0.037619065 -0.178006902 -0.141446128 -0.031337243 0.989449859 0.014520627
0.989522517 -0.045040976 0.137173444 0.105777077 0.037921291 0.997816145 0.054082226 -0.161616653 -0.139309794 -0.048313785 0.989069521 0.008552383
0.989661753 -0.042026244 0.137125567 0.099457353 0.033421665 0.997360468 0.064460389 -0.145817235 -0.139472649 -0.059211019 0.988454044 0.004904903
0.989863634 -0.039619781 0.136382982 0.094058372 0.030548884 0.997219324 0.067973182 -0.131353587 -0.138696834 -0.063117832 0.988321483 0.002533520
0.990088105 -0.038791675 0.134984240 0.088268079 0.030342039 0.997482002 0.064101592 -0.118480057 -0.137130961 -0.059370529 0.988772094 0.001330565
0.990030646 -0.038217086 0.135568485 0.083305836 0.031092759 0.998041213 0.054285802 -0.106627539 -0.137377575 -0.049529411 0.989279628 0.002605499
0.990141392 -0.038956579 0.134545133 0.080904998 0.033653583 0.998572946 0.041466963 -0.095152013 -0.135968551 -0.036530230 0.990039468 0.001263102
0.989999294 -0.038874045 0.135610357 0.077013329 0.035044476 0.998919785 0.030514205 -0.085928552 -0.136650071 -0.025456646 0.990292251 0.003632633
0.989997387 -0.038528934 0.135722816 0.074042954 0.035672620 0.999089181 0.023415668 -0.078595430 -0.136501372 -0.018339863 0.990470111 0.006924434
0.989980638 -0.038963575 0.135720968 0.072457820 0.036459010 0.999116719 0.020891754 -0.073275499 -0.136415124 -0.015734179 0.990526795 0.011126754
0.989823699 -0.038409237 0.137017578 0.071614347 0.035699818 0.999116421 0.022177977 -0.069359593 -0.137748361 -0.017060785 0.990320325 0.016975600
0.989738822 -0.039194468 0.137407854 0.071429603 0.035954218 0.999015570 0.025985390 -0.066183254 -0.138291076 -0.020778358 0.990173638 0.023534091
0.989277601 -0.042405397 0.139755473 0.071350902 0.038493909 0.998790979 0.030574564 -0.064304128 -0.140883043 -0.024866998 0.989713907 0.031097636
0.988511860 -0.046030425 0.143963382 0.072189979 0.041638784 0.998575211 0.033372451 -0.062237296 -0.145294413 -0.026994605 0.989020109 0.039659407
0.987445354 -0.049766347 0.149916574 0.073182277 0.045150332 0.998400092 0.034040548 -0.060749654 -0.151370779 -0.026844399 0.988112450 0.048834331
0.986535072 -0.053787388 0.154452175 0.074508689 0.049162798 0.998225152 0.033609759 -0.059243448 -0.155985832 -0.025563907 0.987428427 0.057924062
0.985604584 -0.058501173 0.158622980 0.076245777 0.053856332 0.997988999 0.033428211 -0.057369512 -0.160259575 -0.024404146 0.986773193 0.066337220
0.984527588 -0.059732191 0.164734706 0.078332059 0.054995477 0.997935474 0.033170357 -0.055643257 -0.166375950 -0.023597470 0.985780001 0.074101262
0.983711958 -0.061642881 0.168851867 0.080495350 0.056848351 0.997834384 0.033088084 -0.054370828 -0.170525834 -0.022950193 0.985085905 0.081696153
0.983277738 -0.066030003 0.169720307 0.082542799 0.061175786 0.997558653 0.033679020 -0.053436019 -0.171529785 -0.022733059 0.984916627 0.088223577
0.983014524 -0.070835069 0.169306904 0.084552459 0.066059440 0.997247040 0.033682477 -0.052607678 -0.171226710 -0.021926045 0.984987617 0.093351081
0.982365310 -0.072546996 0.172323376 0.087006062 0.067520492 0.997108638 0.034861449 -0.051383436 -0.174354225 -0.022611320 0.984423339 0.097785220
0.981863499 -0.073816039 0.174628809 0.088952199 0.067949317 0.996912599 0.039347362 -0.049865767 -0.176994130 -0.026767831 0.983847857 0.100944988
0.981426239 -0.076091483 0.176103935 0.090559416 0.068872675 0.996529162 0.046756115 -0.048099592 -0.179050460 -0.033758927 0.983260512 0.103716627
0.981133282 -0.078642733 0.176614791 0.091786601 0.070033200 0.996056259 0.054472730 -0.046007134 -0.180202156 -0.041076109 0.982771575 0.106382340
0.980914891 -0.079823956 0.177296847 0.092903286 0.070205599 0.995733321 0.059886359 -0.043795381 -0.181320727 -0.046296194 0.982333660 0.109058648
0.980992198 -0.079721890 0.176914394 0.093888842 0.069665499 0.995619714 0.062354311 -0.041792501 -0.181110471 -0.048844263 0.982249081 0.112057723
0.981520891 -0.080407128 0.173641711 0.094270945 0.070592463 0.995577395 0.061987083 -0.040218100 -0.177857965 -0.048583824 0.982856095 0.113630250
0.981687427 -0.080974564 0.172432408 0.094626702 0.071835726 0.995693207 0.058606140 -0.038960308 -0.176435396 -0.045146108 0.983276367 0.115090571
0.981732190 -0.081176810 0.172082171 0.094699718 0.072945110 0.995892346 0.053641822 -0.037943952 -0.175729796 -0.040109348 0.983621001 0.116173178
0.982042134 -0.081258252 0.170265362 0.094381362 0.074025631 0.996080399 0.048415367 -0.036843907 -0.173532143 -0.034941930 0.984208167 0.117073476
0.981976271 -0.077020399 0.172599196 0.094256572 0.071067162 0.996652305 0.040419061 -0.036061399 -0.175134480 -0.027424421 0.984162509 0.117569402
0.981999278 -0.075349979 0.173204407 0.093273617 0.070387803 0.996918619 0.034623947 -0.036243446 -0.175279602 -0.021809215 0.984277129 0.117214292
0.982486665 -0.071973309 0.171871319 0.092406236 0.067521960 0.997216821 0.031614162 -0.036632698 -0.173668340 -0.019455407 0.984611988 0.117651753
0.982450843 -0.068196222 0.173607796 0.092070535 0.063493535 0.997452736 0.032505676 -0.035622515 -0.175382346 -0.020912256 0.984278262 0.118232846
0.982314229 -0.066480279 0.175040394 0.091461755 0.062719673 0.997667670 0.026935466 -0.035187151 -0.176422805 -0.015480615 0.984192729 0.118673973
0.982194304 -0.066533491 0.175691918 0.090668604 0.064172447 0.997756183 0.019092441 -0.035204429 -0.176567987 -0.007477908 0.984260023 0.119055346
0.982278526 -0.066520073 0.175225377 0.090528190 0.063636117 0.997729957 0.022032624 -0.034912117 -0.176293224 -0.010491511 0.984281778 0.118863955
0.982245505 -0.065352134 0.175849020 0.090788513 0.062499829 0.997808695 0.021716092 -0.034887895 -0.176882863 -0.010340001 0.984177589 0.119012810
0.982151389 -0.066933811 0.175779775 0.090956673 0.064718902 0.997735560 0.018309750 -0.034916949 -0.176607266 -0.006606673 0.984259248 0.118587039
0.982249141 -0.066155583 0.175527990 0.090963505 0.063844889 0.997783005 0.018785201 -0.034586810 -0.176381588 -0.007245183 0.984295189 0.118655443
0.982393086 -0.064240567 0.175433636 0.091122411 0.061860435 0.997903824 0.019007985 -0.034337983 -0.176286966 -0.007820912 0.984307766 0.118510671
0.982498288 -0.063684739 0.175046772 0.091132775 0.061330650 0.997939825 0.018830860 -0.034316797 -0.175885379 -0.007765557 0.984380007 0.118255898
0.982470393 -0.065356262 0.174586728 0.090814255 0.062973894 0.997831285 0.019156925 -0.034318082 -0.175460115 -0.007826710 0.984455407 0.118629344
0.982438266 -0.064153552 0.175212502 0.091111906 0.061739102 0.997907579 0.019202176 -0.034261309 -0.176077783 -0.008047489 0.984343350 0.118535116
0.982402086 -0.065283813 0.174997553 0.090981953 0.062922962 0.997837305 0.019011531 -0.034380984 -0.175860241 -0.007665603 0.984385312 0.118341133
0.982423544 -0.064607248 0.175128043 0.091077261 0.062202308 0.997879028 0.019192820 -0.034294661 -0.175996602 -0.007962110 0.984358549 0.118414156
0.982419491 -0.064972408 0.175015807 0.090973645 0.062585495 0.997856259 0.019129252 -0.034275882 -0.175883502 -0.007839501 0.984379768 0.118277870
0.982392967 -0.065268993 0.175054193 0.090926819 0.062922940 0.997838914 0.018924911 -0.034306999 -0.175911099 -0.007576775 0.984376907 0.118380561
0.982400358 -0.064779617 0.175194576 0.091065660 0.062419750 0.997870028 0.018952936 -0.034376409 -0.176049188 -0.007683768 0.984351397 0.118281499
0.982403398 -0.065504350 0.174907967 0.090991288 0.063179262 0.997824430 0.018834617 -0.034327064 -0.175761208 -0.007452636 0.984404624 0.118197262
0.982413173 -0.064565159 0.175201923 0.091064252 0.062226780 0.997884691 0.018813610 -0.034326356 -0.176046014 -0.007580486 0.984352767 0.118405119
0.982395887 -0.065836310 0.174825281 0.090861388 0.063526139 0.997803390 0.018783733 -0.034362148 -0.175677896 -0.007347090 0.984420300 0.118317537
0.982401311 -0.064908698 0.175141469 0.091095038 0.062577039 0.997862875 0.018808907 -0.034263398 -0.175988033 -0.007518062 0.984363616 0.118278801
0.982427895 -0.065287545 0.174851239 0.090971708 0.062952608 0.997838020 0.018873217 -0.034272727 -0.175705403 -0.007534235 0.984413981 0.118358165
0.982407749 -0.065201789 0.174996555 0.091020070 0.062864661 0.997843623 0.018871618 -0.034319669 -0.175849646 -0.007538525 0.984388173 0.118393317
0.982401967 -0.065284595 0.174997836 0.091071665 0.062947914 0.997838259 0.018876262 -0.034318835 -0.175851882 -0.007528328 0.984387875 0.118285298
0.982439339 -0.065281071 0.174789518 0.091059200 0.062956996 0.997838855 0.018814385 -0.034306075 -0.175639987 -0.007479769 0.984426022 0.118131019
0.982405126 -0.065248698 0.174993530 0.091073349 0.062916428 0.997840822 0.018848676 -0.034244504 -0.175845549 -0.007507068 0.984389126 0.118111685
0.982399583 -0.065787718 0.174822792 0.090987734 0.063473985 0.997806430 0.018799510 -0.034281466 -0.175676093 -0.007371933 0.984420419 0.118173920
0.982396901 -0.064871177 0.175180063 0.091094904 0.062514782 0.997864246 0.018942239 -0.034241010 -0.176034734 -0.007657452 0.984354198 0.118176751
0.982387483 -0.065415569 0.175030485 0.091020383 0.063064344 0.997829199 0.018967813 -0.034222145 -0.175891325 -0.007595560 0.984380305 0.118086219
0.982444704 -0.064624012 0.175003350 0.091007806 0.062216114 0.997877657 0.019216612 -0.034241147 -0.175873786 -0.007991229 0.984380305 0.118119814
0.982432485 -0.064998552 0.174932986 0.091032319 0.062606707 0.997854292 0.019162899 -0.034321696 -0.175803185 -0.007874276 0.984393835 0.118076168
0.982456148 -0.064578928 0.174955532 0.091065094 0.062231265 0.997883201 0.018877566 -0.034283675 -0.175804272 -0.007658677 0.984395325 0.118358299
0.982459247 -0.064574212 0.174940124 0.091057643 0.062219635 0.997883201 0.018916575 -0.034287397 -0.175791338 -0.007700055 0.984397352 0.118256308
0.982443690 -0.064797595 0.174944922 0.090989813 0.062448189 0.997869074 0.018907057 -0.034321249 -0.175797269 -0.007650127 0.984396696 0.118263654
0.982433736 -0.064669430 0.175048098 0.090988874 0.062308852 0.997876942 0.018953718 -0.034239314 -0.175902173 -0.007713729 0.984377444 0.118338548
0.982438207 -0.064825304 0.174965292 0.090911709 0.062479250 0.997867465 0.018889796 -0.034252722 -0.175816715 -0.007626358 0.984393358 0.118279099
0.982434511 -0.064837210 0.174981460 0.090974689 0.062485900 0.997866511 0.018919559 -0.034289360 -0.175834820 -0.007653355 0.984389961 0.118301563
0.982429385 -0.065007851 0.174947247 0.090947643 0.062669098 0.997856021 0.018865749 -0.034279697 -0.175798580 -0.007570481 0.984397054 0.118217856
0.982442260 -0.064982697 0.174884215 0.090922467 0.062656775 0.997858167 0.018794464 -0.034205630 -0.175730959 -0.007506795 0.984409630 0.118304275
0.982431591 -0.065150715 0.174881399 0.090913258 0.062835284 0.997847736 0.018750580 -0.034246124 -0.175726622 -0.007432441 0.984410942 0.118507966
0.982418835 -0.065250345 0.174916178 0.090958908 0.062933855 0.997841299 0.018763775 -0.034263227 -0.175762922 -0.007425738 0.984404504 0.118353620
0.982446969 -0.064795375 0.174927145 0.090969026 0.062450644 0.997869432 0.018881466 -0.034239016 -0.175777882 -0.007625727 0.984400332 0.118255004
0.982446909 -0.064795539 0.174927279 0.090935707 0.062483683 0.997870862 0.018697334 -0.034235615 -0.175766334 -0.007439040 0.984403789 0.118306674
0.982457757 -0.064897478 0.174828857 0.091002807 0.062566981 0.997863412 0.018815005 -0.034256294 -0.175676376 -0.007546435 0.984419048 0.118309505
0.982438028 -0.064965189 0.174914300 0.090985335 0.062676296 0.997860849 0.018584235 -0.034259550 -0.175747454 -0.007294880 0.984408259 0.118194409
0.982432127 -0.065033086 0.174922198 0.091000453 0.062620498 0.997851133 0.019282531 -0.034429923 -0.175800323 -0.007990061 0.984393418 0.118543804
0.982425511 -0.065013364 0.174966767 0.090981096 0.062597781 0.997852266 0.019295542 -0.034461338 -0.175845459 -0.008003902 0.984385252 0.118551023
0.982418656 -0.065197319 0.174937010 0.090941414 0.062780604 0.997840345 0.019319449 -0.034453824 -0.175818771 -0.007997137 0.984390080 0.118467145
0.982414305 -0.065248266 0.174942404 0.090951353 0.062827170 0.997836828 0.019348213 -0.034414094 -0.175826430 -0.008016827 0.984388530 0.118493229
0.982415974 -0.065290578 0.174917206 0.090981349 0.062872328 0.997834206 0.019337129 -0.034427203 -0.175800905 -0.007999652 0.984393239 0.118453503
0.982398391 -0.065536790 0.174923882 0.090934634 0.063121103 0.997818410 0.019344129 -0.034463029 -0.175810024 -0.007962253 0.984391928 0.118507929
0.982387304 -0.065450393 0.175018325 0.090994343 0.063017540 0.997823298 0.019428251 -0.034398902 -0.175908938 -0.008056844 0.984373450 0.118395813
0.982365906 -0.065747268 0.175027117 0.090988904 0.063333906 0.997804880 0.019344848 -0.034428250 -0.175914779 -0.007918569 0.984373569 0.118416928
0.982362390 -0.065773457 0.175037175 0.091022737 0.063357070 0.997803032 0.019363614 -0.034475073 -0.175926238 -0.007932244 0.984371364 0.118422143
0.982494414 -0.065687723 0.174326807 0.090971917 0.063263483 0.997807622 0.019432969 -0.034469381 -0.175221115 -0.008064264 0.984496057 0.118254445
0.982428789 -0.065716602 0.174685329 0.090991691 0.063286223 0.997805834 0.019453293 -0.034492791 -0.175580442 -0.008056302 0.984432101 0.118455045
0.982409954 -0.066033795 0.174671859 0.090969458 0.063595802 0.997784734 0.019524379 -0.034447812 -0.175574183 -0.008072548 0.984433115 0.118434981
0.982366145 -0.066020511 0.174922839 0.090936363 0.063611500 0.997787118 0.019349301 -0.034418683 -0.175813213 -0.007880995 0.984391987 0.118463054
0.982169569 -0.066447102 0.175862730 0.090937242 0.064009823 0.997758687 0.019501988 -0.034472838 -0.176764429 -0.007897317 0.984221518 0.118656948
0.982271016 -0.066432126 0.175301060 0.091004483 0.063980855 0.997758567 0.019604471 -0.034471843 -0.176210508 -0.008040990 0.984319687 0.118498400
0.982282877 -0.066716142 0.175126418 0.091051035 0.064309485 0.997741640 0.019388106 -0.034495655 -0.176024422 -0.007782317 0.984355032 0.118619792
0.982288837 -0.066765383 0.175074220 0.091011137 0.064339384 0.997737467 0.019502949 -0.034420718 -0.175980240 -0.007893363 0.984362066 0.118930407
0.982379735 -0.066864192 0.174525663 0.090955935 0.064415514 0.997729421 0.019664051 -0.034481391 -0.175444201 -0.008075405 0.984456241 0.118759178
0.982353389 -0.066893771 0.174662516 0.091047958 0.064461336 0.997728288 0.019569162 -0.034523703 -0.175574794 -0.007964855 0.984433889 0.118821666
0.982356489 -0.066913791 0.174637437 0.091060676 0.064478971 0.997726858 0.019585449 -0.034479890 -0.175550997 -0.007979453 0.984438002 0.118823022
0.982351005 -0.067092441 0.174599692 0.091078624 0.064637668 0.997714043 0.019714789 -0.034556109 -0.175523266 -0.008081127 0.984442115 0.118732795
0.982223928 -0.067335449 0.175220132 0.091184244 0.064876102 0.997698188 0.019732900 -0.034623329 -0.176145524 -0.008014529 0.984331489 0.118688539
0.982183576 -0.067494452 0.175385162 0.091056742 0.065005109 0.997686327 0.019906692 -0.034647349 -0.176322982 -0.008151095 0.984298646 0.118499488
0.982346237 -0.067079902 0.174631357 0.090945296 0.064597622 0.997713625 0.019866427 -0.034566622 -0.175564736 -0.008234940 0.984433472 0.118465781
0.982321203 -0.067169443 0.174737811 0.091000669 0.064677343 0.997707307 0.019924279 -0.034574013 -0.175675482 -0.008270467 0.984413385 0.118424684
0.982446253 -0.067139134 0.174045175 0.091012821 0.064670295 0.997709751 0.019824069 -0.034566306 -0.174977541 -0.008220531 0.984538078 0.118507616
0.982427299 -0.066986591 0.174210891 0.091027103 0.064505681 0.997719467 0.019870648 -0.034543488 -0.175144657 -0.008283876 0.984507859 0.118473001
0.982487321 -0.066590026 0.174024254 0.090999603 0.064143196 0.997747183 0.019653235 -0.034532093 -0.174940914 -0.008146584 0.984545231 0.118502207
0.982440412 -0.066818126 0.174201548 0.091033868 0.064367093 0.997732043 0.019688392 -0.034532983 -0.175122023 -0.008129824 0.984513164 0.118476473
0.982390583 -0.066592835 0.174568474 0.090999410 0.064159684 0.997748137 0.019551108 -0.034588605 -0.175477326 -0.008006569 0.984450936 0.118470423
0.982330024 -0.066926278 0.174781591 0.091019191 0.064465322 0.997724950 0.019726325 -0.034560602 -0.175704151 -0.008110411 0.984409630 0.118414968
0.982323408 -0.066707440 0.174902499 0.091112092 0.064249747 0.997739732 0.019683136 -0.034552582 -0.175820172 -0.008097764 0.984389007 0.118422776
0.982299328 -0.066832528 0.174989969 0.091047280 0.064359382 0.997730792 0.019776544 -0.034545701 -0.175914586 -0.008164240 0.984371603 0.118405953
0.982314050 -0.066926941 0.174871057 0.091063127 0.064447850 0.997724175 0.019823730 -0.034543443 -0.175799817 -0.008203065 0.984391749 0.118424542
0.982339442 -0.066767029 0.174789593 0.091075189 0.064316906 0.997736037 0.019651309 -0.034542859 -0.175705925 -0.008062331 0.984409690 0.118404433
0.982358038 -0.066753656 0.174689978 0.091076076 0.064280182 0.997735739 0.019785607 -0.034550443 -0.175615191 -0.008207448 0.984424651 0.118523329
0.982355535 -0.066707529 0.174721822 0.091087066 0.064243354 0.997739255 0.019727990 -0.034533836 -0.175642833 -0.008155186 0.984420180 0.118509628
0.982384086 -0.066878513 0.174495712 0.091121979 0.064444467 0.997729123 0.019584520 -0.034505911 -0.175409243 -0.007994236 0.984463155 0.118426472
0.982361019 -0.066670693 0.174704909 0.091068819 0.064230509 0.997742772 0.019591041 -0.034483068 -0.175616711 -0.008024091 0.984425902 0.118636802
0.982396245 -0.066545360 0.174554616 0.091036908 0.064129926 0.997752011 0.019448189 -0.034494370 -0.175456405 -0.007911654 0.984455407 0.118548855
0.982373238 -0.066592827 0.174666077 0.091052800 0.064160392 0.997748256 0.019542614 -0.034479987 -0.175574154 -0.007991498 0.984433770 0.118533701
0.982360899 -0.066387802 0.174813539 0.091017798 0.063953578 0.997761786 0.019527769 -0.034469463 -0.175718665 -0.008003365 0.984407902 0.118480675
