1.000000000 0.000000000 0.000000000 0.000000000 0.000000000 1.000000000 0.000000000 0.000000179 0.000000000 0.000000000 1.000000000 0.000000477
0.999999583 0.000842827 0.000285671 0.000466637 -0.000842893 0.999999642 0.000229230 0.000146404 -0.000285477 -0.000229470 0.999999940 -0.000565211
0.999999166 0.001262317 0.000140299 0.000288810 -0.001262364 0.999999166 0.000335341 0.000154272 -0.000139876 -0.000335517 0.999999940 0.000064400
0.999999583 0.000908363 -0.000025007 0.000410529 -0.000908352 0.999999523 0.000432209 0.000106148 0.000025400 -0.000432186 0.999999881 0.000245233
0.999999940 0.000272997 -0.000318615 0.000111572 -0.000272929 0.999999940 0.000214970 0.000092439 0.000318674 -0.000214883 0.999999940 0.000103251
0.999999762 0.000669754 -0.000181641 0.000541438 -0.000669706 0.999999762 0.000263853 0.000152516 0.000181818 -0.000263731 0.999999940 -0.000276708
0.999998569 0.001627743 0.000415852 0.000360799 -0.001627921 0.999998569 0.000427228 0.000141947 -0.000415156 -0.000427904 0.999999821 0.000044493
0.999995470 0.002987735 0.000417364 0.000495968 -0.002987950 0.999995410 0.000517038 0.000206509 -0.000415817 -0.000518283 0.999999762 0.000010364
0.999999940 0.000405699 -0.000092099 0.000150925 -0.000405685 0.999999881 0.000153221 0.000010486 0.000092161 -0.000153184 1.000000000 -0.000021088
0.999999702 0.000526801 -0.000522823 0.000006748 -0.000526518 0.999999702 0.000541741 0.000016181 0.000523109 -0.000541466 0.999999702 -0.000475324
0.999999762 0.000226066 -0.000629699 -0.000070724 -0.000225409 0.999999404 0.001042458 0.000005432 0.000629934 -0.001042316 0.999999285 0.000621388
0.999999583 -0.000609664 -0.000713416 -0.000312712 0.000610234 0.999999523 0.000798783 -0.000008729 0.000712928 -0.000799218 0.999999404 0.000662245
0.999999702 0.000748504 -0.000102556 0.000132562 -0.000748467 0.999999642 0.000358977 0.000006053 0.000102825 -0.000358900 0.999999940 0.000034821
0.999999762 0.000710736 -0.000063791 0.000192437 -0.000710692 0.999999523 0.000684282 -0.000093688 0.000064277 -0.000684236 0.999999762 0.000361684
0.999999702 0.000261473 -0.000732830 -0.000003619 -0.000261393 0.999999940 0.000109162 -0.000039819 0.000732859 -0.000108971 0.999999702 -0.000037430
0.999999523 0.000554102 -0.000801606 0.000033494 -0.000553905 0.999999821 0.000245598 0.000030101 0.000801741 -0.000245154 0.999999642 -0.000108819
0.999999523 0.000942506 -0.000078142 0.000141745 -0.000942476 0.999999464 0.000378648 0.000076911 0.000078499 -0.000378574 0.999999940 0.000094038
0.999999940 -0.000368404 -0.000042634 -0.000013372 0.000368421 0.999999881 0.000388889 -0.000040162 0.000042491 -0.000388905 0.999999940 -0.000108686
0.999999464 -0.000846410 -0.000560571 -0.000203014 0.000846846 0.999999344 0.000777178 -0.000122892 0.000559913 -0.000777652 0.999999523 0.000505668
0.999999583 -0.000384829 -0.000804066 -0.000251551 0.000385639 0.999999404 0.001007217 -0.000135621 0.000803678 -0.001007527 0.999999166 0.000357691
0.999999702 0.000725845 -0.000173425 0.000103709 -0.000725804 0.999999702 0.000239493 0.000071235 0.000173599 -0.000239367 0.999999940 -0.000028609
0.999999821 0.000383466 -0.000420469 0.000013094 -0.000383353 0.999999881 0.000267607 0.000017701 0.000420572 -0.000267446 0.999999881 -0.000109226
0.999999523 -0.000731562 -0.000659450 -0.000160059 0.000732083 0.999999404 0.000790008 -0.000115992 0.000658872 -0.000790490 0.999999464 0.000617766
1.000000000 -0.000201005 -0.000130951 0.000032145 0.000201101 0.999999702 0.000736706 -0.000157525 0.000130803 -0.000736732 0.999999702 0.000530710
1.000000000 -0.000192096 -0.000109593 0.000077490 0.000192108 1.000000000 0.000115571 -0.000018441 0.000109571 -0.000115592 1.000000000 -0.000005086
0.999999702 0.000646629 -0.000381123 0.000117043 -0.000646455 0.999999702 0.000458411 0.000034253 0.000381420 -0.000458165 0.999999821 -0.000154464
0.999999404 0.001086228 -0.000037634 0.000082140 -0.001086197 0.999999106 0.000804071 -0.000030476 0.000038507 -0.000804030 0.999999702 0.000570183
0.999999523 0.000959055 0.000200137 0.000116293 -0.000959204 0.999999285 0.000743827 -0.000032935 -0.000199424 -0.000744019 0.999999702 0.000564002
0.999998271 0.001725542 0.000702662 0.000259368 -0.001726057 0.999998212 0.000733377 0.000131294 -0.000701395 -0.000734589 0.999999464 0.000730601
0.999999523 0.000939925 0.000350766 0.000186477 -0.000940189 0.999999285 0.000752011 0.000078444 -0.000350059 -0.000752341 0.999999642 0.000654932
0.999999464 0.001012145 0.000083137 0.000230141 -0.001012192 0.999999344 0.000567133 0.000072430 -0.000082563 -0.000567217 0.999999821 0.000600330
0.999999046 0.001391582 -0.000090733 0.000230728 -0.001391495 0.999998569 0.000958258 0.000121658 0.000092066 -0.000958131 0.999999523 0.000548233
0.999999344 0.001124799 0.000055879 0.000153877 -0.001124844 0.999999046 0.000803736 0.000108807 -0.000054975 -0.000803798 0.999999702 0.000546978
0.999999583 -0.000650883 -0.000628094 -0.000066504 0.000651183 0.999999702 0.000478195 -0.000080742 0.000627783 -0.000478604 0.999999702 0.000600485
0.999999285 0.001206025 0.000167011 0.000149617 -0.001206040 0.999999285 0.000089718 0.000091075 -0.000166903 -0.000089919 1.000000000 -0.000245098
0.999998629 0.001641089 0.000291466 0.000253832 -0.001641126 0.999998629 0.000127873 0.000099581 -0.000291255 -0.000128351 0.999999940 -0.000152079
0.999998808 0.001533391 0.000130648 0.000229615 -0.001533424 0.999998808 0.000251133 0.000142805 -0.000130262 -0.000251333 0.999999940 -0.000173784
0.999994457 0.003252383 0.000746518 0.000509675 -0.003252483 0.999994695 0.000131522 0.000206778 -0.000746086 -0.000133950 0.999999702 0.000024751
0.999997675 0.002126424 0.000290037 0.000415779 -0.002126670 0.999997377 0.000851221 0.000197830 -0.000288226 -0.000851836 0.999999583 0.000523696
0.999999940 0.000400175 -0.000078789 0.000147995 -0.000400113 0.999999642 0.000780829 0.000049055 0.000079101 -0.000780797 0.999999702 0.000593968
0.999999642 0.000853788 0.000151454 0.000097878 -0.000853810 0.999999642 0.000143867 0.000271458 -0.000151332 -0.000143997 1.000000000 -0.000329310
0.999999642 0.000810905 0.000190798 0.000051545 -0.000810884 0.999999642 -0.000109314 0.000132162 -0.000190887 0.000109159 1.000000000 -0.000192218
0.999999464 0.001007128 0.000078092 0.000218564 -0.001007121 0.999999464 -0.000091106 -0.000065919 -0.000078184 0.000091027 1.000000000 0.000000342
0.999999881 0.000048504 0.000477511 0.000254804 -0.000048215 0.999999821 -0.000605005 -0.000247933 -0.000477540 0.000604982 0.999999702 0.000028333
0.999998868 0.001029405 0.001086477 0.000489651 -0.001028460 0.999999106 -0.000870425 -0.000135470 -0.001087372 0.000869307 0.999999046 -0.000096293
0.999997318 -0.002114664 0.000950334 0.000028589 0.002114915 0.999997735 -0.000263484 -0.000313742 -0.000949775 0.000265493 0.999999523 -0.000058031
0.999994636 -0.003102103 0.001028236 0.000065353 0.003101145 0.999994755 0.000932797 -0.000801865 -0.001031124 -0.000929603 0.999999046 0.000095370
0.999998212 -0.001702396 0.000816106 0.000081331 0.001702735 0.999998450 -0.000413882 -0.000844728 -0.000815401 0.000415271 0.999999583 -0.000395684
0.999986708 -0.004499967 -0.002516383 -0.000422294 0.004492972 0.999986053 -0.002778728 -0.001618543 0.002528852 0.002767385 0.999992967 -0.001251634
0.999996006 -0.002490776 -0.001344508 -0.000039374 0.002486363 0.999991536 -0.003273649 -0.002319736 0.001352650 0.003270293 0.999993742 -0.002336780
0.999985516 0.003979418 0.003622538 0.000929994 -0.003965555 0.999984801 -0.003825976 -0.003052682 -0.003637708 0.003811555 0.999986112 -0.003299318
0.999937236 0.008814556 0.006917969 0.001497319 -0.008797263 0.999958098 -0.002526058 -0.004327941 -0.006939946 0.002465040 0.999972880 -0.004348136
0.999887705 0.011197592 0.009960955 0.002060578 -0.011194970 0.999937296 -0.000318997 -0.007756940 -0.009963902 0.000207449 0.999950349 -0.005576485
0.999785483 0.011346009 0.017326433 0.002878960 -0.011402801 0.999929905 0.003182510 -0.012126564 -0.017289110 -0.003379397 0.999844849 -0.007410050
0.999693513 0.010100280 0.022602838 0.003143156 -0.010308047 0.999905527 0.009094492 -0.016616816 -0.022508845 -0.009324696 0.999703169 -0.009241800
0.999733627 0.007697298 0.021759288 0.002831474 -0.008087345 0.999807179 0.017894754 -0.019430278 -0.021617351 -0.018065961 0.999603093 -0.011541407
0.999655664 0.004513977 0.025848141 0.003855355 -0.005231835 0.999600589 0.027772238 -0.022004774 -0.025712455 -0.027897911 0.999280035 -0.012011890
0.999551296 0.000858842 0.029941233 0.005254653 -0.001969213 0.999310553 0.037075289 -0.023807699 -0.029888747 -0.037117615 0.998863816 -0.012651680
0.999396205 -0.001211329 0.034723263 0.007219043 -0.000318609 0.999030530 0.044021510 -0.027455874 -0.034742925 -0.044005997 0.998426974 -0.012789602
0.999188960 0.001254576 0.040246751 0.009507569 -0.003163457 0.998870909 0.047400918 -0.032357126 -0.040141840 -0.047489796 0.998064816 -0.015037696
0.998997450 0.001987318 0.044722628 0.011254684 -0.004153784 0.998819292 0.048401654 -0.040756263 -0.044573639 -0.048538901 0.997826219 -0.019085892
0.998720348 0.001944089 0.050536543 0.012597204 -0.004380070 0.998831153 0.048136421 -0.051915575 -0.050383896 -0.048296176 0.997561514 -0.023833105
0.998192012 -0.000595124 0.060102887 0.014239679 -0.002485321 0.998687088 0.051165100 -0.068655014 -0.060054429 -0.051221970 0.996879995 -0.028996259
0.997512162 -0.003349414 0.070414998 0.014801109 -0.000673604 0.998372138 0.057031743 -0.088783324 -0.070491396 -0.056937292 0.995886087 -0.034359604
0.996987343 -0.007400007 0.077210799 0.014410508 0.002559660 0.998035312 0.062601604 -0.114353053 -0.077522352 -0.062215373 0.995047510 -0.040867042
0.996335506 -0.007290166 0.085219599 0.013509923 0.001717472 0.997865260 0.065283410 -0.143223673 -0.085513599 -0.064897813 0.994221151 -0.048671633
0.995793819 -0.005808817 0.091438219 0.012004194 -0.000101675 0.997917533 0.064502217 -0.173758015 -0.091622487 -0.064240210 0.993719518 -0.057005893
0.994949400 0.001118815 0.100371562 0.010735658 -0.007464712 0.997993767 0.062870800 -0.204924196 -0.100099854 -0.063302517 0.992961645 -0.065491021
0.993734360 0.008854836 0.111416668 0.009200433 -0.015642378 0.998064101 0.060194533 -0.235915408 -0.110667959 -0.061560195 0.991949081 -0.073523961
0.992228448 0.017704543 0.123163640 0.007839520 -0.024600741 0.998199821 0.054698624 -0.266662598 -0.121973515 -0.057303444 0.990877807 -0.081064485
0.990454733 0.026127014 0.135339379 0.005422737 -0.032125108 0.998587251 0.042325925 -0.299892247 -0.134042323 -0.046269704 0.989894807 -0.084732436
0.989829898 0.029737849 0.139112815 0.002951893 -0.033752728 0.999076426 0.026590489 -0.327947199 -0.138193592 -0.031015500 0.989919484 -0.091773383
0.989542484 0.032540008 0.140523419 0.001392103 -0.034164697 0.999374211 0.009164110 -0.352858335 -0.140137270 -0.013869217 0.990034938 -0.098199531
0.989312291 0.033883277 0.141820833 -0.000236299 -0.033008318 0.999418795 -0.008518111 -0.372846067 -0.142027035 0.003745805 0.989855707 -0.103018634
0.988886714 0.030117031 0.145588726 -0.000032835 -0.027237054 0.999392688 -0.021735063 -0.387406260 -0.146154910 0.017528107 0.989106417 -0.104389176
0.989044964 0.020778967 0.146144614 -0.001040333 -0.016640710 0.999426782 -0.029482061 -0.393470675 -0.146673456 0.026727134 0.988823831 -0.105270922
0.988823533 0.014353530 0.148398072 -0.000332396 -0.010226205 0.999540389 -0.028538257 -0.401012391 -0.148739487 0.026701752 0.988515854 -0.108095713
0.988462865 0.012175423 0.150973141 0.001554831 -0.008916224 0.999712765 -0.022246141 -0.389797390 -0.151200622 0.020643376 0.988287508 -0.103871733
0.988014400 0.014316801 0.153696433 0.005743094 -0.012791809 0.999858677 -0.010906477 -0.371104836 -0.153830871 0.008809701 0.988057911 -0.096889064
0.987804770 0.016933737 0.154773980 0.009695636 -0.017785514 0.999833345 0.004120205 -0.344363838 -0.154678404 -0.006822692 0.987941325 -0.088967323
0.988388896 0.016324317 0.151065886 0.014629633 -0.020185856 0.999506593 0.024063749 -0.312431663 -0.150598526 -0.026833737 0.988230765 -0.078693010
0.989178777 0.015282536 0.145916924 0.018236786 -0.022584638 0.998566926 0.048518084 -0.276316464 -0.144966349 -0.051288538 0.988106370 -0.069305137
0.989988267 0.008471787 0.140895382 0.021703186 -0.019280501 0.996957302 0.075527385 -0.239314154 -0.139826819 -0.077487752 0.987139344 -0.059858698
0.990868568 0.001185493 0.134825975 0.023939144 -0.015074089 0.994666338 0.102037258 -0.202542216 -0.133985907 -0.103137888 0.985601544 -0.051997148
0.991217792 -0.008565457 0.131961659 0.026460953 -0.007865069 0.992314935 0.123487592 -0.168758184 -0.132005259 -0.123440981 0.983532906 -0.045617983
0.991819918 -0.018195303 0.126341522 0.027521787 0.000814641 0.990670323 0.136278003 -0.138496906 -0.127642423 -0.135060310 0.982581377 -0.040318787
0.992067695 -0.023616701 0.123466529 0.028735960 0.005749465 0.989690006 0.143110484 -0.113500357 -0.125573382 -0.141265422 0.981975257 -0.036014423
0.992234588 -0.027151149 0.121381164 0.029788250 0.009025037 0.989027560 0.147455201 -0.093156673 -0.124052897 -0.145214692 0.981592357 -0.032857422
0.992392302 -0.025512274 0.120443769 0.030677162 0.006810003 0.988171339 0.153202638 -0.077584669 -0.122927628 -0.151216879 0.980827332 -0.030986231
0.992421865 -0.022421716 0.120814592 0.031584393 0.002530541 0.986731887 0.162338480 -0.068517245 -0.122851521 -0.160802528 0.979310989 -0.030838119
0.992436647 -0.021649003 0.120833777 0.032577973 -0.000157180 0.984101653 0.177606061 -0.064131267 -0.122757711 -0.176281765 0.976655126 -0.031066777
0.992226243 -0.021356143 0.122600913 0.032975879 -0.002468017 0.981594682 0.190960318 -0.073503070 -0.124422580 -0.189778417 0.973911285 -0.034115307
0.991814792 -0.020742826 0.125988811 0.032838766 -0.004177128 0.980917037 0.194381803 -0.093244933 -0.127616614 -0.193317026 0.972801387 -0.038529608
0.991313279 -0.017289359 0.130380511 0.032407731 -0.007306532 0.982551634 0.185846418 -0.121903211 -0.131318748 -0.185184658 0.973890185 -0.044022627
0.990717232 -0.009717552 0.135591060 0.032037724 -0.013222106 0.985823929 0.167261481 -0.157350153 -0.135294288 -0.167501628 0.976544261 -0.051358946
0.989771366 0.001067350 0.142658725 0.031463254 -0.021702388 0.989460289 0.143168956 -0.197070956 -0.141002342 -0.144800574 0.979362607 -0.058478028
0.988935649 0.011102498 0.147929132 0.029012490 -0.028652027 0.992713988 0.117038526 -0.233936638 -0.145551890 -0.119982041 0.982048333 -0.062127322
0.987579465 0.020430584 0.155786186 0.027824160 -0.035452072 0.994915783 0.094264008 -0.276727080 -0.153068274 -0.098616146 0.983282745 -0.069883674
0.986158192 0.025158860 0.163887456 0.026022960 -0.037474982 0.996664345 0.072496824 -0.318389326 -0.161516860 -0.077635013 0.983811498 -0.077868380
0.985250831 0.026856657 0.168995604 0.023809921 -0.035853196 0.998084843 0.050410595 -0.358231634 -0.167318091 -0.055726115 0.984326780 -0.084967181
0.985254049 0.023190280 0.169518858 0.022044735 -0.028884793 0.999095619 0.031203318 -0.393599570 -0.168641925 -0.035639714 0.985032856 -0.091511272
0.985633433 0.017095711 0.168031111 0.019524341 -0.019951630 0.999683499 0.015322720 -0.422878653 -0.167715982 -0.018455081 0.985662580 -0.097666740
0.985853016 0.011876099 0.167190850 0.019889722 -0.013091948 0.999895275 0.006171879 -0.446482420 -0.167100042 -0.008273419 0.985905230 -0.105895847
0.985994458 0.006777857 0.166640460 0.019360539 -0.006928950 0.999975920 0.000325325 -0.458113164 -0.166634232 -0.001475412 0.986017704 -0.107645422
0.985740483 0.004275791 0.168218225 0.020484015 -0.004413851 0.999990165 0.000446817 -0.459807932 -0.168214649 -0.001182936 0.985749662 -0.106500611
0.985985041 0.002696447 0.166811883 0.021097453 -0.003581973 0.999981046 0.005007890 -0.451276004 -0.166795224 -0.005535221 0.985976040 -0.102757990
0.986295938 0.003546249 0.164947689 0.021911131 -0.005741849 0.999901116 0.012835975 -0.433831006 -0.164885849 -0.013607175 0.986218810 -0.096943639
0.986192465 0.006673768 0.165468678 0.022997223 -0.010587370 0.999684393 0.022780893 -0.407303602 -0.165264413 -0.024218222 0.985951900 -0.088325456
0.986058891 0.005501870 0.166305780 0.024887867 -0.011461521 0.999325216 0.034897029 -0.374905646 -0.166001558 -0.036316641 0.985456526 -0.077209428
0.985549331 0.010018623 0.169092059 0.026548700 -0.018894367 0.998521745 0.050963461 -0.336229920 -0.168331534 -0.053421892 0.984281778 -0.065500513
0.985566258 0.005852028 0.169188783 0.029982731 -0.018161584 0.997289538 0.071300693 -0.295662612 -0.168312952 -0.073344298 0.983001232 -0.051262546
0.985721767 0.003941652 0.168336123 0.030866858 -0.020400893 0.995156884 0.096159048 -0.254153252 -0.167141825 -0.098220281 0.981028259 -0.041480552
0.985628903 -0.000737913 0.168923467 0.032624662 -0.020206861 0.992295206 0.122236982 -0.214767113 -0.167712152 -0.123893708 0.978019953 -0.032334104
0.986239851 -0.008295445 0.165112570 0.033330377 -0.016422391 0.988884509 0.147775874 -0.177359715 -0.164503142 -0.148453996 0.975141108 -0.026198456
0.986984015 -0.014973350 0.160119906 0.034179233 -0.012957269 0.985015035 0.171981066 -0.143844604 -0.160295650 -0.171817273 0.972000062 -0.021544317
0.987936556 -0.025563639 0.152734771 0.034482736 -0.004302341 0.981369197 0.192083374 -0.116810463 -0.154799536 -0.190423295 0.969420493 -0.019198203
0.988531053 -0.034766611 0.146961316 0.033995159 0.003673308 0.978387237 0.206748500 -0.097696245 -0.150973007 -0.203837469 0.967293859 -0.017738121
0.988785923 -0.038435690 0.144309148 0.034171674 0.006465137 0.976423860 0.215765223 -0.087501749 -0.149199978 -0.212412640 0.965722680 -0.018258132
0.988831937 -0.037563499 0.144223422 0.032537319 0.004494343 0.974791288 0.223073512 -0.096696205 -0.148967147 -0.219934016 0.964073539 -0.024184059
0.988868117 -0.032728806 0.145150632 0.032610249 -0.000920814 0.974144280 0.225924924 -0.107030742 -0.148791909 -0.223543599 0.963270068 -0.028170537
0.988960564 -0.033247158 0.144400969 0.031238053 -0.000086321 0.974374235 0.224932969 -0.128570139 -0.148178980 -0.222462296 0.963614821 -0.034110922
0.989016712 -0.031339891 0.144442827 0.029778752 -0.001046235 0.975752652 0.218873650 -0.160075948 -0.147799939 -0.216620833 0.965002894 -0.042208631
0.989221573 -0.027423918 0.143835336 0.027865609 -0.002544980 0.978936553 0.204148903 -0.199073672 -0.146404237 -0.202314571 0.968315363 -0.051780716
0.988802195 -0.021142092 0.147726983 0.026624877 -0.006257555 0.983168900 0.182591751 -0.243927658 -0.149100959 -0.181471542 0.972027242 -0.061963376
0.987933576 -0.017566508 0.153878763 0.026268292 -0.007092056 0.987373710 0.158249184 -0.290928066 -0.154715732 -0.157430992 0.975335062 -0.071246311
0.986027718 -0.012387564 0.166120276 0.026191462 -0.010035740 0.991002381 0.133467317 -0.339211285 -0.166278914 -0.133269608 0.977031469 -0.081019491
0.984263361 -0.012166113 0.176288545 0.026503878 -0.007069163 0.994117558 0.108075462 -0.378075808 -0.176566392 -0.107620932 0.978387475 -0.089095548
0.982509434 -0.013223793 0.185742721 0.025601950 -0.002296337 0.996538997 0.083094493 -0.419159204 -0.186198696 -0.082067654 0.979078591 -0.098037943
0.982078850 -0.020619389 0.187339172 0.024014888 0.009637383 0.998191059 0.059343811 -0.452833980 -0.188223913 -0.056474846 0.980501056 -0.105649911
0.982404709 -0.027215380 0.184771016 0.022053860 0.020254221 0.999015927 0.039458346 -0.477287531 -0.185663059 -0.035021674 0.981989145 -0.111211367
0.983045161 -0.026342086 0.181461722 0.022074334 0.022220816 0.999447763 0.024707546 -0.491343528 -0.182012349 -0.020256406 0.983087599 -0.114899710
0.983171105 -0.023952598 0.181109965 0.023095982 0.021605665 0.999655247 0.014920621 -0.494349211 -0.181404918 -0.010756523 0.983349681 -0.114538312
0.983193636 -0.020034628 0.181463048 0.025925934 0.019052567 0.999792874 0.007153613 -0.493816346 -0.181568787 -0.003576051 0.983371735 -0.111623079
0.983535349 -0.016887704 0.179925188 0.027305659 0.016539076 0.999857306 0.003437688 -0.476531178 -0.179957584 -0.000405292 0.983674288 -0.105927236
0.984173894 -0.017074473 0.176380947 0.028629450 0.016570669 0.999853313 0.004328974 -0.451888561 -0.176428989 -0.001337713 0.984312475 -0.097578995
0.984288037 -0.012238018 0.176145613 0.030304033 0.010106944 0.999864519 0.012990478 -0.418997318 -0.176280737 -0.011006078 0.984278381 -0.087686345
0.984523118 -0.006677209 0.175127596 0.031729825 0.001684859 0.999588370 0.028640140 -0.380759060 -0.175246745 -0.027901813 0.984129071 -0.076656938
0.983898818 0.000887448 0.178724095 0.033670980 -0.010152888 0.998650432 0.050934188 -0.338138938 -0.178437695 -0.051928654 0.982580006 -0.065555505
0.982878804 0.005103471 0.184182420 0.035624709 -0.020023743 0.996654510 0.079239458 -0.294031173 -0.183161840 -0.081570804 0.979692757 -0.054239858
0.982203126 0.002360210 0.187806979 0.036774274 -0.023085883 0.993856072 0.108245812 -0.249852151 -0.186397627 -0.110655062 0.976222992 -0.043847769
0.982738376 -0.004364970 0.184949309 0.037085462 -0.020990822 0.990634680 0.134915754 -0.209151104 -0.183806121 -0.136469141 0.973443091 -0.034559499
0.983849704 -0.011358187 0.178635761 0.036500596 -0.016920378 0.987614393 0.155985668 -0.171018377 -0.178194955 -0.156489030 0.971471965 -0.028940188
0.985113978 -0.016757358 0.171083838 0.036284618 -0.013204332 0.984920502 0.172502786 -0.135841221 -0.171394676 -0.172193944 0.970037699 -0.022543725
0.986430049 -0.019428136 0.163028389 0.035759542 -0.011686124 0.982147038 0.187751517 -0.109180495 -0.163765520 -0.187108919 0.968592346 -0.021880509
0.986921787 -0.019080522 0.160066560 0.036215205 -0.014110563 0.978932917 0.203693837 -0.091120340 -0.160581008 -0.203288525 0.965861022 -0.021890184
0.987198770 -0.018286033 0.158443168 0.037051875 -0.017421244 0.975099623 0.221082017 -0.083736494 -0.158540592 -0.221012160 0.962298572 -0.023803493
0.987302303 -0.019577727 0.157641679 0.038074799 -0.018480681 0.971481740 0.236393198 -0.088016547 -0.157774061 -0.236304864 0.958784342 -0.026614625
0.987688065 -0.024254533 0.154544502 0.038465656 -0.014228830 0.969883978 0.243151501 -0.105988443 -0.155787766 -0.242356822 0.957597673 -0.031774659
0.988659620 -0.026445376 0.147826836 0.036962368 -0.009980245 0.970625877 0.240386873 -0.135559887 -0.149841681 -0.239136159 0.959354639 -0.041631527
0.989210725 -0.013200516 0.145903900 0.038206778 -0.020339338 0.973912179 0.226012036 -0.173118174 -0.145081058 -0.226541117 0.963135839 -0.049071860
0.987963140 0.007959642 0.154484466 0.040140159 -0.039370101 0.978727221 0.201352879 -0.215304807 -0.149595454 -0.205011293 0.967259824 -0.056449533
0.986465991 0.020815875 0.162639320 0.040825054 -0.048768084 0.984267414 0.169821635 -0.263203532 -0.156545579 -0.175454870 0.971961439 -0.065644026
0.984959424 0.029315192 0.170280665 0.041131835 -0.052676458 0.989533961 0.134341717 -0.306379557 -0.164560258 -0.141290933 0.976195037 -0.073147841
0.983344793 0.031156544 0.179059327 0.038985234 -0.049238097 0.994022548 0.097441018 -0.353197813 -0.174953073 -0.104634658 0.979001045 -0.081906468
0.981256545 0.036557004 0.189206645 0.037369534 -0.049334019 0.996776640 0.063265018 -0.394706130 -0.186283991 -0.071413539 0.979897141 -0.090197057
0.979350090 0.038047493 0.198559254 0.035447903 -0.045951806 0.998317957 0.035351742 -0.429735929 -0.196880221 -0.043745887 0.979451120 -0.097516328
0.978169322 0.037522253 0.204393968 0.032951560 -0.041224297 0.999053478 0.013883011 -0.456078053 -0.203679577 -0.022005932 0.978790283 -0.105543114
0.977441430 0.038567565 0.207655370 0.032196414 -0.039151363 0.999232471 -0.001299246 -0.471370637 -0.207546085 -0.006860054 0.978201210 -0.108798608
0.977770805 0.037013959 0.206383646 0.032773986 -0.035790879 0.999312639 -0.009657934 -0.483092964 -0.206599265 0.002056595 0.978423476 -0.110926993
0.978261352 0.034980185 0.204404309 0.033544399 -0.033531271 0.999382019 -0.010548821 -0.477088809 -0.204646990 0.003465568 0.978829741 -0.107861683
0.979248643 0.028080877 0.200707704 0.034964800 -0.027396068 0.999605477 -0.006189292 -0.454297602 -0.200802326 0.000562254 0.979631603 -0.099971779
0.979566097 0.022300255 0.199882284 0.037086457 -0.023458757 0.999718904 0.003429106 -0.429726660 -0.199749634 -0.008048026 0.979813933 -0.090438120
0.979202092 0.016757954 0.202194184 0.040103640 -0.020828452 0.999620616 0.018020626 -0.398320168 -0.201815486 -0.021857224 0.979179621 -0.077892877
0.979139447 0.012711989 0.202791423 0.043009154 -0.020329276 0.999162078 0.035523493 -0.360474467 -0.202169925 -0.038905058 0.978577375 -0.064649992
0.979842544 0.010445319 0.199498057 0.046054792 -0.021412838 0.998370349 0.052897330 -0.319215149 -0.198620409 -0.056102876 0.978469431 -0.052730594
0.982130289 -0.000445773 0.188201666 0.047049228 -0.012348071 0.997689843 0.066801526 -0.276916564 -0.187796682 -0.067931734 0.979855955 -0.039736081
0.984496832 -0.010696415 0.175075904 0.049316298 -0.003064481 0.996937573 0.078141138 -0.233743355 -0.175375566 -0.077466220 0.981449127 -0.024695406
0.986292243 -0.020771150 0.163695425 0.049077664 0.006347717 0.996087313 0.088146470 -0.194671512 -0.164885849 -0.085899092 0.982564986 -0.013524622
0.987534523 -0.026927475 0.155082345 0.048465844 0.011951831 0.995241761 0.096700251 -0.158516914 -0.156948328 -0.093641311 0.983157396 -0.003865222
0.988695264 -0.032654569 0.146339729 0.047221262 0.017280929 0.994309425 0.105119608 -0.125879005 -0.148939595 -0.101402380 0.983633339 0.003807116
0.989528537 -0.032700535 0.140584514 0.046233431 0.017012831 0.993632793 0.111375295 -0.098278016 -0.143331423 -0.107817285 0.983784318 0.010829001
0.990260124 -0.031833824 0.135541603 0.045562737 0.016394913 0.993398905 0.113533102 -0.076140963 -0.138261065 -0.110205106 0.984245241 0.017211126
0.990826547 -0.028564978 0.132086217 0.045416329 0.013252989 0.993232846 0.115381166 -0.059973463 -0.134488225 -0.112572193 0.984500110 0.023926266
0.991447270 -0.022598114 0.128536463 0.045661971 0.007501977 0.993134379 0.116738431 -0.048622224 -0.130292058 -0.114775725 0.984809875 0.028928956
0.992621124 -0.017223144 0.120027646 0.045007166 0.003259806 0.993293703 0.115572445 -0.041127164 -0.121213228 -0.114328392 0.986020446 0.031465515
0.993748784 -0.014201994 0.110732161 0.044830814 0.001727154 0.993712485 0.111948892 -0.035952624 -0.111625828 -0.111057833 0.987525105 0.033800997
0.994588852 -0.014257150 0.102906659 0.043946769 0.003129158 0.994200408 0.107497811 -0.031658921 -0.103842452 -0.106594115 0.988865256 0.035409369
0.994965851 -0.012811469 0.099392176 0.043396935 0.002719221 0.994880915 0.101017579 -0.028273331 -0.100177556 -0.100238770 0.989907384 0.037779056
0.995202899 -0.007665163 0.097531848 0.041487992 -0.001701313 0.995419204 0.095591366 -0.027365439 -0.097817801 -0.095298737 0.990631044 0.038450237
0.995543242 -0.004534732 0.094197221 0.041172288 -0.004013266 0.995901227 0.090358563 -0.023972327 -0.094220884 -0.090333886 0.991444528 0.040235449
0.995849192 -0.003199919 0.090962246 0.040901665 -0.004777803 0.996166170 0.087350778 -0.019928813 -0.090893030 -0.087422796 0.992015958 0.041565873
0.995864868 -0.001622672 0.090832718 0.041566048 -0.006217683 0.996278584 0.085966878 -0.016154474 -0.090634190 -0.086176164 0.992148757 0.042663917
0.995994329 -0.003997261 0.089326747 0.043333683 -0.003017191 0.996928990 0.078253046 -0.012194688 -0.089365222 -0.078209102 0.992923558 0.045218866
0.995871782 -0.004885510 0.090639420 0.044548672 -0.000907570 0.997964680 0.063762434 -0.012006716 -0.090766452 -0.063581474 0.993840456 0.044944894
0.995474458 -0.008806739 0.094620779 0.044444598 0.003666581 0.998514593 0.054360889 -0.013095612 -0.094958976 -0.053767942 0.994028091 0.041545842
0.994961023 -0.015046269 0.099126846 0.045079529 0.010424558 0.998841524 0.046978291 -0.012383031 -0.099718854 -0.045708213 0.993965268 0.040786713
0.994373918 -0.022306936 0.103551693 0.045813750 0.018538198 0.999135315 0.037215695 -0.011543882 -0.104292326 -0.035086654 0.993927598 0.042370077
0.993691027 -0.020786736 0.110208966 0.046958238 0.018076137 0.999510407 0.025537526 -0.011745428 -0.110685848 -0.023384260 0.993580282 0.041077532
0.992963970 -0.020573543 0.116616108 0.047673352 0.019172458 0.999730051 0.013123649 -0.011909866 -0.116854630 -0.010795494 0.993090332 0.039668344
0.992495477 -0.022638340 0.120167501 0.048190445 0.021924574 0.999733269 0.007258706 -0.012052026 -0.120299779 -0.004569612 0.992727101 0.038385987
0.991826773 -0.022387017 0.125612393 0.049164187 0.021257065 0.999720693 0.010328906 -0.010891640 -0.125808552 -0.007574335 0.992025614 0.038103271
0.991593659 -0.024600018 0.127030760 0.050077584 0.023498993 0.999672234 0.010158964 -0.010396814 -0.127239048 -0.007088470 0.991846740 0.037821464
0.991545141 -0.029284945 0.126414567 0.050765075 0.028363938 0.999556422 0.009079878 -0.009975136 -0.126624405 -0.005417494 0.991935968 0.037686188
0.991541028 -0.032547027 0.125646561 0.050416674 0.031682774 0.999458611 0.008871210 -0.010198778 -0.125867277 -0.004815338 0.992035389 0.037293982
0.991580427 -0.030646924 0.125813425 0.050814163 0.029739954 0.999516428 0.009081285 -0.010103512 -0.126030892 -0.005263139 0.992012382 0.038172659
0.991564035 -0.032912198 0.125369519 0.050531838 0.032073271 0.999447584 0.008704793 -0.010245265 -0.125586748 -0.004610348 0.992071927 0.037823383
0.991539598 -0.033185493 0.125491068 0.050490413 0.032334913 0.999438286 0.008809462 -0.010479789 -0.125712916 -0.004677188 0.992055655 0.037944693
0.991565466 -0.035434783 0.124668598 0.050176814 0.034615740 0.999362588 0.008730544 -0.010628128 -0.124898493 -0.004341410 0.992160022 0.037572920
0.991560221 -0.035038572 0.124822550 0.049846202 0.034212600 0.999376237 0.008755319 -0.010381179 -0.125051469 -0.004410921 0.992140472 0.037649214
0.991580963 -0.035331942 0.124574497 0.049693942 0.034508877 0.999365985 0.008759387 -0.010340621 -0.124805003 -0.004386715 0.992171586 0.037371036
0.991583526 -0.035061885 0.124630749 0.049765170 0.034221444 0.999374807 0.008878607 -0.010495007 -0.124864131 -0.004538837 0.992163479 0.037808139
0.991598189 -0.035175055 0.124481946 0.049702425 0.034327105 0.999370575 0.008950876 -0.010521028 -0.124718443 -0.004602568 0.992181480 0.037484214
0.991607308 -0.035417575 0.124340288 0.049831931 0.034563314 0.999361813 0.009021517 -0.010653879 -0.124580450 -0.004648190 0.992198646 0.038090970
0.991596460 -0.035545643 0.124390431 0.049823295 0.034689229 0.999357224 0.009044759 -0.010641006 -0.124631979 -0.004653743 0.992192149 0.037700128
0.991588891 -0.035382837 0.124496937 0.049846325 0.034525849 0.999362946 0.009035169 -0.010636055 -0.124737322 -0.004660812 0.992178857 0.037638426
0.991590023 -0.035514168 0.124450766 0.049759820 0.034645163 0.999357879 0.009140726 -0.010574193 -0.124695472 -0.004752236 0.992183685 0.037327964
0.991582334 -0.035547607 0.124502227 0.049596559 0.034690201 0.999357164 0.009048516 -0.010656706 -0.124743849 -0.004653341 0.992178082 0.037340701
0.991579890 -0.035657238 0.124490641 0.049608499 0.034800086 0.999353290 0.009053825 -0.010686111 -0.124732964 -0.004645307 0.992179453 0.037013035
0.991591573 -0.035342734 0.124487177 0.049798418 0.034473952 0.999363899 0.009126822 -0.010496819 -0.124730557 -0.004758514 0.992179215 0.038218219
0.991595089 -0.035533126 0.124405041 0.049763452 0.034662392 0.999357104 0.009157395 -0.010532211 -0.124650449 -0.004768251 0.992189288 0.037852023
0.991593778 -0.035324339 0.124474704 0.049733676 0.034469333 0.999365091 0.009016567 -0.010490698 -0.124714181 -0.004650212 0.992181838 0.037726223
0.991592705 -0.035367295 0.124470972 0.049655456 0.034508705 0.999363422 0.009047924 -0.010483182 -0.124711744 -0.004676524 0.992182016 0.037334707
0.991601288 -0.035335951 0.124411613 0.049975827 0.034473911 0.999364376 0.009075621 -0.010769407 -0.124653235 -0.004710442 0.992189169 0.038785990
0.991593599 -0.035283428 0.124487989 0.049916558 0.034420963 0.999366224 0.009072837 -0.010743123 -0.124729209 -0.004711571 0.992179632 0.038462419
0.991598845 -0.035256129 0.124453858 0.049887221 0.034384731 0.999366820 0.009143542 -0.010597173 -0.124697432 -0.004787412 0.992183268 0.038187861
0.991590321 -0.035293434 0.124511227 0.049845316 0.034428138 0.999365807 0.009095105 -0.010583446 -0.124753252 -0.004731929 0.992176533 0.037823673
0.991608500 -0.035326891 0.124356590 0.050084535 0.034461387 0.999364555 0.009104758 -0.010472479 -0.124599211 -0.004742855 0.992195845 0.038168754
0.991606116 -0.035293248 0.124385417 0.049991719 0.034425888 0.999365687 0.009116334 -0.010400438 -0.124628261 -0.004757734 0.992192090 0.037812881
0.991593659 -0.035377257 0.124460876 0.049964856 0.034504645 0.999362528 0.009160469 -0.010537803 -0.124705613 -0.004788985 0.992182255 0.038033485
0.991595447 -0.035525285 0.124404050 0.049927004 0.034647949 0.999357164 0.009209494 -0.010498971 -0.124651246 -0.004821748 0.992188931 0.037683044
0.991582394 -0.035566136 0.124496706 0.049888648 0.034700498 0.999356210 0.009115372 -0.010739082 -0.124740757 -0.004718545 0.992178142 0.038005065
0.991584539 -0.035570733 0.124478228 0.049826138 0.034691378 0.999355495 0.009225490 -0.010689020 -0.124726154 -0.004829532 0.992179453 0.037641346
0.991579831 -0.035453498 0.124548979 0.049900964 0.034585804 0.999360085 0.009122696 -0.010649100 -0.124792717 -0.004738254 0.992171526 0.038528327
0.991579771 -0.035346463 0.124580167 0.049912941 0.034470968 0.999363542 0.009176840 -0.010633006 -0.124825247 -0.004805170 0.992167115 0.038250733
0.991584957 -0.035573281 0.124474131 0.049703140 0.034692965 0.999355376 0.009233487 -0.010568130 -0.124722354 -0.004837410 0.992179871 0.038036894
0.991577804 -0.035484836 0.124556236 0.049794883 0.034609117 0.999358714 0.009188196 -0.010603908 -0.124802403 -0.004800029 0.992169976 0.037785470
0.991580367 -0.035636913 0.124492295 0.049853247 0.034766931 0.999353528 0.009154500 -0.010706526 -0.124738045 -0.004749208 0.992178321 0.038368266
0.991582274 -0.035541967 0.124504253 0.049799960 0.034661680 0.999356508 0.009230076 -0.010599176 -0.124752194 -0.004836854 0.992176116 0.038062006
0.991588414 -0.035665687 0.124420039 0.049861945 0.034773145 0.999351621 0.009338665 -0.010636828 -0.124672435 -0.004933637 0.992185712 0.037878830
0.991581440 -0.035493143 0.124524929 0.049769685 0.034610219 0.999358118 0.009247230 -0.010631816 -0.124773212 -0.004859548 0.992173374 0.037634458
0.991596699 -0.035644051 0.124360390 0.049935665 0.034758236 0.999352634 0.009286122 -0.010660713 -0.124610879 -0.004885540 0.992193639 0.037609093
0.991596401 -0.035571232 0.124383770 0.049874850 0.034686677 0.999355257 0.009270633 -0.010635077 -0.124633335 -0.004878267 0.992190897 0.037389144
0.991592944 -0.035484295 0.124436110 0.049883533 0.034599084 0.999358296 0.009268350 -0.010677041 -0.124685138 -0.004885054 0.992184341 0.037668739
0.991589725 -0.035287157 0.124517441 0.049883977 0.034406483 0.999365449 0.009216765 -0.010582204 -0.124763653 -0.004855042 0.992174625 0.037378490
0.991602480 -0.035581194 0.124332011 0.049819287 0.034693167 0.999354720 0.009300945 -0.010453253 -0.124582723 -0.004909370 0.992197096 0.038289875
0.991594911 -0.035556629 0.124399424 0.049706459 0.034667931 0.999355614 0.009302066 -0.010383092 -0.124650016 -0.004911211 0.992188632 0.037997313
0.991601169 -0.035596583 0.124338314 0.049884062 0.034717139 0.999354541 0.009233304 -0.010403450 -0.124586731 -0.004839085 0.992196918 0.038099345
0.991601169 -0.035549469 0.124351755 0.049833078 0.034671038 0.999356210 0.009221772 -0.010320105 -0.124599531 -0.004832916 0.992195368 0.037836295
0.991589129 -0.035729881 0.124396116 0.050192878 0.034853984 0.999349952 0.009211112 -0.010471131 -0.124644369 -0.004797938 0.992189884 0.038654096
0.991592765 -0.035637025 0.124393605 0.050262935 0.034758847 0.999353170 0.009223588 -0.010423332 -0.124641843 -0.004822266 0.992190063 0.038538687
0.991591752 -0.036791872 0.124064945 0.051177900 0.035949584 0.999312878 0.009021724 -0.010077662 -0.124311619 -0.004485784 0.992233098 0.037100025
0.991591454 -0.036859967 0.124047361 0.051098987 0.036021389 0.999310493 0.008996950 -0.010088548 -0.124293454 -0.004452941 0.992235541 0.036946479
0.991585135 -0.036881495 0.124091595 0.051213525 0.036044907 0.999309838 0.008980832 -0.010076188 -0.124337181 -0.004432390 0.992230117 0.036845900
0.991587222 -0.036874659 0.124076597 0.051325124 0.036046736 0.999310374 0.008911804 -0.010091858 -0.124319650 -0.004364275 0.992232621 0.036657855
0.991587818 -0.036920208 0.124058284 0.051044323 0.036087621 0.999308527 0.008952504 -0.010303374 -0.124303035 -0.004400226 0.992234528 0.037104275
0.991586387 -0.036967862 0.124055833 0.051041920 0.036136594 0.999306798 0.008945039 -0.010206465 -0.124300525 -0.004386825 0.992234945 0.036761131
0.991583884 -0.036982022 0.124071427 0.051108573 0.036164127 0.999306798 0.008838615 -0.010088806 -0.124312289 -0.004277294 0.992233932 0.036765099
0.991593301 -0.037006658 0.123989031 0.051256962 0.036180940 0.999305546 0.008905473 -0.009967393 -0.124232486 -0.004344569 0.992243648 0.036455333
0.991601050 -0.036977071 0.123935848 0.051023029 0.036146212 0.999306440 0.008946622 -0.010116720 -0.124180719 -0.004391667 0.992249906 0.036567774
0.991594970 -0.037001606 0.123977087 0.051077005 0.036173005 0.999305665 0.008928604 -0.009996125 -0.124221377 -0.004368936 0.992244899 0.036416773
0.991595089 -0.036935057 0.123996094 0.051026698 0.036108028 0.999308169 0.008911242 -0.010133621 -0.124239445 -0.004359089 0.992242694 0.036637913
0.991598010 -0.036965925 0.123963252 0.051077630 0.036142793 0.999307156 0.008883199 -0.009986491 -0.124205738 -0.004328184 0.992247045 0.036636598
0.991603494 -0.036956243 0.123922199 0.050983164 0.036124557 0.999307215 0.008952393 -0.010172088 -0.124167189 -0.004400590 0.992251575 0.036358181
0.991604924 -0.036964152 0.123908438 0.051107407 0.036140520 0.999307156 0.008889023 -0.010041760 -0.124151163 -0.004336284 0.992253840 0.036392123
0.991595745 -0.036949087 0.123986408 0.051010102 0.036135715 0.999308109 0.008803413 -0.010173200 -0.124225900 -0.004249090 0.992244840 0.036519896
0.991600692 -0.037025537 0.123924255 0.051144335 0.036216665 0.999305427 0.008774307 -0.010035645 -0.124163061 -0.004212484 0.992252886 0.036679935
0.991603732 -0.037096843 0.123878255 0.051204327 0.036277264 0.999302447 0.008865917 -0.010128418 -0.124120742 -0.004297513 0.992257833 0.036884177
0.991601050 -0.037022680 0.123922192 0.051294122 0.036235496 0.999306262 0.008600874 -0.010028282 -0.124154650 -0.004038253 0.992254674 0.037015960
0.991604328 -0.037114222 0.123868406 0.051170737 0.036298338 0.999301910 0.008837820 -0.010144080 -0.124109939 -0.004267404 0.992259324 0.036728662
0.991602659 -0.037126958 0.123877764 0.051227830 0.036309481 0.999301374 0.008851023 -0.009984233 -0.124119833 -0.004278762 0.992258012 0.036949631
0.991602719 -0.037070595 0.123894364 0.051439837 0.036262944 0.999303818 0.008768355 -0.010140009 -0.124133155 -0.004201951 0.992256701 0.037336435
0.991598904 -0.037107911 0.123913676 0.051596761 0.036308061 0.999302685 0.008707670 -0.010009708 -0.124150395 -0.004135451 0.992254794 0.037561916
0.991586149 -0.037136789 0.124007270 0.051455457 0.036334042 0.999301553 0.008729488 -0.010147969 -0.124244839 -0.004150354 0.992242932 0.037457116
0.991590381 -0.037164029 0.123965122 0.051698484 0.036378454 0.999301136 0.008595389 -0.010017741 -0.124197923 -0.004013446 0.992249370 0.037619494
0.991655707 -0.036882855 0.123525947 0.051400680 0.036097273 0.999311328 0.008592432 -0.010279484 -0.123757794 -0.004061784 0.992304146 0.037087470
0.991647959 -0.036855262 0.123596296 0.051724944 0.036061812 0.999312103 0.008651469 -0.009997341 -0.123830125 -0.004122106 0.992294848 0.037325028
0.991628706 -0.037138838 0.123665720 0.051098447 0.036342811 0.999301612 0.008687351 -0.010356577 -0.123901993 -0.004120267 0.992285907 0.036752392
0.991610348 -0.037099745 0.123824812 0.051422119 0.036302198 0.999303043 0.008691743 -0.010147005 -0.124060981 -0.004123709 0.992265999 0.037043303
0.991570950 -0.037552439 0.124003612 0.051238097 0.036759034 0.999286473 0.008680800 -0.010363991 -0.124241121 -0.004049376 0.992243767 0.036873598
