1.000000000 0.000000000 0.000000000 0.000000000 0.000000000 1.000000000 0.000000000 0.000000477 0.000000000 0.000000000 1.000000000 -0.000001431
0.999984443 0.003441743 0.004386041 -0.000075021 -0.003460189 0.999985158 0.004204938 0.019243782 -0.004371504 -0.004220049 0.999981523 0.007116389
0.999969840 0.004387019 0.006413395 -0.000049078 -0.004479676 0.999884784 0.014505127 0.041951735 -0.006349022 -0.014533419 0.999874234 0.014881818
0.999971449 0.003971763 0.006429064 -0.000726455 -0.004144438 0.999624908 0.027071822 0.065954030 -0.006319130 -0.027097695 0.999612808 0.022200162
0.999979734 0.001610202 0.006161178 -0.001612980 -0.001835272 0.999324620 0.036700740 0.091535576 -0.006097922 -0.036711305 0.999307334 0.029223952
0.999976575 0.000445015 0.006825896 -0.002959796 -0.000745639 0.999026716 0.044102632 0.117756188 -0.006799626 -0.044106692 0.999003708 0.036249228
0.999972999 -0.004480536 0.005828920 -0.003187597 0.004190083 0.998793840 0.048921827 0.142948031 -0.006041085 -0.048896078 0.998785615 0.043495547
0.999965191 -0.006780710 0.004867265 -0.003948015 0.006512582 0.998566031 0.053136844 0.167072624 -0.005220591 -0.053103294 0.998575389 0.050110426
0.999965847 -0.007153379 0.004132584 -0.004950218 0.006904298 0.998325586 0.057431169 0.189732209 -0.004536491 -0.057400674 0.998340905 0.054671962
0.999976337 -0.005849347 0.003618821 -0.005265877 0.005610005 0.998001277 0.062943950 0.211135790 -0.003979770 -0.062922165 0.998010516 0.059739213
0.999990642 -0.000929429 0.004222636 -0.006251562 0.000629983 0.997520745 0.070370138 0.230880573 -0.004277571 -0.070366815 0.997511983 0.063525282
0.999998689 -0.000362623 0.001590797 -0.007207124 0.000230929 0.996630907 0.082016982 0.248668328 -0.001615179 -0.082016505 0.996629655 0.066838525
0.999992490 0.003130052 0.002280449 -0.007982237 -0.003336078 0.995299757 0.096784636 0.264898658 -0.001966789 -0.096791521 0.995302737 0.068123922
0.999990046 0.004398338 0.000770481 -0.008704119 -0.004457689 0.993388593 0.114713810 0.276842266 -0.000260837 -0.114716105 0.993398309 0.069871850
0.999990463 0.004210230 0.001184724 -0.009237723 -0.004328394 0.991530299 0.129803509 0.285800964 -0.000628187 -0.129807383 0.991539001 0.073277533
0.999996066 0.001718539 -0.002228352 -0.009878113 -0.001380055 0.989594638 0.143876687 0.284168303 0.002452423 -0.143873051 0.989593089 0.072080083
0.999989927 0.001607963 -0.004190265 -0.011550605 -0.000963869 0.988775313 0.149406955 0.272577852 0.004383471 -0.149401411 0.988766909 0.064668827
0.999984920 0.000859726 -0.005426219 -0.012349227 -0.000050688 0.989081740 0.147368088 0.254007578 0.005493670 -0.147365585 0.989066839 0.058973070
0.999986649 0.004932172 -0.001535529 -0.012644929 -0.004672967 0.990413725 0.138053864 0.230326891 0.002201714 -0.138044834 0.990423560 0.057050627
0.999904335 0.013182764 0.004185013 -0.013902758 -0.013612197 0.991569936 0.128855571 0.198404476 -0.002451061 -0.128900215 0.991654515 0.049650528
0.999801755 0.017024769 0.010324889 -0.013183828 -0.018101489 0.993179321 0.115182966 0.163053811 -0.008293503 -0.115347028 0.993290663 0.040837485
0.999515116 0.023373449 0.020573433 -0.013276318 -0.025320308 0.994654536 0.100105964 0.124904647 -0.018123638 -0.100578345 0.994764030 0.033733532
0.999053419 0.030353900 0.031160016 -0.013706522 -0.032898065 0.995865226 0.084676810 0.086481124 -0.028460905 -0.085621752 0.995921135 0.026252948
0.998789072 0.034096979 0.035465498 -0.015173775 -0.036490239 0.996936560 0.069180757 0.048569784 -0.032997999 -0.070391133 0.996973515 0.018495129
0.998624563 0.038265675 0.035842292 -0.016394716 -0.040193133 0.997693777 0.054695778 0.013817913 -0.033666663 -0.056061164 0.997859538 0.012305778
0.998744488 0.036937114 0.033838470 -0.018207835 -0.038326014 0.998408973 0.041359738 -0.019919651 -0.032256920 -0.042604707 0.998571157 0.004526619
0.998825312 0.033821650 0.034699846 -0.018815925 -0.034790449 0.999010503 0.027706100 -0.051436305 -0.033728447 -0.028880777 0.999013662 -0.003165673
0.998976350 0.027927259 0.035585143 -0.019433316 -0.028372409 0.999524593 0.012066377 -0.080468401 -0.035231248 -0.013063662 0.999293804 -0.009632941
0.999045432 0.024303792 0.036297712 -0.018846452 -0.024173966 0.999699712 -0.004011410 -0.105975032 -0.036384303 0.003130122 0.999332964 -0.015866321
0.999155641 0.019367326 0.036233380 -0.018750576 -0.018592976 0.999594033 -0.021587415 -0.128161728 -0.036636762 0.020895502 0.999110162 -0.022091117
0.999150217 0.021097945 0.035407551 -0.017855687 -0.019797755 0.999131024 -0.036678076 -0.144091889 -0.036150612 0.035945915 0.998699665 -0.027624814
0.999109566 0.021230122 0.036460821 -0.017672172 -0.019501729 0.998698711 -0.047122657 -0.152710199 -0.037413795 0.046369649 0.998223484 -0.031756427
0.998823583 0.026632141 0.040523846 -0.016427694 -0.024613455 0.998469651 -0.049523525 -0.152854681 -0.041780744 0.048467830 0.997950494 -0.032900829
0.998549759 0.032340769 0.043039825 -0.015187561 -0.030403266 0.998527169 -0.044934306 -0.143713266 -0.044429649 0.043560591 0.998062372 -0.032065704
0.998262465 0.037317023 0.045601729 -0.012864628 -0.035749249 0.998757303 -0.034724917 -0.126075998 -0.046840888 0.033034351 0.998355985 -0.027797500
0.998282313 0.034690231 0.047212571 -0.011548014 -0.033669189 0.999185264 -0.022252893 -0.103172578 -0.047946066 0.020625060 0.998636961 -0.021763014
0.998448491 0.032117747 0.045486569 -0.010162828 -0.031734988 0.999454796 -0.009112210 -0.076286405 -0.045754433 0.007654557 0.998923361 -0.013712915
0.998640239 0.027335633 0.044389583 -0.008660252 -0.027406409 0.999623895 0.000986540 -0.046606567 -0.044345923 -0.002201758 0.999013782 -0.005348469
0.998577416 0.031313352 0.043158695 -0.005849789 -0.031698175 0.999463320 0.008260957 -0.015574933 -0.042876855 -0.009617257 0.999034047 0.003681541
0.998799503 0.027580000 0.040483397 -0.003779232 -0.028077640 0.999536395 0.011775613 0.016514165 -0.040139858 -0.012898155 0.999110818 0.012130030
0.999027967 0.027518515 0.034435641 -0.002232297 -0.028047029 0.999494672 0.014960061 0.049506385 -0.034006562 -0.015911337 0.999294937 0.020088064
0.999140739 0.026091423 0.032203421 -0.000813041 -0.026731338 0.999450445 0.019603075 0.082408749 -0.031674251 -0.020447070 0.999289095 0.027331965
0.999351144 0.021472162 0.028917868 -0.000763437 -0.022320932 0.999319792 0.029355364 0.115108833 -0.028267875 -0.029981790 0.999150634 0.034863111
0.999267936 0.018883809 0.033271722 -0.000187033 -0.020300437 0.998878777 0.042767201 0.146381140 -0.032426812 -0.043411326 0.998530924 0.041436780
0.999187171 0.015618539 0.037162177 -0.000242823 -0.017791159 0.998107135 0.058869634 0.175509766 -0.036172375 -0.059482943 0.997573733 0.048846141
0.999041200 0.016107880 0.040708378 -0.000181506 -0.019172866 0.996918976 0.076058812 0.202155188 -0.039357811 -0.076766379 0.996271968 0.054131150
0.999031305 0.017891716 0.040203121 -0.000784159 -0.021572959 0.995424688 0.093082458 0.224129453 -0.038353775 -0.093859598 0.994846404 0.058685660
0.999189019 0.016609892 0.036679931 -0.002109561 -0.020468526 0.993998408 0.107462570 0.239675418 -0.034674853 -0.108126208 0.993532300 0.060539279
0.999288797 0.017712206 0.033289474 -0.003660719 -0.021559864 0.992656767 0.119028293 0.247811049 -0.030936766 -0.119661354 0.992332637 0.061299823
0.999343574 0.018136332 0.031360302 -0.004835393 -0.021956963 0.991770744 0.126129761 0.247457534 -0.028814700 -0.126735553 0.991517961 0.060586497
0.999430716 0.018173695 0.028425628 -0.006562386 -0.021679565 0.991493344 0.128339276 0.237605825 -0.025851423 -0.128882453 0.991322875 0.058384057
0.999517262 0.016626544 0.026244977 -0.008472531 -0.019742217 0.992171645 0.123311214 0.219502926 -0.023989284 -0.123769827 0.992020965 0.053924188
0.999542117 0.016621359 0.025283307 -0.010712431 -0.019320909 0.993679702 0.110577159 0.195572257 -0.023285568 -0.111015029 0.993545890 0.048033483
0.999558389 0.015628617 0.025273722 -0.012389500 -0.017966520 0.995306373 0.095091864 0.167938694 -0.023668941 -0.095503956 0.995147586 0.041449852
0.999405444 0.020147271 0.027980316 -0.013631721 -0.022387538 0.996363699 0.082208417 0.137756646 -0.026222296 -0.082785942 0.996222317 0.035911161
0.999288201 0.020732593 0.031516399 -0.014553584 -0.022959560 0.997138560 0.072024375 0.106038347 -0.029932966 -0.072696716 0.996904790 0.028469067
0.998989522 0.025073003 0.037300613 -0.014688716 -0.027485769 0.997464478 0.065644063 0.073907807 -0.035560142 -0.066602968 0.997145712 0.020914750
0.998765469 0.025267499 0.042767961 -0.014823548 -0.027842132 0.997766733 0.060715780 0.041482970 -0.041138310 -0.061831579 0.997238457 0.012788704
0.998695493 0.024017785 0.045060508 -0.014304565 -0.026527680 0.998080790 0.055955566 0.009478767 -0.043630101 -0.057077922 0.997415900 0.004638717
0.998583972 0.020174704 0.049224775 -0.013389100 -0.022594918 0.998537481 0.049116027 -0.023143519 -0.048161883 -0.050158706 0.997579336 -0.002735798
0.998345613 0.015125903 0.055472557 -0.011453982 -0.017323013 0.999075592 0.039342590 -0.054937173 -0.054826189 -0.040238455 0.997684777 -0.009917947
0.997862339 0.010479543 0.064505637 -0.009367797 -0.012180028 0.999587059 0.026025249 -0.087094888 -0.064206272 -0.026755294 0.997577906 -0.016537612
0.997474372 0.005722669 0.070796438 -0.007667653 -0.006429755 0.999931633 0.009763743 -0.116655082 -0.070735730 -0.010194288 0.997443020 -0.023820126
0.997216523 0.005543633 0.074353918 -0.006235770 -0.005010950 0.999960423 -0.007348792 -0.142642424 -0.074391723 0.006955754 0.997204840 -0.030778639
0.996945560 0.005370404 0.077914722 -0.005152436 -0.003509519 0.999705791 -0.024000913 -0.162715271 -0.078020699 0.023654159 0.996671081 -0.036824331
0.996941686 0.008150318 0.077723227 -0.004282587 -0.005458381 0.999379933 -0.034784667 -0.175429836 -0.077958547 0.034254044 0.996367991 -0.041434105
0.996783257 0.010409467 0.079465926 -0.003271357 -0.007292431 0.999196351 -0.039414737 -0.181783736 -0.079812348 0.038708452 0.996058047 -0.043501589
0.996408820 0.014850505 0.083360098 -0.001959007 -0.011562897 0.999141395 -0.039783809 -0.178471789 -0.083879329 0.038677055 0.995725036 -0.042918004
0.996250868 0.019115433 0.084373035 -0.000077922 -0.016002074 0.999171376 -0.037423268 -0.168091118 -0.085018478 0.035932817 0.995731235 -0.041392658
0.996360779 0.020471485 0.082741618 0.000311739 -0.017734157 0.999275208 -0.033683550 -0.150301799 -0.083371192 0.032093611 0.996001601 -0.036246434
0.996516824 0.020170845 0.080915779 0.001303792 -0.017833866 0.999405622 -0.029501149 -0.128749982 -0.081462756 0.027955351 0.996284246 -0.029000897
0.996625364 0.021186018 0.079303816 0.002824531 -0.019276557 0.999507368 -0.024766477 -0.102127239 -0.079789460 0.023154194 0.996542811 -0.020588852
0.997014344 0.019238329 0.074781634 0.004538660 -0.017796433 0.999643564 -0.019900225 -0.073120318 -0.075137831 0.018509962 0.997001350 -0.011360201
0.997271717 0.022824639 0.070200510 0.006758576 -0.021936020 0.999669552 -0.013403366 -0.040360894 -0.070483245 0.011826879 0.997442842 -0.002647918
0.997453034 0.024013467 0.067162663 0.008299716 -0.023603234 0.999697626 -0.006895053 -0.007479435 -0.067307934 0.005292236 0.997718215 0.008361025
0.997401297 0.027491964 0.066594936 0.010689931 -0.027669195 0.999615610 0.001740274 0.026641725 -0.066521488 -0.003578379 0.997778594 0.017304376
0.996976197 0.030192310 0.071602635 0.012594538 -0.031177899 0.999433339 0.012686979 0.060927808 -0.071179010 -0.014881035 0.997352540 0.027556876
0.997485518 0.026396966 0.065771408 0.013348944 -0.028388457 0.999160647 0.029530514 0.094833367 -0.064936690 -0.031323407 0.997397661 0.035739556
0.997878492 0.018459188 0.062431902 0.013249244 -0.021663552 0.998461366 0.051044501 0.126676247 -0.061393604 -0.052288711 0.996743083 0.044602033
0.998257756 0.010298757 0.058097843 0.013570353 -0.014608951 0.997132003 0.074258864 0.156374037 -0.057166446 -0.074978232 0.995545208 0.050843619
0.998351276 0.004377691 0.057232343 0.013768807 -0.009794249 0.995456994 0.094706908 0.183194071 -0.056557737 -0.095111310 0.993858695 0.056831863
0.998355746 0.003460444 0.057217237 0.014219061 -0.009738953 0.993903816 0.109819889 0.207679689 -0.056488406 -0.110196561 0.992303252 0.061684541
0.998233438 0.009234614 0.058691382 0.014700308 -0.016236158 0.992645621 0.119962737 0.229307786 -0.057151936 -0.120703742 0.991042018 0.066254869
0.998307765 0.015649568 0.056006473 0.014732593 -0.022615824 0.991772592 0.125998646 0.246442124 -0.053573858 -0.127052069 0.990448177 0.068441018
0.998534381 0.019514233 0.050480507 0.013397097 -0.025882903 0.991338253 0.128757879 0.257283479 -0.047530644 -0.129875764 0.990390420 0.068465851
0.998834968 0.021732796 0.043086112 0.011771207 -0.027126644 0.991293550 0.128845677 0.262346923 -0.039910808 -0.129864350 0.990728199 0.067724407
0.999101639 0.021122092 0.036740061 0.010813654 -0.025700917 0.991312325 0.128993765 0.259642094 -0.033696253 -0.129822120 0.990964592 0.067153588
0.999225318 0.021864248 0.032721460 0.009659315 -0.025923898 0.991268218 0.129287675 0.249893814 -0.029608963 -0.130035773 0.991067111 0.065032661
0.999212265 0.023578605 0.031920254 0.007962644 -0.027503172 0.991302788 0.128694817 0.233220100 -0.028608194 -0.129471347 0.991170406 0.060315106
0.999227285 0.023426473 0.031559683 0.006947015 -0.027220968 0.991690457 0.125733942 0.211114272 -0.028351936 -0.126495868 0.991561890 0.055732742
0.999228060 0.023851110 0.031215539 0.005932739 -0.027486598 0.992178857 0.121760353 0.184946686 -0.028067278 -0.122524366 0.992068529 0.050396208
0.999074936 0.026791712 0.033637680 0.005471838 -0.030592514 0.992530286 0.118100531 0.155569300 -0.030222302 -0.119020335 0.992431760 0.045108020
0.998584270 0.033299427 0.041480754 0.005735354 -0.037837435 0.992769957 0.113912940 0.123254664 -0.037387613 -0.115321189 0.992624402 0.039415285
0.998098314 0.038263924 0.048328951 0.005976731 -0.043258771 0.993324637 0.106934041 0.088852510 -0.043914624 -0.108821332 0.993090868 0.034013886
0.997840941 0.040215347 0.051925018 0.005830901 -0.045108523 0.994282305 0.096788101 0.053067379 -0.047735758 -0.098921396 0.993949652 0.027533567
0.997722805 0.038663458 0.055266429 0.005298376 -0.043190289 0.995595574 0.083210938 0.016165590 -0.051805791 -0.085408427 0.994998276 0.021347640
0.997501671 0.037181005 0.060066249 0.004883679 -0.041115135 0.996995568 0.065646216 -0.020380486 -0.057444993 -0.067951843 0.996033430 0.014692336
0.997113645 0.034885839 0.067434147 0.004300815 -0.037962072 0.998270452 0.044888191 -0.056239832 -0.065751553 -0.047318570 0.996713459 0.008157690
0.996686935 0.035302915 0.073272631 0.003769603 -0.037068173 0.999050915 0.022872886 -0.090107068 -0.072395608 -0.025513189 0.997049630 0.000728131
0.996130228 0.034526426 0.080823988 0.002879156 -0.034864437 0.999388218 0.002774126 -0.120889127 -0.080678761 -0.005581274 0.996724546 -0.006341597
0.995840430 0.034834884 0.084192134 0.002110522 -0.033783473 0.999332786 -0.013881245 -0.148371145 -0.084619515 0.010979203 0.996352851 -0.014020143
0.995834112 0.030420110 0.085959345 0.000471794 -0.028167590 0.999230444 -0.027297217 -0.171580628 -0.086723581 0.024762232 0.995924652 -0.021144632
0.996005774 0.027499307 0.084948473 -0.000960524 -0.024463009 0.999031305 -0.036579479 -0.190034062 -0.085872091 0.034355279 0.995713651 -0.027883679
0.995992303 0.021282483 0.086870000 -0.002455852 -0.017752942 0.998993099 -0.041202508 -0.200920686 -0.087659419 0.039495185 0.995367229 -0.031530987
0.995725453 0.018754182 0.090438336 -0.002499813 -0.015140610 0.999065697 -0.040478081 -0.205005720 -0.091112971 0.038935766 0.995079100 -0.032808479
0.995441079 0.016143983 0.094002604 -0.002762997 -0.012706813 0.999232650 -0.037049111 -0.201348394 -0.094528586 0.035685729 0.994882345 -0.031165455
0.995350480 0.016097829 0.094964385 -0.002873190 -0.013072877 0.999389827 -0.032390162 -0.192078993 -0.095427856 0.030998105 0.994953573 -0.028837970
0.994886816 0.014588214 0.099937133 -0.002201887 -0.011978258 0.999572635 -0.026666440 -0.176578730 -0.100283436 0.025333017 0.994636357 -0.023192987
0.994306028 0.015226651 0.105468929 -0.000413850 -0.013153806 0.999706984 -0.020321440 -0.156902567 -0.105747446 0.018818412 0.994214952 -0.016249944
0.993508458 0.021432288 0.111721113 0.002260358 -0.019993585 0.999702334 -0.013982246 -0.133619189 -0.111987531 0.011657774 0.993641257 -0.007953904
0.992825329 0.026788214 0.116534360 0.005488418 -0.025983633 0.999626935 -0.008418206 -0.108674154 -0.116716392 0.005329823 0.993151009 0.001306000
0.992256582 0.035583138 0.118998930 0.008584897 -0.035531938 0.999365270 -0.002552578 -0.082163282 -0.119014233 -0.001695451 0.992891073 0.009491838
0.991990149 0.039764371 0.119893134 0.011172730 -0.040602539 0.999164999 0.004555305 -0.056467663 -0.119611889 -0.009386783 0.992776334 0.017732559
0.992592692 0.042955816 0.113642029 0.013025624 -0.044813640 0.998899460 0.013843081 -0.030231968 -0.112922318 -0.018833254 0.993425310 0.023910193
0.993076742 0.044989254 0.108510360 0.015345843 -0.047923315 0.998548448 0.024583664 -0.004147376 -0.107246846 -0.029613644 0.993791282 0.031281106
0.994227588 0.046185322 0.096842237 0.016403366 -0.049908407 0.998090982 0.036380425 0.020266403 -0.094977118 -0.041003667 0.994634628 0.033579063
0.995465457 0.045104392 0.083750509 0.017020712 -0.049322516 0.997580290 0.048997961 0.042205904 -0.081337832 -0.052906565 0.995281398 0.033542529
0.996627212 0.040822983 0.071187504 0.017190635 -0.045334585 0.996986091 0.062956825 0.060456686 -0.068402864 -0.065971747 0.995474160 0.031711999
0.997657418 0.035162412 0.058679450 0.016844608 -0.039696269 0.996164441 0.077978477 0.075315282 -0.055712473 -0.080125168 0.995226622 0.028736118
0.998295128 0.029118208 0.050586630 0.016888035 -0.033781253 0.995006919 0.093914971 0.086152300 -0.047599409 -0.095463738 0.994294226 0.025091356
0.998915315 0.020989658 0.041564666 0.016311586 -0.025457347 0.993599355 0.110055536 0.093774982 -0.038988598 -0.110994294 0.993055940 0.021088338
0.999317884 0.014196971 0.034091260 0.015782546 -0.018472359 0.991528630 0.128568292 0.098380417 -0.031977180 -0.129110336 0.991114497 0.015988348
0.999546826 0.008256216 0.028948221 0.014864037 -0.012433130 0.989024937 0.147224739 0.100819148 -0.027414992 -0.147517934 0.988679349 0.011194086
0.999566317 0.003340531 0.029257564 0.014612194 -0.008225882 0.985668719 0.168491751 0.101868868 -0.028275413 -0.168659359 0.985268772 0.006789999
0.999367774 -0.001845671 0.035506040 0.014382380 -0.005022171 0.981310308 0.192366526 0.101961546 -0.035197489 -0.192423210 0.980680585 0.003394768
0.998793125 -0.004440879 0.048914220 0.014644183 -0.006281368 0.976176441 0.216887206 0.101736970 -0.048712078 -0.216932684 0.974970460 0.000853648
0.998066187 -0.009758836 0.061389454 0.013456445 -0.005153853 0.971207380 0.238180041 0.100436889 -0.061946250 -0.238035828 0.969278932 -0.001869228
0.997325003 -0.015750250 0.071377583 0.011515282 -0.003115306 0.966462374 0.256789327 0.098766305 -0.073028244 -0.256324768 0.963828027 -0.004866320
0.996916413 -0.021519011 0.075462259 0.008852416 0.000043919 0.961816847 0.273693979 0.097113036 -0.078470491 -0.272846699 0.958851933 -0.008754559
0.996760309 -0.025324365 0.076338865 0.006674694 0.001925327 0.956377864 0.292126149 0.096271299 -0.080406703 -0.291032761 0.953328252 -0.013413970
0.996519566 -0.031579465 0.077145867 0.004898924 0.005997547 0.950227022 0.311500669 0.094454259 -0.083143108 -0.309953809 0.947109222 -0.019464830
0.996289015 -0.036833405 0.077791058 0.003955769 0.008999819 0.943431914 0.331444144 0.094663516 -0.085598789 -0.329514086 0.940262377 -0.024774686
0.996037424 -0.043651201 0.077485472 0.003364014 0.013722457 0.936258733 0.351043075 0.094941936 -0.087869897 -0.348588735 0.933147788 -0.030501127
0.996029735 -0.044468995 0.077118315 0.003640108 0.012885273 0.929188967 0.369380325 0.096153580 -0.088083453 -0.366920084 0.926072896 -0.036634658
0.996111095 -0.043668762 0.076522745 0.005016252 0.010856913 0.922747493 0.385252148 0.096488006 -0.087434657 -0.382923156 0.919633090 -0.042628117
0.996390343 -0.042260088 0.073623031 0.007134106 0.009543959 0.917546988 0.397512913 0.096283831 -0.084351525 -0.395375371 0.914638281 -0.047569927
0.996642709 -0.041165091 0.070772283 0.010289825 0.009043971 0.914472401 0.404547274 0.094525479 -0.081372522 -0.402549028 0.911774516 -0.051784463
0.996599138 -0.042682864 0.070486635 0.014593270 0.010451047 0.913956821 0.405676842 0.092621632 -0.081737190 -0.403560519 0.911294639 -0.053490479
0.996740580 -0.042224985 0.068740182 0.019094434 0.011143297 0.915976465 0.401077211 0.088061988 -0.079899870 -0.399003923 0.913461506 -0.055808384
0.997014463 -0.043111127 0.064058922 0.023338567 0.014423679 0.919001520 0.393990040 0.086501032 -0.075855605 -0.391889811 0.916879654 -0.055401258
0.997262836 -0.042609151 0.060426157 0.027899487 0.016009454 0.922301888 0.386138529 0.084409878 -0.072184190 -0.384114236 0.920459509 -0.054140430
0.997457802 -0.040340107 0.058741398 0.031500630 0.015100169 0.925268769 0.379011452 0.084112644 -0.069640942 -0.377160907 0.923525751 -0.052163616
0.997785687 -0.035419732 0.056295656 0.033463512 0.011847625 0.927520752 0.373583853 0.083574399 -0.065447628 -0.372089624 0.925886571 -0.050156482
0.998104990 -0.032311946 0.052367594 0.034635991 0.010709794 0.929266930 0.369253695 0.083574980 -0.060594779 -0.367993116 0.927852035 -0.047914252
0.998484790 -0.025777850 0.048616745 0.035655022 0.006140267 0.930165350 0.367089599 0.082649417 -0.054684393 -0.366234869 0.928914249 -0.045434128
0.998670220 -0.022941206 0.046167694 0.036660150 0.004328663 0.929683268 0.368334442 0.082213707 -0.051371366 -0.367644817 0.928546309 -0.043062385
0.998828411 -0.018811228 0.044586416 0.037754148 0.000835758 0.927922428 0.372772366 0.079403840 -0.048385043 -0.372298390 0.926851034 -0.041588582
0.998898625 -0.015708702 0.044212487 0.040558476 -0.002133926 0.926105857 0.377257675 0.079056457 -0.046871673 -0.376936525 0.925052404 -0.039085165
0.998980880 -0.014693322 0.042677395 0.044502180 -0.002628570 0.924986541 0.379990757 0.078130305 -0.045059346 -0.379715681 0.924005210 -0.036502808
0.998937666 -0.016067799 0.043189574 0.050236274 -0.001644294 0.924215913 0.381866723 0.077656381 -0.046052251 -0.381532103 0.923207700 -0.033502381
0.998862088 -0.018326230 0.044029944 0.057880368 0.000060180 0.923706174 0.383101642 0.076559238 -0.047691539 -0.382663071 0.922656238 -0.030298160
0.998719037 -0.020645417 0.046196260 0.067355216 0.001290754 0.923072994 0.384622633 0.075657941 -0.050583214 -0.384070337 0.921917200 -0.026871510
0.998579979 -0.023530105 0.047795277 0.078415781 0.003244570 0.922366560 0.386302233 0.074262857 -0.053174499 -0.385598600 0.921133101 -0.023744494
0.998413980 -0.027951233 0.048870262 0.091073699 0.006779780 0.921425104 0.388496846 0.073319457 -0.055889253 -0.387549371 0.920153201 -0.020786615
0.998234391 -0.032540783 0.049690753 0.105084218 0.010555330 0.920447230 0.390724272 0.072375186 -0.058452189 -0.389509887 0.919165611 -0.018703170
0.998049080 -0.036435395 0.050700348 0.121193454 0.013667857 0.919864535 0.391998082 0.071181998 -0.060920056 -0.390540332 0.918567896 -0.016484601
0.997715533 -0.040859483 0.053797588 0.138162494 0.016582340 0.920114219 0.391298890 0.069515906 -0.065488197 -0.389512897 0.918689847 -0.014528926
0.997322381 -0.045334693 0.057382718 0.156369209 0.019612428 0.921729803 0.387336522 0.067349486 -0.070451140 -0.385174006 0.920150876 -0.012232692
0.996764779 -0.050661344 0.062396873 0.175127596 0.023108866 0.924195766 0.381219357 0.064705580 -0.076980010 -0.378544122 0.922376513 -0.009631817
0.996046662 -0.057114791 0.068036519 0.193996117 0.027574886 0.926863790 0.374383658 0.062040828 -0.084443428 -0.371027499 0.924774528 -0.007101907
0.995271862 -0.061934628 0.074819840 0.212841630 0.030027693 0.928786039 0.369398028 0.059805885 -0.092370145 -0.365404814 0.926254332 -0.004620510
0.994469643 -0.067267865 0.080654733 0.231499150 0.033024877 0.929295361 0.367857933 0.058847889 -0.099697091 -0.363159955 0.926377535 -0.002643826
0.993734002 -0.070429407 0.086789615 0.250865996 0.033513568 0.928521276 0.369763494 0.063040324 -0.106628232 -0.364537954 0.925063491 0.002868035
0.992717683 -0.074026421 0.095034979 0.268457800 0.032958616 0.925711095 0.376792669 0.064148627 -0.115867548 -0.370916545 0.921409607 0.004240145
0.991557240 -0.076591678 0.104632333 0.284761786 0.030337317 0.921545208 0.387084097 0.065527461 -0.126070842 -0.380641788 0.916088402 0.005762223
0.990363717 -0.082492515 0.111241817 0.299693018 0.031921830 0.917586625 0.396252245 0.067160442 -0.134761840 -0.388882786 0.911377788 0.006881433
0.989958048 -0.085699841 0.112421304 0.312135398 0.033466738 0.914753318 0.402624309 0.069102302 -0.137342602 -0.394818783 0.908435524 0.008434876
0.989851415 -0.085291162 0.113664187 0.323554516 0.032049157 0.913235307 0.406170070 0.071010903 -0.138444871 -0.398405194 0.906700790 0.009285923
0.990007401 -0.084875047 0.112612426 0.332562149 0.032012619 0.913004339 0.406691879 0.072774984 -0.137333632 -0.399022967 0.906598151 0.010355919
0.990159512 -0.085251182 0.110978991 0.339576930 0.033267528 0.913686454 0.405055970 0.074283876 -0.135931492 -0.397378057 0.907531440 0.011228714
0.990333557 -0.086626649 0.108329445 0.344129890 0.036071192 0.914970100 0.401906252 0.075506881 -0.133933991 -0.394113660 0.909250319 0.012462433
0.990696549 -0.086660169 0.104930222 0.346695572 0.037961602 0.916410625 0.398435026 0.076560117 -0.130687624 -0.390744895 0.911174595 0.012723115
0.990659177 -0.088786840 0.103495270 0.346998334 0.040911302 0.917538524 0.395536810 0.077282079 -0.130079359 -0.387608021 0.912600338 0.012610676
0.990569174 -0.090099484 0.103222139 0.345469713 0.042368043 0.917875111 0.394601345 0.078082152 -0.130298406 -0.386506617 0.913036108 0.012037532
0.990296364 -0.088816866 0.106886476 0.342082798 0.039598450 0.917577446 0.395580024 0.078123629 -0.133210808 -0.387508899 0.912190616 0.011117201
0.990144491 -0.087640762 0.109238341 0.336586744 0.037610840 0.917743623 0.395388544 0.077339232 -0.134904951 -0.387383223 0.911994994 0.009640670
0.990166187 -0.087746292 0.108956508 0.328468651 0.037931293 0.918055952 0.394632071 0.076038718 -0.134655669 -0.386618465 0.912356317 0.007692296
0.990423679 -0.086657710 0.107477471 0.318455905 0.037639968 0.918471217 0.393692702 0.074851334 -0.132831469 -0.385877103 0.912937403 0.005179809
0.990821600 -0.086944759 0.103504419 0.306352466 0.039345101 0.918042660 0.394524515 0.074710138 -0.129323319 -0.386831045 0.913037360 0.002521570
0.991564572 -0.083782032 0.098895036 0.293113470 0.037890315 0.917038977 0.396993577 0.075422041 -0.123951532 -0.389897585 0.912477851 -0.000428852
0.992136657 -0.081799738 0.094729707 0.278300315 0.037348375 0.915881515 0.399707586 0.076294839 -0.119457155 -0.393026561 0.911734700 -0.002816780
0.992657542 -0.080668844 0.090130769 0.261937886 0.037954502 0.915231228 0.401137412 0.077349588 -0.114849783 -0.394771218 0.911572933 -0.005037955
0.993233383 -0.079432532 0.084722534 0.243731484 0.039017793 0.915346205 0.400772929 0.077874459 -0.109384865 -0.394755363 0.912251711 -0.007162631
0.993876874 -0.076405160 0.079818740 0.224460989 0.038356297 0.916035295 0.399259508 0.077967636 -0.103622258 -0.393753231 0.913356900 -0.009747817
0.994539022 -0.072920084 0.074664712 0.203830227 0.037573136 0.917613029 0.395695150 0.077688180 -0.097367436 -0.390728891 0.915341735 -0.012956193
0.995231748 -0.068994924 0.068945654 0.182638779 0.036698341 0.919785559 0.390701622 0.076856412 -0.090371646 -0.386308461 0.917931795 -0.016402699
0.995930552 -0.063656107 0.063798845 0.160743594 0.034255289 0.922140360 0.385335803 0.076060668 -0.083360463 -0.381582260 0.920568287 -0.019516263
0.996376097 -0.060529772 0.059756774 0.138440937 0.033318307 0.924154162 0.380564004 0.074572042 -0.078259923 -0.377193898 0.922821879 -0.022530379
0.996748567 -0.057960704 0.055971954 0.114964485 0.032577865 0.925243676 0.377972066 0.073118135 -0.073695220 -0.374919653 0.924123526 -0.025417680
0.997110426 -0.055175588 0.052215308 0.091297276 0.031391509 0.925195038 0.378191352 0.072352178 -0.069176272 -0.375459433 0.924253702 -0.028352775
0.997601330 -0.050381675 0.047468103 0.067240648 0.028579189 0.924354255 0.380463511 0.072184734 -0.063045733 -0.378194302 0.923576891 -0.030973569
0.997990727 -0.046976093 0.042517722 0.043118004 0.027055357 0.922747791 0.384453565 0.073108204 -0.057293259 -0.382530779 0.922164679 -0.033604041
0.998373628 -0.041797776 0.038768534 0.019144027 0.023519333 0.921452641 0.387778074 0.074219152 -0.051931631 -0.386235625 0.920937121 -0.035623450
0.998616040 -0.037431404 0.036944553 -0.004506556 0.020160750 0.921251714 0.388444155 0.075454406 -0.048575245 -0.387161762 0.920731366 -0.037225999
0.998755515 -0.035717245 0.034809582 -0.028693942 0.019497730 0.922025084 0.386638731 0.076607905 -0.045904979 -0.385478884 0.921574056 -0.039725430
0.998922527 -0.034274213 0.031289302 -0.052657235 0.019638332 0.923059404 0.384155720 0.078132913 -0.042048521 -0.383127362 0.922737956 -0.041395303
0.999070287 -0.031568028 0.029360937 -0.076285616 0.017986670 0.924156487 0.381590396 0.079950050 -0.039180156 -0.380707532 0.923865080 -0.043410793
0.999226213 -0.028907672 0.026671665 -0.099660762 0.016643446 0.925166011 0.379197598 0.081734478 -0.035637438 -0.378460288 0.924931228 -0.044995464
0.999348760 -0.026785281 0.024177758 -0.122540072 0.015667856 0.925701320 0.377930760 0.083918788 -0.032504361 -0.377305806 0.925518155 -0.046809051
0.999533951 -0.025049143 0.017447166 -0.145174667 0.016582649 0.925406575 0.378612846 0.086472578 -0.025629651 -0.378147095 0.925390661 -0.048363551
0.999709427 -0.022031734 0.009782397 -0.166417241 0.016623052 0.923957944 0.382132679 0.089362815 -0.017457567 -0.381859034 0.924055696 -0.050036203
0.999828815 -0.018342856 0.002417832 -0.186079010 0.015965674 0.921426833 0.388223767 0.092685178 -0.009348987 -0.388118684 0.921561956 -0.051466107
0.999868870 -0.015144888 -0.005736582 -0.204099625 0.016180243 0.919104755 0.393680930 0.095827609 -0.000689734 -0.393722117 0.919229269 -0.053729121
0.999785244 -0.014113126 -0.015173397 -0.220679700 0.018979022 0.917594254 0.397064924 0.098916031 0.008319196 -0.397267640 0.917665124 -0.054631881
0.999630213 -0.012578013 -0.024107752 -0.235504255 0.021103840 0.917946696 0.396141946 0.101406410 0.017146954 -0.396504223 0.917872727 -0.056075320
0.999487042 -0.010575399 -0.030228490 -0.247902036 0.021566935 0.920043707 0.391221792 0.102302469 0.023674207 -0.391673058 0.919799864 -0.056641869
0.999312282 -0.008942294 -0.035985447 -0.257866800 0.022106856 0.922824621 0.384585559 0.102842361 0.029769180 -0.385116577 0.922387660 -0.058015309
0.999091327 -0.008631552 -0.041737631 -0.265047878 0.023791203 0.925454319 0.378111541 0.102546319 0.035362579 -0.378760934 0.924818695 -0.058667202
0.999006212 -0.007353247 -0.043959841 -0.269312859 0.023260139 0.927347600 0.373477459 0.102498680 0.038019784 -0.374128819 0.926597059 -0.060971666
0.999023139 -0.005486078 -0.043848015 -0.269656152 0.021434419 0.927879095 0.372264653 0.102013692 0.038643382 -0.372840852 0.927090287 -0.061890617
0.999126077 -0.003150205 -0.041678965 -0.267066538 0.018522531 0.927269638 0.373935759 0.101429529 0.037469663 -0.374380946 0.926517665 -0.063569993
0.999305844 -0.003250367 -0.037111569 -0.261257261 0.016982157 0.926406503 0.376141667 0.100731626 0.033157799 -0.376510799 0.925818622 -0.064605013
0.999494016 -0.002755491 -0.031687230 -0.252532750 0.014522716 0.925867140 0.377570093 0.099825308 0.028297774 -0.377839267 0.925438702 -0.066283934
0.999705851 -0.003607780 -0.023982987 -0.240819812 0.012393374 0.926006079 0.377305061 0.098629393 0.020847160 -0.377491325 0.925778449 -0.067374125
0.999851167 -0.003226739 -0.016947199 -0.226492837 0.009350557 0.926903903 0.375182331 0.096985243 0.014497809 -0.375284970 0.926796079 -0.068944052
0.999951780 -0.003145352 -0.009303227 -0.210265279 0.006383576 0.928065300 0.372362882 0.095113195 0.007462790 -0.372404307 0.928040624 -0.070011742
0.999986827 -0.003666025 -0.003590346 -0.192321271 0.004733212 0.929222703 0.369489849 0.093193002 0.001981672 -0.369501948 0.929227829 -0.071168646
0.999981463 -0.005265651 0.003059451 -0.173326895 0.003770657 0.929846406 0.367928505 0.091438353 -0.004782203 -0.367910147 0.929849029 -0.071680434
0.999924958 -0.007212608 0.009901804 -0.154250294 0.003056471 0.929624319 0.368495971 0.089759581 -0.011862774 -0.368438035 0.929576635 -0.071378179
0.999820650 -0.011206491 0.015265845 -0.133155793 0.004734013 0.928422630 0.371495694 0.088797383 -0.018336318 -0.371356815 0.928309143 -0.070965938
0.999745309 -0.015406657 0.016490633 -0.111279562 0.008063519 0.926341236 0.376599163 0.088178188 -0.021078086 -0.376370281 0.926229537 -0.070343703
0.999629319 -0.020182949 0.018272102 -0.088564955 0.011661925 0.923882246 0.382499218 0.088052340 -0.024601232 -0.382144332 0.923775136 -0.068944037
0.999521077 -0.023098065 0.020592801 -0.064955987 0.013316659 0.921756983 0.387539387 0.087806866 -0.027932968 -0.387079537 0.921623111 -0.067587860
0.999418736 -0.024462219 0.023743745 -0.041035403 0.013271794 0.920735419 0.389961809 0.087630533 -0.031401038 -0.389420003 0.920524895 -0.065898865
0.999391258 -0.025132304 0.024197368 -0.017278984 0.013708876 0.920686901 0.390061140 0.087632097 -0.032081336 -0.389491975 0.920470953 -0.063636974
0.999405682 -0.026301151 0.022282459 0.005689601 0.015582496 0.921295166 0.388551742 0.087073632 -0.030748077 -0.387973636 0.921157420 -0.061619688
0.999408305 -0.027721517 0.020361932 0.029142238 0.017672285 0.921715379 0.387464136 0.086932182 -0.029508999 -0.386875004 0.921659887 -0.057862036
0.999316871 -0.031053355 0.020038033 0.050898112 0.020868277 0.921620131 0.387531757 0.086109824 -0.030501617 -0.386848867 0.921638548 -0.055669852
0.999233484 -0.033215672 0.020715134 0.071645051 0.022549754 0.920965314 0.388991505 0.085427910 -0.031998534 -0.388226241 0.921008408 -0.052914772
0.999115646 -0.035492405 0.022543732 0.091357723 0.023844445 0.919878840 0.391477138 0.085675769 -0.034631968 -0.390593380 0.919911623 -0.050421752
0.998973370 -0.037193678 0.025861004 0.109071732 0.023998471 0.918690622 0.394248158 0.086598508 -0.038421802 -0.393222779 0.918640077 -0.047346029
0.998745441 -0.039965823 0.030170510 0.124850735 0.024725145 0.917519689 0.396921039 0.088085040 -0.043545313 -0.395677090 0.917356789 -0.044675075
0.998498559 -0.042928662 0.034025356 0.138091370 0.025856260 0.916963637 0.398132056 0.090353206 -0.048291288 -0.396654516 0.916696906 -0.041324433
0.998267889 -0.046622485 0.035883021 0.149194255 0.028496645 0.916776955 0.398381621 0.092911787 -0.051470269 -0.396669000 0.916517615 -0.038026631
0.998018980 -0.047587153 0.041152701 0.159573525 0.027396169 0.917567968 0.396633893 0.095981896 -0.056635074 -0.394720763 0.917053998 -0.033170022
0.997311294 -0.050919089 0.052701309 0.168865159 0.026383977 0.920429647 0.390016884 0.098522469 -0.068367153 -0.387577802 0.919298291 -0.028232757
0.996101201 -0.055497497 0.068573847 0.177002683 0.025477881 0.925181806 0.378668100 0.101017922 -0.084458411 -0.375444621 0.922988653 -0.022356616
0.994890928 -0.058203913 0.082488552 0.183463246 0.024560122 0.932068408 0.361448795 0.102641620 -0.097922713 -0.357576221 0.928735912 -0.016583474
0.993873179 -0.057628073 0.094314054 0.187933683 0.022047283 0.939534128 0.341744840 0.104004554 -0.108305365 -0.337571681 0.935048282 -0.011541254
0.992728531 -0.056097709 0.106504269 0.191966802 0.018961497 0.946600437 0.321850985 0.103974685 -0.118872084 -0.317491144 0.940780938 -0.007069373
0.991310894 -0.055909835 0.119066328 0.195332021 0.017570468 0.953344047 0.301374167 0.102873616 -0.130360961 -0.296663433 0.946042717 -0.002498568
0.989968181 -0.056914460 0.129320502 0.198386401 0.017927688 0.958481073 0.284592092 0.101483256 -0.140148669 -0.279418707 0.949886084 0.001210273
0.988438427 -0.060336228 0.139100835 0.201213777 0.020080846 0.961424828 0.274333864 0.099669933 -0.150287256 -0.268368870 0.951520801 0.005804962
0.986934304 -0.068115816 0.146016702 0.204418346 0.025787786 0.961339056 0.274157315 0.098189682 -0.159046009 -0.266809791 0.950535059 0.009584038
0.985262513 -0.076053068 0.153211251 0.209153563 0.030258922 0.959085107 0.281496286 0.096456580 -0.168351278 -0.272711754 0.947251916 0.014860309
0.982979238 -0.086214662 0.162230998 0.215084970 0.036182582 0.956604421 0.289134651 0.094431385 -0.180118531 -0.278343409 0.943441689 0.021949891
0.980629325 -0.095783688 0.170855418 0.221831858 0.041488551 0.954058886 0.296732724 0.092331715 -0.191428289 -0.283896267 0.939552069 0.030646089
0.978285730 -0.105159447 0.178601518 0.229057774 0.046502192 0.951120436 0.305299014 0.089964718 -0.201976612 -0.290364295 0.935357690 0.040292982
0.976552010 -0.111897156 0.183916241 0.236153916 0.049287986 0.947823822 0.314961404 0.087567933 -0.209563494 -0.298511356 0.931114435 0.050727021
0.975565791 -0.115981348 0.186600536 0.242538109 0.050346263 0.944724321 0.323977232 0.084666193 -0.213861376 -0.306666434 0.927479923 0.061799373
0.975458801 -0.118455037 0.185603172 0.247985736 0.051223706 0.941911638 0.331931710 0.081392087 -0.214140773 -0.314278424 0.924863696 0.075101621
0.975737512 -0.123634048 0.180695653 0.250903457 0.056264170 0.939182281 0.338778734 0.077370100 -0.211590737 -0.320392430 0.923351526 0.088050529
0.977311373 -0.123732202 0.171909422 0.251958191 0.058184646 0.937239170 0.343798250 0.072807461 -0.203659147 -0.325995475 0.923173845 0.101710029
0.979391098 -0.121119760 0.161626428 0.250503093 0.059088908 0.937052071 0.344153941 0.067431606 -0.193136215 -0.327510953 0.924897254 0.116020568
0.982237279 -0.114307240 0.148807749 0.246621609 0.057970047 0.939097047 0.338727325 0.061845575 -0.178463891 -0.324084193 0.929042578 0.131341770
0.985222638 -0.104563750 0.135656908 0.240385801 0.054692946 0.942620873 0.329354733 0.056271836 -0.162311599 -0.317068249 0.934410334 0.146365538
0.988413990 -0.092178360 0.120585576 0.231791958 0.049358442 0.946489573 0.318937659 0.051269345 -0.143532142 -0.309290528 0.940073371 0.161737248
0.991219163 -0.078566656 0.106357194 0.220974118 0.041949723 0.949634075 0.310540378 0.047210388 -0.125398532 -0.303351939 0.944591343 0.176247597
0.993774474 -0.065969542 0.089779228 0.207185373 0.035579592 0.951567113 0.305375338 0.043929055 -0.105576426 -0.300279915 0.947990298 0.191740558
0.996209025 -0.053373456 0.068694331 0.190888017 0.030113302 0.952420056 0.303297341 0.041208554 -0.081613876 -0.300078928 0.950416684 0.203588158
0.998142600 -0.042420227 0.043724723 0.171478167 0.027184825 0.952454209 0.303466558 0.038120426 -0.054518916 -0.301714242 0.951838315 0.213236004
0.999368966 -0.032339994 0.014688831 0.148791283 0.026287874 0.951528966 0.306433707 0.037427001 -0.023886912 -0.305854231 0.951778650 0.220101148
0.999691606 -0.021057554 -0.013165040 0.124053732 0.024109721 0.950047076 0.311173975 0.038297277 0.005954847 -0.311395407 0.950261772 0.226300269
0.999135971 -0.009715009 -0.040409118 0.096783251 0.022030275 0.948258877 0.316732883 0.039673917 0.035241246 -0.317349434 0.947653651 0.226672918
0.997659504 0.002299305 -0.068339355 0.067509025 0.019892799 0.946445346 0.322250724 0.041962221 0.065420412 -0.322855949 0.944184422 0.223490208
0.995425224 0.015004434 -0.094358042 0.036644883 0.016790159 0.944751382 0.327357471 0.044939324 0.094056711 -0.327444196 0.940177441 0.216273159
0.992548704 0.029818302 -0.118143931 0.006277324 0.011047384 0.943579793 0.330960900 0.048903648 0.121346921 -0.329799980 0.936219454 0.206394836
0.988910854 0.038675915 -0.143385634 -0.025214193 0.011435186 0.942797124 0.333170861 0.053108286 0.148069248 -0.331115931 0.931900084 0.192101046
0.985202253 0.042466465 -0.166051671 -0.054377276 0.015678201 0.942428648 0.334039539 0.057661749 0.170677319 -0.331699878 0.927817047 0.176363826
0.980996251 0.043655284 -0.189051643 -0.083441883 0.022582656 0.942047894 0.334717423 0.062420294 0.192707881 -0.332625836 0.923159659 0.156887770
