1.000000000 0.000000000 0.000000000 -0.000000477 0.000000000 1.000000000 0.000000000 0.000000350 0.000000000 0.000000000 1.000000000 -0.000000358
0.999999583 0.000844428 0.000301989 0.000728004 -0.000844290 0.999999523 -0.000454905 -0.000024744 -0.000302373 0.000454650 0.999999821 -0.000351303
0.999999881 0.000281914 0.000453192 0.001301389 -0.000281350 0.999999166 -0.001245387 -0.000150051 -0.000453543 0.001245259 0.999999106 -0.000734749
1.000000000 0.000239854 -0.000034744 0.001640786 -0.000239874 0.999999821 -0.000571481 -0.000184746 0.000034606 0.000571490 0.999999821 -0.000972677
0.999999940 0.000404788 -0.000086837 0.002048972 -0.000404792 0.999999940 -0.000041030 -0.000251194 0.000086821 0.000041065 1.000000000 -0.001197170
0.999999821 0.000366049 -0.000419654 0.001101542 -0.000366134 0.999999940 -0.000202834 0.001421603 0.000419580 0.000202988 0.999999881 0.003398215
0.999999583 0.000894389 -0.000071310 0.000407078 -0.000894435 0.999999404 -0.000650804 0.002535939 0.000070728 0.000650868 0.999999762 0.007102025
0.999999881 0.000100615 -0.000414594 0.003024922 -0.000100610 1.000000000 0.000011446 -0.000468545 0.000414596 -0.000011405 0.999999940 -0.002091460
0.999999881 0.000433089 -0.000204878 -0.000912254 -0.000433175 0.999999821 -0.000421467 0.003345990 0.000204695 0.000421555 0.999999881 0.012052569
0.999999881 -0.000323943 -0.000391598 -0.001411500 0.000323751 0.999999821 -0.000489608 0.003243886 0.000391756 0.000489481 0.999999821 0.013299550
0.999999821 -0.000418764 -0.000369866 -0.001662882 0.000418562 0.999999762 -0.000547358 0.002941966 0.000370095 0.000547203 0.999999762 0.013828799
0.999999702 -0.000566077 -0.000492358 0.003952698 0.000566143 0.999999821 0.000135057 -0.000954600 0.000492281 -0.000135336 0.999999881 -0.003171038
0.999999881 -0.000400193 -0.000339844 0.003669342 0.000400029 0.999999821 -0.000481120 0.001639353 0.000340036 0.000480984 0.999999821 -0.000760070
0.999999881 0.000451456 0.000226879 -0.002293550 -0.000451316 0.999999702 -0.000619161 0.006829038 -0.000227159 0.000619058 0.999999762 0.018080458
1.000000000 0.000028292 0.000010565 0.004477419 -0.000028303 0.999999464 0.001033701 -0.001492850 -0.000010535 -0.001033701 0.999999464 -0.003783043
0.999999881 -0.000515580 -0.000038832 0.004500493 0.000515640 0.999998629 0.001559210 -0.001755565 0.000038028 -0.001559230 0.999998808 -0.003990127
0.999999046 -0.001343612 0.000241423 -0.004172636 0.001343722 0.999998987 -0.000456914 0.015366198 -0.000240809 0.000457238 0.999999881 0.029025482
0.999999523 -0.000814538 0.000483456 -0.005890306 0.000815142 0.999998868 -0.001250785 0.023362735 -0.000482437 0.001251179 0.999999106 0.036647238
0.999999940 -0.000249860 0.000323283 -0.005225783 0.000249866 0.999999940 -0.000018113 0.021794515 -0.000323278 0.000018194 0.999999940 0.034160674
0.999999940 -0.000089576 0.000333193 -0.004497018 0.000089596 1.000000000 -0.000059765 0.018369550 -0.000333187 0.000059795 0.999999940 0.029369449
0.999999821 0.000102171 0.000537528 -0.003581996 -0.000102153 1.000000000 -0.000033875 0.016241791 -0.000537531 0.000033821 0.999999881 0.026197290
0.999999583 -0.000900040 -0.000081546 0.005037942 0.000900169 0.999998331 0.001603801 -0.003425440 0.000080102 -0.001603874 0.999998689 -0.005121651
0.999999344 -0.001152295 -0.000047462 0.005057090 0.001152377 0.999997795 0.001761217 -0.003719549 0.000045432 -0.001761270 0.999998450 -0.005141390
0.999999344 -0.001150040 -0.000002425 0.005089567 0.001150043 0.999997675 0.001807949 -0.003973827 0.000000346 -0.001807950 0.999998391 -0.005153263
0.999999285 -0.001211385 -0.000021043 0.005107902 0.001211423 0.999997437 0.001897732 -0.004266272 0.000018744 -0.001897756 0.999998212 -0.005105348
0.999999344 -0.001145558 0.000111557 0.005149733 0.001145345 0.999997556 0.001888050 -0.004559424 -0.000113719 -0.001887921 0.999998212 -0.004971704
0.999997973 -0.001975278 0.000429644 0.005022939 0.001974090 0.999994278 0.002748104 -0.004872628 -0.000435069 -0.002747250 0.999996126 -0.004743389
0.999995053 -0.003041361 0.000829257 0.004865224 0.003038355 0.999988914 0.003602488 -0.005307658 -0.000840205 -0.003599950 0.999993145 -0.004401827
0.999995172 -0.002792305 0.001375074 0.003685448 0.002787808 0.999990821 0.003261317 -0.001032344 -0.001384168 -0.003257467 0.999993742 0.004778562
0.999992788 -0.003045067 0.002282007 0.004934182 0.003034848 0.999985397 0.004468136 -0.005842728 -0.002295580 -0.004461179 0.999987423 -0.003849252
0.999992371 -0.003288470 0.002119203 0.004809414 0.003278800 0.999984264 0.004550925 -0.006129730 -0.002134135 -0.004543942 0.999987423 -0.003609225
0.999996245 -0.001327084 0.002397657 0.005113416 0.001317537 0.999991238 0.003978937 -0.006312110 -0.002402917 -0.003975763 0.999989212 -0.003347691
0.999996364 -0.001372314 0.002318231 0.005055132 0.001363025 0.999991059 0.004003793 -0.006520213 -0.002323705 -0.004000619 0.999989271 -0.003138792
0.999998152 -0.000068312 0.001920917 0.004970157 0.000061953 0.999994516 0.003310285 -0.006934684 -0.001921132 -0.003310160 0.999992669 -0.002667330
0.999967396 0.007191969 0.003676033 0.004894237 -0.007204887 0.999967873 0.003513189 -0.007569640 -0.003650648 -0.003539560 0.999987066 -0.002351057
0.999918997 0.011289333 0.005875934 0.004595821 -0.011302351 0.999933720 0.002187120 -0.008743665 -0.005850854 -0.002253355 0.999980330 -0.002232847
0.999939263 0.009600806 0.005416481 0.004464244 -0.009588308 0.999951303 -0.002328658 -0.010990456 -0.005438575 0.002276581 0.999982595 -0.002312227
0.999969900 -0.007707926 -0.000918177 0.004377960 0.007695572 0.999888778 -0.012773870 -0.015344348 0.001016535 0.012766419 0.999917984 -0.002970284
0.999168396 -0.040036596 -0.007720141 0.004895903 0.039764017 0.998673499 -0.032711636 -0.022489926 0.009019563 0.032377448 0.999435008 -0.004411899
0.996863484 -0.078285336 -0.011599320 0.006185489 0.077500939 0.995350182 -0.057198230 -0.030932603 0.016023166 0.056119870 0.998295486 -0.006434205
0.993545413 -0.112273589 -0.016191948 0.006863970 0.110808477 0.991140544 -0.073224664 -0.038431577 0.024269693 0.070957825 0.997184038 -0.008636224
0.992096961 -0.124206439 -0.017786060 0.007548803 0.122679323 0.989957571 -0.070241295 -0.043086335 0.026331861 0.067504190 0.997371435 -0.010154394
0.993423462 -0.112696774 -0.020228999 0.010890028 0.111574210 0.992498696 -0.049975771 -0.060414989 0.025709363 0.047390070 0.998545527 -0.028460011
0.996059299 -0.086006492 -0.021649759 0.006513570 0.085380808 0.995945454 -0.028334150 -0.046133026 0.023998901 0.026374022 0.999364018 -0.011696881
0.998317122 -0.054080199 -0.020935783 0.005825154 0.053879771 0.998497128 -0.010022249 -0.047982205 0.021446323 0.008877367 0.999730587 -0.012517066
0.999394655 -0.029334681 -0.018701889 0.007945625 0.029323207 0.999569595 -0.000887517 -0.059880588 0.018719874 0.000338581 0.999824703 -0.025108717
0.999694586 -0.019059174 -0.015731232 0.005597524 0.018997617 0.999811292 -0.004053281 -0.057232093 0.015805515 0.003753187 0.999868035 -0.015087426
0.999639869 -0.021518804 -0.016033091 0.008395367 0.021321792 0.999696255 -0.012359183 -0.074105069 0.016294178 0.012012878 0.999795079 -0.029510384
0.999538064 -0.024265394 -0.018298514 0.010667591 0.024054915 0.999642909 -0.011636278 -0.094412163 0.018574338 0.011190733 0.999764860 -0.046721037
0.999573410 -0.019471316 -0.021768916 0.013791710 0.019521469 0.999807239 0.002093774 -0.114443786 0.021723952 -0.002517842 0.999760866 -0.064767458
0.999598622 -0.011731295 -0.025786063 0.014027726 0.012165427 0.999785781 0.016744062 -0.116331987 0.025584111 -0.017051041 0.999527276 -0.066976048
0.999611855 -0.003990223 -0.027572181 0.016117647 0.004602060 0.999743760 0.022162683 -0.139093056 0.027476683 -0.022280969 0.999374092 -0.085063860
0.999520183 -0.006509891 -0.030282110 0.018097635 0.006948093 0.999872327 0.014388016 -0.158867851 0.030184578 -0.014591516 0.999437809 -0.099403195
0.999278843 -0.019215204 -0.032750070 0.012221071 0.019155830 0.999814272 -0.002125760 -0.181188613 0.032784835 0.001496872 0.999461293 -0.099674873
0.998829186 -0.031870086 -0.036395006 0.013081356 0.031236079 0.999352515 -0.017858051 -0.204136759 0.036940575 0.016700305 0.999177933 -0.113051817
0.998508990 -0.037473302 -0.039693467 -0.006483615 0.036524933 0.999035954 -0.024354240 -0.249125615 0.040567838 0.022868125 0.998915076 -0.107338630
0.998391032 -0.033830129 -0.045506824 -0.006261686 0.032741912 0.999164760 -0.024450032 -0.267323524 0.046295960 0.022920711 0.998664796 -0.114509769
0.998246133 -0.029599074 -0.051269390 -0.005553356 0.028375428 0.999298692 -0.024432762 -0.286996216 0.051956624 0.022935120 0.998385966 -0.124418363
0.997765839 -0.035567977 -0.056553576 -0.004420066 0.033728547 0.998880982 -0.033154164 -0.309103161 0.057669517 0.031172622 0.997848928 -0.135760307
0.996828496 -0.051903691 -0.060323976 -0.010285311 0.049148317 0.997717917 -0.046296738 -0.322282463 0.062589280 0.043185085 0.997104645 -0.130203530
0.995718956 -0.065579668 -0.065139100 -0.009611372 0.061954781 0.996495843 -0.056192368 -0.344304979 0.068595916 0.051916130 0.996292770 -0.140360594
0.994942725 -0.070122384 -0.071915120 -0.008364843 0.065931700 0.996073544 -0.059080474 -0.366751611 0.075775608 0.054040201 0.995659411 -0.152992919
0.995240927 -0.060355328 -0.076503277 -0.014670118 0.056135312 0.996842325 -0.056162179 -0.389412016 0.079651386 0.051600367 0.995486319 -0.157052442
0.995999932 -0.045367248 -0.076979935 -0.020319609 0.042223513 0.998225570 -0.041986648 -0.471602857 0.078748152 0.038568337 0.996148169 -0.203798175
0.996378303 -0.037917145 -0.076108634 -0.019664938 0.034767099 0.998500049 -0.042295959 -0.493535817 0.077598214 0.039496701 0.996202052 -0.216952801
0.996410906 -0.038882244 -0.075189956 -0.017437361 0.034983259 0.998008251 -0.052495081 -0.508867979 0.077081315 0.049676280 0.995786488 -0.222415537
0.995819926 -0.051295456 -0.075573787 -0.015864035 0.046388064 0.996785641 -0.065319084 -0.534593284 0.078681439 0.061540328 0.994998515 -0.237478107
0.993941545 -0.075202800 -0.080154702 -0.016371273 0.068830140 0.994455338 -0.079504848 -0.555573165 0.085689262 0.073506102 0.993606687 -0.245696485
0.991677642 -0.095003895 -0.086888835 -0.015178442 0.087422408 0.992342532 -0.087255806 -0.579702199 0.094513133 0.078933597 0.992389441 -0.261330664
0.990708172 -0.100408979 -0.091735475 -0.013467511 0.092258327 0.991736233 -0.089149319 -0.599983573 0.099928789 0.079857595 0.991784751 -0.274891376
0.989893436 -0.104403034 -0.095973678 -0.011179673 0.095620468 0.991160631 -0.091963716 -0.615948915 0.104726620 0.081857227 0.991126478 -0.286506951
0.989872277 -0.109027945 -0.090916634 -0.018290745 0.099347077 0.989501894 -0.104958080 -0.608544528 0.101405546 0.094862796 0.990312040 -0.273438632
0.989917815 -0.115186669 -0.082430020 -0.014935428 0.104411073 0.986665130 -0.124860860 -0.619720399 0.095713139 0.114995383 0.988744199 -0.284223676
0.989607096 -0.121687934 -0.076614752 -0.012872389 0.110055089 0.983855784 -0.141122758 -0.624397337 0.092550799 0.131224245 0.987023056 -0.291738272
0.989969432 -0.120187424 -0.074266113 0.010410473 0.109294556 0.984592438 -0.136500522 -0.737841249 0.089527495 0.127014473 0.987852275 -0.309914112
0.991061985 -0.111122616 -0.073810197 0.011598649 0.101089679 0.986607730 -0.128008068 -0.734399617 0.087046303 0.119402483 0.989022732 -0.314154446
0.992943406 -0.092587329 -0.074100763 0.012409881 0.084096231 0.990312636 -0.110492863 -0.725235820 0.083613157 0.103481568 0.991110682 -0.315622777
0.995051503 -0.069511287 -0.070997611 -0.013537294 0.062270544 0.993081868 -0.099552654 -0.575597048 0.077426478 0.094638966 0.992496133 -0.271972507
0.995920420 -0.054781042 -0.071704946 -0.018517490 0.048725717 0.995304644 -0.083632834 -0.557271957 0.075949766 0.079797767 0.993913472 -0.249905273
0.996277452 -0.047833811 -0.071715713 -0.018271910 0.042282213 0.996132135 -0.077026144 -0.532128394 0.075122774 0.073707119 0.994446516 -0.241435349
0.996329248 -0.049441107 -0.069883041 -0.012606243 0.044062607 0.996094286 -0.076515533 -0.516729057 0.073393114 0.073155440 0.994616389 -0.232431054
0.996382356 -0.050596531 -0.068280645 -0.006033713 0.045129631 0.995823801 -0.079361677 -0.497056782 0.072010912 0.075993091 0.994504631 -0.221555769
0.997276723 -0.040559489 -0.061595779 -0.009030767 0.035650831 0.996252775 -0.078800201 -0.475437611 0.064561062 0.076389670 0.994985700 -0.213306472
0.997354150 -0.037530098 -0.062259275 0.011812762 0.033628125 0.997473300 -0.062578931 -0.591620088 0.064450562 0.060319696 0.996096194 -0.249563247
0.997621357 -0.033647019 -0.060161963 -0.001998673 0.029635485 0.997354805 -0.066371225 -0.435813636 0.062236018 0.064430423 0.995979607 -0.207825750
0.997745097 -0.028164551 -0.060921974 -0.001193332 0.024377465 0.997776091 -0.062037028 -0.413647830 0.062533736 0.060412019 0.996212780 -0.198089629
0.997953415 -0.023587739 -0.059436183 0.002553907 0.019885080 0.997869611 -0.062135618 -0.391165197 0.060775202 0.060826559 0.996296406 -0.192064807
0.998134255 -0.019490773 -0.057863016 0.002534085 0.015882580 0.997938871 -0.062175341 -0.366882622 0.058955599 0.061140321 0.996386528 -0.178829327
0.998557091 -0.008218684 -0.053067558 0.005510457 0.004978689 0.998131454 -0.060900144 -0.344586104 0.053468920 0.060548067 0.996732175 -0.173961654
0.998883545 0.002501874 -0.047174368 0.006225102 -0.005204299 0.998346269 -0.057250410 -0.320638061 0.046953123 0.057432003 0.997244716 -0.168968052
0.999057531 0.008599740 -0.042545129 0.009173187 -0.010986471 0.998359799 -0.056186970 -0.289764971 0.041992154 0.056601439 0.997513354 -0.155747175
0.999047041 0.013987281 -0.041345123 0.022961751 -0.015805451 0.998907328 -0.043980766 -0.416085482 0.040684778 0.044592332 0.998176455 -0.189471722
0.998816967 0.027235782 -0.040285278 0.024638740 -0.028779985 0.998853207 -0.038261861 -0.400648534 0.039196987 0.039376006 0.998455346 -0.187703356
0.998062253 0.045868438 -0.042045988 0.025606923 -0.047117826 0.998461843 -0.029221207 -0.390298605 0.040640980 0.031145699 0.998688281 -0.188433081
0.996973157 0.064470515 -0.043452356 0.025880197 -0.065236121 0.997734487 -0.016436614 -0.383748353 0.042294238 0.019221526 0.998920262 -0.185598001
0.996031523 0.075724803 -0.046764411 0.025889659 -0.076272093 0.997036576 -0.010029324 -0.387668967 0.045866363 0.013556344 0.998855591 -0.190795332
0.995848417 0.075870782 -0.050294600 0.026063951 -0.076607466 0.996978104 -0.012882481 -0.400129139 0.049165212 0.016681941 0.998651326 -0.198375493
0.996404767 0.063614525 -0.055953242 0.026206823 -0.065162413 0.997528374 -0.026286960 -0.420893759 0.054142714 0.029838499 0.998087287 -0.208247229
0.996874690 0.047908541 -0.062814206 0.026571842 -0.050600190 0.997836173 -0.041983731 -0.445152611 0.060666908 0.045030929 0.997141778 -0.221853971
0.996986508 0.039206583 -0.066938765 0.026932996 -0.042795803 0.997674108 -0.053055093 -0.473656029 0.064702965 0.055759907 0.996345520 -0.235096306
0.996840358 0.022292150 -0.076238900 0.014944091 -0.028683634 0.996070087 -0.083795309 -0.239368051 0.074071303 0.085717350 0.993562281 -0.105189063
0.996339917 0.005777721 -0.085284434 0.014923021 -0.013816595 0.995478868 -0.093972899 -0.271921009 0.084355898 0.094807290 0.991915166 -0.123778746
0.995313644 -0.019881552 -0.094633162 0.014303743 0.009198578 0.993664205 -0.112012677 -0.305967093 0.096260577 0.110617258 0.989190459 -0.142734215
0.993840158 -0.045849796 -0.100893676 0.013943662 0.031843197 0.990156233 -0.136296093 -0.339544505 0.106149659 0.132243752 0.985517025 -0.161581874
0.992101073 -0.067893527 -0.105479717 0.012666405 0.050694972 0.986147940 -0.157931134 -0.370983779 0.114741102 0.151336357 0.981800258 -0.178207085
0.990853548 -0.079831854 -0.108794160 0.009742054 0.061068818 0.984228790 -0.166025043 -0.398510337 0.120332427 0.157862574 0.980101764 -0.192267552
0.990344703 -0.081985146 -0.111784585 0.005463762 0.063956752 0.985641360 -0.156271249 -0.421468109 0.122991420 0.147613019 0.981368184 -0.204113871
0.989906192 -0.082570806 -0.115185678 0.000747182 0.065720126 0.987522900 -0.143106401 -0.440150499 0.125564903 0.134091914 0.982981622 -0.211334229
0.989767790 -0.085378498 -0.114325233 -0.006020986 0.068998635 0.987706363 -0.140268773 -0.400875419 0.124895699 0.130945235 0.983490944 -0.163555652
0.989086926 -0.093164593 -0.114137441 -0.009384470 0.075657398 0.985919356 -0.149127468 -0.416159660 0.126423717 0.138864681 0.982208550 -0.176053822
0.987876713 -0.107418165 -0.112075806 -0.011357958 0.088217944 0.982494593 -0.164079294 -0.426475704 0.127738968 0.152203009 0.980059683 -0.185201094
0.986458778 -0.117442608 -0.114482768 -0.011881859 0.095985889 0.979402125 -0.177646101 -0.430918634 0.132987887 0.164251834 0.977412701 -0.191712216
0.985697508 -0.117955178 -0.120361961 -0.010867318 0.094581053 0.978327751 -0.184198737 -0.430730939 0.139480650 0.170180291 0.975491583 -0.194731101
0.986842811 -0.102894805 -0.124715202 -0.006954202 0.079672270 0.980678260 -0.178668633 -0.425245702 0.140689567 0.166381523 0.975973189 -0.195181340
0.988739192 -0.082743436 -0.124693014 0.000674003 0.061168045 0.983908892 -0.167874366 -0.417427242 0.136577070 0.158356726 0.977890491 -0.191547379
0.989968181 -0.072033599 -0.121549241 0.009268374 0.052316658 0.986013293 -0.158242553 -0.408818454 0.131247953 0.150296032 0.979890347 -0.189994082
0.991814971 -0.065067984 -0.109860271 0.022959700 0.047696970 0.986929655 -0.153931528 -0.400784463 0.118440375 0.147431582 0.981955111 -0.186049193
0.993166924 -0.066103645 -0.096175842 0.043347985 0.053352982 0.990131915 -0.129584715 -0.638973594 0.103792794 0.123567984 0.986893117 -0.291597575
0.995389521 -0.062271159 -0.072952457 0.048511706 0.050548244 0.986969113 -0.152764142 -0.359789759 0.081514619 0.148372203 0.985566378 -0.148287356
0.996760666 -0.056754161 -0.056983199 0.080568679 0.049849842 0.991994619 -0.116024680 -0.622604311 0.063111909 0.112808235 0.991610408 -0.284553915
0.997908533 -0.051482346 -0.039090615 0.102880284 0.047078323 0.993223667 -0.106256254 -0.605905056 0.044296045 0.104193710 0.993570089 -0.282000661
0.998799801 -0.046426605 -0.015604415 0.129419416 0.044674192 0.994150221 -0.098334081 -0.589650750 0.020078449 0.097518943 0.995031118 -0.275660932
0.998716772 -0.050020933 0.007917985 0.152807280 0.050545208 0.994263649 -0.094260134 -0.582663536 -0.003157584 0.094539396 0.995516121 -0.281649083
0.997640848 -0.061288595 0.030926170 0.179085508 0.063881636 0.993770659 -0.091318332 -0.573932528 -0.025136748 0.093078516 0.995341420 -0.284137249
0.995991886 -0.076487049 0.046366461 0.203197315 0.080211744 0.993176639 -0.084653765 -0.561747849 -0.039575167 0.088033602 0.995331049 -0.285745025
0.994136810 -0.092246383 0.056414094 0.227384165 0.096426919 0.992394447 -0.076519087 -0.548578143 -0.048926424 0.081510276 0.995470881 -0.288805872
0.992329955 -0.102931648 0.068457142 0.245221108 0.107537031 0.991915047 -0.067381889 -0.543050289 -0.060967937 0.074226737 0.995375931 -0.299388707
0.990048826 -0.109232388 0.088722400 0.244883046 0.116907291 0.989370584 -0.086478859 -0.264741898 -0.078333043 0.095990583 0.992295206 -0.144369215
0.987971723 -0.109989308 0.108693324 0.264745027 0.119168945 0.989490211 -0.081902012 -0.257346332 -0.098542638 0.093869746 0.990695596 -0.152819201
0.986077666 -0.105269536 0.128721461 0.281015575 0.115579635 0.990430713 -0.075421095 -0.249680102 -0.119550146 0.089248642 0.988808572 -0.158614337
0.984247327 -0.104136199 0.142873660 0.294511795 0.114817858 0.991011262 -0.068655252 -0.243459925 -0.134439901 0.083978191 0.987356842 -0.161217287
0.982463896 -0.105060108 0.154035792 0.302573800 0.116373532 0.990987122 -0.066345483 -0.240286395 -0.145677224 0.083107725 0.985835314 -0.160281897
0.981453001 -0.105222538 0.160244152 0.307004571 0.117287561 0.990783036 -0.067768656 -0.239545718 -0.151636407 0.085306399 0.984748304 -0.159257039
0.981605530 -0.102088012 0.161333814 0.305005193 0.113962479 0.991282046 -0.066124998 -0.243080527 -0.153176740 0.083294667 0.984682143 -0.156583399
0.982939065 -0.093986511 0.158105299 0.296929657 0.104489550 0.992746472 -0.059467245 -0.247217134 -0.151369348 0.074973032 0.985629916 -0.145581767
0.984338999 -0.084135510 0.154912785 0.286474854 0.093484648 0.994151056 -0.054076698 -0.252318233 -0.149456933 0.067711771 0.986447036 -0.134200215
0.984379828 -0.080992810 0.156321898 0.267357528 0.091154046 0.994090140 -0.058955573 -0.243278399 -0.150623068 0.072284050 0.985945106 -0.086573318
0.983409584 -0.087942697 0.158655971 0.253926218 0.100762226 0.992106795 -0.074639395 -0.256366163 -0.150839686 0.089387625 0.984508634 -0.077616014
0.982320964 -0.096322544 0.160522461 0.238479123 0.111254044 0.989996910 -0.086767688 -0.269207001 -0.150559068 0.103092492 0.983211040 -0.067116655
0.981824279 -0.105919629 0.157486901 0.219959691 0.120470375 0.988994181 -0.085891910 -0.280736566 -0.146655992 0.103303261 0.983778656 -0.055081930
0.981775641 -0.114762202 0.151480108 0.199238569 0.127932310 0.988531649 -0.080239989 -0.291633457 -0.140534371 0.098156862 0.985198140 -0.042160269
0.981616676 -0.121934235 0.146835700 0.178832948 0.133883029 0.988199413 -0.074412934 -0.301222742 -0.136029467 0.092703782 0.986357927 -0.029686540
0.981075466 -0.129536837 0.143913701 0.158776239 0.141308874 0.987135947 -0.074796207 -0.310853332 -0.132373527 0.093717001 0.986759543 -0.019368136
0.980088413 -0.139821395 0.140984729 0.137500912 0.151546761 0.985513926 -0.076131001 -0.319068909 -0.128297672 0.095980898 0.987080216 -0.009119889
0.979657114 -0.149394095 0.133989945 0.115205623 0.160807788 0.983835757 -0.078791320 -0.327180564 -0.120053135 0.098735109 0.987845421 -0.001130200
0.979363739 -0.154987633 0.129713118 0.087903850 0.165705055 0.983218253 -0.076313347 -0.319454163 -0.115708679 0.096232638 0.988610506 0.032285627
0.980003893 -0.155065879 0.124687247 0.065587565 0.164475158 0.983962715 -0.069030814 -0.327380687 -0.111983277 0.088158421 0.989791811 0.033666484
0.980969489 -0.154618487 0.117439136 0.042644363 0.162289962 0.984990478 -0.058785930 -0.334349364 -0.106587037 0.076726392 0.991338611 0.034930844
0.982268333 -0.149614513 0.112979777 0.020171514 0.155692279 0.986687362 -0.046989486 -0.341371089 -0.104445405 0.063746363 0.992485523 0.034977645
0.983286262 -0.143729821 0.111757867 -0.001599268 0.148992345 0.988020301 -0.040213324 -0.349220604 -0.104639195 0.056192271 0.992921472 0.034764249
0.983642101 -0.140678093 0.112507455 -0.021814978 0.146019951 0.988444090 -0.040699050 -0.357576638 -0.105481870 0.056461632 0.992817044 0.034178868
0.983493984 -0.140849188 0.113583013 -0.040448889 0.147064641 0.987947106 -0.048296321 -0.364841133 -0.105411515 0.064203188 0.992353976 0.033689421
0.983267128 -0.141835257 0.114317849 -0.058488347 0.148693636 0.987416446 -0.053841826 -0.369473130 -0.105242655 0.069939226 0.991984129 0.033920214
0.984284520 -0.135012284 0.113822803 -0.074169770 0.141509727 0.988619983 -0.051044118 -0.370430142 -0.105635911 0.066348970 0.992188931 0.034426298
0.985969067 -0.123973340 0.111783758 -0.092796035 0.129652888 0.990536451 -0.045030028 -0.344972491 -0.105143368 0.058891304 0.992711782 0.058437183
0.987235963 -0.118358821 0.106566198 -0.099188909 0.122858733 0.991746187 -0.036678147 -0.367049664 -0.101345442 0.049302574 0.993628860 0.037147839
0.988232255 -0.110582367 0.105681084 -0.111248918 0.114593849 0.992875636 -0.032652941 -0.341252565 -0.101317339 0.044379089 0.993863821 0.055565905
0.988706350 -0.106603175 0.105335288 -0.114824265 0.109933019 0.993590653 -0.026311697 -0.336554170 -0.101855256 0.037594371 0.994088590 0.053529985
0.988883197 -0.103324905 0.106930025 -0.113235913 0.106816173 0.993900061 -0.027439304 -0.331249237 -0.103442602 0.038556121 0.993887842 0.051914074
0.988462806 -0.103827067 0.110277757 -0.109997146 0.108005010 0.993615806 -0.032596923 -0.324987769 -0.106189281 0.044131398 0.993366122 0.048586641
0.987941086 -0.102835186 0.115746908 -0.103565030 0.107586510 0.993559480 -0.035562627 -0.318124384 -0.111344345 0.047586583 0.992641926 0.044973530
0.987511337 -0.096951693 0.124184467 -0.093138359 0.101721331 0.994277120 -0.032645896 -0.310451686 -0.120308705 0.044870399 0.991721988 0.041370146
0.987226129 -0.091480523 0.130444869 -0.082514308 0.095772251 0.995036960 -0.027002770 -0.302895755 -0.127327248 0.039150838 0.991087794 0.037865847
0.986834228 -0.089835510 0.134490788 -0.072273746 0.093017757 0.995509684 -0.017554993 -0.285217643 -0.132309824 0.029833900 0.990759313 0.047126614
0.986137748 -0.083630018 0.143312335 -0.055865303 0.085982881 0.996243417 -0.010292953 -0.282239556 -0.141913176 0.022472674 0.989623964 0.040723432
0.984701753 -0.083616026 0.152875349 -0.036997780 0.086622767 0.996155024 -0.013102585 -0.280956447 -0.151191965 0.026144622 0.988158643 0.033995911
0.982141674 -0.093232676 0.163417831 -0.017036155 0.097905099 0.994979262 -0.020757254 -0.279364616 -0.160662100 0.036386002 0.986338556 0.027554320
0.979531586 -0.106997631 0.170497507 0.001742986 0.113289408 0.993179083 -0.027582452 -0.277031779 -0.166383296 0.046333440 0.984972000 0.020505106
0.977782369 -0.116860732 0.174026325 0.019300619 0.123222917 0.992033720 -0.026176531 -0.272140115 -0.169580981 0.047038984 0.984393001 0.011186570
0.977549195 -0.112693138 0.178038970 0.036270645 0.118255548 0.992762983 -0.020911396 -0.265860260 -0.174393937 0.041496012 0.983801246 0.001610527
0.977675021 -0.099621408 0.185005903 0.052566212 0.103001334 0.994642973 -0.008724598 -0.259702176 -0.183145672 0.027585676 0.982698679 -0.008716535
0.977728426 -0.088607170 0.190252140 0.067694046 0.089419685 0.995984614 0.004326952 -0.256346554 -0.189871594 0.012781698 0.981725752 -0.022466406
0.976715446 -0.081846096 0.198313251 0.083847322 0.081694163 0.996617138 0.008961966 -0.254258096 -0.198375896 0.007447744 0.980097711 -0.028758142
0.974734724 -0.076848835 0.209729493 0.102447905 0.078067482 0.996945024 0.002474532 -0.258350283 -0.209278941 0.013961037 0.977756321 -0.042947769
0.972049594 -0.079364486 0.220954403 0.123031743 0.084285073 0.996357977 -0.012915935 -0.264279068 -0.219124600 0.031178087 0.975198627 -0.056778774
0.969235837 -0.090127327 0.229039133 0.145339578 0.099169232 0.994669378 -0.028254971 -0.269346356 -0.225271672 0.050099365 0.973007083 -0.071548238
0.966992021 -0.100880474 0.233986288 0.167849585 0.113742664 0.992617548 -0.042107254 -0.271219194 -0.228011101 0.067331597 0.971327662 -0.085869148
0.964931011 -0.105499208 0.240370736 0.189882889 0.119813085 0.991744459 -0.045692403 -0.269028753 -0.233565822 0.072889574 0.969605148 -0.098068140
0.962821245 -0.101227164 0.250456333 0.211404026 0.116460025 0.992095590 -0.046727352 -0.262982309 -0.243746549 0.074158236 0.966999590 -0.107674837
0.960679054 -0.095574729 0.260693640 0.231131807 0.110535510 0.992928147 -0.043308731 -0.254986286 -0.254710823 0.070421696 0.964449704 -0.117146559
0.959397137 -0.092981070 0.266292393 0.247803926 0.106904566 0.993533492 -0.038244136 -0.246587738 -0.261014402 0.065159187 0.963133276 -0.125486806
0.958065212 -0.090008870 0.272046864 0.264773011 0.102585837 0.994198382 -0.032337271 -0.241669908 -0.267557919 0.058889367 0.961740494 -0.130434066
0.956375182 -0.092095122 0.277245462 0.273215353 0.103741854 0.994221091 -0.027604505 -0.237599596 -0.273101032 0.055162221 0.960402489 -0.136535451
0.954169750 -0.104317613 0.280495793 0.276139915 0.114772044 0.993168592 -0.021059293 -0.237566143 -0.276382774 0.052287217 0.959624231 -0.141196996
0.953044951 -0.116406552 0.279561788 0.273309141 0.126979530 0.991704762 -0.019946486 -0.241208449 -0.274920851 0.054508522 0.959920466 -0.142996296
0.954018652 -0.126423091 0.271782249 0.266213715 0.137698203 0.990213096 -0.022741955 -0.247425541 -0.266247243 0.059120174 0.962090015 -0.146045133
0.956121624 -0.133611381 0.260728747 0.254846752 0.145196497 0.989071608 -0.025598526 -0.254786611 -0.254459172 0.062332198 0.965072632 -0.147836342
0.958969474 -0.138719484 0.247253925 0.240762964 0.149932280 0.988327026 -0.027017789 -0.263483107 -0.240619838 0.062980577 0.968573987 -0.151163667
0.962272227 -0.145791963 0.229732245 0.223323017 0.157290444 0.987018824 -0.032458708 -0.273213387 -0.222017825 0.067368798 0.972712457 -0.152717203
0.964607656 -0.157740384 0.211305633 0.203252479 0.170481443 0.984405398 -0.043383747 -0.281913668 -0.201167032 0.077871978 0.976456761 -0.152829796
0.965178311 -0.175009340 0.194428787 0.185495079 0.189708352 0.980029881 -0.059600197 -0.290803730 -0.180115417 0.094409578 0.979104340 -0.145800442
0.964921176 -0.189591587 0.181609988 0.164123386 0.206507921 0.975242019 -0.079104573 -0.295321226 -0.162116140 0.113833576 0.980183780 -0.141810179
0.964755118 -0.199022517 0.172155768 0.142601997 0.217050478 0.971722782 -0.092973016 -0.294692636 -0.148783952 0.127062678 0.980672419 -0.135271311
0.965639114 -0.203359112 0.161821261 0.121369235 0.220889851 0.970284164 -0.098774239 -0.288687974 -0.136925951 0.131124943 0.981864333 -0.127446473
0.967835009 -0.198033780 0.155170768 0.101278663 0.214223295 0.972101867 -0.095532164 -0.278124183 -0.131923199 0.125700563 0.983257651 -0.117488466
0.970860600 -0.186976761 0.149898022 0.083302900 0.201413035 0.975580096 -0.087614045 -0.264581770 -0.129855752 0.115252435 0.984811842 -0.107288085
0.974228919 -0.174956679 0.142366409 0.067053221 0.186958134 0.979445577 -0.075716361 -0.247592539 -0.126193076 0.100381628 0.986913800 -0.096646629
0.977553368 -0.161054432 0.135833815 0.052779239 0.170583934 0.983413756 -0.061632320 -0.229377672 -0.123654678 0.083419949 0.988812745 -0.087478332
0.980105102 -0.149882704 0.130112216 0.039498352 0.157713264 0.986111343 -0.052066844 -0.210709542 -0.120501205 0.071551397 0.990131259 -0.077586524
0.981545985 -0.145351514 0.124259681 0.024138929 0.151816651 0.987420022 -0.044197895 -0.188644320 -0.116272256 0.062246948 0.991264880 -0.063638963
0.982756913 -0.136638939 0.124573924 0.015240603 0.142139733 0.989178896 -0.036351640 -0.169968963 -0.118258841 0.053431731 0.991544187 -0.055764932
0.983810306 -0.126363933 0.127080396 0.007815051 0.130478263 0.991147041 -0.024556378 -0.151448727 -0.122852318 0.040740050 0.991588414 -0.048107125
0.985054433 -0.112539217 0.130394414 0.001330291 0.114934519 0.993312538 -0.010967879 -0.133462504 -0.128288075 0.025790775 0.991401553 -0.041068416
0.986222208 -0.097164802 0.133883178 -0.003711163 0.097374000 0.995235324 0.005000169 -0.116748855 -0.133731097 0.008105461 0.990984499 -0.033847567
0.986774266 -0.079565912 0.141229659 -0.006808847 0.077925786 0.996812224 0.017114758 -0.101708345 -0.142141193 -0.005882971 0.989828885 -0.026608380
0.986514807 -0.072961785 0.146509856 -0.009728046 0.070559658 0.997275114 0.021533243 -0.089680761 -0.147681743 -0.010905177 0.988974810 -0.022199810
0.985398948 -0.071095400 0.154707164 -0.011792888 0.068751909 0.997424126 0.020452876 -0.079178259 -0.155762762 -0.009517830 0.987748623 -0.018149089
0.984184742 -0.073098861 0.161359832 -0.013308916 0.071292616 0.997311175 0.016963361 -0.070602521 -0.162165955 -0.005191317 0.986749828 -0.014832358
0.983104050 -0.076033480 0.166509181 -0.026036650 0.073899470 0.997084975 0.018983768 -0.054154947 -0.167467207 -0.006358081 0.985857129 0.003772454
0.982947648 -0.074354991 0.168182075 -0.015319549 0.070771888 0.997121394 0.027207993 -0.055170111 -0.169721007 -0.014841474 0.985380411 -0.011316498
0.983057559 -0.066732273 0.170718148 -0.016836621 0.060666978 0.997335792 0.040507451 -0.046834279 -0.172966465 -0.029464200 0.984486878 -0.010970373
0.983320713 -0.057218511 0.172645375 -0.018038740 0.047943693 0.997197986 0.057424992 -0.040007953 -0.175447389 -0.048189931 0.983308673 -0.009584748
0.983922184 -0.049798235 0.171514481 -0.018771213 0.038051702 0.996742547 0.071108319 -0.036979619 -0.174496859 -0.063438632 0.982612014 -0.007482373
0.984227836 -0.043746497 0.171411246 -0.019882342 0.031236369 0.996693194 0.075013362 -0.032832079 -0.174125999 -0.068475969 0.982339621 -0.006373489
0.984297395 -0.042165436 0.171407938 -0.020538840 0.030316398 0.997003555 0.071167871 -0.031209813 -0.173895150 -0.064853877 0.982626319 -0.004963109
0.983253121 -0.049490079 0.175396755 -0.031718697 0.040497646 0.997693002 0.054484867 -0.029307615 -0.177688584 -0.046469256 0.982989013 0.005646113
0.982766569 -0.056955099 0.175857946 -0.019904839 0.049883470 0.997768641 0.044377904 -0.031377591 -0.177993104 -0.034840714 0.983414769 -0.005485437
0.982341707 -0.061296560 0.176769674 -0.028996669 0.055431053 0.997741580 0.037935745 -0.028662600 -0.178695798 -0.027467337 0.983520925 0.004516145
0.982063472 -0.062925294 0.177740648 -0.028167695 0.058392964 0.997823894 0.030621970 -0.027945763 -0.179280773 -0.019693917 0.983600795 0.005865751
0.981848478 -0.061636340 0.179372758 -0.028518429 0.058304552 0.998015285 0.023792760 -0.027993938 -0.180483252 -0.012902638 0.983493447 0.005701967
0.981627643 -0.062264267 0.180361792 -0.028713018 0.060690742 0.998055100 0.014235077 -0.027872769 -0.180897340 -0.003027256 0.983497322 0.005675628
0.981728196 -0.060635138 0.180369377 -0.030091699 0.059181701 0.998156846 0.013433731 -0.025078995 -0.180851489 -0.002513708 0.983507216 0.005127129
0.981884897 -0.058482457 0.180227339 -0.026702007 0.057325888 0.998287857 0.011623675 -0.013270798 -0.180598557 -0.001081418 0.983556271 0.005288071
0.981757224 -0.060937949 0.180109173 -0.029982463 0.059612229 0.998139918 0.012769269 -0.025185818 -0.180552304 -0.001799612 0.983563721 0.005703638
0.981770396 -0.060508307 0.180182278 -0.029936280 0.059141945 0.998165548 0.012950771 -0.025077699 -0.180635363 -0.002058354 0.983547986 0.005892416
0.981755197 -0.060861979 0.180145785 -0.029514885 0.059500616 0.998144209 0.012956131 -0.025696827 -0.180600002 -0.002000966 0.983554602 0.002214165
0.981730044 -0.061781034 0.179970011 -0.029795727 0.060468070 0.998088360 0.012777735 -0.025546255 -0.180415407 -0.001661847 0.983589113 0.003118500
0.981768608 -0.061028380 0.180016354 -0.029889338 0.059703786 0.998134434 0.012772309 -0.025504310 -0.180459991 -0.001791796 0.983580709 0.005363858
0.981827557 -0.060797028 0.179773256 -0.030027436 0.059388950 0.998147488 0.013209401 -0.025610896 -0.180243328 -0.002292810 0.983619392 0.003914006
0.981899559 -0.060035340 0.179635808 -0.028822083 0.058644511 0.998193681 0.013047957 -0.025306355 -0.180094674 -0.002277130 0.983646631 0.003273723
0.981985390 -0.064556479 0.177587196 -0.020912442 0.063231349 0.997912705 0.013117329 -0.029018542 -0.178063318 -0.001651948 0.984017670 -0.006254352
0.982043564 -0.061699223 0.178279743 -0.020366307 0.060190689 0.998090625 0.013863241 -0.028517051 -0.178794697 -0.002883527 0.983882189 -0.006587320
0.981821358 -0.063349076 0.178923741 -0.030125571 0.062007569 0.997989893 0.013085913 -0.026212038 -0.179393068 -0.001753403 0.983775914 0.002602212
0.981818080 -0.062143501 0.179364115 -0.030449549 0.060750205 0.998064995 0.013255730 -0.028128557 -0.179840803 -0.002118309 0.983693421 0.000896387
0.981815696 -0.062058106 0.179406554 -0.032662887 0.060654558 0.998070180 0.013303569 -0.026694279 -0.179885924 -0.002179830 0.983685076 0.005768102
0.981822908 -0.062622510 0.179171026 -0.030679710 0.061260458 0.998035431 0.013130272 -0.028126443 -0.179641277 -0.001915503 0.983730316 0.000830884
0.981805980 -0.062213831 0.179405972 -0.030832456 0.060798541 0.998060346 0.013381857 -0.029129719 -0.179890528 -0.002230765 0.983684123 0.001388801
0.981796980 -0.063287236 0.179079369 -0.031103449 0.061928052 0.997993648 0.013175649 -0.028114742 -0.179553911 -0.001845776 0.983746409 0.003726884
0.981800318 -0.061688792 0.179617971 -0.030570926 0.060294796 0.998093128 0.013215311 -0.028471781 -0.180090696 -0.002144769 0.983647645 0.001654201
0.981774867 -0.063162319 0.179244742 -0.030898830 0.061772533 0.998001218 0.013330119 -0.027849305 -0.179728433 -0.002014774 0.983714223 0.001277891
0.981776178 -0.062259592 0.179553151 -0.030684466 0.060857616 0.998057663 0.013311408 -0.027994212 -0.180033177 -0.002141647 0.983658195 0.001628576
0.982036531 -0.062840700 0.177919373 -0.020723868 0.061406113 0.998020709 0.013563849 -0.029377334 -0.178419575 -0.002394857 0.983951569 -0.006068160
0.982021511 -0.062838487 0.178003162 -0.020827694 0.061394054 0.998020709 0.013616808 -0.028459888 -0.178506494 -0.002443664 0.983935714 -0.005315395
0.982031107 -0.062936187 0.177915648 -0.020342603 0.061484329 0.998014450 0.013667703 -0.029020425 -0.178422585 -0.002483085 0.983950794 -0.005510458
0.982015371 -0.062954620 0.177996024 -0.020643013 0.061560482 0.998014092 0.013350055 -0.029302629 -0.178482994 -0.002152439 0.983940661 -0.006216757
0.982030690 -0.062442437 0.178091794 -0.018868610 0.060994230 0.998045444 0.013600774 -0.030530259 -0.178592980 -0.002493808 0.983919859 -0.010555827
0.981780589 -0.062000148 0.179618627 -0.032631274 0.060619250 0.998074055 0.013171991 -0.027230220 -0.180089355 -0.002043659 0.983648121 0.004923142
0.981807470 -0.062567860 0.179274634 -0.030831520 0.061257854 0.998039365 0.012839363 -0.028233739 -0.179726467 -0.001623805 0.983715296 0.002623456
0.981808722 -0.062458336 0.179305837 -0.032972824 0.061095320 0.998045743 0.013119224 -0.027120685 -0.179774836 -0.001925822 0.983705878 0.006161598
0.981793225 -0.061486837 0.179726124 -0.031947020 0.060098361 0.998105645 0.013165557 -0.027502054 -0.180195153 -0.002124609 0.983628571 0.004405500
0.981797397 -0.062611654 0.179314479 -0.030632550 0.061253030 0.998036206 0.013108976 -0.027940860 -0.179783121 -0.001886804 0.983704448 0.003291616
0.981777608 -0.062772691 0.179366499 -0.030336641 0.061433859 0.998026311 0.013014770 -0.028255677 -0.179829448 -0.001758436 0.983696222 0.003596698
0.981767714 -0.062289286 0.179589003 -0.031795230 0.060989741 0.998056889 0.012754103 -0.026421072 -0.180034488 -0.001568480 0.983659029 0.006483512
0.981783509 -0.062910758 0.179285735 -0.030631352 0.061553873 0.998017430 0.013126841 -0.027553691 -0.179756105 -0.001851986 0.983709455 0.005829955
0.981860399 -0.062189739 0.179116234 -0.031109916 0.060872693 0.998062909 0.012845209 -0.025732784 -0.179568097 -0.001708916 0.983744085 0.005651406
0.981793702 -0.062234048 0.179465890 -0.031844303 0.060826380 0.998059213 0.013341293 -0.026927605 -0.179947853 -0.002182139 0.983673751 0.005425771
0.981851816 -0.063068025 0.178855851 -0.027318018 0.061614316 0.998006344 0.013676725 -0.031470478 -0.179361835 -0.002408436 0.983780205 0.004849758
0.981830955 -0.062271170 0.179249331 -0.031490684 0.060918100 0.998057485 0.013048475 -0.026842238 -0.179713681 -0.001891867 0.983717144 0.007001909
0.982026517 -0.063328020 0.177801698 -0.020679932 0.061915170 0.997990251 0.013489219 -0.029355919 -0.178298622 -0.002238152 0.983973861 -0.004900000
0.981786311 -0.061915036 0.179616719 -0.031816155 0.060753856 0.998081088 0.011963917 -0.021421045 -0.180012792 -0.000833602 0.983663917 0.011943144
0.981811225 -0.062822036 0.179164961 -0.031517833 0.061484508 0.998023212 0.013014100 -0.026228875 -0.179628357 -0.001761520 0.983732939 0.006226411
0.981784880 -0.062546998 0.179405510 -0.031798162 0.061192505 0.998040259 0.013079563 -0.026664359 -0.179872006 -0.001863045 0.983688235 0.004857319
0.981813431 -0.062855646 0.179141030 -0.031556569 0.061541080 0.998021305 0.012891568 -0.026016714 -0.179596856 -0.001632584 0.983738959 0.008522403
0.981847823 -0.063450001 0.178742841 -0.029246375 0.062112488 0.997983515 0.013074921 -0.026975824 -0.179212019 -0.001735421 0.983808935 0.004931432
0.981809556 -0.062841751 0.179167241 -0.032072563 0.061479151 0.998021722 0.013153128 -0.026674608 -0.179639369 -0.001898819 0.983730674 0.007003091
0.981813133 -0.062476501 0.179275423 -0.031512212 0.061109781 0.998044550 0.013141476 -0.026483515 -0.179745883 -0.001946991 0.983711123 0.007783333
0.981804788 -0.062600754 0.179277822 -0.031979661 0.061235663 0.998036802 0.013143780 -0.026681181 -0.179748669 -0.001926430 0.983710706 0.007673644
0.981809735 -0.061670233 0.179572746 -0.032055542 0.060254704 0.998094022 0.013331821 -0.018458530 -0.180052653 -0.002269211 0.983654380 0.013276078
