1.000000000 0.000000000 0.000000000 0.000000000 0.000000000 1.000000000 0.000000000 -0.000000358 0.000000000 0.000000000 1.000000000 0.000000715
0.999986827 0.001405042 0.004932697 0.002009058 -0.001421916 0.999993145 0.003419051 -0.001812558 -0.004927860 -0.003426020 0.999981999 -0.000952348
0.999971032 0.001047315 0.007537865 0.004378388 -0.001095918 0.999978602 0.006446593 -0.004670481 -0.007530951 -0.006454667 0.999950826 -0.003360925
0.999939680 -0.000005689 0.010984267 0.008057757 -0.000097284 0.999956071 0.009373979 -0.009118663 -0.010983839 -0.009374482 0.999895751 -0.005136480
0.999864876 -0.000723139 0.016423328 0.012441160 0.000539153 0.999937057 0.011204406 -0.014839639 -0.016430398 -0.011194036 0.999802351 -0.006982184
0.999767900 -0.001231020 0.021510242 0.017307693 0.000956507 0.999918044 0.012767602 -0.022367395 -0.021524196 -0.012744064 0.999687076 -0.010084693
0.999645054 -0.001282361 0.026611594 0.022431854 0.000915880 0.999904633 0.013779112 -0.030570168 -0.026626727 -0.013749848 0.999550879 -0.012207272
0.999524415 -0.001388644 0.030806733 0.027741728 0.000886335 0.999866545 0.016312847 -0.039024476 -0.030825274 -0.016277784 0.999392211 -0.014339479
0.999375224 0.000475750 0.035340033 0.033220902 -0.001230906 0.999771297 0.021349592 -0.047381546 -0.035321794 -0.021379752 0.999147296 -0.017348099
0.999247313 0.001292990 0.038770806 0.038363677 -0.002367706 0.999613822 0.027686646 -0.054493368 -0.038720038 -0.027757606 0.998864472 -0.020467743
0.999170601 0.000239177 0.040719200 0.044078879 -0.001614360 0.999429226 0.033742826 -0.062008321 -0.040687885 -0.033780579 0.998600721 -0.023805890
0.998943746 -0.000699548 0.045944102 0.047892876 -0.001065533 0.999262571 0.038382281 -0.070136324 -0.045937069 -0.038390692 0.998206377 -0.026181160
0.998603880 -0.000702109 0.052817978 0.051078927 -0.001292435 0.999287546 0.037718948 -0.079462387 -0.052806832 -0.037734549 0.997891545 -0.028867416
0.998159766 0.004162997 0.060495742 0.054181591 -0.006283620 0.999370813 0.034906249 -0.091625027 -0.060312368 -0.035222147 0.997557938 -0.032435149
0.997761607 0.005875425 0.066612765 0.056529097 -0.007999313 0.999466598 0.031662337 -0.106252164 -0.066391200 -0.032124318 0.997276425 -0.037502311
0.997545362 0.005504272 0.069806516 0.058790866 -0.007749166 0.999460101 0.031928886 -0.123005748 -0.069593087 -0.032391455 0.997049451 -0.041297574
0.997209013 0.006396882 0.074385941 0.060583241 -0.009292483 0.999209762 0.038646020 -0.142041758 -0.074079946 -0.039229393 0.996480405 -0.045579027
0.996764541 0.008183930 0.079959452 0.062578321 -0.011837553 0.998902082 0.045326829 -0.162425548 -0.079500705 -0.046126701 0.995766997 -0.049784992
0.995936394 0.012224276 0.089225635 0.064273171 -0.016431049 0.998780072 0.046566419 -0.184005529 -0.088547543 -0.047843263 0.994922280 -0.053623866
0.994867921 0.018245455 0.099523664 0.065471582 -0.022613406 0.998821795 0.042938489 -0.207075074 -0.098622963 -0.044968691 0.994108319 -0.057529751
0.994185627 0.018931745 0.106002301 0.065795533 -0.022580905 0.999189258 0.033331510 -0.230476663 -0.105285332 -0.035531338 0.993807077 -0.061016370
0.993260264 0.024571372 0.113271073 0.066334419 -0.027057031 0.999424517 0.020459265 -0.252805889 -0.112703174 -0.023386154 0.993353426 -0.064694092
0.992181778 0.031566650 0.120742850 0.066109173 -0.032969147 0.999409914 0.009635033 -0.274729878 -0.120367460 -0.013540493 0.992637038 -0.067355178
0.990998566 0.039708003 0.127847910 0.065932892 -0.040189065 0.999191403 0.001184324 -0.294249922 -0.127697498 -0.006311751 0.991793096 -0.071656980
0.990344286 0.043117885 0.131753922 0.065147474 -0.043040369 0.999067426 -0.003437414 -0.315621823 -0.131779253 -0.002266513 0.991276503 -0.078110941
0.989913702 0.044128682 0.134623483 0.064178027 -0.043612551 0.999025524 -0.006781980 -0.333519191 -0.134791568 0.000842302 0.990873635 -0.082493126
0.989459395 0.044560097 0.137784466 0.064766817 -0.043912090 0.999005437 -0.007740715 -0.346526325 -0.137992367 0.001608720 0.990431964 -0.085320108
0.988905728 0.043911655 0.141905740 0.065862127 -0.043599959 0.999035001 -0.005306527 -0.355396867 -0.142001823 -0.000939429 0.989865959 -0.090329282
0.988598764 0.039558209 0.145284548 0.067343272 -0.039895885 0.999203682 -0.000589788 -0.356613219 -0.145192191 -0.005213192 0.989389718 -0.090906054
0.988572955 0.036065817 0.146365047 0.069300182 -0.037316263 0.999286652 0.005805781 -0.350055307 -0.146051258 -0.011201235 0.989213586 -0.089200012
0.988749623 0.032075468 0.146100670 0.073967688 -0.034547146 0.999299169 0.014411223 -0.335150778 -0.145536035 -0.019296452 0.989164770 -0.084734261
0.989423871 0.025540626 0.142786786 0.075578660 -0.029540127 0.999226391 0.025960660 -0.313958168 -0.142013267 -0.029904036 0.989412963 -0.080400661
0.989943683 0.017936019 0.140320167 0.076912105 -0.024026757 0.998835683 0.041832916 -0.288108855 -0.139406487 -0.044783674 0.989222050 -0.075145431
0.990039289 0.010498465 0.140399531 0.081376083 -0.019401852 0.997875273 0.062197056 -0.260472298 -0.139448240 -0.064301535 0.988139391 -0.067603834
0.990016758 0.002345289 0.140929997 0.082673877 -0.014473789 0.996267498 0.085097276 -0.231491417 -0.140204400 -0.086287521 0.986355484 -0.061992545
0.989942610 -0.004965146 0.141382292 0.083580606 -0.010531360 0.994024515 0.108648114 -0.202730045 -0.141076908 -0.109044351 0.983974934 -0.056953080
0.990139246 -0.013805190 0.139404610 0.086239591 -0.004761103 0.991241157 0.131978631 -0.175930366 -0.140005574 -0.131340951 0.981401026 -0.051843688
0.990662217 -0.021123938 0.134692818 0.086384952 0.000413915 0.988385856 0.151964694 -0.152120352 -0.136338562 -0.150489926 0.979165256 -0.048004828
0.990851939 -0.026179023 0.132390067 0.086732544 0.003513782 0.985676408 0.168610930 -0.131648883 -0.134907827 -0.166603267 0.976751387 -0.045359518
0.991520286 -0.029730452 0.126505658 0.088419080 0.006610727 0.983757257 0.179382339 -0.116239712 -0.129783973 -0.177024916 0.975611746 -0.044418365
0.992168665 -0.027851766 0.121760517 0.088852651 0.004985364 0.982875824 0.184201792 -0.103550926 -0.124805808 -0.182152227 0.975317419 -0.043727409
0.992368579 -0.021306284 0.121452279 0.089409605 -0.001547461 0.982729137 0.185043499 -0.096002668 -0.123297282 -0.183819309 0.975196540 -0.043849759
0.992545545 -0.012552952 0.121225886 0.089921393 -0.010052646 0.982859492 0.184081942 -0.094715565 -0.121458791 -0.183928370 0.975406647 -0.045988694
0.992671967 -0.004457201 0.120758079 0.090190008 -0.017870262 0.982917130 0.183179215 -0.099908188 -0.119511642 -0.183994845 0.975634575 -0.048485409
0.992937624 0.001543762 0.118627645 0.090156004 -0.023329150 0.982933044 0.182478368 -0.111913823 -0.116321333 -0.183957130 0.976027250 -0.052317269
0.993280292 0.005894255 0.115583353 0.089514680 -0.026872713 0.983153164 0.180797517 -0.130138949 -0.112570472 -0.182688653 0.976705074 -0.058713533
0.993369758 0.010366078 0.114494786 0.089138038 -0.030408837 0.984147012 0.174728304 -0.153528780 -0.110868454 -0.177051455 0.977937102 -0.064625897
0.993435681 0.012333561 0.113725096 0.088620700 -0.030958764 0.986057639 0.163498998 -0.180618033 -0.110122979 -0.165946543 0.979966700 -0.070753999
0.993328393 0.013757504 0.114496328 0.088049658 -0.030704893 0.988570213 0.147601098 -0.210659355 -0.111157037 -0.150131971 0.982397318 -0.077591874
0.993168175 0.015984736 0.115591854 0.087687477 -0.030709997 0.991458416 0.126756266 -0.241155788 -0.112578347 -0.129440114 0.985175788 -0.083342180
0.993047774 0.020206653 0.115964524 0.087438926 -0.032273103 0.994143307 0.103138655 -0.272513062 -0.113201268 -0.106164142 0.987883925 -0.089001775
0.992954493 0.024622791 0.115909636 0.088147730 -0.033702713 0.996458232 0.077039994 -0.301639229 -0.113602176 -0.080403678 0.990267515 -0.095989957
0.993026972 0.025603831 0.115073279 0.087821007 -0.031872086 0.998087585 0.052966051 -0.331739545 -0.113497078 -0.056264341 0.991943896 -0.102418013
0.992881596 0.026370244 0.116149507 0.088004470 -0.030246036 0.999038637 0.031733606 -0.358817667 -0.115201019 -0.035020772 0.992724657 -0.108363926
0.992806852 0.023935471 0.117309928 0.089269646 -0.025697261 0.999578238 0.013528624 -0.382339835 -0.116936639 -0.016445855 0.993003190 -0.114118412
0.992522597 0.024849605 0.119504735 0.089982152 -0.024891898 0.999689519 -0.001139029 -0.398378074 -0.119495928 -0.001844187 0.992832959 -0.117221572
0.992286801 0.024021264 0.121613763 0.090667151 -0.022876441 0.999679923 -0.010801275 -0.406553149 -0.121834300 0.007935873 0.992518723 -0.118245743
0.991840184 0.022553939 0.125476539 0.091945052 -0.021057162 0.999690592 -0.013242493 -0.410719484 -0.125736386 0.010492257 0.992008209 -0.121036008
0.991805077 0.021903012 0.125868976 0.093239792 -0.021015454 0.999744058 -0.008375166 -0.402088732 -0.126020193 0.005661339 0.992011547 -0.117744803
0.992063582 0.019498184 0.124216020 0.094189756 -0.019847829 0.999801755 0.001577820 -0.386174560 -0.124160632 -0.004030716 0.992253959 -0.112759352
0.992305398 0.019165935 0.122321747 0.097237140 -0.021043809 0.999679446 0.014078408 -0.362748981 -0.122012712 -0.016544197 0.992390633 -0.103114739
0.992494464 0.019378185 0.120744333 0.097942546 -0.022699255 0.999399245 0.026190400 -0.337678462 -0.120164275 -0.028734636 0.992338061 -0.096428223
0.992507398 0.020806488 0.120399885 0.098343529 -0.025542688 0.998953938 0.037928462 -0.310643137 -0.119484790 -0.040719613 0.992000639 -0.089718863
0.993034720 0.018538967 0.116354264 0.099435836 -0.024627876 0.998389184 0.051113158 -0.284549832 -0.115219258 -0.053622700 0.991891682 -0.083196282
0.993577838 0.015650187 0.112062909 0.098305106 -0.023261625 0.997485876 0.066939160 -0.256043941 -0.110733561 -0.069116026 0.991443932 -0.077197365
0.993994653 0.010781158 0.108896241 0.096858047 -0.020337680 0.995997846 0.087032720 -0.227318034 -0.107522100 -0.088724762 0.990235806 -0.071369879
0.994421780 0.004742953 0.105369993 0.095935635 -0.016236736 0.993964672 0.108492337 -0.198927835 -0.104219474 -0.109598003 0.988497138 -0.064398766
0.994723022 -0.002103961 0.102575332 0.093707651 -0.011049093 0.991778135 0.127491206 -0.172252744 -0.102000207 -0.127951801 0.986521304 -0.059282538
0.994850993 -0.007126676 0.101097263 0.091608159 -0.007317417 0.989870191 0.141786486 -0.147741586 -0.101083644 -0.141796201 0.984721243 -0.054809999
0.995206833 -0.012638390 0.096972249 0.090501979 -0.002260591 0.988375604 0.152014956 -0.126981661 -0.097766228 -0.151505545 0.983609617 -0.049441732
0.995498180 -0.010892684 0.094152682 0.089711547 -0.004290374 0.987177074 0.159571305 -0.110597640 -0.094683535 -0.159256890 0.982686281 -0.046687271
0.995407701 -0.003799196 0.095650531 0.089761510 -0.012254991 0.985932350 0.166694999 -0.100496083 -0.094938256 -0.167101681 0.981358111 -0.045434896
0.995333493 -0.000943145 0.096490242 0.087771848 -0.015833316 0.984802842 0.172952637 -0.099622086 -0.095186986 -0.173673317 0.980192363 -0.047073446
0.995333850 0.003979696 0.096409194 0.087785318 -0.021443229 0.983287632 0.180791736 -0.104794845 -0.094078474 -0.182015449 0.978784740 -0.049271215
0.995473146 0.004822392 0.094921097 0.087310247 -0.022411749 0.982458949 0.185127363 -0.118553035 -0.092363328 -0.186416671 0.978119552 -0.053534493
0.995565295 0.006863785 0.093822360 0.088870630 -0.024219714 0.982415795 0.185128763 -0.136865616 -0.090901881 -0.186580136 0.978225291 -0.058205791
0.995300174 0.009676634 0.096352957 0.088830777 -0.026853420 0.983553171 0.178611338 -0.162026227 -0.093039908 -0.180359304 0.979190528 -0.064339951
0.994448364 0.013280347 0.104384527 0.089532994 -0.030830890 0.985241354 0.168371513 -0.190816849 -0.100607917 -0.170655027 0.980181038 -0.069955513
0.992894292 0.021147912 0.117105342 0.090676412 -0.039265878 0.987189353 0.154645994 -0.221496940 -0.112334706 -0.158145383 0.981005073 -0.074879237
0.991604149 0.025785148 0.126713634 0.091208719 -0.043552391 0.989261687 0.139515162 -0.254109234 -0.121755533 -0.143862486 0.982079029 -0.080933943
0.990486741 0.032471307 0.133722216 0.090860397 -0.049306877 0.990983546 0.124581203 -0.287844151 -0.128471196 -0.129989460 0.983157098 -0.087972105
0.990628898 0.020969719 0.134961471 0.088831216 -0.036263775 0.993059576 0.111882031 -0.324605465 -0.131678656 -0.115727782 0.984513998 -0.097467810
0.990194261 0.017668171 0.138575524 0.087913349 -0.032435350 0.993938744 0.105041750 -0.358272821 -0.135879695 -0.108506478 0.984765470 -0.104835585
0.989901006 0.008103750 0.141528711 0.086479187 -0.022338845 0.994808316 0.099284217 -0.391046017 -0.139989361 -0.101443127 0.984942794 -0.112461880
0.989672303 0.002190016 0.143331558 0.085897148 -0.015620003 0.995577037 0.092640840 -0.421273947 -0.142494738 -0.093922906 0.985329270 -0.120426521
0.989768684 -0.005341892 0.142581403 0.084495761 -0.006656968 0.996481776 0.083544955 -0.446632445 -0.142526060 -0.083639339 0.986250877 -0.127547786
0.990097642 -0.005622910 0.140267804 0.083684817 -0.004598152 0.997362316 0.072437853 -0.463553756 -0.140305147 -0.072365522 0.987460256 -0.133116007
0.989991963 0.001559330 0.141115338 0.084559344 -0.010253759 0.998090804 0.060906112 -0.471620739 -0.140750945 -0.061743520 0.988117874 -0.136559457
0.989318550 0.011863970 0.145286173 0.085835963 -0.019488068 0.998499990 0.051166143 -0.470972508 -0.144461215 -0.053450961 0.988065779 -0.136565343
0.988597095 0.022735534 0.148858562 0.087129422 -0.029623048 0.998582721 0.044216130 -0.462148547 -0.147642300 -0.048121583 0.987869442 -0.134054467
0.987898946 0.030397143 0.152091056 0.088044174 -0.037334424 0.998378694 0.042966224 -0.446155965 -0.150538415 -0.048124522 0.987432122 -0.129666924
0.987547815 0.035165608 0.153338462 0.088461667 -0.042520076 0.998084009 0.044948809 -0.423068166 -0.151464015 -0.050909065 0.987150908 -0.122981906
0.986620009 0.042120460 0.157501772 0.089395471 -0.050225053 0.997591734 0.047834519 -0.395079166 -0.155107662 -0.055105027 0.986359477 -0.114826180
0.986031771 0.043714914 0.160718083 0.091355331 -0.052572120 0.997299850 0.051275544 -0.364982426 -0.158042610 -0.059008606 0.985667527 -0.106043160
0.984735548 0.046511699 0.167727560 0.092788436 -0.056514975 0.996865392 0.055365983 -0.333349407 -0.164626628 -0.063999973 0.984277427 -0.096637882
0.984218478 0.044426210 0.171290249 0.093458340 -0.055565953 0.996602356 0.060796037 -0.300627828 -0.168007314 -0.069354489 0.983343005 -0.087766163
0.984378397 0.035605568 0.172427952 0.095290408 -0.048614819 0.996232092 0.071821131 -0.267580390 -0.169221014 -0.079081722 0.982400298 -0.078536868
0.986195683 0.024376724 0.163779721 0.094369680 -0.038707953 0.995638192 0.084889755 -0.234208435 -0.160996005 -0.090057492 0.982837677 -0.071506172
0.987642229 0.013495281 0.156143188 0.093810767 -0.029459864 0.994512320 0.100385964 -0.202087238 -0.153931588 -0.103745371 0.982619941 -0.065693989
0.988913238 0.003086359 0.148462385 0.095200755 -0.020599034 0.992969036 0.116568238 -0.172016352 -0.147058785 -0.118334055 0.982023835 -0.059696756
0.989861310 -0.006447543 0.141890988 0.094980635 -0.012417785 0.991215825 0.131670058 -0.145555973 -0.141493544 -0.132097065 0.981086135 -0.055235453
0.990097165 -0.015770419 0.139495209 0.095068239 -0.004833006 0.989251852 0.146141678 -0.123972952 -0.140300617 -0.145368636 0.979379237 -0.051269013
0.990325749 -0.021850348 0.137030870 0.096292853 -0.000593481 0.986848354 0.161647663 -0.109711610 -0.138760746 -0.160165176 0.977288365 -0.049290240
0.990392685 -0.023175374 0.136327863 0.096710898 -0.000927379 0.984720945 0.174137160 -0.102588199 -0.138280600 -0.172590598 0.975238919 -0.049358964
0.990724385 -0.023392096 0.133857936 0.097267807 -0.001511657 0.983113527 0.182990432 -0.104510330 -0.135878086 -0.181495428 0.973959208 -0.051975328
0.991321266 -0.023696885 0.129308268 0.096911445 -0.001026901 0.982193708 0.187868252 -0.115228549 -0.131457672 -0.186370566 0.973645151 -0.056497738
0.991751134 -0.021579001 0.126349062 0.096889921 -0.002482693 0.982308269 0.187254593 -0.134690240 -0.128154486 -0.186023638 0.974151731 -0.062899113
0.992242455 -0.018561257 0.122924097 0.096902020 -0.004080296 0.983395994 0.181426689 -0.160342947 -0.124250568 -0.180520847 0.975691557 -0.070554838
0.992131233 -0.006530139 0.125031784 0.097552672 -0.015504935 0.984543443 0.174452737 -0.188031465 -0.124238431 -0.175018623 0.976695061 -0.074839562
0.991406858 0.001987785 0.130799249 0.097291067 -0.023813767 0.985919595 0.165515751 -0.221791670 -0.128628537 -0.167208284 0.977494776 -0.083494440
0.990499079 0.008054089 0.137283340 0.096756577 -0.029750593 0.987192631 0.156734258 -0.257373720 -0.134262756 -0.159329385 0.978052974 -0.091784000
0.989932597 0.009156386 0.141243026 0.092711002 -0.030381825 0.988390982 0.148863092 -0.294508517 -0.138240293 -0.151655659 0.978718638 -0.103809103
0.990090549 0.009211798 0.140128180 0.090496719 -0.029583864 0.989134848 0.144003808 -0.327730983 -0.137279138 -0.146722347 0.979605556 -0.111510381
0.990226686 0.007796708 0.139249325 0.088056855 -0.027295664 0.989961684 0.138675377 -0.358683765 -0.136770278 -0.141120955 0.980499268 -0.118827775
0.990148425 0.005721157 0.139904842 0.087489441 -0.023920527 0.991388321 0.128751665 -0.386882037 -0.137963429 -0.130829871 0.981758416 -0.123019986
0.989683509 0.002114162 0.143255204 0.085529983 -0.018479533 0.993422508 0.113005571 -0.414022833 -0.142074019 -0.114487045 0.983212948 -0.128384054
0.989224315 -0.003132742 0.146374509 0.083668783 -0.010432008 0.995721698 0.091811992 -0.437620521 -0.146035895 -0.092349626 0.984959424 -0.132489279
0.989448726 -0.010897684 0.144473150 0.081824943 0.000826469 0.997575521 0.069587424 -0.456140548 -0.144881234 -0.068733782 0.987058818 -0.135510057
0.989112020 -0.010959157 0.146756023 0.080702849 0.003578658 0.998719633 0.050460838 -0.467022479 -0.147121131 -0.049386233 0.987884820 -0.136453018
0.988786519 -0.006624721 0.149189100 0.080508299 0.001149817 0.999323666 0.036754139 -0.469349056 -0.149331674 -0.036170453 0.988125384 -0.135718837
0.988252580 0.003489143 0.152789801 0.081302725 -0.008416627 0.999464691 0.031615186 -0.463916957 -0.152597696 -0.032529760 0.987752855 -0.133467376
0.987675965 0.012587144 0.156005546 0.082566589 -0.018064296 0.999267340 0.033740785 -0.449493259 -0.155466542 -0.036143091 0.987179756 -0.129213035
0.987610161 0.016833853 0.156021848 0.083404057 -0.023503352 0.998882592 0.041001339 -0.428621769 -0.155157313 -0.044160377 0.986902237 -0.123422839
0.987577260 0.017904703 0.156110868 0.083995774 -0.026044201 0.998396993 0.050250579 -0.404027313 -0.154960915 -0.053692114 0.986460507 -0.116530806
0.987289310 0.016802762 0.158042818 0.084821142 -0.026523437 0.997869909 0.059599910 -0.376025736 -0.156704724 -0.063034192 0.985631943 -0.108217232
0.986487269 0.018376203 0.162804261 0.086504959 -0.030151920 0.997080147 0.070157491 -0.346738517 -0.161039665 -0.074118324 0.984160900 -0.099403314
0.985350847 0.019392379 0.169433206 0.089295551 -0.033607312 0.996111751 0.081436321 -0.316408992 -0.167195171 -0.085937545 0.982171357 -0.090433598
0.985207200 0.018886335 0.170323431 0.090572461 -0.035353918 0.994927645 0.094176121 -0.286356479 -0.167680830 -0.098804586 0.980877578 -0.081747547
0.985169351 0.014717267 0.170952424 0.091887780 -0.033418942 0.993692815 0.107040755 -0.257148623 -0.168298855 -0.111166321 0.979447603 -0.073687993
0.986305892 -0.001972229 0.164914668 0.092732400 -0.017757762 0.992845595 0.118077464 -0.230698019 -0.163967669 -0.119389005 0.979214430 -0.065084122
0.987726450 -0.019090779 0.155022413 0.092240155 -0.000702294 0.991949558 0.126631767 -0.206475765 -0.156191915 -0.125186414 0.979761422 -0.058410633
0.988812029 -0.035490174 0.144883379 0.091806568 0.016127337 0.991026163 0.132691458 -0.185080707 -0.148292467 -0.128870323 0.980510950 -0.053110067
0.989380658 -0.044577815 0.138342738 0.092096701 0.025655219 0.990422726 0.135663807 -0.167289421 -0.143065393 -0.130673945 0.981048763 -0.048043255
0.989157021 -0.048061512 0.138774902 0.092875950 0.028962940 0.990216911 0.136497512 -0.152622238 -0.143977523 -0.130998150 0.980872035 -0.044077087
0.989146769 -0.044839926 0.139921710 0.093547963 0.025168018 0.989928007 0.139316723 -0.141376287 -0.144759372 -0.134283140 0.980312586 -0.041041590
0.989183187 -0.037546523 0.141798675 0.093509704 0.016642842 0.989171088 0.145820230 -0.135836914 -0.145738184 -0.141882986 0.979096293 -0.039610028
0.988994241 -0.029426599 0.144998237 0.093966149 0.006452920 0.987668276 0.156428233 -0.135323599 -0.147813305 -0.153770968 0.976988077 -0.039767999
0.989223182 -0.022781968 0.144632280 0.093799673 -0.001938323 0.985696197 0.168520719 -0.142112672 -0.146402717 -0.166984946 0.975029349 -0.042046264
0.989506185 -0.019609006 0.143153802 0.091897659 -0.006164133 0.984117627 0.177410707 -0.156139165 -0.144359037 -0.176431403 0.973669589 -0.046005398
0.990215838 -0.019289741 0.138204679 0.088981628 -0.006010672 0.983584464 0.180348158 -0.176042348 -0.139414832 -0.179414302 0.973844945 -0.052118756
0.990895092 -0.018565888 0.133349940 0.085507132 -0.005193990 0.984438002 0.175655603 -0.200888172 -0.134535953 -0.174748898 0.975378335 -0.059474524
0.991115749 -0.019459553 0.131570756 0.081006348 -0.002651689 0.986151040 0.165828571 -0.232104078 -0.132975578 -0.164704189 0.977338254 -0.067938171
0.991238892 -0.019464370 0.130639240 0.077989988 -0.000520490 0.988498628 0.151228949 -0.263243169 -0.132080272 -0.149972007 0.979828119 -0.075537637
0.991176367 -0.021041630 0.130868778 0.075521097 0.003270192 0.990900934 0.134553373 -0.295994371 -0.132509217 -0.132938147 0.982226431 -0.083136991
0.991284728 -0.021026563 0.130047843 0.075377405 0.006154881 0.993494213 0.113716081 -0.328149885 -0.131592825 -0.111924589 0.984965086 -0.090324700
0.991361082 -0.023004293 0.129127696 0.073294826 0.011400543 0.995886207 0.089892447 -0.362042546 -0.130664393 -0.087643757 0.987545133 -0.098771140
0.991239965 -0.023063745 0.130043879 0.071555324 0.014885396 0.997869909 0.063514099 -0.395425618 -0.131231740 -0.061021961 0.989471853 -0.107168198
0.990656078 -0.022680180 0.134484634 0.067531183 0.018051824 0.999205351 0.035535716 -0.427866638 -0.135183737 -0.032775983 0.990278304 -0.117601573
0.990116894 -0.018769341 0.138982847 0.066291384 0.017654495 0.999801338 0.009250036 -0.456211150 -0.139128849 -0.006704945 0.990251601 -0.125328124
0.989682317 -0.013036763 0.142684907 0.065227546 0.014876395 0.999819338 -0.011833747 -0.479964197 -0.142504841 0.013834287 0.989697397 -0.132526115
0.989432216 -0.007639310 0.144794866 0.064691804 0.011366894 0.999624491 -0.024934100 -0.495765895 -0.144550011 0.026316470 0.989147484 -0.139226317
0.988945723 -0.003035083 0.148246914 0.064205706 0.007615449 0.999510646 -0.030339036 -0.505358934 -0.148082286 0.031132627 0.988484919 -0.142856359
0.988261223 0.002848679 0.152747154 0.064268373 0.001335701 0.999626815 -0.027284548 -0.506727517 -0.152767867 0.027168285 0.987888575 -0.144043252
0.987170994 0.007095653 0.159508899 0.065783195 -0.003944857 0.999790967 -0.020061092 -0.498544574 -0.159617916 0.019174488 0.986992657 -0.140801668
0.986399829 0.011467258 0.163962960 0.066759929 -0.010278200 0.999914408 -0.008098549 -0.485526472 -0.164041787 0.006303163 0.986433268 -0.136922479
0.985913396 0.012191409 0.166811764 0.067878634 -0.012965312 0.999909639 0.003551111 -0.466769814 -0.166753411 -0.005663854 0.985982358 -0.130733207
0.985808551 0.013521912 0.167328075 0.068671525 -0.016453849 0.999734223 0.016148088 -0.446065009 -0.167065248 -0.018672114 0.985769033 -0.125937551
0.985508561 0.014129182 0.169036150 0.071167715 -0.018921750 0.999462366 0.026775107 -0.418941170 -0.168566972 -0.029585555 0.985246122 -0.117670603
0.985098898 0.013424715 0.171464011 0.074375488 -0.020281611 0.999060392 0.038301289 -0.391139656 -0.170788720 -0.041208126 0.984445572 -0.109199598
0.984255493 0.014537264 0.176152885 0.078276388 -0.023903929 0.998403907 0.051168684 -0.364980251 -0.175127864 -0.054573800 0.983031988 -0.100901552
0.983875275 0.014146456 0.178295657 0.082081132 -0.025920043 0.997621000 0.063878663 -0.340113789 -0.176967844 -0.067470066 0.981901288 -0.095073111
0.984561920 0.014478050 0.174436927 0.085055485 -0.027956381 0.996787071 0.075060099 -0.317811549 -0.172789752 -0.078777939 0.981803298 -0.091896854
0.985675097 0.011710631 0.168248340 0.088147894 -0.026408726 0.995997608 0.085389629 -0.299310893 -0.166574970 -0.088609651 0.982039273 -0.088586994
0.987624288 0.006603018 0.156699345 0.088973008 -0.021841340 0.995168269 0.095724240 -0.281205207 -0.155310139 -0.097962111 0.982996523 -0.087806895
0.989250958 -0.001260407 0.146222174 0.089203931 -0.014884535 0.993901014 0.109267026 -0.264697433 -0.145468086 -0.110268965 0.983198762 -0.087411761
0.990699470 -0.008915174 0.135775939 0.089853331 -0.008147259 0.992174327 0.124594189 -0.247729674 -0.135824189 -0.124541603 0.982873917 -0.084218882
0.991272330 -0.014841996 0.130991787 0.089756384 -0.003712935 0.990104795 0.140281036 -0.235283002 -0.131777644 -0.139543071 0.981408358 -0.084777340
0.991167903 -0.018819205 0.131270841 0.089826427 -0.001560311 0.988155961 0.153444916 -0.225467235 -0.132603779 -0.152294487 0.979399145 -0.085455552
0.991382182 -0.019083466 0.129603952 0.089407966 -0.002419026 0.986497223 0.163760200 -0.218226075 -0.130979061 -0.162662461 0.977949619 -0.087022640
0.991929293 -0.022644918 0.124753833 0.088652350 0.000971030 0.985249937 0.171118706 -0.213131741 -0.126788676 -0.169616520 0.977320254 -0.090045013
0.993054986 -0.024147432 0.115146436 0.087207079 0.003465385 0.984289229 0.176529512 -0.209460661 -0.117600136 -0.174904481 0.977537036 -0.094620205
0.994510233 -0.024545763 0.101719901 0.085427068 0.005730769 0.983415544 0.181276038 -0.205323443 -0.104482487 -0.179697946 0.978157461 -0.101109505
0.995399177 -0.024434939 0.092646927 0.084246412 0.006814174 0.982540071 0.185926139 -0.204708621 -0.095572412 -0.184439421 0.978186071 -0.106030211
0.995772183 -0.024590809 0.088504404 0.083386861 0.007133752 0.981292963 0.192388117 -0.205222189 -0.091579735 -0.190943360 0.977319717 -0.110523067
0.995724797 -0.022361474 0.089621909 0.082724318 0.004022455 0.979831278 0.199786142 -0.206423506 -0.092281856 -0.198571518 0.975732267 -0.114923544
0.995571971 -0.021552933 0.091498040 0.081710868 0.001817111 0.977590859 0.210506037 -0.208229974 -0.093984671 -0.209407642 0.973301232 -0.119062394
0.995248675 -0.020478744 0.095187880 0.080909565 -0.001593195 0.974074781 0.226220578 -0.209818453 -0.097352825 -0.225297391 0.969413996 -0.123200051
0.995010316 -0.017071877 0.098300740 0.080214605 -0.008250917 0.967797697 0.251593977 -0.209808633 -0.099430412 -0.251149684 0.962827861 -0.128412858
0.994932413 -0.016894210 0.099116646 0.079843462 -0.012377485 0.957705498 0.287483871 -0.208138257 -0.099781372 -0.287253857 0.952643096 -0.133548617
0.995029747 -0.020995416 0.097339429 0.079265386 -0.012797252 0.942451835 0.334096998 -0.204979867 -0.098752223 -0.333682150 0.937498927 -0.139010146
0.995122373 -0.029352553 0.094179891 0.078092173 -0.009597283 0.921371102 0.388565570 -0.201220676 -0.098180018 -0.387574166 0.916595280 -0.145536020
0.994993746 -0.037442826 0.092658125 0.077709973 -0.007822711 0.895136118 0.445724308 -0.196528286 -0.099630810 -0.444217741 0.890361905 -0.151241452
0.994514048 -0.044978492 0.094438985 0.077892408 -0.007941512 0.867760658 0.496918857 -0.192483798 -0.104301095 -0.494942784 0.862643003 -0.156138539
0.993780553 -0.055334680 0.096634991 0.078290619 -0.005053738 0.844493508 0.535541952 -0.190812066 -0.111241661 -0.532699525 0.838961601 -0.159306705
0.993265629 -0.062095035 0.097814344 0.078321658 -0.003031384 0.830031812 0.557707906 -0.190101966 -0.115819909 -0.554248571 0.824253798 -0.161027268
0.992613137 -0.069376081 0.099529624 0.077873431 0.001080498 0.825393796 0.564556420 -0.191233188 -0.121317849 -0.560278594 0.819371700 -0.161227763
0.992373407 -0.071391545 0.100489892 0.077012621 0.002905160 0.828534484 0.559930503 -0.194175109 -0.123233639 -0.555368245 0.822422981 -0.162226811
0.992149591 -0.072183251 0.102121443 0.076344445 0.004497319 0.836666644 0.547694087 -0.196956292 -0.124975935 -0.542935133 0.830423057 -0.161907956
0.992201746 -0.070211828 0.102985553 0.075659424 0.004460450 0.845720232 0.533607960 -0.199117318 -0.124562554 -0.528987408 0.839438200 -0.162143350
0.992269993 -0.068915874 0.103202753 0.074655823 0.005010385 0.853195965 0.521566451 -0.201118395 -0.123996384 -0.517017663 0.846946061 -0.163923874
0.992497027 -0.069078460 0.100884996 0.073636279 0.007323321 0.857213438 0.514909267 -0.201541811 -0.122049116 -0.510307074 0.851287663 -0.165433392
0.992658854 -0.068483025 0.099692017 0.072590090 0.007680263 0.858282745 0.513119638 -0.201275483 -0.120703921 -0.508587062 0.852507949 -0.167300254
0.992434382 -0.073460400 0.098374330 0.070227228 0.012467407 0.857407093 0.514487743 -0.201275900 -0.122141324 -0.509368896 0.851836205 -0.170596629
0.992269218 -0.077231012 0.097144961 0.067554452 0.015736630 0.854752898 0.518796504 -0.200200081 -0.123102114 -0.513257086 0.849360347 -0.173547059
0.991926551 -0.081642926 0.097037129 0.064336635 0.019410711 0.853923619 0.520036280 -0.199202925 -0.125319570 -0.513954222 0.848614216 -0.176341265
0.991513848 -0.084432274 0.098850749 0.059901856 0.021436118 0.856159806 0.516266346 -0.198760599 -0.128221571 -0.509766221 0.850704193 -0.179620609
0.991071582 -0.083300799 0.104106307 0.056371052 0.019014355 0.861133099 0.508023918 -0.198719874 -0.131968185 -0.501508534 0.855028391 -0.182274550
0.990289986 -0.083400160 0.111221008 0.052930750 0.017122138 0.867135525 0.497777909 -0.199574545 -0.137958437 -0.491040140 0.860143602 -0.184855312
0.989377499 -0.086438254 0.116878450 0.049479976 0.018273279 0.871585250 0.489903271 -0.202230722 -0.144215912 -0.482563496 0.863906384 -0.186485201
0.988772035 -0.089067921 0.119986750 0.046723515 0.019474450 0.872910500 0.487491578 -0.203666121 -0.148157552 -0.479681343 0.864843965 -0.189672276
0.988488793 -0.089920118 0.121673018 0.044155385 0.018923771 0.871382475 0.490239173 -0.204057246 -0.150106102 -0.482293397 0.863053441 -0.193438843
0.989053905 -0.086675636 0.119414054 0.041163638 0.016081341 0.867785037 0.496679544 -0.204127133 -0.146675736 -0.489322484 0.859680057 -0.197192639
0.989631593 -0.082794510 0.117364235 0.038476162 0.012498632 0.863677263 0.503890216 -0.202740669 -0.143084168 -0.497198761 0.855757117 -0.200970620
0.990000606 -0.077394269 0.117936142 0.036276288 0.006682642 0.860845029 0.508823395 -0.201587677 -0.140904754 -0.502947330 0.852754295 -0.203890175
0.989876986 -0.072442174 0.122047663 0.032889720 0.000592392 0.862029195 0.506858289 -0.200938463 -0.141926557 -0.501655042 0.853345752 -0.206518918
0.989932358 -0.070675418 0.122633412 0.030306581 -0.000448078 0.864844561 0.502039552 -0.201122165 -0.141540691 -0.497040153 0.856105924 -0.207350478
0.990621507 -0.068947732 0.117962897 0.027740259 0.001340475 0.868207872 0.496198893 -0.202011526 -0.136628091 -0.491387188 0.860157788 -0.207722291
0.991186440 -0.069972582 0.112486713 0.025879443 0.005712092 0.870906115 0.491416276 -0.202657372 -0.132351026 -0.486442626 0.863629997 -0.207771778
0.991799951 -0.069569655 0.107204996 0.023909368 0.008518212 0.872969866 0.487699836 -0.203418955 -0.127515838 -0.482787460 0.866404057 -0.207994103
0.992209256 -0.070240460 0.102893397 0.021951254 0.011498926 0.874014676 0.485763490 -0.203120261 -0.124050587 -0.480795860 0.868013144 -0.208284900
0.992699921 -0.067394212 0.100024663 0.020822924 0.010353733 0.873875260 0.486039996 -0.202532768 -0.120165356 -0.481456220 0.868193626 -0.207954660
0.992868900 -0.066188738 0.099148087 0.020256534 0.009648936 0.873592019 0.486563385 -0.201797813 -0.118819989 -0.482136965 0.868000984 -0.207413673
0.993098617 -0.064051017 0.098247483 0.020101577 0.008162795 0.873418510 0.486901939 -0.200999305 -0.116997734 -0.482739687 0.867913544 -0.206753731
0.993241131 -0.064558692 0.096458726 0.019421525 0.009529350 0.873594046 0.486562043 -0.200870574 -0.115677573 -0.482354254 0.868304729 -0.205770969
0.993414521 -0.063466005 0.095392019 0.019573784 0.009134339 0.873787880 0.486221492 -0.200491637 -0.114210919 -0.482148170 0.868613303 -0.204977289
0.993511796 -0.063630708 0.094262794 0.020102601 0.009849036 0.873859406 0.486078978 -0.200251758 -0.113301978 -0.481996775 0.868816316 -0.204241335
0.993442535 -0.063797511 0.094877906 0.021537840 0.009721471 0.873970568 0.485881627 -0.200337261 -0.113918535 -0.481773138 0.868859768 -0.203705519
0.993368149 -0.063907877 0.095579900 0.024922660 0.009513941 0.874132276 0.485594720 -0.200330913 -0.114582799 -0.481465012 0.868943155 -0.203242704
0.993225574 -0.065136626 0.096229613 0.030385984 0.010157315 0.873619199 0.486504138 -0.200397775 -0.115757287 -0.482230902 0.868362606 -0.202762127
0.993170023 -0.064869255 0.096981063 0.038247108 0.009200169 0.872150362 0.489151418 -0.200765818 -0.116312951 -0.484918296 0.866790414 -0.202656284
0.992780805 -0.066791773 0.099624723 0.048948888 0.009011149 0.869790494 0.493338972 -0.200911433 -0.119603619 -0.488879770 0.864113212 -0.201999784
0.992374480 -0.068796039 0.102273867 0.061986044 0.008916840 0.867641270 0.497110784 -0.201604351 -0.122936279 -0.492408097 0.861638546 -0.201016635
0.991711438 -0.072326846 0.106194571 0.076869778 0.009948818 0.867256761 0.497761786 -0.203001410 -0.128099501 -0.492579520 0.860787988 -0.200042665
0.990782678 -0.076431751 0.111838490 0.094409190 0.011172581 0.868909597 0.494844705 -0.205067828 -0.134999380 -0.489034027 0.861754537 -0.197581470
0.989578784 -0.081543133 0.118678354 0.113881104 0.013160240 0.871966660 0.489388347 -0.207636937 -0.143389821 -0.482726514 0.863952875 -0.194498062
0.988368154 -0.086894795 0.124810487 0.134536311 0.015917215 0.875288010 0.483339995 -0.210006908 -0.151244849 -0.475731224 0.866489947 -0.191322640
0.987066031 -0.092019804 0.131274551 0.156900823 0.017980605 0.877236962 0.479720742 -0.212388173 -0.159302711 -0.471155673 0.867545366 -0.188193455
0.985566676 -0.098914638 0.137383282 0.180342168 0.021182280 0.877215922 0.479628593 -0.214540437 -0.167957097 -0.469795853 0.866649985 -0.185071439
0.983889639 -0.105610728 0.144248068 0.206075713 0.023090363 0.875172615 0.483259559 -0.215549290 -0.177279353 -0.472143352 0.863511860 -0.179581612
0.982196689 -0.110133156 0.152185261 0.231455669 0.021983340 0.871937752 0.489122957 -0.217761442 -0.186564744 -0.477069408 0.858835459 -0.176803142
0.981000662 -0.110808656 0.159245506 0.257344425 0.017987359 0.869249225 0.494046807 -0.220356345 -0.193168685 -0.481795847 0.854727268 -0.174213171
0.980029106 -0.113356411 0.163380951 0.283864737 0.017832056 0.868399024 0.495545357 -0.222490385 -0.198053092 -0.482735425 0.853077650 -0.170353055
0.979040027 -0.116060056 0.167364001 0.309363186 0.019018061 0.870254755 0.492234707 -0.225618750 -0.202778101 -0.478734553 0.854221463 -0.167546093
0.977673888 -0.119092911 0.173120439 0.334785789 0.020429280 0.873849750 0.485766709 -0.228504315 -0.209132612 -0.471384704 0.856773019 -0.164693445
0.976265788 -0.118187636 0.181485012 0.360731363 0.017215166 0.877670467 0.478955328 -0.230377465 -0.215890631 -0.464463413 0.858874261 -0.161123216
0.974922538 -0.117605031 0.188931331 0.385031611 0.014062244 0.879818738 0.475101292 -0.231544912 -0.222099617 -0.460530162 0.859408975 -0.158636615
0.973642945 -0.125282645 0.190587834 0.406156749 0.019742999 0.878785372 0.476808667 -0.231696725 -0.227221653 -0.460478604 0.858096600 -0.156718746
0.972080648 -0.135757014 0.191387564 0.424706280 0.027234498 0.875404358 0.482623607 -0.231214449 -0.233061045 -0.463936716 0.854660928 -0.154328287
0.970236778 -0.138035581 0.198964328 0.443222076 0.023246747 0.870926976 0.490862280 -0.229914919 -0.241039872 -0.471627384 0.848214269 -0.153133482
0.968084693 -0.140471816 0.207556427 0.459996641 0.019367948 0.867616355 0.496856928 -0.228867307 -0.249873728 -0.476979673 0.842646778 -0.152095422
0.966341734 -0.141311929 0.214975804 0.474292845 0.016585719 0.868112922 0.496089518 -0.227714598 -0.256726652 -0.475826502 0.841237545 -0.149516702
0.965708256 -0.142068744 0.217310950 0.486060470 0.017920580 0.871481597 0.490100712 -0.228051633 -0.259010494 -0.469399959 0.844142914 -0.147288755
0.965126157 -0.148071736 0.215884954 0.494689524 0.026822995 0.876257479 0.481096029 -0.227449358 -0.260407537 -0.458527684 0.849670708 -0.145038962
0.965113997 -0.150877699 0.213988185 0.501726210 0.033120688 0.881063342 0.471837282 -0.226141751 -0.259726852 -0.448289335 0.855323732 -0.142834067
0.965442240 -0.149412319 0.213535205 0.507142663 0.034765974 0.885856092 0.462655693 -0.224441141 -0.258287907 -0.439243585 0.860437334 -0.142094657
0.965841174 -0.151004434 0.210590675 0.510665059 0.039599586 0.889131248 0.455935866 -0.222910494 -0.256091088 -0.432022363 0.864739299 -0.141352579
0.965867102 -0.154833809 0.207670972 0.513709784 0.045249213 0.890222192 0.453273624 -0.220316812 -0.255055368 -0.428405136 0.866842449 -0.139131695
0.965467334 -0.162322909 0.203774631 0.513826489 0.052790642 0.887838423 0.457117140 -0.218020260 -0.255119532 -0.430574298 0.865748167 -0.138643488
0.964548409 -0.165631950 0.205456585 0.513874114 0.052147057 0.882790923 0.466862768 -0.215474591 -0.258702606 -0.439597815 0.860131800 -0.138578579
0.963197291 -0.165898949 0.211491227 0.512957156 0.046157282 0.877207100 0.477888346 -0.213813663 -0.264802784 -0.450538874 0.852580905 -0.138335645
0.961619973 -0.168948278 0.216202632 0.510066092 0.044301610 0.873215020 0.485317349 -0.213593453 -0.270784914 -0.457112730 0.847185671 -0.138607562
0.960804820 -0.170293242 0.218756154 0.505332351 0.043591835 0.872079253 0.487419188 -0.214762866 -0.273776889 -0.458778739 0.845321417 -0.138927147
0.960916758 -0.170789674 0.217875913 0.497969359 0.045215562 0.873273373 0.485127926 -0.216386512 -0.273120075 -0.456316173 0.846865416 -0.139257565
0.961701989 -0.167519540 0.216948256 0.488748014 0.043350529 0.874497771 0.483088404 -0.217610434 -0.270647526 -0.455182225 0.848268270 -0.139967620
0.962740779 -0.162127808 0.216436446 0.477022678 0.038980562 0.875194609 0.482197970 -0.218452439 -0.267601728 -0.455794841 0.848905444 -0.140858427
0.964093864 -0.157846108 0.213559389 0.462307036 0.036926210 0.876049161 0.480805933 -0.219054803 -0.262981862 -0.455656111 0.850422263 -0.141218662
0.965088308 -0.155553341 0.210731432 0.445033848 0.036505900 0.876580119 0.479869336 -0.219500303 -0.259368271 -0.455423325 0.851655841 -0.141414359
0.965902030 -0.154982090 0.207397789 0.425357968 0.037488252 0.876325071 0.480259299 -0.219865695 -0.256179482 -0.456108451 0.852254152 -0.141683415
0.966681719 -0.154043302 0.204443544 0.403639644 0.037551802 0.875362575 0.482006520 -0.219902053 -0.253212094 -0.458269686 0.851981580 -0.141565487
0.967954993 -0.154990613 0.197588190 0.379514992 0.041101046 0.873983026 0.484215200 -0.220606372 -0.247737542 -0.460577428 0.852346480 -0.142301962
0.969748497 -0.155556649 0.188122258 0.353559375 0.045658004 0.872643173 0.486219317 -0.221570253 -0.239798263 -0.462921172 0.853346825 -0.143149883
0.971591771 -0.155750036 0.178189173 0.326520085 0.050894976 0.872813821 0.485392332 -0.222045541 -0.231125847 -0.462534249 0.855945647 -0.143457398
0.973275721 -0.153394938 0.170892760 0.298894852 0.052218173 0.872517347 0.485784650 -0.222316131 -0.223623797 -0.463878691 0.857209980 -0.143311396
0.975137830 -0.146753475 0.166040942 0.271184713 0.048737422 0.872968793 0.485335112 -0.221801355 -0.216173187 -0.465176225 0.858417273 -0.142689630
0.976782143 -0.142747104 0.159749478 0.242788509 0.048882648 0.874507904 0.482541680 -0.220708311 -0.208583593 -0.463529110 0.861181557 -0.141426891
0.978524804 -0.139252573 0.151979998 0.213500813 0.050521575 0.876837909 0.478124291 -0.220099255 -0.199841872 -0.460178226 0.865042925 -0.139309451
0.980433881 -0.137053862 0.141299710 0.183612332 0.055041689 0.880047023 0.471685976 -0.219437018 -0.188996777 -0.454679519 0.870371580 -0.136306494
0.982224703 -0.135092318 0.130325213 0.153838202 0.059791133 0.883299649 0.464980334 -0.218165189 -0.177931502 -0.448922902 0.875676095 -0.133882225
