0.999050498 -0.008204889 0.042787522 -0.130423367 -0.043331668 -0.289094687 0.956319332 0.844872475 0.004523151 -0.957265377 -0.289175630 -0.383819699
0.998876333 -0.004946858 0.047134113 -0.130351633 -0.046511229 -0.293275356 0.954896033 0.846119344 0.009099536 -0.956015289 -0.293175936 -0.404299259
0.998785377 -0.004445393 0.049071208 -0.130243436 -0.048108336 -0.303163171 0.951723635 0.846724868 0.010645794 -0.952928364 -0.303008795 -0.427615762
0.998785555 -0.005395729 0.048972532 -0.130804017 -0.048176736 -0.315085292 0.947839797 0.846813560 0.010316242 -0.949047983 -0.314962626 -0.452711701
0.998782575 -0.008420581 0.048605483 -0.131664425 -0.048709571 -0.324069619 0.944778562 0.846076667 0.007795967 -0.945995927 -0.324085236 -0.479050875
0.998743653 -0.009924691 0.049117967 -0.132871896 -0.049632549 -0.330993056 0.942327261 0.845281005 0.006905392 -0.943581223 -0.331069827 -0.506253481
0.998722911 -0.014864497 0.048286170 -0.134272829 -0.050474070 -0.335330367 0.940747559 0.844683051 0.002208078 -0.941983402 -0.335652351 -0.532519162
0.998725593 -0.017352801 0.047392294 -0.135027453 -0.050468791 -0.339223504 0.939351022 0.844081163 -0.000223791 -0.940545738 -0.339666963 -0.557496846
0.998758674 -0.017949136 0.046464793 -0.135492027 -0.049803063 -0.343053102 0.937994897 0.842369914 -0.000896307 -0.939144552 -0.343521237 -0.581491530
0.998802006 -0.016719699 0.045988534 -0.135843918 -0.048932180 -0.348331332 0.936093450 0.840903282 0.000368048 -0.937222362 -0.348732233 -0.603311658
0.998855650 -0.011823192 0.046342779 -0.136556521 -0.047516428 -0.355599642 0.933429837 0.839221418 0.005443349 -0.934563637 -0.355754495 -0.623746753
0.998980105 -0.012132131 0.043492522 -0.137445718 -0.044910807 -0.366596460 0.929295540 0.836997628 0.004669867 -0.930301070 -0.366767406 -0.641617596
0.998991072 -0.008840507 0.044030357 -0.138213307 -0.044081874 -0.380345345 0.923793375 0.834417939 0.008579940 -0.924802244 -0.380351305 -0.657896876
0.999067187 -0.007765977 0.042478733 -0.139083683 -0.042068228 -0.397084951 0.916817367 0.832317472 0.009747678 -0.917749107 -0.397041202 -0.669863701
0.999059081 -0.008825336 0.042462997 -0.140301809 -0.042326786 -0.411895037 0.910247803 0.829533219 0.009457054 -0.911188602 -0.411881089 -0.675540924
0.999168694 -0.012296596 0.038867466 -0.140978068 -0.040409077 -0.424675822 0.904443443 0.828904510 0.005384490 -0.905262172 -0.424819708 -0.673646152
0.999241412 -0.012615069 0.036843777 -0.142076075 -0.038694676 -0.428414702 0.902753472 0.827900052 0.004396114 -0.903494358 -0.428577900 -0.663152933
0.999273539 -0.013149077 0.035769388 -0.143069491 -0.037960663 -0.426353931 0.903759718 0.827942967 0.003366811 -0.904461026 -0.426543355 -0.643954992
0.999178171 -0.009129691 0.039492562 -0.143767372 -0.039680164 -0.419244647 0.907005727 0.830681086 0.008276362 -0.907827437 -0.419262290 -0.619036674
0.998969376 -0.000465220 0.045386966 -0.145218030 -0.041559763 -0.411380291 0.910515785 0.832778454 0.018247712 -0.911463618 -0.410975695 -0.586399376
0.998639464 0.003864205 0.052002687 -0.143960819 -0.046169609 -0.398049474 0.916201472 0.837327361 0.024240028 -0.917355895 -0.397329569 -0.552192330
0.997978628 0.011195704 0.062556468 -0.144890606 -0.053437911 -0.384927630 0.921398461 0.840618551 0.034395419 -0.922878802 -0.383551240 -0.513541341
0.997128248 0.019117715 0.073278613 -0.143854097 -0.060983896 -0.371012211 0.926623344 0.845315516 0.044902187 -0.928431153 -0.368780851 -0.474222064
0.996696651 0.023463644 0.077751003 -0.145621508 -0.064296827 -0.356893897 0.931929648 0.849358082 0.049615316 -0.933850348 -0.354206324 -0.436690390
0.996595144 0.026776636 0.077981286 -0.146850958 -0.064061403 -0.343945980 0.936801732 0.851638615 0.051905744 -0.938607633 -0.341059566 -0.399244905
0.996760130 0.026011514 0.076109387 -0.148829237 -0.063243210 -0.331181169 0.941445470 0.854632437 0.049694411 -0.943208694 -0.328463197 -0.365957201
0.996727586 0.024876401 0.076910958 -0.149237454 -0.065011881 -0.318730712 0.945613086 0.856319726 0.048037335 -0.947518766 -0.316070318 -0.332583427
0.996766090 0.019684630 0.077909231 -0.150002837 -0.068288989 -0.303523302 0.950373828 0.858613551 0.042355008 -0.952620804 -0.301197529 -0.303180754
0.996748984 0.017177057 0.078716926 -0.149127126 -0.070450410 -0.288222194 0.954968631 0.860168040 0.039091498 -0.957409680 -0.286075115 -0.276759446
0.996810555 0.013035621 0.078732252 -0.149063215 -0.072270393 -0.270988345 0.959865928 0.860805511 0.033847958 -0.962494493 -0.269181967 -0.254120052
0.996840000 0.015144534 0.077978872 -0.147767529 -0.071505807 -0.256474137 0.963902652 0.860153079 0.034597404 -0.966432631 -0.254580736 -0.237265646
0.996740401 0.015759515 0.079121210 -0.147718474 -0.072819859 -0.246382356 0.966433167 0.858775139 0.034724586 -0.969044566 -0.244431615 -0.228142023
0.996310711 0.020899067 0.083235949 -0.146161765 -0.075638577 -0.244366646 0.966728449 0.857644916 0.040543802 -0.969457746 -0.241884232 -0.227993846
0.995971739 0.026417948 0.085687980 -0.144831106 -0.076444902 -0.249312282 0.965401232 0.855984926 0.046866987 -0.968062699 -0.246288419 -0.237249255
0.995617688 0.031185351 0.088164262 -0.142869771 -0.077100687 -0.259806514 0.962577820 0.854588211 0.052923985 -0.965157032 -0.256263614 -0.254385054
0.995572507 0.028073231 0.089706562 -0.141666144 -0.078765877 -0.271657228 0.959165454 0.853708625 0.051296301 -0.961984634 -0.268243313 -0.278200805
0.995818675 0.024902690 0.087892197 -0.139980316 -0.077246413 -0.284067988 0.955687582 0.853467047 0.048766531 -0.958480895 -0.280956626 -0.306082129
0.996036291 0.019743852 0.086728781 -0.138417810 -0.077157885 -0.293323398 0.952894628 0.852748990 0.044253390 -0.955809414 -0.290637374 -0.337233007
0.996062696 0.023043985 0.085604250 -0.136079475 -0.074770905 -0.300405860 0.950876355 0.852407336 0.047627985 -0.953533173 -0.297500014 -0.369334936
0.996377110 0.019205967 0.082847625 -0.133846924 -0.073148414 -0.303378463 0.950058520 0.851316273 0.043380961 -0.952676713 -0.300874472 -0.402550161
0.996863008 0.018977465 0.076837316 -0.132315189 -0.067360438 -0.306273699 0.949557185 0.849058509 0.041553441 -0.951754212 -0.304034591 -0.436334848
0.997063994 0.017384823 0.074573487 -0.130949542 -0.065513268 -0.310502410 0.948312342 0.846392035 0.039641488 -0.950413644 -0.308451891 -0.470013261
0.997387469 0.012332626 0.071177147 -0.130782157 -0.063523382 -0.319419742 0.945481956 0.843916059 0.034395650 -0.947533190 -0.317801833 -0.503223896
0.997110426 0.009180764 0.075408675 -0.130222961 -0.068094283 -0.332009554 0.940815210 0.840992689 0.033673778 -0.943231583 -0.330425024 -0.534971356
0.996851444 0.005248427 0.079118244 -0.130301684 -0.072386734 -0.347025394 0.935058236 0.839680552 0.032363616 -0.937841296 -0.345552921 -0.565055549
0.996578574 0.005011823 0.082498997 -0.130238310 -0.075050339 -0.363243103 0.928666711 0.836791158 0.034621499 -0.931680918 -0.361624122 -0.591685534
0.996613383 0.006238904 0.081993148 -0.131642312 -0.073511183 -0.379241347 0.922373235 0.835572600 0.036849778 -0.925276935 -0.377498388 -0.613615870
0.996943474 0.003456540 0.078049421 -0.132721603 -0.070447795 -0.392121911 0.917211831 0.828178048 0.033775270 -0.919906795 -0.390679955 -0.627876043
0.997187853 0.005042208 0.074772567 -0.134666830 -0.066401862 -0.403114319 0.912737548 0.831221938 0.034744099 -0.915135801 -0.401645899 -0.636974752
0.997343361 0.004835125 0.072682984 -0.135411784 -0.064344630 -0.409250379 0.910150707 0.824999332 0.034146219 -0.912409484 -0.407852054 -0.634437799
0.997547150 0.005115416 0.069810756 -0.137568802 -0.061522540 -0.411621332 0.909276068 0.831533551 0.033386916 -0.911340654 -0.410296917 -0.626419902
0.997703195 0.003712598 0.067635827 -0.138894469 -0.060275491 -0.406933308 0.911467195 0.830386400 0.030907176 -0.913450480 -0.405774951 -0.606695414
0.997750938 0.004445991 0.066882655 -0.141645253 -0.059685946 -0.395184755 0.916660726 0.833951116 0.030506466 -0.918591082 -0.394030571 -0.583009779
0.997792482 0.001896510 0.066382013 -0.141773731 -0.060685612 -0.379926562 0.923023880 0.825716496 0.026970819 -0.925014675 -0.378972888 -0.551492810
0.997532547 0.008387595 0.069702625 -0.144182146 -0.061701983 -0.368888974 0.927423239 0.838121116 0.033491381 -0.929435611 -0.367461205 -0.524156392
0.997299790 0.008041780 0.072995916 -0.142365053 -0.065260231 -0.358780622 0.931137741 0.827911496 0.033677530 -0.933387220 -0.357287049 -0.486791551
0.996761143 0.014161313 0.079162240 -0.144855037 -0.069042556 -0.354046702 0.932675898 0.842724681 0.041235037 -0.935120642 -0.351922274 -0.459087193
0.996314764 0.014383033 0.084558003 -0.144078612 -0.074215263 -0.349671841 0.933928311 0.841205716 0.043000259 -0.936762035 -0.347315788 -0.423878431
0.996114612 0.013602942 0.087009370 -0.144416541 -0.076987013 -0.345243931 0.935350180 0.845792949 0.042762961 -0.938414574 -0.342855334 -0.392614484
0.995796323 0.009996239 0.091047950 -0.142229229 -0.082297876 -0.338712454 0.937283933 0.845260978 0.040208377 -0.940836966 -0.336465955 -0.357850134
0.995196402 0.005785383 0.097727202 -0.142291456 -0.090383306 -0.329262733 0.939902723 0.850383341 0.037615620 -0.944220722 -0.327158213 -0.326321959
0.994304061 0.001461327 0.106570549 -0.138294250 -0.100632876 -0.316483021 0.943245411 0.850630045 0.035106145 -0.948597193 -0.314533353 -0.292303324
0.993565440 -0.002308350 0.113235757 -0.138583213 -0.108695164 -0.300395250 0.947601259 0.854903042 0.031828076 -0.953812063 -0.298713326 -0.263025343
0.993177950 -0.001675654 0.116596431 -0.135477066 -0.112257808 -0.284318447 0.952135146 0.852545798 0.031555057 -0.958728492 -0.282566905 -0.234451056
0.992701709 -0.001230385 0.120589525 -0.136154413 -0.116506800 -0.267964244 0.956358433 0.855654597 0.031136986 -0.963428140 -0.266151905 -0.215181708
0.992741168 0.002095133 0.120252036 -0.134680569 -0.115642533 -0.258057714 0.959183514 0.853828788 0.033041589 -0.966127217 -0.255942225 -0.201031983
0.992496967 0.004409246 0.122189790 -0.134110600 -0.117087245 -0.253581166 0.960201561 0.854551733 0.035218790 -0.967304051 -0.251162171 -0.195712030
0.992071509 0.007295147 0.125462726 -0.123118401 -0.119517282 -0.253886461 0.959821641 0.828809679 0.038855299 -0.967206657 -0.251001716 -0.187768996
0.991822243 0.013043102 0.126958936 -0.131735772 -0.119384065 -0.256892443 0.959038019 0.854851484 0.045123592 -0.966352105 -0.253234506 -0.209988713
0.992150605 0.012248658 0.124447435 -0.120168366 -0.116987444 -0.260619521 0.958327532 0.826858044 0.044171643 -0.965363979 -0.257140875 -0.215740442
0.992255747 0.013756234 0.123447634 -0.130022824 -0.115444317 -0.264630675 0.957415044 0.855164766 0.045838438 -0.964251935 -0.260993242 -0.251168132
0.992609918 0.013034679 0.120646939 -0.115800448 -0.112688772 -0.269840002 0.956288457 0.824968040 0.045020286 -0.962816954 -0.266376972 -0.265715182
0.993021965 0.012420602 0.117273390 -0.126372963 -0.109428525 -0.273666739 0.955579460 0.855184078 0.043962687 -0.961744487 -0.270397902 -0.309495747
0.993650973 0.013738580 0.111664400 -0.111064918 -0.103359848 -0.280521631 0.954266369 0.819881558 0.044434536 -0.959749401 -0.277320504 -0.330309451
0.993826330 0.016715460 0.109680571 -0.122796513 -0.100345217 -0.286301613 0.952870548 0.854385376 0.047329389 -0.957993805 -0.282856822 -0.377526462
0.994034648 0.017755587 0.107609600 -0.105454698 -0.097591236 -0.295703292 0.950281918 0.816506505 0.048693310 -0.955114901 -0.292206526 -0.399183214
0.993242621 0.022033747 0.113945708 -0.117995389 -0.101816863 -0.305771828 0.946645141 0.852174520 0.055699512 -0.951849937 -0.301462293 -0.448502779
0.994174778 0.015766419 0.106620505 -0.101894818 -0.095903687 -0.322015524 0.941864371 0.810900688 0.049183290 -0.946603060 -0.318627596 -0.470120430
0.994451225 0.009359494 0.104781657 -0.117498934 -0.095350079 -0.340596318 0.935362399 0.848742247 0.044442754 -0.940163195 -0.337813973 -0.515484214
0.995039284 -0.000423819 0.099481612 -0.113386348 -0.092896447 -0.361759186 0.927631915 0.840988517 0.035595227 -0.932271659 -0.360004067 -0.545241892
0.995059967 -0.006560661 0.099058419 -0.116515078 -0.094108149 -0.380059481 0.920162439 0.842870474 0.031611193 -0.924939036 -0.378799438 -0.572832763
0.995088696 -0.007984307 0.098664522 -0.112829909 -0.093813941 -0.394075274 0.914277732 0.836323082 0.031581368 -0.919043601 -0.392888904 -0.596898198
0.994966507 -0.002754174 0.100170076 -0.114833757 -0.092742428 -0.403913856 0.910083771 0.837111950 0.037953556 -0.914792895 -0.402136207 -0.619458020
0.995241284 0.003403757 0.097381800 -0.113444537 -0.087431163 -0.410018206 0.907877028 0.832353294 0.043018505 -0.912070930 -0.407769442 -0.636011183
0.995739162 0.006779738 0.091965184 -0.116903886 -0.080991663 -0.412528992 0.907337010 0.833970129 0.044089805 -0.910919368 -0.410222173 -0.647605658
0.996380448 0.009007551 0.084527150 -0.116967671 -0.073295482 -0.412609696 0.907954514 0.829846561 0.043055151 -0.910863578 -0.410455942 -0.651817441
0.996872008 0.008797981 0.078541487 -0.119959563 -0.067935199 -0.412429452 0.908452868 0.831246734 0.040385373 -0.910946965 -0.410541654 -0.649346828
0.997346103 0.008157242 0.072347887 -0.093792349 -0.062526554 -0.413108230 0.908532858 0.777426720 0.037298627 -0.910645366 -0.411501884 -0.623870671
0.997264802 0.011108791 0.073071972 -0.122522034 -0.062024571 -0.411905527 0.909113169 0.833817482 0.040197894 -0.911158800 -0.410089850 -0.623090684
0.997290432 0.011081140 0.072725549 -0.121654160 -0.061839093 -0.409189463 0.910351634 0.833760858 0.039846260 -0.912382245 -0.407395482 -0.600146711
0.997334599 0.010506297 0.072203666 -0.120102704 -0.061737597 -0.405898094 0.911830842 0.828528762 0.038887281 -0.913858116 -0.404167533 -0.571282208
0.997116804 0.013602035 0.074652828 -0.118387513 -0.062870614 -0.402783036 0.913133621 0.829828978 0.042489372 -0.915194392 -0.400766492 -0.541251063
0.996358633 0.019993445 0.082883574 -0.123871095 -0.068040393 -0.399367213 0.914262772 0.843967915 0.051380239 -0.916573048 -0.396552682 -0.512652576
0.995645046 0.025231991 0.089745820 -0.121020570 -0.072633952 -0.393519163 0.916442752 0.846643150 0.058440357 -0.918970227 -0.389972687 -0.477769315
0.995228529 0.027829701 0.093518250 -0.123998709 -0.075691476 -0.384612322 0.919969857 0.853164315 0.061570741 -0.922658741 -0.380670786 -0.441386998
0.994926572 0.026856879 0.096952572 -0.121847883 -0.080073684 -0.372013330 0.924767137 0.855932951 0.060904011 -0.927838802 -0.367975354 -0.403962910
0.994360566 0.027625382 0.102390669 -0.126310438 -0.085980341 -0.355201364 0.930827439 0.866467059 0.062083744 -0.934381664 -0.350822926 -0.371415615
0.993610322 0.026247166 0.109770581 -0.125596762 -0.094665699 -0.335776448 0.937172830 0.868936062 0.061456487 -0.941576064 -0.331146240 -0.334798515
0.992865860 0.027294531 0.116070740 -0.127489716 -0.101647675 -0.315119147 0.943592846 0.873442411 0.062331043 -0.948659480 -0.310096622 -0.300815403
0.991944015 0.027387176 0.123681173 -0.126971945 -0.110122144 -0.296142936 0.948774397 0.873870015 0.062611535 -0.954751074 -0.290741324 -0.268888950
0.991471171 0.028395589 0.127195284 -0.129005849 -0.114244223 -0.280290723 0.953092575 0.876194894 0.062715277 -0.959495068 -0.274656057 -0.240731776
0.991344035 0.024585996 0.128967345 -0.129217714 -0.117814109 -0.266906977 0.956493974 0.874472857 0.057938632 -0.963408709 -0.261700034 -0.215899587
0.991517544 0.022095051 0.128081203 -0.132873207 -0.118144095 -0.257537246 0.959018588 0.875130117 0.054175232 -0.966015816 -0.252742290 -0.197051823
0.991395116 0.016119283 0.129907161 -0.132879496 -0.121684551 -0.252345562 0.959955692 0.873056471 0.048255265 -0.967503071 -0.248212695 -0.184974372
0.990981400 0.013766110 0.133290693 -0.133604109 -0.125516623 -0.252936840 0.959306240 0.877346396 0.046920050 -0.967384815 -0.248927832 -0.182168245
0.990548313 0.011028782 0.136720300 -0.132194638 -0.129374623 -0.256003857 0.957979381 0.876052618 0.045566253 -0.966612995 -0.252157331 -0.185451150
0.990489960 0.009734243 0.137240201 -0.133480012 -0.129999399 -0.260422230 0.956703126 0.878002405 0.045053151 -0.965445936 -0.256680250 -0.195888877
0.989828348 0.007994838 0.142041951 -0.130931944 -0.134830087 -0.265860796 0.954536021 0.877049446 0.045394737 -0.963978350 -0.262078524 -0.211973786
0.989015460 0.008332551 0.147577167 -0.130213916 -0.139771506 -0.272088408 0.952067196 0.879963934 0.048087168 -0.962236226 -0.267935038 -0.233355880
0.988022804 0.014239378 0.153649718 -0.125654697 -0.143623322 -0.279218554 0.949425817 0.879190385 0.056421079 -0.960121989 -0.273829103 -0.257656515
0.987183154 0.019305453 0.158419490 -0.123706587 -0.146413758 -0.285421729 0.947152436 0.882120252 0.063501552 -0.958207667 -0.278936982 -0.284531713
0.986605048 0.027820941 0.160737336 -0.118661948 -0.145729035 -0.292469144 0.945105672 0.880447984 0.073304459 -0.955870152 -0.284497261 -0.311934233
0.986538172 0.031166580 0.160533801 -0.112526387 -0.144015417 -0.299484134 0.943169653 0.877222657 0.077472672 -0.953592241 -0.290964007 -0.337129831
0.987467945 0.033993475 0.154115230 -0.108654529 -0.136298925 -0.308590412 0.941379189 0.873568237 0.079559214 -0.950587511 -0.300089836 -0.363798678
0.988516569 0.034755904 0.147061437 -0.099351294 -0.128470004 -0.319116712 0.938967586 0.859680176 0.079564437 -0.947077990 -0.310987115 -0.386076748
0.990342915 0.035033997 0.134139836 -0.068840802 -0.115226358 -0.330045342 0.936905980 0.817614198 0.077095792 -0.943314672 -0.322821259 -0.403310001
0.992332280 0.034376726 0.118721932 -0.074770965 -0.099966943 -0.341648579 0.934496164 0.821163177 0.072686091 -0.939198971 -0.335592389 -0.425398767
0.993931174 0.029594323 0.105948105 -0.072620898 -0.088717081 -0.353794098 0.931106567 0.811911643 0.065039262 -0.934855223 -0.349021554 -0.442034125
0.995639980 0.026722763 0.089369535 -0.038765572 -0.073347315 -0.367640853 0.927071035 0.768269181 0.057629779 -0.929583967 -0.364077926 -0.449420929
0.996507108 0.020230040 0.081020296 -0.012542538 -0.067194797 -0.381809831 0.921795249 0.727482319 0.049582284 -0.924019694 -0.379116893 -0.450918674
0.997421324 0.010133978 0.071049608 -0.007314570 -0.061306115 -0.394398212 0.916892469 0.713743329 0.037313603 -0.918883860 -0.392759919 -0.459648550
0.997993171 0.002843902 0.063257456 0.018857548 -0.056503028 -0.410948515 0.909906030 0.672691703 0.028583236 -0.911654234 -0.409963131 -0.454765320
0.998326302 -0.003551565 0.057723820 0.030541895 -0.053695872 -0.427641869 0.902352035 0.651271880 0.021480361 -0.903941333 -0.427116871 -0.450466514
0.998294413 -0.009084240 0.057669565 0.056203254 -0.055647962 -0.446751118 0.892926097 0.611518860 0.017652377 -0.894612312 -0.446494579 -0.442226708
0.997861981 -0.014912780 0.063632578 0.070436500 -0.063203320 -0.468048573 0.881439686 0.584576249 0.016638421 -0.883576870 -0.467990398 -0.433226228
0.996892810 -0.018214591 0.076635182 0.096030071 -0.075714074 -0.489939332 0.868462443 0.546508253 0.021727897 -0.871566296 -0.489796162 -0.424145699
0.995769262 -0.024049379 0.088686235 0.110401541 -0.088563256 -0.508496165 0.856497705 0.524316549 0.024498366 -0.860728443 -0.508474708 -0.415538728
0.994684160 -0.030556232 0.098334774 0.133214042 -0.099705994 -0.524432898 0.845593929 0.485923529 0.025731813 -0.850903511 -0.524691701 -0.404920697
0.994090676 -0.036726940 0.102151394 0.147282124 -0.105790257 -0.538728833 0.835810959 0.462768495 0.024335116 -0.841678441 -0.539430618 -0.395432115
0.993863344 -0.041045561 0.102717832 0.169215307 -0.108180150 -0.554437637 0.825164258 0.422213554 0.023081291 -0.831212580 -0.555475473 -0.385041773
0.993523479 -0.047754321 0.103105143 0.185324594 -0.111857742 -0.570561051 0.813601971 0.397713006 0.019974764 -0.819865704 -0.572207451 -0.376084805
0.993201554 -0.053547360 0.103360251 0.207942232 -0.115041263 -0.587140441 0.801268876 0.355676115 0.017781150 -0.807712138 -0.589308977 -0.366474062
0.992862046 -0.060793415 0.102611229 0.226140857 -0.118452325 -0.603079557 0.788837433 0.329775929 0.013926599 -0.795361280 -0.605975986 -0.358337194
0.998610258 0.032951750 -0.041131139 -0.038409911 0.052635074 -0.663126588 0.746654510 0.021649208 -0.002671579 -0.747781754 -0.663939357 -0.021915399
0.998456001 0.031332836 -0.045868278 -0.034613289 0.055155411 -0.657275438 0.751629710 0.022802308 -0.006597394 -0.752999067 -0.657988787 -0.020386595
0.998240471 0.030817177 -0.050658852 -0.029911121 0.058505129 -0.650954366 0.756859124 0.025401166 -0.009652335 -0.758491218 -0.651611924 -0.019382861
0.998083055 0.032297228 -0.052792829 -0.026657563 0.061161164 -0.645139217 0.761613369 0.027773775 -0.009460717 -0.763382316 -0.645877838 -0.019276898
0.997776628 0.036643583 -0.055668794 -0.024955520 0.066211268 -0.640327096 0.765243590 0.030056555 -0.007604962 -0.767228067 -0.641329646 -0.019851744
0.997441232 0.038886130 -0.059990279 -0.024032967 0.071004085 -0.636614680 0.767906547 0.032287955 -0.008329766 -0.770201206 -0.637746811 -0.020133939
0.996908486 0.045594700 -0.063988924 -0.023390902 0.078377873 -0.634197712 0.769187987 0.035045970 -0.005510733 -0.771825373 -0.635810733 -0.020603713
0.996649325 0.048612218 -0.065779418 -0.023140423 0.081673756 -0.634870887 0.768289328 0.037786197 -0.004413180 -0.771087527 -0.636713982 -0.020876944
0.996269166 0.053432986 -0.067769229 -0.021639599 0.086267844 -0.638163447 0.765052617 0.040368542 -0.002368797 -0.768044651 -0.640392065 -0.020597808
0.996030927 0.057066761 -0.068306804 -0.018978931 0.089007385 -0.641572714 0.761880755 0.043321364 -0.000345711 -0.764936566 -0.644105554 -0.020832743
0.995893657 0.058428805 -0.069151357 -0.015606655 0.090530798 -0.643602848 0.759986460 0.046451516 -0.000100914 -0.763126075 -0.646249652 -0.021058206
0.996013761 0.056895036 -0.068698645 -0.010227192 0.089191347 -0.645646334 0.758410096 0.050539304 -0.001205254 -0.761514187 -0.648147225 -0.021114603
0.996185541 0.055226237 -0.067560807 -0.003266086 0.087241858 -0.646354914 0.758033335 0.054363061 -0.001804926 -0.761035979 -0.648707390 -0.021685883
0.996429324 0.053694881 -0.065157197 0.005721653 0.084416516 -0.647896647 0.757036448 0.059757531 -0.001566134 -0.759833694 -0.650115967 -0.021565713
0.996700704 0.050443813 -0.063585423 0.016242184 0.081103846 -0.649280548 0.756212533 0.064161152 -0.003138525 -0.758874595 -0.651229620 -0.021984532
0.996955633 0.046346702 -0.062700987 0.028610419 0.077749938 -0.651396155 0.754743814 0.069201961 -0.005863292 -0.757321119 -0.653016448 -0.022288650
0.997219265 0.042021904 -0.061545841 0.042248484 0.074030429 -0.653419137 0.753367901 0.073586695 -0.008557269 -0.755829215 -0.654713035 -0.021841943
0.997446001 0.038116347 -0.060403947 0.057926744 0.070594624 -0.654669762 0.752611637 0.077799283 -0.010857824 -0.754953623 -0.655688524 -0.021221779
0.997780919 0.033801675 -0.057364725 0.074556395 0.065479413 -0.654338956 0.753361344 0.082887471 -0.012071090 -0.755445719 -0.655100226 -0.020949073
0.998134196 0.028886363 -0.053793244 0.092081174 0.059616409 -0.651400208 0.756388664 0.088096447 -0.013191611 -0.758184314 -0.651906967 -0.020033523
0.998510122 0.022787046 -0.049581490 0.110410839 0.052547108 -0.646478653 0.761120379 0.093884617 -0.014709689 -0.762591779 -0.646712780 -0.018575020
0.998897731 0.015413186 -0.044336222 0.128621727 0.043909930 -0.640651584 0.766575396 0.099540681 -0.016588695 -0.767677248 -0.640622258 -0.017656699
0.999226630 0.009981807 -0.038033493 0.147126287 0.035675559 -0.636891723 0.770127594 0.105056308 -0.016535945 -0.770888865 -0.636755228 -0.016259372
0.999466598 0.004399221 -0.032359999 0.165556073 0.027776290 -0.635645866 0.771481276 0.109570943 -0.017175574 -0.771968603 -0.635429025 -0.015623569
0.999659240 0.000977279 -0.026084501 0.182844773 0.020718697 -0.637544870 0.770134687 0.113952301 -0.015877403 -0.770412683 -0.637347937 -0.017264202
0.999848306 -0.001829511 -0.017320052 0.200168043 0.012085520 -0.643191099 0.765610456 0.117187418 -0.012540794 -0.765703678 -0.643071413 -0.018627599
0.999971747 -0.003184627 -0.006807111 0.216120884 0.003091198 -0.651308060 0.758807063 0.120364085 -0.006850044 -0.758806705 -0.651279807 -0.021237835
0.999967337 -0.008058968 0.000594453 0.230686575 -0.005754925 -0.658572555 0.752495348 0.122803912 -0.005672846 -0.752474248 -0.658597350 -0.023220196
0.999942005 -0.010515741 0.002320860 0.242945403 -0.008715631 -0.663693666 0.747953892 0.125380427 -0.006324948 -0.747930765 -0.663746834 -0.026009351
0.999945641 -0.009689083 0.003853253 0.254077047 -0.009330548 -0.666479945 0.745464742 0.126783043 -0.004654755 -0.745460212 -0.666534066 -0.027968332
0.999953628 -0.009218968 0.002778794 0.263084441 -0.008219225 -0.666934013 0.745071411 0.128707200 -0.005015518 -0.745059729 -0.666978955 -0.030533433
0.999951303 -0.009818352 0.000998195 0.269904554 -0.007280032 -0.665561676 0.746307731 0.129830956 -0.006663150 -0.746278644 -0.665600777 -0.032182142
0.999932170 -0.011477258 -0.001974081 0.274451524 -0.006132052 -0.662999988 0.748594284 0.130803734 -0.009900625 -0.748531461 -0.663025379 -0.033531472
0.999912739 -0.011921197 -0.005692161 0.276890248 -0.003595770 -0.660221219 0.751062751 0.130964637 -0.012711652 -0.750976801 -0.660206437 -0.034530029
0.999869049 -0.014415886 -0.007352682 0.277350247 -0.003946068 -0.657833338 0.753153443 0.130454987 -0.015694212 -0.753025770 -0.657804132 -0.035262033
0.996268630 -0.064292759 0.057578735 0.216987833 -0.085642934 -0.653854609 0.751757562 0.163828626 -0.010684447 -0.753883660 -0.656921029 0.151083440
0.996456385 -0.064614534 0.053848498 0.205004513 -0.083058581 -0.654932857 0.751108944 0.160641253 -0.013265409 -0.752919853 -0.657978892 0.152537897
0.996911287 -0.061260432 0.049142912 0.191942692 -0.077342704 -0.657155275 0.749776959 0.157154024 -0.013637142 -0.751261950 -0.659863472 0.152521670
0.997213602 -0.059585921 0.044884320 0.177636012 -0.073080517 -0.659502387 0.748141825 0.154032618 -0.014977407 -0.749337375 -0.662019372 0.152546793
0.997479498 -0.058201563 0.040586300 0.161002114 -0.068958171 -0.660400510 0.747740686 0.150546432 -0.016716467 -0.748654783 -0.662749410 0.152525663
0.997755289 -0.057276689 0.034695558 0.143193558 -0.063931696 -0.660545349 0.748059154 0.147760093 -0.019928357 -0.748598099 -0.662724495 0.152889460
0.998075128 -0.054055315 0.030399149 0.123676077 -0.058544699 -0.659527659 0.749396861 0.144033849 -0.020459803 -0.749734104 -0.661422729 0.153508961
0.998393059 -0.050917007 0.024873797 0.103563458 -0.052245885 -0.657083273 0.752005517 0.140195817 -0.021945715 -0.752096713 -0.658687592 0.154919088
0.998698175 -0.047141433 0.019483209 0.082224853 -0.045579031 -0.653241873 0.755776525 0.136357009 -0.022901140 -0.755680680 -0.654540062 0.156852722
0.998997986 -0.042714179 0.013360442 0.061169967 -0.037938952 -0.649882436 0.759087205 0.132894129 -0.023741070 -0.758833528 -0.650851727 0.159480959
0.999175727 -0.039265566 0.010299732 0.038256653 -0.033236608 -0.645638227 0.762920082 0.128965229 -0.023306586 -0.762633502 -0.646411061 0.161820829
0.999290764 -0.037068974 0.006624431 0.015010554 -0.028960483 -0.644104958 0.764389038 0.125443757 -0.024068289 -0.764038801 -0.644721627 0.164713413
0.999415398 -0.034067348 0.002886426 -0.008514166 -0.024163295 -0.644085765 0.764571726 0.121740043 -0.024187822 -0.764194429 -0.644532323 0.166444615
0.999574900 -0.029090818 -0.001936139 -0.031947564 -0.017341368 -0.646614075 0.762620151 0.118183136 -0.023437180 -0.762262404 -0.646843672 0.168007612
0.999652326 -0.025568143 -0.006443921 -0.056493625 -0.011717617 -0.649698257 0.760101855 0.114024460 -0.023620998 -0.759762108 -0.649771929 0.168097079
0.999755383 -0.019875903 -0.009702520 -0.080450907 -0.005621917 -0.652633905 0.757652879 0.110460550 -0.021391224 -0.757413030 -0.652585983 0.167879775
0.999805152 -0.015861865 -0.011751094 -0.103839293 -0.001464320 -0.653230906 0.757157326 0.107235864 -0.019686107 -0.756992579 -0.653126836 0.167919561
0.999807537 -0.014245097 -0.013487523 -0.128010750 0.000936253 -0.652101040 0.758131444 0.103882402 -0.019594884 -0.757998168 -0.651962280 0.167695135
0.999764264 -0.013058990 -0.017345259 -0.151599079 0.004694918 -0.649958849 0.759955108 0.100387201 -0.021197947 -0.759857357 -0.649744391 0.167011991
0.999755681 -0.010779469 -0.019296305 -0.175293982 0.007706099 -0.648249388 0.761389256 0.096564323 -0.020716188 -0.761351943 -0.648007989 0.166608602
0.999728799 -0.008000017 -0.021869469 -0.198400289 0.011528135 -0.645957232 0.763286829 0.093625024 -0.020233043 -0.763332009 -0.645689845 0.165605396
0.999699533 -0.005663575 -0.023847740 -0.221643537 0.014581769 -0.644624472 0.764360309 0.089994863 -0.019701850 -0.764478445 -0.644348145 0.164700881
0.999513447 -0.004199915 -0.030906895 -0.243924886 0.020893773 -0.645564914 0.763419509 0.086527407 -0.023158705 -0.763693810 -0.645163059 0.163303420
0.999272764 -0.000986326 -0.038118206 -0.266172618 0.028373457 -0.648604989 0.760596097 0.082591161 -0.025473855 -0.761124551 -0.648105264 0.161298022
0.998962581 0.002977088 -0.045440629 -0.284633040 0.036335360 -0.653594613 0.755972385 0.079496399 -0.027449146 -0.756839275 -0.653024793 0.159027025
0.998570681 0.006428635 -0.053059198 -0.303048760 0.044166900 -0.658300281 0.751458883 0.076162562 -0.030098019 -0.752728224 -0.657643199 0.156479970
0.998005390 0.007642370 -0.062663995 -0.319059968 0.052054442 -0.661207557 0.748395085 0.073404431 -0.035714388 -0.750164270 -0.660286546 0.154281944
0.997401714 0.009097969 -0.071463868 -0.334052742 0.059644513 -0.660630226 0.748338223 0.070989326 -0.040402833 -0.750656247 -0.659456253 0.152837634
0.996926546 0.010853270 -0.077586733 -0.346260697 0.065628603 -0.656535983 0.751434386 0.068932489 -0.042782955 -0.754216731 -0.655230403 0.152141228
0.996449471 0.012124648 -0.083315387 -0.356377512 0.071098335 -0.651202440 0.755566239 0.067623615 -0.045094218 -0.758807182 -0.649752378 0.152369887
0.995946586 0.012100387 -0.089128681 -0.363421082 0.075828850 -0.645907402 0.759640694 0.066135168 -0.048376910 -0.763320088 -0.644206762 0.152950644
0.995725095 0.013223886 -0.091415018 -0.367185652 0.078509860 -0.642554760 0.762207031 0.065467879 -0.048659816 -0.766125679 -0.640846133 0.153847992
0.995717406 0.015002795 -0.091224007 -0.367679387 0.079576217 -0.641360402 0.763102114 0.064250022 -0.047058783 -0.767093241 -0.639807582 0.154710412
0.995882392 0.017387224 -0.088971652 -0.365004331 0.079298489 -0.642690778 0.762010872 0.063383564 -0.043931998 -0.765928566 -0.641423225 0.155641153
0.996295214 0.017374277 -0.084225453 -0.359350950 0.075566754 -0.644403338 0.760942876 0.062871054 -0.041054331 -0.764488399 -0.643328905 0.156579852
0.986709595 -0.130723149 0.096517369 0.350116462 -0.158785254 -0.649504304 0.743593931 -0.130438790 -0.034516498 -0.749036789 -0.661629081 -0.187058643
0.986150265 -0.131350979 0.101264775 0.361071497 -0.162701830 -0.647676706 0.744340956 -0.128544182 -0.032183092 -0.750508010 -0.660077572 -0.191305593
0.984369695 -0.134286597 0.113944575 0.370196640 -0.173999086 -0.641589403 0.747052372 -0.125236869 -0.027213480 -0.755201995 -0.654926896 -0.195718139
0.981795490 -0.138055339 0.130454481 0.378849000 -0.188721254 -0.631300926 0.752225816 -0.121239588 -0.021492772 -0.763151467 -0.645862341 -0.199819356
0.979431152 -0.139400274 0.145884156 0.385639906 -0.201120585 -0.616097212 0.761560619 -0.116784677 -0.016282953 -0.775236547 -0.631461143 -0.203505158
0.977647901 -0.136812240 0.159646422 0.390429884 -0.210019499 -0.600021958 0.771923482 -0.112379596 -0.009817243 -0.788198292 -0.615343451 -0.206204891
0.975723147 -0.134637281 0.172734320 0.394908667 -0.218957826 -0.582880616 0.782500982 -0.108895615 -0.004670307 -0.801325798 -0.598210096 -0.207673699
0.973395407 -0.132452235 0.186970085 0.398612887 -0.229130760 -0.565195441 0.792498171 -0.104942322 0.000706479 -0.814254701 -0.580507517 -0.208258569
0.971043169 -0.132847637 0.198561609 0.402168185 -0.238886297 -0.550098419 0.800203323 -0.101182863 0.002923273 -0.824465632 -0.565904856 -0.207259819
0.968588948 -0.135055318 0.208795294 0.406043768 -0.248629615 -0.540590644 0.803707182 -0.096889019 0.004327834 -0.830374658 -0.557188988 -0.206800163
0.965856671 -0.143492863 0.215709746 0.409650028 -0.259075642 -0.537670851 0.802365363 -0.093145281 0.000847101 -0.830855072 -0.556488395 -0.206515431
0.963119030 -0.151849478 0.222134039 0.415025592 -0.269075304 -0.541920543 0.796191454 -0.087756962 -0.000522271 -0.826597929 -0.562792897 -0.206463635
0.959466159 -0.162410438 0.230320454 0.421628118 -0.281811714 -0.545325398 0.789431751 -0.081266135 -0.002612397 -0.822340071 -0.568990469 -0.207367018
0.955794334 -0.173246056 0.237577468 0.429630697 -0.293992937 -0.549220085 0.782256722 -0.072929710 -0.005040593 -0.817522645 -0.575874567 -0.207656220
0.952261031 -0.182184383 0.244964957 0.437474400 -0.305231512 -0.553150773 0.775150359 -0.063824862 -0.005717762 -0.812916458 -0.582352281 -0.209271550
0.949442506 -0.189533651 0.250271618 0.445173204 -0.313893735 -0.559293866 0.767242849 -0.053600132 -0.005442992 -0.807011664 -0.590510845 -0.210605308
0.948227406 -0.193880200 0.251545757 0.452966154 -0.317548335 -0.565622807 0.761074245 -0.042661786 -0.005277224 -0.801549375 -0.597905397 -0.211113438
0.948228240 -0.196692422 0.249349713 0.459457934 -0.317528725 -0.571771383 0.756474018 -0.031174019 -0.006221674 -0.796485782 -0.604625344 -0.211633265
0.948352396 -0.202321321 0.244323090 0.463821054 -0.317004651 -0.576160789 0.753356934 -0.017120883 -0.011650786 -0.791899443 -0.610540271 -0.212614805
0.950521231 -0.202861533 0.235279769 0.466282010 -0.310244441 -0.580723882 0.752667308 -0.002672106 -0.016054630 -0.788420558 -0.614927053 -0.212887764
0.953472793 -0.200440720 0.225195765 0.466355771 -0.300803423 -0.582522511 0.755105793 0.013176024 -0.020172358 -0.787712514 -0.615712643 -0.212370038
0.957798421 -0.192843452 0.213151634 0.464224368 -0.286512762 -0.580969214 0.761830389 0.029266268 -0.023079462 -0.790750563 -0.611703515 -0.211291924
0.962283373 -0.183393195 0.200941801 0.459477127 -0.270833403 -0.576046348 0.771245837 0.046273366 -0.025689460 -0.796578765 -0.603988767 -0.211050272
0.967456341 -0.170537129 0.186936766 0.452782542 -0.251644999 -0.571021676 0.781414986 0.062371820 -0.026515327 -0.803026557 -0.595353365 -0.211073160
0.972147107 -0.156666577 0.174314708 0.442820311 -0.233041376 -0.567019582 0.790051043 0.079023764 -0.024934746 -0.808668315 -0.587736130 -0.210713521
0.976851225 -0.143831909 0.158347949 0.431235850 -0.212453455 -0.565775514 0.796719313 0.094166726 -0.025004268 -0.811917782 -0.583236098 -0.211381912
0.981703877 -0.131420597 0.137789994 0.416328490 -0.188461021 -0.567234874 0.801702738 0.108673066 -0.027200986 -0.813002706 -0.581624269 -0.211522341
0.986231685 -0.120718293 0.113022864 0.398145169 -0.162076980 -0.569903255 0.805568933 0.120525599 -0.032834802 -0.812795997 -0.581622362 -0.211596951
0.990258873 -0.111049056 0.083996728 0.376353204 -0.132936060 -0.574588895 0.807574213 0.130023226 -0.041416775 -0.810873687 -0.583754182 -0.212314740
0.993403494 -0.100124910 0.055897221 0.351834506 -0.103959203 -0.580642223 0.807494462 0.136087090 -0.048394024 -0.807978809 -0.587220907 -0.213568449
0.995602727 -0.089322321 0.028226256 0.324859619 -0.075511269 -0.586927891 0.806110382 0.139262736 -0.055436879 -0.804697156 -0.591091752 -0.214027002
0.996968985 -0.077799618 -0.000197832 0.295167923 -0.046097636 -0.592766285 0.804054379 0.138079420 -0.062672392 -0.801608205 -0.594556093 -0.214664310
0.997515738 -0.065340884 -0.026323080 0.264447808 -0.018003857 -0.597738981 0.801488817 0.135153279 -0.068104312 -0.799023807 -0.597430468 -0.214726388
0.997427642 -0.050811060 -0.050559957 0.232636213 0.009882335 -0.601141334 0.799081802 0.127422437 -0.070995860 -0.797525883 -0.599092841 -0.214592725
0.996161044 -0.042297479 -0.076642796 0.200018525 0.035687719 -0.603237391 0.796762884 0.115115643 -0.079934865 -0.796439350 -0.599412084 -0.213956952
0.994288385 -0.038523402 -0.099531598 0.167988822 0.056165371 -0.604133248 0.794901729 0.101537079 -0.090752639 -0.795951843 -0.598518968 -0.212333247
0.991714299 -0.037449010 -0.122883469 0.138040379 0.075368352 -0.605023861 0.792632461 0.084222779 -0.104030699 -0.795326471 -0.597188354 -0.210155845
0.989700377 -0.034948029 -0.138823062 0.110509306 0.089156613 -0.608231664 0.788736641 0.066014379 -0.112001359 -0.792989910 -0.598851323 -0.208741546
0.988658965 -0.030380938 -0.147073090 0.087582193 0.098008916 -0.611495018 0.785155058 0.045261085 -0.113788180 -0.790665030 -0.601582408 -0.206260458
0.987979949 -0.028093696 -0.152007967 0.068134405 0.102840647 -0.614705443 0.782023728 0.024097160 -0.115410060 -0.788256347 -0.604427457 -0.206711769
0.988240361 -0.024955507 -0.150858074 0.054423820 0.103480801 -0.617190123 0.779979467 0.000309825 -0.112572908 -0.786418080 -0.607349753 -0.207165316
0.989189923 -0.026747599 -0.144179955 0.044654287 0.096743055 -0.619857788 0.778728008 -0.022114575 -0.110200152 -0.784258366 -0.610569477 -0.209518433
0.990004241 -0.032619968 -0.137213662 0.039512999 0.087120786 -0.623641610 0.776840508 -0.046462595 -0.110912658 -0.781029522 -0.614565969 -0.211209059
0.991025090 -0.041907500 -0.126937285 0.037953988 0.072471544 -0.629489541 0.773621857 -0.068222672 -0.112326249 -0.775878012 -0.620802879 -0.214723706
0.991746843 -0.055339292 -0.115653686 0.041116584 0.054236799 -0.636284947 0.769545138 -0.091865957 -0.116174795 -0.769466698 -0.628032207 -0.217100739
0.992759287 -0.069140844 -0.098226771 0.047792852 0.030910663 -0.643150687 0.765115559 -0.112285912 -0.116075352 -0.762611806 -0.636356592 -0.221027493
0.993382931 -0.087209612 -0.074731760 0.059208505 0.000501055 -0.647397280 0.762152612 -0.135366142 -0.114848174 -0.757146895 -0.643069744 -0.223650038
0.993241787 -0.106613852 -0.045871388 0.074175477 -0.034335814 -0.647450686 0.761333704 -0.153739423 -0.110868156 -0.754613400 -0.646735787 -0.226755887
0.991550982 -0.129082382 -0.012821712 0.092330478 -0.073660783 -0.641660690 0.763443470 -0.172257513 -0.106774271 -0.756048679 -0.645747542 -0.228315398
0.988235056 -0.151178241 0.023163930 0.113210559 -0.114576690 -0.631470323 0.766888261 -0.186426044 -0.101309486 -0.760519981 -0.641362667 -0.229543224
0.983270884 -0.171400487 0.061646305 0.136474997 -0.156108081 -0.618583322 0.770055354 -0.201817364 -0.093854479 -0.766796529 -0.634992003 -0.229966715
0.976833165 -0.189001888 0.100375623 0.161884323 -0.196395606 -0.605429530 0.771287262 -0.211339772 -0.085004404 -0.773132265 -0.628522754 -0.229884267
0.968689144 -0.205947161 0.138661921 0.188787594 -0.236321896 -0.593624830 0.769260466 -0.221200585 -0.076113842 -0.777943075 -0.623707771 -0.229194805
0.959567249 -0.222859398 0.171943098 0.216634184 -0.272677064 -0.584402919 0.764277697 -0.224519730 -0.069842428 -0.780260801 -0.621542454 -0.228845030
0.949789524 -0.239131749 0.201781645 0.245150760 -0.306233525 -0.578142881 0.756288290 -0.227410704 -0.064193919 -0.780107021 -0.622344255 -0.228918776
0.940957367 -0.251096904 0.227045298 0.274896979 -0.333661079 -0.574630857 0.747308373 -0.223212183 -0.057179593 -0.778941512 -0.624484420 -0.229703128
0.933156252 -0.259519100 0.248735368 0.304628968 -0.356060624 -0.572208881 0.738781512 -0.219323963 -0.049399339 -0.777963459 -0.626364827 -0.230742574
0.927148759 -0.263285130 0.266601086 0.335433394 -0.372509152 -0.570963860 0.731599152 -0.207400203 -0.040399604 -0.777612627 -0.627444506 -0.231865823
0.922206879 -0.263847232 0.282699734 0.365431398 -0.385475099 -0.569174647 0.726257026 -0.195443988 -0.030715406 -0.778732955 -0.626603246 -0.233647302
0.918893754 -0.260914385 0.295901924 0.395548016 -0.393906236 -0.565494537 0.724606216 -0.178821117 -0.021729290 -0.782393754 -0.622405171 -0.234429732
0.917354763 -0.254053473 0.306458890 0.423950195 -0.397861898 -0.560233951 0.726528704 -0.159392357 -0.012888461 -0.788412869 -0.615011454 -0.235779449
0.917373657 -0.246161997 0.312777579 0.449613929 -0.397966146 -0.553519726 0.731600344 -0.139528662 -0.006963626 -0.795625746 -0.605748653 -0.236278370
