1.000000000 0.000000000 0.000000000 0.000000000 0.000000000 1.000000000 0.000000000 0.000000060 0.000000000 0.000000000 1.000000000 0.000000596
0.999996662 0.000668408 -0.002493870 -0.000461527 -0.000655038 0.999985456 0.005358296 -0.003414503 0.002497415 -0.005356645 0.999982536 -0.002375548
0.999974430 -0.001829975 -0.006909424 -0.000942578 0.001863591 0.999986470 0.004861937 -0.009598030 0.006900433 -0.004874690 0.999964297 -0.003812731
0.999920726 -0.004421443 -0.011789816 -0.002408145 0.004397496 0.999988198 -0.002056316 -0.019491052 0.011798770 0.002004307 0.999928355 -0.006815967
0.999807775 -0.007316226 -0.018190140 -0.003247824 0.007089220 0.999896586 -0.012512968 -0.032031793 0.018279808 0.012381609 0.999756217 -0.012067116
0.999656856 -0.009693136 -0.024336634 -0.002869672 0.009134499 0.999694586 -0.022961780 -0.048697457 0.024551773 0.022731598 0.999440074 -0.018837724
0.999469519 -0.011295662 -0.030545987 -0.003129414 0.010398894 0.999514818 -0.029359169 -0.066594198 0.030862797 0.029025950 0.999102116 -0.021525383
0.999102771 -0.015387760 -0.039456613 -0.001720313 0.014240322 0.999472201 -0.029198954 -0.087087564 0.039885096 0.028610883 0.998794556 -0.030574555
0.998569191 -0.021297324 -0.049050700 0.000340944 0.020076193 0.999479413 -0.025254855 -0.107052907 0.049563024 0.024233969 0.998476923 -0.045568056
0.998103440 -0.026241977 -0.055685803 -0.002616161 0.025244139 0.999509215 -0.018547595 -0.129720390 0.056145199 0.017106678 0.998276055 -0.043759096
0.997289956 -0.034479275 -0.064992107 -0.002690521 0.033668533 0.999341488 -0.013529089 -0.152625620 0.065415777 0.011304236 0.997794092 -0.051154409
0.996678889 -0.038078912 -0.071980633 -0.002448568 0.037085310 0.999198139 -0.015090587 -0.174470395 0.072497554 0.012371045 0.997291863 -0.057585921
0.996504784 -0.034044765 -0.076283656 -0.002271502 0.032469891 0.999235153 -0.021791313 -0.197546005 0.076967187 0.019238226 0.996847987 -0.063942485
0.996251225 -0.027890945 -0.081887715 -0.002824720 0.025392303 0.999184370 -0.031397685 -0.220597893 0.082696639 0.029200664 0.996146858 -0.069643185
0.995585024 -0.026373338 -0.090082496 -0.003159023 0.022698905 0.998877585 -0.041573510 -0.245051250 0.091077819 0.039345190 0.995066226 -0.077975467
0.994467199 -0.032585219 -0.099866025 -0.004116179 0.027505921 0.998277426 -0.051822938 -0.270291567 0.101382665 0.048789307 0.993650436 -0.083729960
0.993080497 -0.044632602 -0.108623251 -0.005054238 0.038130414 0.997395754 -0.061218943 -0.294720799 0.111072734 0.056653488 0.992196143 -0.090044342
0.991840243 -0.056556705 -0.114255488 -0.004225450 0.048703771 0.996329665 -0.070392817 -0.319492608 0.117817312 0.064253762 0.990954340 -0.097667277
0.991104186 -0.064282827 -0.116534069 0.000276501 0.055298205 0.995358765 -0.078759722 -0.344540715 0.121056095 0.071614973 0.990058959 -0.109791107
0.990768850 -0.068715326 -0.116856016 0.000150326 0.059032414 0.994681954 -0.084398054 -0.362578690 0.122034006 0.076720662 0.989556313 -0.111942820
0.990895569 -0.068432845 -0.115943432 0.002303254 0.058407031 0.994427085 -0.087768734 -0.376536041 0.121303558 0.080197737 0.989370406 -0.117215194
0.990778625 -0.068105944 -0.117129490 0.007464414 0.057811733 0.994339228 -0.089147337 -0.388558239 0.122537911 0.081553809 0.989107370 -0.125122681
0.991034091 -0.066933155 -0.115634724 0.009149802 0.056581024 0.994278729 -0.090599887 -0.393435448 0.121037290 0.083244853 0.989151299 -0.125922412
0.991878927 -0.063738957 -0.110061347 0.012446365 0.053400535 0.994095922 -0.094454393 -0.392194569 0.115431964 0.087809995 0.989426553 -0.125331536
0.993317544 -0.057392891 -0.100131772 0.017963570 0.047387492 0.993899703 -0.099588327 -0.384992778 0.105236597 0.094177835 0.989977658 -0.125253558
0.993964136 -0.055251800 -0.094776541 0.023591794 0.045419581 0.993650854 -0.102932312 -0.372859091 0.099861979 0.098006316 0.990162790 -0.118339390
0.994247198 -0.054148681 -0.092414722 0.026104888 0.044498429 0.993637204 -0.103465185 -0.356897920 0.097429201 0.098757654 0.990330517 -0.110864900
0.994770885 -0.047925673 -0.090188682 0.032478198 0.038807459 0.994203031 -0.100271113 -0.335651129 0.094471425 0.096246786 0.990864098 -0.091903642
0.995214939 -0.041685440 -0.088371709 0.035446972 0.033570319 0.995247722 -0.091405503 -0.313371807 0.091762021 0.088001452 0.991884828 -0.083864801
0.995740592 -0.033556294 -0.085875601 0.038389795 0.026922891 0.996646702 -0.077269368 -0.289379328 0.088180512 0.074628226 0.993305027 -0.076142959
0.996164799 -0.026736343 -0.083311751 0.034900609 0.021825491 0.998001039 -0.059308752 -0.264640212 0.084730908 0.057262972 0.994757056 -0.081985168
0.996695280 -0.018530300 -0.079089507 0.038034830 0.015312037 0.999037445 -0.041105688 -0.239493445 0.079775080 0.039758824 0.996019661 -0.074852593
0.996990919 -0.012216323 -0.076549992 0.040965609 0.010221041 0.999599099 -0.026402889 -0.214722857 0.076841846 0.025541021 0.996716082 -0.068110168
0.997146606 -0.007000530 -0.075164251 0.044187054 0.005815156 0.999855459 -0.015977731 -0.190725014 0.075265236 0.015495049 0.997043133 -0.061623778
0.997217059 -0.002534219 -0.074509598 0.046711508 0.001812559 0.999950826 -0.009751497 -0.167559221 0.074530639 0.009589307 0.997172594 -0.055322591
0.997215807 0.000460808 -0.074568115 0.048574049 -0.000991948 0.999974430 -0.007086016 -0.145545229 0.074562944 0.007140255 0.997190773 -0.049817391
0.997361004 0.005741032 -0.072374567 0.050772633 -0.006323665 0.999949396 -0.007823689 -0.123166241 0.072325990 0.008260714 0.997346818 -0.044438235
0.997624278 0.015224632 -0.067186043 0.052758023 -0.015852608 0.999835432 -0.008823575 -0.104250424 0.067040652 0.009867687 0.997701466 -0.040509168
0.997634113 0.026193175 -0.063561849 0.053888105 -0.026719581 0.999615252 -0.007445812 -0.088705719 0.063342370 0.009126542 0.997950137 -0.037843958
0.997422397 0.038027786 -0.060848065 0.055879705 -0.038279176 0.999262691 -0.002970735 -0.077438422 0.060690232 0.005292291 0.998142600 -0.037093855
0.996964991 0.048461936 -0.060927786 0.055879321 -0.048272796 0.998823702 0.004573266 -0.072696850 0.061077744 -0.001618232 0.998131692 -0.037557874
0.996496856 0.055655822 -0.062421348 0.055750154 -0.054901630 0.998397291 0.013734432 -0.074943826 0.063085705 -0.010259286 0.997955382 -0.040220596
0.996133089 0.056749605 -0.067070082 0.056552749 -0.055387832 0.998222649 0.021993278 -0.084138684 0.068198979 -0.018193366 0.997505844 -0.046077337
0.995813310 0.055341862 -0.072753675 0.056453481 -0.053539544 0.998214185 0.026495375 -0.100475997 0.074090056 -0.022489250 0.996997952 -0.052722942
0.995603681 0.051839955 -0.078012258 0.056786511 -0.049928114 0.998407483 0.026262321 -0.122017398 0.079249457 -0.022251859 0.996606410 -0.060370464
0.995340168 0.045354899 -0.085093498 0.057743132 -0.043563630 0.998790622 0.022791656 -0.147377029 0.086024299 -0.018978467 0.996112287 -0.069774583
0.995092452 0.038153954 -0.091297612 0.057863120 -0.036801942 0.999187231 0.016447360 -0.175072074 0.091850936 -0.013006715 0.995687842 -0.078395471
0.994840741 0.030941285 -0.096615382 0.058034256 -0.030483741 0.999516010 0.006208531 -0.204320207 0.096760713 -0.003231301 0.995302439 -0.086929388
0.994613886 0.027118614 -0.100038968 0.057755269 -0.027928343 0.999587476 -0.006702295 -0.234463304 0.099815942 0.009460118 0.994960964 -0.094176255
0.994389355 0.023064196 -0.103237033 0.057639733 -0.025509428 0.999422967 -0.022428164 -0.264507294 0.102660179 0.024935843 0.994403899 -0.101995282
0.994508445 0.019309897 -0.102859795 0.056636792 -0.023336720 0.999001801 -0.038090132 -0.293555528 0.102021605 0.040281370 0.993966281 -0.107503556
0.994965613 0.014102374 -0.099219710 0.058953356 -0.019243499 0.998510659 -0.051050849 -0.323878825 0.098352000 0.052703172 0.993755102 -0.118601955
0.995891809 0.012754209 -0.089648105 0.058129858 -0.018315908 0.997939467 -0.061493035 -0.349705338 0.088679083 0.062882401 0.994073331 -0.123432972
0.996873796 0.015188608 -0.077536635 0.056682527 -0.020595975 0.997374654 -0.069423363 -0.371963680 0.076278634 0.070803270 0.994569480 -0.127352789
0.997818828 0.020833205 -0.062638335 0.061379809 -0.025608212 0.996746659 -0.076421723 -0.388771832 0.060842440 0.077859089 0.995106101 -0.122541249
0.998416364 0.023405343 -0.051155873 0.059868485 -0.027457617 0.996416330 -0.080003865 -0.403873593 0.049100026 0.081281789 0.995481014 -0.124670632
0.998390913 0.020672524 -0.052803881 0.057801962 -0.024955051 0.996338308 -0.081775568 -0.415870249 0.050920025 0.082961701 0.995251000 -0.126625195
0.998179913 0.018470744 -0.057407629 0.056434467 -0.023238404 0.996234775 -0.083523922 -0.423790723 0.055648725 0.084705971 0.994850814 -0.128011256
0.997709870 0.016520677 -0.065589920 0.055115938 -0.022161154 0.996029377 -0.086222440 -0.426610410 0.063905030 0.087478533 0.994114518 -0.128527671
0.997493029 0.018545402 -0.068291537 0.054380376 -0.024697838 0.995601177 -0.090378635 -0.423965663 0.066315033 0.091838710 0.993563294 -0.127046764
0.997518659 0.024534995 -0.065989368 0.056561895 -0.030707473 0.995078385 -0.094212636 -0.418258488 0.063353084 0.096005231 0.993362665 -0.123537667
0.997367442 0.029765161 -0.066122413 0.055849403 -0.036140371 0.994587660 -0.097412802 -0.404784799 0.062865034 0.099546053 0.993045092 -0.117160827
0.997123539 0.034430962 -0.067521155 0.055400729 -0.040994141 0.994306326 -0.098358840 -0.387229830 0.063750118 0.100843892 0.992857695 -0.109390974
0.996798038 0.039257709 -0.069660068 0.053685937 -0.045887958 0.994295418 -0.096285678 -0.366173714 0.065482736 0.099173926 0.992913187 -0.099494129
0.996406138 0.042649157 -0.073183648 0.053344220 -0.049102627 0.994840443 -0.088777393 -0.343029588 0.069019772 0.092051849 0.993359327 -0.090789430
0.995935738 0.047001589 -0.076830223 0.052868281 -0.052813467 0.995749831 -0.075452037 -0.317954093 0.072957322 0.079203047 0.994185150 -0.081836894
0.995358706 0.049249668 -0.082677044 0.052954786 -0.054054741 0.996914208 -0.056922231 -0.294001877 0.079618521 0.061127122 0.994949400 -0.068456344
0.994848013 0.048744131 -0.088890083 0.051799461 -0.052045200 0.998024046 -0.035203561 -0.268349081 0.086998470 0.039648496 0.995419145 -0.060794566
0.994138718 0.045252919 -0.098185249 0.050425336 -0.046717718 0.998827755 -0.012670146 -0.243542641 0.097496785 0.017182874 0.995087504 -0.054025326
0.993633747 0.042342268 -0.104398683 0.049883857 -0.041875236 0.999100626 0.006662318 -0.220123529 0.104586884 -0.002248184 0.994513214 -0.047466580
0.993390322 0.039754048 -0.107681602 0.049630851 -0.037733346 0.999072611 0.020739300 -0.198373765 0.108406216 -0.016539032 0.993969083 -0.041309852
0.993468165 0.036985897 -0.107949033 0.049700387 -0.034121685 0.999018013 0.028261192 -0.178756610 0.108888298 -0.024393193 0.993754625 -0.035159741
0.993791223 0.034464862 -0.105788350 0.049715124 -0.031333264 0.999024272 0.031123549 -0.160733536 0.106757805 -0.027615614 0.993901491 -0.028962923
0.994432986 0.031661116 -0.100501731 0.050006904 -0.028837459 0.999150932 0.029425498 -0.145545423 0.101348042 -0.026363473 0.994501650 -0.023097198
0.995158374 0.027272047 -0.094424531 0.049886055 -0.025098028 0.999393582 0.024135653 -0.132540941 0.095025495 -0.021648929 0.995239437 -0.017688258
0.995882750 0.025906464 -0.086869858 0.049194071 -0.024504205 0.999552250 0.017169941 -0.121989690 0.087275781 -0.014970571 0.996071696 -0.019467646
0.996598244 0.026893977 -0.077901483 0.049818479 -0.026207406 0.999608278 0.009822514 -0.112962134 0.078135133 -0.007747505 0.996912658 -0.015461897
0.997178614 0.030479686 -0.068598434 0.052537605 -0.030196628 0.999530673 0.005159745 -0.105765440 0.068723500 -0.003073746 0.997631013 -0.013105075
0.997545600 0.031411767 -0.062578768 0.051326841 -0.031174546 0.999502599 0.004763794 -0.099177860 0.062697276 -0.002801238 0.998028636 -0.019903421
0.997730255 0.034285601 -0.057955839 0.059769705 -0.033976767 0.999402702 0.006306062 -0.096455917 0.058137432 -0.004322597 0.998299241 -0.020423932
0.998070896 0.032911062 -0.052643437 0.070995778 -0.032412745 0.999421597 0.010292094 -0.095900938 0.052951712 -0.008565921 0.998560309 -0.021572676
0.998502553 0.029530762 -0.046050329 0.090890311 -0.028885828 0.999475956 0.014608240 -0.099315032 0.046457592 -0.013256162 0.998832285 -0.017632041
0.998975635 0.022521485 -0.039249398 0.106752925 -0.021839812 0.999604583 0.017710842 -0.103055358 0.039632753 -0.016835500 0.999072492 -0.020583455
0.999360621 0.016317254 -0.031813562 0.124296248 -0.015761493 0.999720097 0.017642526 -0.108031683 0.032092534 -0.017129818 0.999338090 -0.024304019
0.999665141 0.011082160 -0.023382759 0.143124148 -0.010761761 0.999847054 0.013783987 -0.113492988 0.023531938 -0.013527731 0.999631584 -0.029714797
0.999843717 0.005157419 -0.016910456 0.163092971 -0.005039646 0.999962807 0.006999728 -0.119217679 0.016945928 -0.006913411 0.999832511 -0.034817696
0.999953091 -0.001070928 -0.009629488 0.184405655 0.001058318 0.999998569 -0.001314507 -0.124616548 0.009630881 0.001304254 0.999952793 -0.040487926
0.999962628 -0.008439748 -0.001888314 0.206649885 0.008419557 0.999909878 -0.010456887 -0.128926501 0.001976397 0.010440596 0.999943554 -0.046351649
0.999820530 -0.018188305 0.005296586 0.230144337 0.018286839 0.999648631 -0.019190246 -0.132772148 -0.004945687 0.019283662 0.999801815 -0.052376557
0.999550462 -0.026931031 0.013174072 0.255438626 0.027290149 0.999238551 -0.027884755 -0.135535508 -0.012413075 0.028231744 0.999524355 -0.058373552
0.999177337 -0.034991294 0.020500917 0.282243073 0.035732359 0.998677254 -0.036971644 -0.137431309 -0.019180115 0.037673771 0.999105990 -0.059763625
0.998778522 -0.040109463 0.028857164 0.311095297 0.041416153 0.998072982 -0.046206724 -0.138470709 -0.026948228 0.047345433 0.998515010 -0.066074625
0.998329878 -0.043573629 0.037931662 0.341570854 0.045579795 0.997514307 -0.053737476 -0.138643473 -0.035495836 0.055376641 0.997834384 -0.072891265
0.997871637 -0.045465332 0.046745054 0.373242885 0.048197154 0.997089207 -0.059077453 -0.137897640 -0.043923013 0.061204690 0.997158349 -0.078558050
0.997389734 -0.042449463 0.058409806 0.406341195 0.046127837 0.996938169 -0.063139148 -0.136314899 -0.055550743 0.065668665 0.996294022 -0.085871831
0.996890903 -0.038989544 0.068471611 0.439353824 0.043492228 0.996901035 -0.065549657 -0.134043500 -0.065703675 0.068323836 0.995497286 -0.093349412
0.996443987 -0.038205162 0.075098634 0.471180350 0.043098457 0.996976495 -0.064655654 -0.131836087 -0.072401389 0.067662366 0.995077789 -0.099656023
0.995931685 -0.040230475 0.080632776 0.502628088 0.045163766 0.997156680 -0.060322106 -0.129103884 -0.077976719 0.063718371 0.994916856 -0.107412927
0.995059013 -0.043758724 0.089122131 0.533337235 0.048558947 0.997443616 -0.052424245 -0.126371115 -0.086600289 0.056492895 0.994640112 -0.114812076
0.993615270 -0.049787864 0.101241864 0.563030720 0.054327384 0.997614682 -0.042585310 -0.125158742 -0.098880135 0.047813620 0.993950009 -0.109755106
0.991583407 -0.056947418 0.116272539 0.591218114 0.061129637 0.997593284 -0.032722868 -0.123670205 -0.114129215 0.039555155 0.992678165 -0.116014153
0.989204526 -0.065611891 0.131032199 0.617678642 0.069442935 0.997275591 -0.024880340 -0.123156346 -0.129042774 0.033711005 0.991065860 -0.122063853
0.986576259 -0.073280267 0.145935938 0.641760230 0.077097006 0.996809423 -0.020663982 -0.124305584 -0.143956050 0.031637818 0.989078224 -0.124164976
0.983577967 -0.079761982 0.161902517 0.663311124 0.084180325 0.996237457 -0.020605238 -0.125558943 -0.159649849 0.033895865 0.986591578 -0.128552526
0.980081141 -0.082135044 0.180816948 0.681710184 0.087892614 0.995839596 -0.024049547 -0.127472624 -0.178089380 0.039462980 0.983222663 -0.131722242
0.976561666 -0.081041455 0.199398130 0.695827007 0.088655159 0.995624244 -0.029540885 -0.129619166 -0.196131587 0.046526168 0.979473174 -0.127052858
0.973200977 -0.077367589 0.216550529 0.705084860 0.087097526 0.995558500 -0.035739653 -0.132014006 -0.212823629 0.053642884 0.975616992 -0.127804294
0.970394909 -0.073979303 0.229914740 0.709809005 0.085612833 0.995483339 -0.041028649 -0.134811044 -0.225841030 0.059497647 0.972345531 -0.128952861
0.968441844 -0.071501322 0.238763303 0.709478140 0.084491424 0.995425165 -0.044608299 -0.136338890 -0.234481454 0.063373998 0.970052660 -0.114532545
0.967307866 -0.070204005 0.243694365 0.703376353 0.083832726 0.995417595 -0.045999266 -0.138573095 -0.239348322 0.064925015 0.968760610 -0.112408362
0.966967165 -0.069755577 0.245170668 0.692149222 0.083454333 0.995452821 -0.045924015 -0.140800893 -0.240852371 0.064867571 0.968391597 -0.109425239
0.967433333 -0.068662249 0.243635356 0.675983369 0.082203366 0.995560706 -0.045842458 -0.143570721 -0.239406139 0.064377166 0.968782902 -0.097227827
0.968834877 -0.065853305 0.238793403 0.655939519 0.079157673 0.995774686 -0.046549264 -0.145645872 -0.234719008 0.064000882 0.969954073 -0.091857366
0.970811129 -0.061935801 0.231710404 0.632888556 0.074833415 0.996074319 -0.047285121 -0.148093686 -0.227872133 0.063244596 0.971634924 -0.085782371
0.973029733 -0.060768533 0.222531736 0.609550774 0.072776064 0.996279776 -0.046154357 -0.151268780 -0.218899131 0.061104544 0.973832309 -0.079091899
0.975581050 -0.064322636 0.210010126 0.582419872 0.074882507 0.996277034 -0.042715963 -0.155577555 -0.206480667 0.057398964 0.976765633 -0.072791755
0.978293300 -0.069681920 0.195157915 0.553692758 0.078798316 0.996114194 -0.039335955 -0.160814628 -0.191658556 0.053860214 0.979982674 -0.067297116
0.980393767 -0.073672578 0.182757810 0.524916828 0.081920534 0.995914578 -0.037989020 -0.166072324 -0.179212406 0.052215815 0.982423723 -0.059036970
0.981930912 -0.073400140 0.174425215 0.495218635 0.081488386 0.995884836 -0.039661020 -0.171746314 -0.170796305 0.053158008 0.983871341 -0.053530652
0.983415723 -0.070369005 0.167157874 0.465318888 0.078662530 0.995951116 -0.043515041 -0.176972821 -0.163418964 0.055942439 0.984969378 -0.047784392
0.985240161 -0.068541646 0.156856328 0.434317380 0.076907814 0.995887101 -0.047896892 -0.179510325 -0.152928263 0.059253417 0.986459315 -0.034573562
0.987154663 -0.067057922 0.145013645 0.405125856 0.075043470 0.995910287 -0.050311405 -0.182751417 -0.141046807 0.060547467 0.988149703 -0.028741259
0.989014506 -0.065152429 0.132685617 0.377303362 0.072409324 0.996089756 -0.050617494 -0.185232788 -0.128868923 0.059669107 0.989864826 -0.021976454
0.991000414 -0.064017333 0.117558189 0.351377726 0.070286863 0.996273935 -0.049979605 -0.187384874 -0.113920607 0.057792604 0.991807520 -0.011346062
0.992865026 -0.062418070 0.101602480 0.327600777 0.067734644 0.996462524 -0.049743798 -0.190295771 -0.098138154 0.056270886 0.993580639 -0.000382899
0.994207323 -0.059859276 0.089267418 0.306959271 0.064539567 0.996636689 -0.050497223 -0.193485588 -0.085944459 0.055965986 0.994726777 0.012504975
0.994981349 -0.057333991 0.082005538 0.289419830 0.061843649 0.996648252 -0.053550746 -0.196517453 -0.078660391 0.058353517 0.995192170 0.028775098
0.995305061 -0.053000513 0.080986463 0.275403023 0.057684060 0.996727526 -0.056628808 -0.200432137 -0.077720083 0.061034568 0.995105207 0.044881575
0.995393097 -0.049967572 0.081827864 0.263643831 0.054731935 0.996869683 -0.057054337 -0.204983100 -0.078720853 0.061270092 0.995012045 0.061733723
0.995049477 -0.050812840 0.085408241 0.250979990 0.055572540 0.996976674 -0.054306347 -0.209277898 -0.082390562 0.058783855 0.994864941 0.084159277
0.994383872 -0.055665046 0.090011835 0.242731228 0.060299687 0.996946454 -0.049615275 -0.214809641 -0.086975142 0.054764312 0.994704068 0.101328738
0.993555307 -0.063702799 0.093753964 0.235917360 0.068172313 0.996646166 -0.045265477 -0.220823199 -0.090555996 0.051365178 0.994565845 0.118353255
0.992804348 -0.069587640 0.097453050 0.229576826 0.074098848 0.996303499 -0.043459434 -0.228233173 -0.094068579 0.050367873 0.994290769 0.135109410
0.992015958 -0.070821539 0.104348771 0.225851685 0.075710416 0.996173739 -0.043655336 -0.234835997 -0.100857772 0.051207080 0.993582189 0.149621293
0.991067469 -0.072020337 0.112242520 0.223460957 0.077469110 0.995980561 -0.044958573 -0.241402835 -0.108553439 0.053252306 0.992663264 0.161379844
0.990231931 -0.078382440 0.115312494 0.219555080 0.084122993 0.995403111 -0.045781270 -0.249284193 -0.111193977 0.055034503 0.992273688 0.168818355
0.989365041 -0.088386312 0.115519084 0.217325509 0.094271511 0.994459689 -0.046505913 -0.255080819 -0.110768594 0.056901485 0.992215991 0.171755016
0.988501787 -0.098120444 0.115050614 0.215134263 0.104054742 0.993472338 -0.046747725 -0.260653347 -0.109712690 0.058181774 0.992259026 0.170041814
0.987872303 -0.106863745 0.112643167 0.209278479 0.112574749 0.992596209 -0.045603476 -0.263814539 -0.106935829 0.057731189 0.992588460 0.163689569
0.987471282 -0.111396037 0.111764759 0.206069037 0.116853528 0.992195606 -0.043509670 -0.268401742 -0.106045708 0.056024656 0.992781699 0.153193355
0.987329125 -0.107675374 0.116564326 0.201528162 0.113242850 0.992669702 -0.042224653 -0.270674944 -0.111163326 0.054889701 0.992285132 0.140427023
0.987586319 -0.093859777 0.125950754 0.195517033 0.099819779 0.994124591 -0.041860297 -0.269582927 -0.121281743 0.053913034 0.991152942 0.130449980
0.987606883 -0.077244885 0.136623159 0.187907681 0.083524249 0.995668769 -0.040833503 -0.266121536 -0.132877246 0.051738791 0.989781141 0.115376174
0.987573862 -0.064499140 0.143309861 0.178996325 0.070765421 0.996727824 -0.039062157 -0.259792298 -0.140321463 0.048718147 0.988906682 0.099721052
0.987361073 -0.054436099 0.148844972 0.167470843 0.060314070 0.997556388 -0.035262778 -0.249530584 -0.146561697 0.043794543 0.988231599 0.081237964
0.987483740 -0.048050907 0.150223136 0.157196119 0.052918646 0.998189926 -0.028573325 -0.238296226 -0.148578256 0.036165297 0.988239110 0.065315127
0.987687469 -0.043853566 0.150167495 0.147335187 0.047068849 0.998730838 -0.017922711 -0.224819496 -0.149190933 0.024770249 0.988498092 0.050463658
0.988008320 -0.042305741 0.148491859 0.139792308 0.043183055 0.999063551 -0.002687616 -0.209678113 -0.148239106 0.009067718 0.988909960 0.039383270
0.988547564 -0.044200078 0.144291475 0.130653158 0.042180032 0.998964846 0.017030507 -0.193370715 -0.144894853 -0.010749250 0.989388645 0.029481985
0.989197612 -0.046139620 0.139137581 0.122497112 0.041339353 0.998452544 0.037196495 -0.176686764 -0.140638515 -0.031042827 0.989574254 0.021411225
0.989653766 -0.044311337 0.136462301 0.116359405 0.037282318 0.997864008 0.053641945 -0.160661146 -0.138547778 -0.047999322 0.989191890 0.014966800
0.989800453 -0.041247554 0.136358589 0.110060215 0.032741867 0.997409880 0.064042896 -0.145147711 -0.138647020 -0.058925055 0.988587320 0.011163075
0.990000129 -0.038765505 0.135635287 0.104025364 0.029787712 0.997267365 0.067605793 -0.130853698 -0.137885422 -0.062889487 0.988449574 0.009055118
0.990229547 -0.037929699 0.134189412 0.099371776 0.029568991 0.997527182 0.063759267 -0.117442198 -0.136275962 -0.059168465 0.988902390 0.007851243
0.990170121 -0.037355188 0.134787887 0.094186440 0.030313527 0.998084903 0.053922500 -0.105596997 -0.136544049 -0.049306553 0.989406168 0.009017679
0.990224659 -0.039055746 0.133902267 0.089135922 0.033807132 0.998576760 0.041250277 -0.094950080 -0.135322735 -0.036320191 0.990135670 0.011188003
0.990132034 -0.038013309 0.134883478 0.085917465 0.034217268 0.998953462 0.030351494 -0.086696371 -0.135896072 -0.025436644 0.990396500 0.010130341
0.990133166 -0.037620306 0.134985119 0.082810402 0.034792110 0.999124050 0.023250939 -0.079378784 -0.135741591 -0.018325111 0.990574777 0.013563883
0.990111709 -0.038026884 0.135028616 0.080922507 0.035539716 0.999152124 0.020783372 -0.073860869 -0.135704443 -0.015778981 0.990623713 0.018253999
0.989966631 -0.037354622 0.136274472 0.080495209 0.034674872 0.999156773 0.021986192 -0.070063405 -0.136980847 -0.017040296 0.990427136 0.023664732
0.989869118 -0.038442954 0.136679351 0.080089413 0.035225354 0.999044180 0.025883371 -0.066972099 -0.137543738 -0.020806571 0.990277112 0.030772263
0.989424825 -0.041336793 0.139031589 0.080152974 0.037464727 0.998836815 0.030354109 -0.064607464 -0.140124619 -0.024824329 0.989822626 0.038793769
0.988662183 -0.045103118 0.143223077 0.080830909 0.040746480 0.998617470 0.033208754 -0.063183479 -0.144522876 -0.026996400 0.989133120 0.046481226
0.987603962 -0.048807729 0.149185210 0.081777886 0.044222619 0.998446345 0.033900559 -0.061723821 -0.150608033 -0.026882965 0.988227963 0.055865534
0.986698806 -0.052834727 0.153733388 0.083168887 0.048236519 0.998274326 0.033490691 -0.060245499 -0.155237570 -0.025629662 0.987544656 0.065197080
0.985789359 -0.057469483 0.157849908 0.084904201 0.052857388 0.998047829 0.033266045 -0.058348648 -0.159453541 -0.024449781 0.986902595 0.072993271
0.984731078 -0.058693349 0.163889647 0.087236658 0.053995870 0.997996509 0.032975547 -0.056549210 -0.165496737 -0.023622684 0.985927403 0.081384271
0.983929753 -0.060565308 0.167970493 0.089499213 0.055806808 0.997898996 0.032911040 -0.055293184 -0.169610873 -0.023008253 0.985242486 0.089235350
0.983504117 -0.064861692 0.168856740 0.091287076 0.060049232 0.997634530 0.033457931 -0.054359753 -0.170627445 -0.022766296 0.985072553 0.095075473
0.983248949 -0.069664769 0.168428957 0.093515337 0.064928748 0.997328401 0.033471253 -0.053615235 -0.170310736 -0.021974696 0.985145330 0.100464918
0.982609212 -0.071332760 0.171437323 0.096095182 0.066344507 0.997194648 0.034659401 -0.052465502 -0.173428714 -0.022682723 0.984585166 0.105000466
0.982128263 -0.072257854 0.173789844 0.097766526 0.066470660 0.997029781 0.038900539 -0.050674118 -0.176084533 -0.026653394 0.984014153 0.108171791
0.981681347 -0.074557640 0.175336480 0.099432044 0.067415901 0.996647775 0.046349596 -0.048811495 -0.178204417 -0.033680070 0.983416915 0.111246318
0.981401742 -0.077049635 0.175823748 0.100653656 0.068522386 0.996183038 0.054074321 -0.046713099 -0.179319054 -0.041020770 0.982935369 0.114160642
0.981172144 -0.078257412 0.176569954 0.101843342 0.068693802 0.995852888 0.059650172 -0.044465769 -0.180505767 -0.046397831 0.982478976 0.116324492
0.981220841 -0.078861073 0.176030025 0.102825068 0.068898335 0.995694101 0.062017959 -0.042345028 -0.180162862 -0.048725139 0.982429266 0.118779898
0.981755257 -0.079510562 0.172727287 0.103302322 0.069787942 0.995654404 0.061659984 -0.040783070 -0.176879317 -0.048480727 0.983037829 0.120634913
0.981925070 -0.079933599 0.171562761 0.103510380 0.070879623 0.995781124 0.058275376 -0.039615761 -0.175497115 -0.045061748 0.983448148 0.121556111
0.981973767 -0.080105633 0.171203554 0.103646927 0.071951926 0.995981812 0.053321604 -0.038648155 -0.174786985 -0.040041987 0.983791709 0.122802444
0.982291162 -0.080225304 0.169316202 0.103518501 0.073070541 0.996167004 0.048083141 -0.037512358 -0.172524691 -0.034859620 0.984388173 0.123795688
0.982231319 -0.075767912 0.171699762 0.103215188 0.069895990 0.996752024 0.039998844 -0.036966093 -0.174172729 -0.027286993 0.984336972 0.124501176
0.982259989 -0.074064620 0.172278047 0.102384306 0.069179051 0.997017860 0.034200113 -0.037038356 -0.174297303 -0.021675374 0.984454513 0.124248810
0.982730448 -0.070906475 0.170918599 0.101703927 0.066529334 0.997296214 0.031209910 -0.037091099 -0.172669455 -0.019299829 0.984790742 0.124437839
0.982691646 -0.066998057 0.172709003 0.101036400 0.062364019 0.997536302 0.032125693 -0.036688849 -0.174435869 -0.020798821 0.984448850 0.125328913
0.982559562 -0.065250009 0.174124062 0.100454114 0.061552290 0.997750461 0.026558267 -0.036011714 -0.175465286 -0.015377345 0.984365523 0.125737280
0.982432246 -0.065420553 0.174777001 0.099795431 0.063093424 0.997829676 0.018844333 -0.035613772 -0.175630480 -0.007486001 0.984427691 0.125896052
0.982522249 -0.065426171 0.174268216 0.099521831 0.062568709 0.997801542 0.021846710 -0.035590194 -0.175314426 -0.010561140 0.984455824 0.125601664
0.982497215 -0.064115733 0.174895287 0.100019328 0.061295006 0.997888386 0.021488097 -0.035323482 -0.175903708 -0.010391788 0.984352529 0.125397250
0.982417166 -0.065657511 0.174772978 0.100185603 0.063474685 0.997820079 0.018056363 -0.035425492 -0.175577521 -0.006645224 0.984443188 0.125005469
0.982508004 -0.065101944 0.174469844 0.099870518 0.062827952 0.997852325 0.018531363 -0.035442043 -0.175301567 -0.007245631 0.984488130 0.125364989
0.982653916 -0.063145913 0.174367204 0.100028560 0.060799059 0.997973442 0.018773684 -0.035396755 -0.175199315 -0.007846672 0.984501719 0.125204235
0.982712388 -0.063114986 0.174048528 0.100067668 0.060755283 0.997974515 0.018857839 -0.035500120 -0.174886212 -0.007957462 0.984556496 0.124669887
0.982666314 -0.064982310 0.173621044 0.099687882 0.062589765 0.997854114 0.019225841 -0.035190351 -0.174497828 -0.008025685 0.984624863 0.124928303
0.982629180 -0.063866317 0.174243972 0.099994563 0.061442617 0.997924507 0.019274428 -0.035305329 -0.175113305 -0.008233611 0.984513879 0.124933988
0.982616127 -0.064811885 0.173968375 0.099973314 0.062430292 0.997865915 0.019133154 -0.035503168 -0.174837172 -0.007939650 0.984565377 0.125007674
0.982626677 -0.064183630 0.174141526 0.099943735 0.061775092 0.997905016 0.019221796 -0.035191800 -0.175010413 -0.008130241 0.984533012 0.124797553
0.982628644 -0.064509451 0.174010068 0.099879816 0.062118012 0.997884870 0.019160200 -0.035178363 -0.174878031 -0.008018203 0.984557450 0.124739401
0.982617736 -0.064676203 0.174009770 0.099940628 0.062294479 0.997874677 0.019120080 -0.035241574 -0.174876541 -0.007947883 0.984558284 0.124776013
0.982591689 -0.064302392 0.174294978 0.099920906 0.061921220 0.997898817 0.019071128 -0.035233743 -0.175155073 -0.007946575 0.984508812 0.124779284
0.982602179 -0.064977892 0.173985124 0.099743269 0.062629797 0.997856736 0.018958231 -0.035173811 -0.174844086 -0.007731748 0.984565794 0.124818020
0.982604027 -0.063979581 0.174344167 0.099872954 0.061598863 0.997919381 0.019038070 -0.035167158 -0.175199464 -0.007967482 0.984500706 0.124940343
0.982589245 -0.065279290 0.173945531 0.099783152 0.062916040 0.997836590 0.019071732 -0.035281923 -0.174814209 -0.007795714 0.984570563 0.124921374
0.982601166 -0.064302363 0.174241528 0.099890761 0.061915111 0.997898519 0.019107778 -0.035157770 -0.175104037 -0.007987143 0.984517515 0.124947883
0.982601106 -0.064848080 0.174039498 0.099713720 0.062472478 0.997863948 0.019099284 -0.035151877 -0.174906299 -0.007894300 0.984553456 0.124993600
0.982604563 -0.064685926 0.174080610 0.100025795 0.062302079 0.997874022 0.019129651 -0.035230137 -0.174947947 -0.007951297 0.984545588 0.124733433
0.982606769 -0.064712815 0.174057946 0.099984989 0.062327344 0.997872174 0.019142173 -0.035306472 -0.174926326 -0.007960661 0.984549344 0.124859385
0.982631385 -0.064846568 0.173869312 0.099937432 0.062465344 0.997863591 0.019138673 -0.035347540 -0.174738944 -0.007945457 0.984582722 0.124955587
0.982626557 -0.064623035 0.173979536 0.100068338 0.062236059 0.997877777 0.019146433 -0.035194494 -0.174847618 -0.007985994 0.984563112 0.124843754
0.982630074 -0.065109357 0.173778340 0.100003220 0.062738627 0.997847080 0.019106619 -0.035294484 -0.174648240 -0.007872123 0.984599411 0.124920793
0.982621908 -0.064717762 0.173970670 0.100050718 0.062321957 0.997871280 0.019204820 -0.035265516 -0.174843222 -0.008028885 0.984563529 0.124970496
0.982630253 -0.064750381 0.173911318 0.099919677 0.062416784 0.997871935 0.018860022 -0.035162929 -0.174762413 -0.007677445 0.984580696 0.124961831
0.982633948 -0.064422697 0.174012184 0.100022994 0.062067997 0.997892082 0.018945685 -0.035152558 -0.174865901 -0.007816087 0.984561265 0.125108227
0.982623756 -0.065213479 0.173774987 0.100059085 0.062821724 0.997839391 0.019234458 -0.035170555 -0.174653888 -0.007983392 0.984597504 0.125309154
0.982636809 -0.064143367 0.174099058 0.099976987 0.061816793 0.997911215 0.018759018 -0.035213578 -0.174938679 -0.007671056 0.984549463 0.125011981
0.982647061 -0.064091265 0.174060509 0.099981166 0.061756458 0.997914135 0.018802531 -0.035207275 -0.174902514 -0.007726891 0.984555423 0.125098675
0.982639909 -0.064262345 0.174037784 0.099945419 0.061932687 0.997903466 0.018789498 -0.035264779 -0.174880356 -0.007684685 0.984559715 0.125225991
0.982633770 -0.064062290 0.174146339 0.099843614 0.061718337 0.997915626 0.018847611 -0.035198309 -0.174990788 -0.007772278 0.984539390 0.125076085
0.982649207 -0.064172797 0.174018353 0.099851422 0.061841641 0.997909069 0.018790998 -0.035206534 -0.174860358 -0.007703380 0.984563112 0.125059798
0.982649505 -0.064145237 0.174026757 0.099936351 0.061804693 0.997910440 0.018841071 -0.035248421 -0.174871683 -0.007758500 0.984560668 0.125071943
0.982656956 -0.064292900 0.173930377 0.099862836 0.061989851 0.997902572 0.018647090 -0.035225578 -0.174764454 -0.007541774 0.984581411 0.124965936
0.982656837 -0.064265810 0.173940927 0.099879511 0.061945360 0.997903526 0.018742261 -0.035197843 -0.174780756 -0.007642379 0.984577715 0.124995872
0.982646763 -0.064356610 0.173964202 0.099905215 0.062015165 0.997896850 0.018867429 -0.035223462 -0.174812585 -0.007751601 0.984571218 0.125384763
0.982649624 -0.064405516 0.173930123 0.099901155 0.062092755 0.997894943 0.018711632 -0.035199728 -0.174769118 -0.007587178 0.984580219 0.124850243
0.982651651 -0.064453006 0.173901036 0.099902503 0.062136710 0.997891784 0.018736988 -0.035206124 -0.174742058 -0.007606294 0.984584868 0.124865621
0.982645512 -0.064523354 0.173909500 0.099916801 0.062208522 0.997887313 0.018734505 -0.035272017 -0.174750909 -0.007590726 0.984583437 0.124911770
0.982641578 -0.064482085 0.173946962 0.099919051 0.062159520 0.997889638 0.018772822 -0.035207026 -0.174790397 -0.007634497 0.984576046 0.124908224
0.982645810 -0.064449534 0.173935175 0.099911034 0.062129725 0.997891843 0.018754967 -0.035186190 -0.174777240 -0.007622947 0.984578490 0.124849759
0.982644320 -0.064616546 0.173881590 0.099906795 0.062289909 0.997880816 0.018810418 -0.035243597 -0.174728572 -0.007652882 0.984586895 0.124671042
0.982639313 -0.064332031 0.174015403 0.099986255 0.062020209 0.997899771 0.018696167 -0.035116028 -0.174852699 -0.007579118 0.984565437 0.125004530
0.982639551 -0.064466052 0.173964575 0.099989712 0.062150959 0.997891009 0.018728569 -0.035133068 -0.174805030 -0.007591367 0.984573781 0.125010267
0.982646048 -0.064690575 0.173844546 0.099986650 0.062346246 0.997875273 0.018918255 -0.035353165 -0.174699008 -0.007751394 0.984591365 0.124881282
0.982648015 -0.064471580 0.173914522 0.099945158 0.062154572 0.997890532 0.018742025 -0.035198729 -0.174755991 -0.007607231 0.984582365 0.125035241
0.982636452 -0.064683244 0.173901349 0.099970572 0.062365398 0.997876942 0.018765856 -0.035209000 -0.174745977 -0.007594590 0.984584272 0.125005811
0.982632577 -0.064543508 0.173975021 0.100038998 0.062207203 0.997885168 0.018854327 -0.035165798 -0.174824029 -0.007704376 0.984569550 0.124938913
0.982658744 -0.064237908 0.173940614 0.099984072 0.061914578 0.997905195 0.018756086 -0.035238996 -0.174781099 -0.007661374 0.984577537 0.124931797
0.982659936 -0.064222157 0.173939541 0.100070827 0.061893623 0.997905970 0.018784078 -0.035266995 -0.174781665 -0.007692613 0.984577179 0.124930643
0.982763290 -0.064677283 0.173185468 0.100037433 0.062348690 0.997876227 0.018857962 -0.035174090 -0.174037337 -0.007735026 0.984708667 0.124874674
0.982637942 -0.064357713 0.174013779 0.099920906 0.061933581 0.997893035 0.019330807 -0.035324164 -0.174891219 -0.008217889 0.984553456 0.125252932
0.982625484 -0.064624593 0.173984975 0.099928334 0.062189728 0.997875452 0.019415930 -0.035279125 -0.174870074 -0.008258512 0.984556913 0.125115708
0.982661903 -0.064401388 0.173862070 0.100082494 0.062069084 0.997894347 0.018824432 -0.035255834 -0.174708277 -0.007706593 0.984590054 0.124357641
0.982471764 -0.064735666 0.174809843 0.099966779 0.062375069 0.997872472 0.018970286 -0.035217024 -0.175665975 -0.007733998 0.984419465 0.125135005
0.982580960 -0.064672954 0.174218386 0.100040160 0.062296785 0.997875273 0.019078957 -0.035190605 -0.175082117 -0.007893374 0.984522164 0.124967150
0.982607007 -0.064938523 0.173972487 0.100203462 0.062593184 0.997859418 0.018939853 -0.035214227 -0.174830019 -0.007720942 0.984568357 0.124732420
0.982559144 -0.064776361 0.174303189 0.099943303 0.062430099 0.997870088 0.018916043 -0.035252221 -0.175157234 -0.007704366 0.984510303 0.125325248
0.982653916 -0.064831525 0.173747465 0.099753596 0.062460274 0.997864902 0.019086760 -0.035263065 -0.174613938 -0.007903365 0.984605253 0.125080526
0.982598543 -0.065295503 0.173886865 0.099672958 0.062841833 0.997831285 0.019585192 -0.035335153 -0.174788594 -0.008317013 0.984570861 0.124286085
0.982660949 -0.064754851 0.173736289 0.099877372 0.062424086 0.997871637 0.018852241 -0.035344686 -0.174587294 -0.007680034 0.984611750 0.125204563
0.982663274 -0.064917319 0.173662305 0.099830374 0.062562592 0.997860074 0.019004889 -0.035214432 -0.174524426 -0.007810642 0.984621882 0.125149503
0.982522488 -0.065243483 0.174335331 0.099826887 0.062854886 0.997838080 0.019193467 -0.034998272 -0.175210685 -0.007900187 0.984499276 0.125066489
0.982481480 -0.065138333 0.174605519 0.099923886 0.062783413 0.997846603 0.018982958 -0.035364296 -0.175466061 -0.007688077 0.984455466 0.125315592
0.982641637 -0.064773351 0.173838541 0.099975049 0.062417418 0.997869432 0.018991154 -0.035297684 -0.174698278 -0.007810945 0.984591007 0.125117660
0.982638240 -0.064814195 0.173842639 0.100118138 0.062443022 0.997866154 0.019080417 -0.035358444 -0.174708366 -0.007893888 0.984588563 0.125094831
0.982746065 -0.064770654 0.173248187 0.099778257 0.062382281 0.997867584 0.019201353 -0.035337862 -0.174122438 -0.008062439 0.984691024 0.125071138
0.982749581 -0.064619035 0.173284799 0.099855281 0.062221069 0.997876942 0.019240644 -0.035311971 -0.174160212 -0.008126772 0.984683812 0.125050277
0.982760191 -0.064543843 0.173252761 0.099908315 0.062153112 0.997882009 0.019194737 -0.035359293 -0.174124718 -0.008095626 0.984690309 0.125081420
0.982701421 -0.064483501 0.173608080 0.099767230 0.062073894 0.997885346 0.019279281 -0.035416111 -0.174484149 -0.008169247 0.984626114 0.125116527
0.982623577 -0.064380616 0.174086154 0.099869981 0.061977625 0.997892618 0.019210389 -0.035380214 -0.174956083 -0.008087136 0.984543025 0.125134483
0.982589006 -0.064903535 0.174087375 0.100001454 0.062489472 0.997858644 0.019318372 -0.035286032 -0.174968421 -0.008103389 0.984540701 0.125020683
0.982575059 -0.064513035 0.174311116 0.099934764 0.062088158 0.997883379 0.019334449 -0.035376295 -0.175189480 -0.008174891 0.984500825 0.125180736
0.982585669 -0.064736873 0.174168110 0.099919535 0.062306654 0.997868657 0.019390874 -0.035334881 -0.175052196 -0.008201363 0.984524965 0.125110641
0.982601047 -0.064702660 0.174094141 0.099921763 0.062254246 0.997869909 0.019493788 -0.035313740 -0.174984604 -0.008316518 0.984536052 0.125008211
0.982601166 -0.064781807 0.174064055 0.099893220 0.062373016 0.997866690 0.019279175 -0.035279129 -0.174941674 -0.008086840 0.984545588 0.125305772
0.982602239 -0.064955913 0.173992887 0.099807799 0.062555633 0.997855842 0.019249823 -0.035328351 -0.174870208 -0.008030685 0.984558761 0.125289276
0.982613266 -0.064844400 0.173972458 0.099761091 0.062446948 0.997863114 0.019225091 -0.035347011 -0.174847335 -0.008026781 0.984562814 0.125204101
0.982621312 -0.064871348 0.173916683 0.099941216 0.062476657 0.997861445 0.019214515 -0.035364449 -0.174791232 -0.008014860 0.984572887 0.125530854
0.982609749 -0.064835981 0.173995376 0.100044377 0.062425029 0.997863054 0.019299299 -0.035447374 -0.174874842 -0.008102014 0.984557331 0.125512362
0.982635498 -0.065098323 0.173751667 0.100036308 0.062698580 0.997846425 0.019270461 -0.035437979 -0.174631968 -0.008041857 0.984600961 0.125355184
0.982617736 -0.064828947 0.173952758 0.099915706 0.062421251 0.997863591 0.019282332 -0.035280410 -0.174831182 -0.008088814 0.984565198 0.125301629
0.982599199 -0.064962856 0.174007460 0.100015089 0.062542938 0.997854471 0.019360282 -0.035404291 -0.174891815 -0.008140461 0.984553993 0.125362709
