1.000000000 0.000000000 0.000000000 0.000000000 0.000000000 1.000000000 0.000000000 0.000000089 0.000000000 0.000000000 1.000000000 0.000000119
0.999999404 -0.000953521 -0.000545146 0.000250562 0.000952037 0.999995828 -0.002716711 -0.000404969 0.000547734 0.002716190 0.999996185 -0.001443282
0.999989808 -0.002963629 -0.003411743 0.000526253 0.002912226 0.999883652 -0.014974241 -0.002717465 0.003455724 0.014964153 0.999882042 -0.003073553
0.999942422 -0.007515742 -0.007659381 -0.000110756 0.007256407 0.999417663 -0.033341583 -0.006274651 0.007905507 0.033284087 0.999414682 -0.005232843
0.999869406 -0.012080764 -0.010732316 -0.001185690 0.011529492 0.998681605 -0.050021760 -0.011645577 0.011322468 0.049891494 0.998690486 -0.007408889
0.999712348 -0.019799063 -0.013533917 -0.003983606 0.018876912 0.997695804 -0.065166727 -0.017527305 0.014792972 0.064892501 0.997782588 -0.011992965
0.999569237 -0.024303256 -0.016453264 -0.006612132 0.023070199 0.997182071 -0.071384445 -0.021760449 0.018141774 0.070974112 0.997313142 -0.016204577
0.999404311 -0.029055465 -0.018621525 -0.009120936 0.027623013 0.996946156 -0.073043250 -0.027421102 0.020686964 0.072485350 0.997154891 -0.020506794
0.999384940 -0.029586751 -0.018825235 -0.011755267 0.028175540 0.997059524 -0.071263008 -0.033142217 0.020878321 0.070688762 0.997279882 -0.025756765
0.999520183 -0.025229899 -0.017969577 -0.014867028 0.024056012 0.997736752 -0.062791057 -0.038265005 0.019513117 0.062328648 0.997864902 -0.031477112
0.999539316 -0.024721272 -0.017607329 -0.018862136 0.023829781 0.998506665 -0.049158726 -0.045806523 0.018796301 0.048716504 0.998635769 -0.038580459
0.999526143 -0.025325505 -0.017496914 -0.022602784 0.024585770 0.998845398 -0.041272715 -0.052187011 0.018521965 0.040822983 0.998994708 -0.046036776
0.999542117 -0.024987133 -0.017065587 -0.026791930 0.024484130 0.999277353 -0.029073654 -0.058222771 0.017779721 0.028642504 0.999431610 -0.053924367
0.999534965 -0.025472140 -0.016763400 -0.031247290 0.025251204 0.999593139 -0.013261851 -0.065136746 0.017094389 0.012832388 0.999771535 -0.062226851
0.999588072 -0.023703180 -0.016180966 -0.036134496 0.023766495 0.999710560 0.003731879 -0.071731180 0.016087826 -0.004114906 0.999862134 -0.069607586
0.999790251 -0.015944278 -0.012856213 -0.040962428 0.016070021 0.999823451 0.009737586 -0.078784421 0.012698686 -0.009942143 0.999869943 -0.073446073
0.999956250 -0.005734608 -0.007393126 -0.046486661 0.005759379 0.999977887 0.003333680 -0.086761422 0.007373845 -0.003376114 0.999967098 -0.082287364
0.999984086 0.005151593 -0.002309956 -0.052293781 -0.005167625 0.999962211 -0.006989060 -0.097764909 0.002273864 0.007000885 0.999972880 -0.087915555
0.999823928 0.018451300 0.003413816 -0.059238069 -0.018386237 0.999665320 -0.018198345 -0.110711239 -0.003748457 0.018132374 0.999828577 -0.094830513
0.999525368 0.029693827 0.008207601 -0.067307815 -0.029483605 0.999261379 -0.024645964 -0.126029417 -0.008933371 0.024392275 0.999662578 -0.101048931
0.999212921 0.037666477 0.012439958 -0.077259712 -0.037278093 0.998851478 -0.030101784 -0.142057270 -0.013559499 0.029614355 0.999469399 -0.109036937
0.999033511 0.041139286 0.015480082 -0.088906847 -0.040640961 0.998685479 -0.031235345 -0.157607749 -0.016744733 0.030576032 0.999392152 -0.117232643
0.999094009 0.039265968 0.016413281 -0.102585003 -0.038833238 0.998909950 -0.025900723 -0.171298698 -0.017412407 0.025239876 0.999529779 -0.124971069
0.999301374 0.033884387 0.015767334 -0.117991060 -0.033608299 0.999282598 -0.017457778 -0.182545274 -0.016347570 0.016915670 0.999723256 -0.132100344
0.999384165 0.031163497 0.016127264 -0.135421932 -0.030990185 0.999460399 -0.010887147 -0.192465633 -0.016457843 0.010380656 0.999810696 -0.132846996
0.999536097 0.026341455 0.015289549 -0.154140577 -0.026258567 0.999639511 -0.005596853 -0.200801060 -0.015431466 0.005192774 0.999867439 -0.138883144
0.999756515 0.018022707 0.012733023 -0.174359456 -0.018030627 0.999837279 0.000507440 -0.209191561 -0.012721806 -0.000736901 0.999918818 -0.144280329
0.999892354 0.010552192 0.010195083 -0.195596516 -0.010556046 0.999944210 0.000324225 -0.219488859 -0.010191093 -0.000431810 0.999947965 -0.149001852
0.999972582 0.001783216 0.007183531 -0.217932999 -0.001759893 0.999993145 -0.003251689 -0.231352612 -0.007189280 0.003238958 0.999968886 -0.153212607
0.999975443 -0.005177804 0.004722866 -0.240241438 0.005223348 0.999939501 -0.009682308 -0.244028091 -0.004672447 0.009706740 0.999941945 -0.157368466
0.999947965 -0.009839089 0.002684938 -0.264012069 0.009883530 0.999805391 -0.017073631 -0.257714450 -0.002516427 0.017099280 0.999850631 -0.160513610
0.999927759 -0.011815948 0.002202610 -0.287979007 0.011865463 0.999641180 -0.024015527 -0.272828490 -0.001918054 0.024039928 0.999709189 -0.164971977
0.999893606 -0.014539365 0.001183079 -0.312127322 0.014567679 0.999468863 -0.029150015 -0.287354618 -0.000758628 0.029164148 0.999574363 -0.167616442
0.999858618 -0.016810276 0.000428811 -0.336749792 0.016815353 0.999336302 -0.032313500 -0.302893370 0.000114672 0.032316145 0.999477684 -0.171497405
0.999898851 -0.014007540 0.002463299 -0.363926172 0.014077345 0.999418139 -0.031068426 -0.323218733 -0.002026673 0.031099960 0.999514222 -0.160534889
0.999842167 -0.017708890 0.001445028 -0.388931602 0.017745428 0.999353468 -0.031268306 -0.338408917 -0.000890366 0.031289011 0.999509990 -0.165215299
0.999796391 -0.020157101 0.000932311 -0.414340764 0.020176379 0.999309361 -0.031203663 -0.353185833 -0.000302692 0.031216120 0.999512613 -0.169818714
0.999709427 -0.024104608 -0.000202845 -0.440030217 0.024087371 0.999249697 -0.030327979 -0.367954820 0.000933737 0.030314282 0.999539971 -0.174593955
0.999692678 -0.024790937 -0.000121010 -0.465312302 0.024775116 0.999206841 -0.031175353 -0.381861627 0.000893781 0.031162772 0.999513924 -0.179701120
0.999663711 -0.025928941 -0.000341042 -0.490454644 0.025906187 0.999190986 -0.030760759 -0.395386904 0.001138360 0.030741582 0.999526739 -0.183635339
0.999656379 -0.026212147 -0.000145643 -0.516158223 0.026194489 0.999158382 -0.031565305 -0.409116507 0.000972915 0.031550642 0.999501705 -0.187515557
0.999656975 -0.026185594 0.000464322 -0.541528523 0.026187051 0.999145806 -0.031966910 -0.421665668 0.000373147 0.031968102 0.999488831 -0.191173375
0.999628425 -0.027255345 0.000376825 -0.568044305 0.027254153 0.999162972 -0.030505190 -0.435707480 0.000454920 0.030504124 0.999534547 -0.196049005
0.999635339 -0.026991066 0.000846761 -0.594898283 0.027004290 0.999205172 -0.029322576 -0.448313296 -0.000054640 0.029334750 0.999569654 -0.189141423
0.999572694 -0.029217627 0.000837700 -0.620381653 0.029229600 0.999204338 -0.027134463 -0.460865051 -0.000044229 0.027147356 0.999631464 -0.194706470
0.999609172 -0.027913013 0.001527189 -0.645951152 0.027945390 0.999196231 -0.028739331 -0.473796368 -0.000723760 0.028770776 0.999585748 -0.199967831
0.999598265 -0.028278908 0.001892139 -0.672060311 0.028320847 0.999206245 -0.028015433 -0.486706346 -0.001098391 0.028057767 0.999605715 -0.204675481
0.999560416 -0.029591644 0.001810087 -0.697679758 0.029630007 0.999189377 -0.027251931 -0.499463707 -0.001002190 0.027293583 0.999626935 -0.207722440
0.999539912 -0.030259816 0.002088086 -0.723212063 0.030304907 0.999182224 -0.026767019 -0.511624575 -0.001276414 0.026817981 0.999639511 -0.213111132
0.999525785 -0.030714247 0.002196949 -0.748389840 0.030762266 0.999164879 -0.026892319 -0.523021400 -0.001369137 0.026947148 0.999635935 -0.216805130
0.999539077 -0.030263914 0.002397997 -0.773190320 0.030316753 0.999191225 -0.026414802 -0.534733474 -0.001596642 0.026475327 0.999648213 -0.221820876
0.999493003 -0.031786304 0.001828564 -0.798583806 0.031824689 0.999112368 -0.027597925 -0.547208250 -0.000949705 0.027642125 0.999617457 -0.226207703
0.999391079 -0.034881480 0.000882573 -0.825886726 0.034892641 0.999058902 -0.025764424 -0.561202347 0.000016959 0.025779530 0.999667645 -0.222510427
0.999276996 -0.038017754 -0.000392002 -0.850779951 0.037996110 0.998965561 -0.024981299 -0.573152423 0.001341329 0.024948342 0.999687850 -0.227572054
0.999015749 -0.044236422 -0.003273268 -0.876036942 0.044144712 0.998732805 -0.024166815 -0.584855855 0.004338174 0.023998532 0.999702573 -0.231311008
0.998602450 -0.052425805 -0.006684566 -0.900564671 0.052264500 0.998382628 -0.022373531 -0.596401751 0.007846705 0.021992896 0.999727309 -0.235359684
0.997980535 -0.062641464 -0.010528445 -0.924179196 0.062375747 0.997766256 -0.023912258 -0.607832134 0.012002826 0.023207251 0.999658644 -0.239064366
0.996825695 -0.078060798 -0.015653823 -0.948089778 0.077652834 0.996662796 -0.025166733 -0.619213581 0.017566118 0.023871282 0.999560714 -0.242796719
0.995167494 -0.095788263 -0.021594062 -0.969278693 0.095109873 0.994998932 -0.030516356 -0.631585896 0.024409179 0.028315078 0.999300957 -0.246170297
0.992860258 -0.115880169 -0.028290225 -0.989826381 0.114854731 0.992746890 -0.035524312 -0.643470943 0.032201596 0.032021414 0.998968303 -0.250091881
0.990412593 -0.133727670 -0.034638710 -1.007586479 0.132388055 0.990451753 -0.038454197 -0.655109048 0.039450362 0.033499770 0.998659790 -0.254289329
0.988597333 -0.145517379 -0.038729325 -1.021785021 0.143919468 0.988728106 -0.041278958 -0.668730855 0.044299580 0.035234369 0.998396754 -0.256895840
0.986342311 -0.158916384 -0.043294754 -1.033766508 0.157001257 0.986593008 -0.044550903 -0.679201841 0.049794171 0.037145108 0.998068511 -0.261578381
0.984812737 -0.167384967 -0.046110097 -1.041985512 0.165093854 0.985024691 -0.049702622 -0.689550221 0.053739060 0.041335285 0.997699082 -0.265921563
0.983053803 -0.176708743 -0.048777997 -1.046650767 0.173950419 0.983161867 -0.055982050 -0.699760079 0.057849184 0.046548415 0.997239530 -0.271281958
0.981958985 -0.182331592 -0.050117012 -1.047530532 0.179122537 0.981842577 -0.062452443 -0.709306300 0.060594071 0.052348651 0.996788859 -0.277161777
0.981207728 -0.186130673 -0.050859839 -1.044523120 0.182568818 0.980873644 -0.067494288 -0.718554258 0.062449835 0.056940496 0.996422529 -0.283409506
0.980178356 -0.190860078 -0.053130798 -1.037915826 0.187028244 0.979883552 -0.069632523 -0.726977170 0.065352060 0.058315329 0.996156812 -0.291582227
0.979316175 -0.194405809 -0.056091029 -1.026765943 0.190683976 0.979464233 -0.065493934 -0.733775198 0.067671560 0.053443611 0.996275246 -0.299130201
0.977962315 -0.199822754 -0.060502697 -1.011606932 0.196337163 0.978761077 -0.058979005 -0.740348041 0.071003027 0.045800321 0.996424079 -0.306890965
0.976455867 -0.205895200 -0.064351045 -0.993192971 0.202744439 0.977837741 -0.052230712 -0.751949370 0.073678933 0.037954170 0.996559501 -0.317712128
0.973836958 -0.216187328 -0.070033222 -0.969715774 0.213276356 0.975872219 -0.046760865 -0.757991791 0.078452587 0.030601030 0.996448100 -0.327333808
0.970194459 -0.229864508 -0.076713651 -0.941634417 0.227186024 0.972940803 -0.042103834 -0.764181018 0.084316015 0.023420639 0.996163785 -0.337081522
0.966171324 -0.244087070 -0.083273508 -0.908637226 0.241679549 0.969611168 -0.038015530 -0.770782709 0.090022020 0.016604006 0.995801330 -0.347420782
0.963044107 -0.254467815 -0.088273607 -0.870013893 0.252298146 0.967012405 -0.035110235 -0.776182830 0.094296090 0.011541443 0.995477319 -0.357167423
0.961917460 -0.258320540 -0.089360222 -0.825664282 0.256246775 0.966008008 -0.034147933 -0.781555355 0.095143810 0.009949224 0.995413840 -0.366087288
0.962452590 -0.256758571 -0.088091165 -0.776109874 0.254710674 0.966421425 -0.033942591 -0.786900282 0.093848243 0.010230375 0.995533943 -0.374954849
0.966000021 -0.244573653 -0.083831273 -0.720147908 0.242852926 0.969589770 -0.030301189 -0.790544510 0.088692822 0.008912282 0.996019125 -0.383240163
0.972460449 -0.220767051 -0.074717037 -0.659716606 0.219330668 0.975276470 -0.027015612 -0.793090641 0.078833930 0.009883877 0.996838748 -0.390095353
0.980123520 -0.188025162 -0.063280851 -0.593998134 0.187064186 0.982126713 -0.020836104 -0.798950553 0.066067532 0.008584375 0.997778237 -0.402962387
0.987297297 -0.150867552 -0.049829464 -0.524754226 0.150238186 0.988517642 -0.016165026 -0.801280916 0.051696081 0.008473400 0.998626888 -0.409536451
0.991570711 -0.123400539 -0.039494421 -0.453545511 0.123071790 0.992340505 -0.010658941 -0.804198265 0.040507231 0.005708446 0.999162912 -0.416022480
0.994276524 -0.102239728 -0.031003429 -0.380924940 0.101982459 0.994738221 -0.009772809 -0.807968736 0.031839464 0.006555069 0.999471486 -0.422224939
0.995853901 -0.087316275 -0.025512056 -0.307894975 0.087138504 0.996164083 -0.008000613 -0.811732233 0.026112778 0.005744359 0.999642491 -0.427534729
0.996132672 -0.084626302 -0.023622865 -0.233707801 0.084485903 0.996400893 -0.006881330 -0.816230059 0.024120187 0.004858918 0.999697268 -0.431966126
0.995494127 -0.091422692 -0.025166197 -0.160329223 0.091266468 0.995799839 -0.007290034 -0.820953667 0.025726968 0.004960357 0.999656677 -0.436540127
0.994789362 -0.098273009 -0.027139597 -0.085000873 0.098084763 0.995144367 -0.008185858 -0.824443400 0.027812265 0.005481223 0.999598145 -0.440209746
0.993161619 -0.112484567 -0.031259749 -0.016486786 0.112257190 0.993638933 -0.008941556 -0.826888561 0.032066692 0.005371280 0.999471307 -0.446492136
0.991810143 -0.123010747 -0.034364831 0.060150683 0.122664697 0.992375493 -0.012010973 -0.831218362 0.035580296 0.007697254 0.999337196 -0.449907303
0.990823746 -0.130301118 -0.035915434 0.138449907 0.129775286 0.991404235 -0.016612854 -0.834975958 0.037771389 0.011799474 0.999216735 -0.452541620
0.990238845 -0.134627029 -0.036091503 0.218288988 0.133806124 0.990710020 -0.024280507 -0.838785052 0.039025027 0.019214239 0.999053478 -0.454935789
0.991290390 -0.127543241 -0.032803476 0.299927533 0.126572490 0.991499126 -0.030147122 -0.841549098 0.036369681 0.025732534 0.999007046 -0.457146466
0.991978586 -0.122669473 -0.030506644 0.383366853 0.121560365 0.991935015 -0.035889104 -0.844217420 0.034663107 0.031892821 0.998890042 -0.459831715
0.993336260 -0.112374343 -0.025595278 0.468418390 0.111120991 0.992740512 -0.046026308 -0.847109377 0.030581646 0.042875428 0.998612285 -0.461745411
0.994461536 -0.103319556 -0.019271137 0.554355562 0.101995200 0.992957115 -0.060275983 -0.849976659 0.025363101 0.057976585 0.997995734 -0.463779986
0.995567560 -0.093471393 -0.010406029 0.642087579 0.092455491 0.992972136 -0.073880650 -0.850247800 0.017238624 0.072591089 0.997212827 -0.466971815
0.996076703 -0.088494092 0.000074426 0.730190754 0.088173687 0.992398143 -0.085856594 -0.852098167 0.007523939 0.085526310 0.996307492 -0.470900297
0.996587574 -0.081450157 0.013383815 0.815894008 0.082337536 0.992376268 -0.091705211 -0.855901062 -0.005812379 0.092494257 0.995696247 -0.473978549
0.996603549 -0.077321805 0.028332703 0.904874384 0.079628743 0.992550850 -0.092206709 -0.854900002 -0.020992059 0.094149627 0.995336711 -0.480045080
0.996129453 -0.075620286 0.044807676 0.994080901 0.079373233 0.992869914 -0.088933527 -0.851741850 -0.037763018 0.092145830 0.995029211 -0.487474859
0.995140135 -0.076250866 0.062304951 1.082242966 0.081185102 0.993407905 -0.080930009 -0.846903622 -0.055723250 0.085594937 0.994770527 -0.496777773
0.993652761 -0.078672208 0.080404341 1.168663144 0.084166802 0.994169772 -0.067397423 -0.840916216 -0.074633256 0.073737018 0.994481146 -0.507721484
0.991462588 -0.084733948 0.099106692 1.255999207 0.090317562 0.994487166 -0.053272471 -0.833892822 -0.094046347 0.061768733 0.993649781 -0.516621232
0.988873661 -0.090437062 0.118110046 1.339008212 0.095279135 0.994799316 -0.036002882 -0.829331219 -0.114239797 0.046855725 0.992347598 -0.515578270
0.985724926 -0.095888548 0.138390094 1.424634814 0.100163363 0.994675517 -0.024246885 -0.820428431 -0.135328233 0.037762374 0.990080953 -0.526416600
0.981854558 -0.103013881 0.159216106 1.509504437 0.106370009 0.994245768 -0.012679372 -0.810159147 -0.156993777 0.029385116 0.987162352 -0.535216331
0.977249801 -0.108939268 0.181975543 1.593397260 0.113098942 0.993503749 -0.012608030 -0.798660338 -0.179419875 0.032902434 0.983222246 -0.543888867
0.972199023 -0.115756415 0.203542501 1.674823999 0.120815121 0.992595553 -0.012562694 -0.784709632 -0.200581163 0.036804445 0.978985488 -0.549103320
0.967245698 -0.121031649 0.223130152 1.756295443 0.125909820 0.992011726 -0.007712605 -0.766724229 -0.220414266 0.035554260 0.974758148 -0.556097686
0.962466240 -0.126607791 0.240060776 1.836966157 0.131133571 0.991360426 -0.002906270 -0.745708585 -0.237618804 0.034277212 0.970753491 -0.562629938
0.958142579 -0.129255503 0.255452245 1.913028717 0.133012801 0.991110921 0.002588754 -0.733675301 -0.253516108 0.031498022 0.966818213 -0.558530629
0.954197228 -0.135466248 0.266751796 1.990753770 0.138291717 0.990357101 0.008256322 -0.707611263 -0.265297979 0.029011400 0.963729918 -0.562005401
0.950972319 -0.137156487 0.277199835 2.067595482 0.139035702 0.990202487 0.012963918 -0.679177165 -0.276262075 0.026212346 0.960724831 -0.564146459
0.948128581 -0.140851885 0.284978777 2.140892267 0.142900020 0.989642262 0.013704149 -0.650630355 -0.283957273 0.027730165 0.958435893 -0.561050653
0.945912540 -0.143769190 0.290826291 2.215025663 0.144242391 0.989341676 0.019929986 -0.617912650 -0.290591866 0.023097452 0.956568301 -0.560125589
0.944067776 -0.148868799 0.294234872 2.288378239 0.146486551 0.988750041 0.030250702 -0.584150612 -0.295428097 0.014542735 0.955254257 -0.558909118
0.942774296 -0.150852323 0.297355473 2.360505342 0.144614875 0.988553226 0.043000288 -0.551749647 -0.300438404 0.002462452 0.953798056 -0.556761920
0.942199767 -0.146786585 0.301186502 2.431123734 0.135414198 0.989065468 0.058416713 -0.525529921 -0.306467950 -0.014255289 0.951774240 -0.549826443
0.941963136 -0.143115580 0.303682983 2.501876116 0.127407014 0.989303529 0.071034774 -0.498217881 -0.310600817 -0.028220803 0.950121403 -0.546790779
0.941971421 -0.141742483 0.304300785 2.573337078 0.120199963 0.988797367 0.088496879 -0.476890922 -0.313435614 -0.046784591 0.948456287 -0.540124595
0.942345262 -0.137080938 0.305277318 2.641078711 0.110758945 0.988597095 0.102020860 -0.457437605 -0.315781385 -0.062326685 0.946782708 -0.535808921
0.942904711 -0.129242003 0.306964487 2.707902193 0.099795878 0.988928080 0.109827191 -0.442356795 -0.317760080 -0.072922781 0.945362806 -0.530155182
0.943352461 -0.126802728 0.306605905 2.772938490 0.096784167 0.989066601 0.111265838 -0.433464140 -0.317362458 -0.075288326 0.945310950 -0.522598267
0.944165647 -0.126293749 0.304304332 2.837138414 0.096345983 0.989076436 0.111558080 -0.427838922 -0.315069348 -0.076010808 0.946019948 -0.512532115
0.944897532 -0.126587108 0.301901132 2.905466557 0.097332127 0.989141703 0.110114522 -0.421477169 -0.312562078 -0.074662261 0.946958542 -0.496429443
0.945656478 -0.130102679 0.298005253 2.966553926 0.101009481 0.988663018 0.111096859 -0.417324811 -0.309080750 -0.074958116 0.948077202 -0.481253386
0.946376204 -0.128333867 0.296483636 3.027225494 0.100107677 0.989036083 0.108563542 -0.414985806 -0.307165384 -0.073061660 0.948847413 -0.463868529
0.947345912 -0.122994311 0.295648605 3.087014675 0.095383309 0.989767730 0.106121972 -0.413324267 -0.305675834 -0.072334275 0.949384034 -0.443387508
0.948188066 -0.113561027 0.296720982 3.145518541 0.087594219 0.991181314 0.099432714 -0.413558394 -0.305395961 -0.068289869 0.949773550 -0.420739621
0.948794305 -0.100544930 0.299466342 3.202553034 0.077296272 0.993070364 0.088523895 -0.415360034 -0.306291789 -0.060843334 0.949991286 -0.395620972
0.949208617 -0.083977133 0.303234041 3.258221388 0.063763708 0.995068908 0.075974219 -0.417825133 -0.308118880 -0.052780055 0.949882627 -0.367785692
0.949336886 -0.067012340 0.307032317 3.315796614 0.048995819 0.996614277 0.066025354 -0.418346107 -0.310417324 -0.047637001 0.949406028 -0.334046125
0.948976219 -0.049757864 0.311397314 3.366645575 0.032941435 0.997712255 0.059035175 -0.423283666 -0.313622355 -0.045765102 0.948444307 -0.303571612
0.948567808 -0.037319250 0.314366728 3.414817333 0.021956977 0.998391628 0.052268732 -0.428864092 -0.315811723 -0.042677891 0.947861552 -0.271287382
0.948482990 -0.028097071 0.315579772 3.458726406 0.013341240 0.998718381 0.048821654 -0.435390860 -0.316547096 -0.042096283 0.947642267 -0.237898558
0.947923303 -0.021069702 0.317801058 3.503024101 0.006725645 0.998911202 0.046165247 -0.441303164 -0.318427742 -0.041623693 0.947032869 -0.198579445
0.947438002 -0.013302717 0.319662720 3.541253328 -0.000786447 0.999035358 0.043905638 -0.449826181 -0.319938451 -0.041849270 0.946513653 -0.161806822
0.947377563 -0.008406350 0.320007980 3.575264215 -0.005156859 0.999124646 0.041512985 -0.459331661 -0.320076823 -0.040978704 0.946504951 -0.123488292
0.946960151 -0.003741736 0.321329236 3.606366634 -0.009799214 0.999130964 0.040512808 -0.469789535 -0.321201563 -0.041512787 0.946100533 -0.083327398
0.947058141 -0.003124616 0.321046978 3.632642984 -0.010864602 0.999068081 0.041773062 -0.481402099 -0.320878297 -0.043049563 0.946141541 -0.042504117
0.946784437 -0.000562077 0.321867943 3.655883551 -0.013735207 0.999017000 0.042147119 -0.494133294 -0.321575224 -0.044325154 0.945846021 0.000124797
0.947450042 -0.006045754 0.319846630 3.675866604 -0.008457840 0.998998523 0.043936942 -0.507754862 -0.319791913 -0.044333268 0.946450055 0.044696346
0.949575365 -0.027161565 0.312360168 3.690591812 0.013963169 0.998915672 0.044413578 -0.523418427 -0.313227773 -0.037812505 0.948924959 0.090378836
0.951081216 -0.047130290 0.305324852 3.702971458 0.037926044 0.998631477 0.036010958 -0.542981684 -0.306604207 -0.022669580 0.951567113 0.142352358
0.951909781 -0.062027622 0.300033897 3.711958408 0.057612810 0.998061240 0.023547901 -0.561835408 -0.300912827 -0.005129684 0.953637838 0.189110622
0.952387869 -0.079627529 0.294307351 3.718973398 0.080920964 0.996689975 0.007800723 -0.581766605 -0.293954372 0.016386321 0.955678999 0.236066863
0.952359259 -0.098717906 0.288559526 3.724727631 0.106224470 0.994287491 -0.010430725 -0.602562964 -0.285881430 0.040585883 0.957405150 0.284520984
0.951931894 -0.111043401 0.285473466 3.729004622 0.125596300 0.991528273 -0.033125497 -0.624069929 -0.279376626 0.067387618 0.957813978 0.332556665
0.951503217 -0.113096826 0.286095679 3.732916594 0.134681836 0.989255965 -0.056863844 -0.643701792 -0.276590705 0.092638016 0.956512332 0.378528446
0.951138377 -0.105305746 0.290252388 3.736321926 0.133896753 0.987727106 -0.080416247 -0.662473559 -0.278221846 0.115350828 0.953565300 0.422588468
0.950889707 -0.097425491 0.293797553 3.738424540 0.131558955 0.986382067 -0.098705083 -0.680229425 -0.280180216 0.132509351 0.950757742 0.463925779
0.950376391 -0.088733524 0.298179567 3.739752054 0.127054006 0.985591054 -0.111658134 -0.697258115 -0.283975303 0.144002169 0.947956443 0.502939463
0.949968815 -0.080707684 0.301737428 3.738279343 0.123453930 0.984399080 -0.125370011 -0.719378829 -0.286911726 0.156348273 0.945112109 0.544907451
0.949773133 -0.076549739 0.303432256 3.736350536 0.124232054 0.982173026 -0.141076565 -0.736351848 -0.287223607 0.171686739 0.942351460 0.577040136
0.949354947 -0.069615766 0.306396574 3.732853413 0.121862859 0.980396032 -0.154832274 -0.752085924 -0.289611250 0.184329152 0.939227402 0.604857206
0.949172854 -0.067789979 0.307368487 3.727208853 0.124252208 0.977921903 -0.168018267 -0.767091632 -0.289192408 0.197669581 0.936640024 0.628363609
0.948601067 -0.064304546 0.309872508 3.719793320 0.125055134 0.975617170 -0.180367157 -0.781729996 -0.290718496 0.209847614 0.933513105 0.648219764
0.948327243 -0.064844698 0.310597092 3.710225821 0.128526539 0.973494351 -0.189181671 -0.796869338 -0.290097088 0.219326094 0.931525469 0.663888872
0.947806954 -0.066899210 0.311747432 3.698818684 0.132323146 0.972096920 -0.193696141 -0.808840036 -0.290090621 0.224837959 0.930212498 0.673711121
0.947165906 -0.072639093 0.312410504 3.681553364 0.137356430 0.972044945 -0.190425336 -0.823078573 -0.289844722 0.223275959 0.930665255 0.681105733
0.946701050 -0.080925159 0.311782300 3.666201353 0.142298803 0.973426878 -0.179419130 -0.831740975 -0.288977742 0.214222521 0.933059812 0.681674302
0.946339309 -0.093441099 0.309371382 3.648365974 0.148595393 0.975904167 -0.159782425 -0.838568330 -0.286986560 0.197179541 0.937421441 0.678016186
0.945796013 -0.102159292 0.308274865 3.630692244 0.150423825 0.979076326 -0.137048215 -0.842925131 -0.287823856 0.175991535 0.941373706 0.669888139
0.945380211 -0.108611256 0.307343185 3.609928846 0.151127279 0.981441975 -0.118034497 -0.847449422 -0.288819611 0.158035412 0.944249988 0.658928871
0.944907427 -0.110022262 0.308293909 3.589460135 0.149205551 0.983056247 -0.106480733 -0.852656960 -0.291354984 0.146613583 0.945313036 0.645884752
0.944561303 -0.106803373 0.310478628 3.568636894 0.144544676 0.984315336 -0.101144172 -0.856388569 -0.294806361 0.140414909 0.945184052 0.629370093
0.944343567 -0.109024107 0.310369164 3.547214508 0.145548254 0.984585106 -0.096994318 -0.860502362 -0.295010120 0.136769652 0.945654869 0.609728038
0.944165945 -0.110098481 0.310530216 3.524285078 0.143687040 0.985758007 -0.087379403 -0.861261368 -0.296487302 0.127119824 0.946538866 0.588977575
0.944025695 -0.113229424 0.309830010 3.500295401 0.143268943 0.986768544 -0.075907215 -0.861231625 -0.297135592 0.116047367 0.947757065 0.566610515
0.944125891 -0.115836486 0.308558315 3.475395679 0.141833767 0.987875879 -0.063122146 -0.860171854 -0.297505468 0.103359230 0.949108720 0.542453825
0.944353759 -0.115655206 0.307928354 3.450208902 0.138407454 0.988954902 -0.053024724 -0.858887136 -0.298394650 0.092693672 0.949930787 0.517063558
0.944531083 -0.118802145 0.306181520 3.424740314 0.139460012 0.989139140 -0.046418406 -0.856886208 -0.297341496 0.086543702 0.950840831 0.490923882
0.944744170 -0.120668747 0.304790944 3.398083687 0.139748678 0.989317179 -0.041494295 -0.854179442 -0.296527833 0.081795625 0.951514959 0.463571340
0.944969475 -0.121161357 0.303895742 3.370725632 0.140515193 0.989163280 -0.042561300 -0.851649284 -0.295445710 0.082921095 0.951754093 0.436312139
0.945053995 -0.118804514 0.304562747 3.343633652 0.139334679 0.989152849 -0.046502642 -0.847786427 -0.295734406 0.086383663 0.951356411 0.406617373
0.945444286 -0.112094842 0.305891812 3.318104267 0.132752255 0.990009606 -0.047516450 -0.841550052 -0.297509491 0.085531980 0.950879812 0.375092536
0.946004331 -0.104585685 0.306818604 3.289225101 0.125412658 0.990898192 -0.048912123 -0.835546196 -0.298910499 0.084750012 0.950510383 0.345142365
0.946199059 -0.095949881 0.309032232 3.260434389 0.115336858 0.992304623 -0.045044221 -0.828077555 -0.302332133 0.078263603 0.949984252 0.313890398
0.946547031 -0.092194229 0.309109956 3.229683161 0.109157741 0.993297756 -0.038001411 -0.820347667 -0.303534716 0.069711871 0.950266778 0.283450603
0.946739137 -0.086956143 0.310038120 3.198066235 0.100744605 0.994498014 -0.028709866 -0.812263846 -0.305835813 0.058415420 0.950290561 0.252221137
0.947036147 -0.085529290 0.309527516 3.164806366 0.096493058 0.995127499 -0.020256255 -0.804414392 -0.306286871 0.049050663 0.950674713 0.219542831
0.947322905 -0.085131615 0.308758706 3.131107330 0.094112679 0.995459080 -0.014283181 -0.797502577 -0.306140691 0.042588897 0.951033175 0.186385527
0.947850704 -0.094569765 0.304360986 3.094979286 0.101266079 0.994839728 -0.006253634 -0.790815353 -0.302199006 0.036748953 0.952536225 0.153863758
0.948123455 -0.108845279 0.298688084 3.057634830 0.113286152 0.993559361 0.002460701 -0.784832060 -0.297032148 0.031504169 0.954347610 0.121192969
0.948858261 -0.120797388 0.291677833 3.019917250 0.122797944 0.992364943 0.011510100 -0.778562427 -0.290841222 0.024895981 0.956447363 0.089196473
0.950375199 -0.129839972 0.282716483 2.980697632 0.130025998 0.991343737 0.018189847 -0.772166848 -0.282630950 0.019473307 0.959031045 0.055522785
0.952601612 -0.137324169 0.271463156 2.943857193 0.135543928 0.990445912 0.025391329 -0.763174236 -0.272356391 0.012607350 0.962113857 0.024947688
0.956062317 -0.140735865 0.257173568 2.900177956 0.136247754 0.990046322 0.035282269 -0.757432520 -0.259579211 0.001307270 0.965720952 -0.008599199
0.960239887 -0.139991537 0.241540417 2.866008282 0.133268312 0.990101218 0.044035114 -0.745151579 -0.245314017 -0.010094592 0.969391108 -0.034340352
0.964722216 -0.139067978 0.223542288 2.827755213 0.130851656 0.990077317 0.051232144 -0.733314395 -0.228448913 -0.020173913 0.973346889 -0.060422525
0.969592631 -0.133422419 0.205155015 2.790520430 0.123818628 0.990548253 0.059017405 -0.718644738 -0.211090177 -0.031820826 0.976948500 -0.084056541
0.974275827 -0.125877231 0.186926574 2.754714251 0.116000794 0.991254807 0.062910520 -0.700403929 -0.193210870 -0.039608564 0.980357468 -0.104027770
0.979207218 -0.109865502 0.170536697 2.718504667 0.100357801 0.992927372 0.063431382 -0.684734166 -0.176299483 -0.044997785 0.983307540 -0.123296306
0.983775079 -0.097578496 0.150549173 2.682774544 0.089524865 0.994212210 0.059391931 -0.670461357 -0.155473202 -0.044950411 0.986816883 -0.140454590
0.988080740 -0.079655029 0.131725162 2.647346973 0.072830267 0.995779455 0.055848535 -0.656945527 -0.135617822 -0.045589287 0.989711761 -0.156810746
0.991730332 -0.061493985 0.112647370 2.611953020 0.055990838 0.997108161 0.051384602 -0.644022286 -0.115481451 -0.044652451 0.992305517 -0.171127304
0.994450390 -0.042681243 0.096159987 2.576654434 0.038256016 0.998143017 0.047402997 -0.632817566 -0.098004632 -0.043461230 0.994236469 -0.183971703
0.996285856 -0.033952199 0.079130806 2.540665388 0.030285930 0.998431861 0.047080457 -0.622713089 -0.080605201 -0.044509046 0.995751858 -0.194883913
0.997569382 -0.030226292 0.062783167 2.504285574 0.026886972 0.998212814 0.053368647 -0.612949014 -0.064284101 -0.051550876 0.996599257 -0.204324961
0.998409986 -0.028946396 0.048369478 2.468045473 0.026013102 0.997846723 0.060209967 -0.604696810 -0.050008189 -0.058855996 0.997013092 -0.212186143
0.999050677 -0.028832203 0.032656793 2.431791306 0.026497995 0.997210145 0.069784053 -0.598240018 -0.034577709 -0.068852462 0.997027457 -0.218423873
0.999476314 -0.028423311 0.015467489 2.396189928 0.027158799 0.996692359 0.076594353 -0.594528496 -0.017593393 -0.076134160 0.996942341 -0.222171605
0.999702632 -0.024310321 -0.001904653 2.361088514 0.024384633 0.996336997 0.081962936 -0.599189878 -0.000094868 -0.081985004 0.996633530 -0.223547339
0.999562085 -0.020021319 -0.021788888 2.323905468 0.021787960 0.996217608 0.084117502 -0.604350030 0.020022329 -0.084555402 0.996217608 -0.224955454
0.999014676 -0.012120818 -0.042693797 2.287385464 0.015603683 0.996492565 0.082213439 -0.614434302 0.041547555 -0.082798608 0.995699823 -0.224224105
0.997836351 -0.003798174 -0.065637112 2.250489950 0.009192449 0.996583521 0.082077995 -0.628499091 0.065101117 -0.082503766 0.994462132 -0.222194716
0.995938063 0.006010160 -0.089840189 2.214165926 0.000934474 0.997026145 0.077058665 -0.649909914 0.090036154 -0.076829605 0.992970645 -0.219561860
0.993246555 0.017399210 -0.114710771 2.178015232 -0.009596817 0.997623980 0.068222575 -0.672779858 0.115625240 -0.066660978 0.991053522 -0.215062425
0.989242613 0.018446751 -0.145116270 2.141234875 -0.010484163 0.998406708 0.055445053 -0.699883580 0.145907849 -0.053327188 0.987859845 -0.209296733
0.984014273 0.022470720 -0.176666379 2.105230570 -0.015013070 0.998943329 0.043437243 -0.730952024 0.177455783 -0.040090561 0.983311832 -0.202667505
0.977142155 0.024749571 -0.211141318 2.069845200 -0.019098746 0.999403834 0.028760960 -0.766289353 0.211727262 -0.024071014 0.977032304 -0.195215285
0.968734205 0.032255687 -0.245995060 2.033998966 -0.029207025 0.999444783 0.016032580 -0.802735031 0.246375635 -0.008346527 0.969138503 -0.185999185
0.958654284 0.043015257 -0.281303436 1.996829391 -0.043530755 0.999042332 0.004419117 -0.841394544 0.281224102 0.008008946 0.959608674 -0.179660589
0.946390569 0.049063232 -0.319276780 1.962111473 -0.053415906 0.998560429 -0.004885132 -0.877839386 0.318577498 0.021677699 0.947648942 -0.170039698
0.932281077 0.056766365 -0.357252777 1.929147959 -0.064519219 0.997868240 -0.009810132 -0.913126111 0.355934322 0.032195471 0.933956206 -0.159711480
0.916396022 0.065197587 -0.394927382 1.897002339 -0.076444805 0.996991754 -0.012792880 -0.948321342 0.392905295 0.041913487 0.918623269 -0.148846179
0.899022579 0.081447832 -0.430261165 1.866563320 -0.095781319 0.995333433 -0.011718055 -0.981842875 0.427298933 0.051745772 0.902628422 -0.137825266
0.879988670 0.097811759 -0.464814872 1.837591887 -0.114941195 0.993335247 -0.008577781 -1.015071869 0.460877985 0.060974717 0.885366380 -0.127576366
0.859782338 0.120406777 -0.496262580 1.809555650 -0.142397523 0.989787817 -0.006556444 -1.046161652 0.490405232 0.076303676 0.868147731 -0.117327601
0.838348150 0.139076710 -0.527095914 1.782722712 -0.168527573 0.985664725 -0.007971521 -1.077248812 0.518431187 0.095513105 0.849768400 -0.104997069
0.816151977 0.157488450 -0.555961609 1.756206274 -0.194871739 0.980794132 -0.008240160 -1.110610247 0.543986201 0.115066439 0.831167102 -0.098380923
0.793770790 0.167367086 -0.584735990 1.729923368 -0.212435171 0.977136493 -0.008695144 -1.136784792 0.569911599 0.131120443 0.811177075 -0.085446328
0.771820724 0.178708613 -0.610209823 1.703904867 -0.231308818 0.972850263 -0.007656775 -1.159769773 0.592274427 0.147056580 0.792202830 -0.071471557
0.749868751 0.192904353 -0.632838666 1.677473187 -0.254788876 0.966970265 -0.007151030 -1.180114269 0.610556662 0.166602582 0.774250686 -0.057521895
0.727315664 0.204924151 -0.654994607 1.651646137 -0.277462602 0.960706949 -0.007528074 -1.199070573 0.627715230 0.187211782 0.755596042 -0.045955420
0.703861833 0.214812636 -0.677077651 1.625445127 -0.298372507 0.954421043 -0.007371873 -1.212496638 0.644633532 0.207210094 0.735874772 -0.032169610
0.678836286 0.219712257 -0.700648189 1.599487066 -0.314512491 0.949227095 -0.007058717 -1.222063303 0.663523316 0.225154281 0.713472009 -0.019544661
0.651306987 0.218826532 -0.726577044 1.572057724 -0.320150733 0.947365165 -0.001662262 -1.229638338 0.687970042 0.233696818 0.687083006 -0.008798182
0.621054888 0.215314835 -0.753611505 1.545558810 -0.318241090 0.947970986 0.008581348 -1.233109355 0.716249526 0.234500676 0.657264054 0.000596970
0.587810993 0.214462668 -0.780053914 1.519192100 -0.317120165 0.948136926 0.021707796 -1.232969761 0.744253457 0.234610707 0.625335693 0.009717554
0.551679552 0.211917475 -0.806684911 1.497305632 -0.317475021 0.947731435 0.031854309 -1.230930209 0.771271169 0.238528967 0.590122581 0.016316146
0.513830543 0.208815113 -0.832090437 1.472502112 -0.320780188 0.946333945 0.039397344 -1.223933458 0.795662224 0.246674553 0.553239048 0.024406642
0.473627687 0.205689460 -0.856369555 1.448454142 -0.325009078 0.944536567 0.047115088 -1.213464499 0.818563402 0.256012827 0.514209569 0.032155842
0.432785571 0.201819539 -0.878615737 1.423516035 -0.334107518 0.941121280 0.051603608 -1.200200081 0.837298632 0.271218777 0.474733114 0.037571371
0.391678989 0.196342379 -0.898908973 1.402505159 -0.344069988 0.937342525 0.054816507 -1.183845520 0.853348374 0.287817091 0.434692919 0.045280635
0.351369500 0.187414810 -0.917286813 1.383321762 -0.353086293 0.933939219 0.055566348 -1.164501190 0.867104113 0.304357111 0.394331336 0.053389549
0.313970089 0.180550143 -0.932107627 1.363930702 -0.367415249 0.928365588 0.056065544 -1.142811060 0.875459254 0.324867606 0.357815862 0.060526669
0.278341532 0.176702112 -0.944088221 1.348031521 -0.380393773 0.922838688 0.060574964 -1.120190501 0.881944895 0.342264712 0.324080706 0.067656934
0.244511902 0.186702564 -0.951502025 1.335915565 -0.395557165 0.915130258 0.077917576 -1.095525026 0.885295689 0.357321650 0.297611773 0.074144959
0.211326003 0.201304525 -0.956461191 1.326421499 -0.406221122 0.908133507 0.101380259 -1.069966078 0.889002800 0.367110372 0.273686349 0.078720868
0.179036081 0.216935351 -0.959627688 1.319327831 -0.416659534 0.900317311 0.125792071 -1.044665098 0.891258180 0.377316654 0.251577437 0.081382096
0.146755397 0.228281796 -0.962470949 1.314865708 -0.423941970 0.893628776 0.147311896 -1.019814968 0.893720329 0.386413008 0.227923036 0.081908345
0.114152908 0.241615236 -0.963634312 1.311404467 -0.427794993 0.887394249 0.171822339 -0.995978713 0.896638453 0.392623931 0.204660416 0.080569685
0.082186639 0.252605975 -0.964072526 1.309771895 -0.432844460 0.880394578 0.193780929 -0.970777988 0.897714436 0.401367158 0.181695759 0.077233374
0.048378706 0.261628896 -0.963955402 1.309261084 -0.428568989 0.877170444 0.216565549 -0.945672810 0.902212977 0.402644157 0.154562354 0.071449399
0.013141274 0.268718868 -0.963129044 1.309168458 -0.414991230 0.877804935 0.239250600 -0.921171248 0.909730554 0.396546006 0.123051405 0.063627005
-0.023122072 0.274945647 -0.961181700 1.308893442 -0.397597402 0.879604399 0.261175096 -0.895439386 0.917268574 0.388202250 0.088979363 0.052329302
-0.061288476 0.281857193 -0.957496881 1.310707331 -0.382464588 0.879446626 0.283362836 -0.871283174 0.921935201 0.383575529 0.053900480 0.042361736
-0.101839662 0.285023272 -0.953095198 1.312929630 -0.370296717 0.878367603 0.302242756 -0.847369552 0.923314214 0.383708298 0.016090572 0.031902194
-0.145400524 0.291614294 -0.945420563 1.314388514 -0.359693766 0.874606490 0.325090677 -0.821595132 0.921672046 0.387330145 -0.022276402 0.021421552
-0.190736055 0.302435696 -0.933891177 1.317306042 -0.353367209 0.866425514 0.352758318 -0.796898603 0.915833831 0.397290140 -0.058387756 0.011939406
-0.236949682 0.315702021 -0.918796659 1.320005178 -0.347278833 0.855720162 0.383588850 -0.772609711 0.907332659 0.409969807 -0.093125939 0.003188014
-0.283900499 0.326449424 -0.901571512 1.321888685 -0.346818894 0.841637731 0.413959622 -0.745908320 0.893933535 0.430205405 -0.125722528 -0.004908323
-0.331413507 0.332161963 -0.883081973 1.322458506 -0.346930981 0.827499747 0.441455692 -0.722107232 0.877384841 0.452672809 -0.159007430 -0.013151765
-0.378684521 0.329127043 -0.865028143 1.323446989 -0.348395914 0.815195441 0.462684274 -0.701113760 0.857448936 0.476583540 -0.194035411 -0.023998976
-0.425454855 0.312577635 -0.849284172 1.320493698 -0.356009990 0.804981351 0.474617720 -0.679698884 0.832012773 0.504281998 -0.231202483 -0.032984495
-0.470654607 0.285599530 -0.834815800 1.315999508 -0.366021872 0.797707319 0.479261011 -0.658982337 0.802815378 0.531127155 -0.270908952 -0.042725801
-0.514755130 0.256056219 -0.818206906 1.311158657 -0.376051575 0.790217996 0.483880937 -0.638334036 0.770462513 0.556768119 -0.310478449 -0.053074718
-0.557114124 0.233415157 -0.796957433 1.305393219 -0.377205223 0.783843517 0.493260145 -0.617291570 0.739824355 0.575418711 -0.348644972 -0.065269828
-0.597971797 0.212322563 -0.772883773 1.300490379 -0.378030270 0.775578320 0.505540669 -0.598013043 0.706769586 0.594472349 -0.383509636 -0.079841018
-0.636790276 0.192484379 -0.746624470 1.295838356 -0.375810325 0.768043637 0.518532097 -0.576799214 0.673249602 0.610785306 -0.416745186 -0.094344616
-0.673514605 0.173381478 -0.718552291 1.291601896 -0.369379312 0.763076484 0.530352056 -0.555293858 0.640263617 0.622618020 -0.449899673 -0.110295892
-0.708189964 0.152864859 -0.689274728 1.288381815 -0.359253526 0.762416959 0.538198292 -0.534272432 0.607786357 0.628770888 -0.485018849 -0.127941847
-0.740281701 0.131174445 -0.659375846 1.285381794 -0.351084709 0.760993719 0.545553088 -0.513717771 0.573343456 0.635359645 -0.517296433 -0.147504449
-0.771277189 0.116878070 -0.625676632 1.285204530 -0.334753186 0.761581063 0.554918528 -0.495692939 0.541361332 0.637443185 -0.548264861 -0.170925260
-0.801017523 0.107702315 -0.588872910 1.286188364 -0.311706215 0.764777601 0.563874483 -0.480119288 0.511087418 0.635228634 -0.579028845 -0.194861650
-0.829109192 0.101283319 -0.549835920 1.288549662 -0.285007626 0.769505680 0.571516991 -0.467689157 0.480986983 0.630557418 -0.609137774 -0.220744252
-0.855337262 0.095162727 -0.509256482 1.292389631 -0.259890050 0.771535993 0.580680072 -0.458139330 0.448168784 0.629028022 -0.635191679 -0.247406483
