1.000000000 0.000000000 0.000000000 0.000000000 0.000000000 1.000000000 0.000000000 -0.000000298 0.000000000 0.000000000 1.000000000 -0.000000954
0.999986827 0.001405042 0.004932697 0.002009058 -0.001421916 0.999993145 0.003419051 -0.001812498 -0.004927860 -0.003426020 0.999981999 -0.000954017
0.999973476 0.000039994 0.007282572 0.004602150 -0.000087931 0.999978304 0.006582268 -0.004627449 -0.007282151 -0.006582734 0.999951839 -0.002471523
0.999942839 -0.000710163 0.010669685 0.008304260 0.000611050 0.999956667 0.009289624 -0.009316563 -0.010675821 -0.009282574 0.999899924 -0.004943310
0.999869049 -0.000530562 0.016175510 0.012625993 0.000350352 0.999937892 0.011141766 -0.015215208 -0.016180417 -0.011134639 0.999807060 -0.006329225
0.999780834 -0.001456915 0.020884361 0.017600268 0.001192706 0.999919176 0.012657894 -0.022700936 -0.020901114 -0.012630211 0.999701738 -0.008604159
0.999652803 -0.001290284 0.026318142 0.022401145 0.000924156 0.999902725 0.013919051 -0.030533291 -0.026333543 -0.013889897 0.999556720 -0.010812599
0.999524891 -0.001554135 0.030782221 0.027441001 0.001046675 0.999863386 0.016494749 -0.039241947 -0.030803652 -0.016454695 0.999390006 -0.013225335
0.999388397 0.000369709 0.034966819 0.033224944 -0.001116489 0.999771655 0.021339733 -0.047864869 -0.034950942 -0.021365721 0.999160588 -0.016986003
0.999261856 0.001611802 0.038380980 0.038352471 -0.002693422 0.999600172 0.028146150 -0.055343617 -0.038320266 -0.028228750 0.998866677 -0.020267971
0.999182165 0.000103041 0.040434625 0.043288656 -0.001468129 0.999429822 0.033732124 -0.062450759 -0.040408093 -0.033763900 0.998612642 -0.022687402
0.998955369 -0.000885967 0.045688313 0.047625586 -0.000878347 0.999255061 0.038581796 -0.070656344 -0.045688462 -0.038581625 0.998210430 -0.025457211
0.998625815 -0.000416519 0.052405164 0.051206835 -0.001561791 0.999287724 0.037703682 -0.080382302 -0.052383542 -0.037733715 0.997913897 -0.028373713
0.998223960 0.003953702 0.059441246 0.054342613 -0.006026345 0.999378562 0.034730051 -0.092351243 -0.059266992 -0.035026584 0.997627437 -0.031819042
0.997806549 0.006347035 0.065892689 0.056708664 -0.008385501 0.999493301 0.030705817 -0.106782518 -0.065664403 -0.031191006 0.997354150 -0.036114961
0.997510552 0.007092222 0.070159949 0.058857068 -0.009346453 0.999448836 0.031853970 -0.123270072 -0.069895364 -0.032430414 0.997027040 -0.040097941
0.997275710 0.005653290 0.073547266 0.061131131 -0.008513412 0.999217212 0.038633030 -0.142436430 -0.073271297 -0.039153922 0.996543169 -0.044485454
0.996807516 0.007967787 0.079443932 0.063121222 -0.011618137 0.998892546 0.045592964 -0.162951320 -0.078992680 -0.046370402 0.995796144 -0.048362590
0.995971382 0.012099842 0.088851839 0.064739063 -0.016294377 0.998779058 0.046635661 -0.184773549 -0.088179067 -0.047895569 0.994952500 -0.052359201
0.994909286 0.018905424 0.098985277 0.066150509 -0.023240484 0.998812199 0.042826664 -0.208058774 -0.098058037 -0.044909108 0.994166911 -0.055578258
0.994240463 0.018815104 0.105507672 0.066377848 -0.022374593 0.999216199 0.032655168 -0.230469853 -0.104810566 -0.034827780 0.993882179 -0.059468925
0.993311286 0.024396069 0.112860888 0.066670403 -0.026875909 0.999428511 0.020503283 -0.253960162 -0.112296194 -0.023399379 0.993399262 -0.063451245
0.992245913 0.031459082 0.120243050 0.066952437 -0.032874588 0.999411404 0.009806074 -0.275553644 -0.119863786 -0.013682976 0.992696047 -0.067058094
0.991059601 0.039446950 0.127455071 0.066693880 -0.039962664 0.999200046 0.001490601 -0.296989143 -0.127294317 -0.006570718 0.991843224 -0.071772113
0.990425348 0.042703390 0.131278634 0.065844551 -0.042593993 0.999085844 -0.003642516 -0.315654278 -0.131314158 -0.001984040 0.991338849 -0.076464146
0.990028739 0.043592226 0.133950964 0.064858697 -0.043043945 0.999048769 -0.006987772 -0.333328307 -0.134128168 0.001152316 0.990963340 -0.081856340
0.989541531 0.043985303 0.137378469 0.065352626 -0.043332886 0.999030709 -0.007737607 -0.347001314 -0.137585655 0.001703678 0.990488410 -0.085970558
0.988987923 0.043514766 0.141454443 0.066196591 -0.043161191 0.999052584 -0.005568200 -0.355341554 -0.141562715 -0.000598459 0.989929080 -0.088789552
0.988690197 0.038754772 0.144878641 0.068999000 -0.039028812 0.999237657 -0.000951324 -0.356808633 -0.144805059 -0.004713876 0.989448965 -0.088243425
0.988669395 0.035257149 0.145910189 0.071252324 -0.036437709 0.999321222 0.005425449 -0.350111276 -0.145619854 -0.010680608 0.989282966 -0.086291216
0.988829672 0.031357024 0.145714223 0.074788257 -0.033754449 0.999331951 0.014009105 -0.335396498 -0.145177603 -0.018771121 0.989227533 -0.082353391
0.989499867 0.024813749 0.142387778 0.076494105 -0.028730407 0.999261439 0.025517035 -0.314002901 -0.141649455 -0.029339962 0.989481986 -0.077793799
0.990025520 0.017095698 0.139847100 0.079060793 -0.023098620 0.998875022 0.041414928 -0.288664788 -0.138981760 -0.044232111 0.989306629 -0.071622632
0.990096271 0.010537539 0.139993921 0.080824129 -0.019345865 0.997906744 0.061708324 -0.260369182 -0.139050618 -0.063805483 0.988227606 -0.065756708
0.989938915 0.001656770 0.141485855 0.080621265 -0.013748016 0.996326566 0.084524438 -0.234135956 -0.140826091 -0.085619181 0.986325204 -0.066609390
0.989870548 -0.005663840 0.141859666 0.081856489 -0.009800286 0.994094491 0.108074456 -0.205371469 -0.141634032 -0.108369991 0.983969390 -0.061427366
0.990039825 -0.014528256 0.140035883 0.083406627 -0.004038863 0.991321146 0.131400630 -0.178468823 -0.140729561 -0.130657449 0.981388748 -0.056730404
0.990562379 -0.021880984 0.135304987 0.083727412 0.001159701 0.988477647 0.151362568 -0.154654413 -0.137057930 -0.149777144 0.979174137 -0.053080443
0.990765870 -0.026992042 0.132869929 0.085072227 0.004321992 0.985772669 0.168028519 -0.134390146 -0.135514975 -0.165902659 0.976786554 -0.050110437
0.991418123 -0.029748701 0.127299547 0.085397825 0.006670679 0.984007597 0.178001583 -0.117585890 -0.130559027 -0.175624818 0.975761354 -0.048672222
0.992067277 -0.027927751 0.122566715 0.085969329 0.005091501 0.983136237 0.182803914 -0.105068617 -0.125605077 -0.180729732 0.975479424 -0.048283584
0.992274702 -0.021395199 0.122201428 0.086656235 -0.001421936 0.982990742 0.183649540 -0.097626366 -0.124052092 -0.182404548 0.975366414 -0.048442248
0.992459476 -0.014472553 0.121716008 0.088771634 -0.008030736 0.983193874 0.182387695 -0.093560018 -0.122310057 -0.181989864 0.975663841 -0.045631006
0.992602468 -0.006398198 0.121241160 0.089053690 -0.015827643 0.983268976 0.181470603 -0.098699406 -0.120373763 -0.182047129 0.975893974 -0.048090082
0.992881894 -0.000476732 0.119101927 0.088690758 -0.021205161 0.983307660 0.180710748 -0.110682048 -0.117199987 -0.181950018 0.976298273 -0.052982528
0.993240774 0.004198194 0.115996540 0.088360958 -0.025062069 0.983529449 0.179002091 -0.128791571 -0.113334522 -0.180699274 0.976986706 -0.058400087
0.993340611 0.008582762 0.114894368 0.087963305 -0.028510589 0.984518111 0.172948822 -0.152301699 -0.111631207 -0.175072804 0.978206515 -0.065152571
0.993410408 0.010549479 0.114124648 0.087536037 -0.029052358 0.986411035 0.161707312 -0.179407164 -0.110867880 -0.163957328 0.980217457 -0.071462005
0.993280351 0.012833369 0.115019463 0.085288681 -0.029646073 0.988887370 0.145680606 -0.211398855 -0.111871727 -0.148111552 0.982622862 -0.082614809
0.993121862 0.015062816 0.116112523 0.084962673 -0.029633515 0.991738796 0.124804065 -0.241882145 -0.113273390 -0.127386466 0.985363781 -0.088608257
0.993103981 0.018406855 0.115782760 0.085790604 -0.030268701 0.994370759 0.101541296 -0.273047060 -0.113261931 -0.104345664 0.988070726 -0.094225191
0.993019402 0.022131700 0.115856282 0.085672297 -0.031150956 0.996573150 0.076626360 -0.303912133 -0.113763385 -0.079700500 0.990305901 -0.100503817
0.993094325 0.024798611 0.114667952 0.087987997 -0.030967804 0.998149276 0.052335747 -0.331692010 -0.113157883 -0.055525348 0.992024302 -0.101240911
0.992952824 0.025567969 0.115719594 0.088385157 -0.029348446 0.999085784 0.031084001 -0.358764112 -0.114819042 -0.034261137 0.992795408 -0.107314229
0.992863417 0.023197697 0.116978861 0.089098424 -0.024871072 0.999607861 0.012865370 -0.381814033 -0.116634540 -0.015682945 0.993051052 -0.112644605
0.992582202 0.024095409 0.119163893 0.090036586 -0.024050225 0.999709070 -0.001817454 -0.397914052 -0.119173028 -0.001061946 0.992872953 -0.115693003
0.992354512 0.023274619 0.121205583 0.091866888 -0.022046473 0.999691188 -0.011464115 -0.406711340 -0.121434987 0.008704312 0.992561221 -0.116923667
0.991851568 0.024312392 0.125057653 0.093236744 -0.022739574 0.999643564 -0.013989111 -0.406290710 -0.125353172 0.011031365 0.992050827 -0.115526363
0.991799057 0.021560198 0.125975460 0.092910394 -0.020670464 0.999751329 -0.008365823 -0.402477473 -0.126124501 0.005693244 0.991998076 -0.119782500
0.992060602 0.019144284 0.124295086 0.093942665 -0.019493116 0.999808729 0.001590818 -0.386567414 -0.124240860 -0.004001087 0.992244005 -0.114960015
0.992301404 0.018014388 0.122529276 0.095214851 -0.019814322 0.999712706 0.013487114 -0.365452021 -0.122251116 -0.015811116 0.992373228 -0.108644500
0.992497265 0.018214112 0.120902590 0.096155830 -0.021459011 0.999442160 0.025591327 -0.340358585 -0.120369025 -0.027993770 0.992334425 -0.101778440
0.992511153 0.019565064 0.120577239 0.096681565 -0.024239134 0.999005616 0.037419997 -0.313883364 -0.119725220 -0.040062450 0.991998434 -0.095168546
0.992977083 0.017709307 0.116974153 0.096336067 -0.023616139 0.998504519 0.049305446 -0.285836339 -0.115926050 -0.051721655 0.991910279 -0.088819973
0.993522465 0.014624275 0.112690940 0.096008562 -0.022077523 0.997629404 0.065177448 -0.257447958 -0.111470625 -0.067243196 0.991490126 -0.081332184
0.993943512 0.009740718 0.109459780 0.094642274 -0.019151824 0.996174812 0.085258484 -0.228736743 -0.108210601 -0.086838469 0.990328014 -0.075364351
0.994364440 0.002491442 0.105986625 0.092740998 -0.013866711 0.994191706 0.106726646 -0.200382054 -0.105105117 -0.107594863 0.988623440 -0.068955965
0.994656861 -0.004380926 0.103143357 0.090515010 -0.008667003 0.992028475 0.125715286 -0.173869163 -0.102871902 -0.125937521 0.986689985 -0.063811429
0.994782329 -0.009437813 0.101582453 0.088727616 -0.004907694 0.990132093 0.140051439 -0.149091095 -0.101901829 -0.139819250 0.984919608 -0.058416687
0.995126128 -0.014924877 0.097473994 0.086981550 0.000115832 0.988656104 0.150197014 -0.128815025 -0.098609924 -0.149453685 0.983839273 -0.054270308
0.995422959 -0.013238229 0.094646215 0.086306430 -0.001869820 0.987471938 0.157783821 -0.112102881 -0.095549256 -0.157238618 0.982927442 -0.050958537
0.995351553 -0.006142858 0.096112102 0.086493433 -0.009835796 0.986261845 0.164896429 -0.101953506 -0.095804632 -0.165075243 0.981616855 -0.049602684
0.995277226 -0.000464872 0.097072169 0.086368643 -0.016351871 0.984896243 0.172371730 -0.098686270 -0.095686153 -0.173144981 0.980237186 -0.049892608
0.995276809 0.004432568 0.096976683 0.086496741 -0.021939062 0.983382761 0.180213720 -0.103917375 -0.094566390 -0.181490123 0.978835285 -0.052092131
0.995460987 0.004387679 0.095069267 0.086500101 -0.021981999 0.982525527 0.184825405 -0.117379010 -0.092597030 -0.186076298 0.978162289 -0.055906132
0.995566845 0.004940093 0.093926691 0.085869312 -0.022182476 0.982782185 0.183431372 -0.137920469 -0.091403313 -0.184701726 0.978534997 -0.061759837
0.995213985 0.009422488 0.097264580 0.087094218 -0.026509568 0.984047949 0.175917238 -0.160204440 -0.094055437 -0.177653730 0.979588032 -0.064061858
0.994354486 0.013043484 0.105304651 0.087792665 -0.030470716 0.985717297 0.165629014 -0.188875601 -0.101640232 -0.167902663 0.980549812 -0.069848523
0.992839754 0.020623587 0.117660113 0.087577403 -0.038639698 0.987476110 0.152963743 -0.223028824 -0.113031887 -0.156414822 0.981202424 -0.079813384
0.991545320 0.025256939 0.127278954 0.088107571 -0.042894810 0.989530146 0.137804762 -0.255519748 -0.122465834 -0.142099276 0.982247353 -0.085866049
0.990509391 0.030279890 0.134068385 0.088760257 -0.046939172 0.991308391 0.122899830 -0.288388342 -0.129181728 -0.128026485 0.983321548 -0.091725320
0.990479410 0.023229856 0.135686681 0.087118477 -0.038489737 0.993080616 0.110948041 -0.322242886 -0.132170513 -0.115114301 0.984520018 -0.098768599
0.990165412 0.017340099 0.138823017 0.086830832 -0.032130171 0.993951082 0.105018407 -0.358063757 -0.136162266 -0.108446002 0.984733105 -0.107177049
0.989872515 0.007786220 0.141745642 0.085382849 -0.022040298 0.994816303 0.099270970 -0.391021341 -0.140237942 -0.101389721 0.984912932 -0.114758894
0.989629328 0.001824289 0.143632978 0.084448703 -0.015277604 0.995584548 0.092617534 -0.421146870 -0.142829806 -0.093851395 0.985287547 -0.122708693
0.989722729 -0.005709220 0.142885581 0.083025552 -0.006307166 0.996487498 0.083503962 -0.446543396 -0.142860427 -0.083546966 0.986210346 -0.129887253
0.990066707 -0.006003059 0.140470311 0.082763031 -0.004223873 0.997367203 0.072393730 -0.463394135 -0.140535071 -0.072267950 0.987434685 -0.135711849
0.989950240 0.001197865 0.141411096 0.083189383 -0.009898556 0.998098433 0.060840283 -0.471679837 -0.141069323 -0.061628621 0.988079607 -0.138494849
0.989286602 0.011433163 0.145538092 0.084477879 -0.019063096 0.998509586 0.051139485 -0.471097350 -0.144736499 -0.053366017 0.988030076 -0.138820961
0.988565147 0.022308316 0.149135292 0.085697338 -0.029198818 0.998597085 0.044174071 -0.462225229 -0.147940606 -0.048023518 0.987829626 -0.136242434
0.987879455 0.030142453 0.152268350 0.086930178 -0.037069667 0.998393118 0.042860817 -0.445965409 -0.150731742 -0.047985855 0.987409413 -0.131770089
0.987532198 0.034890976 0.153501630 0.087515876 -0.042234380 0.998100996 0.044840515 -0.422943860 -0.151645601 -0.050764501 0.987130463 -0.125056624
0.986546636 0.042519465 0.157853961 0.088801846 -0.050613962 0.997582555 0.047615871 -0.395643771 -0.155447751 -0.054964893 0.986313760 -0.117135189
0.985948503 0.044622354 0.160979539 0.089626633 -0.053450398 0.997270823 0.050930511 -0.364984214 -0.158267558 -0.058819283 0.985642791 -0.108451076
0.984668732 0.047259539 0.167910799 0.091598682 -0.057243340 0.996837378 0.055122450 -0.334002703 -0.164774701 -0.063889123 0.984259844 -0.098806813
0.984149039 0.045169283 0.171494469 0.092217430 -0.056302581 0.996571839 0.060618274 -0.301456749 -0.168168470 -0.069312997 0.983318388 -0.090022720
0.984330893 0.036322370 0.172549799 0.093928508 -0.049292684 0.996222734 0.071487390 -0.267567426 -0.169301435 -0.078872688 0.982403219 -0.081016093
0.986156881 0.025073683 0.163908407 0.093083575 -0.039366737 0.995641828 0.084543377 -0.234162867 -0.161074266 -0.089825571 0.982846081 -0.073963068
0.987626553 0.013761441 0.156219006 0.095128104 -0.029612150 0.994587243 0.099596046 -0.199273273 -0.154002845 -0.102989681 0.982688308 -0.063006401
0.988857448 0.003770768 0.148817778 0.094530217 -0.021200117 0.993057072 0.115707316 -0.168993533 -0.147348255 -0.117573000 0.982071817 -0.057989281
0.989775062 -0.004168295 0.142576233 0.094179638 -0.014670537 0.991296887 0.130825087 -0.143909037 -0.141880706 -0.131579086 0.981099784 -0.057337329
0.990038753 -0.013503300 0.140146196 0.094454236 -0.007070357 0.989366174 0.145274282 -0.122381002 -0.140617579 -0.144818038 0.979415357 -0.053437248
0.990271270 -0.018224210 0.137951776 0.095652796 -0.004129597 0.987101018 0.160045475 -0.107528485 -0.139089033 -0.159058124 0.977422476 -0.050373130
0.990338862 -0.019468082 0.137294933 0.096171409 -0.004551359 0.984998941 0.172500387 -0.100532785 -0.138593629 -0.171458706 0.975394130 -0.050561413
0.990638375 -0.019659379 0.135089204 0.096347362 -0.005212289 0.983407199 0.181336999 -0.102165498 -0.136412665 -0.180343509 0.974098444 -0.052457616
0.991244078 -0.019807901 0.130548000 0.096399330 -0.004889385 0.982500017 0.186198458 -0.113277040 -0.131951600 -0.185206428 0.973800480 -0.057130575
0.991714716 -0.019972395 0.126897499 0.097862311 -0.003991146 0.982572258 0.185838193 -0.130565450 -0.128397599 -0.184804946 0.974351704 -0.059146099
0.992187619 -0.016849598 0.123611391 0.097026430 -0.005722282 0.983647585 0.180012926 -0.156282827 -0.124623194 -0.179313943 0.975866556 -0.067265198
0.992110729 -0.007469077 0.125142112 0.096568212 -0.014334783 0.984917641 0.172428921 -0.186922789 -0.124542564 -0.172862455 0.977040291 -0.075912587
0.991387904 0.001174653 0.130952626 0.096241727 -0.022761252 0.986285865 0.163468942 -0.220722467 -0.128964692 -0.165041789 0.977818668 -0.084777452
0.990442157 0.008041244 0.137694061 0.093584374 -0.029522710 0.987522125 0.154688090 -0.257966697 -0.134732038 -0.157274723 0.978320956 -0.096335538
0.989875197 0.010866542 0.141524062 0.092022195 -0.032003518 0.988477230 0.147947729 -0.292615443 -0.138285622 -0.150979042 0.978816867 -0.104409605
0.990046263 0.010714771 0.140333712 0.089951567 -0.031002702 0.989208937 0.143194154 -0.326282054 -0.137285054 -0.146119550 0.979694784 -0.112501010
0.990185499 0.009434666 0.139440536 0.087393783 -0.028842859 0.990035832 0.137830257 -0.357232839 -0.136750758 -0.140499383 0.980591238 -0.119932272
0.990123570 0.005745696 0.140079573 0.087029144 -0.023921067 0.991431952 0.128415197 -0.385187358 -0.138141528 -0.130497754 0.981777608 -0.123662971
0.989655912 0.002266509 0.143443346 0.085057884 -0.018601835 0.993461490 0.112641878 -0.412225842 -0.142250150 -0.114145018 0.983227253 -0.129038364
0.989196956 -0.002875600 0.146564469 0.083266221 -0.010652848 0.995754063 0.091435239 -0.435957611 -0.146205083 -0.092008784 0.984966218 -0.133452684
0.989414990 -0.010528913 0.144731060 0.081014715 0.000500925 0.997606158 0.069149539 -0.454274595 -0.145112678 -0.068345100 0.987051785 -0.136203587
0.989077806 -0.010525344 0.147018090 0.079918422 0.003189831 0.998741984 0.050042219 -0.465527147 -0.147359863 -0.049026683 0.987867117 -0.137449726
0.988746583 -0.006076047 0.149476826 0.079530649 0.000649402 0.999339759 0.036326312 -0.467984498 -0.149598867 -0.035820447 0.988097727 -0.136904001
0.988219440 0.004128315 0.152987942 0.080598630 -0.008983383 0.999477208 0.031057326 -0.461747944 -0.152779743 -0.032065801 0.987739921 -0.134653747
0.987628341 0.013342367 0.156244025 0.081710190 -0.018743906 0.999274671 0.033148933 -0.447275400 -0.155688420 -0.035667453 0.987162054 -0.130398646
0.987598181 0.016869806 0.156093895 0.083412290 -0.023493502 0.998895705 0.040686816 -0.427026093 -0.155235142 -0.043849416 0.986903906 -0.124699384
0.987560570 0.018059395 0.156198353 0.083790027 -0.026135698 0.998416841 0.049807068 -0.401513010 -0.155051589 -0.053269852 0.986469150 -0.117668808
0.987269163 0.016803181 0.158168450 0.084164120 -0.026494389 0.997884750 0.059363645 -0.375010014 -0.156836376 -0.062798470 0.985626042 -0.109280795
0.986453533 0.018504884 0.162993833 0.085552707 -0.030252315 0.997096002 0.069888279 -0.345689803 -0.161227211 -0.073872477 0.984148681 -0.100607723
0.985324562 0.019324835 0.169593841 0.087888919 -0.033541076 0.996119857 0.081364952 -0.315470934 -0.167363435 -0.085859247 0.982149541 -0.090493627
0.985172868 0.018833570 0.170527786 0.088936575 -0.035306174 0.994937718 0.094087057 -0.285251588 -0.167892545 -0.098712705 0.980850577 -0.081721298
0.985146224 0.014509621 0.171103522 0.091060415 -0.033208966 0.993711054 0.106937110 -0.256198078 -0.168475851 -0.111030862 0.979432523 -0.072797835
0.986278892 -0.002144296 0.165073708 0.091188341 -0.017590271 0.992858350 0.117995150 -0.229300454 -0.164147839 -0.119279824 0.979197562 -0.064938247
0.987699986 -0.019038429 0.155197352 0.091494188 -0.000726787 0.991989911 0.126315147 -0.204867482 -0.156359047 -0.124874264 0.979774594 -0.058117870
0.988798618 -0.035455927 0.144983292 0.091197707 0.016129091 0.991069674 0.132366061 -0.183373243 -0.148381710 -0.128544927 0.980540216 -0.052652787
0.989355803 -0.044570111 0.138522789 0.091311380 0.025675528 0.990470946 0.135307431 -0.165616050 -0.143233463 -0.130310535 0.981072545 -0.048133425
0.989129782 -0.048059419 0.138969690 0.092106424 0.028985150 0.990263462 0.136154950 -0.150979012 -0.144160122 -0.130646855 0.980892062 -0.044130091
0.989109635 -0.044840217 0.140183866 0.092286617 0.025165139 0.989959180 0.139095232 -0.139986083 -0.145013362 -0.134052679 0.980306566 -0.040734366
0.989150822 -0.037533443 0.142027825 0.092920132 0.016639631 0.989213705 0.145531327 -0.133634984 -0.145958155 -0.141589135 0.979106069 -0.039134253
0.988960743 -0.029394452 0.145232797 0.092759110 0.006425180 0.987711489 0.156156093 -0.134022310 -0.148038238 -0.153499097 0.976996779 -0.039565153
0.989176154 -0.022739641 0.144960001 0.092512637 -0.001994803 0.985743344 0.168244064 -0.140754849 -0.146719173 -0.166712195 0.975028455 -0.041814558
0.989479184 -0.019566705 0.143345967 0.091064267 -0.006199111 0.984167993 0.177129626 -0.154704437 -0.144542351 -0.176154703 0.973692477 -0.045659427
0.990191162 -0.019249041 0.138387039 0.088238679 -0.006044670 0.983635128 0.180070430 -0.174615905 -0.139588550 -0.179140657 0.973870456 -0.051698018
0.990834177 -0.018701641 0.133783162 0.083439462 -0.005139848 0.984433591 0.175681785 -0.201928183 -0.134986162 -0.174759135 0.975314319 -0.062806755
0.991085052 -0.018881705 0.131886065 0.080135934 -0.003177403 0.986275196 0.165079132 -0.230247557 -0.133192927 -0.164026514 0.977422595 -0.070283130
0.991208732 -0.018485382 0.131009743 0.077180117 -0.001455829 0.988607943 0.150506586 -0.261547387 -0.132299438 -0.149374157 0.979889870 -0.078232788
0.991158068 -0.020058606 0.131161377 0.074899815 0.002345239 0.991001248 0.133832112 -0.294302553 -0.132665560 -0.132341161 0.982285917 -0.085835688
0.991192460 -0.020581372 0.130820081 0.074127935 0.005623297 0.993499577 0.113696739 -0.325810969 -0.132309720 -0.111959711 0.984865069 -0.089409299
0.991269290 -0.022540100 0.129912004 0.071956307 0.010868303 0.995894909 0.089862049 -0.359580636 -0.131404206 -0.087665573 0.987445056 -0.097783558
0.991211116 -0.022655068 0.130335048 0.070636734 0.014500609 0.997896969 0.063177608 -0.392266393 -0.131492242 -0.060732413 0.989455104 -0.107565962
0.990708232 -0.022453897 0.134138301 0.068865791 0.017967790 0.999241054 0.034561485 -0.423824102 -0.134812549 -0.031830177 0.990359724 -0.115767397
0.990171969 -0.018535281 0.138621330 0.067570217 0.017554095 0.999811471 0.008297516 -0.452122182 -0.138749003 -0.005782596 0.990310669 -0.123789445
0.989736199 -0.012821288 0.142330334 0.066528514 0.014790419 0.999808848 -0.012785573 -0.475887150 -0.142139211 0.014759468 0.989736617 -0.131049514
0.989445627 -0.007293085 0.144720882 0.065492526 0.011167347 0.999600172 -0.025976311 -0.492363125 -0.144473583 0.027318295 0.989131510 -0.137564570
0.988955259 -0.002691199 0.148189917 0.065015800 0.007421540 0.999480069 -0.031377107 -0.502016962 -0.148028418 0.032130353 0.988461018 -0.141355783
0.988202274 0.003139464 0.153122321 0.063687570 0.001292498 0.999583304 -0.028835803 -0.503396273 -0.153149053 0.028693516 0.987786412 -0.144945547
0.987125516 0.007155652 0.159787580 0.064121164 -0.003945712 0.999784172 -0.020397048 -0.497491091 -0.159899041 0.019503970 0.986940682 -0.143300310
0.986356199 0.011535053 0.164220512 0.065220967 -0.010290201 0.999911547 -0.008429086 -0.484410316 -0.164303213 0.006624220 0.986387670 -0.139470160
0.985869884 0.012252698 0.167064041 0.066367306 -0.012973877 0.999910653 0.003226016 -0.465710044 -0.167009592 -0.005347901 0.985940754 -0.133275047
0.985736012 0.013924598 0.167721748 0.068066292 -0.016556902 0.999760568 0.014306257 -0.442020446 -0.167482376 -0.016879145 0.985730588 -0.126059011
0.985430241 0.014522390 0.169459134 0.070474327 -0.019020233 0.999507785 0.024949202 -0.415020615 -0.169013411 -0.027808851 0.985221386 -0.117603846
0.985025764 0.013793937 0.171854347 0.073633961 -0.020378098 0.999121904 0.036607325 -0.387643069 -0.171198487 -0.039561227 0.984441996 -0.108970180
0.984182596 0.014964339 0.176523760 0.077568740 -0.024017032 0.998497248 0.049258493 -0.360662550 -0.175521359 -0.052718930 0.983063042 -0.101283856
0.983807921 0.014531488 0.178636074 0.081668898 -0.025998773 0.997736156 0.062021118 -0.336204797 -0.177330405 -0.065661184 0.981958508 -0.094866090
0.984494090 0.014854796 0.174787804 0.084624141 -0.028047908 0.996918797 0.073254392 -0.314034224 -0.173161075 -0.077020943 0.981877267 -0.091444165
0.985551417 0.013435899 0.168842703 0.087157801 -0.027790636 0.996166527 0.082945317 -0.294246793 -0.167080998 -0.086439118 0.982146740 -0.088486567
0.987508893 0.008330987 0.157342970 0.087887123 -0.023261521 0.995367169 0.093290262 -0.276055962 -0.155836821 -0.095784999 0.983127713 -0.087702326
0.989175737 0.000341002 0.146735415 0.089500904 -0.016371418 0.994010270 0.108053327 -0.260878593 -0.145819679 -0.109285995 0.983256400 -0.084709257
0.990672052 -0.008994774 0.135970324 0.089201830 -0.008058189 0.992205918 0.124348387 -0.245941386 -0.136029035 -0.124284148 0.982878208 -0.084869273
0.991242826 -0.015149325 0.131179810 0.089072853 -0.003387413 0.990153551 0.139944598 -0.233803347 -0.132008225 -0.139163449 0.981431305 -0.085370541
0.991141498 -0.019124504 0.131425813 0.089199610 -0.001235822 0.988206923 0.153119415 -0.224008694 -0.132804230 -0.151925415 0.979429245 -0.085974306
0.991349697 -0.019411575 0.129803523 0.088714786 -0.002055609 0.986584425 0.163238913 -0.216381460 -0.131230846 -0.162093669 0.978010297 -0.087399915
0.991896629 -0.022984043 0.124951191 0.088008933 0.001341465 0.985339701 0.170598596 -0.211283684 -0.127040416 -0.169048548 0.977385938 -0.090331167
0.993053675 -0.023881493 0.115212999 0.086897671 0.003302539 0.984457135 0.175594002 -0.206532151 -0.117615707 -0.173993766 0.977697670 -0.095392950
0.994468808 -0.024024501 0.102247998 0.084869646 0.005176933 0.983517408 0.180739194 -0.204011559 -0.104904860 -0.179210156 0.978201747 -0.100998893
0.995357454 -0.023950294 0.093219601 0.083521307 0.006282265 0.982645810 0.185385436 -0.203115657 -0.096041881 -0.183939159 0.978234291 -0.106078878
0.995734096 -0.024097281 0.089067295 0.082625039 0.006589970 0.981402755 0.191846862 -0.203674957 -0.092033878 -0.190441504 0.977374971 -0.110679030
0.995687723 -0.021883093 0.090150468 0.082024895 0.003502433 0.979954541 0.199190393 -0.204742447 -0.092702262 -0.198015675 0.975805342 -0.114800669
0.995534658 -0.021078160 0.092013068 0.081067249 0.001299348 0.977718651 0.209915474 -0.206581846 -0.094387524 -0.208858564 0.973380268 -0.119087823
0.995200574 -0.020040473 0.095782042 0.079982929 -0.002095483 0.974215984 0.225607783 -0.208339259 -0.097833678 -0.224725693 0.969498277 -0.123935565
0.994960010 -0.016611092 0.098886959 0.079394624 -0.008782529 0.967956543 0.250964165 -0.208053842 -0.099887066 -0.250567794 0.962932169 -0.128942907
0.994886398 -0.016446771 0.099652030 0.078860849 -0.012888176 0.957913816 0.286766529 -0.206526205 -0.100174434 -0.286584437 0.952803493 -0.133832484
0.994979918 -0.020578453 0.097936437 0.078255720 -0.013318622 0.942695141 0.333389401 -0.203311294 -0.099184841 -0.333020151 0.937688649 -0.139405966
0.995063901 -0.028758820 0.094977401 0.077571452 -0.010438080 0.921445012 0.388368577 -0.199998826 -0.098685481 -0.387442917 0.916596532 -0.144796401
0.994935036 -0.036907304 0.093499102 0.077205196 -0.008659922 0.895226240 0.445527792 -0.195370808 -0.100146078 -0.444080889 0.890372336 -0.150640279
0.994442701 -0.044468660 0.095426574 0.077894486 -0.008843955 0.867925644 0.496615380 -0.192030057 -0.104906991 -0.494699508 0.862709045 -0.155087695
0.993712127 -0.054774787 0.097651847 0.078172691 -0.006027345 0.844729424 0.535159588 -0.189412966 -0.111802645 -0.532383204 0.839087784 -0.158366889
0.993193984 -0.061605446 0.098845862 0.078290537 -0.003968067 0.830276012 0.557338417 -0.189317524 -0.116404422 -0.553937376 0.824380636 -0.160450712
0.992544889 -0.068896309 0.100538485 0.077799678 0.000158656 0.825628281 0.564214528 -0.190548882 -0.121879704 -0.559992254 0.819483995 -0.160710931
0.992304087 -0.070946947 0.101484701 0.077084497 0.002035726 0.828818560 0.559513748 -0.193281040 -0.123808190 -0.555001199 0.822584450 -0.161273748
0.992079020 -0.071732387 0.103119791 0.076403476 0.003628839 0.836940289 0.547282219 -0.196114972 -0.125562966 -0.542572975 0.830571175 -0.160887599
0.992127120 -0.069769099 0.104000457 0.075596750 0.003602494 0.845997691 0.533174336 -0.198597118 -0.125183240 -0.528602064 0.839588642 -0.161854699
0.992202640 -0.068459436 0.104149848 0.074839152 0.004185166 0.853468120 0.521128237 -0.200193793 -0.124564722 -0.516628921 0.847099900 -0.162519485
0.992430925 -0.068627045 0.101838909 0.073683009 0.006502036 0.857480824 0.514474869 -0.200988501 -0.122631796 -0.509918571 0.851436734 -0.164718285
0.992590725 -0.068032481 0.100674108 0.072606459 0.006843483 0.858539462 0.512701809 -0.200768441 -0.121313065 -0.508214056 0.852643847 -0.166703135
0.992371202 -0.072988145 0.099358514 0.070363723 0.011610737 0.857668281 0.514072299 -0.200565770 -0.122737825 -0.508996964 0.851972759 -0.169646233
0.992207706 -0.076770820 0.098133072 0.067664936 0.014886206 0.855019867 0.518381596 -0.199535280 -0.123702303 -0.512881398 0.849500179 -0.172736391
0.991859794 -0.080834970 0.098386154 0.063696958 0.018100645 0.854317069 0.519436955 -0.199146673 -0.126041636 -0.513427734 0.848825932 -0.175231814
0.991460085 -0.083664805 0.100035310 0.059806600 0.020262513 0.856594801 0.515591681 -0.198410258 -0.128826603 -0.509161651 0.850974858 -0.178148299
0.991001785 -0.082527146 0.105379216 0.055806689 0.017793901 0.861541629 0.507375121 -0.198469609 -0.132660791 -0.500934482 0.855257750 -0.180812940
0.990200281 -0.082617417 0.112595789 0.052343693 0.015854634 0.867534161 0.497124940 -0.199437410 -0.138751864 -0.490468055 0.860342383 -0.183501035
0.989286184 -0.085907534 0.118037030 0.048630565 0.017291445 0.871792674 0.489569813 -0.201250419 -0.144961551 -0.482283622 0.863937914 -0.186087728
0.988675833 -0.088538289 0.121165641 0.045807507 0.018486802 0.873117745 0.487158746 -0.202781111 -0.148924068 -0.479402095 0.864867210 -0.189364895
0.988265574 -0.090004310 0.123411670 0.042895421 0.018409763 0.872251391 0.488711208 -0.203197643 -0.151632115 -0.480704457 0.863672972 -0.194637761
0.988865018 -0.086735904 0.120924868 0.040150415 0.015653685 0.868702471 0.495086908 -0.202766821 -0.147989541 -0.487681210 0.860387206 -0.198719203
0.989519775 -0.082335800 0.118622981 0.037545830 0.011515152 0.863882542 0.503561676 -0.201609462 -0.143937469 -0.496918261 0.855776966 -0.200338945
0.989879191 -0.076954007 0.119236164 0.035418071 0.005685449 0.861038804 0.508507490 -0.200495362 -0.141798645 -0.502683043 0.852761924 -0.203253299
0.989918888 -0.071813032 0.122079745 0.033141874 -0.000119366 0.861506522 0.507746458 -0.199873373 -0.141635314 -0.502642393 0.852813005 -0.204499513
0.989973962 -0.070047885 0.122657336 0.030614702 -0.001156017 0.864324212 0.502933741 -0.200062692 -0.141245157 -0.498033136 0.855577469 -0.205296382
0.990653217 -0.068333991 0.118053846 0.028160727 0.000618868 0.867710233 0.497069985 -0.200868085 -0.136403307 -0.492350906 0.859642208 -0.205563396
0.991226137 -0.069341406 0.112527668 0.026032072 0.004997853 0.870395660 0.492327511 -0.201700181 -0.132082283 -0.487445533 0.863105536 -0.205856368
0.991763771 -0.069356769 0.107676476 0.024095234 0.008177299 0.873267293 0.487172842 -0.201940507 -0.127819076 -0.482279897 0.866642058 -0.207513392
0.992179513 -0.070031688 0.103321820 0.022220999 0.011181749 0.874312699 0.485234261 -0.201700896 -0.124317348 -0.480284154 0.868258238 -0.207821026
0.992669940 -0.067179441 0.100465439 0.020909520 0.010021355 0.874167144 0.485521793 -0.200988188 -0.120440669 -0.480956078 0.868432641 -0.207549155
0.992836297 -0.065980457 0.099612541 0.020284571 0.009306183 0.873869598 0.486071318 -0.200350598 -0.119119577 -0.481662244 0.868223488 -0.206979334
0.993053198 -0.063820302 0.098855078 0.019908134 0.007727927 0.873691380 0.486419201 -0.199661568 -0.117412254 -0.482276201 0.868115246 -0.206181049
0.993214309 -0.064291865 0.096912019 0.019499429 0.009136822 0.873863578 0.486085296 -0.199360773 -0.115939222 -0.481901407 0.868521214 -0.205381617
0.993385017 -0.063191660 0.095880069 0.019595936 0.008718425 0.874060869 0.485738158 -0.199056193 -0.114499621 -0.481689095 0.868829966 -0.204531744
0.993478894 -0.063365474 0.094786644 0.020106694 0.009419991 0.874118686 0.485621035 -0.198886916 -0.113626391 -0.481561363 0.869015396 -0.203906879
0.993410051 -0.063628040 0.095330916 0.021699304 0.009416612 0.874249637 0.485385329 -0.198856786 -0.114227138 -0.481288940 0.869087517 -0.203218162
0.993336022 -0.063734584 0.096028544 0.025098644 0.009210816 0.874421597 0.485079408 -0.198799312 -0.114885770 -0.480962336 0.869181514 -0.202714235
0.993195891 -0.064886346 0.096704215 0.030505082 0.009782935 0.873946667 0.485923350 -0.198972791 -0.116044119 -0.481671035 0.868634999 -0.202308267
0.993145704 -0.064606458 0.097404383 0.038528197 0.008816276 0.872383118 0.488743305 -0.199209616 -0.116549917 -0.484534562 0.866973102 -0.201825336
0.992733955 -0.066590607 0.100224853 0.048942480 0.008613076 0.870103359 0.492794126 -0.199060768 -0.120021433 -0.488350183 0.864354670 -0.200931683
0.992325425 -0.068603203 0.102877654 0.062037867 0.008522905 0.867950678 0.496577322 -0.199791491 -0.123359524 -0.491889477 0.861874223 -0.199947417
0.991663277 -0.072111167 0.106789149 0.077042133 0.009540446 0.867560327 0.497240454 -0.201004907 -0.128502622 -0.492076308 0.861015677 -0.198605314
0.990734756 -0.076210402 0.112412713 0.094658494 0.010774553 0.869211316 0.494323313 -0.203082383 -0.135382980 -0.488532066 0.861979008 -0.196151912
0.989523411 -0.081326410 0.119287014 0.113801062 0.012759242 0.872274756 0.488849610 -0.205623537 -0.143807441 -0.482206136 0.864174008 -0.193393499
0.988311589 -0.086610854 0.125454456 0.134588748 0.015447918 0.875596881 0.482795477 -0.208137274 -0.151662856 -0.475214362 0.866700470 -0.190333009
0.987022042 -0.091751188 0.131792367 0.157505095 0.017598946 0.877562582 0.479139060 -0.210453510 -0.159617633 -0.470601410 0.867788315 -0.186501592
0.985525131 -0.098645620 0.137874201 0.181062147 0.020816185 0.877534926 0.479060680 -0.212560952 -0.168246672 -0.469256312 0.866886139 -0.183201805
0.983807802 -0.105315328 0.145020217 0.205731317 0.022545114 0.875436425 0.482807279 -0.214219153 -0.177802980 -0.471720099 0.863635540 -0.179094926
0.982110083 -0.109837830 0.152955741 0.231232971 0.021440823 0.872207820 0.488665372 -0.216367796 -0.187083125 -0.476643711 0.858959079 -0.176149145
0.980916262 -0.110508099 0.159972668 0.257677525 0.017473061 0.869548798 0.493537903 -0.218720376 -0.193643957 -0.481324136 0.854885459 -0.172996551
0.979931355 -0.113031581 0.164189994 0.283338487 0.017227676 0.868629754 0.495162189 -0.221598357 -0.198589265 -0.482396364 0.853144825 -0.170378461
0.978942931 -0.115735739 0.168154702 0.309204876 0.018429961 0.870491028 0.491839111 -0.224554524 -0.203300521 -0.478383303 0.854294062 -0.167327598
0.977576137 -0.118771300 0.173891634 0.334806293 0.019859251 0.874082565 0.485371292 -0.227458328 -0.209643811 -0.471034050 0.856840968 -0.164382622
0.976158321 -0.117855072 0.182277724 0.360370547 0.016638976 0.877915859 0.478525728 -0.229460210 -0.216421202 -0.464083940 0.858945847 -0.161149248
0.974809289 -0.117267519 0.189724028 0.384688407 0.013485983 0.880060673 0.474669784 -0.230578214 -0.222631991 -0.460153908 0.859472752 -0.158461124
0.973523796 -0.124935210 0.191422552 0.405870825 0.019145992 0.879045725 0.476352870 -0.230678737 -0.227782428 -0.460075915 0.858163953 -0.156208634
0.971975207 -0.135431841 0.192152008 0.424511313 0.026687879 0.875663102 0.482184470 -0.230298832 -0.233563557 -0.463543236 0.854737282 -0.154523522
0.970117927 -0.137659833 0.199802279 0.442772001 0.022651251 0.871259391 0.490299910 -0.228428975 -0.241574228 -0.471122950 0.848342538 -0.152596474
0.967952847 -0.140093654 0.208425105 0.459589809 0.018753983 0.867949069 0.496299028 -0.227396116 -0.250430703 -0.476485252 0.842761099 -0.151426852
0.966205716 -0.140943512 0.215827450 0.474178493 0.015939459 0.868344665 0.495705128 -0.226816818 -0.257279038 -0.475512922 0.841246128 -0.149789020
0.965572119 -0.141693518 0.218159273 0.486011326 0.017277259 0.871716022 0.489706695 -0.227099568 -0.259561211 -0.469077945 0.844152749 -0.147530794
0.964987576 -0.147671670 0.216776654 0.494685680 0.026157860 0.876518965 0.480656117 -0.226346433 -0.260988116 -0.458156735 0.849692702 -0.145005941
0.964998424 -0.150489405 0.214781299 0.501720488 0.032505244 0.881294966 0.471447319 -0.225279555 -0.260233492 -0.447964400 0.855340004 -0.143144190
0.965300143 -0.148986548 0.214472920 0.506722093 0.034103937 0.886173248 0.462097287 -0.223553360 -0.258906454 -0.438748181 0.860504210 -0.142262876
0.965712547 -0.150583386 0.211480305 0.510357499 0.038959019 0.889429390 0.455409229 -0.222048476 -0.256673872 -0.431555331 0.864799738 -0.141332030
0.965827942 -0.154322594 0.208232880 0.511777401 0.044525638 0.890264928 0.453261286 -0.220230401 -0.255330890 -0.428500742 0.866714060 -0.140997678
0.965432644 -0.161825046 0.204334334 0.511922657 0.052073669 0.887875378 0.457127631 -0.217967093 -0.255398124 -0.430685461 0.865610659 -0.140396908
0.964492798 -0.165100291 0.206144616 0.511804521 0.051345691 0.882850528 0.466839015 -0.215440765 -0.259070128 -0.439678192 0.859980106 -0.140170470
0.963159323 -0.165396065 0.212057233 0.511216223 0.045440447 0.877268434 0.477844447 -0.213711470 -0.265064687 -0.450604349 0.852464914 -0.140182987
0.961565733 -0.168429509 0.216847599 0.508044124 0.043531820 0.873283982 0.485262871 -0.213551670 -0.271102130 -0.457172394 0.847051978 -0.140457481
0.960747182 -0.169769377 0.219415680 0.503349245 0.042804584 0.872141063 0.487378448 -0.214704573 -0.274103343 -0.458855480 0.845173955 -0.140785366
0.960861623 -0.170286462 0.218511909 0.496002972 0.044462711 0.873339593 0.485078394 -0.216266856 -0.273437381 -0.456377566 0.846729934 -0.140987575
0.961651683 -0.167016819 0.217557907 0.486822009 0.042609822 0.874558389 0.483044505 -0.217472777 -0.270943671 -0.455250442 0.848137140 -0.141660899
0.962677836 -0.161594301 0.217114314 0.474913925 0.038183119 0.875262082 0.482139319 -0.218279794 -0.267942905 -0.455854744 0.848765612 -0.142529190
0.964039803 -0.157336637 0.214178503 0.460290641 0.036178306 0.876109719 0.480752438 -0.218898207 -0.263283849 -0.455715865 0.850296855 -0.143142968
0.965032160 -0.155018449 0.211381599 0.443022102 0.035720631 0.876642048 0.479815394 -0.219322503 -0.259686232 -0.455486625 0.851525128 -0.143090308
0.965854764 -0.154438123 0.208022803 0.423269004 0.036712531 0.876396835 0.480188280 -0.219601005 -0.256469905 -0.456155092 0.852141857 -0.143417716
0.966624439 -0.153534442 0.205096006 0.401640981 0.036779806 0.875407755 0.481983960 -0.219892472 -0.253543764 -0.458354056 0.851837516 -0.143376306
0.967900693 -0.154480040 0.198252738 0.377432704 0.040321305 0.874029994 0.484195918 -0.220612362 -0.248077452 -0.460659772 0.852203131 -0.144182578
0.969574630 -0.155205339 0.189304978 0.351565510 0.045021463 0.873183727 0.485307395 -0.220805064 -0.240620315 -0.462018967 0.853604317 -0.144531772
0.971456409 -0.155382946 0.179244548 0.324213326 0.049965084 0.872687697 0.485715687 -0.221753880 -0.231896430 -0.462895632 0.855541766 -0.144904673
0.973151624 -0.153012246 0.171939299 0.296684086 0.051292695 0.872413754 0.486069292 -0.221776634 -0.224376753 -0.464199930 0.856839299 -0.144739315
0.975016177 -0.146369934 0.167090818 0.269045651 0.047815569 0.872867942 0.485608131 -0.221242711 -0.216926649 -0.465486258 0.858059108 -0.144096822
0.976665914 -0.142369434 0.160793737 0.240530014 0.047963683 0.874382913 0.482860237 -0.220459282 -0.209339842 -0.463880867 0.860808551 -0.142871872
0.978420258 -0.138861582 0.153007373 0.211233124 0.049603444 0.876707137 0.478460133 -0.219949558 -0.200582400 -0.460545421 0.864675999 -0.140880495
0.980336845 -0.136650681 0.142359763 0.181110591 0.054126784 0.879966497 0.471942037 -0.219122022 -0.189763010 -0.454956681 0.870060027 -0.138639748
0.982141733 -0.134671822 0.131381392 0.151264474 0.058856133 0.883182347 0.465322375 -0.218142137 -0.178699523 -0.449279904 0.875336528 -0.135557771
