1.000000000 0.000000000 0.000000000 0.000000015 0.000000000 1.000000000 0.000000000 -0.000000047 0.000000000 0.000000000 1.000000000 -0.000000179
0.999996066 -0.002443722 0.001362355 -0.000078115 0.002442641 0.999996722 0.000794776 0.000634874 -0.001364293 -0.000791445 0.999998748 -0.000128710
0.999994159 -0.001982629 0.002783002 0.000911409 0.001985529 0.999997497 -0.001039480 0.001487876 -0.002780934 0.001045000 0.999995589 0.000008130
0.999976993 0.001145134 0.006682532 0.001225896 -0.001124648 0.999994636 -0.003068485 0.001971696 -0.006686010 0.003060899 0.999972939 0.000639986
0.999916613 0.006123901 0.011369837 0.002274899 -0.006083498 0.999975085 -0.003584678 0.000427974 -0.011391506 0.003515210 0.999928951 -0.001275464
0.999831796 0.010062290 0.015334649 0.002620106 -0.009977307 0.999934494 -0.005608381 -0.000639876 -0.015390078 0.005454439 0.999866664 -0.003075083
0.999737978 0.013517884 0.018473517 0.003363255 -0.013381896 0.999882579 -0.007465174 -0.005140198 -0.018572260 0.007216007 0.999801457 -0.004715554
0.999640286 0.015981190 0.021538200 0.004509724 -0.015727464 0.999805510 -0.011898668 -0.011088975 -0.021724166 0.011555647 0.999697208 -0.008173415
0.999440193 0.021496426 0.025635131 0.003714324 -0.021202613 0.999706984 -0.011678679 -0.017052285 -0.025878668 0.011128610 0.999603152 -0.011952651
0.999282360 0.024375813 0.028992049 0.002682691 -0.024080874 0.999655068 -0.010479163 -0.023166675 -0.029237486 0.009773489 0.999524713 -0.015420846
0.999229491 0.025341786 0.029970778 0.002333499 -0.025184866 0.999667108 -0.005601769 -0.031895399 -0.030102761 0.004842643 0.999535084 -0.021794494
0.999186337 0.025168031 0.031515930 0.000279404 -0.025075499 0.999680042 -0.003327887 -0.042893343 -0.031589601 0.002534902 0.999497712 -0.028222019
0.999197364 0.023902211 0.032144297 -0.002689905 -0.023929477 0.999713540 0.000463700 -0.055632703 -0.032124009 -0.001232524 0.999483109 -0.037065566
0.999187529 0.023979342 0.032392401 -0.004231310 -0.024082778 0.999706030 0.002806832 -0.069403112 -0.032315571 -0.003584650 0.999471307 -0.046451747
0.999069631 0.025539879 0.034750834 -0.009216306 -0.025592409 0.999671876 0.001067544 -0.077999972 -0.034712166 -0.001955908 0.999395430 -0.054470729
0.998974979 0.027149582 0.036220077 -0.013929087 -0.027256979 0.999625385 0.002474560 -0.086923309 -0.036139328 -0.003459273 0.999340773 -0.063271426
0.998995185 0.026853029 0.035881899 -0.018868560 -0.027022183 0.999625862 0.004237444 -0.094421640 -0.035754688 -0.005202794 0.999347031 -0.071803339
0.998941362 0.027925044 0.036555998 -0.023574695 -0.028195433 0.999578595 0.006901977 -0.101755902 -0.036347859 -0.007925383 0.999307752 -0.082675144
0.998909712 0.027726522 0.037557617 -0.031274378 -0.028089793 0.999563277 0.009179338 -0.105557323 -0.037286706 -0.010224315 0.999252319 -0.090108201
0.998888731 0.028653320 0.037420955 -0.038407914 -0.029058054 0.999524474 0.010316900 -0.110422902 -0.037107546 -0.011392814 0.999246359 -0.099001288
0.998811364 0.029210838 0.039020624 -0.048211291 -0.029617989 0.999512315 0.009897165 -0.112464376 -0.038712490 -0.011041112 0.999189377 -0.108662874
0.998781264 0.030296473 0.038962364 -0.056954537 -0.030688277 0.999483883 0.009497331 -0.114192322 -0.038654521 -0.010681445 0.999195516 -0.120237067
0.998847485 0.029537596 0.037832148 -0.065695725 -0.029907830 0.999509811 0.009257895 -0.116234556 -0.037540145 -0.010378703 0.999241233 -0.129792050
0.998811901 0.029747747 0.038598496 -0.076017097 -0.030119777 0.999504924 0.009092896 -0.119084924 -0.038308892 -0.010244670 0.999213457 -0.142315134
0.998846173 0.029421447 0.037955973 -0.088345364 -0.029753806 0.999523461 0.008221404 -0.123911425 -0.037696000 -0.009341252 0.999245584 -0.153172284
0.998887122 0.028660560 0.037457231 -0.100315422 -0.029002706 0.999542117 0.008622980 -0.130542457 -0.037192944 -0.009699745 0.999261022 -0.167312235
0.998938382 0.026544867 0.037649244 -0.114488095 -0.026895558 0.999599159 0.008838937 -0.138645247 -0.037399523 -0.009842150 0.999251902 -0.179531038
0.998996556 0.025782013 0.036622223 -0.128102198 -0.026096867 0.999626219 0.008145462 -0.148546100 -0.036398526 -0.009093014 0.999296010 -0.194926381
0.998963892 0.025973691 0.037369121 -0.146207452 -0.026260288 0.999629200 0.007198968 -0.159595579 -0.037168283 -0.008172832 0.999275625 -0.205639809
0.999061882 0.023023019 0.036678296 -0.160783887 -0.023328377 0.999696493 0.007919117 -0.170543879 -0.036484841 -0.008767332 0.999295771 -0.221848726
0.999329507 0.015129047 0.033341136 -0.174209118 -0.015342495 0.999863327 0.006155389 -0.178332791 -0.033243451 -0.006662798 0.999425054 -0.239392906
0.999488175 0.007116572 0.031189030 -0.189586937 -0.007340143 0.999948144 0.007059623 -0.185751081 -0.031137174 -0.007284942 0.999488592 -0.255013078
0.999610186 -0.005129794 0.027443524 -0.206891224 0.004924327 0.999959350 0.007549266 -0.190743446 -0.027481135 -0.007411183 0.999594867 -0.268434018
0.999598444 -0.018170163 0.021743611 -0.222699672 0.018021133 0.999812901 0.007030496 -0.194341913 -0.021867286 -0.006635828 0.999738872 -0.283674538
0.999298155 -0.032847315 0.018006014 -0.239739105 0.032673992 0.999417663 0.009837153 -0.194992229 -0.018318651 -0.009241921 0.999789476 -0.296467036
0.998911917 -0.044310275 0.014544134 -0.253990054 0.044118013 0.998938024 0.013284266 -0.193232298 -0.015117318 -0.012628153 0.999805987 -0.310813308
0.998982668 -0.042686865 0.014541079 -0.273293287 0.042475604 0.998991668 0.014540318 -0.189510331 -0.015147098 -0.013907885 0.999788523 -0.317556977
0.999245226 -0.033748470 0.019235734 -0.284700692 0.033508949 0.999358475 0.012641353 -0.183244467 -0.019650020 -0.011987242 0.999735057 -0.330791086
0.999466062 -0.022404417 0.023781877 -0.297007143 0.022127535 0.999684989 0.011842591 -0.174889460 -0.024039712 -0.011310034 0.999647021 -0.342588246
0.999565542 -0.010444834 0.027560402 -0.307271004 0.010181802 0.999901414 0.009666989 -0.165877923 -0.027658656 -0.009382175 0.999573410 -0.355926752
0.999449968 0.000568012 0.033157062 -0.318678975 -0.000843071 0.999965370 0.008282240 -0.156856939 -0.033151206 -0.008305639 0.999415815 -0.367547870
0.999335170 0.008713544 0.035401389 -0.329263926 -0.008906965 0.999946237 0.005309606 -0.148572594 -0.035353221 -0.005621395 0.999359071 -0.381235629
0.999229193 0.013801180 0.036749311 -0.341554314 -0.013939269 0.999896705 0.003504039 -0.140830621 -0.036697157 -0.004013596 0.999318361 -0.393644929
0.999188960 0.013252057 0.038023271 -0.353111356 -0.013388960 0.999904752 0.003348129 -0.133909017 -0.037975281 -0.003854506 0.999271274 -0.408498943
0.999146163 0.016704533 0.037786949 -0.366302222 -0.017010435 0.999825001 0.007788474 -0.130292296 -0.037650231 -0.008424597 0.999255478 -0.421512067
0.999238372 0.013978806 0.036431544 -0.379019827 -0.014651145 0.999726057 0.018253652 -0.123454072 -0.036166400 -0.018773513 0.999169409 -0.437352508
0.999400258 0.004046880 0.034391288 -0.392483175 -0.005264734 0.999359548 0.035395253 -0.117570944 -0.034226019 -0.035555083 0.998781443 -0.451964706
0.999513149 -0.003834331 0.030964341 -0.406043470 0.002203950 0.998617589 0.052516952 -0.111810997 -0.031122904 -0.052423142 0.998139858 -0.467761993
0.999546468 -0.009468982 0.028586548 -0.419361353 0.007534377 0.997721851 0.067040250 -0.107067555 -0.029156227 -0.066794470 0.997340679 -0.482137710
0.999504805 -0.014196787 0.028082995 -0.432189018 0.012016276 0.997009039 0.076345153 -0.103509389 -0.029082855 -0.075969897 0.996685863 -0.496171176
0.999508202 -0.017953485 0.025710192 -0.444224358 0.015809711 0.996565402 0.081286259 -0.101755619 -0.027081259 -0.080839805 0.996359110 -0.508721769
0.999530494 -0.017706048 0.025005661 -0.455852389 0.015648562 0.996655405 0.080206431 -0.101569861 -0.026342168 -0.079777472 0.996464550 -0.520072699
0.999478281 -0.018286617 0.026622817 -0.476629883 0.016137140 0.996757686 0.078827322 -0.104600154 -0.027977981 -0.078356579 0.996532738 -0.526253402
0.999513447 -0.018445203 0.025153404 -0.487253189 0.016460268 0.996898532 0.076957203 -0.106660292 -0.026494881 -0.076505728 0.996717036 -0.534989119
0.999595225 -0.018439667 0.021666104 -0.488047481 0.016838981 0.997271657 0.071872383 -0.106359951 -0.022932293 -0.071478456 0.997178495 -0.546962798
0.999626219 -0.018344484 0.020270061 -0.497162849 0.016904119 0.997467995 0.069078878 -0.110785179 -0.021485951 -0.068710417 0.997405231 -0.553612947
0.999656677 -0.018319929 0.018731657 -0.506850421 0.017004648 0.997532547 0.068115458 -0.113054186 -0.019933309 -0.067773551 0.997501612 -0.560141206
0.999651670 -0.020782381 0.016266106 -0.514916658 0.019656174 0.997587800 0.066575281 -0.118591979 -0.017610462 -0.066232361 0.997648835 -0.564482629
0.999640644 -0.019707039 0.018171141 -0.532761097 0.018485136 0.997706115 0.065121852 -0.125699818 -0.019412817 -0.064762555 0.997711837 -0.563805997
0.999659896 -0.019123187 0.017730027 -0.539517045 0.017980861 0.997883558 0.062491089 -0.128778562 -0.018887531 -0.062151037 0.997888029 -0.564245760
0.999693990 -0.017964786 0.017006440 -0.547473907 0.016925732 0.998091578 0.059386291 -0.130669117 -0.018040845 -0.059080273 0.998090208 -0.565114081
0.999709427 -0.016998751 0.017092077 -0.552924752 0.016031189 0.998344660 0.055235047 -0.131228223 -0.018002709 -0.054944988 0.998327076 -0.563145459
0.999721348 -0.017159432 0.016210048 -0.558818102 0.016334165 0.998628616 0.049740031 -0.132683635 -0.017041327 -0.049461395 0.998630643 -0.561788917
0.999748409 -0.015219562 0.016475033 -0.563109636 0.014502140 0.998977423 0.042822842 -0.136200249 -0.017109931 -0.042573143 0.998946846 -0.559726000
0.999776661 -0.012362006 0.017140161 -0.567818165 0.011750798 0.999307215 0.035312872 -0.143388212 -0.017564826 -0.035103578 0.999229312 -0.557685971
0.999803483 -0.006189245 0.018834708 -0.570889473 0.005665124 0.999598742 0.027754644 -0.153156698 -0.018998930 -0.027642487 0.999437332 -0.557278335
0.999797940 -0.004327200 0.019629203 -0.574762762 0.003830122 0.999672830 0.025290700 -0.167476147 -0.019732218 -0.025210408 0.999487400 -0.557877958
0.999792814 -0.001125841 0.020323731 -0.577405691 0.000684654 0.999764264 0.021701913 -0.183466002 -0.020343374 -0.021683503 0.999557912 -0.560503781
0.999767005 0.003233233 0.021341799 -0.580442131 -0.003632149 0.999818921 0.018679516 -0.200628251 -0.021277538 -0.018752681 0.999597728 -0.561700165
0.999753833 0.004571182 0.021710856 -0.583150506 -0.004914896 0.999863029 0.015804540 -0.215762824 -0.021635635 -0.015907358 0.999639392 -0.564181149
0.999725819 0.006169738 0.022587735 -0.586475074 -0.006452909 0.999901235 0.012485155 -0.229072779 -0.022508476 -0.012627489 0.999666929 -0.565723121
0.999709606 0.006562827 0.023187649 -0.589413702 -0.006817328 0.999917209 0.010913755 -0.239872500 -0.023114104 -0.011068664 0.999671578 -0.568978667
0.999683738 0.007658266 0.023954431 -0.593209982 -0.007890279 0.999922752 0.009606148 -0.250171542 -0.023879012 -0.009792116 0.999666870 -0.569958329
0.999653101 0.009760111 0.024461774 -0.596431494 -0.009952086 0.999920547 0.007738572 -0.260709018 -0.024384299 -0.007979333 0.999670804 -0.573458791
0.999628603 0.009979860 0.025358252 -0.602490664 -0.010173759 0.999919891 0.007528896 -0.274187922 -0.025281083 -0.007784089 0.999650061 -0.567897022
0.999570251 0.012508976 0.026510021 -0.606305420 -0.012676661 0.999900639 0.006166747 -0.285263121 -0.026430247 -0.006500156 0.999629498 -0.571939826
0.999590814 0.011924423 0.026001289 -0.610630512 -0.012057610 0.999914944 0.004971547 -0.296387196 -0.025939796 -0.005283026 0.999649525 -0.575636506
0.999576628 0.011388468 0.026775463 -0.615125418 -0.011523765 0.999921560 0.004904178 -0.307572007 -0.026717512 -0.005210655 0.999629438 -0.580472708
0.999568224 0.011617918 0.026989067 -0.620238006 -0.011798591 0.999908984 0.006544692 -0.318791896 -0.026910575 -0.006860300 0.999614298 -0.584589362
0.999590576 0.010559408 0.026593838 -0.625307739 -0.010854641 0.999880791 0.010981792 -0.329456389 -0.026474707 -0.011265962 0.999585986 -0.590294421
0.999596655 0.008673172 0.027042612 -0.631029844 -0.009086535 0.999843180 0.015200424 -0.339191139 -0.026906535 -0.015440016 0.999518692 -0.594446361
0.999592602 0.007902232 0.027425032 -0.636408806 -0.008378970 0.999815047 0.017312149 -0.345673352 -0.027283154 -0.017534891 0.999473929 -0.599240303
0.999608994 0.008119776 0.026757501 -0.641945601 -0.008540303 0.999841213 0.015639661 -0.350458294 -0.026626263 -0.015862064 0.999519587 -0.602370322
0.999619842 0.005600541 0.026996791 -0.647652388 -0.005988458 0.999879658 0.014309600 -0.351548016 -0.026913401 -0.014465829 0.999533117 -0.604986727
0.999666154 -0.000367565 0.025835279 -0.656156361 -0.000043592 0.999873400 0.015912201 -0.353073239 -0.025837857 -0.015908014 0.999539554 -0.602578044
0.999725401 -0.008732258 0.021746840 -0.662083745 0.008265820 0.999735832 0.021446850 -0.350060254 -0.021928374 -0.021261204 0.999533474 -0.604286313
0.999630868 -0.018909261 0.019508604 -0.665418506 0.018415529 0.999513149 0.025185026 -0.351007253 -0.019975338 -0.024816468 0.999492407 -0.610137641
0.999558687 -0.024175180 0.017261356 -0.669874489 0.023691693 0.999335885 0.027685357 -0.352012366 -0.017919190 -0.027264191 0.999467671 -0.613139451
0.999513805 -0.026633380 0.016210342 -0.675351441 0.026125060 0.999184072 0.030800793 -0.360827625 -0.017017445 -0.030362323 0.999394059 -0.618402243
0.999456167 -0.026593814 0.019498171 -0.677712858 0.026005717 0.999216974 0.029818915 -0.367631674 -0.020275904 -0.029295634 0.999365151 -0.622558773
0.999447227 -0.025277991 0.021592753 -0.683805048 0.024568599 0.999169409 0.032509878 -0.386517286 -0.022396604 -0.031961404 0.999238133 -0.625956595
0.999450386 -0.024688814 0.022121893 -0.684839606 0.023902766 0.999097228 0.035118937 -0.396800846 -0.022968968 -0.034570858 0.999138296 -0.630301774
0.999400616 -0.023984592 0.024962001 -0.685834587 0.023070805 0.999075592 0.036272831 -0.409301549 -0.025808915 -0.035675198 0.999030113 -0.635076702
0.999412417 -0.021234192 0.026905024 -0.685747802 0.020157915 0.999009788 0.039661631 -0.421169668 -0.027720565 -0.039095975 0.998850882 -0.639479101
0.999412417 -0.020598156 0.027395561 -0.686000526 0.019419411 0.998902678 0.042618372 -0.434412062 -0.028243359 -0.042061321 0.998715758 -0.644016147
0.999390185 -0.016224876 0.030918784 -0.684527934 0.014768635 0.998796999 0.046758905 -0.446703434 -0.031640247 -0.046273760 0.998427570 -0.647521555
0.999378383 -0.015347043 0.031737823 -0.683570266 0.013718978 0.998609841 0.050893784 -0.460021138 -0.032474775 -0.050426736 0.998199642 -0.651837349
0.999400258 -0.011958098 0.032497641 -0.681516171 0.010190550 0.998487771 0.054021619 -0.473579764 -0.033094492 -0.053658053 0.998010814 -0.654477715
0.999350250 -0.007308906 0.035293184 -0.679749310 0.005359462 0.998471022 0.055017728 -0.487562656 -0.035641342 -0.054792833 0.997861445 -0.657496512
0.999336958 -0.004249116 0.036160134 -0.677488804 0.002195437 0.998391926 0.056645311 -0.499703348 -0.036342680 -0.056528367 0.997739315 -0.658016264
0.999242723 0.002527726 0.038828272 -0.678656936 -0.004857242 0.998185456 0.060018759 -0.516984582 -0.038606104 -0.060161907 0.997441769 -0.660845757
0.999156773 0.006903639 0.040472940 -0.676477373 -0.009310585 0.998179674 0.059587028 -0.524787903 -0.039987899 -0.059913609 0.997402310 -0.658368349
0.999123693 0.010110302 0.040615376 -0.675182283 -0.012450544 0.998251319 0.057786308 -0.532488704 -0.039960120 -0.058241352 0.997502446 -0.655765176
0.999113321 0.011944393 0.040371813 -0.673759937 -0.013958456 0.998652697 0.049979940 -0.541216195 -0.039720438 -0.050499156 0.997933924 -0.652024090
0.999158025 0.010924277 0.039545801 -0.673109055 -0.012542869 0.999083877 0.040915571 -0.550064266 -0.039062601 -0.041377142 0.998379707 -0.648531795
0.999244094 0.011606360 0.037101053 -0.672768056 -0.012831006 0.999374866 0.032942567 -0.559160233 -0.036695518 -0.033393707 0.998768389 -0.644719303
0.999241412 0.013358613 0.036580749 -0.673385024 -0.014380307 0.999509752 0.027810648 -0.567986310 -0.036191307 -0.028315593 0.998943627 -0.641045213
0.999311388 0.011941477 0.035130940 -0.673520207 -0.012823767 0.999605298 0.024997160 -0.577300906 -0.034818567 -0.025430456 0.999070048 -0.637478471
0.999358475 0.012591494 0.033527337 -0.681903243 -0.013285868 0.999700129 0.020569047 -0.584559619 -0.033258289 -0.021001292 0.999226093 -0.635782063
0.999395728 0.012082905 0.032591496 -0.682354093 -0.012748832 0.999712586 0.020302711 -0.590962052 -0.032336812 -0.020705948 0.999262512 -0.632132232
0.999447644 0.011129981 0.031313870 -0.683224797 -0.011718005 0.999757230 0.018657988 -0.594008684 -0.031098606 -0.019014617 0.999335468 -0.627723575
0.999557972 0.009863468 0.028046571 -0.684447646 -0.010339644 0.999804020 0.016884031 -0.595062196 -0.027874537 -0.017166561 0.999464035 -0.622862518
0.999577641 0.010761189 0.026994212 -0.685840905 -0.011208876 0.999801219 0.016488429 -0.592373192 -0.026811412 -0.016784042 0.999499619 -0.616013587
0.999599695 0.011226358 0.025970478 -0.687057197 -0.011661392 0.999793172 0.016660739 -0.587763011 -0.025778066 -0.016956922 0.999523878 -0.609471679
0.999658287 0.010591021 0.023897400 -0.688573718 -0.011054866 0.999751449 0.019361939 -0.579306304 -0.023686396 -0.019619506 0.999526918 -0.601714432
0.999659956 0.011720362 0.023294140 -0.689737260 -0.012302964 0.999611080 0.025026791 -0.569200099 -0.022991758 -0.025304869 0.999415338 -0.594606400
0.999650836 0.012381986 0.023342373 -0.692983508 -0.013204973 0.999284565 0.035439178 -0.556518078 -0.022886867 -0.035735041 0.999099195 -0.585327089
0.999701858 0.011911103 0.021314716 -0.694734037 -0.012871739 0.998880744 0.045514617 -0.546614945 -0.020748729 -0.045775402 0.998736262 -0.578301728
0.999640524 0.015319799 0.022002062 -0.696260214 -0.016473148 0.998446226 0.053232759 -0.537732661 -0.021152360 -0.053576067 0.998339713 -0.570412993
0.999702275 0.013355107 0.020420704 -0.698262453 -0.014551432 0.998116016 0.059603892 -0.530691803 -0.019586217 -0.059883296 0.998013198 -0.563091040
0.999814689 0.008974307 0.017032361 -0.700976372 -0.010023604 0.997991145 0.062555425 -0.525807858 -0.016436754 -0.062714554 0.997896135 -0.554957092
0.999838352 0.008287236 0.015957089 -0.702944756 -0.009310370 0.997832060 0.065149486 -0.523012757 -0.015382586 -0.065287516 0.997747898 -0.547569811
0.999867022 0.007244610 0.014610473 -0.705947697 -0.008234713 0.997590542 0.068886459 -0.522595465 -0.014076214 -0.068997607 0.997517526 -0.538004756
0.999845982 0.010622375 0.013970966 -0.707786798 -0.011552814 0.997598171 0.068296827 -0.525242388 -0.013211934 -0.068447717 0.997567236 -0.529561400
0.999889314 0.008655141 0.012101045 -0.711404741 -0.009508203 0.997336686 0.072312795 -0.530648589 -0.011442939 -0.072419845 0.997308612 -0.516415179
0.999908745 0.008251403 0.010697789 -0.713442683 -0.009046489 0.997025490 0.076539628 -0.537775040 -0.010034409 -0.076629423 0.997009158 -0.507233083
0.999926507 0.008019954 0.009088874 -0.715849936 -0.008732775 0.996650338 0.081313066 -0.547073364 -0.008406302 -0.081386469 0.996647179 -0.496270865
0.999959826 0.006500883 0.006174301 -0.718150318 -0.006995057 0.996465325 0.083713301 -0.558949530 -0.005608266 -0.083753131 0.996470749 -0.485855073
0.999966264 0.007272379 0.003821095 -0.720882177 -0.007579779 0.996110737 0.087783232 -0.572340190 -0.003167842 -0.087809235 0.996132255 -0.472999364
0.999942243 0.010439916 0.002545810 -0.722793460 -0.010618282 0.996338069 0.084839143 -0.587927043 -0.001650774 -0.084861271 0.996391416 -0.460640192
0.999941587 0.010809374 0.000160904 -0.725490272 -0.010788011 0.996783257 0.079415470 -0.603920460 0.000698045 -0.079412565 0.996841609 -0.445039362
0.999943376 0.010427945 -0.002125052 -0.727321684 -0.010240630 0.997167110 0.074517526 -0.620816112 0.002896097 -0.074491538 0.997217417 -0.430557579
0.999887168 0.014903338 -0.001881108 -0.730634034 -0.014729843 0.997310102 0.071802147 -0.640560746 0.002946140 -0.071766339 0.997417092 -0.411655575
0.999793828 0.020175019 -0.002290065 -0.732262969 -0.019975068 0.997529626 0.067347221 -0.657420099 0.003643139 -0.067287587 0.997726977 -0.394999832
0.999718368 0.023646111 -0.002001998 -0.734423876 -0.023467341 0.997632861 0.064637445 -0.674049437 0.003525683 -0.064572267 0.997906804 -0.375918359
0.999711096 0.023857310 -0.002925237 -0.736533165 -0.023636181 0.997879922 0.060637929 -0.689648151 0.004365694 -0.060551271 0.998155534 -0.357012868
0.999656200 0.026038092 -0.003086612 -0.739092052 -0.025815692 0.997986197 0.057940599 -0.702410161 0.004589058 -0.057840992 0.998315275 -0.335691690
0.999636710 0.026746985 -0.003316607 -0.741743863 -0.026530463 0.998204172 0.053707663 -0.710745931 0.004747169 -0.053600159 0.998551190 -0.313179374
0.999571264 0.029164031 -0.002587523 -0.745691001 -0.029004294 0.998401105 0.048518255 -0.714418232 0.003998374 -0.048422404 0.998818934 -0.287255824
0.999547720 0.030005803 -0.001992045 -0.748961031 -0.029896760 0.998683155 0.041690748 -0.712764382 0.003240386 -0.041612338 0.999128580 -0.260741144
0.999556720 0.029748002 -0.001184058 -0.755028546 -0.029685879 0.998906732 0.036111884 -0.713571310 0.002257020 -0.036060728 0.999347031 -0.230413064
0.999551475 0.029940961 0.000660174 -0.758544922 -0.029947443 0.999121487 0.029315623 -0.704134405 0.000218143 -0.029322242 0.999570012 -0.201517045
0.999533772 0.030340699 0.003424119 -0.763506472 -0.030414885 0.999243736 0.024225242 -0.693283081 -0.002686519 -0.024318092 0.999700665 -0.171148017
0.999552250 0.029204911 0.006506521 -0.767797112 -0.029340772 0.999330223 0.021868363 -0.680205107 -0.005863500 -0.022049479 0.999739707 -0.142168909
0.999539077 0.028647140 0.010047197 -0.773704171 -0.028844673 0.999381781 0.020100178 -0.671919823 -0.009465173 -0.020380722 0.999747515 -0.112717047
0.999563396 0.026431093 0.013204866 -0.779249668 -0.026661748 0.999489427 0.017608054 -0.664755344 -0.012732725 -0.017952431 0.999757767 -0.086157970
0.999540210 0.025420271 0.016529815 -0.785432577 -0.025752421 0.999464214 0.020201700 -0.663392961 -0.016007425 -0.020618094 0.999659300 -0.060068756
0.999390960 0.027184490 0.021878580 -0.792058706 -0.027616724 0.999424398 0.019702567 -0.662859321 -0.021330381 -0.020294784 0.999566495 -0.035923336
0.999273896 0.027699837 0.026161401 -0.804674625 -0.028313180 0.999325812 0.023372527 -0.676877737 -0.025496347 -0.024096269 0.999384463 -0.002551989
0.999233961 0.026434567 0.028856134 -0.812776148 -0.027046558 0.999412954 0.021028146 -0.683122039 -0.028283326 -0.021792497 0.999362350 0.019798517
0.999238789 0.023102075 0.031434700 -0.821425438 -0.023828648 0.999452829 0.022938825 -0.690087318 -0.030887567 -0.023670409 0.999242544 0.042256292
0.999216855 0.021268822 0.033365630 -0.830455065 -0.021951083 0.999554634 0.020216687 -0.695020914 -0.032920785 -0.020933265 0.999238729 0.064454660
0.999148071 0.020719934 0.035690423 -0.840179384 -0.021408651 0.999589801 0.019024137 -0.698530436 -0.035281602 -0.019772016 0.999181807 0.087453306
0.999098778 0.019828880 0.037530009 -0.850071430 -0.020499239 0.999635637 0.017562175 -0.698335826 -0.037168097 -0.018315682 0.999141157 0.109456547
0.998966992 0.021834405 0.039852191 -0.860808671 -0.022447893 0.999635279 0.015012023 -0.698059678 -0.039509881 -0.015891112 0.999092817 0.133491173
0.998948455 0.021112207 0.040696938 -0.871577919 -0.021582089 0.999705017 0.011141309 -0.693395913 -0.040449712 -0.012007917 0.999109447 0.155846298
0.998860240 0.022079263 0.042316806 -0.885571182 -0.022549756 0.999688745 0.010673365 -0.688785136 -0.042067971 -0.011615433 0.999047220 0.186997473
0.998748481 0.019244995 0.046164449 -0.896642566 -0.019753214 0.999748945 0.010578018 -0.678568304 -0.045949284 -0.011476675 0.998877823 0.210907578
0.998588443 0.014208603 0.051178131 -0.908997059 -0.014630196 0.999861956 0.007872560 -0.667702854 -0.051059213 -0.008610194 0.998658538 0.236554876
0.998259664 0.007512130 0.058490630 -0.920566082 -0.007919278 0.999945998 0.006732214 -0.653713167 -0.058436897 -0.007183701 0.998265266 0.261412829
0.997744262 -0.004057308 0.067007191 -0.933055639 0.003570264 0.999966323 0.007386690 -0.638657391 -0.067034908 -0.007130794 0.997725129 0.287372351
0.996857703 -0.014639885 0.077848814 -0.945102036 0.014283511 0.999884784 0.005132659 -0.622603893 -0.077914990 -0.004004576 0.996951938 0.312312603
0.995538056 -0.026952105 0.090430044 -0.956535280 0.026646646 0.999634385 0.004583691 -0.607846498 -0.090520523 -0.002153581 0.995892286 0.338075310
0.993899405 -0.038523704 0.103343420 -0.967894435 0.037691072 0.999239445 0.009998366 -0.592822790 -0.103649996 -0.006042246 0.994595468 0.359945744
0.991885126 -0.050689235 0.116595358 -0.980286837 0.049261011 0.998671770 0.015100480 -0.572899699 -0.117205933 -0.009234336 0.993064702 0.392887056
0.989423633 -0.059068035 0.132483572 -0.990312874 0.056833815 0.998171389 0.020585982 -0.558352649 -0.133457273 -0.012838711 0.990971386 0.411964536
0.986707628 -0.068768196 0.147237778 -0.999821305 0.065595038 0.997499526 0.026305189 -0.545182467 -0.148678571 -0.016297465 0.988751292 0.431242675
0.984459102 -0.074224241 0.159157395 -1.008522153 0.070637025 0.997106612 0.028086761 -0.535792112 -0.160781592 -0.016407864 0.986853600 0.446808308
0.982071161 -0.079644449 0.170859501 -1.016973138 0.075077347 0.996630311 0.033037461 -0.526024997 -0.172914997 -0.019617461 0.984741390 0.464088172
0.980312645 -0.080230646 0.180416793 -1.024422407 0.074834146 0.996526599 0.036532741 -0.522014439 -0.182721168 -0.022312174 0.982911587 0.476583689
0.978991270 -0.078464769 0.188200265 -1.032443285 0.072163455 0.996585846 0.040114071 -0.518185377 -0.190705270 -0.025690142 0.981311142 0.493084043
0.977567494 -0.078036383 0.195632666 -1.038549185 0.071156397 0.996582091 0.041963711 -0.520379424 -0.198238701 -0.027101845 0.979779005 0.505602241
0.976491034 -0.076632597 0.201476410 -1.046296358 0.069655679 0.996707320 0.041504234 -0.517007172 -0.203993604 -0.026494538 0.978613615 0.527287722
0.975813746 -0.079860866 0.203493893 -1.052056193 0.072446585 0.996417105 0.043639436 -0.519509017 -0.206249893 -0.027841523 0.978103161 0.539693415
0.975029409 -0.079137079 0.207496971 -1.057651877 0.071127720 0.996415496 0.045792490 -0.519613624 -0.210377097 -0.029890239 0.977163255 0.554325700
0.974059224 -0.081345223 0.211167157 -1.062552810 0.072706036 0.996179700 0.048371516 -0.521966338 -0.214295238 -0.031763591 0.976252317 0.567724168
0.972338796 -0.083272606 0.218226835 -1.066723704 0.074429050 0.996048629 0.048451036 -0.522440672 -0.221399173 -0.030868405 0.974694610 0.581333637
0.969500542 -0.092678539 0.226890728 -1.069935203 0.083172940 0.995222867 0.051124152 -0.526468456 -0.230544969 -0.030693721 0.972577453 0.595093369
0.965988636 -0.101609930 0.237784356 -1.072331309 0.091236070 0.994349837 0.054262649 -0.529669940 -0.241954446 -0.030722592 0.969801068 0.609030306
0.960906386 -0.114233807 0.252209365 -1.073666096 0.103568628 0.993088782 0.055210330 -0.535936654 -0.256773174 -0.026930980 0.966096401 0.623619378
0.954429209 -0.126538321 0.270283133 -1.074612141 0.114707254 0.991634011 0.059196286 -0.539177179 -0.275512546 -0.025495229 0.960959315 0.640692830
0.946798086 -0.139785409 0.289885283 -1.073400378 0.126995534 0.989927769 0.062570758 -0.545774996 -0.295711994 -0.022427740 0.955013812 0.654524267
0.937775135 -0.151394457 0.312501967 -1.070324302 0.138205171 0.988329053 0.064070500 -0.553965807 -0.318554699 -0.016894341 0.947753906 0.668115497
0.927217841 -0.160744295 0.338272601 -1.065971494 0.146607056 0.986915171 0.067118347 -0.561584055 -0.344635218 -0.012640189 0.938651562 0.680892646
0.916005135 -0.164478660 0.365898013 -1.059895754 0.149519086 0.986343503 0.069068953 -0.570893645 -0.372261524 -0.008558791 0.928088427 0.693545341
0.903355300 -0.166737184 0.395155549 -1.052640080 0.151346818 0.985995233 0.070053712 -0.579110086 -0.401302040 -0.003477853 0.915939152 0.705176294
0.889145851 -0.165156007 0.426782399 -1.044093013 0.148815840 0.986267447 0.071626708 -0.587540984 -0.432751149 -0.000174612 0.901513398 0.716933966
0.874356806 -0.163388699 0.456951082 -1.035596371 0.146641880 0.986554027 0.072161883 -0.590582132 -0.462597370 0.003912929 0.886559844 0.728606820
0.858316720 -0.160265326 0.487449944 -1.026769876 0.141650379 0.987063348 0.075107485 -0.593981862 -0.493181109 0.004581440 0.869914651 0.745230198
0.841890574 -0.158107653 0.515967250 -1.017951250 0.139551684 0.987381041 0.074859872 -0.588044465 -0.521292210 0.008980278 0.853331029 0.759149790
0.824825883 -0.160658106 0.542080522 -1.009437203 0.142455146 0.986899793 0.075731859 -0.583714962 -0.547146082 0.014756566 0.836907029 0.776185989
0.808936834 -0.167334631 0.563578188 -1.002184749 0.149572149 0.985671699 0.077970706 -0.575852215 -0.568550289 0.021222226 0.822374701 0.790361524
0.793475688 -0.175431386 0.582769394 -0.995498955 0.159084573 0.984048724 0.079625472 -0.571540952 -0.587442279 0.029528741 0.808727145 0.805435956
0.778472066 -0.183511958 0.600253820 -0.989343882 0.167366460 0.982371390 0.083276071 -0.567307293 -0.604954362 0.035634272 0.795462430 0.818788469
0.765764832 -0.193592265 0.613291323 -0.984271467 0.177146301 0.980221689 0.088230364 -0.570486307 -0.618242204 0.041078560 0.784913480 0.832671106
0.754352272 -0.202321947 0.624514639 -0.978811741 0.185945630 0.978214741 0.092304945 -0.573197067 -0.629584730 0.046495318 0.775539398 0.844375134
0.744864106 -0.215324074 0.631516457 -0.974409103 0.196643054 0.975300074 0.100604251 -0.580128491 -0.637580633 0.049246829 0.768808007 0.857925773
0.736816227 -0.225394338 0.637416065 -0.969400644 0.201643497 0.973146379 0.111022457 -0.584350646 -0.645322978 0.046727646 0.762479365 0.868449211
0.729448199 -0.237724498 0.641398728 -0.965286970 0.208541706 0.970316052 0.122462839 -0.587128520 -0.651471913 0.044428084 0.757370770 0.884832680
0.724068284 -0.248006463 0.643597662 -0.959923744 0.213173270 0.967899263 0.133147284 -0.588303506 -0.655959070 0.040790070 0.753693521 0.896959782
0.719866872 -0.256130874 0.645126939 -0.954607546 0.217575282 0.965851426 0.140684158 -0.587879479 -0.659130335 0.039089806 0.751012146 0.911503494
0.716380715 -0.263251275 0.646140397 -0.947949767 0.220927000 0.964023113 0.147819981 -0.585212886 -0.661808074 0.036854465 0.748766899 0.925759614
0.713550925 -0.265096635 0.648512840 -0.940930009 0.220924035 0.963561952 0.150801137 -0.580925345 -0.664859176 0.035667773 0.746116698 0.941580474
0.712584257 -0.255178362 0.653534770 -0.931715488 0.210901007 0.966336608 0.147357836 -0.578632593 -0.669137120 0.032826271 0.742413640 0.956505060
0.711277962 -0.243315026 0.659455359 -0.922084033 0.201322719 0.969392240 0.140526995 -0.574850142 -0.673463285 0.032809597 0.738492250 0.973017454
0.711124182 -0.232740149 0.663426220 -0.911476374 0.190496907 0.972104311 0.136836216 -0.574061513 -0.676766813 0.029073089 0.735623181 0.988415956
0.711744189 -0.224861950 0.665475249 -0.901507497 0.183124244 0.974016011 0.133260429 -0.570055842 -0.678148746 0.027017310 0.734427929 1.006064653
0.712083101 -0.216641217 0.667835474 -0.891036749 0.173727691 0.975992501 0.131367177 -0.570149720 -0.680261970 0.022477157 0.732624412 1.022772074
0.713014126 -0.212668031 0.668119192 -0.880942464 0.169030517 0.976923227 0.130574331 -0.569951594 -0.680470109 0.019831162 0.732507467 1.040139198
0.714339018 -0.209576175 0.667680800 -0.871202409 0.165583119 0.977628469 0.129710421 -0.571436942 -0.679928005 0.017899439 0.733060479 1.057847261
0.715209961 -0.208439261 0.667104065 -0.861455441 0.165832609 0.977845550 0.127740577 -0.572782040 -0.678950846 0.019266278 0.733930886 1.076663256
0.716228902 -0.206981763 0.666464329 -0.852225244 0.167435482 0.978076637 0.123820424 -0.576070428 -0.677481771 0.022906005 0.735182822 1.095280886
0.717094541 -0.209301382 0.664806962 -0.843479753 0.173026294 0.977444649 0.121094242 -0.578951418 -0.675157189 0.028193071 0.737134933 1.114636183
0.718365550 -0.211306781 0.662797391 -0.835046053 0.178029597 0.976866424 0.118479908 -0.583505154 -0.672500074 0.032885659 0.739366055 1.133658051
0.718922615 -0.217971325 0.660029352 -0.822656155 0.189276814 0.975066245 0.115845025 -0.589460909 -0.668823302 0.041644648 0.742254138 1.156993032
0.718835950 -0.222061023 0.658759296 -0.814474165 0.193862304 0.974050820 0.116800673 -0.594817400 -0.667601883 0.043748043 0.743232012 1.175751686
0.718589425 -0.223619089 0.658501208 -0.805909991 0.197396174 0.973532617 0.115191385 -0.599972188 -0.666831434 0.047210291 0.743711770 1.195081353
0.718268514 -0.227690578 0.657455266 -0.797667921 0.200888246 0.972560227 0.117348060 -0.605573773 -0.666133821 0.047787622 0.744299710 1.213499427
0.717678785 -0.231533557 0.656756699 -0.788749695 0.205003262 0.971561909 0.118495464 -0.611088276 -0.665515482 0.049595580 0.744734466 1.232978106
0.717144191 -0.233103558 0.656785250 -0.779885292 0.207097158 0.971113026 0.118533976 -0.616807103 -0.665443420 0.051012419 0.744703174 1.251042247
0.714537859 -0.234652251 0.659070432 -0.770488620 0.210833311 0.970500290 0.116955146 -0.622997761 -0.667071879 0.055385128 0.742931724 1.269581437
0.710222602 -0.237326384 0.662766933 -0.760590971 0.215644240 0.969546139 0.116094306 -0.628938735 -0.670135379 0.060469065 0.739771664 1.287022352
0.704020381 -0.239611924 0.668536782 -0.749300659 0.218392313 0.968792439 0.117243476 -0.635039985 -0.675766349 0.063461475 0.734379053 1.308119535
0.695510268 -0.244031221 0.675806344 -0.738119006 0.222160846 0.967507124 0.120725110 -0.640101075 -0.683308184 0.066172138 0.727125287 1.324699640
0.685095310 -0.248590738 0.684724152 -0.725966096 0.226957619 0.966024935 0.123637028 -0.645149052 -0.692195594 0.070700206 0.718238652 1.341202378
0.673495531 -0.251625925 0.695045531 -0.713793695 0.229190201 0.965023994 0.127281591 -0.649136484 -0.702762902 0.073574029 0.707609475 1.356556654
0.659441113 -0.258394629 0.705953121 -0.700581193 0.237940699 0.962534428 0.130045235 -0.653250277 -0.713107109 0.082217768 0.696217299 1.371876240
0.644278288 -0.263102204 0.718110502 -0.687240660 0.243035629 0.960725129 0.133943632 -0.656473517 -0.725147665 0.088229470 0.682917535 1.386333942
0.627405524 -0.266997337 0.731488049 -0.673848867 0.249235108 0.958817422 0.136202097 -0.661001027 -0.737729132 0.096858561 0.668112397 1.399832964
0.607875705 -0.272764027 0.745712340 -0.659189403 0.255778372 0.956351817 0.141310424 -0.663227797 -0.751707733 0.104837924 0.651110172 1.412709355
0.587045670 -0.274878323 0.761458695 -0.640520096 0.258199811 0.955041468 0.145700738 -0.666028678 -0.767274559 0.111075476 0.631626487 1.429966927
0.565615475 -0.279919505 0.775708854 -0.624941766 0.263600707 0.952650666 0.151563108 -0.667261362 -0.781405032 0.118750967 0.612620950 1.441307187
0.543005884 -0.284059197 0.790224731 -0.608425915 0.264641732 0.950981557 0.159996346 -0.668878078 -0.796937644 0.122247450 0.591562510 1.452508688
0.521534085 -0.290080667 0.802406132 -0.592258096 0.267730892 0.948572934 0.168906868 -0.669712663 -0.810137331 0.126738161 0.572376668 1.462174177
0.502650619 -0.292108625 0.813643038 -0.574714065 0.265566438 0.947848976 0.176229268 -0.671298146 -0.822688878 0.127494514 0.554011106 1.473536372
0.484968662 -0.294218570 0.823553860 -0.557866037 0.264551252 0.946943343 0.182512939 -0.672297835 -0.833557546 0.129359096 0.537073731 1.482415318
0.468749464 -0.295256913 0.832524776 -0.540471435 0.263078570 0.946377218 0.187509701 -0.674297631 -0.843245983 0.131124303 0.521289527 1.491798878
0.451411307 -0.296185732 0.841725588 -0.522944689 0.261298895 0.945830464 0.192685381 -0.676027238 -0.853200316 0.132961586 0.504351556 1.499938965
0.432522297 -0.297330976 0.851186752 -0.502178192 0.262383342 0.944709003 0.196672022 -0.679618478 -0.862600446 0.138272136 0.486622393 1.512336135
0.415430844 -0.295742452 0.860205531 -0.484255314 0.263648987 0.944225311 0.197301194 -0.682233512 -0.870578170 0.144827321 0.470232546 1.520341873
0.398044705 -0.295748264 0.868385434 -0.466217399 0.265490681 0.943236887 0.199546754 -0.685058236 -0.878108740 0.151119739 0.453968823 1.528599739
0.380693674 -0.298994482 0.875028431 -0.448503733 0.267041981 0.941512346 0.205531374 -0.686900258 -0.885302842 0.155424789 0.438271880 1.536163330
0.366793096 -0.302442998 0.879767716 -0.430488110 0.270609587 0.939472914 0.210145563 -0.689983606 -0.890074909 0.160993606 0.426436126 1.545293331
0.354735851 -0.305358827 0.883695900 -0.413375854 0.270181537 0.938318908 0.215776607 -0.692245245 -0.895077884 0.162214622 0.415357649 1.552643657
0.344767511 -0.309210986 0.886297882 -0.396800756 0.271742254 0.936635494 0.221065730 -0.695707738 -0.898494065 0.164628297 0.406947196 1.560899734
0.337821305 -0.317762524 0.885948062 -0.379830599 0.275986463 0.933353126 0.229528740 -0.698317289 -0.899837971 0.166969910 0.403004706 1.568692684
0.331317484 -0.325637579 0.885544300 -0.359062433 0.280783355 0.930060744 0.236955136 -0.700888455 -0.900771499 0.170138747 0.399578989 1.580196142
0.326835155 -0.336392343 0.883186877 -0.341174245 0.284449697 0.926190317 0.247507289 -0.702233136 -0.901258647 0.170328155 0.398398221 1.588482857
0.324323297 -0.340428799 0.882566035 -0.323061585 0.286366850 0.924552202 0.251390576 -0.703713000 -0.901558936 0.171205789 0.397341371 1.597284079
0.322280467 -0.340055197 0.883457959 -0.303730845 0.282062203 0.925357282 0.253288150 -0.704255164 -0.903646171 0.167560205 0.394141257 1.605550647
0.321330488 -0.335589409 0.885509253 -0.282940030 0.270603120 0.928648770 0.253742874 -0.703970730 -0.907480478 0.158086210 0.389214694 1.614497781
0.321804285 -0.327856690 0.888229728 -0.261942863 0.260233730 0.932629108 0.249962777 -0.703017116 -0.910340905 0.150708228 0.385443389 1.623502731
0.321917057 -0.321437567 0.890532017 -0.239240527 0.251646847 0.935818136 0.246816188 -0.701763868 -0.912711978 0.144645244 0.382144570 1.634221554
0.322823942 -0.315348446 0.892378926 -0.218127131 0.242678121 0.938919187 0.244004399 -0.699914157 -0.914818048 0.137790352 0.379633725 1.644629598
0.324515998 -0.309342712 0.893865943 -0.194096088 0.235700816 0.941646099 0.240307495 -0.696540177 -0.916042805 0.132701322 0.378491580 1.658879519
0.325425386 -0.303919792 0.895394325 -0.172763228 0.230706796 0.943840623 0.236514807 -0.693546772 -0.916991115 0.129605651 0.377266049 1.671321034
0.327030957 -0.299278796 0.896372139 -0.150431514 0.228399649 0.945439219 0.232332245 -0.690873981 -0.916997492 0.128751233 0.377543032 1.685039043
0.329036117 -0.296011776 0.896723211 -0.128991365 0.230890781 0.945995688 0.227555692 -0.687409520 -0.915655434 0.132171005 0.379613161 1.700087786
0.330592692 -0.294154853 0.896761656 -0.106907725 0.239361495 0.945252419 0.221819729 -0.685121536 -0.912915468 0.141318202 0.382902861 1.715981722
0.332268119 -0.295054495 0.895846426 -0.085813522 0.251525640 0.943132579 0.217338070 -0.682846427 -0.909028471 0.153113827 0.387586653 1.732393742
0.334922254 -0.299110502 0.893509984 -0.065375447 0.261464804 0.940539002 0.216846764 -0.681500077 -0.905242205 0.160994589 0.393214285 1.748259783
0.335864425 -0.305523813 0.890982866 -0.044437289 0.272778094 0.936946094 0.218458623 -0.679850578 -0.901547194 0.169668078 0.398027003 1.764241934
0.337058663 -0.313515663 0.887749672 -0.019709706 0.282486677 0.933158517 0.222298265 -0.678298593 -0.898105145 0.175849885 0.403093159 1.784372807
0.338305831 -0.320974529 0.884604216 0.001596689 0.286297858 0.930577457 0.228164688 -0.677343845 -0.896427870 0.176070794 0.406714141 1.799193263
0.339415252 -0.327997237 0.881597996 0.023539066 0.289081842 0.928250313 0.234057665 -0.677180409 -0.895113945 0.175411254 0.409880400 1.814023018
0.340580523 -0.336998701 0.877745271 0.045761824 0.291086078 0.925483882 0.242380828 -0.677400470 -0.894021153 0.172949225 0.413297415 1.827398181
0.341933191 -0.345866621 0.873760879 0.069145560 0.290375173 0.923189998 0.251798511 -0.677980065 -0.893736064 0.167620152 0.416100323 1.841625094
0.342838943 -0.352912873 0.870582581 0.093698502 0.289988548 0.921246409 0.259252131 -0.679724157 -0.893514514 0.163577244 0.418179810 1.853891850
