0.998695374 0.038771104 -0.033231921 -86.265472412 -0.037966888 0.998978615 0.024499100 -31.812782288 0.034147836 -0.023205426 0.999147356 -89.538642883
0.998690963 0.042348027 -0.028687958 -86.265037537 -0.041530050 0.998729765 0.028532764 -31.793380737 0.029859822 -0.027304003 0.999181092 -89.531982422
0.998697400 0.043705985 -0.026331354 -86.264945984 -0.042678654 0.998351038 0.038389742 -31.770566940 0.027965795 -0.037215948 0.998915851 -89.526199341
0.998684824 0.044282772 -0.025840148 -86.264488220 -0.042923510 0.997776926 0.050977800 -31.746295929 0.028040141 -0.049801607 0.998365462 -89.517997742
0.998819888 0.041260850 -0.025619790 -86.264282227 -0.039640147 0.997360408 0.060834531 -31.721179962 0.028062250 -0.059747171 0.997819006 -89.512344360
0.998894095 0.039925002 -0.024830803 -86.264816284 -0.038162366 0.996968091 0.067810647 -31.694469452 0.027462859 -0.066788055 0.997389138 -89.505386353
0.999037743 0.035807196 -0.025326470 -86.264961243 -0.033867743 0.996738136 0.073253267 -31.669237137 0.027866853 -0.072325028 0.996991754 -89.499244690
0.999101222 0.033225007 -0.026320912 -86.264709473 -0.031110361 0.996542573 0.077038884 -31.644611359 0.028789528 -0.076150790 0.996680617 -89.493583679
0.999082327 0.033261992 -0.026984897 -86.264724731 -0.030962512 0.996186852 0.081566416 -31.621313095 0.029595062 -0.080656044 0.996302545 -89.488357544
0.999037087 0.034942348 -0.026532771 -86.264854431 -0.032523576 0.995704710 0.086685345 -31.599826813 0.029447796 -0.085738927 0.995882332 -89.483985901
0.998851001 0.040649656 -0.025383368 -86.265037537 -0.038076203 0.994773865 0.094737642 -31.579912186 0.029101763 -0.093662284 0.995178580 -89.479774475
0.998757958 0.041606303 -0.027413197 -86.265213013 -0.038480785 0.993614137 0.106066652 -31.561708450 0.031651180 -0.104880027 0.993981063 -89.477981567
0.998638272 0.044909198 -0.026547551 -86.265335083 -0.041394677 0.991827488 0.120684169 -31.545766830 0.031750422 -0.119420908 0.992335916 -89.476661682
0.998569310 0.045973297 -0.027308345 -86.265602112 -0.041792657 0.989585340 0.137746811 -31.533298492 0.033356611 -0.136408448 0.990090966 -89.475173950
0.998587370 0.045717936 -0.027075510 -86.266426086 -0.040985506 0.987053752 0.155064642 -31.526796341 0.033814218 -0.153735906 0.987533212 -89.474800110
0.998551369 0.045720384 -0.028368544 -86.267318726 -0.040311456 0.984896898 0.168383807 -31.527772903 0.035638664 -0.166996300 0.985313237 -89.477058411
0.998474479 0.045750350 -0.030912865 -86.268432617 -0.039716512 0.984030306 0.173513666 -31.537828445 0.038357507 -0.172021225 0.984346151 -89.480964661
0.998530030 0.043530166 -0.032293104 -86.268928528 -0.037408195 0.984635651 0.170567334 -31.556322098 0.039221764 -0.169108570 0.984816730 -89.484672546
0.998407006 0.048310712 -0.029147631 -86.271369934 -0.042919390 0.985614479 0.163468599 -31.581953049 0.036625613 -0.161957204 0.986117840 -89.490226746
0.998113155 0.056630433 -0.023730675 -86.273437500 -0.052335054 0.986753225 0.153554827 -31.613407135 0.032112196 -0.152023137 0.987855136 -89.496398926
0.997931957 0.061786491 -0.017725922 -86.274200439 -0.058704827 0.988381267 0.140200645 -31.648498535 0.026182476 -0.138870120 0.989964426 -89.501144409
0.997782171 0.066060230 -0.008171460 -86.275375366 -0.064549267 0.990239978 0.123524167 -31.686347961 0.016251741 -0.122722752 0.992307901 -89.508651733
0.997263074 0.073907360 0.002005858 -86.277153015 -0.073688522 0.991366863 0.108451553 -31.726173401 0.006026825 -0.108302541 0.994099736 -89.515357971
0.996952772 0.077805229 0.005609220 -86.279281616 -0.077989154 0.992597818 0.093098432 -31.764850616 0.001675844 -0.093252197 0.995641112 -89.522087097
0.996930480 0.078129321 0.005044695 -86.282196045 -0.078284547 0.993874371 0.078008041 -31.798831940 0.001080922 -0.078163520 0.996939957 -89.529319763
0.997076213 0.076376863 0.002371738 -86.284400940 -0.076369561 0.994965971 0.064887598 -31.832744598 0.002596113 -0.064879015 0.997889757 -89.535690308
0.997260273 0.073928781 0.002537510 -86.286079407 -0.073961131 0.995926201 0.051582418 -31.864294052 0.001286252 -0.051628776 0.998665512 -89.542282104
0.997711062 0.067567855 0.002693503 -86.287651062 -0.067621142 0.997047007 0.036396407 -31.893808365 -0.000226322 -0.036495231 0.999333799 -89.548591614
0.997981369 0.063444644 0.002825432 -86.288238525 -0.063489079 0.997775912 0.020305628 -31.919860840 -0.001530865 -0.020444022 0.999789834 -89.554351807
0.998313427 0.058017556 0.002058299 -86.288772583 -0.058023196 0.998311341 0.002793481 -31.942459106 -0.001892752 -0.002908198 0.999993980 -89.559967041
0.998244047 0.059231255 0.000654552 -86.288192749 -0.059218761 0.998169363 -0.012291453 -31.958021164 -0.001381392 0.012231109 0.999924242 -89.565017700
0.998251557 0.059094273 0.001301144 -86.288352966 -0.059049517 0.997996151 -0.022734961 -31.966962814 -0.002642042 0.022618378 0.999740660 -89.569046021
0.997926593 0.064132765 0.005427741 -86.287330627 -0.063975081 0.997626901 -0.025451221 -31.967025757 -0.007047117 0.025051210 0.999661326 -89.570770264
0.997511089 0.070052385 0.008021658 -86.284721375 -0.069871411 0.997335553 -0.020971503 -31.957284927 -0.009469388 0.020358823 0.999747872 -89.568656921
0.997070849 0.075686492 0.011011771 -86.282943726 -0.075568818 0.997082770 -0.010736655 -31.940618515 -0.011792268 0.009873061 0.999881744 -89.566017151
0.997198820 0.073601983 0.013315528 -86.282699585 -0.073632158 0.997283876 0.001789098 -31.919002533 -0.013147679 -0.002764537 0.999909759 -89.562118530
0.997371912 0.071467198 0.011905295 -86.278053284 -0.071641497 0.997318864 0.014920309 -31.890298843 -0.010807062 -0.015734009 0.999817789 -89.552360535
0.997682035 0.067112781 0.011245119 -86.276046753 -0.067377366 0.997412145 0.025085298 -31.860593796 -0.009532475 -0.025784818 0.999622047 -89.544982910
0.997439444 0.070751607 0.010430202 -86.273040771 -0.071053863 0.996952295 0.032208946 -31.829570770 -0.008119579 -0.032867577 0.999426723 -89.537406921
0.997707784 0.067220263 0.007783370 -86.269172668 -0.067457341 0.997078896 0.035822183 -31.796796799 -0.005352657 -0.036265120 0.999327898 -89.527801514
0.997731149 0.067297205 0.001911192 -86.266952515 -0.067320302 0.996958375 0.039267667 -31.764053345 0.000737225 -0.039307237 0.999226928 -89.521400452
0.997812629 0.066105410 -0.000073504 -86.264823914 -0.066038176 0.996846616 0.043997776 -31.731052399 0.002981764 -0.043896686 0.999031603 -89.515029907
0.998085320 0.061772767 -0.003139737 -86.263313293 -0.061515074 0.996655643 0.053790640 -31.697982788 0.006452033 -0.053494509 0.998547316 -89.506904602
0.998214245 0.059708953 0.001777379 -86.261856079 -0.059693649 0.995962620 0.067045622 -31.666645050 0.002233020 -0.067031987 0.997748315 -89.501129150
0.998352587 0.057027139 0.006324868 -86.260772705 -0.057355620 0.994897544 0.083001614 -31.637529373 -0.001559251 -0.083227649 0.996529341 -89.495468140
0.998253524 0.058110252 0.010634863 -86.260200500 -0.058883935 0.993243992 0.099995248 -31.610734940 -0.004752265 -0.100446828 0.994931102 -89.489494324
0.998132765 0.060125023 0.010767680 -86.259986877 -0.060973190 0.991255701 0.117023088 -31.588935852 -0.003637508 -0.117461123 0.993070841 -89.486381531
0.998206437 0.059349455 0.007843239 -86.260856628 -0.059865452 0.989499688 0.131554291 -31.573364258 0.000046793 -0.131787881 0.991277933 -89.485214233
0.998142004 0.060734287 0.004883541 -86.262077332 -0.060807355 0.987833977 0.143131122 -31.564792633 0.003868839 -0.143162146 0.989691675 -89.483673096
0.998104393 0.061456703 0.003268174 -86.263366699 -0.061249077 0.986738682 0.150317222 -31.565097809 0.006013168 -0.150232464 0.988632441 -89.484489441
0.998102069 0.061580315 0.000415639 -86.265274048 -0.060922220 0.986405432 0.152619749 -31.574766159 0.008988384 -0.152355403 0.988284886 -89.486785889
0.998201489 0.059915219 -0.001974207 -86.267807007 -0.058966678 0.987266719 0.147741005 -31.592948914 0.010801004 -0.147358879 0.989024103 -89.490409851
0.998219013 0.059557915 -0.003420166 -86.270645142 -0.058551192 0.989102960 0.135081604 -31.616994858 0.011428073 -0.134640768 0.990828574 -89.495887756
0.998294175 0.058257766 -0.003850806 -86.273063660 -0.057378575 0.991144121 0.119753875 -31.644767761 0.010793297 -0.119328640 0.992796123 -89.502433777
0.998085856 0.061815508 -0.001848449 -86.275321960 -0.061267473 0.992422104 0.106511258 -31.675367355 0.008418489 -0.106194131 0.994309783 -89.508377075
0.998063922 0.062183332 0.001275444 -86.277290344 -0.062017273 0.993424714 0.096234962 -31.707237244 0.004717153 -0.096127748 0.995357811 -89.514884949
0.997772574 0.066329233 0.007097823 -86.278663635 -0.066698693 0.993740559 0.089615829 -31.739171982 -0.001109246 -0.089889623 0.995951116 -89.520988464
0.997678936 0.066990428 0.012209186 -86.279731750 -0.067783333 0.994139671 0.084212087 -31.771800995 -0.006496233 -0.084844209 0.996373057 -89.529205322
0.997740507 0.065630324 0.014371357 -86.280517578 -0.066568457 0.994618714 0.079387002 -31.804079056 -0.009083827 -0.080164306 0.996740282 -89.536628723
0.997929513 0.061675735 0.018241029 -86.280754089 -0.062843055 0.995390475 0.072446629 -31.837034225 -0.013688748 -0.073442951 0.997205496 -89.543128967
0.998164117 0.055647124 0.023912888 -86.278999329 -0.057053309 0.996392906 0.062818244 -31.868925095 -0.020330977 -0.064067230 0.997738481 -89.548751831
0.998188853 0.050659604 0.032444291 -86.278190613 -0.052219518 0.997423530 0.049187575 -31.901365280 -0.029868875 -0.050792713 0.998262465 -89.554611206
0.998239040 0.045429308 0.038144935 -86.277679443 -0.046685714 0.998373628 0.032719422 -31.931171417 -0.036596473 -0.034442630 0.998736382 -89.560997009
0.998154819 0.044797163 0.040989369 -86.276542664 -0.045466218 0.998845041 0.015538185 -31.957345963 -0.040245958 -0.017373146 0.999038756 -89.567298889
0.998059094 0.044120446 0.043948695 -86.276313782 -0.044110648 0.999025941 -0.001193067 -31.977622986 -0.043958522 -0.000747854 0.999033093 -89.572868347
0.997972250 0.046603907 0.043353025 -86.275856018 -0.046126444 0.998864114 -0.011949746 -31.990510941 -0.043860685 0.009925794 0.998988330 -89.577323914
0.997803211 0.048722163 0.044887591 -86.274314880 -0.048013911 0.998706639 -0.016724318 -31.996507645 -0.045644384 0.014532350 0.998852015 -89.579261780
0.997388482 0.053251926 0.048789456 -86.273208618 -0.052467149 0.998474061 -0.017227834 -31.993297577 -0.049632423 0.014622999 0.998660505 -89.578796387
0.997107983 0.057264287 0.049964573 -86.272300720 -0.056583408 0.998286128 -0.014938090 -31.982301712 -0.050734360 0.012067724 0.998639286 -89.576011658
0.997105896 0.058645975 0.048378658 -86.270706177 -0.058176029 0.998245001 -0.011066671 -31.965797424 -0.048942771 0.008220166 0.998767734 -89.570014954
0.997187197 0.058564350 0.046775319 -86.269622803 -0.058306143 0.998275161 -0.006866713 -31.943582535 -0.047096781 0.004120110 0.998881817 -89.563438416
0.997181237 0.059786510 0.045333229 -86.267387390 -0.059756916 0.998210967 -0.002008995 -31.916460037 -0.045372233 -0.000705642 0.998969913 -89.555496216
0.997474611 0.058028493 0.040952202 -86.264488220 -0.058203015 0.998300016 0.003081204 -31.887571335 -0.040703785 -0.005456964 0.999156356 -89.546646118
0.997404933 0.061947614 0.036685757 -86.261550903 -0.062339358 0.998008549 0.009631393 -31.854873657 -0.036016054 -0.011893366 0.999280453 -89.538597107
0.997431457 0.063121408 0.033855952 -86.258697510 -0.063700512 0.997835815 0.016307101 -31.821357727 -0.032753356 -0.018421855 0.999293685 -89.530487061
0.997188628 0.066957861 0.033637937 -86.255508423 -0.067815334 0.997383833 0.025030803 -31.787605286 -0.031873923 -0.027241599 0.999120593 -89.521301270
0.996776223 0.070094801 0.039036263 -86.252487183 -0.071494170 0.996802449 0.035685208 -31.753128052 -0.036410097 -0.038361032 0.998600364 -89.512153625
0.997183561 0.066900395 0.033900674 -86.250755310 -0.068632357 0.996243834 0.052800171 -31.718845367 -0.030240986 -0.054978147 0.998029530 -89.504531860
0.997741580 0.059405513 0.031348988 -86.249801636 -0.061597861 0.995328009 0.074349187 -31.686935425 -0.026785776 -0.076112308 0.996739388 -89.497306824
0.998254597 0.052005012 0.027987381 -86.248657227 -0.054507550 0.993724227 0.097678594 -31.657337189 -0.022731962 -0.099033631 0.994824409 -89.491638184
0.998512745 0.046795610 0.027973494 -86.247367859 -0.049788754 0.991745472 0.118160740 -31.630069733 -0.022213181 -0.119377762 0.992600381 -89.486999512
0.998513222 0.046388481 0.028626243 -86.246345520 -0.049805570 0.989828050 0.133265853 -31.605585098 -0.022153059 -0.134493470 0.990666807 -89.481918335
0.998153389 0.052541021 0.030484157 -86.245002747 -0.056387689 0.988065958 0.143339038 -31.584072113 -0.022589179 -0.144793272 0.989204049 -89.478668213
0.997849345 0.059243672 0.028050393 -86.244247437 -0.062787659 0.986770630 0.149470612 -31.566974640 -0.018824115 -0.150910363 0.988368213 -89.477088928
0.997772336 0.062783882 0.022550380 -86.245346069 -0.065495059 0.986165702 0.152274668 -31.555492401 -0.012678018 -0.153412402 0.988080919 -89.476852417
0.997765362 0.065070450 0.015169809 -86.246849060 -0.066626355 0.986024201 0.152699605 -31.550510406 -0.005021567 -0.153369084 0.988156199 -89.477836609
0.997854352 0.064835489 0.009111769 -86.248252869 -0.065466017 0.986066759 0.152926490 -31.552919388 0.000930251 -0.153194889 0.988195539 -89.478881836
0.997833610 0.065594576 0.005041967 -86.249855042 -0.065591119 0.985994756 0.153336659 -31.562789917 0.005086699 -0.153335169 0.988161147 -89.481689453
0.997737050 0.067132860 0.003735994 -86.251358032 -0.066913351 0.985961080 0.152981684 -31.579597473 0.006586554 -0.152885482 0.988221943 -89.484588623
0.997747183 0.067008153 0.003231989 -86.253166199 -0.066733599 0.986420989 0.150067508 -31.601787567 0.006867642 -0.149945110 0.988670468 -89.488540649
0.997727811 0.067289598 0.003364502 -86.254890442 -0.067059644 0.987022877 0.145907119 -31.628221512 0.006497189 -0.145801201 0.989292562 -89.493827820
0.997516394 0.070207894 0.005650652 -86.256355286 -0.070297211 0.987342775 0.142170668 -31.657615662 0.004402373 -0.142214805 0.989826024 -89.498329163
0.996970892 0.076628089 0.013312770 -86.257049561 -0.077732638 0.987420559 0.137688980 -31.690061569 -0.002594459 -0.138306752 0.990386069 -89.502609253
0.996456385 0.081710570 0.019952210 -86.258056641 -0.083623655 0.987909198 0.130546823 -31.724981308 -0.009043915 -0.131752685 0.991241336 -89.508117676
0.996249080 0.083374523 0.023161834 -86.259513855 -0.085567720 0.989048600 0.120254017 -31.761024475 -0.012882059 -0.121784858 0.992472947 -89.513168335
0.996331334 0.081549674 0.025951935 -86.261337280 -0.083870813 0.990754485 0.106636077 -31.798006058 -0.017015858 -0.108421475 0.993959367 -89.518417358
0.996425152 0.079093739 0.029684009 -86.262306213 -0.081444472 0.992714524 0.088795692 -31.834804535 -0.022444563 -0.090895861 0.995607436 -89.525047302
0.996433437 0.076241300 0.036161762 -86.264144897 -0.078561842 0.994600594 0.067806706 -31.870862961 -0.030796837 -0.070405796 0.997042894 -89.530532837
0.996268272 0.075746275 0.041376989 -86.266220093 -0.077616297 0.995938599 0.045629449 -31.904901505 -0.037752677 -0.048670702 0.998101175 -89.537025452
0.996040225 0.074683197 0.048231263 -86.267616272 -0.075968452 0.996787012 0.025386050 -31.935781479 -0.046180386 -0.028949581 0.998513520 -89.542724609
0.995918274 0.074524298 0.050921217 -86.269645691 -0.075058222 0.997141600 0.008652018 -31.963823318 -0.050130881 -0.012438759 0.998665214 -89.549499512
0.996198118 0.069725178 0.052227810 -86.272132874 -0.069568269 0.997565567 -0.004818399 -31.987194061 -0.052436627 0.001166682 0.998623550 -89.556213379
0.996495366 0.066492818 0.050751511 -86.272979736 -0.065851428 0.997728288 -0.014208902 -32.005386353 -0.051581006 0.010817045 0.998610258 -89.563018799
0.996803045 0.060201336 0.052531213 -86.275016785 -0.059282314 0.998062670 -0.018882327 -32.016418457 -0.053566180 0.015707787 0.998440742 -89.566474915
0.996753454 0.057714533 0.056138705 -86.275375366 -0.056770917 0.998220205 -0.018261930 -32.020427704 -0.057092767 0.015015597 0.998255968 -89.567153931
0.996711433 0.054807350 0.059686773 -86.274589539 -0.054006137 0.998428583 -0.014956340 -32.017623901 -0.060412697 0.011683702 0.998105109 -89.566169739
0.996717155 0.053928833 0.060387325 -86.274459839 -0.053406153 0.998520374 -0.010237473 -32.008087158 -0.060850073 0.006978810 0.998122513 -89.562553406
0.996458888 0.052654311 0.065552779 -86.273307800 -0.052458853 0.998612046 -0.004700651 -31.992231369 -0.065709300 0.001245183 0.997838020 -89.557250977
0.995997429 0.054003853 0.071223006 -86.270927429 -0.054233875 0.998527408 0.001298326 -31.971988678 -0.071048006 -0.005155828 0.997459590 -89.550292969
0.995133460 0.060504455 0.077773027 -86.267738342 -0.061259162 0.998094797 0.007352884 -31.948585510 -0.077179976 -0.012081412 0.996943951 -89.542312622
0.994371235 0.066090390 0.082812652 -86.264183044 -0.067372233 0.997646093 0.012778132 -31.923469543 -0.081773207 -0.018285479 0.996483207 -89.534408569
0.993491650 0.075244687 0.085513368 -86.259757996 -0.077096768 0.996850848 0.018561646 -31.897243500 -0.083847404 -0.025033645 0.996164083 -89.525741577
0.993063807 0.079418585 0.086700097 -86.256439209 -0.081904396 0.996314049 0.025495371 -31.871007919 -0.084355712 -0.032419648 0.995908141 -89.518142700
0.993269980 0.082968935 0.080813982 -86.253623962 -0.086023495 0.995675564 0.035073247 -31.844396591 -0.077554516 -0.041789103 0.996111929 -89.512718201
0.993494391 0.084699906 0.076123670 -86.251022339 -0.088366695 0.995017886 0.046160370 -31.819246292 -0.071834639 -0.052586868 0.996029317 -89.507354736
0.994155288 0.086263582 0.064914145 -86.249145508 -0.090080962 0.994222283 0.058373842 -31.794809341 -0.059503548 -0.063880190 0.996182024 -89.505760193
0.994956315 0.085557036 0.052363694 -86.247695923 -0.089190312 0.993444502 0.071505636 -31.772523880 -0.045902617 -0.075815320 0.996064723 -89.506515503
0.995843291 0.081669874 0.040326424 -86.246726990 -0.084890194 0.992677569 0.085935704 -31.754566193 -0.033012778 -0.089001812 0.995484233 -89.508094788
0.996664107 0.076490454 0.028457770 -86.246307373 -0.079004638 0.991705716 0.101380415 -31.739692688 -0.020467101 -0.103290521 0.994440615 -89.511894226
0.997260332 0.070926934 0.021004999 -86.245819092 -0.072914258 0.990383923 0.117572144 -31.728685379 -0.012463981 -0.118781596 0.992842197 -89.515998840
0.997916579 0.063253745 0.012709009 -86.246025085 -0.064387932 0.988888860 0.133989081 -31.721445084 -0.004092487 -0.134528235 0.990901291 -89.519882202
0.998357296 0.056972180 0.006068905 -86.246253967 -0.057230379 0.986619294 0.152666554 -31.716966629 0.002710046 -0.152763084 0.988259137 -89.525054932
0.998663962 0.051651821 0.001537355 -86.246612549 -0.051150210 0.983862281 0.171460405 -31.714603424 0.007343696 -0.171309963 0.985189795 -89.530609131
0.998880923 0.047211397 0.002820757 -86.247093201 -0.046870258 0.980155349 0.192610234 -31.713556290 0.006328618 -0.192526907 0.981271267 -89.534553528
0.999040008 0.042619262 0.010132517 -86.247215271 -0.043801982 0.975397468 0.216058120 -31.713632584 -0.000674994 -0.216294542 0.976327896 -89.537895203
0.998866677 0.040701974 0.024672510 -86.246734619 -0.045441400 0.969718277 0.239961460 -31.714109421 -0.014158478 -0.240810648 0.970468819 -89.540641785
0.998626530 0.035899095 0.038162231 -86.247955322 -0.044626944 0.964424908 0.260562956 -31.714900970 -0.027450634 -0.261908114 0.964702308 -89.543334961
0.998336792 0.030284831 0.049055681 -86.249969482 -0.042796217 0.959444284 0.278630942 -31.716711044 -0.038627900 -0.280266911 0.959144592 -89.546325684
0.998233020 0.024978220 0.053916235 -86.252243042 -0.039835915 0.954570353 0.295310944 -31.718351364 -0.044090498 -0.296936959 0.953878641 -89.550209045
0.998212159 0.021501791 0.055768941 -86.254562378 -0.037953004 0.948829055 0.313501239 -31.719194412 -0.046174351 -0.315057337 0.947948754 -89.555076599
0.998225152 0.015675923 0.057453003 -86.256042480 -0.033947162 0.942428529 0.332680196 -31.719955444 -0.048930276 -0.334040076 0.941287994 -89.559875488
0.998192728 0.010810414 0.059113789 -86.256797791 -0.030998914 0.935337186 0.352396727 -31.719921112 -0.051481772 -0.353592336 0.933981836 -89.565277100
0.998198509 0.004296217 0.059843950 -86.257118225 -0.026282109 0.927953482 0.371768117 -31.719665527 -0.053935207 -0.372671187 0.926394701 -89.571502686
0.998165667 0.003793467 0.060422391 -86.256698608 -0.027100988 0.920452178 0.389914572 -31.718811035 -0.054136790 -0.390836835 0.918866575 -89.577697754
0.998144031 0.004944421 0.060696103 -86.255111694 -0.029192910 0.913559794 0.405655473 -31.718523026 -0.053443789 -0.406674474 0.912008584 -89.583587646
0.998266220 0.006516669 0.058498226 -86.252655029 -0.030415129 0.907992423 0.417881280 -31.719167709 -0.050392754 -0.418935984 0.906616330 -89.588729858
0.998402178 0.007765853 0.055971172 -86.249412537 -0.030859794 0.904692054 0.424947023 -31.720733643 -0.047336597 -0.425995290 0.903486192 -89.592285156
0.998425186 0.006249454 0.055750579 -86.245216370 -0.029452186 0.904198766 0.426095217 -31.723062515 -0.047746740 -0.427066177 0.902958870 -89.593971252
0.998538375 0.006589143 0.053644352 -86.240653992 -0.028630344 0.906328857 0.421602041 -31.725645065 -0.045841433 -0.422521681 0.905192792 -89.594741821
0.998803735 0.005578835 0.048579238 -86.236511230 -0.025255900 0.909554839 0.414815724 -31.727605820 -0.041871294 -0.415546417 0.908607721 -89.594161987
0.998992026 0.005970153 0.044489637 -86.231933594 -0.023591708 0.913025796 0.407218963 -31.729484558 -0.038189031 -0.407858104 0.912246346 -89.592437744
0.999062359 0.008120752 0.042525798 -86.228698730 -0.024484880 0.916059494 0.400294334 -31.730514526 -0.035705470 -0.400960237 0.915399373 -89.590904236
0.999125242 0.012985738 0.039750725 -86.226745605 -0.027648913 0.918279529 0.394966125 -31.730497360 -0.031373352 -0.395719707 0.917835295 -89.588905334
0.999237955 0.016022461 0.035591505 -86.225677490 -0.028672541 0.920022964 0.390814006 -31.730583191 -0.026483202 -0.391536713 0.919781327 -89.586769104
0.999244094 0.022514936 0.031691816 -86.224700928 -0.033076774 0.920730948 0.388793588 -31.731826782 -0.020425972 -0.389547944 0.920779645 -89.584083557
0.999247670 0.025360744 0.029340571 -86.223899841 -0.034806654 0.920116067 0.390095949 -31.732563019 -0.017103607 -0.390823722 0.920306623 -89.581604004
0.999171138 0.029770922 0.027761694 -86.222320557 -0.038317028 0.918076754 0.394546479 -31.733072281 -0.013741353 -0.395283192 0.918456495 -89.579338074
0.999073088 0.032915808 0.027740330 -86.219871521 -0.041258775 0.916005015 0.399039447 -31.734130859 -0.012275577 -0.399814129 0.916514039 -89.576553345
0.999076605 0.033977501 0.026296331 -86.215904236 -0.041686185 0.914780080 0.401795626 -31.734870911 -0.010403348 -0.402520776 0.915351748 -89.573852539
0.999106050 0.032621641 0.026887000 -86.210311890 -0.040705133 0.914029419 0.403600425 -31.735641479 -0.011409402 -0.404334098 0.914540231 -89.570762634
0.999151468 0.030383004 0.027805783 -86.202911377 -0.039045803 0.913575709 0.404789925 -31.736829758 -0.013103954 -0.405532181 0.913986862 -89.567214966
0.999154687 0.028059458 0.030043392 -86.193511963 -0.037853781 0.913002968 0.406192929 -31.738281250 -0.016032150 -0.406986803 0.913293362 -89.563209534
0.999176979 0.025221724 0.031768274 -86.182701111 -0.035995625 0.912370920 0.407778949 -31.739543915 -0.018699562 -0.408586830 0.912527859 -89.559684753
0.999236882 0.020879086 0.033011418 -86.170082092 -0.032588378 0.911551237 0.409893155 -31.741115570 -0.021533405 -0.410656154 0.911535978 -89.556266785
0.999295712 0.016316993 0.033791013 -86.155921936 -0.028801801 0.910741031 0.411972374 -31.742877960 -0.024052713 -0.412655443 0.910569608 -89.553184509
0.999312162 0.012460202 0.034927711 -86.140151978 -0.025791742 0.910280228 0.413188428 -31.744613647 -0.026645593 -0.413805097 0.909975469 -89.550506592
0.999248207 0.008029937 0.037928823 -86.123016357 -0.022971403 0.910722256 0.412380129 -31.746959686 -0.031231236 -0.412941366 0.910221994 -89.547943115
0.999141216 0.003463043 0.041289341 -86.104957581 -0.020036399 0.912624657 0.408307165 -31.749788284 -0.036267687 -0.408783823 0.911910295 -89.544876099
0.998941422 -0.001956595 0.045958575 -86.086196899 -0.016706921 0.915439129 0.402109504 -31.753053665 -0.042859044 -0.402451694 0.914437413 -89.541625977
0.998644531 -0.008559683 0.051340565 -86.067932129 -0.012441970 0.918530583 0.395154119 -31.756292343 -0.050540276 -0.395257294 0.917178988 -89.538146973
0.998231053 -0.013522997 0.057895154 -86.049133301 -0.010144255 0.920768142 0.389978349 -31.759019852 -0.058581688 -0.389875829 0.919002175 -89.535118103
0.997794688 -0.018897852 0.063629016 -86.030303955 -0.007300431 0.921553373 0.388183147 -31.760559082 -0.065973356 -0.387791604 0.919383049 -89.532470703
0.997300982 -0.022580434 0.069863677 -86.012756348 -0.006508484 0.920599997 0.390452713 -31.761304855 -0.073133096 -0.389853567 0.917968273 -89.529785156
0.996576786 -0.026079504 0.078451306 -85.995384216 -0.007238476 0.917770565 0.397045046 -31.760900497 -0.082355037 -0.396253735 0.914440036 -89.527740479
0.995659590 -0.028460145 0.088611789 -85.978668213 -0.010098401 0.913441479 0.406844825 -31.759939194 -0.092520542 -0.405973762 0.909189343 -89.526504517
0.994811237 -0.034244232 0.095801666 -85.964172363 -0.008722039 0.909477234 0.415662259 -31.758789062 -0.101363465 -0.414341062 0.904459476 -89.523910522
0.994556785 -0.037366413 0.097265258 -85.951576233 -0.007196691 0.906621099 0.421884358 -31.757471085 -0.103947043 -0.420287967 0.901417255 -89.522399902
0.994429231 -0.036891550 0.098739818 -85.940109253 -0.008662898 0.904979169 0.425367713 -31.755931854 -0.105049953 -0.423853457 0.899618149 -89.521316528
0.994551241 -0.036503416 0.097649157 -85.930938721 -0.008615483 0.904706776 0.425947666 -31.754316330 -0.103892401 -0.424468040 0.899462759 -89.519836426
0.994703293 -0.036912952 0.095930941 -85.923973083 -0.007330547 0.905439854 0.424411386 -31.753009796 -0.102525972 -0.422866613 0.900373399 -89.518692017
0.994924068 -0.038273230 0.093065768 -85.919334412 -0.004531208 0.906868219 0.421390057 -31.752235413 -0.100526348 -0.419672787 0.902091563 -89.518066406
0.995249748 -0.038362436 0.089477547 -85.916778564 -0.002573324 0.908402205 0.418089509 -31.751359940 -0.097320534 -0.416333735 0.903988361 -89.517562866
0.995303929 -0.040570624 0.087886885 -85.916297913 0.000409694 0.909687519 0.415293247 -31.750545502 -0.096798301 -0.413306981 0.905432165 -89.517669678
0.995277882 -0.041913398 0.087551065 -85.917831421 0.001872974 0.910093784 0.414398134 -31.749683380 -0.097048514 -0.412277341 0.905874729 -89.518280029
0.994994521 -0.040581018 0.091318831 -85.921150208 -0.001002522 0.909730971 0.415197074 -31.749395370 -0.099924684 -0.413210332 0.905136585 -89.519531250
0.994841874 0.087492667 -0.051329222 -86.182960510 -0.057563446 0.903584719 0.424524516 -32.114631653 0.083523080 -0.419380099 0.903960288 -89.689414978
0.994669259 0.087330312 -0.054831613 -86.194221497 -0.055793568 0.902976751 0.426051706 -32.114093781 0.086718902 -0.420721263 0.903035700 -89.694786072
0.994110525 0.090851374 -0.059078738 -86.206275940 -0.056969844 0.901859581 0.428256631 -32.111820221 0.092188433 -0.422368705 0.901723862 -89.700279236
0.993667006 0.093276344 -0.062652647 -86.220024109 -0.057280116 0.900185287 0.431723863 -32.109725952 0.096668601 -0.425401002 0.899827302 -89.705268860
0.993238032 0.094929427 -0.066832550 -86.235687256 -0.056784656 0.899348140 0.433530211 -32.107521057 0.101260506 -0.426803648 0.898657322 -89.711166382
0.992761970 0.095882505 -0.072320625 -86.252975464 -0.055274159 0.899387240 0.433644325 -32.105388641 0.106623143 -0.426508099 0.898177266 -89.717361450
0.992023110 0.099018410 -0.078010000 -86.270637512 -0.055848282 0.900037169 0.432219923 -32.103656769 0.113009624 -0.424415410 0.898387671 -89.723815918
0.991295755 0.101304859 -0.084083572 -86.290008545 -0.055667609 0.901298642 0.429606646 -32.102313995 0.119305655 -0.421186537 0.899092913 -89.730995178
0.990417719 0.104810439 -0.089930758 -86.310508728 -0.057051726 0.903530538 0.424708962 -32.100673676 0.125769109 -0.415508568 0.900852263 -89.738990784
0.989355206 0.109304816 -0.096066184 -86.330749512 -0.059220001 0.905438364 0.420326471 -32.100177765 0.132925719 -0.410163164 0.902273238 -89.746833801
0.988556862 0.112510055 -0.100483231 -86.352203369 -0.061098699 0.907668531 0.415216565 -32.098552704 0.137921497 -0.404325783 0.904156148 -89.754486084
0.987901747 0.114035338 -0.105100408 -86.374282837 -0.060887679 0.908503234 0.413418174 -32.098320007 0.142628342 -0.402017236 0.904455245 -89.762252808
0.987143695 0.116662212 -0.109257936 -86.396804810 -0.061464421 0.908071518 0.414280415 -32.097751617 0.147544891 -0.402238786 0.903567672 -89.770370483
0.985842288 0.122535758 -0.114455111 -86.418876648 -0.064138614 0.906269968 0.417804986 -32.096145630 0.154923275 -0.404548854 0.901298523 -89.777755737
0.984824538 0.126733303 -0.118571706 -86.442047119 -0.065512799 0.904121578 0.422223002 -32.093265533 0.160712942 -0.408047646 0.898703814 -89.785324097
0.983931065 0.131801531 -0.120449111 -86.465408325 -0.068893254 0.902612388 0.424905449 -32.090038300 0.164722040 -0.409779519 0.897188604 -89.793853760
0.983134925 0.136200383 -0.122045755 -86.487945557 -0.072100013 0.901956677 0.425764918 -32.086917877 0.168069333 -0.409784853 0.896565139 -89.801231384
0.982702434 0.137686506 -0.123848259 -86.511009216 -0.072927281 0.902434409 0.424610168 -32.083633423 0.170228004 -0.408233494 0.896865606 -89.808006287
0.982046604 0.138387710 -0.128192589 -86.533508301 -0.072223119 0.903619468 0.422203422 -32.079772949 0.174265072 -0.405364931 0.897391200 -89.814788818
0.981400251 0.140399158 -0.130925864 -86.555641174 -0.073378272 0.904561877 0.419980228 -32.075908661 0.177395403 -0.402561605 0.898039579 -89.822052002
0.980609715 0.143167093 -0.133819997 -86.577865601 -0.075155541 0.905381680 0.417894363 -32.071937561 0.180986881 -0.399733961 0.898585856 -89.828895569
0.980092824 0.144546896 -0.136103779 -86.600074768 -0.075719059 0.905847073 0.416782528 -32.068428040 0.183533847 -0.398179919 0.898759186 -89.835494995
0.978796124 0.147058845 -0.142589837 -86.621162415 -0.074939594 0.904940903 0.418886662 -32.064121246 0.190636367 -0.399318993 0.896773160 -89.841491699
0.977215767 0.150486931 -0.149676561 -86.641059875 -0.074355215 0.903230011 0.422666311 -32.058887482 0.198798120 -0.401906967 0.893840075 -89.847915649
0.975524366 0.155141369 -0.155831203 -86.660102844 -0.074745864 0.900432050 0.428526759 -32.054393768 0.206797644 -0.406390548 0.889989555 -89.855293274
0.973746002 0.158161923 -0.163717687 -86.676582336 -0.072788760 0.897780299 0.434387356 -32.049045563 0.215686053 -0.411066145 0.885722399 -89.860107422
0.971920013 0.160455748 -0.172120452 -86.692337036 -0.070280716 0.896012306 0.438431919 -32.044460297 0.224570960 -0.414023995 0.882129252 -89.864555359
0.970192254 0.162220821 -0.180031762 -86.706588745 -0.068370402 0.895949304 0.438862592 -32.041271210 0.232491985 -0.413472265 0.880334139 -89.870307922
0.968752325 0.163441569 -0.186563015 -86.719223022 -0.067850016 0.898117185 0.434490383 -32.038642883 0.238569230 -0.408255279 0.881142616 -89.874328613
0.967368007 0.163686901 -0.193405777 -86.728355408 -0.066725016 0.900948167 0.428765804 -32.038558960 0.244431943 -0.401869327 0.882470429 -89.876914978
0.966125429 0.162884951 -0.200175226 -86.734756470 -0.064781822 0.903885961 0.422839850 -32.037788391 0.249809831 -0.395548612 0.883819222 -89.880012512
0.965428233 0.163422674 -0.203079760 -86.738281250 -0.065150931 0.905622423 0.419050634 -32.038211823 0.252395958 -0.391332448 0.884960532 -89.881767273
0.965170324 0.164965525 -0.203058258 -86.738586426 -0.066925555 0.906007707 0.417936593 -32.038917542 0.252917469 -0.389790207 0.885492146 -89.882888794
0.965013444 0.167567566 -0.201668411 -86.734970093 -0.069603160 0.905257642 0.419122934 -32.039508820 0.252793282 -0.390422523 0.885249019 -89.884376526
0.965988636 0.167778552 -0.196764752 -86.729225159 -0.071330041 0.904298961 0.420898378 -32.040847778 0.248551860 -0.392547786 0.885510147 -89.884063721
0.966979027 0.168436974 -0.191260397 -86.720535278 -0.073950328 0.903617859 0.421907812 -32.042633057 0.243891180 -0.393832237 0.886235476 -89.883171082
0.968514144 0.167663097 -0.184036404 -86.708778381 -0.076522104 0.903922319 0.420795441 -32.044723511 0.236906469 -0.393463492 0.888291538 -89.882278442
0.969740748 0.167602986 -0.177516624 -86.695045471 -0.079843536 0.904859483 0.418155879 -32.047805786 0.230711773 -0.391329259 0.890861094 -89.880340576
0.971070290 0.167137444 -0.170550957 -86.679405212 -0.083108790 0.906117082 0.414782882 -32.051208496 0.223864868 -0.388609052 0.893793941 -89.877670288
0.972042739 0.166284889 -0.165777683 -86.661499023 -0.085107826 0.907529771 0.411274076 -32.054649353 0.218836844 -0.385667026 0.896309912 -89.875221252
0.973416746 0.164391100 -0.159484878 -86.643203735 -0.086365320 0.908360302 0.409173042 -32.058120728 0.212134138 -0.384521931 0.898410857 -89.871391296
0.974649131 0.162765548 -0.153513759 -86.623794556 -0.087223843 0.908258259 0.409217477 -32.061393738 0.206036627 -0.385453403 0.899430156 -89.866973877
0.976038754 0.159821764 -0.147666559 -86.602691650 -0.086353391 0.907394528 0.411312819 -32.064094543 0.199728563 -0.388705730 0.899453402 -89.862113953
0.976906180 0.156567708 -0.145399123 -86.581871033 -0.083155319 0.905428529 0.416274399 -32.066658020 0.196823627 -0.394570321 0.897538126 -89.856575012
0.977914870 0.152892053 -0.142500967 -86.560241699 -0.079718344 0.903125167 0.421912283 -32.068893433 0.193203241 -0.401234359 0.895367801 -89.850296021
0.978694379 0.150842711 -0.139297366 -86.537200928 -0.078217819 0.901183188 0.426322430 -32.070869446 0.189840078 -0.406343848 0.893781543 -89.843406677
0.979354382 0.149859607 -0.135672852 -86.514389038 -0.078393571 0.900173843 0.428417474 -32.073165894 0.186331615 -0.408936650 0.893337190 -89.836448669
0.979544044 0.149166331 -0.135066271 -86.491912842 -0.077984333 0.900146782 0.428548962 -32.075527191 0.185504526 -0.409249514 0.893366098 -89.829185486
0.979455054 0.147744477 -0.137256444 -86.470062256 -0.076046161 0.900973737 0.427157283 -32.077648163 0.186774582 -0.407943547 0.893698692 -89.821990967
0.979398191 0.146212548 -0.139287934 -86.448822021 -0.073953651 0.901531160 0.426347733 -32.080429077 0.187909797 -0.407263339 0.893770933 -89.814750671
0.979854822 0.142928168 -0.139484942 -86.428421021 -0.070822969 0.901725829 0.426467597 -32.083133698 0.186731398 -0.407997608 0.893683016 -89.807563782
0.980264366 0.141031295 -0.138535202 -86.408782959 -0.069203496 0.901226819 0.427786261 -32.085376740 0.185182899 -0.409756511 0.893200397 -89.800491333
0.980849147 0.139209479 -0.136219159 -86.390296936 -0.068040639 0.900230527 0.430064470 -32.086750031 0.182497695 -0.412559956 0.892462254 -89.793518066
0.981557012 0.137868047 -0.132432044 -86.373252869 -0.067919388 0.899048626 0.432548910 -32.087455750 0.178697526 -0.415576726 0.891831398 -89.787017822
0.982509315 0.135130882 -0.128121331 -86.357574463 -0.066826552 0.898072541 0.434741259 -32.086578369 0.173809215 -0.418575406 0.891394973 -89.779624939
0.983412862 0.132262662 -0.124119684 -86.345092773 -0.065758735 0.897729158 0.435612351 -32.085502625 0.169041112 -0.420224816 0.891535878 -89.773971558
0.984137654 0.128600925 -0.122208416 -86.334831238 -0.063231826 0.897890091 0.435654789 -32.083778381 0.165755332 -0.421016842 0.891779125 -89.768341064
0.984895229 0.127498165 -0.117156252 -86.325691223 -0.064788193 0.898818135 0.433507204 -32.081642151 0.160573527 -0.419368863 0.893502057 -89.762069702
0.986620188 0.122987524 -0.107026502 -86.317504883 -0.066266462 0.902299762 0.425985843 -32.079826355 0.148960933 -0.413193971 0.898377061 -89.755073547
0.988823235 0.116276771 -0.093318678 -86.310585022 -0.067744493 0.907972813 0.413516670 -32.078071594 0.132813215 -0.402573079 0.905701697 -89.747978210
0.990376353 0.110866189 -0.082845092 -86.305587769 -0.069466501 0.915927887 0.395285368 -32.076301575 0.119703919 -0.385726333 0.914814830 -89.740707397
0.991369843 0.107808173 -0.074587233 -86.302032471 -0.072294816 0.924217403 0.374960870 -32.075447083 0.109358661 -0.366332620 0.924035251 -89.734870911
0.992234528 0.105580568 -0.065752879 -86.299278259 -0.075696439 0.932052672 0.354327381 -32.075599670 0.098695233 -0.346598566 0.932806909 -89.729827881
0.993216932 0.101356216 -0.056982890 -86.296768188 -0.076774351 0.939699590 0.333272249 -32.076866150 0.087326005 -0.326636821 0.941107094 -89.724243164
0.994035602 0.097221255 -0.049408961 -86.294921875 -0.076792121 0.945688784 0.315872908 -32.078498840 0.077435061 -0.310194671 0.947514176 -89.719757080
0.994911730 0.091922231 -0.041243158 -86.292770386 -0.075081415 0.949427426 0.304877579 -32.080375671 0.067182414 -0.300229669 0.951498091 -89.715568542
0.995882154 0.083940864 -0.034243915 -86.290687561 -0.069626361 0.950100958 0.304072946 -32.082099915 0.058059324 -0.300436527 0.952033103 -89.710578918
0.996674657 0.077272579 -0.025857635 -86.287551880 -0.065463588 0.948289812 0.310581625 -32.084030151 0.048519976 -0.307856083 0.950194955 -89.704437256
0.997552931 0.068207502 -0.015358863 -86.283630371 -0.059831139 0.946471572 0.317193717 -32.086017609 0.036171719 -0.315498561 0.948236406 -89.696472168
0.998197138 0.059776239 -0.005415655 -86.278839111 -0.054802135 0.944484711 0.323952705 -32.088504791 0.024479676 -0.323071867 0.946057796 -89.686096191
0.998653114 0.051736269 0.003914298 -86.274215698 -0.050106149 0.942101777 0.331562430 -32.091194153 0.013466133 -0.331311971 0.943425179 -89.674972534
0.998857141 0.046486881 0.011107203 -86.269950867 -0.047489423 0.939038217 0.340517253 -32.093532562 0.005399496 -0.340655595 0.940172672 -89.663482666
0.998923481 0.043839250 0.015164868 -86.266426086 -0.046375025 0.936018765 0.348881394 -32.096164703 0.001100096 -0.349209100 0.937044203 -89.650024414
0.998958409 0.042947918 0.015415356 -86.264411926 -0.045621060 0.933100343 0.356710672 -32.099517822 0.000935907 -0.357042372 0.934087753 -89.637374878
0.999176443 0.038828067 0.011784093 -86.264846802 -0.040453292 0.930551052 0.363920718 -32.103076935 0.003164637 -0.364097685 0.931355357 -89.624137878
0.999204636 0.039697386 0.003772627 -86.267181396 -0.038278587 0.928357065 0.369713336 -32.106967926 0.011174309 -0.369563669 0.929138184 -89.609985352
0.999076247 0.042477828 -0.006505605 -86.272262573 -0.037034657 0.927878737 0.371038407 -32.111545563 0.021797316 -0.370454699 0.928594768 -89.596031189
0.998616397 0.048527014 -0.020257521 -86.279975891 -0.037719261 0.929434538 0.367054105 -32.116344452 0.036640082 -0.365782142 0.929978967 -89.582633972
0.997769535 0.056783222 -0.035095152 -86.289764404 -0.040430844 0.932405055 0.359146476 -32.120502472 0.053116392 -0.356926501 0.932621121 -89.568603516
0.996365130 0.067520782 -0.051937096 -86.301864624 -0.045135893 0.935531795 0.350347042 -32.124130249 0.072244510 -0.346729338 0.935178876 -89.555847168
0.994533837 0.079728663 -0.067422763 -86.315826416 -0.051887129 0.937718987 0.343497843 -32.126541138 0.090610236 -0.338121861 0.936730146 -89.543815613
0.992162704 0.091602728 -0.084982872 -86.332405090 -0.057630647 0.938932121 0.339242071 -32.126968384 0.110868648 -0.331685692 0.936852574 -89.531234741
0.988919914 0.103822723 -0.106104806 -86.351066589 -0.062156707 0.938670278 0.339167565 -32.127658844 0.134810731 -0.328814417 0.934723020 -89.523162842
0.984765470 0.114776947 -0.130626261 -86.372314453 -0.063977011 0.937669396 0.341588944 -32.127811432 0.161690772 -0.328027934 0.930727541 -89.517913818
0.979385436 0.125273839 -0.158463225 -86.396545410 -0.063598156 0.935804605 0.346734852 -32.126388550 0.191727415 -0.329509109 0.924480617 -89.515724182
0.973138809 0.137419418 -0.184707135 -86.421813965 -0.064575419 0.933034241 0.353945017 -32.123256683 0.220977008 -0.332510114 0.916845798 -89.517211914
