1.000000000 0.000000000 0.000000000 0.000000000 0.000000000 1.000000000 0.000000000 0.000000179 0.000000000 0.000000000 1.000000000 0.000000358
0.999999762 0.000444577 -0.000473252 0.002715627 -0.000444422 0.999999821 0.000327287 0.000495927 0.000473398 -0.000327076 0.999999821 -0.004050558
1.000000000 -0.000046192 -0.000122697 -0.000081167 0.000046195 1.000000000 0.000025325 0.000454439 0.000122696 -0.000025331 1.000000000 0.000682809
1.000000000 -0.000115524 -0.000089291 -0.000135430 0.000115540 1.000000000 0.000177948 0.000326466 0.000089271 -0.000177958 1.000000000 0.001031557
0.999999940 -0.000333244 -0.000107423 -0.000092140 0.000333196 0.999999821 -0.000442661 0.000654964 0.000107571 0.000442625 0.999999881 0.001214784
0.999999642 -0.000678929 -0.000560221 0.000103114 0.000678868 0.999999762 -0.000109972 0.000201581 0.000560296 0.000109592 0.999999821 0.001939700
1.000000000 -0.000130561 -0.000113248 -0.000091243 0.000130507 0.999999881 -0.000476751 0.000735008 0.000113310 0.000476737 0.999999881 0.001678092
0.999999583 -0.000791144 -0.000424290 0.000138970 0.000790861 0.999999464 -0.000666707 0.001492734 0.000424817 0.000666371 0.999999702 0.000563995
0.999996841 -0.002389752 0.000766894 -0.000176337 0.002387971 0.999994457 0.002315338 -0.001507321 -0.000772423 -0.002313500 0.999997020 -0.000681234
0.999997079 -0.002198718 0.000998993 -0.000557570 0.002196860 0.999995887 0.001856535 -0.002056762 -0.001003071 -0.001854335 0.999997795 0.000997992
1.000000000 -0.000050417 -0.000192018 -0.000027569 0.000050315 0.999999881 -0.000532654 0.000888728 0.000192045 0.000532645 0.999999821 0.002416722
0.999999940 -0.000377980 0.000014558 -0.000459018 0.000377987 0.999999821 -0.000490057 0.000892616 -0.000014373 0.000490062 0.999999881 0.002599239
0.999999940 0.000089607 -0.000380423 0.000266449 -0.000089326 0.999999702 0.000738053 0.000199879 0.000380489 -0.000738019 0.999999642 0.000630690
0.999999583 0.000881834 0.000174016 -0.000955318 -0.000881910 0.999999523 0.000439817 0.000347848 -0.000173628 -0.000439970 0.999999881 0.002157578
0.999999881 0.000022997 -0.000530077 -0.000196270 -0.000022899 1.000000000 0.000183994 0.000304926 0.000530081 -0.000183982 0.999999821 0.000559170
0.999999642 -0.000244515 -0.000823971 -0.000358057 0.000245113 0.999999702 0.000725663 0.000327891 0.000823793 -0.000725865 0.999999404 -0.000789065
0.999999821 0.000478485 -0.000424838 0.000382718 -0.000478706 0.999999762 -0.000521361 0.000795963 0.000424588 0.000521564 0.999999762 0.002730828
0.999999404 0.000403034 -0.001009463 0.000408494 -0.000403044 0.999999940 -0.000009586 0.000812785 0.001009459 0.000009993 0.999999464 0.001854747
0.999999583 -0.000013756 -0.000912188 0.000059330 0.000013603 1.000000000 -0.000167316 0.000117664 0.000912191 0.000167304 0.999999583 0.000691845
0.999999523 -0.000144033 -0.000936003 -0.000372199 0.000143434 0.999999762 -0.000639845 0.000648901 0.000936095 0.000639710 0.999999344 -0.000269063
0.999999523 -0.000470587 -0.000829485 0.000151243 0.000470630 0.999999881 0.000051475 -0.000179317 0.000829461 -0.000051865 0.999999642 0.000430003
0.999999583 -0.000344713 -0.000863497 0.000158139 0.000344868 0.999999940 0.000179193 -0.000398237 0.000863435 -0.000179491 0.999999583 0.000124042
0.999999106 -0.000320838 -0.001313608 -0.000058875 0.000320568 0.999999940 -0.000205403 0.000302977 0.001313674 0.000204982 0.999999106 0.001911727
0.999999166 -0.000130109 -0.001278640 0.000185833 0.000129870 1.000000000 -0.000186948 0.000245376 0.001278664 0.000186782 0.999999166 0.001567079
0.999999344 -0.000581507 -0.001012751 0.000340011 0.000581380 0.999999821 -0.000125341 0.000039127 0.001012824 0.000124752 0.999999464 0.000893801
0.999999642 -0.000688690 -0.000429354 0.000433107 0.000688646 0.999999762 -0.000103841 -0.000092978 0.000429426 0.000103545 0.999999881 0.000566289
0.999999344 -0.001028388 -0.000442410 -0.000171206 0.001028448 0.999999464 0.000134855 -0.000016089 0.000442271 -0.000135310 0.999999881 0.000894346
0.999999285 -0.001096928 -0.000535436 -0.000026074 0.001097105 0.999999344 0.000329246 -0.000159183 0.000535075 -0.000329834 0.999999821 0.000641304
0.999999285 -0.000844091 -0.000868640 -0.000290486 0.000844687 0.999999404 0.000685456 0.000062950 0.000868061 -0.000686189 0.999999404 0.002104786
0.999999106 -0.000721047 -0.001134671 -0.000142593 0.000722084 0.999999344 0.000914341 0.000043146 0.001134010 -0.000915160 0.999998927 0.001842316
0.999999285 -0.000786040 -0.000905489 -0.000427711 0.000786807 0.999999344 0.000847438 -0.000157513 0.000904823 -0.000848150 0.999999225 0.000914231
0.999999225 -0.000925576 -0.000856549 -0.000131062 0.000926416 0.999999106 0.000980596 -0.000221167 0.000855640 -0.000981389 0.999999166 0.000638887
0.999992728 -0.003797078 0.000293489 0.000291650 0.003796113 0.999987602 0.003220842 -0.001937002 -0.000305715 -0.003219704 0.999994755 -0.001623189
0.999991357 -0.004014311 0.001057837 0.000505398 0.004010825 0.999986589 0.003277514 -0.002030502 -0.001070980 -0.003273243 0.999994099 -0.001969935
0.999992251 -0.003842117 0.000825453 0.000423207 0.003839527 0.999987781 0.003118009 -0.002038645 -0.000837422 -0.003114815 0.999994814 -0.001504997
0.999992132 -0.003928863 0.000524701 0.000510248 0.003927240 0.999987602 0.003060388 -0.002125904 -0.000536718 -0.003058303 0.999995172 -0.001888691
0.999993563 -0.003581167 0.000234968 0.000318267 0.003580432 0.999988914 0.003059109 -0.002552286 -0.000245921 -0.003058248 0.999995291 -0.001868909
0.999994278 -0.003382029 -0.000217874 0.000239825 0.003382680 0.999989629 0.003057105 -0.002561447 0.000207532 -0.003057824 0.999995291 -0.002283264
0.999997258 -0.002333358 -0.000171474 -0.000544429 0.002333621 0.999996066 0.001550848 -0.000237791 0.000167855 -0.001551243 0.999998808 0.001877083
0.999997437 -0.002272878 0.000020637 -0.000632613 0.002272849 0.999996543 0.001302995 -0.000256344 -0.000023598 -0.001302945 0.999999166 0.001424370
0.999999821 -0.000070622 -0.000579801 -0.000108773 0.000071058 0.999999702 0.000751050 -0.000180635 0.000579748 -0.000751091 0.999999523 0.001554123
0.999999881 -0.000087076 -0.000455194 -0.000233806 0.000087311 0.999999881 0.000516039 -0.000218467 0.000455149 -0.000516079 0.999999762 0.001260987
0.999999821 -0.000174116 -0.000559317 -0.000179732 0.000174512 0.999999762 0.000707239 -0.000153843 0.000559194 -0.000707336 0.999999583 0.001050380
0.999999881 -0.000124321 -0.000491275 -0.000286603 0.000124608 0.999999821 0.000584027 -0.000130231 0.000491202 -0.000584088 0.999999702 0.000680057
0.999999881 -0.000105459 -0.000463552 -0.000190194 0.000105780 0.999999762 0.000691639 -0.000041895 0.000463479 -0.000691688 0.999999642 0.000900437
0.999999881 -0.000205594 -0.000404708 -0.000262040 0.000205875 0.999999762 0.000693522 -0.000039795 0.000404565 -0.000693605 0.999999702 0.000512037
1.000000000 -0.000019376 -0.000229088 0.000286577 0.000019307 0.999999940 -0.000300577 0.000613723 0.000229093 0.000300573 0.999999940 0.003079639
0.999999881 -0.000057019 -0.000433728 0.000212461 0.000056924 1.000000000 -0.000218770 0.000600205 0.000433741 0.000218746 0.999999881 0.002733334
0.999999821 -0.000318357 -0.000480327 -0.000377405 0.000318637 0.999999762 0.000582648 0.000220079 0.000480142 -0.000582801 0.999999702 0.001567882
0.999999881 -0.000308326 -0.000388445 -0.000398446 0.000308568 0.999999762 0.000623033 0.000197744 0.000388252 -0.000623153 0.999999702 0.001126221
0.999999881 -0.000190700 -0.000427734 -0.000231796 0.000190948 0.999999821 0.000580449 0.000026034 0.000427623 -0.000580530 0.999999762 0.000669205
0.999999821 -0.000345202 -0.000432498 -0.000213498 0.000345446 0.999999762 0.000565412 -0.000040443 0.000432303 -0.000565562 0.999999762 0.000310341
0.999999762 -0.000552404 -0.000459619 -0.000336797 0.000552666 0.999999702 0.000568092 -0.000022014 0.000459305 -0.000568345 0.999999762 0.001130815
0.999999762 -0.000526399 -0.000487579 -0.000300367 0.000526694 0.999999702 0.000605780 -0.000041888 0.000487260 -0.000606037 0.999999702 0.000761914
0.999999702 -0.000570223 -0.000459703 -0.000387150 0.000570491 0.999999642 0.000583052 0.000063975 0.000459371 -0.000583314 0.999999702 0.001126987
0.999999762 -0.000527211 -0.000456225 -0.000345208 0.000527484 0.999999702 0.000599121 0.000004027 0.000455909 -0.000599362 0.999999702 0.000715796
0.999999702 -0.000571345 -0.000566271 -0.000164020 0.000571634 0.999999702 0.000510818 -0.000152041 0.000565979 -0.000511141 0.999999702 0.000554234
0.999999702 -0.000568024 -0.000552441 -0.000150157 0.000568319 0.999999702 0.000534094 -0.000171837 0.000552137 -0.000534408 0.999999702 0.000079538
0.999999464 -0.000933914 -0.000385135 -0.000644967 0.000934036 0.999999523 0.000317818 -0.000066602 0.000384838 -0.000318178 0.999999881 0.002755385
0.999999583 -0.000858285 -0.000349845 -0.000617535 0.000858529 0.999999404 0.000696373 0.000040974 0.000349248 -0.000696673 0.999999702 0.002449768
0.999999762 -0.000457879 -0.000460449 -0.000048835 0.000458125 0.999999762 0.000533166 -0.000357091 0.000460205 -0.000533377 0.999999762 0.000267096
0.999999583 -0.000669024 -0.000574068 -0.000102826 0.000669434 0.999999523 0.000714051 -0.000348831 0.000573590 -0.000714435 0.999999583 0.000031163
0.999999821 -0.000382243 -0.000476445 -0.000072829 0.000382603 0.999999642 0.000755509 -0.000347861 0.000476156 -0.000755692 0.999999583 0.000262131
0.999999762 -0.000513755 -0.000461465 -0.000036403 0.000514022 0.999999702 0.000578662 -0.000211013 0.000461167 -0.000578899 0.999999702 0.000223177
0.999999583 -0.000672014 -0.000575020 -0.000133746 0.000672547 0.999999344 0.000928104 -0.000269785 0.000574396 -0.000928491 0.999999404 -0.000110725
0.999999762 -0.000453871 -0.000482039 -0.000028935 0.000454282 0.999999523 0.000852790 -0.000202961 0.000481652 -0.000853009 0.999999523 -0.000227929
0.999998987 -0.001128413 -0.000900795 0.000099641 0.001128874 0.999999225 0.000511108 -0.000256108 0.000900218 -0.000512125 0.999999464 0.000738197
0.999999225 -0.001078772 -0.000619737 0.000055067 0.001079227 0.999999166 0.000733751 -0.000412035 0.000618945 -0.000734420 0.999999523 0.000801953
0.999999583 -0.000509147 -0.000794011 0.000131909 0.000509854 0.999999464 0.000889796 -0.000560385 0.000793558 -0.000890200 0.999999285 0.000280261
0.999999344 -0.000767673 -0.000880706 -0.000169242 0.000768498 0.999999285 0.000935826 -0.000722705 0.000879987 -0.000936502 0.999999166 0.000318500
0.999999344 -0.000717886 -0.000893909 -0.000190898 0.000718526 0.999999464 0.000715870 -0.000734485 0.000893395 -0.000716512 0.999999344 0.000640100
0.999999404 -0.000774461 -0.000751760 -0.000314900 0.000774827 0.999999583 0.000485995 -0.000729007 0.000751383 -0.000486577 0.999999583 0.000824693
0.999999344 -0.000817274 -0.000780861 -0.000153171 0.000817920 0.999999344 0.000827261 -0.001041810 0.000780184 -0.000827900 0.999999344 0.000464299
0.999999404 -0.000671488 -0.000888409 -0.000286890 0.000672532 0.999999106 0.001175734 -0.001073787 0.000887618 -0.001176331 0.999998927 0.000718603
0.999991894 -0.004024860 -0.000112814 0.000514524 0.004025199 0.999986827 0.003182619 -0.003532022 0.000100003 -0.003183047 0.999994934 -0.002199519
0.999990344 -0.004394751 -0.000193216 0.000174607 0.004395287 0.999986231 0.002869716 -0.003476351 0.000180601 -0.002870538 0.999995887 -0.001969856
0.999999225 -0.000867576 -0.000882601 -0.000475595 0.000868707 0.999998808 0.001282361 -0.001569293 0.000881487 -0.001283127 0.999998808 0.000677827
0.999999404 -0.000796442 -0.000745144 -0.000451286 0.000797829 0.999997973 0.001862569 -0.001621656 0.000743659 -0.001863163 0.999997973 0.000907268
0.999998987 -0.001059028 -0.000923954 -0.000407262 0.001060989 0.999997199 0.002124415 -0.001922152 0.000921702 -0.002125393 0.999997318 0.000447949
0.999998987 -0.001066720 -0.000943888 -0.000420638 0.001068930 0.999996662 0.002344852 -0.001945885 0.000941384 -0.002345859 0.999996781 0.000754253
0.999991596 -0.004092828 -0.000153051 0.000387049 0.004093362 0.999984860 0.003670228 -0.004331807 0.000138027 -0.003670824 0.999993265 -0.002616376
0.999993622 -0.003573615 0.000008452 0.000446092 0.003573559 0.999986827 0.003688733 -0.004406751 -0.000021634 -0.003688679 0.999993205 -0.002404200
0.999992192 -0.003944742 -0.000022821 0.000556978 0.003944799 0.999985576 0.003652946 -0.004443435 0.000008411 -0.003653008 0.999993324 -0.002794212
0.999993145 -0.003694897 0.000082110 0.000145461 0.003694521 0.999984384 0.004188198 -0.004463623 -0.000097584 -0.004187867 0.999991238 -0.002384084
0.999993265 -0.003666095 0.000120041 0.000122164 0.003665481 0.999981940 0.004765233 -0.004686741 -0.000137509 -0.004764761 0.999988616 -0.002884174
0.999993682 -0.003552778 0.000176454 -0.000231634 0.003551792 0.999979615 0.005302796 -0.004838706 -0.000195291 -0.005302136 0.999985933 -0.002506495
0.999993861 -0.003509680 0.000101095 -0.000344751 0.003508893 0.999969661 0.006951952 -0.005341393 -0.000125491 -0.006951554 0.999975801 -0.002072339
0.999992013 -0.003997230 -0.000139004 -0.000294901 0.003998345 0.999949157 0.009257068 -0.005255961 0.000101995 -0.009257550 0.999957144 -0.000939795
0.999992609 -0.003840358 -0.000222641 -0.000499218 0.003843232 0.999883115 0.014796740 -0.005527643 0.000165791 -0.014797487 0.999890506 -0.000775188
0.999982476 -0.005921684 -0.000069435 -0.000656760 0.005921612 0.999683678 0.024444174 -0.006798514 -0.000075338 -0.024444155 0.999701202 -0.000246651
0.999981284 -0.006106395 -0.000303394 -0.002066135 0.006112873 0.999498546 0.031069698 -0.007610567 0.000113518 -0.031070972 0.999517202 0.002024933
0.999951065 -0.009879073 -0.000520493 -0.003499298 0.009890957 0.999391377 0.033452507 -0.012461844 0.000189696 -0.033456016 0.999440193 0.002142837
0.999920905 -0.012573592 0.000275046 -0.005691588 0.012559423 0.999459028 0.030395214 -0.019402392 -0.000657074 -0.030389354 0.999537945 0.002197905
0.999865949 -0.016331136 0.001192034 -0.007897737 0.016294986 0.999534726 0.025783597 -0.028282562 -0.001612555 -0.025760716 0.999666810 0.002797802
0.999824166 -0.018581213 0.002521496 -0.010649708 0.018522339 0.999594033 0.021649202 -0.038911901 -0.002922741 -0.021598691 0.999762475 0.003649765
0.999778450 -0.020728631 0.003662563 -0.013174490 0.020659717 0.999625504 0.017946305 -0.050337251 -0.004033194 -0.017866662 0.999832273 0.004364659
0.999768555 -0.020738989 0.005724784 -0.016688097 0.020649631 0.999670446 0.015250164 -0.061754342 -0.006039170 -0.015128420 0.999867320 0.004743520
0.999777019 -0.019802852 0.007331210 -0.019599289 0.019726528 0.999751925 0.010340604 -0.074439622 -0.007534164 -0.010193679 0.999919653 0.004909013
0.999756515 -0.020238830 0.008794042 -0.023632672 0.020167599 0.999763668 0.008114479 -0.086534888 -0.008956191 -0.007935150 0.999928415 0.004222828
0.999771833 -0.018652601 0.010407322 -0.027435815 0.018575316 0.999799550 0.007473839 -0.099522121 -0.010544642 -0.007278815 0.999917924 0.004058947
0.999782324 -0.018026637 0.010506206 -0.032618739 0.017905029 0.999772906 0.011556187 -0.114457257 -0.010712140 -0.011365556 0.999878049 -0.000985008
0.999809980 -0.018839138 0.005007466 -0.038329870 0.018762527 0.999712467 0.014929909 -0.127274245 -0.005287293 -0.014833121 0.999876022 -0.001879458
0.999809802 -0.018941008 -0.004641227 -0.044759437 0.019007854 0.999709666 0.014808968 -0.142990306 0.004359383 -0.014894372 0.999879599 -0.003617875
0.999716043 -0.016247278 -0.017432090 -0.051646560 0.016516788 0.999744534 0.015429614 -0.159950644 0.017176948 -0.015713155 0.999728978 -0.006908410
0.999401033 -0.012050598 -0.032439262 -0.059529461 0.012664122 0.999743521 0.018774431 -0.179687783 0.032204702 -0.019174002 0.999297380 -0.009967375
0.998774350 -0.006050982 -0.049124043 -0.067134716 0.007255565 0.999676406 0.024380075 -0.199622318 0.048960622 -0.024706615 0.998495102 -0.013937298
0.997744203 0.001904116 -0.067103431 -0.074618287 0.000132797 0.999539733 0.030337306 -0.220140308 0.067130312 -0.030277783 0.997284710 -0.016971527
0.996271253 0.012204929 -0.085408933 -0.082879826 -0.009130321 0.999299347 0.036297165 -0.238135293 0.085792087 -0.035382010 0.995684624 -0.020094980
0.994335175 0.022127066 -0.103961408 -0.091455713 -0.018236965 0.999102890 0.038221482 -0.255679578 0.104713872 -0.036109027 0.993846655 -0.021152508
0.992222786 0.030394891 -0.120706588 -0.100694776 -0.026076915 0.998967826 0.037192751 -0.270986259 0.121712461 -0.033755843 0.991991222 -0.021691428
0.990198076 0.037455719 -0.134554356 -0.107743107 -0.032957245 0.998825848 0.035506379 -0.284338653 0.135726303 -0.030723806 0.990269899 -0.022199428
0.988254309 0.042679925 -0.146737471 -0.117542438 -0.037993629 0.998678982 0.034593593 -0.296246231 0.148020074 -0.028612178 0.988570392 -0.019805023
0.986520231 0.047780208 -0.156508490 -0.127361953 -0.043257974 0.998545647 0.032176238 -0.307005674 0.157818273 -0.024972267 0.987152338 -0.015404467
0.984939158 0.051300395 -0.165115476 -0.137863711 -0.047222067 0.998476803 0.028533936 -0.316295147 0.166327775 -0.020307098 0.985861421 -0.010516180
0.983386278 0.058080178 -0.171982959 -0.148397833 -0.054520372 0.998190701 0.025354300 -0.326201022 0.173144385 -0.015556496 0.984773576 -0.004751571
0.981947780 0.063076764 -0.178325221 -0.160124555 -0.059576735 0.997912645 0.024919966 -0.335906178 0.179524854 -0.013846071 0.983655989 0.001139483
0.980768800 0.063797295 -0.184451804 -0.171820596 -0.060622625 0.997900188 0.022805717 -0.347581416 0.185519442 -0.011185183 0.982576907 0.007540712
0.979782283 0.065237917 -0.189131469 -0.184547484 -0.062225487 0.997823358 0.021828676 -0.359681696 0.190143853 -0.009618552 0.981709123 0.013298649
0.979188502 0.061916374 -0.193277583 -0.207365602 -0.059148550 0.998047531 0.020063905 -0.385420620 0.194142506 -0.008214258 0.980938971 0.032166082
0.978585005 0.059902210 -0.196934268 -0.220869437 -0.058081251 0.998198926 0.015014549 -0.400456607 0.197478995 -0.003254824 0.980301738 0.037613384
0.978185415 0.061539166 -0.198409230 -0.234251097 -0.061201110 0.998094678 0.007841746 -0.417854279 0.198513776 0.004472184 0.980087876 0.039759047
0.977883339 0.065323219 -0.198688358 -0.248099491 -0.067266017 0.997730434 -0.003036677 -0.434832484 0.198039055 0.016334489 0.980058014 0.045112278
0.977738202 0.071466848 -0.197282791 -0.262643069 -0.075601831 0.997046709 -0.013498440 -0.452726156 0.195735455 0.028112881 0.980253696 0.049024682
0.977708280 0.078326076 -0.194811553 -0.277802795 -0.083042800 0.996415079 -0.016150706 -0.470903099 0.192848146 0.031968378 0.980707705 0.052307058
0.977571189 0.085958719 -0.192264691 -0.293583900 -0.090032488 0.995859921 -0.012536443 -0.490194619 0.190391079 0.029565331 0.981263041 0.053638671
0.977510095 0.094321102 -0.188620269 -0.310475320 -0.097027168 0.995268464 -0.005143722 -0.512271345 0.187242627 0.023329329 0.982036650 0.053273801
0.977463365 0.099922992 -0.185959011 -0.328507811 -0.101574220 0.994827747 0.000651125 -0.537841320 0.185062259 0.018252190 0.982557297 0.050130360
0.977809370 0.096205845 -0.186100215 -0.348823726 -0.096896589 0.995279789 0.005402146 -0.566905439 0.185741514 0.012750207 0.982515931 0.045984410
0.977993608 0.089436293 -0.188492998 -0.370500237 -0.089340284 0.995960295 0.009022957 -0.599979758 0.188538507 0.008015623 0.982033074 0.039378364
0.977418303 0.082764760 -0.194431037 -0.393711865 -0.082001433 0.996560156 0.011985524 -0.634083033 0.194754213 0.004228750 0.980842948 0.032044329
0.976064146 0.080199569 -0.202155381 -0.419052511 -0.079093859 0.996775031 0.013555150 -0.672129393 0.202590555 0.002758552 0.979259670 0.024320185
0.974276066 0.078864552 -0.211107776 -0.444057465 -0.077355184 0.996884465 0.015411774 -0.704679847 0.211665496 0.001314957 0.977341294 0.016287066
0.972532749 0.078635693 -0.219081029 -0.469802976 -0.077066317 0.996902108 0.015713695 -0.734892547 0.219638005 0.001601686 0.975580096 0.009458600
0.970877111 0.077122577 -0.226825446 -0.496035725 -0.075868629 0.997015953 0.014254647 -0.761246860 0.227247924 0.003369427 0.973831117 0.003016361
0.968949199 0.076310202 -0.235189617 -0.522857487 -0.075179368 0.997074723 0.013784580 -0.784727335 0.235553533 0.004324847 0.971851766 -0.002230030
0.966180682 0.077038869 -0.246089295 -0.550199091 -0.075796783 0.997017443 0.014530100 -0.806398571 0.246474698 0.004614073 0.969138265 -0.007832421
0.962245405 0.078719206 -0.260551423 -0.579152703 -0.077258579 0.996884942 0.015859727 -0.830446661 0.260988265 0.004868881 0.965329707 -0.013874391
0.957513511 0.081358448 -0.276674420 -0.607516825 -0.079948053 0.996664226 0.016393702 -0.851239026 0.277085274 0.006422388 0.960823894 -0.019640375
0.952807128 0.084646150 -0.291536599 -0.635572433 -0.083041564 0.996385396 0.017896879 -0.872050881 0.291997701 0.007157379 0.956392229 -0.025045319
0.948655307 0.092205793 -0.302574277 -0.663850427 -0.090086892 0.995712817 0.020983553 -0.892177641 0.303211868 0.007351816 0.952894807 -0.029866664
0.944686294 0.097493947 -0.313149631 -0.692139804 -0.091941580 0.995234311 0.032487262 -0.911627829 0.314824581 -0.001898803 0.949147999 -0.034571066
0.941073954 0.106205493 -0.321092129 -0.720543504 -0.094774649 0.994187891 0.051070288 -0.929191947 0.324649870 -0.017629527 0.945669949 -0.038733006
0.938041747 0.114139341 -0.327184886 -0.748572290 -0.094596721 0.992679715 0.075089470 -0.945629954 0.333360463 -0.039486434 0.941972196 -0.042025320
0.935399890 0.120732844 -0.332341075 -0.777718425 -0.093999147 0.990987301 0.095437840 -0.961532414 0.340868235 -0.058032770 0.938318193 -0.044060390
0.933312237 0.112181611 -0.341091752 -0.810583591 -0.078114383 0.990625679 0.112066284 -0.983908176 0.350466013 -0.077948675 0.933326066 -0.045632046
0.930915534 0.096523523 -0.352249205 -0.841613173 -0.061852753 0.992179692 0.108414724 -1.002850175 0.359959066 -0.079137370 0.929605722 -0.043817677
0.928277552 0.079939686 -0.363194823 -0.868616045 -0.049330566 0.994461954 0.092800133 -1.021308064 0.368601859 -0.068227671 0.927080214 -0.039722115
0.926347494 0.065188065 -0.370986313 -0.898521304 -0.040343784 0.996415973 0.074347928 -1.042524815 0.374503285 -0.053905025 0.925657392 -0.033132531
0.924873352 0.055499770 -0.376203537 -0.926730990 -0.036184229 0.997647643 0.058222182 -1.064148068 0.378549874 -0.040235512 0.924705923 -0.024854839
0.924123108 0.052195981 -0.378512949 -0.953383982 -0.037897475 0.998261869 0.045132738 -1.081784606 0.380210787 -0.027363520 0.924494982 -0.014228333
0.923467100 0.049756449 -0.380437672 -0.979143620 -0.039325554 0.998608112 0.035147257 -1.098086119 0.381656945 -0.017496413 0.924138427 -0.001889233
0.922897279 0.048156887 -0.382022887 -1.003423214 -0.039963908 0.998769760 0.029357033 -1.109394670 0.382966667 -0.011826398 0.923686445 0.012151815
0.922697544 0.043475013 -0.383065552 -1.029135346 -0.034836490 0.998958647 0.029462840 -1.124527216 0.383947521 -0.013840631 0.923251152 0.024040334
0.922082305 0.040925525 -0.384823799 -1.051520348 -0.031235114 0.999018669 0.031401441 -1.130196333 0.385731280 -0.016934697 0.922455728 0.040782332
0.922566116 0.045968454 -0.383090943 -1.072009802 -0.037221227 0.998850048 0.030218804 -1.135842323 0.384039491 -0.013619730 0.923216224 0.058224957
0.923818767 0.055841323 -0.378735542 -1.091467619 -0.049045417 0.998415828 0.027575396 -1.140470862 0.379675388 -0.006899425 0.925094068 0.077332988
0.925160944 0.063344523 -0.374252260 -1.109137654 -0.061329428 0.997967541 0.017304346 -1.146154881 0.374587774 0.006943368 0.927165508 0.095947593
0.926386356 0.068678975 -0.370258689 -1.126433015 -0.071999833 0.997392774 0.004862125 -1.152471781 0.369627297 0.022154354 0.928915977 0.115310431
0.927365899 0.070161723 -0.367518544 -1.142366290 -0.078322195 0.996901274 -0.007316679 -1.159526825 0.365866363 0.035570096 0.929987431 0.133021787
0.928522110 0.072325334 -0.364164442 -1.157837629 -0.084619924 0.996252596 -0.017896231 -1.165719271 0.361505419 0.047432613 0.931162715 0.150812164
0.928875685 0.074092649 -0.362905234 -1.167124510 -0.088428088 0.995816410 -0.023025367 -1.172191024 0.359680980 0.053478722 0.931541502 0.161522925
0.929634213 0.076855779 -0.360379636 -1.181727767 -0.093104765 0.995264828 -0.027919218 -1.176965952 0.356527388 0.059507713 0.932387829 0.177051723
0.930330575 0.080666460 -0.357740015 -1.195097804 -0.097945206 0.994726956 -0.030414041 -1.182181716 0.353400260 0.063334033 0.933325827 0.191367954
0.930642128 0.081393443 -0.356763750 -1.208711863 -0.099653713 0.994472444 -0.033070654 -1.186145306 0.352099985 0.066329777 0.933609128 0.204288810
0.930604815 0.080432534 -0.357078850 -1.221685052 -0.099293873 0.994450331 -0.034774404 -1.189717293 0.352300167 0.067816973 0.933426738 0.215813607
0.929251671 0.079112321 -0.360877484 -1.234938979 -0.098895922 0.994422436 -0.036655471 -1.192637563 0.355964750 0.069751471 0.931892633 0.225827873
0.927155316 0.076540984 -0.366775841 -1.246880412 -0.095775537 0.994804740 -0.034504645 -1.194810987 0.362229317 0.067119315 0.929669261 0.233523011
0.925019622 0.072890714 -0.372861475 -1.259727716 -0.089680210 0.995580912 -0.027858458 -1.195949793 0.369183153 0.059207909 0.927468717 0.240711033
0.922957182 0.065472677 -0.379293203 -1.270719290 -0.080468535 0.996472955 -0.023800205 -1.197423577 0.376397133 0.052487735 0.924970388 0.246244520
0.920901477 0.061556857 -0.384904265 -1.281976104 -0.074690931 0.997020900 -0.019250279 -1.197811961 0.382572591 0.046476461 0.922755718 0.251427978
0.919047594 0.055094752 -0.390276879 -1.292071700 -0.066329695 0.997679591 -0.015356375 -1.198867321 0.388525218 0.040000185 0.920569479 0.258743614
0.916839063 0.043978244 -0.396827519 -1.301127434 -0.053886928 0.998450994 -0.013848634 -1.198752284 0.395603776 0.034080785 0.917788744 0.262736350
0.914276600 0.029727295 -0.403998226 -1.307856321 -0.039350495 0.999104679 -0.015536109 -1.198797345 0.403174669 0.030101830 0.914627850 0.266395628
0.911496341 0.013803776 -0.411076456 -1.313391924 -0.024020940 0.999517322 -0.019699221 -1.198654413 0.410606116 0.027830211 0.911388040 0.269731849
0.908767521 -0.000934191 -0.417301685 -1.316006184 -0.010634145 0.999620914 -0.025396025 -1.198426962 0.417167217 0.027516728 0.908413112 0.273302704
0.906272411 -0.011919554 -0.422525942 -1.315709352 -0.000836513 0.999549806 -0.029991761 -1.196760535 0.422693193 0.027534153 0.905854464 0.276175350
0.905106902 -0.020165587 -0.424705625 -1.313421607 0.006590204 0.999420047 -0.033409145 -1.193348765 0.425133049 0.027439948 0.904714823 0.281788856
0.905572236 -0.026452249 -0.423366487 -1.306414723 0.012433602 0.999280155 -0.035840541 -1.189857125 0.424009800 0.027192228 0.905249298 0.285337687
0.907815695 -0.031865355 -0.418157071 -1.296851635 0.018629666 0.999188960 -0.035697617 -1.185104847 0.418955475 0.024616731 0.907673061 0.290393829
0.911818147 -0.039381582 -0.408701390 -1.283409238 0.027750814 0.999024451 -0.034351416 -1.178034782 0.409655482 0.019980446 0.912021458 0.295638978
0.917311668 -0.047773380 -0.395293504 -1.266800761 0.037778091 0.998739898 -0.033035953 -1.167912364 0.396373659 0.015370834 0.917960584 0.303121418
0.924072027 -0.055448681 -0.378174990 -1.247067332 0.047625117 0.998414159 -0.030017076 -1.155240417 0.379239649 0.009727316 0.925247371 0.310989529
0.931914508 -0.063403912 -0.357092887 -1.223471880 0.056755640 0.997964561 -0.029077733 -1.139671922 0.358209699 0.006830929 0.933616161 0.320882171
0.940909624 -0.069513373 -0.331446826 -1.197061539 0.061582170 0.997509539 -0.034385599 -1.123539209 0.333011627 0.011942523 0.942847073 0.330856919
0.950447381 -0.072874174 -0.302223593 -1.167271376 0.060961511 0.996952474 -0.048677132 -1.106763959 0.304849893 0.027841046 0.951993406 0.339181364
0.958666742 -0.077248797 -0.273844242 -1.132817984 0.062837437 0.996156216 -0.061026320 -1.095210910 0.277505875 0.041296236 0.959836006 0.346784890
0.966152430 -0.077103838 -0.246179804 -1.095090270 0.061872467 0.995694101 -0.069029257 -1.084582329 0.250442207 0.051461034 0.966762900 0.351442367
0.971816599 -0.074985713 -0.223494232 -1.053825378 0.061022192 0.995765746 -0.068752654 -1.078327298 0.227703363 0.053176865 0.972277403 0.353632271
0.976363242 -0.072208300 -0.203717485 -1.010466337 0.060132433 0.996080637 -0.064865269 -1.073951364 0.207602844 0.051082037 0.976878524 0.352524042
0.979578018 -0.071423478 -0.187951133 -0.964206696 0.062023647 0.996534050 -0.055434246 -1.073527575 0.191259012 0.042644750 0.980612755 0.349421382
0.981085479 -0.077996664 -0.177166060 -0.916732192 0.071165107 0.996466815 -0.044602457 -1.074910522 0.180018947 0.031150784 0.983169794 0.342635244
0.980992377 -0.092276156 -0.170701608 -0.866722941 0.087648630 0.995555043 -0.034465682 -1.081236482 0.173123196 0.018848814 0.984719813 0.334071428
0.980280638 -0.105383553 -0.167165220 -0.813270628 0.102911718 0.994415104 -0.023405761 -1.088373303 0.168698192 0.005740956 0.985651016 0.322833002
0.978779972 -0.120596066 -0.165669546 -0.757778943 0.120261937 0.992668629 -0.012084065 -1.100398421 0.165912256 -0.008096097 0.986107290 0.309642673
0.977626562 -0.131958485 -0.163808495 -0.698766053 0.133206397 0.991082489 -0.003392041 -1.115233779 0.162795335 -0.018504187 0.986486316 0.294697642
0.976587117 -0.141482085 -0.162050799 -0.635921061 0.143765271 0.989608943 0.002390492 -1.133356333 0.160028711 -0.025631804 0.986779511 0.279295832
0.977672458 -0.139153242 -0.157457888 -0.569302380 0.142267585 0.989790618 0.008627897 -1.151448250 0.154649734 -0.030836409 0.987488031 0.264145941
0.979682028 -0.131654710 -0.151294887 -0.499546468 0.135040224 0.990764022 0.012278852 -1.170469284 0.148280978 -0.032460269 0.988412380 0.249446064
0.982771039 -0.116315611 -0.143637583 -0.427844226 0.119896568 0.992649257 0.016501743 -1.185757756 0.140662327 -0.033439089 0.989492774 0.236281842
0.985165954 -0.103334755 -0.137003645 -0.353738606 0.106684193 0.994142175 0.017314881 -1.200493336 0.134411886 -0.031674154 0.990419209 0.224185690
0.987198591 -0.090244174 -0.131510064 -0.278092414 0.093694806 0.995394409 0.020278592 -1.213133216 0.129074350 -0.032340806 0.991107404 0.215267807
0.988902926 -0.077696182 -0.126626611 -0.201051638 0.080963425 0.996498883 0.020855062 -1.220304847 0.124562919 -0.030875754 0.991731226 0.205588058
0.990785480 -0.061594240 -0.120624505 -0.123436913 0.064384930 0.997737110 0.019372467 -1.224512339 0.119158305 -0.026960358 0.992509186 0.197969228
0.992112756 -0.046196975 -0.116525255 -0.044962663 0.048781730 0.998620510 0.019426934 -1.225004554 0.115467049 -0.024958014 0.992997706 0.190944552
0.993333399 -0.029509753 -0.111435935 0.034202989 0.031932048 0.999289632 0.020014904 -1.223406792 0.110766143 -0.023439851 0.993570030 0.185864791
0.994059265 -0.015268962 -0.107763976 0.112775996 0.017561153 0.999638617 0.020353582 -1.218078494 0.107414246 -0.022125125 0.993968129 0.180969030
0.994297206 -0.006473888 -0.106448092 0.190073088 0.008753686 0.999741912 0.020963727 -1.214343071 0.106284909 -0.021775989 0.994097233 0.182550669
0.994589567 0.000923490 -0.103878662 0.267135113 0.001270870 0.999777496 0.021056091 -1.204109192 0.103874996 -0.021074185 0.994367063 0.180211172
0.995041192 0.004150549 -0.099376976 0.344375938 -0.001956394 0.999752402 0.022166392 -1.192432404 0.099444374 -0.021862054 0.994802952 0.180301964
0.995673716 0.004819984 -0.092793681 0.420286328 -0.002699516 0.999732673 0.022963397 -1.177192569 0.092879556 -0.022613551 0.995420516 0.180681348
0.996550202 0.004457993 -0.082872368 0.495922834 -0.002530879 0.999724269 0.023344513 -1.161569118 0.082953595 -0.023054238 0.996286690 0.184317976
0.997506022 0.001310609 -0.070569240 0.570709884 0.000347282 0.999724329 0.023475723 -1.144090056 0.070580550 -0.023441682 0.997230589 0.187092125
0.998371124 -0.005784371 -0.056759924 0.644587874 0.007220088 0.999658287 0.025122166 -1.128689766 0.056595214 -0.025491055 0.998071730 0.193101272
0.999163151 -0.011529940 -0.039243292 0.717756748 0.012623635 0.999535561 0.027736854 -1.111280560 0.038905259 -0.028209034 0.998844624 0.196583942
0.999618828 -0.019401968 -0.019640839 0.787908852 0.020024665 0.999286592 0.032020330 -1.096204996 0.019005569 -0.032401428 0.999294221 0.208858728
0.999614656 -0.027568242 0.003247553 0.859800339 0.027409801 0.998761415 0.041525647 -1.078278542 -0.004388319 -0.041420631 0.999132156 0.213311076
0.998947978 -0.035050470 0.029570945 0.930499852 0.033453386 0.998040557 0.052876130 -1.061501503 -0.031366337 -0.051831253 0.998163164 0.221011177
0.997363031 -0.044011675 0.057706170 1.001204967 0.040232778 0.997068167 0.065087587 -1.043349266 -0.060401596 -0.062594265 0.996209621 0.226510242
0.994802892 -0.053850755 0.086413413 1.069409251 0.047201991 0.995895922 0.077222593 -1.026481986 -0.090217263 -0.072742380 0.993261993 0.237638935
0.991371453 -0.062758788 0.115082465 1.137768388 0.052873541 0.994801879 0.087026663 -1.009570003 -0.119945936 -0.080190934 0.989536464 0.245554373
0.987414122 -0.070875861 0.141385809 1.204975605 0.057869695 0.993881762 0.094075039 -0.993835151 -0.147188440 -0.084709063 0.985474467 0.258628994
0.983282864 -0.079513073 0.163806155 1.270835161 0.063163653 0.992703497 0.102713853 -0.978504002 -0.170778021 -0.090650171 0.981130660 0.269344389
0.979011238 -0.088166408 0.183748916 1.336054802 0.067770995 0.991112053 0.114472650 -0.963739276 -0.192208394 -0.099617161 0.976284981 0.288590819
0.975116193 -0.098128483 0.198794454 1.399177074 0.073713243 0.989197016 0.126710907 -0.949682117 -0.209080815 -0.108904071 0.971815348 0.302301586
0.971607983 -0.107811801 0.210605115 1.460306048 0.079021923 0.986900985 0.140648276 -0.936221063 -0.223009944 -0.120012574 0.967400432 0.322096884
0.968503594 -0.116660222 0.219979987 1.520981789 0.084187001 0.984844744 0.151635587 -0.925140679 -0.234335974 -0.128340155 0.963646948 0.340638280
0.965753496 -0.124944746 0.227396145 1.579689622 0.089365810 0.982971430 0.160564572 -0.914946556 -0.243585601 -0.134744346 0.960473835 0.364850163
0.963253915 -0.134482503 0.232500315 1.639132738 0.096959054 0.981358886 0.165932760 -0.907966375 -0.250481308 -0.137292370 0.958337069 0.389563590
0.960457206 -0.154413283 0.231686279 1.698692083 0.117273532 0.979065657 0.166365221 -0.902305186 -0.252525091 -0.132615998 0.958459198 0.418875754
0.957602382 -0.171728373 0.231316000 1.758365750 0.137194097 0.977861047 0.158004999 -0.899087846 -0.253328830 -0.119570769 0.959962130 0.448804379
0.955345094 -0.184096754 0.231136724 1.817711115 0.153704494 0.977657497 0.143390223 -0.896894515 -0.252370209 -0.101460390 0.962296784 0.484198689
0.954328716 -0.187050775 0.232956380 1.879157662 0.161175355 0.978885710 0.125719085 -0.895463407 -0.251553535 -0.082430512 0.964326739 0.518641531
0.954346418 -0.183999196 0.235302269 1.941966295 0.163510755 0.981046915 0.103976667 -0.894587398 -0.249974191 -0.060755312 0.966344476 0.556115627
0.955609441 -0.177512407 0.235159457 2.005485296 0.160747975 0.982993066 0.088795841 -0.893211067 -0.246922493 -0.047052741 0.967892230 0.593463600
0.958275795 -0.167566568 0.231579125 2.054823637 0.153283775 0.985060632 0.078483328 -0.887357414 -0.241270661 -0.039711356 0.969645023 0.626491904
0.962062299 -0.156646565 0.223378494 2.118590832 0.144225851 0.986995876 0.070979327 -0.885473073 -0.231592312 -0.036069579 0.972144008 0.664978802
0.966604590 -0.139506802 0.214973152 2.184863806 0.129154518 0.989712834 0.061544091 -0.886293590 -0.221347511 -0.031724051 0.974678874 0.717155159
0.971965551 -0.116450951 0.204259977 2.248545885 0.106873602 0.992617428 0.057347439 -0.883235157 -0.209430173 -0.033909738 0.977235436 0.755966902
0.976977766 -0.098075040 0.189461648 2.309903145 0.088169329 0.994294167 0.060043644 -0.880279899 -0.194269389 -0.041956600 0.980050564 0.795262575
0.981674910 -0.080811732 0.172579870 2.371714830 0.070570193 0.995407224 0.064686514 -0.877154768 -0.177014664 -0.051322132 0.982869208 0.834772468
0.985351264 -0.070674881 0.155202940 2.431535959 0.059918687 0.995535791 0.072926581 -0.874752820 -0.159664169 -0.062558740 0.985187173 0.875216484
0.988353848 -0.060430281 0.139659598 2.491132736 0.049136974 0.995342016 0.082945071 -0.873323858 -0.144021466 -0.075116627 0.986719489 0.915799916
0.990711212 -0.053597838 0.124974169 2.548638582 0.042237811 0.994877458 0.091841437 -0.872907698 -0.129256487 -0.085709713 0.987900078 0.957995772
0.992645681 -0.045563016 0.112154022 2.605962515 0.034377534 0.994421363 0.099721141 -0.874106169 -0.116071954 -0.095132180 0.988674462 1.001645207
0.994118154 -0.034414619 0.102687255 2.662042379 0.023290418 0.993918538 0.107626811 -0.875789940 -0.105766699 -0.104602143 0.988874018 1.049292803
0.995238364 -0.022226734 0.094902694 2.717009544 0.011453437 0.993575573 0.112589434 -0.880004048 -0.096795499 -0.110966370 0.989099145 1.096768260
0.996064901 -0.010065215 0.088053323 2.770145178 -0.000012089 0.993514717 0.113703616 -0.885413945 -0.088626720 -0.113257252 0.989605010 1.145951986
0.996559381 0.004343912 0.082767814 2.821235657 -0.013392473 0.993942082 0.109085880 -0.893512964 -0.081792563 -0.109819017 0.990580499 1.196603417
0.996477008 0.023001745 0.080650508 2.870825052 -0.031092197 0.994447052 0.100540489 -0.902279794 -0.077890053 -0.102693886 0.991658747 1.249738216
0.995904684 0.041971300 0.080076426 2.917361736 -0.049164306 0.994720340 0.090079688 -0.913571000 -0.075872883 -0.093647681 0.992710114 1.303271890
0.995098889 0.058262896 0.079897866 2.963355780 -0.064606063 0.994759023 0.079249635 -0.926310956 -0.074861810 -0.084023103 0.993647754 1.360918641
0.994281352 0.071257241 0.079542518 3.003588200 -0.076689400 0.994769990 0.067464240 -0.940402269 -0.074319199 -0.073178507 0.994545937 1.417058468
0.993693352 0.079935968 0.078637213 3.039639950 -0.084461302 0.994851530 0.056006767 -0.956512570 -0.073755398 -0.062295355 0.995328784 1.476160288
0.993032515 0.088227727 0.078117222 3.072315931 -0.091645680 0.994934857 0.041300785 -0.972751737 -0.074077666 -0.048172127 0.996088326 1.533988476
0.992859542 0.091762058 0.076221161 3.102132797 -0.093817912 0.995303988 0.023836797 -0.990325093 -0.073675908 -0.030817499 0.996805966 1.593738914
0.993053734 0.093163557 0.071867064 3.126255274 -0.093361385 0.995632112 -0.000608922 -1.009410739 -0.071609885 -0.006104916 0.997414052 1.651028395
0.993136823 0.096334919 0.066323616 3.146909952 -0.094970047 0.995204091 -0.023440544 -1.028867364 -0.068263672 0.016980913 0.997522771 1.707922578
0.992676973 0.103850096 0.061705504 3.163146496 -0.101184875 0.993855715 -0.044860154 -1.048495054 -0.065985098 0.038287982 0.997085750 1.762681365
0.991529942 0.115391046 0.059609350 3.175923109 -0.111411497 0.991563022 -0.066259034 -1.067462206 -0.066752128 0.059056647 0.996020317 1.817667484
0.989464283 0.131505728 0.060553405 3.184761763 -0.125992000 0.988181591 -0.087310508 -1.086189032 -0.071319595 0.078761384 0.994339049 1.867580891
0.987389028 0.145745486 0.061815288 3.183975458 -0.138603389 0.984516919 -0.107310466 -1.105723500 -0.076498210 0.097389378 0.992302060 1.914083958
0.985816002 0.155905157 0.062132001 3.183039188 -0.146709353 0.980318069 -0.132109180 -1.124900937 -0.081505626 0.121119998 0.989286005 1.957202077
0.984360456 0.164953664 0.061844487 3.176898241 -0.153306529 0.975049317 -0.160548985 -1.144405723 -0.086784571 0.148556918 0.985088468 1.997466326
0.983375847 0.171022117 0.061019383 3.164979935 -0.156681597 0.969026148 -0.190890491 -1.163774252 -0.091775872 0.178156495 0.979712963 2.031569242
0.983231604 0.172378689 0.059508130 3.147664785 -0.155626714 0.963253140 -0.218914881 -1.182503223 -0.095057651 0.205982968 0.973927617 2.060717583
0.984249055 0.167361811 0.056954976 3.123982430 -0.148914739 0.958497882 -0.243117630 -1.200625300 -0.095279828 0.230806857 0.968323290 2.082336903
0.988585532 0.142098367 0.050067246 3.094708681 -0.124814816 0.958566725 -0.256068558 -1.218047261 -0.084379718 0.246896535 0.965361178 2.097126007
0.993269205 0.107896820 0.042126015 3.059749603 -0.093849376 0.962834001 -0.253264755 -1.233903527 -0.067886822 0.247606590 0.966479361 2.103754759
0.996603966 0.073913895 0.036294613 3.021613836 -0.063528813 0.970593393 -0.232190773 -1.246822834 -0.052389432 0.229096487 0.971992850 2.104362965
