1.000000000 0.000000000 0.000000000 0.000000000 0.000000000 1.000000000 0.000000000 0.000000358 0.000000000 0.000000000 1.000000000 -0.000000238
0.999984443 0.003441743 0.004386041 -0.000075021 -0.003460189 0.999985158 0.004204938 0.019243665 -0.004371504 -0.004220049 0.999981523 0.007117581
0.999969780 0.004473844 0.006356271 -0.000657292 -0.004563424 0.999889493 0.014149371 0.041906200 -0.006292267 -0.014177949 0.999879718 0.013445094
0.999972463 0.003981302 0.006263726 -0.000958551 -0.004149071 0.999626756 0.027003188 0.065545306 -0.006153880 -0.027028434 0.999615729 0.021175018
0.999981940 0.000329711 0.006002334 -0.002169968 -0.000550357 0.999322653 0.036795534 0.090750091 -0.005986136 -0.036798172 0.999304771 0.027419142
0.999978960 -0.001522907 0.006308057 -0.002849960 0.001243185 0.999025822 0.044112589 0.116699316 -0.006369092 -0.044103820 0.999006629 0.034889452
0.999967694 -0.005691185 0.005674686 -0.003692110 0.005406012 0.998781085 0.049061868 0.141443044 -0.005946990 -0.049029607 0.998779595 0.042642996
0.999957740 -0.008006993 0.004516925 -0.004064974 0.007759262 0.998594642 0.052426387 0.166568071 -0.004930355 -0.052389126 0.998614550 0.048499595
0.999956250 -0.008588579 0.003698133 -0.004728960 0.008364842 0.998352170 0.056771770 0.189713597 -0.004179628 -0.056738354 0.998380363 0.054384228
0.999963045 -0.008055172 0.003007842 -0.005092020 0.007851974 0.998022974 0.062358059 0.211232781 -0.003504201 -0.062332138 0.998049319 0.058941562
0.999989331 -0.002262548 0.004025306 -0.005966331 0.001973339 0.997512996 0.070454955 0.229573473 -0.004174703 -0.070446268 0.997506857 0.062079117
0.999998450 -0.001090554 0.001396133 -0.003795068 0.000973280 0.996680439 0.081407078 0.250262827 -0.001480277 -0.081405587 0.996679962 0.066590592
0.999992073 0.003215282 0.002360514 -0.008190810 -0.003428356 0.995313764 0.096637122 0.266091466 -0.002038737 -0.096644454 0.995316863 0.069026053
0.999996483 0.002612151 0.000517780 -0.008617052 -0.002654060 0.993523717 0.113593809 0.278366834 -0.000217703 -0.113594778 0.993527114 0.070616245
0.999999404 0.001014569 -0.000387701 -0.010260434 -0.000955331 0.991456091 0.130437434 0.284716159 0.000516726 -0.130436987 0.991456449 0.070554778
0.999995530 -0.000811225 -0.002878391 -0.011089492 0.001217280 0.989576042 0.144006327 0.283095449 0.002731565 -0.144009188 0.989572585 0.068956479
0.999984622 -0.000791264 -0.005487607 -0.011094686 0.001597397 0.988911867 0.148495033 0.273634136 0.005309260 -0.148501530 0.988897920 0.066166461
0.999981403 -0.000253361 -0.006093622 -0.011442284 0.001141268 0.989261210 0.146153897 0.255468696 0.005991154 -0.146158129 0.989243090 0.061294220
0.999990106 0.003299159 -0.002990272 -0.012607468 -0.002851361 0.990282655 0.139040157 0.229486272 0.003419930 -0.139030263 0.990282238 0.054338910
0.999935389 0.011000701 0.002861175 -0.013574719 -0.011277243 0.991640031 0.128541186 0.198987752 -0.001423213 -0.128565148 0.991700053 0.046910599
0.999816656 0.016424365 0.009845398 -0.013839927 -0.017453123 0.993141592 0.115607642 0.163263574 -0.007879093 -0.115758277 0.993246138 0.039795015
0.999546587 0.022438856 0.020077258 -0.014852013 -0.024357939 0.994578660 0.101093933 0.126089200 -0.017699979 -0.101537138 0.994674265 0.031484492
0.999083638 0.029947655 0.030578654 -0.010931926 -0.032443646 0.995879114 0.084688880 0.086308926 -0.027916409 -0.085603349 0.995938122 0.026481686
0.998763561 0.034576871 0.035718299 -0.013980367 -0.037020452 0.996846914 0.070183404 0.045453649 -0.033178955 -0.071418934 0.996894419 0.016795248
0.998665690 0.037099242 0.035922892 -0.017503258 -0.039061517 0.997691095 0.055558316 0.012431587 -0.033778779 -0.056887388 0.997808993 0.009364340
0.998797238 0.035695504 0.033613935 -0.018389089 -0.037102524 0.998419642 0.042208791 -0.020449409 -0.032054149 -0.043405183 0.998543203 0.002377468
0.998823225 0.034033947 0.034551725 -0.019681169 -0.035040684 0.998966157 0.028962001 -0.052431822 -0.033530310 -0.030138638 0.998983145 -0.003816980
0.998972297 0.028643010 0.035127334 -0.018625949 -0.029118786 0.999490023 0.013108256 -0.079813480 -0.034733959 -0.014117650 0.999296904 -0.009331749
0.999029994 0.025158264 0.036140457 -0.019362686 -0.025065660 0.999681294 -0.003013168 -0.105366133 -0.036204740 0.002104360 0.999342203 -0.016781747
0.999147534 0.020568764 0.035793047 -0.017882496 -0.019821985 0.999580979 -0.021095112 -0.125680730 -0.036211949 0.020367641 0.999136567 -0.021536792
0.999133885 0.021703366 0.035502508 -0.018797660 -0.020434845 0.999153197 -0.035711300 -0.142153129 -0.036247499 0.034954879 0.998731315 -0.031204097
0.999080956 0.022510486 0.036476601 -0.018337181 -0.020796137 0.998691738 -0.046715185 -0.149021149 -0.037480462 0.045913681 0.998242021 -0.033537522
0.998834193 0.027171675 0.039898735 -0.013822109 -0.025202535 0.998478115 -0.049053412 -0.149319351 -0.041170876 0.047990676 0.997998953 -0.031960838
0.998520792 0.033357870 0.042935569 -0.015152772 -0.031420652 0.998491406 -0.045029592 -0.138901263 -0.044372890 0.043613922 0.998062551 -0.030898787
0.998243034 0.038265832 0.045239307 -0.013555718 -0.036757000 0.998754919 -0.033726726 -0.124023750 -0.046473563 0.032004606 0.998406708 -0.029636327
0.998230934 0.036038239 0.047289565 -0.013575119 -0.035071503 0.999161720 -0.021116087 -0.102969900 -0.048010908 0.019420216 0.998658001 -0.023657829
0.998433650 0.032756314 0.045356650 -0.010568894 -0.032441154 0.999444246 -0.007667444 -0.078322686 -0.045582596 0.006184012 0.998941422 -0.015675735
0.998654783 0.027320238 0.044070251 -0.008582485 -0.027455235 0.999620020 0.002460747 -0.048750870 -0.043986276 -0.003667396 0.999025404 -0.007101607
0.998629987 0.030261138 0.042690415 -0.005551882 -0.030685743 0.999485552 0.009326043 -0.016866038 -0.042386238 -0.010623252 0.999044836 0.002763969
0.998850048 0.027016401 0.039606173 -0.002192664 -0.027535930 0.999540985 0.012630966 0.014963938 -0.039246749 -0.013707034 0.999135554 0.013955971
0.999084651 0.026479686 0.033595584 -0.000268059 -0.027015822 0.999513149 0.015606179 0.048011381 -0.033165984 -0.016499506 0.999313653 0.022465101
0.999143064 0.026182011 0.032057639 -0.001711663 -0.026862226 0.999419093 0.020974938 0.079773232 -0.031489853 -0.021818101 0.999265909 0.022671385
0.999362946 0.021336693 0.028608773 -0.001700728 -0.022211324 0.999284565 0.030611172 0.112683870 -0.027935162 -0.031227108 0.999121845 0.030029951
0.999245942 0.019887276 0.033346854 -0.001059007 -0.021337047 0.998816907 0.043698616 0.145599872 -0.032438353 -0.044377185 0.998488069 0.038566615
0.999205112 0.015728969 0.036629584 -0.000404073 -0.017903574 0.998048782 0.059816819 0.174694628 -0.035617258 -0.060425069 0.997537076 0.046055876
0.999048352 0.015879922 0.040622555 -0.001679738 -0.018962827 0.996876299 0.076668330 0.202966377 -0.039278172 -0.077365689 0.996228755 0.052260481
0.999077678 0.016259180 0.039741587 -0.002770489 -0.019940751 0.995365798 0.094070904 0.224064380 -0.038027901 -0.094776623 0.994771957 0.055225234
0.999218047 0.015748676 0.036265913 -0.003088983 -0.019607447 0.993888497 0.108633384 0.239477396 -0.034333441 -0.109259516 0.993420124 0.060242709
0.999285400 0.018145742 0.033157159 -0.003798508 -0.021991370 0.992582500 0.119567253 0.247797430 -0.030741578 -0.120210983 0.992272258 0.061903618
0.999347329 0.018838253 0.030822311 -0.005036541 -0.022613496 0.991629362 0.127121255 0.247227326 -0.028169565 -0.127735302 0.991408169 0.061300136
0.999394357 0.020206563 0.028330391 -0.006605443 -0.023713361 0.991298199 0.129481792 0.237159103 -0.025467483 -0.130075186 0.991177022 0.058590177
0.999418616 0.020610677 0.027159598 -0.009213567 -0.023833012 0.991967201 0.124230109 0.219557121 -0.024380963 -0.124805175 0.991881669 0.053719509
0.999431789 0.020997263 0.026367890 -0.011651609 -0.023821592 0.993442833 0.111820720 0.195546508 -0.023847060 -0.112385310 0.993378520 0.045388926
0.999399722 0.021748651 0.026966868 -0.014166609 -0.024263583 0.995013773 0.096741341 0.167279869 -0.024728412 -0.097337581 0.994944155 0.037597939
0.999483943 0.017167866 0.027150385 -0.013687468 -0.019306406 0.996561646 0.080573708 0.147542879 -0.025673755 -0.081056297 0.996378839 0.037085015
0.999356627 0.018434105 0.030766180 -0.014343706 -0.020580010 0.997267127 0.070955925 0.113215685 -0.029374091 -0.071543448 0.997004867 0.030378500
0.999031901 0.023677044 0.037075859 -0.015823333 -0.026085518 0.997486174 0.065884918 0.076452278 -0.035422694 -0.066788286 0.997138202 0.021252181
0.998800993 0.024260513 0.042520273 -0.016672475 -0.026865419 0.997726798 0.061802138 0.040088799 -0.040924262 -0.062870361 0.997182310 0.009974462
0.998701572 0.023566691 0.045164570 -0.017071655 -0.026128789 0.998031974 0.057003759 0.007764805 -0.043732293 -0.058109835 0.997351885 0.001133677
0.998589873 0.019636007 0.049322695 -0.016084874 -0.022121882 0.998485565 0.050370671 -0.025099505 -0.048258923 -0.051390752 0.997511923 -0.007340977
0.998334110 0.015759476 0.055503894 -0.012025787 -0.018010013 0.999026000 0.040283356 -0.055641860 -0.054814983 -0.041215871 0.997645497 -0.009654271
0.997845292 0.011599666 0.064576946 -0.010195370 -0.013357394 0.999550104 0.026854256 -0.087536551 -0.064236395 -0.027658975 0.997551322 -0.016256228
0.997479320 0.007207934 0.070590690 -0.007150962 -0.007947225 0.999916434 0.010197680 -0.115208752 -0.070511281 -0.010732974 0.997453213 -0.021913130
0.997196734 0.007326239 0.074464418 -0.006494324 -0.006848981 0.999954343 -0.006662549 -0.142099097 -0.074509837 0.006133867 0.997201443 -0.029945681
0.996958315 0.007475847 0.077577397 -0.004020651 -0.005670096 0.999708414 -0.023470996 -0.160715967 -0.077730238 0.022959733 0.996710002 -0.033984795
0.996935427 0.010502292 0.077520706 -0.002816336 -0.007832875 0.999368489 -0.034658991 -0.171560779 -0.077835746 0.033945568 0.996388137 -0.038172275
0.996814728 0.012392994 0.078783438 0.000052748 -0.009308679 0.999180317 -0.039396707 -0.176820442 -0.079207107 0.038537849 0.996113002 -0.038978089
0.996396720 0.017049650 0.083083428 -0.001056016 -0.013795513 0.999120951 -0.039585013 -0.174276263 -0.083685301 0.038296197 0.995756090 -0.038102403
0.996273637 0.020806400 0.083701625 0.001382292 -0.017729463 0.999145389 -0.037337672 -0.163608089 -0.084406957 0.035714556 0.995791137 -0.033348106
0.996365309 0.022534693 0.082148261 0.000915505 -0.019879727 0.999257803 -0.032995176 -0.149037838 -0.082830824 0.031242166 0.996073782 -0.031856045
0.996475160 0.022456784 0.080826998 -0.000549667 -0.020167347 0.999375045 -0.029031023 -0.128249183 -0.081428424 0.027298626 0.996305287 -0.026875796
0.996632397 0.022724869 0.078787036 0.002922812 -0.020902863 0.999496400 -0.023873895 -0.102197364 -0.079289891 0.022146624 0.996605575 -0.017848542
0.997044742 0.019338144 0.074348994 0.005370149 -0.017944159 0.999651313 -0.019371750 -0.073555052 -0.074697681 0.017980373 0.997044086 -0.008027426
0.997294426 0.022651877 0.069934115 0.005629788 -0.021831077 0.999683797 -0.012478958 -0.043656334 -0.070194677 0.010918458 0.997473538 -0.002097353
0.997493088 0.023427891 0.066772878 0.007690431 -0.023078794 0.999715686 -0.005994812 -0.010638957 -0.066894338 0.004438746 0.997750163 0.007656771
0.997440815 0.026795965 0.066285640 0.009359214 -0.027028345 0.999631286 0.002611276 0.023672093 -0.066191226 -0.004396184 0.997797251 0.017017653
0.996931493 0.031803656 0.071527272 0.011586134 -0.032823492 0.999374926 0.013127831 0.061244942 -0.071065053 -0.015435322 0.997352242 0.028307168
0.997556686 0.025304170 0.065118194 0.012395629 -0.027347224 0.999155164 0.030676730 0.091197908 -0.064286932 -0.032382578 0.997405887 0.033752993
0.997874677 0.018628020 0.062442757 0.012202118 -0.021886829 0.998411477 0.051917691 0.126171306 -0.061376445 -0.053174023 0.996697247 0.040531125
0.998261750 0.010103161 0.058064204 0.012890859 -0.014480952 0.997042418 0.075476833 0.153998896 -0.057129916 -0.076186456 0.995455563 0.049338430
0.998350978 0.003737937 0.057282686 0.013351355 -0.009205537 0.995388269 0.095485374 0.184234202 -0.056661598 -0.095855236 0.993781269 0.054584142
0.998387814 0.001971235 0.056726303 0.014257964 -0.008228295 0.993866265 0.110281929 0.210090548 -0.056160968 -0.110570893 0.992280185 0.061841503
0.998173773 0.011888246 0.059227053 0.013966270 -0.018992746 0.992485881 0.120876260 0.228877455 -0.057345007 -0.121780388 0.990899146 0.064855658
0.998196542 0.018662583 0.057055462 0.013909043 -0.025781296 0.991606116 0.126698986 0.246174186 -0.054212015 -0.127941445 0.990298986 0.067477271
0.998557925 0.019522531 0.050009221 0.013215791 -0.025848089 0.991289020 0.129143059 0.257859200 -0.047052391 -0.130249470 0.990364134 0.070305236
0.998807192 0.022803267 0.043175969 0.011284340 -0.028244035 0.991121829 0.129922494 0.262583256 -0.039829988 -0.130986974 0.990583658 0.069740765
0.999016762 0.023634598 0.037509527 0.009955320 -0.028323777 0.991127610 0.129860967 0.260249019 -0.034107517 -0.130795687 0.990822494 0.068535104
0.999155402 0.024069937 0.033303212 0.008999784 -0.028224135 0.991047382 0.130493402 0.249973819 -0.029864093 -0.131323129 0.990889668 0.065613702
0.999152601 0.025898134 0.031990822 0.008161996 -0.029849036 0.991072834 0.129937366 0.233202070 -0.028340098 -0.130782142 0.991006017 0.061831240
0.999083102 0.027921306 0.032454643 0.006490290 -0.031841945 0.991346776 0.127348632 0.211197123 -0.028618064 -0.128265291 0.991326928 0.056559894
0.999046743 0.028640661 0.032943942 0.005211220 -0.032496318 0.991852105 0.123180211 0.185010672 -0.029147556 -0.124133348 0.991837382 0.050679583
0.998861790 0.031870686 0.035487384 0.004164875 -0.035919279 0.992122948 0.120007649 0.155007973 -0.031383120 -0.121145740 0.992138505 0.042672928
0.998702645 0.031023677 0.040380064 0.006946884 -0.035427172 0.992923319 0.113349944 0.129380718 -0.036577772 -0.114633441 0.992734253 0.039867397
0.998156309 0.037403412 0.047801651 0.006389290 -0.042350367 0.993350327 0.107058980 0.093646519 -0.043479413 -0.108886011 0.993102908 0.031988572
0.997857571 0.039892182 0.051854599 0.005696204 -0.044838451 0.994174182 0.098016575 0.051489007 -0.047642406 -0.100131661 0.993832886 0.025598468
0.997682571 0.039186478 0.055623032 0.004290382 -0.043824710 0.995435774 0.084776513 0.014080231 -0.052047059 -0.087017708 0.994846225 0.019405423
0.997509837 0.037248660 0.059888259 0.004866599 -0.041226592 0.996926367 0.066620097 -0.022597367 -0.057222672 -0.068923190 0.995979488 0.015512446
0.997107565 0.035573844 0.067164011 0.004196255 -0.038714681 0.998188376 0.046056014 -0.058918521 -0.065403946 -0.048523035 0.996678412 0.007768882
0.996665895 0.035970379 0.073233917 0.003955618 -0.037843090 0.998987079 0.024346316 -0.091876268 -0.072283983 -0.027036542 0.997017562 0.000986875
0.996105492 0.035042509 0.080906205 0.002850089 -0.035476238 0.999362767 0.003929220 -0.121807650 -0.080716960 -0.006784165 0.996713996 -0.007661896
0.995837212 0.035285093 0.084042601 0.003210189 -0.034324735 0.999328196 -0.012845147 -0.149680525 -0.084439389 0.009906936 0.996379375 -0.014664854
0.995807886 0.031623170 0.085829236 0.002391170 -0.029474443 0.999222398 -0.026188022 -0.173211619 -0.086590640 0.023548471 0.995965600 -0.021048333
0.995977759 0.028582688 0.084919676 -0.000063655 -0.025603667 0.999024987 -0.035965003 -0.188869759 -0.085864857 0.033646092 0.995738506 -0.026365314
0.995946705 0.022133734 0.087179691 -0.002729649 -0.018717751 0.999032021 -0.039807752 -0.202708766 -0.087976396 0.038014591 0.995396912 -0.031823054
0.995612144 0.021237744 0.091133825 -0.003723125 -0.017729865 0.999076843 -0.039129999 -0.204698503 -0.091880731 0.037342515 0.995069563 -0.032899901
0.995402753 0.018279180 0.094017357 -0.001196252 -0.014911301 0.999226034 -0.036400549 -0.200288028 -0.094609961 0.034831285 0.994904876 -0.031007631
0.995326757 0.017447542 0.094974801 -0.003063806 -0.014517278 0.999399662 -0.031457096 -0.192129791 -0.095466629 0.029931316 0.994982541 -0.029740790
0.994905829 0.015615341 0.099591643 -0.001742364 -0.013125329 0.999585867 -0.025608646 -0.177120551 -0.099950284 0.024171019 0.994698822 -0.024391336
0.994342744 0.014967310 0.105159298 0.000104592 -0.013010020 0.999729574 -0.019274032 -0.160366327 -0.105419338 0.017796868 0.994268596 -0.017821401
0.993589282 0.020684661 0.111141838 0.003208362 -0.019388324 0.999730945 -0.012732061 -0.137650520 -0.111375295 0.010495584 0.993722975 -0.009497570
0.992860854 0.026627913 0.116268091 0.005748572 -0.025947057 0.999636173 -0.007365809 -0.110913917 -0.116421930 0.004296409 0.993190527 -0.000794005
0.992295444 0.035495162 0.118700720 0.008684654 -0.035561316 0.999366283 -0.001561373 -0.083857231 -0.118680917 -0.002671810 0.992928863 0.007714455
0.992034078 0.039406706 0.119647339 0.010798698 -0.040375721 0.999168396 0.005684698 -0.060150702 -0.119323820 -0.010470262 0.992800176 0.016078202
0.992633045 0.042711828 0.113381594 0.012736752 -0.044694345 0.998888075 0.015000192 -0.033852521 -0.112614840 -0.019957202 0.993438303 0.022436829
0.993045688 0.045801677 0.108454980 0.013426912 -0.048873670 0.998470724 0.025837034 -0.007161672 -0.107105739 -0.030957948 0.993765533 0.029355729
0.994267941 0.046038542 0.096497461 0.015708830 -0.049850058 0.998053730 0.037465997 0.016829949 -0.094584778 -0.042061642 0.994627833 0.029512621
0.995531738 0.044588197 0.083237350 0.016548961 -0.048892718 0.997531056 0.050411757 0.038638264 -0.080784068 -0.054256205 0.995253861 0.032964204
0.996683717 0.040330369 0.070675418 0.016899839 -0.044900063 0.996919453 0.064308509 0.057259880 -0.067864120 -0.067268580 0.995424211 0.031312477
0.997706771 0.034686767 0.058120530 0.016791556 -0.039248928 0.996078908 0.079286389 0.072357282 -0.055142444 -0.081385739 0.995156109 0.028103083
0.998337507 0.028634844 0.050022427 0.016959554 -0.033306457 0.994900584 0.095202535 0.083380923 -0.047041234 -0.096710339 0.994200289 0.024793761
0.998929203 0.020618068 0.041416019 0.015463472 -0.025101574 0.993522167 0.110831253 0.091938622 -0.038862608 -0.111752190 0.992975891 0.018247604
0.999328792 0.013791514 0.033937067 0.015038859 -0.018073704 0.991440654 0.129301280 0.096712656 -0.031863324 -0.129827857 0.991024435 0.013799908
0.999559343 0.007988203 0.028587610 0.014285364 -0.012135785 0.988913834 0.147993922 0.098805718 -0.027088478 -0.148275644 0.988574982 0.007968087
0.999578953 0.003067088 0.028852666 0.014060288 -0.007909031 0.985543549 0.169237480 0.099796943 -0.027916493 -0.169394419 0.985152900 0.003536274
0.999382496 -0.002129898 0.035073139 0.013823111 -0.004685527 0.981168985 0.193094328 0.099818520 -0.034823947 -0.193139419 0.980553150 0.000133289
0.998812199 -0.004762436 0.048491959 0.013978246 -0.005912455 0.976011932 0.217636660 0.099423498 -0.048365209 -0.217664853 0.974824488 -0.002495245
0.998090208 -0.010097838 0.060942616 0.012849311 -0.004763172 0.971031666 0.238903373 0.098229036 -0.061589617 -0.238737404 0.969129086 -0.005247486
0.997345984 -0.016127996 0.070999160 0.010737125 -0.002705836 0.966272950 0.257505894 0.096534222 -0.072757617 -0.257014573 0.963664770 -0.008197297
0.996935070 -0.021904748 0.075104423 0.008072027 0.000450809 0.961594939 0.274472147 0.094955258 -0.078232281 -0.273597032 0.958657622 -0.012052876
0.996776760 -0.025742382 0.075982906 0.005634911 0.002368011 0.956149101 0.292870849 0.094179034 -0.080190174 -0.291746944 0.953128159 -0.016558036
0.996539474 -0.032038853 0.076698110 0.004063115 0.006510086 0.949978948 0.312246025 0.093449987 -0.082865596 -0.310666203 0.946900129 -0.021305270
0.996306777 -0.037318096 0.077331878 0.003086863 0.009543380 0.943163872 0.332190961 0.093575999 -0.085333370 -0.330226094 0.940036654 -0.026673002
0.996056437 -0.043811347 0.077150084 0.003831319 0.013947486 0.936082542 0.351503879 0.095850728 -0.087618701 -0.349041671 0.933002055 -0.032991592
0.996045053 -0.044679508 0.076798722 0.004040216 0.013159009 0.929014206 0.369810015 0.097005613 -0.087870032 -0.367336839 0.925927937 -0.039001942
0.996129036 -0.043778256 0.076225832 0.005333987 0.011026809 0.922542572 0.385737747 0.097085513 -0.087208495 -0.383404046 0.919454157 -0.045164611
0.996404290 -0.042402964 0.073352009 0.007418382 0.009735379 0.917318642 0.398034841 0.096569307 -0.084165022 -0.395889491 0.914433002 -0.050258595
0.996657193 -0.041312482 0.070481926 0.010568306 0.009248000 0.914227486 0.405095756 0.095191784 -0.081172019 -0.403089762 0.911553502 -0.053970855
0.996609449 -0.042885602 0.070216753 0.014876219 0.010695206 0.913699150 0.406250536 0.093108058 -0.081579290 -0.404122174 0.911059856 -0.055849906
0.996757746 -0.042508170 0.068315916 0.019542638 0.011525867 0.915730655 0.401627332 0.090948671 -0.079631425 -0.399537772 0.913251579 -0.056630153
0.997026801 -0.043472689 0.063621365 0.023794379 0.014884628 0.918761611 0.394532084 0.089188591 -0.075604238 -0.392412066 0.916677058 -0.056394599
0.997274101 -0.043009780 0.059954450 0.028569778 0.016520511 0.922070324 0.386669666 0.087535039 -0.071912795 -0.384625167 0.920267403 -0.054935135
0.997465134 -0.040831171 0.058276054 0.032308728 0.015692899 0.925045788 0.379531354 0.087011866 -0.069404729 -0.377654761 0.923341691 -0.053172532
0.997793496 -0.035938345 0.055826161 0.034305427 0.012471577 0.927320778 0.374059647 0.086941421 -0.065211840 -0.372538060 0.925722837 -0.051121321
0.998110056 -0.032866836 0.051923856 0.035388056 0.011358233 0.929063618 0.369745493 0.086724721 -0.060392931 -0.368456960 0.927681088 -0.048936144
0.998506606 -0.025780153 0.048165414 0.036568493 0.006292258 0.930056751 0.367362022 0.084377632 -0.054267216 -0.366510332 0.928830028 -0.046510130
0.998687685 -0.022966195 0.045776833 0.037429161 0.004479010 0.929560065 0.368643492 0.083550289 -0.051018652 -0.367954642 0.928443074 -0.044133879
0.998861253 -0.018639132 0.043917619 0.039267186 0.000912889 0.927824318 0.373016387 0.083127528 -0.047700539 -0.372551531 0.926784754 -0.041839309
0.998932064 -0.015560079 0.043504246 0.041998994 -0.002013352 0.926031113 0.377441794 0.082651302 -0.046159312 -0.377126306 0.925010860 -0.039316092
0.999014080 -0.014581852 0.041930936 0.045952674 -0.002454358 0.924930513 0.380128384 0.081904046 -0.044326179 -0.379856527 0.923982799 -0.036574125
0.998969197 -0.015994553 0.042482387 0.051596511 -0.001447388 0.924168169 0.381983161 0.081117377 -0.045370523 -0.381650865 0.923192382 -0.033425570
0.998891890 -0.018271906 0.043371629 0.059133388 0.000258006 0.923670232 0.383188248 0.080175422 -0.047062661 -0.382752478 0.922651470 -0.030118095
0.998750746 -0.020634232 0.045510534 0.068663381 0.001538735 0.923028708 0.384728044 0.079019830 -0.049946096 -0.384177357 0.921907365 -0.026499087
0.998610139 -0.023546869 0.047152862 0.079688020 0.003505046 0.922340691 0.386361718 0.077977195 -0.052588612 -0.385659456 0.921141267 -0.023129815
0.998444259 -0.028014250 0.048211217 0.092271298 0.007090052 0.921394408 0.388564140 0.076760657 -0.055306882 -0.387617797 0.920159519 -0.020060310
0.998274088 -0.032625325 0.048830200 0.106580913 0.010974000 0.920472622 0.390652925 0.075561345 -0.057692040 -0.389442831 0.919242024 -0.017622497
0.998083115 -0.036597259 0.049906988 0.122638099 0.014136746 0.919914842 0.391863316 0.074276164 -0.060251299 -0.390406638 0.918668866 -0.015575953
0.997731566 -0.040782768 0.053558651 0.139802620 0.016646024 0.920358539 0.390721321 0.073096655 -0.065227859 -0.388943434 0.918949604 -0.012211333
0.997341454 -0.045280054 0.057093676 0.158014655 0.019723982 0.922003984 0.386677623 0.071065977 -0.070149377 -0.384523511 0.920445919 -0.009955958
0.996788919 -0.050568134 0.062086709 0.177077726 0.023185670 0.924418032 0.380675346 0.068046920 -0.076644115 -0.378013462 0.922622085 -0.007346565
0.996075690 -0.057037950 0.067674533 0.196098268 0.027686350 0.927072823 0.373857498 0.065297894 -0.084063292 -0.370516717 0.925013900 -0.004825188
0.995300651 -0.061892748 0.074470527 0.215155065 0.030168869 0.928988099 0.368877947 0.063217029 -0.092013098 -0.364897788 0.926489711 -0.002474512
0.994502246 -0.067224473 0.080288194 0.233679533 0.033173613 0.929493070 0.367344797 0.062171612 -0.099321879 -0.362661779 0.926612973 -0.000492639
0.993747771 -0.070914142 0.086235620 0.251676947 0.034162574 0.928470314 0.369832128 0.062282186 -0.106293537 -0.364573807 0.925087929 0.001201015
0.992735326 -0.074500442 0.094479002 0.269086510 0.033601496 0.925662577 0.376855046 0.063331850 -0.115531541 -0.370942682 0.921441257 0.002525563
0.991587102 -0.077048495 0.104012243 0.285528362 0.030996310 0.921508014 0.387120396 0.064824052 -0.125675157 -0.380639583 0.916143656 0.003743670
0.990390897 -0.082959287 0.110650815 0.300328821 0.032579690 0.917539418 0.396307975 0.066435084 -0.134403914 -0.388894826 0.911425471 0.005339216
0.989983380 -0.086160608 0.111844607 0.312796205 0.034114651 0.914701939 0.402686745 0.068371445 -0.137000203 -0.394837648 0.908479035 0.006454048
0.989870489 -0.085760325 0.113144010 0.324004501 0.032679424 0.913173795 0.406258225 0.070241794 -0.138160974 -0.398445547 0.906726360 0.007569915
0.989978790 -0.085435703 0.112439655 0.333264291 0.032606643 0.913003445 0.406646609 0.072829582 -0.137399927 -0.398905277 0.906639874 0.009356008
0.990112782 -0.085903198 0.110893108 0.340254247 0.033912107 0.913687050 0.405001134 0.074418068 -0.136112496 -0.397236198 0.907566428 0.010330887
0.990312636 -0.087129854 0.108116783 0.344911367 0.036634184 0.914986253 0.401818544 0.075374007 -0.133935750 -0.393965214 0.909314394 0.010445542
0.990672112 -0.087164924 0.104743026 0.347452134 0.038517907 0.916433334 0.398329467 0.076358967 -0.130710363 -0.390579373 0.911242306 0.010583208
0.990630984 -0.089327216 0.103299931 0.347859621 0.041506361 0.917565346 0.395412445 0.077141903 -0.130105525 -0.387420237 0.912676334 0.010429567
0.990532398 -0.090661868 0.103082404 0.346336514 0.042958528 0.917891502 0.394499421 0.077835582 -0.130384520 -0.386336207 0.913095951 0.010071510
0.990260839 -0.089347474 0.106773019 0.342996299 0.040152527 0.917605817 0.395458430 0.078045271 -0.133308753 -0.387319773 0.912256658 0.009146165
0.990100980 -0.088182852 0.109196082 0.337334365 0.038145404 0.917766571 0.395284086 0.077166170 -0.135073781 -0.387205869 0.912045360 0.007797025
0.990117610 -0.088301532 0.108949490 0.329179347 0.038462125 0.918072462 0.394542307 0.075885318 -0.134862214 -0.386452824 0.912395954 0.005911694
0.990377486 -0.087205686 0.107459575 0.319219261 0.038166247 0.918482065 0.393616557 0.074696891 -0.133025289 -0.385727644 0.912972331 0.003662045
0.990786612 -0.087513372 0.103360005 0.307161540 0.039934959 0.918036401 0.394479960 0.074459702 -0.129410505 -0.386717767 0.913073003 0.000893968
0.991524637 -0.084379427 0.098787896 0.293934375 0.038494006 0.917041957 0.396928519 0.075305149 -0.124085240 -0.389761657 0.912517786 -0.001736389
0.992102981 -0.082250044 0.094692282 0.278963089 0.037802190 0.915940166 0.399530500 0.076372817 -0.119593866 -0.392795831 0.911816180 -0.004132921
0.992615402 -0.081140578 0.090171240 0.262477994 0.038399674 0.915304244 0.400928408 0.077405028 -0.115065686 -0.394505173 0.911660910 -0.006028380
0.993208885 -0.079882637 0.084586576 0.244448170 0.039502457 0.915382504 0.400642544 0.077848509 -0.109433442 -0.394580334 0.912321568 -0.008667901
0.993851423 -0.076868415 0.079690523 0.225151300 0.038852535 0.916084707 0.399098128 0.077925541 -0.103681304 -0.393548042 0.913438618 -0.011296703
0.994516492 -0.073419929 0.074474216 0.204778388 0.038128953 0.917669535 0.395510882 0.077551454 -0.097381100 -0.390502483 0.915436924 -0.014134616
0.995204210 -0.069533050 0.068802014 0.183573529 0.037273642 0.919857681 0.390477389 0.076771796 -0.090439141 -0.386040241 0.918037951 -0.017315157
0.995897233 -0.064254433 0.063719004 0.161803275 0.034853041 0.922178388 0.385191262 0.075798616 -0.083510533 -0.381390095 0.920634329 -0.020271590
0.996338785 -0.061152853 0.059743829 0.139332384 0.033917189 0.924210072 0.380375266 0.074455239 -0.078476883 -0.376956284 0.922900498 -0.023256510
0.996731281 -0.058638476 0.055572256 0.115574859 0.033331208 0.925081730 0.378302574 0.072094202 -0.073591962 -0.375213742 0.924012363 -0.027286649
0.997084439 -0.055916850 0.051921874 0.091566637 0.032170374 0.925061584 0.378452301 0.071439236 -0.069192789 -0.375678539 0.924163401 -0.030151134
0.997576416 -0.051141329 0.047179207 0.067486860 0.029376397 0.924231112 0.380701810 0.071476154 -0.063074082 -0.378393203 0.923493505 -0.032683995
0.997959971 -0.047764353 0.042361774 0.042892694 0.027830072 0.922631562 0.384677082 0.072404757 -0.057458162 -0.382713407 0.922078609 -0.035065003
0.998374104 -0.041999806 0.038537450 0.018574094 0.023778621 0.921321571 0.388073713 0.072973646 -0.051804401 -0.386526376 0.920822263 -0.037762962
0.998613596 -0.037650388 0.036788009 -0.005116692 0.020409133 0.921131253 0.388716727 0.074265935 -0.048521921 -0.387427002 0.920622587 -0.039327309
0.998753905 -0.036011845 0.034551375 -0.028660862 0.019847820 0.921835363 0.387073100 0.075723730 -0.045789897 -0.385905027 0.921401441 -0.040637925
0.998921394 -0.034575853 0.030992933 -0.052538540 0.020011825 0.922877669 0.384572923 0.077340931 -0.041899621 -0.383537889 0.922574162 -0.042194363
0.999069571 -0.031869631 0.029057171 -0.076068856 0.018362209 0.923960924 0.382045776 0.079273678 -0.039023351 -0.381156772 0.923686445 -0.043566346
0.999225140 -0.029221883 0.026365556 -0.099471122 0.017033214 0.924975872 0.379643947 0.081178710 -0.035481412 -0.378900677 0.924756944 -0.044997722
0.999348462 -0.027076587 0.023864435 -0.122586958 0.016040970 0.925518990 0.378361315 0.083302975 -0.032331720 -0.377732009 0.925350308 -0.046570718
0.999531746 -0.025333907 0.017160952 -0.145190433 0.016943354 0.925233245 0.379020333 0.085920066 -0.025479950 -0.378552079 0.925229192 -0.047991365
0.999705017 -0.022299519 0.009622734 -0.166465163 0.016922137 0.923746347 0.382630795 0.088935614 -0.017421447 -0.382355064 0.923851252 -0.049526244
0.999824166 -0.018613929 0.002280904 -0.186095476 0.016263841 0.921221972 0.388697237 0.092319928 -0.009336401 -0.388591796 0.921362758 -0.051222675
0.999863148 -0.015449744 -0.005914811 -0.204098597 0.016530108 0.918773472 0.394438922 0.095777519 -0.000659608 -0.394482732 0.918903112 -0.052413981
0.999778807 -0.014455141 -0.015277520 -0.220675290 0.019340890 0.917269707 0.397796690 0.098637484 0.008263400 -0.398004174 0.917346358 -0.053630341
0.999613464 -0.013078692 -0.024532303 -0.236911178 0.021724779 0.918097615 0.395758480 0.101321951 0.017347049 -0.396138459 0.918026924 -0.057252318
0.999467611 -0.011129808 -0.030669540 -0.249284253 0.022239078 0.920209289 0.390794456 0.102208741 0.023872931 -0.391268492 0.919966877 -0.058335122
0.999291539 -0.009458039 -0.036427051 -0.258898526 0.022742089 0.922954082 0.384237647 0.102900594 0.029986361 -0.384793878 0.922515333 -0.057060823
0.999066472 -0.009145563 -0.042220365 -0.265894741 0.024438130 0.925568342 0.377790987 0.102770753 0.035622720 -0.378470063 0.924927771 -0.056910466
0.998974681 -0.007808042 -0.044594467 -0.269552797 0.023929846 0.927236795 0.373710215 0.102617048 0.038431682 -0.374394178 0.926472902 -0.057108749
0.998990476 -0.005994747 -0.044521254 -0.270052463 0.022163283 0.927815080 0.372381419 0.102388546 0.039075155 -0.372992247 0.927011251 -0.059992321
0.999093473 -0.003662534 -0.042412937 -0.267271280 0.019278729 0.927200615 0.374068677 0.101888776 0.037955262 -0.374547243 0.926430643 -0.062203251
0.999278069 -0.003766544 -0.037803493 -0.261886984 0.017723385 0.926372230 0.376191944 0.100896940 0.033603162 -0.376590401 0.925770223 -0.064528838
0.999469697 -0.003306809 -0.032394957 -0.253139585 0.015301825 0.925845087 0.377593279 0.099904947 0.028744083 -0.377888739 0.925404727 -0.066274866
0.999687970 -0.004149790 -0.024632180 -0.241518706 0.013141402 0.925982118 0.377338588 0.098550215 0.021243082 -0.377544522 0.925747752 -0.067739651
0.999838650 -0.003771598 -0.017562423 -0.227487102 0.010087488 0.926874161 0.375236541 0.096700229 0.014862915 -0.375353187 0.926762700 -0.069460630
0.999944746 -0.003709409 -0.009835348 -0.211372808 0.007105405 0.928053319 0.372379571 0.094703712 0.007746420 -0.372428864 0.928028405 -0.070768744
0.999986768 -0.003703527 -0.003571271 -0.193687037 0.004760720 0.929278076 0.369350255 0.092754863 0.001950805 -0.369362354 0.929283381 -0.072173156
0.999981165 -0.005299940 0.003100100 -0.174599767 0.003788489 0.929915071 0.367754817 0.091012202 -0.004831908 -0.367736161 0.929917634 -0.072886065
0.999935031 -0.007038635 0.008968724 -0.154423147 0.003240182 0.929678559 0.368357539 0.089628942 -0.010930765 -0.368304551 0.929640949 -0.072654739
0.999835014 -0.011049370 0.014417166 -0.133318648 0.004905812 0.928473532 0.371366143 0.088740543 -0.017489320 -0.371234119 0.928374588 -0.072138071
0.999759793 -0.015257101 0.015734702 -0.111442819 0.008211057 0.926367700 0.376530856 0.088338681 -0.020320889 -0.376311213 0.926270425 -0.071255125
0.999646366 -0.020030564 0.017492119 -0.088747665 0.011821384 0.923913658 0.382418424 0.088393934 -0.023821265 -0.382076412 0.923823655 -0.069865018
0.999539673 -0.022951370 0.019841632 -0.065306038 0.013474504 0.921785772 0.387465477 0.088303581 -0.027182596 -0.387019753 0.921670675 -0.068365268
0.999440134 -0.024312470 0.022985728 -0.041285258 0.013434470 0.920799315 0.389805257 0.088164911 -0.030642370 -0.389278233 0.920610428 -0.066891819
0.999411166 -0.025112737 0.023381831 -0.015599805 0.013970275 0.920203269 0.391191483 0.086929813 -0.031339925 -0.390634477 0.920012236 -0.062606312
0.999425709 -0.026271528 0.021401852 0.007444385 0.015862653 0.920842767 0.389611274 0.086545706 -0.029943425 -0.389048010 0.920730710 -0.060741033
0.999431431 -0.027597807 0.019369068 0.030162405 0.017910529 0.921275556 0.388497800 0.085759602 -0.028565934 -0.387930006 0.921246052 -0.058885247
0.999339461 -0.030934971 0.019070815 0.051916178 0.021102041 0.921201825 0.388512492 0.084918946 -0.029586691 -0.387853444 0.921246111 -0.056848053
0.999223769 -0.033924296 0.020025218 0.072187133 0.023482218 0.921081185 0.388661951 0.085773602 -0.031629931 -0.387890011 0.921162784 -0.054012068
0.999105096 -0.036227323 0.021831607 0.091830269 0.024813334 0.920011759 0.391104370 0.085939139 -0.034254003 -0.390212625 0.920087337 -0.051631819
0.998965204 -0.037946597 0.025072591 0.110096402 0.025014037 0.918796539 0.393938124 0.086958766 -0.037985221 -0.392903328 0.918794930 -0.048883315
0.998738110 -0.040743582 0.029362632 0.125933602 0.025777869 0.917657554 0.396535188 0.088387758 -0.043101102 -0.395277888 0.917549849 -0.046163183
0.998490334 -0.043819338 0.033119902 0.139272526 0.027056143 0.917113543 0.397706807 0.090368457 -0.047801964 -0.396210313 0.916914582 -0.043154314
0.998255074 -0.047552578 0.035007946 0.150208578 0.029725194 0.916945457 0.397903830 0.092918247 -0.051021725 -0.396168917 0.916758955 -0.039489251
0.998011172 -0.048399791 0.040387541 0.160427898 0.028477045 0.917753339 0.396128625 0.095602915 -0.056238338 -0.394190699 0.917306364 -0.035197180
0.997305632 -0.051762056 0.051982611 0.169669420 0.027479876 0.920616806 0.389499158 0.098134063 -0.068017341 -0.387021214 0.919558704 -0.029923826
0.996096194 -0.056378298 0.067925215 0.177860245 0.026587285 0.925358176 0.378160506 0.100469515 -0.084175199 -0.374878317 0.923244715 -0.024006160
0.994890749 -0.059075177 0.081868783 0.184326693 0.025661981 0.932267606 0.360858083 0.102205679 -0.097641364 -0.356913447 0.929020405 -0.018122710
0.993988574 -0.057991035 0.092864439 0.190057948 0.022836082 0.939359665 0.342172325 0.102830969 -0.107076034 -0.337994695 0.935037076 -0.012538522
0.992861331 -0.056416959 0.105088048 0.193990037 0.019673808 0.946456015 0.322232723 0.103040166 -0.117640607 -0.317864954 0.940809548 -0.007752262
0.991397619 -0.057223670 0.117712654 0.197216868 0.019279292 0.953397214 0.301101446 0.102895394 -0.129457042 -0.296241820 0.946298957 -0.003744750
0.990068972 -0.058131125 0.128000647 0.200082153 0.019528639 0.958545625 0.284269184 0.101609714 -0.139219344 -0.278946429 0.950161517 0.000001121
0.988585770 -0.061208092 0.137665287 0.203212559 0.021386506 0.961513162 0.273925185 0.099796571 -0.149133429 -0.267854393 0.951847315 0.003772761
0.987071574 -0.069229886 0.144557536 0.207038984 0.027312566 0.961367190 0.273910820 0.097837977 -0.157935679 -0.266421378 0.950829089 0.008027686
0.985419095 -0.077131413 0.151657522 0.211604342 0.031790644 0.959113598 0.281230211 0.096116982 -0.167148471 -0.272308350 0.947580874 0.013267693
0.983143926 -0.087252229 0.160670742 0.217484578 0.037696943 0.956636727 0.288834006 0.094066881 -0.178904936 -0.277908593 0.943800747 0.020598669
0.980803668 -0.096794382 0.169277951 0.224142835 0.042988822 0.954074800 0.296467960 0.091984592 -0.190200254 -0.283499777 0.939921141 0.029300056
0.978469729 -0.106133744 0.177010208 0.231230021 0.047987584 0.951133728 0.305027515 0.089609414 -0.200734079 -0.289965898 0.935748696 0.039046407
0.976737320 -0.112823352 0.182359874 0.238273114 0.050743934 0.947855473 0.314634740 0.087356620 -0.208348960 -0.298061848 0.931530952 0.049590226
0.975745440 -0.116936982 0.185058400 0.244647086 0.051835652 0.944749296 0.323669344 0.084550940 -0.212682709 -0.306226283 0.927896321 0.060811281
0.975681961 -0.119195841 0.183948442 0.249631852 0.052572332 0.941976190 0.331537306 0.081251018 -0.212792918 -0.313804388 0.925335586 0.072658658
0.975948095 -0.124409467 0.179018304 0.252709657 0.057656553 0.939234257 0.338400275 0.077357866 -0.210240319 -0.319939524 0.923816919 0.085826874
0.977227032 -0.125733435 0.170934066 0.253344625 0.060587712 0.937342942 0.343099624 0.073180117 -0.203362927 -0.324929744 0.923614740 0.099984542
0.979293644 -0.123175047 0.160660803 0.251994818 0.061535977 0.937165141 0.343416482 0.067914024 -0.192866057 -0.326419145 0.925339520 0.114690065
0.982148647 -0.116284765 0.147857606 0.247480690 0.060318790 0.939214885 0.337989807 0.062031686 -0.178173125 -0.323037624 0.929462790 0.129336759
0.985128820 -0.106550843 0.134789154 0.241052747 0.057013229 0.942760229 0.328561455 0.056335103 -0.162082359 -0.315990597 0.934815109 0.144506961
0.988324523 -0.094152190 0.119791605 0.232459962 0.051632963 0.946664870 0.318056107 0.051250134 -0.143348187 -0.308157444 0.940473437 0.159567073
0.991139472 -0.080580279 0.105590321 0.221747875 0.044235274 0.949827313 0.309630871 0.047141433 -0.125242710 -0.302216589 0.944975853 0.174394116
0.993715823 -0.067882009 0.088999294 0.208701730 0.037767939 0.951830506 0.304289728 0.043546695 -0.105368041 -0.299016207 0.948412836 0.188192561
0.996157527 -0.055328213 0.067889184 0.192575008 0.032318622 0.952694893 0.302205265 0.040725429 -0.081398159 -0.298849940 0.950822294 0.200364262
0.998090863 -0.044400297 0.042932965 0.173189253 0.029379882 0.952757716 0.302306980 0.038201328 -0.054327235 -0.300468475 0.952243268 0.210299611
0.999311745 -0.034389403 0.013907339 0.150596693 0.028508468 0.951853991 0.305223227 0.037185922 -0.023734201 -0.304616690 0.952179253 0.217402115
0.999639153 -0.022955654 -0.013947817 0.125594243 0.026149785 0.950376630 0.310000777 0.037617080 0.006139409 -0.310253680 0.950634003 0.221912816
0.999084771 -0.011666014 -0.041152015 0.098449871 0.024072140 0.948619902 0.315500975 0.038600072 0.035356984 -0.316202819 0.948032558 0.222934410
0.997609138 0.000489776 -0.069106728 0.067549840 0.021753795 0.946916103 0.320743978 0.039874222 0.065595359 -0.321480453 0.944641531 0.220416993
0.995372772 0.013119832 -0.095188677 0.037136938 0.018695366 0.945260882 0.325779557 0.042849824 0.094252303 -0.326051712 0.940641701 0.213805288
0.992505610 0.028013019 -0.118944809 0.005995050 0.012826001 0.944112420 0.329373986 0.047094442 0.121524036 -0.328431100 0.936677575 0.202569008
0.988868177 0.036853723 -0.144157916 -0.025284743 0.013173431 0.943352342 0.331531107 0.051496219 0.148209870 -0.329739630 0.932365596 0.188172907
0.985164106 0.040702600 -0.166718215 -0.055863306 0.017288785 0.942986071 0.332382888 0.055805024 0.170741796 -0.330334038 0.928292334 0.171366543
0.980953276 0.041854568 -0.189681113 -0.084756941 0.024178483 0.942604721 0.333034158 0.060688887 0.192733318 -0.331277132 0.923639178 0.151626050
