1.000000000 0.000000000 0.000000000 0.000000000 0.000000000 1.000000000 0.000000000 0.000011444 0.000000000 0.000000000 1.000000000 -0.000000954
0.999984443 0.003441743 0.004386041 -0.000075021 -0.003460189 0.999985158 0.004204938 0.019254750 -0.004371504 -0.004220049 0.999981523 0.007116866
0.999969780 0.004473844 0.006356271 -0.000657292 -0.004563424 0.999889493 0.014149371 0.041917287 -0.006292267 -0.014177949 0.999879718 0.013444380
0.999972463 0.003981302 0.006263726 -0.000958550 -0.004149071 0.999626756 0.027003188 0.065556385 -0.006153880 -0.027028434 0.999615729 0.021174302
0.999981940 0.000329711 0.006002334 -0.002169968 -0.000550357 0.999322653 0.036795534 0.090761185 -0.005986136 -0.036798172 0.999304771 0.027418427
0.999977410 -0.000180927 0.006718446 -0.002871306 -0.000114347 0.999034882 0.043923400 0.118035004 -0.006719909 -0.043923177 0.999012291 0.036775567
0.999971628 -0.004418903 0.006098689 -0.003591179 0.004114860 0.998790503 0.048996456 0.142857224 -0.006307823 -0.048969969 0.998780310 0.043857299
0.999963224 -0.006894701 0.005099413 -0.004300379 0.006617500 0.998598397 0.052511953 0.167672351 -0.005454320 -0.052476279 0.998607278 0.050174929
0.999961197 -0.007765116 0.004158072 -0.004816358 0.007515881 0.998349965 0.056928724 0.191313446 -0.004593269 -0.056895263 0.998369575 0.056425441
0.999968886 -0.007041925 0.003547672 -0.005314309 0.006806864 0.998027861 0.062402584 0.212139890 -0.003980110 -0.062376492 0.998044729 0.061043944
0.999989629 -0.000878848 0.004469936 -0.005979484 0.000562041 0.997519493 0.070388682 0.231299579 -0.004520709 -0.070385434 0.997509599 0.064644903
0.999998152 -0.000052787 0.001912404 -0.006951550 -0.000103843 0.996647954 0.081809469 0.249288216 -0.001910312 -0.081809513 0.996646166 0.067149252
0.999991477 0.003180887 0.002630547 -0.007894504 -0.003419528 0.995342612 0.096339919 0.265741974 -0.002311850 -0.096348099 0.995344996 0.069747046
0.999992669 0.003595470 0.001299771 -0.008491103 -0.003720182 0.993476868 0.113973163 0.277536750 -0.000881506 -0.113977171 0.993483007 0.071190678
0.999994934 0.003174024 0.000291834 -0.009093096 -0.003184903 0.991378367 0.130991459 0.283933014 0.000126453 -0.130991727 0.991383433 0.072258279
0.999996006 0.002549169 -0.001236285 -0.010619372 -0.002343932 0.989516377 0.144401789 0.282914370 0.001591429 -0.144398302 0.989518344 0.068625510
0.999988675 0.001873537 -0.004372183 -0.011348946 -0.001199805 0.988791943 0.149295390 0.272893727 0.004602889 -0.149288446 0.988783002 0.064482108
0.999983311 0.003748449 -0.004398614 -0.011900512 -0.003058237 0.989043772 0.147590861 0.254506111 0.004903658 -0.147574946 0.989038706 0.058881782
0.999993443 0.002931655 -0.002125129 -0.012256247 -0.002608612 0.990333259 0.138684005 0.229302824 0.002511160 -0.138677537 0.990334392 0.056049541
0.999931693 0.011073497 0.003733912 -0.013186416 -0.011461538 0.991643846 0.128495425 0.198904410 -0.002279817 -0.128529459 0.991703093 0.048900459
0.999792695 0.017404711 0.010567972 -0.013336849 -0.018511059 0.993116021 0.115663037 0.163377210 -0.008482141 -0.115834683 0.993232310 0.040364243
0.999472916 0.024637774 0.021138830 -0.014194762 -0.026659325 0.994489491 0.101390034 0.125226676 -0.018524321 -0.101900145 0.994622171 0.032221526
0.998953998 0.032711588 0.031951737 -0.014529929 -0.035356373 0.995662630 0.086057462 0.085960068 -0.028998073 -0.087097146 0.995777667 0.024938524
0.998652577 0.036932860 0.036455326 -0.016265463 -0.039447512 0.996706069 0.070858113 0.046686452 -0.033718251 -0.072200708 0.996820033 0.016402936
0.998593152 0.038407203 0.036559202 -0.018141799 -0.040395107 0.997653067 0.055286076 0.012792472 -0.034350015 -0.056685109 0.997801006 0.010053196
0.998767316 0.036203638 0.033957444 -0.018469293 -0.037632301 0.998390794 0.042421725 -0.021925038 -0.032366976 -0.043647330 0.998522580 0.001961902
0.998830438 0.033828437 0.034546301 -0.018394398 -0.034833610 0.998974562 0.028921125 -0.052287325 -0.033532523 -0.030090673 0.998984516 -0.003786117
0.998970807 0.028279817 0.035463031 -0.019269997 -0.028767733 0.999497294 0.013324397 -0.081578068 -0.035068396 -0.014330873 0.999282181 -0.010379159
0.999039471 0.024581220 0.036275856 -0.019204188 -0.024509389 0.999696672 -0.002423574 -0.107699178 -0.036324427 0.001532147 0.999338865 -0.017015990
0.999143124 0.020394742 0.036015268 -0.017744230 -0.019662790 0.999595225 -0.020562012 -0.128010601 -0.036420044 0.019836232 0.999139667 -0.021218192
0.999140859 0.021916753 0.035174552 -0.017702980 -0.020679360 0.999167562 -0.035165001 -0.146447286 -0.035915975 0.034407403 0.998762310 -0.030042671
0.999099314 0.022114586 0.036215257 -0.016762566 -0.020424400 0.998714387 -0.046393525 -0.153311491 -0.037194673 0.045612063 0.998266518 -0.032324355
0.998825133 0.027115496 0.040163383 -0.015294887 -0.025134245 0.998480558 -0.049039185 -0.152121395 -0.041432075 0.047972098 0.997988999 -0.032798320
0.998544633 0.032906372 0.042728726 -0.014187558 -0.031006971 0.998533428 -0.044379249 -0.143705189 -0.044126425 0.042989776 0.998100579 -0.032114241
0.998261929 0.037895698 0.045133758 -0.012412326 -0.036371272 0.998755336 -0.034131281 -0.126135975 -0.046371009 0.032430388 0.998397708 -0.028125130
0.998259962 0.035655402 0.046964727 -0.011283262 -0.034715094 0.999183118 -0.020687541 -0.105703533 -0.047663987 0.019021159 0.998682320 -0.023589998
0.998433113 0.033144932 0.045085631 -0.009261666 -0.032832939 0.999431610 -0.007643306 -0.078653902 -0.045313343 0.006151036 0.998953879 -0.016255872
0.998682141 0.027375799 0.043411579 -0.005566469 -0.027513631 0.999618113 0.002580570 -0.049691174 -0.043324355 -0.003771580 0.999053955 -0.006850267
0.998663366 0.030108226 0.042011816 -0.003042204 -0.030535774 0.999487817 0.009572336 -0.018914530 -0.041702095 -0.010842404 0.999071240 0.004175429
0.998862207 0.027003394 0.039307244 -0.000771342 -0.027527621 0.999538362 0.012856976 0.013057866 -0.038941920 -0.013924384 0.999144435 0.012014836
0.999014556 0.027946945 0.034481037 -0.002350196 -0.028523318 0.999459565 0.016338479 0.047841530 -0.034005795 -0.017305892 0.999271810 0.018598601
0.999131024 0.026457284 0.032204892 -0.000873992 -0.027147699 0.999406755 0.021193136 0.080496676 -0.031625073 -0.022049010 0.999256551 0.025766302
0.999328911 0.022395242 0.028985297 -0.000839080 -0.023283526 0.999258041 0.030680234 0.113724403 -0.028276699 -0.031334523 0.999108911 0.033181071
0.999239862 0.019772694 0.033595935 -0.000539226 -0.021239318 0.998811305 0.043873940 0.145100385 -0.032688491 -0.044554148 0.998472035 0.040127873
0.999163449 0.016415872 0.037455775 -0.000404655 -0.018638335 0.998037577 0.059779484 0.175894439 -0.036400937 -0.060427587 0.997508645 0.047550842
0.999026239 0.016861510 0.040771078 -0.000549274 -0.019988213 0.996788859 0.077539906 0.200441614 -0.039332714 -0.078279346 0.996155262 0.052845310
0.999027848 0.018286724 0.040111445 -0.001082172 -0.022026286 0.995246649 0.094862528 0.221954614 -0.038186058 -0.095653810 0.994681954 0.057199545
0.999183118 0.017058000 0.036634561 -0.002072812 -0.020960521 0.993828177 0.108932048 0.239771932 -0.034550298 -0.109610945 0.993373930 0.059994414
0.999301255 0.017439714 0.033057716 -0.003899269 -0.021280346 0.992589355 0.119639352 0.246692315 -0.030726260 -0.120259240 0.992266893 0.059385937
0.999354184 0.017932199 0.031140095 -0.005354264 -0.021747921 0.991680384 0.126873896 0.245885164 -0.028605895 -0.127469197 0.991429925 0.058251254
0.999441206 0.017974962 0.028180366 -0.006783680 -0.021467689 0.991413057 0.128993362 0.236378461 -0.025619732 -0.129526258 0.991244972 0.055908240
0.999526143 0.016495967 0.025988156 -0.008868225 -0.019597316 0.992088497 0.124001548 0.218205929 -0.023737026 -0.124452084 0.991941631 0.051345430
0.999550641 0.016491458 0.025031019 -0.011046457 -0.019180238 0.993603051 0.111288205 0.194191381 -0.023035593 -0.111718297 0.993472874 0.045299426
0.999546409 0.016347343 0.025291979 -0.013024608 -0.018724034 0.995129406 0.096782491 0.165416837 -0.023586657 -0.097212166 0.994984150 0.038072512
0.999400496 0.020275880 0.028062331 -0.014213417 -0.022560675 0.996239483 0.083653770 0.135308981 -0.026260646 -0.084236734 0.996099651 0.031256061
0.999280512 0.020922663 0.031633377 -0.015177219 -0.023202499 0.997024477 0.073510922 0.103314482 -0.030001208 -0.074192010 0.996792614 0.024282649
0.999004781 0.024823472 0.037056800 -0.014743392 -0.027236026 0.997442126 0.066086262 0.072570428 -0.035321523 -0.067029774 0.997125566 0.017908320
0.998783410 0.025079280 0.042458627 -0.014696388 -0.027656816 0.997739196 0.061249919 0.039939273 -0.040826533 -0.062349677 0.997218966 0.010220008
0.998706520 0.023845378 0.044906896 -0.014416177 -0.026367184 0.998058438 0.056427848 0.008023465 -0.043474164 -0.057538930 0.997396231 0.001738870
0.998566747 0.020574156 0.049407952 -0.014103062 -0.023070063 0.998458147 0.050489124 -0.025457781 -0.048293002 -0.051556606 0.997501731 -0.005470297
0.998312294 0.015797673 0.055884298 -0.013114118 -0.018105892 0.998993397 0.041041270 -0.057770204 -0.055179689 -0.041983835 0.997593403 -0.012066758
0.997842550 0.011146759 0.064699061 -0.010802398 -0.012960558 0.999532759 0.027682716 -0.090315998 -0.064360254 -0.028461529 0.997520804 -0.019063877
0.997457027 0.006446522 0.070977993 -0.009191654 -0.007278346 0.999907732 0.011467075 -0.119976982 -0.070897527 -0.011954518 0.997411966 -0.026065033
0.997199833 0.006363562 0.074511640 -0.007604179 -0.005965652 0.999966741 -0.005561600 -0.145967633 -0.074544556 0.005101517 0.997204661 -0.032930899
0.996929705 0.006261753 0.078051060 -0.006569849 -0.004544679 0.999744177 -0.022157623 -0.166070700 -0.078169838 0.021734877 0.996703088 -0.038895745
0.996986926 0.008170344 0.077138335 -0.003651699 -0.005531131 0.999394000 -0.034365892 -0.177725121 -0.077372372 0.033835687 0.996427953 -0.043028034
0.996827483 0.010443969 0.078904435 -0.002634292 -0.007379584 0.999210835 -0.039028917 -0.182957619 -0.079249784 0.038322818 0.996117890 -0.045200177
0.996451974 0.014916673 0.082830891 -0.001776391 -0.011683827 0.999156058 -0.039377965 -0.179906309 -0.083348379 0.038270466 0.995785356 -0.044332854
0.996296704 0.018848911 0.083890125 -0.001168775 -0.015783932 0.999188721 -0.037050113 -0.168925151 -0.084520429 0.035588793 0.995786011 -0.041233320
0.996405363 0.020296035 0.082246378 -0.000937490 -0.017608671 0.999291301 -0.033269305 -0.151277065 -0.082863331 0.031701464 0.996056557 -0.035985444
0.996554077 0.020060230 0.080483399 -0.000334001 -0.017767075 0.999418378 -0.029107999 -0.129242316 -0.081020497 0.027577739 0.996330857 -0.028741265
0.996658027 0.021167891 0.078896441 0.001228247 -0.019297561 0.999516129 -0.024393758 -0.102733567 -0.079374634 0.022789726 0.996584296 -0.020163830
0.997041762 0.019300144 0.074399136 0.003125965 -0.017888263 0.999647915 -0.019597031 -0.073542237 -0.074751161 0.018208187 0.997035980 -0.011047051
0.997294068 0.023000995 0.069824792 0.005388987 -0.022137413 0.999668896 -0.013116685 -0.041412596 -0.070103370 0.011535452 0.997473061 -0.002169153
0.997482121 0.024011647 0.066730104 0.007758689 -0.023616688 0.999698639 -0.006701426 -0.008853716 -0.066870905 0.005108608 0.997748554 0.007383896
0.997430265 0.027626548 0.066103645 0.010543684 -0.027816441 0.999611139 0.001953789 0.024726393 -0.066023968 -0.003787536 0.997810841 0.016770715
0.996918499 0.031335060 0.071913637 0.011228930 -0.032431576 0.999374092 0.014130713 0.058844570 -0.071425833 -0.016419442 0.997310758 0.025625102
0.997432172 0.027633883 0.066071093 0.012125511 -0.029737156 0.999074936 0.031064656 0.092325836 -0.065151528 -0.032949653 0.997331262 0.033843812
0.997867942 0.018966185 0.062449284 0.012741440 -0.022206871 0.998420119 0.051614705 0.125225410 -0.061371692 -0.052891459 0.996712625 0.041647408
0.998271167 0.010157921 0.057891820 0.013155812 -0.014492520 0.997081697 0.074953377 0.154476061 -0.056961503 -0.075662792 0.995505154 0.047941297
0.998363018 0.004305296 0.057032879 0.013457234 -0.009743226 0.995389819 0.095415652 0.181548640 -0.056359153 -0.095815137 0.993802369 0.053675853
0.998368680 0.003424532 0.056993544 0.013659764 -0.009718888 0.993824959 0.110532656 0.205943555 -0.056263082 -0.110906258 0.992237031 0.058531035
0.998252571 0.009290356 0.058356851 0.014342477 -0.016292460 0.992557168 0.120684728 0.227538645 -0.056801304 -0.121424615 0.990974128 0.062225956
0.998323023 0.015773537 0.055698153 0.014233841 -0.022737684 0.991679728 0.126705438 0.244406328 -0.053236138 -0.127759397 0.990375400 0.064367205
0.998554707 0.019357486 0.050137475 0.013184239 -0.025713926 0.991257131 0.129414499 0.255841523 -0.047193989 -0.130516678 0.990322232 0.064827919
0.998858869 0.021509705 0.042641189 0.011071349 -0.026870752 0.991224110 0.129432365 0.260422587 -0.039482925 -0.130430475 0.990670979 0.063721016
0.999104619 0.021233484 0.036593542 0.009630667 -0.025806371 0.991255760 0.129406750 0.257982135 -0.033525802 -0.130235225 0.990916133 0.062265780
0.999226749 0.022051770 0.032551203 0.008404192 -0.026100531 0.991207361 0.129717827 0.248204142 -0.029404484 -0.130467117 0.991016507 0.059985753
0.999224603 0.023725638 0.031421024 0.007886077 -0.027602898 0.991214812 0.129349455 0.231850117 -0.028076086 -0.130116478 0.991101146 0.057089970
0.999238551 0.023653995 0.031028602 0.006796754 -0.027398903 0.991597712 0.126425102 0.209565714 -0.027777433 -0.127178982 0.991490781 0.052534074
0.999219775 0.024083851 0.031302653 0.005717055 -0.027742231 0.992111683 0.122248903 0.183633253 -0.028111503 -0.123021930 0.992005706 0.047603842
0.999063253 0.027129486 0.033713594 0.005086761 -0.030952636 0.992458403 0.118609540 0.154273391 -0.030241527 -0.119541951 0.992368460 0.042169720
0.998567104 0.033669069 0.041595567 0.005356327 -0.038239487 0.992689610 0.114477508 0.121809445 -0.037437137 -0.115904070 0.992554665 0.036998853
0.998057783 0.038825687 0.048715983 0.005178476 -0.043890726 0.993222535 0.107622415 0.087566867 -0.044207301 -0.109551564 0.992997587 0.032417603
0.997796714 0.040762439 0.052346062 0.004988931 -0.045730561 0.994182944 0.097514234 0.051437590 -0.048066642 -0.099693201 0.993856549 0.026154207
0.997676015 0.039252855 0.055693734 0.004463894 -0.043856010 0.995500863 0.083992161 0.014400844 -0.052146230 -0.086239465 0.994908810 0.019799991
0.997454762 0.037767176 0.060478695 0.004088922 -0.041776624 0.996913850 0.066464230 -0.022803862 -0.057781883 -0.068821654 0.995954216 0.013550155
0.997023821 0.036200758 0.068066515 0.002849101 -0.039431442 0.998128772 0.046734706 -0.059827939 -0.066247322 -0.049279578 0.996585608 0.006974718
0.996605873 0.036351003 0.073860399 0.002495686 -0.038270816 0.998960972 0.024745166 -0.094010361 -0.072884150 -0.027487874 0.996961534 -0.000868392
0.996050775 0.035676744 0.081302263 0.001774699 -0.036176633 0.999334455 0.004683356 -0.124756455 -0.081081070 -0.007606102 0.996678472 -0.008311119
0.995840013 0.035315208 0.083996855 0.001758300 -0.034320295 0.999322891 -0.013259669 -0.151194766 -0.084408246 0.010321713 0.996377766 -0.014904489
0.995768428 0.031782571 0.086226784 -0.000326651 -0.029695755 0.999236763 -0.025377499 -0.175550014 -0.086967535 0.022709543 0.995952249 -0.023860775
0.996018529 0.028112777 0.084597960 -0.000706989 -0.025142837 0.999036551 -0.035969675 -0.191743672 -0.085527658 0.033699431 0.995765746 -0.029209387
0.996009767 0.021980759 0.086494960 -0.002045250 -0.018521700 0.999004066 -0.040592793 -0.202468336 -0.087301083 0.038828786 0.995424986 -0.033528306
0.995715618 0.019184034 0.090456560 -0.003200824 -0.015622946 0.999081016 -0.039913006 -0.206739828 -0.091139123 0.038328804 0.995100260 -0.033768013
0.995439053 0.016647987 0.093935832 -0.003036602 -0.013263591 0.999244213 -0.036538862 -0.203249857 -0.094473138 0.035126284 0.994907498 -0.032637358
0.995401263 0.015582878 0.094516888 -0.003851842 -0.012633834 0.999416947 -0.031719811 -0.193903014 -0.094956070 0.030379830 0.995017767 -0.028766356
0.994937122 0.014162502 0.099496722 -0.003356117 -0.011630640 0.999594808 -0.025980832 -0.178526536 -0.099824354 0.024692083 0.994698644 -0.023127899
0.994351983 0.014829149 0.105091386 -0.002049140 -0.012835342 0.999725044 -0.019623144 -0.158819526 -0.105353482 0.018163430 0.994268954 -0.015861118
0.993539810 0.021455497 0.111437574 -0.000537255 -0.020077467 0.999707639 -0.013473573 -0.134807855 -0.111694083 0.011149147 0.993680120 -0.012550644
0.992870450 0.026574902 0.116198063 0.003273910 -0.025848862 0.999635816 -0.007751019 -0.111285627 -0.116361722 0.004692171 0.993195832 0.001287188
0.992192566 0.036614385 0.119219705 0.004836185 -0.036787707 0.999322832 -0.000747362 -0.085760579 -0.119166330 -0.003644292 0.992867589 0.003929067
0.991928935 0.040603589 0.120117784 0.007718768 -0.041661795 0.999111831 0.006310571 -0.060116053 -0.119754866 -0.011263959 0.992739618 0.012414152
0.992535353 0.043896277 0.113783516 0.010364463 -0.045969140 0.998820126 0.015657019 -0.034122769 -0.112961985 -0.020770676 0.993382215 0.019178282
0.993031204 0.046007160 0.108500674 0.012887245 -0.049136911 0.998444438 0.026349075 -0.008420639 -0.107119650 -0.031496841 0.993747115 0.024873842
0.994167686 0.047268741 0.096934527 0.014460935 -0.051176041 0.997957826 0.038225338 0.016274309 -0.094929710 -0.042963117 0.994556427 0.028555635
0.995423913 0.045984853 0.083765656 0.016486477 -0.050343428 0.997444987 0.050685313 0.038896017 -0.081220880 -0.054670420 0.995195627 0.029177438
0.996594489 0.041723635 0.071123973 0.017302785 -0.046349574 0.996828973 0.064681426 0.057367019 -0.068199694 -0.067757711 0.995368123 0.028670521
0.997662544 0.035645802 0.058299650 0.017500564 -0.040189605 0.996086299 0.078720398 0.073345110 -0.055265430 -0.080879427 0.995190561 0.026310977
0.998301864 0.029586315 0.050179724 0.017719246 -0.034243010 0.994922936 0.094635040 0.084317394 -0.047125053 -0.096192643 0.994246542 0.023370702
0.998921335 0.021481814 0.041166142 0.017094204 -0.025929140 0.993511081 0.110740349 0.092242591 -0.038520113 -0.111688301 0.992996454 0.019487165
0.999347389 0.013230045 0.033612400 0.016575579 -0.017465351 0.991488814 0.129015207 0.097031727 -0.031619444 -0.129518062 0.991072774 0.013889804
0.999572575 0.007306603 0.028305857 0.015892345 -0.011411802 0.988965452 0.147706062 0.099118523 -0.026914285 -0.147965968 0.988626182 0.008708302
0.999590158 0.002494767 0.028517734 0.015999652 -0.007279288 0.985601425 0.168928549 0.100215912 -0.027685683 -0.169066921 0.985215664 0.004443468
0.999391735 -0.002680640 0.034770694 0.015287705 -0.004075915 0.981229782 0.192799121 0.100314721 -0.034634862 -0.192823559 0.980621994 0.000986658
0.998826265 -0.005291403 0.048146833 0.015546242 -0.005305469 0.976082206 0.217336968 0.100001961 -0.048145283 -0.217337325 0.974908471 -0.001521252
0.998107493 -0.010534480 0.060584091 0.014581096 -0.004235208 0.971101105 0.238630936 0.098795034 -0.061347127 -0.238435909 0.969218671 -0.004293565
0.997371137 -0.016543832 0.070548564 0.012586269 -0.002166115 0.966346681 0.257234126 0.097056046 -0.072430015 -0.256710738 0.963770449 -0.007288850
0.996937990 -0.022574306 0.074867167 0.009778165 0.001203691 0.961740315 0.273960114 0.096069150 -0.078187235 -0.273031116 0.958822608 -0.010941648
0.996776819 -0.026417708 0.075750388 0.007407716 0.003123078 0.956288874 0.292407066 0.095262028 -0.080163978 -0.291228026 0.953289032 -0.015673283
0.996540725 -0.032598767 0.076445095 0.005947654 0.007161520 0.950119138 0.311805069 0.094263464 -0.082796402 -0.310178995 0.947065890 -0.020594068
0.996306062 -0.037864961 0.077074394 0.004989006 0.010183756 0.943301022 0.331782252 0.094392218 -0.085267276 -0.329771787 0.940202117 -0.026082501
0.996053636 -0.044688467 0.076681837 0.004625000 0.014983368 0.936254501 0.351002812 0.095152013 -0.087479487 -0.348468661 0.933229327 -0.031641714
0.996044576 -0.045527656 0.076304674 0.004845660 0.014176011 0.929180503 0.369354397 0.096323445 -0.087716654 -0.366811782 0.926150560 -0.037783816
0.996128142 -0.044639550 0.075736262 0.006184176 0.012062959 0.922747731 0.385215640 0.096790813 -0.087081321 -0.382810533 0.919713497 -0.043853324
0.996406078 -0.043245979 0.072833300 0.008286572 0.010772165 0.917561710 0.397447407 0.096427843 -0.084017053 -0.395234466 0.914729953 -0.048920102
0.996659338 -0.042163379 0.069945782 0.011422426 0.010303067 0.914500713 0.404453158 0.095137879 -0.081018582 -0.402381361 0.911880076 -0.052623224
0.996611238 -0.043744732 0.069659412 0.015734125 0.011770613 0.913989782 0.405566394 0.092983469 -0.081409380 -0.403372109 0.911407411 -0.054418880
0.996759474 -0.043378279 0.067740947 0.020428669 0.012616714 0.916020572 0.400932819 0.090808034 -0.079443872 -0.398778945 0.913599491 -0.055072058
0.997023106 -0.044356547 0.063066714 0.024741318 0.015975464 0.919043541 0.393832117 0.088960409 -0.075430088 -0.391652197 0.917016268 -0.054774255
0.997267842 -0.043904800 0.059407465 0.029493187 0.017613582 0.922341347 0.385974318 0.087226845 -0.071740083 -0.383873373 0.920594692 -0.053331647
0.997464001 -0.041704960 0.057673853 0.033220436 0.016783068 0.925308108 0.378844619 0.086731344 -0.069165781 -0.376915932 0.923661470 -0.051525164
0.997795939 -0.036838688 0.055191696 0.035302404 0.013594486 0.927585840 0.373362750 0.086648114 -0.064949229 -0.371789545 0.926042199 -0.049446702
0.998111367 -0.033789627 0.051302582 0.036342949 0.012493686 0.929336250 0.369023025 0.086374030 -0.060146503 -0.367685139 0.928003252 -0.047332171
0.998500228 -0.027262066 0.047476992 0.037412446 0.007955093 0.930243850 0.366855770 0.085732326 -0.054166421 -0.365927905 0.929065585 -0.044893902
0.998685896 -0.024483986 0.045021746 0.038347546 0.006196610 0.929740965 0.368162036 0.084812284 -0.050872635 -0.367399275 0.928670943 -0.042536732
0.998856902 -0.020265734 0.043291382 0.039744042 0.002677336 0.927974761 0.372633398 0.083683595 -0.047724999 -0.372091532 0.926968277 -0.040356338
0.998931229 -0.017202921 0.042900026 0.042418920 -0.000247188 0.926154554 0.377144098 0.082977466 -0.046220034 -0.376751602 0.925160527 -0.037897766
0.999013007 -0.016243307 0.041341484 0.046402622 -0.000680150 0.925032854 0.379886538 0.082125448 -0.044412844 -0.379539698 0.924108803 -0.035227399
0.998966873 -0.017684311 0.041861821 0.052067891 0.000362507 0.924247801 0.381793022 0.081334285 -0.045442443 -0.381383419 0.923299372 -0.032186795
0.998887002 -0.019979544 0.042727388 0.059767373 0.002094542 0.923752308 0.382984757 0.080468185 -0.047121383 -0.382468998 0.922765970 -0.028812161
0.998742521 -0.022340115 0.044880304 0.069316156 0.003368837 0.923107266 0.384527743 0.079302602 -0.050019730 -0.383893013 0.922021806 -0.025407065
0.998599291 -0.025230482 0.046506442 0.080313869 0.005322496 0.922423482 0.386143267 0.078298196 -0.052641213 -0.385354877 0.921265721 -0.022151055
0.998425603 -0.029688019 0.047591534 0.092795715 0.008888874 0.921472311 0.388342351 0.077277109 -0.055383395 -0.387307912 0.920285404 -0.019140752
0.998265326 -0.033324614 0.048536133 0.107390359 0.011752278 0.920588911 0.390356183 0.075832285 -0.057690296 -0.389108658 0.919383645 -0.016958814
0.998070419 -0.037344649 0.049606502 0.123470046 0.014959821 0.920009136 0.391611248 0.074479446 -0.060263023 -0.390113503 0.918792605 -0.014895214
0.997745752 -0.041650597 0.052618045 0.140965715 0.017800730 0.920258462 0.390906006 0.073614471 -0.064703673 -0.389088184 0.918925345 -0.012994787
0.997355163 -0.046156820 0.056144260 0.159232959 0.020887624 0.921903491 0.386856109 0.071621910 -0.069615640 -0.384660214 0.920429349 -0.010719431
0.996800423 -0.051502302 0.061126504 0.178049996 0.024414368 0.924374282 0.380704790 0.069079019 -0.076110944 -0.377994329 0.922674060 -0.007995546
0.996061146 -0.057887770 0.067165725 0.196753204 0.028693758 0.927161276 0.373562068 0.066498950 -0.083898135 -0.370163411 0.925170302 -0.004969213
0.995280921 -0.062759757 0.074007519 0.215506092 0.031177733 0.929072618 0.368581146 0.064309597 -0.091890417 -0.364534408 0.926644921 -0.002608421
0.994485438 -0.068077222 0.079775974 0.234627679 0.034192529 0.929583788 0.367021620 0.063533798 -0.099144265 -0.362269938 0.926785231 -0.000693772
0.993731618 -0.071792930 0.085692853 0.252788126 0.035224237 0.928572237 0.369476438 0.063655518 -0.106097803 -0.364141941 0.925280452 0.001052647
0.992721558 -0.075387321 0.093918100 0.270239472 0.034683347 0.925767004 0.376500338 0.064593956 -0.115329623 -0.370502621 0.921643615 0.002602734
0.991576433 -0.077953562 0.103438057 0.286774904 0.032104064 0.921608031 0.386791885 0.065977700 -0.125481144 -0.380212963 0.916347444 0.003993491
0.990380347 -0.083862469 0.110062733 0.301416248 0.033695903 0.917637110 0.395988375 0.067537002 -0.134206206 -0.388470441 0.911635578 0.005605320
0.989936292 -0.087046444 0.111575156 0.313478112 0.035082921 0.914786637 0.402410984 0.069820940 -0.137095898 -0.394446850 0.908634365 0.007276744
0.989825845 -0.086671315 0.112839937 0.324759871 0.033683933 0.913256466 0.405990213 0.071683198 -0.138239503 -0.398058742 0.906884253 0.008338167
0.989992082 -0.086253598 0.111695945 0.334113091 0.033680867 0.913018167 0.406526089 0.073639892 -0.137044758 -0.398695588 0.906785846 0.009234803
0.990142405 -0.086649887 0.110044591 0.341112405 0.034961790 0.913700879 0.404880762 0.075147726 -0.135630712 -0.397042274 0.907723427 0.010190438
0.990324259 -0.087987073 0.107313313 0.345744282 0.037765987 0.914994776 0.401694238 0.076154031 -0.133535028 -0.393754780 0.909464478 0.010915074
0.990679145 -0.088043042 0.103938580 0.348210096 0.039664887 0.916432381 0.398219079 0.077127099 -0.130313098 -0.390384644 0.911382675 0.011211079
0.990636885 -0.090207100 0.102475822 0.348634452 0.042660475 0.917558551 0.395305514 0.077961363 -0.129686922 -0.387232542 0.912815571 0.011106370
0.990540862 -0.091536172 0.102224827 0.347095758 0.044119246 0.917879879 0.394398361 0.078629039 -0.129931822 -0.386157602 0.913236022 0.010652239
0.990273356 -0.090214804 0.105924457 0.343764901 0.041303650 0.917595208 0.395364493 0.078820653 -0.132863507 -0.387143880 0.912396252 0.009647919
0.990121543 -0.089043327 0.108307742 0.338195890 0.039304055 0.917751372 0.395205885 0.077948332 -0.134590015 -0.387044936 0.912185192 0.008242041
0.990147710 -0.089147881 0.107982390 0.330082119 0.039638206 0.918056309 0.394463450 0.076669432 -0.134299487 -0.386296839 0.912545025 0.006195361
0.990405262 -0.088074945 0.106490493 0.320023566 0.039364286 0.918467820 0.393531919 0.075349443 -0.132468387 -0.385564148 0.913122356 0.003684805
0.990811229 -0.088385776 0.102377050 0.307904601 0.041139513 0.918015420 0.394404978 0.075108521 -0.128843486 -0.386569113 0.913216114 0.000836073
0.991542280 -0.085275449 0.097836517 0.294567317 0.039704479 0.917009652 0.396883965 0.075654015 -0.123561479 -0.389642715 0.912639678 -0.002082954
0.992109835 -0.083323777 0.093676001 0.279830396 0.039186802 0.915846050 0.399612874 0.076527901 -0.119090050 -0.392788976 0.911885083 -0.004519437
0.992621362 -0.082183100 0.089155592 0.263340324 0.039759211 0.915221989 0.400983632 0.077395633 -0.114551239 -0.394480169 0.911736488 -0.006668144
0.993191898 -0.080974892 0.083743133 0.245190263 0.040847868 0.915333033 0.400620699 0.077787183 -0.109093063 -0.394472480 0.912409008 -0.008966640
0.993829012 -0.077981286 0.078884564 0.225852877 0.040207185 0.916060388 0.399019808 0.077879570 -0.103379093 -0.393385738 0.913542807 -0.011644165
0.994509697 -0.074481294 0.073505476 0.205534473 0.039495118 0.917634487 0.395458102 0.077635251 -0.096905380 -0.390383780 0.915538013 -0.014757849
0.995191693 -0.070591010 0.067899808 0.184148610 0.038611174 0.919841826 0.390384704 0.076956026 -0.090014726 -0.385885924 0.918144524 -0.018165519
0.995884120 -0.065297574 0.062857285 0.162393585 0.036157530 0.922165453 0.385101914 0.075948335 -0.083111033 -0.381244123 0.920730948 -0.021563007
0.996330678 -0.062184695 0.058807284 0.140006736 0.035234306 0.924186170 0.380313724 0.074386053 -0.077998564 -0.376846164 0.922986031 -0.024862435
0.996711314 -0.059690960 0.054805070 0.116075262 0.034603283 0.925066769 0.378224909 0.072421677 -0.073274955 -0.375084579 0.924089968 -0.027717512
0.997066259 -0.056982219 0.051106915 0.092164166 0.033469044 0.925031662 0.378412753 0.071729496 -0.068838313 -0.375592083 0.924225032 -0.030488161
0.997556388 -0.052240282 0.046391748 0.068033174 0.030697638 0.924213648 0.380640000 0.071572192 -0.062760629 -0.378285736 0.923558891 -0.033150233
0.997939527 -0.048884161 0.041557260 0.043660510 0.029176505 0.922606647 0.384637117 0.072508432 -0.057143666 -0.382632077 0.922131956 -0.035387672
0.998365641 -0.042668920 0.038018666 0.019341785 0.024610851 0.921403527 0.387827069 0.073489264 -0.051578693 -0.386257559 0.920947731 -0.037852108
0.998605013 -0.038362533 0.036280680 -0.004415102 0.021276509 0.921220660 0.388458282 0.074708521 -0.048324753 -0.387144476 0.920751810 -0.039595142
0.998737097 -0.036782060 0.034224018 -0.028523346 0.020699631 0.921938121 0.386783689 0.076179050 -0.045779131 -0.385586768 0.921535194 -0.041153044
0.998912632 -0.035230327 0.030534316 -0.052216180 0.020804919 0.922973514 0.384300798 0.077522062 -0.041721407 -0.383247644 0.922702849 -0.043379921
0.999062359 -0.032535717 0.028562337 -0.075719401 0.019179968 0.924071372 0.381738454 0.079367749 -0.038813770 -0.380832702 0.923828959 -0.044809543
0.999218643 -0.029886974 0.025863562 -0.099123172 0.017850494 0.925081193 0.379349589 0.081297509 -0.035263505 -0.378591478 0.924891889 -0.046309516
0.999341309 -0.027740248 0.023395933 -0.122158758 0.016844794 0.925646901 0.378013343 0.082715735 -0.032142557 -0.377370268 0.925504506 -0.048521396
0.999522805 -0.025996391 0.016682828 -0.144746453 0.017746855 0.925355732 0.378684282 0.085265741 -0.025281975 -0.378207505 0.925375521 -0.049947634
0.999695599 -0.022938559 0.009084128 -0.166029081 0.017724419 0.923861146 0.382317245 0.088312685 -0.017162280 -0.382039845 0.923986495 -0.051431857
0.999804735 -0.019691244 0.001641606 -0.186107099 0.017520055 0.921842039 0.387169659 0.092538692 -0.009137154 -0.387065291 0.922007024 -0.053560715
0.999842167 -0.016509902 -0.006558377 -0.204137787 0.017758925 0.919386983 0.392953157 0.095928758 -0.000457932 -0.393007636 0.919535100 -0.054744951
0.999752402 -0.015502626 -0.015962677 -0.220853165 0.020561168 0.917874455 0.396337867 0.099004462 0.008507458 -0.396567941 0.917965949 -0.055799231
0.999591291 -0.013922678 -0.024968091 -0.235594854 0.022664564 0.918258727 0.395331830 0.101465851 0.017423090 -0.395736128 0.918199003 -0.057438415
0.999446273 -0.011946140 -0.031054586 -0.248015866 0.023131253 0.920353889 0.390401900 0.102320738 0.023917414 -0.390904069 0.920120597 -0.058358207
0.999270320 -0.010304552 -0.036778420 -0.258073062 0.023644798 0.923117101 0.383791298 0.102664441 0.029995993 -0.384380847 0.922687173 -0.059022103
0.999047041 -0.009994905 -0.042486280 -0.265205801 0.025308475 0.925728798 0.377340347 0.102343924 0.035559289 -0.378056020 0.925099552 -0.059789974
0.998976529 -0.009062659 -0.044314686 -0.269626141 0.024983581 0.927266657 0.373567134 0.101669297 0.037706021 -0.374291927 0.926544011 -0.062053867
0.998998702 -0.007208286 -0.044154234 -0.270030946 0.023151448 0.927807808 0.372339487 0.101234823 0.038282715 -0.372988880 0.927045703 -0.063211806
0.999105394 -0.004871827 -0.042008754 -0.267290592 0.020249249 0.927180767 0.374066532 0.100792080 0.037127320 -0.374582529 0.926449955 -0.064610384
0.999283612 -0.004965700 -0.037517693 -0.261399269 0.018732434 0.926293194 0.376337647 0.099887431 0.032883603 -0.376770854 0.925722659 -0.065390341
0.999472082 -0.004495516 -0.032177292 -0.252684414 0.016326493 0.925748646 0.377786815 0.099150375 0.028089739 -0.378112733 0.925333321 -0.066716455
0.999686599 -0.005356492 -0.024454510 -0.241076902 0.014195688 0.925899267 0.377503693 0.098050326 0.020620318 -0.377732515 0.925685108 -0.067942575
0.999828994 -0.004565852 -0.017920826 -0.226211518 0.010953117 0.926995993 0.374911249 0.096622042 0.014900745 -0.375043392 0.926887512 -0.068508312
0.999937296 -0.004501785 -0.010251722 -0.210135400 0.007993320 0.928168476 0.372074425 0.094841182 0.007840327 -0.372133076 0.928146303 -0.069871955
0.999977767 -0.005436897 -0.003853859 -0.193390891 0.006476444 0.929139853 0.369671702 0.092666075 0.001570907 -0.369688451 0.929154456 -0.072176144
0.999975562 -0.006631944 0.002219869 -0.173273548 0.005351787 0.929983318 0.367562711 0.091279060 -0.004502097 -0.367541850 0.929996073 -0.071846031
0.999931991 -0.008385488 0.008108244 -0.152932703 0.004812611 0.929784894 0.368071854 0.090012625 -0.010625386 -0.368007779 0.929762006 -0.072193295
0.999832511 -0.012399400 0.013460248 -0.131416753 0.006520583 0.928589106 0.371052325 0.089065284 -0.017099865 -0.370902419 0.928514421 -0.071593463
0.999754786 -0.016605094 0.014649354 -0.109484196 0.009876817 0.926506698 0.376148671 0.088605978 -0.019818708 -0.375911742 0.926443517 -0.070845641
0.999637723 -0.021374421 0.016357662 -0.086628951 0.013507562 0.924063146 0.382001162 0.088525638 -0.023280567 -0.381641805 0.924017072 -0.069622017
0.999505997 -0.024765007 0.019350166 -0.063045993 0.015334889 0.921721697 0.387548625 0.087912291 -0.027433110 -0.387060463 0.921646178 -0.068210356
0.999406040 -0.026111672 0.022488043 -0.039025504 0.015283117 0.920734406 0.389890492 0.087833613 -0.030886207 -0.389315248 0.920586586 -0.066505447
0.999377429 -0.026810186 0.022934565 -0.015066924 0.015749829 0.920691252 0.389973849 0.087731153 -0.031570923 -0.389369816 0.920540273 -0.064550973
0.999383688 -0.028010149 0.021159604 0.007212311 0.017592002 0.921235383 0.388607711 0.087348573 -0.030377932 -0.387995929 0.921160340 -0.062081032
0.999385118 -0.029339660 0.019198911 0.029791581 0.019612204 0.921641052 0.387547553 0.086593114 -0.029065019 -0.386932731 0.921649754 -0.059699431
0.999330521 -0.031632371 0.018382976 0.052407525 0.022010103 0.921157360 0.388567507 0.084639452 -0.029224923 -0.387902737 0.921236873 -0.057901498
0.999248385 -0.033794060 0.018990880 0.073421881 0.023718897 0.920506358 0.390007079 0.084134623 -0.030661149 -0.389263511 0.920616031 -0.055172883
0.999132514 -0.036066547 0.020817701 0.093177311 0.025011752 0.919423521 0.392472684 0.084416792 -0.033295415 -0.391611516 0.919528067 -0.052352648
0.998970449 -0.038356707 0.024223145 0.111320600 0.025673727 0.918233752 0.395205826 0.086008951 -0.037401300 -0.394177049 0.918273151 -0.048250981
0.998747468 -0.041129705 0.028493311 0.127084792 0.026418339 0.917093396 0.397796154 0.087551929 -0.042492267 -0.396545172 0.917031288 -0.045426544
0.998496115 -0.044357799 0.032217268 0.140680015 0.027919509 0.917176604 0.397501647 0.090433136 -0.047181223 -0.396004379 0.917035699 -0.042703070
0.998263717 -0.048080377 0.034026206 0.151749551 0.030612305 0.917016089 0.397673696 0.093099959 -0.050322875 -0.395941585 0.916895807 -0.039105833
0.998029888 -0.048884820 0.039326698 0.162083730 0.029358555 0.917841911 0.395858914 0.095930263 -0.055447184 -0.393924445 0.917468905 -0.034856595
0.997341454 -0.052224442 0.050819814 0.171953961 0.028363124 0.920617223 0.389434785 0.098319434 -0.067123614 -0.386958033 0.919650972 -0.030482499
0.996118486 -0.057002265 0.067072593 0.179211140 0.027472910 0.925261915 0.378332734 0.100828491 -0.083625533 -0.375021517 0.923236489 -0.023860825
0.994929135 -0.059683006 0.080956452 0.185468808 0.026534867 0.932150245 0.361098140 0.102564991 -0.097015001 -0.357118875 0.929007113 -0.017904999
0.993930697 -0.059143197 0.092756949 0.190010384 0.024052959 0.939618707 0.341376871 0.103883877 -0.107346289 -0.337073892 0.935338438 -0.012789543
0.992797315 -0.057753835 0.104966402 0.194608748 0.021060791 0.946625352 0.321647197 0.103371829 -0.117940217 -0.317119807 0.941023469 -0.008368372
0.991405010 -0.057603694 0.117464520 0.197957173 0.019706741 0.953359127 0.301194340 0.102329820 -0.129335776 -0.296290725 0.946300209 -0.003977233
0.990080297 -0.058556523 0.127718776 0.200735644 0.019998778 0.958491683 0.284418195 0.101020709 -0.139071941 -0.279042631 0.950154841 -0.000088085
0.988595128 -0.061661176 0.137395769 0.203627154 0.021874748 0.961454511 0.274092466 0.099382065 -0.149000645 -0.267960995 0.951838076 0.003805506
0.987097085 -0.069360323 0.144320622 0.206735596 0.027508968 0.961369693 0.273882508 0.097910352 -0.157742038 -0.266378522 0.950873256 0.007693546
0.985434890 -0.077258654 0.151489943 0.211399093 0.031969950 0.959121943 0.281181484 0.096227750 -0.167021036 -0.272242934 0.947622180 0.012954730
0.983152747 -0.087383561 0.160545111 0.217277020 0.037875436 0.956653118 0.288756371 0.094239265 -0.178818554 -0.277810931 0.943845868 0.020185009
0.980719090 -0.097341128 0.169454247 0.224629804 0.043331631 0.953848541 0.297145337 0.091651961 -0.190558136 -0.284073383 0.939675450 0.028948067
0.978373349 -0.106713630 0.177194178 0.231863737 0.048357956 0.950908959 0.305669278 0.089322187 -0.201114595 -0.290489942 0.935504436 0.038729090
0.976632237 -0.113422871 0.182550788 0.238953054 0.051126555 0.947627485 0.315259039 0.087103903 -0.208747715 -0.298558950 0.931282401 0.049168088
0.975637138 -0.117491692 0.185277909 0.245072052 0.052127924 0.944472253 0.324430048 0.084314808 -0.213107675 -0.306867838 0.927586794 0.060864214
0.975579798 -0.119730011 0.184143499 0.250109732 0.052848335 0.941691756 0.332300603 0.081029005 -0.213192776 -0.314454079 0.925022960 0.072715141
0.975860775 -0.124966577 0.179106429 0.253459066 0.058009595 0.938969195 0.339074850 0.077112727 -0.210548446 -0.320499957 0.923552454 0.085399434
0.977417231 -0.125078425 0.170325890 0.254422277 0.059951946 0.937028229 0.344069570 0.072480448 -0.202635840 -0.326088160 0.923366249 0.098931193
0.979478598 -0.122506030 0.160043448 0.253003240 0.060901023 0.936847329 0.344395310 0.067149244 -0.192126781 -0.327581018 0.925082684 0.113562316
0.982273698 -0.115791172 0.147413820 0.248635203 0.059792370 0.938867688 0.339046299 0.061695606 -0.177660644 -0.324222028 0.929148436 0.129945397
0.985247731 -0.106063083 0.134303868 0.242379457 0.056520507 0.942420185 0.329620391 0.056105841 -0.161531240 -0.317166835 0.934512079 0.145112112
0.988441348 -0.093665227 0.119207792 0.233788952 0.051189691 0.946333766 0.319111407 0.051076289 -0.142700002 -0.309320688 0.940190077 0.160147041
0.991247952 -0.080069475 0.104959130 0.223072514 0.043785878 0.949467957 0.310794711 0.046847373 -0.124540508 -0.303478897 0.944664061 0.175052881
0.993801296 -0.067384146 0.088421606 0.209838480 0.037334859 0.951468408 0.305473447 0.043050129 -0.104714431 -0.300278723 0.948086262 0.188712209
0.996220231 -0.054829787 0.067371555 0.193736121 0.031896155 0.952329695 0.303398728 0.040081382 -0.080795221 -0.300103068 0.950478971 0.200704768
0.998139262 -0.043806821 0.042414136 0.174315050 0.028902730 0.952394843 0.303494126 0.036948472 -0.053690121 -0.301703542 0.951888800 0.210775197
0.999340475 -0.033751324 0.013394443 0.151575997 0.028028807 0.951494455 0.306386530 0.036113214 -0.023085689 -0.305809021 0.951812983 0.217661351
0.999627113 -0.023180403 -0.014431095 0.125977442 0.026516750 0.950207770 0.310486764 0.037779685 0.006515330 -0.310753673 0.950468183 0.223914191
0.999059200 -0.011841663 -0.041718498 0.098687038 0.024435453 0.948459804 0.315953940 0.039173812 0.035826899 -0.316676110 0.947856903 0.224364758
0.997573674 0.000197499 -0.069618434 0.069391705 0.022243600 0.946676254 0.321417689 0.041341651 0.065969601 -0.322186410 0.944374919 0.220973954
0.995330155 0.012898847 -0.095663205 0.038918421 0.019125465 0.945032716 0.326415896 0.044504862 0.094615251 -0.326721191 0.940372944 0.213845566
0.992446661 0.027630515 -0.119524576 0.008433437 0.013467449 0.943877697 0.330020428 0.048492815 0.121935211 -0.329137385 0.936376214 0.204467669
0.988796651 0.036467742 -0.144745499 -0.022909110 0.013841391 0.943118870 0.332167447 0.052625258 0.148625612 -0.330449522 0.932048023 0.190037519
0.985072136 0.040372297 -0.167340755 -0.053576920 0.017932739 0.942752779 0.333009928 0.057126924 0.171205342 -0.331039697 0.927955508 0.173169777
0.980847597 0.041593462 -0.190283895 -0.081872493 0.024731740 0.942430615 0.333486021 0.060324434 0.193200201 -0.331804991 0.923352122 0.153974354
