0.999261618 0.037571900 -0.008038570 -1.720053911 -0.037950858 0.997830451 -0.053796716 0.112659790 0.005999885 0.054062061 0.998519540 -2.949043274
0.999151170 0.041044466 -0.003497631 -1.719463110 -0.041167773 0.997912109 -0.049766358 0.131481260 0.001447695 0.049868103 0.998754740 -2.940896034
0.999113917 0.042073861 -0.001085616 -1.718706131 -0.042083867 0.998331070 -0.039547533 0.153087959 -0.000580113 0.039558180 0.999217093 -2.932348490
0.999127924 0.041750163 -0.000595632 -1.718539834 -0.041751020 0.998763323 -0.026994629 0.176670253 -0.000532135 0.026995955 0.999635398 -2.923747778
0.999230146 0.039228916 -0.000467386 -1.718637824 -0.039231151 0.999081969 -0.017208867 0.201707974 -0.000208128 0.017213956 0.999851823 -2.915589333
0.999274373 0.038085949 0.000399186 -1.718999863 -0.038080182 0.999226213 -0.009840442 0.227601826 -0.000773660 0.009818101 0.999951482 -2.907137156
0.999442875 0.033376608 -0.000008480 -1.718749285 -0.033376243 0.999430716 -0.004930466 0.252095908 -0.000156087 0.004928002 0.999987841 -2.898782730
0.999516308 0.031092074 -0.000696835 -1.718735099 -0.031092521 0.999516308 -0.000641816 0.275811553 0.000676542 0.000663171 0.999999523 -2.890884638
0.999518752 0.030976029 -0.001655788 -1.718553185 -0.030970884 0.999515653 0.003046298 0.297986925 0.001749348 -0.002993550 0.999993980 -2.883627415
0.999470890 0.032473054 -0.001859819 -1.718171477 -0.032455903 0.999436080 0.008609881 0.319005102 0.002138360 -0.008544964 0.999961197 -2.877587318
0.999299407 0.037411537 -0.001042267 -1.718341947 -0.037389714 0.999168873 0.016235160 0.338492900 0.001648783 -0.016184816 0.999867678 -2.872652769
0.999251664 0.038592581 -0.002599979 -1.718734980 -0.038506832 0.998881102 0.027454462 0.356380284 0.003656608 -0.027333800 0.999619663 -2.869182587
0.999139607 0.041441489 -0.001623394 -1.718788385 -0.041335147 0.998240829 0.042505383 0.371847630 0.003382025 -0.042401709 0.999094903 -2.866244078
0.999071658 0.043024234 -0.002184802 -1.719095588 -0.042813472 0.997249663 0.060498547 0.383765548 0.004781696 -0.060348842 0.998165905 -2.863943577
0.999070883 0.043063335 -0.001699410 -1.719809175 -0.042804115 0.996101081 0.077139221 0.391038775 0.005014656 -0.076994814 0.997018874 -2.863776684
0.999151945 0.040977009 -0.004027753 -1.720644593 -0.040437900 0.994991899 0.091410831 0.389523506 0.007753324 -0.091170445 0.995805144 -2.865275621
0.999177516 0.040051378 -0.006336628 -1.721935749 -0.039262913 0.994640410 0.095650032 0.379877597 0.010133581 -0.095322564 0.995394826 -2.869488478
0.999202251 0.039297767 -0.007107220 -1.723691344 -0.038463399 0.994883299 0.093422778 0.361833125 0.010742160 -0.093074881 0.995601177 -2.876056910
0.999029934 0.043845456 -0.004093571 -1.724981546 -0.043336827 0.995408654 0.085343495 0.336802930 0.007816700 -0.085083306 0.996343195 -2.882573128
0.998670161 0.051542740 0.001142107 -1.727304816 -0.051479954 0.995766044 0.076156057 0.305607200 0.002788020 -0.076113574 0.997095227 -2.891556263
0.998440742 0.055409800 0.006774002 -1.727537990 -0.055719394 0.996600628 0.060683571 0.272593379 -0.003388510 -0.060966395 0.998134077 -2.898761272
0.997947216 0.061876528 0.016512183 -1.729496598 -0.062571421 0.997000813 0.045543626 0.234819546 -0.013644579 -0.046483323 0.998825848 -2.908933878
0.997308671 0.068303004 0.026648741 -1.730443478 -0.069085509 0.997170329 0.029639235 0.197895616 -0.024548884 -0.031400505 0.999205351 -2.917942762
0.996948481 0.071923599 0.030343518 -1.733264327 -0.072371677 0.997280359 0.013934987 0.161461532 -0.029258739 -0.016088475 0.999442399 -2.926984072
0.996766031 0.074576549 0.029929653 -1.735964298 -0.074607454 0.997213006 -0.000084158 0.125448048 -0.029852513 -0.002149090 0.999552011 -2.937687635
0.996944845 0.073156320 0.027369412 -1.738816023 -0.072811328 0.997255743 -0.013397669 0.093376428 -0.028274426 0.011363935 0.999535620 -2.946323872
0.997002006 0.072315440 0.027521694 -1.740627170 -0.071597114 0.997088194 -0.026248563 0.061258532 -0.029339733 0.024199396 0.999276519 -2.956326723
0.997409463 0.066357128 0.027768740 -1.742329240 -0.065163188 0.996994853 -0.041893486 0.033021748 -0.030465221 0.039975461 0.998736143 -2.964181185
0.997650683 0.062567823 0.027900409 -1.742628574 -0.060871605 0.996460080 -0.057982769 0.007448656 -0.031429499 0.056148205 0.997927606 -2.971935272
0.997975349 0.057523139 0.027134189 -1.743232250 -0.055332854 0.995606661 -0.075535446 -0.013915955 -0.031360015 0.073881105 0.996773839 -2.978997469
0.997921050 0.059079170 0.025753818 -1.742957234 -0.056528084 0.994289100 -0.090519130 -0.030062599 -0.030954536 0.088875130 0.995561659 -2.985744238
0.997899354 0.059148949 0.026425056 -1.743054748 -0.056202304 0.993299782 -0.100979663 -0.038089905 -0.032220840 0.099282391 0.994537473 -2.990061760
0.997446299 0.064740896 0.030157220 -1.741076589 -0.061297189 0.992713749 -0.103740476 -0.037341963 -0.036653738 0.101627000 0.994147122 -2.991395235
0.996970534 0.070524476 0.032802984 -1.739399672 -0.066962846 0.992803097 -0.099287525 -0.028052334 -0.039569102 0.096790150 0.994517922 -2.989796638
0.996478438 0.075833529 0.035777081 -1.736851573 -0.072400704 0.993390679 -0.089067735 -0.011628813 -0.042294938 0.086163796 0.995382786 -2.985139608
0.996584296 0.073371463 0.037898924 -1.734928608 -0.070304282 0.994568527 -0.076751404 0.011070181 -0.043324437 0.073824786 0.996329725 -2.977819204
0.996811450 0.070878781 0.036648128 -1.732347846 -0.068459161 0.995629311 -0.063526146 0.037197940 -0.040990610 0.060814694 0.997307062 -2.968424082
0.997157097 0.066234134 0.035927404 -1.729800701 -0.064264365 0.996499956 -0.053459208 0.066659331 -0.039342482 0.050998379 0.997923493 -2.958384514
0.996955752 0.069594786 0.035153046 -1.726576447 -0.067940578 0.996617079 -0.046243653 0.096346930 -0.038252443 0.043714561 0.998311460 -2.947800398
0.997290313 0.065938897 0.032621279 -1.723330736 -0.064525463 0.997004926 -0.042634331 0.127815008 -0.035334833 0.040413901 0.998558044 -2.937578201
0.997472227 0.065854147 0.026690263 -1.720537424 -0.064781874 0.997128248 -0.039224632 0.160301030 -0.029196721 0.037396438 0.998873889 -2.927828074
0.997613609 0.064493336 0.024650976 -1.717999697 -0.063625149 0.997376800 -0.034515712 0.192819864 -0.026812345 0.032864925 0.999100089 -2.918848753
0.997967124 0.059929650 0.021682151 -1.716797948 -0.059392612 0.997931063 -0.024618680 0.224751621 -0.023112681 0.023280872 0.999461770 -2.909820557
0.997995257 0.057442456 0.026566412 -1.715099335 -0.057156980 0.998300314 -0.011383867 0.255586326 -0.027175173 0.009842589 0.999582231 -2.901777744
0.998039901 0.054277480 0.031150661 -1.714292288 -0.054446377 0.998506129 0.004599003 0.284165055 -0.030854505 -0.006286029 0.999504149 -2.893040657
0.997865915 0.054873142 0.035390697 -1.713241935 -0.055661667 0.998214006 0.021693414 0.310205191 -0.034137107 -0.023617024 0.999138057 -2.886735201
0.997735262 0.056926213 0.035830025 -1.713609457 -0.058314450 0.997537255 0.038971867 0.329939574 -0.033523265 -0.040973011 0.998597741 -2.879918337
0.997963250 0.054886445 0.032508079 -1.714454412 -0.056557789 0.996994555 0.052944038 0.347284377 -0.029504467 -0.054674793 0.998068213 -2.884077549
0.997933865 0.056851167 0.029932959 -1.715555549 -0.058706496 0.996139765 0.065262333 0.353581578 -0.026107172 -0.066884756 0.997419119 -2.876006603
0.997967362 0.057105429 0.028285293 -1.716101170 -0.059011795 0.995663762 0.071911521 0.353760600 -0.024056105 -0.073434524 0.997009873 -2.884474516
0.998030365 0.057345096 0.025435710 -1.718793869 -0.059102964 0.995445371 0.074801937 0.343711466 -0.021030335 -0.076157928 0.996873975 -2.879398584
0.998187661 0.055658124 0.022882514 -1.719433188 -0.057122044 0.995960832 0.069275826 0.326189876 -0.018934324 -0.070457369 0.997335076 -2.894336224
0.998149455 0.056808338 0.021689851 -1.724490523 -0.057969838 0.996671259 0.057322774 0.302445054 -0.018361241 -0.058474053 0.998120070 -2.892123222
0.998406231 0.052677725 0.020248575 -1.724301577 -0.053459812 0.997758567 0.040247675 0.276699811 -0.018083034 -0.041266013 0.998984516 -2.911420107
0.998005271 0.058685053 0.023270426 -1.729529500 -0.059334595 0.997837484 0.028280247 0.245987087 -0.021560477 -0.029604577 0.999329150 -2.907936573
0.998065770 0.056586370 0.025743769 -1.726924419 -0.057038538 0.998224139 0.017182043 0.216186345 -0.024725782 -0.018617196 0.999520898 -2.931677341
0.997486651 0.063456506 0.031523045 -1.732102275 -0.063840345 0.997895896 0.011321925 0.184594989 -0.030738268 -0.013305910 0.999438882 -2.926812649
0.997385681 0.062350541 0.036526415 -1.728253603 -0.062595181 0.998023331 0.005591701 0.152795762 -0.036105569 -0.007863460 0.999317050 -2.954620123
0.997288048 0.062468961 0.038912691 -1.733895540 -0.062570199 0.998039603 0.001388192 0.120950781 -0.038749687 -0.003819202 0.999241650 -2.946802855
0.997475982 0.056937218 0.042424005 -1.727764964 -0.056725875 0.998370707 -0.006169852 0.089110836 -0.042706180 0.003747740 0.999080658 -2.975756884
0.997346580 0.053883802 0.048952378 -1.734019160 -0.053195562 0.998467565 -0.015255967 0.057268824 -0.049699411 0.012611438 0.998684585 -2.963611603
0.997290313 0.046429176 0.057064418 -1.725081921 -0.044806611 0.998563170 -0.029392470 0.025401458 -0.058347095 0.026755963 0.997937739 -2.994358540
0.997023284 0.044295415 0.063107014 -1.732507229 -0.041473225 0.998109877 -0.045350298 -0.003493254 -0.064996541 0.042598054 0.996975839 -2.981074810
0.996863544 0.044128876 0.065693915 -1.729979634 -0.040045712 0.997258484 -0.062224690 -0.029922884 -0.068259716 0.059398767 0.995897770 -2.992837191
0.996665895 0.043665797 0.068922892 -1.731647491 -0.038159370 0.996121645 -0.079281338 -0.048895732 -0.072117463 0.076386951 0.994466722 -2.996215105
0.996600032 0.046452027 0.068048120 -1.728944898 -0.040259320 0.995154083 -0.089708306 -0.061943941 -0.071885496 0.086663730 0.993640721 -3.005739689
0.996375084 0.048503812 0.069885753 -1.730116725 -0.041773688 0.994625390 -0.094738305 -0.066975243 -0.074105315 0.091475502 0.993046165 -3.003619432
0.995876729 0.053011131 0.073616557 -1.727983236 -0.045903992 0.994409919 -0.095088333 -0.063960902 -0.078245766 0.091316968 0.992743075 -3.004181147
0.995535612 0.057813272 0.074609138 -1.726487041 -0.050805345 0.994403422 -0.092631884 -0.053697214 -0.079546936 0.088427790 0.992901206 -2.999035597
0.995567024 0.059225079 0.073066205 -1.724616766 -0.052654948 0.994658053 -0.088784896 -0.036466368 -0.077934191 0.084544025 0.993367314 -2.994331598
0.995700657 0.058946636 0.071452968 -1.723655224 -0.052832719 0.995010912 -0.084628671 -0.014982313 -0.076085053 0.080489770 0.993847311 -2.984549999
0.995741427 0.060028799 0.069968656 -1.720279932 -0.054396838 0.995326042 -0.079793461 0.011123534 -0.074431539 0.075647585 0.994352758 -2.976101875
0.996147931 0.058118436 0.065662794 -1.718157768 -0.053161230 0.995774984 -0.074873984 0.039605089 -0.069736920 0.071094841 0.995028794 -2.964489698
0.996206403 0.061783541 0.061282683 -1.714038253 -0.057578031 0.996011019 -0.068167441 0.071662530 -0.065249853 0.064380310 0.995789945 -2.955515385
0.996309400 0.062764324 0.058550920 -1.711962223 -0.059140686 0.996341407 -0.061694589 0.103693537 -0.062208924 0.058004159 0.996376216 -2.943774939
0.996093214 0.066340737 0.058285818 -1.707463980 -0.063271321 0.996587098 -0.053017892 0.137343213 -0.061604142 0.049122944 0.996891081 -2.934461594
0.995524466 0.069337524 0.064213306 -1.706563354 -0.066712059 0.996880829 -0.042168275 0.167167559 -0.066936851 0.037695751 0.997044861 -2.920846462
0.996095061 0.065685987 0.058991287 -1.703496456 -0.064298630 0.997614563 -0.025118098 0.200777873 -0.060500469 0.021226954 0.997942448 -2.912397146
0.996733546 0.057685100 0.056521088 -1.702646971 -0.057574145 0.998334765 -0.003590792 0.232126012 -0.056634106 0.000324909 0.998394966 -2.902412415
0.997357309 0.049687807 0.053005137 -1.700006962 -0.050799768 0.998511732 0.019840723 0.261539280 -0.051940411 -0.022480937 0.998397112 -2.896203995
0.997633874 0.043853559 0.052948408 -1.699783683 -0.046016991 0.998125196 0.040355675 0.287960589 -0.051079400 -0.042696714 0.997781456 -2.887948751
0.997805774 0.041175906 0.051847279 -1.675456166 -0.044094715 0.997430027 0.056471124 0.315173090 -0.049388781 -0.058633409 0.997057080 -2.931575775
0.997262716 0.048938811 0.055426385 -1.698019147 -0.052545674 0.996461272 0.065604411 0.333296925 -0.052019645 -0.068337254 0.996305168 -2.875114441
0.997060537 0.055382650 0.052944332 -1.695883632 -0.059116792 0.995667040 0.071779974 0.350514084 -0.048739560 -0.074698873 0.996014297 -2.874054909
0.997107804 0.059091002 0.047794513 -1.698707461 -0.062557958 0.995247185 0.074629396 0.363198996 -0.043157429 -0.077403486 0.996065319 -2.866606236
0.997302234 0.061323006 0.040345702 -1.698428035 -0.064222448 0.995113432 0.074997880 0.368677467 -0.035549458 -0.077386655 0.996367157 -2.869229317
0.997541368 0.061105020 0.034312800 -1.701571584 -0.063545264 0.995140254 0.075218722 0.365630180 -0.029549807 -0.077214196 0.996576548 -2.868817806
0.997740567 0.060968868 0.028223125 -1.672749758 -0.062962711 0.995104015 0.076181658 0.360765159 -0.023440236 -0.077786542 0.996694446 -2.929808378
0.997563541 0.063476659 0.028942879 -1.704481840 -0.065498970 0.995006680 0.075309895 0.338804722 -0.024017937 -0.077022128 0.996740043 -2.876484632
0.997587979 0.063322179 0.028435184 -1.704333782 -0.065236218 0.995241761 0.072374858 0.317347169 -0.023716947 -0.074055292 0.996972084 -2.884485722
0.997562766 0.063703589 0.028466213 -1.707275867 -0.065517642 0.995522320 0.068137400 0.291767418 -0.023998156 -0.069836371 0.997269750 -2.891021252
0.997303724 0.066646531 0.030715814 -1.706620932 -0.068513289 0.995571434 0.064369887 0.263161093 -0.026289755 -0.066300765 0.997453272 -2.900145054
0.996584833 0.073254317 0.038111188 -1.707714558 -0.075458512 0.995340288 0.060030714 0.230565235 -0.033536091 -0.062701516 0.997468710 -2.908773899
0.995938838 0.078191847 0.044630729 -1.706176400 -0.080510765 0.995355964 0.052768074 0.196883783 -0.040297434 -0.056147024 0.997608960 -2.918202400
0.995630920 0.080383815 0.047513835 -1.709105968 -0.082418092 0.995690048 0.042527214 0.161532283 -0.043890551 -0.046257406 0.997964859 -2.925577402
0.995624244 0.078779384 0.050260939 -1.708353996 -0.080290824 0.996355474 0.028794177 0.125477567 -0.047809377 -0.032703672 0.998320937 -2.935832739
0.995572448 0.076563254 0.054530755 -1.716769218 -0.077245563 0.996956646 0.010513507 0.090636544 -0.053559855 -0.014679216 0.998456717 -2.936893463
0.995377839 0.074160784 0.061017267 -1.715894341 -0.073653206 0.997228324 -0.010529313 0.055500481 -0.061629012 0.005986528 0.998081148 -2.947392225
0.995047867 0.074161388 0.066180296 -1.719666481 -0.072116606 0.996857643 -0.032772187 0.022224966 -0.068402760 0.027837196 0.997269332 -2.955182552
0.994646847 0.073256113 0.072877564 -1.718651772 -0.069477640 0.996169329 -0.053099688 -0.007810251 -0.076488264 0.047752079 0.995926321 -2.965959311
0.994428456 0.073417678 0.075643368 -1.722821236 -0.068163261 0.995225966 -0.069850057 -0.035085488 -0.080410473 0.064304784 0.994685411 -2.974133015
0.994660616 0.068893462 0.076837033 -1.722137928 -0.062453855 0.994567454 -0.083277561 -0.057702988 -0.082156882 0.078034140 0.993559718 -2.984487534
0.994977236 0.066003516 0.075258300 -1.726012707 -0.058938209 0.993964851 -0.092521332 -0.074785799 -0.080910832 0.087621026 0.992862523 -2.991319180
0.995246291 0.059750166 0.076907292 -1.724675417 -0.052157875 0.993897021 -0.097202472 -0.085319176 -0.082245797 0.092729084 0.992288768 -2.997595549
0.995082200 0.057473902 0.080673471 -1.728002667 -0.049608160 0.994112372 -0.096330553 -0.090317510 -0.085734993 0.091854751 0.992074728 -3.003125906
0.994926929 0.054902639 0.084297419 -1.724793673 -0.047001269 0.994554818 -0.093014173 -0.086758934 -0.088945121 0.088580228 0.992089868 -3.003317356
0.994929135 0.053833716 0.084958516 -1.725766182 -0.046290517 0.995009959 -0.088387839 -0.076825269 -0.089292817 0.084006868 0.992456377 -2.999253988
0.994556606 0.052381709 0.090074226 -1.721005559 -0.044932708 0.995550513 -0.082826354 -0.061416060 -0.094012037 0.078328215 0.992484987 -2.994655848
0.994016230 0.053168442 0.095419571 -1.717980981 -0.045897897 0.995986640 -0.076837547 -0.041535385 -0.099121943 0.071998216 0.992467165 -2.988042355
0.993022263 0.059428021 0.101858005 -1.710919023 -0.052360997 0.996122003 -0.070705548 -0.018575080 -0.105664894 0.064878792 0.992283046 -2.980318069
0.992792308 0.064766616 0.100840241 -1.669645905 -0.058352396 0.996157408 -0.065310538 0.012831837 -0.104682699 0.058955528 0.992756665 -3.012026548
0.991899431 0.073639676 0.103502475 -1.661926031 -0.067727298 0.995926559 -0.059525602 0.038974933 -0.107464306 0.052033469 0.992846370 -3.003959656
0.991847515 0.078306831 0.100531392 -1.623338819 -0.073318608 0.995931268 -0.052394975 0.072416276 -0.104225241 0.044597004 0.993553340 -3.024113178
0.992166102 0.081656903 0.094544105 -1.616592169 -0.077885732 0.996038020 -0.042919550 0.098582037 -0.097674198 0.035219688 0.994595051 -3.018150330
0.992905557 0.085837036 0.082283303 -1.559180021 -0.083461687 0.996000528 -0.031891726 0.133998767 -0.084691703 0.024797969 0.996098578 -3.052552938
0.993648052 0.087261960 0.071055338 -1.553105712 -0.086066857 0.996094227 -0.019716710 0.158528164 -0.072498336 0.013475962 0.997277498 -3.050821304
0.994214237 0.092404336 0.054767083 -1.479412675 -0.092324898 0.995720983 -0.003984234 0.187046304 -0.054900896 -0.001095183 0.998491228 -3.112469673
0.995159268 0.088472374 0.042786546 -1.415628195 -0.088997714 0.995976150 0.010529518 0.208898619 -0.041682810 -0.014286451 0.999028742 -3.175979376
0.996039331 0.083433427 0.030733198 -1.397622943 -0.084244110 0.996103287 0.026100224 0.227619559 -0.028435808 -0.028585939 0.999186814 -3.175947189
0.996695817 0.077794649 0.023355594 -1.335700631 -0.078734212 0.995991826 0.042440280 0.242339745 -0.019960353 -0.044138931 0.998825967 -3.242868900
0.997413754 0.070293486 0.014989523 -1.316553354 -0.071061328 0.995724678 0.059013627 0.252930969 -0.010777166 -0.059926175 0.998144627 -3.243772268
0.998646200 0.035533454 -0.037988812 -1.872788548 -0.028000271 0.982693613 0.183110058 0.464500338 0.043837897 -0.181798458 0.982358158 -3.650401115
0.999124348 0.034645405 -0.023458015 -1.872479796 -0.029042859 0.977862716 0.207222283 0.464399189 0.030118018 -0.206359535 0.978012621 -3.653063297
0.999471724 0.030827813 -0.010290194 -1.873302341 -0.027666152 0.973187387 0.228343770 0.463514894 0.017053625 -0.227938458 0.973526180 -3.655770779
0.999664128 0.025914583 0.000298375 -1.875114918 -0.025188845 0.968831062 0.246438384 0.462280780 0.006097272 -0.246363133 0.969158411 -3.658885479
0.999759734 0.021233441 0.005436983 -1.877568364 -0.021915706 0.964442313 0.263383240 0.460490227 0.000348877 -0.263439149 0.964675963 -3.663031340
0.999819100 0.017897520 0.006440346 -1.878948689 -0.018987909 0.959095776 0.282444268 0.459471911 -0.001121857 -0.282515436 0.959262073 -3.667795420
0.999867380 0.013705984 0.008798989 -1.880659103 -0.015720122 0.953426719 0.301214904 0.459219456 -0.004260745 -0.301313251 0.953515708 -3.672672510
0.999900460 0.009569712 0.010366896 -1.881295323 -0.012396112 0.946778476 0.321647018 0.459502339 -0.006737085 -0.321743518 0.946802914 -3.677957296
0.999929428 0.004256777 0.011090523 -1.881272674 -0.007782219 0.940095723 0.340821803 0.459931612 -0.008975351 -0.340884089 0.940062523 -3.683890343
0.999926805 0.004539058 0.011213829 -1.880306244 -0.008272929 0.932883501 0.360083193 0.460911334 -0.008826758 -0.360149592 0.932852805 -3.689758062
0.999907374 0.006509133 0.011955293 -1.878589749 -0.010519298 0.926906526 0.375144780 0.461540222 -0.008639572 -0.375235796 0.926889122 -3.695848465
0.999923468 0.008371541 0.009106586 -1.875633597 -0.011249835 0.921554267 0.388086557 0.460715950 -0.005143330 -0.388159335 0.921577930 -3.700454235
0.999921620 0.010235149 0.007208532 -1.872602940 -0.012249285 0.918759465 0.394627690 0.459674031 -0.002583833 -0.394685090 0.918812871 -3.704345226
0.999931395 0.008972937 0.007526879 -1.868795276 -0.011222882 0.917865098 0.396733820 0.456857800 -0.003348792 -0.396791101 0.917902827 -3.705918312
0.999950111 0.008722723 0.004870846 -1.863644958 -0.009933064 0.920255959 0.391190857 0.455034733 -0.001070176 -0.391219705 0.920296669 -3.706505060
0.999967158 0.008076452 0.000647518 -1.860184789 -0.007705400 0.923224926 0.384182781 0.453142345 0.002505029 -0.384175152 0.923256814 -3.706093073
0.999965191 0.007162332 -0.004280789 -1.855087161 -0.005024296 0.926438749 0.376412064 0.451047748 0.006661876 -0.376377434 0.926442504 -3.704257727
0.999938369 0.008716273 -0.006875352 -1.851295471 -0.005550938 0.928896785 0.370297074 0.449562848 0.009614103 -0.370236099 0.928887963 -3.701831579
0.999869406 0.013342207 -0.009121129 -1.849867225 -0.009109039 0.931398451 0.363887280 0.450011790 0.013350464 -0.363756686 0.931398332 -3.699982882
0.999780118 0.016037792 -0.013510177 -1.848742127 -0.010095068 0.932797611 0.360259205 0.449190766 0.018380022 -0.360043615 0.932754397 -3.697533369
0.999598563 0.022453273 -0.017279278 -1.848023534 -0.014794698 0.933785975 0.357526094 0.448902667 0.024162777 -0.357126921 0.933743298 -3.695252180
0.999481440 0.025391832 -0.019801518 -1.847314954 -0.016565356 0.932801068 0.360010803 0.447339535 0.027612211 -0.359496117 0.932737947 -3.692124128
0.999330282 0.029827911 -0.021196732 -1.845981121 -0.020095687 0.931451082 0.363311291 0.447129667 0.030580534 -0.362641990 0.931426644 -3.690436602
0.999225438 0.033137958 -0.021221578 -1.843747020 -0.023023998 0.929686189 0.367632329 0.447136283 0.031911992 -0.366858959 0.929729044 -3.688494682
0.999153614 0.034252077 -0.022777418 -1.839586854 -0.023380972 0.928492785 0.370613694 0.445658565 0.033842959 -0.369767487 0.928507745 -3.684973955
0.997511089 -0.043821905 0.055238344 -2.076415777 0.019294266 0.923156321 0.383940309 0.299159795 -0.067818619 -0.381918937 0.921704173 -3.650003433
0.997695327 -0.044140566 0.051533487 -2.088368177 0.020920318 0.922589362 0.385215789 0.299005926 -0.064547889 -0.383249909 0.921386480 -3.653607845
0.998068154 -0.040748715 0.046898395 -2.101382017 0.019421175 0.921665847 0.387498230 0.300385892 -0.059014700 -0.385838836 0.920676708 -3.657016039
0.998327374 -0.039074093 0.042611033 -2.115626812 0.019375993 0.920538306 0.390171587 0.301649004 -0.054470688 -0.388693333 0.919755638 -3.660067320
0.998547077 -0.037743017 0.038460761 -2.132224560 0.019714575 0.920130670 0.391114861 0.303014517 -0.050150782 -0.389788359 0.919537902 -3.663599968
0.998783767 -0.037361026 0.032173250 -2.149791718 0.021799609 0.919917822 0.391504765 0.303593963 -0.044223767 -0.390327215 0.919613481 -3.666465044
0.999037206 -0.033570997 0.028242374 -2.169456005 0.019931899 0.920816541 0.389486402 0.304837644 -0.039081492 -0.388548464 0.920599103 -3.670433998
0.999271989 -0.030566767 0.022829279 -2.189827442 0.019363422 0.921940804 0.386846423 0.304548442 -0.032871887 -0.386122763 0.921861529 -3.674618006
0.999497950 -0.026648045 0.017138164 -2.210828781 0.018109478 0.924348354 0.381119609 0.304848969 -0.025997728 -0.380617917 0.924366891 -3.679186821
0.999682486 -0.022652438 0.011038390 -2.232086897 0.016825648 0.926145852 0.376790017 0.303739339 -0.018758371 -0.376484662 0.926232934 -3.683514595
0.999793768 -0.018770454 0.007753518 -2.254745245 0.014550669 0.928400993 0.371294916 0.303268135 -0.014167747 -0.371105492 0.928482652 -3.688230753
0.999866545 -0.015913963 0.003700842 -2.277665377 0.013420649 0.929138482 0.369488299 0.302122891 -0.009318616 -0.369389296 0.929228008 -3.692415953
0.999908090 -0.013555222 0.000302373 -2.301474094 0.012486487 0.929305673 0.369100422 0.302011758 -0.005284234 -0.369062692 0.929389477 -3.697048187
0.999956429 -0.008119345 -0.004599696 -2.325136900 0.009247670 0.928212702 0.371935099 0.302227765 0.001249628 -0.371961445 0.928247333 -3.701196671
0.999947965 -0.005012534 -0.008885510 -2.349378109 0.007983364 0.926735818 0.375628859 0.303762943 0.006351668 -0.375680238 0.926727593 -3.705407619
0.999926567 0.000283567 -0.012114098 -2.373134851 0.004327323 0.925447762 0.378850460 0.305770636 0.011318395 -0.378875077 0.925378621 -3.708688498
0.999889612 0.004724795 -0.014088108 -2.396646976 0.000980333 0.925059915 0.379819959 0.306958854 0.014826915 -0.379791826 0.924953163 -3.712311268
0.999857247 0.006750643 -0.015487285 -2.421016932 -0.000386804 0.925607562 0.378484547 0.308697969 0.016890163 -0.378424525 0.925478041 -3.715395451
0.999776125 0.007532291 -0.019773163 -2.444332123 0.000450840 0.926697791 0.375807226 0.310878754 0.021154433 -0.375732005 0.926486909 -3.719058514
0.999717295 0.009812366 -0.021657737 -2.467833996 -0.001002822 0.927463830 0.373911500 0.312641740 0.023755724 -0.373784065 0.927211523 -3.722943783
0.999623179 0.012594114 -0.024391375 -2.491056919 -0.002648231 0.928645015 0.370960206 0.315226465 0.027322844 -0.370755821 0.928328395 -3.725574493
0.999535322 0.014377169 -0.026877915 -2.514020205 -0.003437041 0.929312408 0.369278550 0.317922652 0.030287160 -0.369014561 0.928929985 -3.728813887
0.999306202 0.016401067 -0.033438411 -2.536496639 -0.002844298 0.928802967 0.370563000 0.320516050 0.037135322 -0.370210797 0.928205252 -3.732125521
0.998984993 0.019634660 -0.040539339 -2.558289766 -0.003034721 0.927288055 0.374336332 0.324001014 0.044941612 -0.373833328 0.926406443 -3.735679865
0.998580813 0.023607567 -0.047739625 -2.577093363 -0.003664480 0.924720287 0.380629689 0.327576399 0.053131543 -0.379914552 0.923494458 -3.737945318
0.998102248 0.027088977 -0.055299588 -2.595484018 -0.003613451 0.922258437 0.386557043 0.331420273 0.061471947 -0.385623634 0.920606136 -3.740767002
0.997501552 0.028295912 -0.064729974 -2.611411095 -0.000795540 0.920720339 0.390222251 0.334669471 0.070639893 -0.389195800 0.918442488 -3.742658377
0.996850073 0.029769685 -0.073509999 -2.626417160 0.001226558 0.920980453 0.389606863 0.337092400 0.079299740 -0.388469785 0.918042898 -3.744591236
0.996316552 0.031495117 -0.079757959 -2.638550043 0.001619909 0.923029840 0.384724945 0.338632882 0.085735932 -0.383437067 0.919578910 -3.746565342
0.995787978 0.032760289 -0.085633360 -2.648728132 0.002080691 0.925670803 0.378324181 0.339019865 0.091662310 -0.376908869 0.921703696 -3.748049259
0.995262146 0.032718755 -0.091557309 -2.655691862 0.003692052 0.928280413 0.371862620 0.339059174 0.097157747 -0.370438844 0.923761606 -3.749683619
0.995005667 0.033844549 -0.093905576 -2.659508705 0.003092616 0.929860175 0.367900133 0.338483602 0.099770464 -0.366353154 0.925111473 -3.750723839
0.994958580 0.035618573 -0.093748301 -2.659935236 0.001236441 0.930374861 0.366607517 0.338034093 0.100279108 -0.364875227 0.925640404 -3.752086639
0.995086670 0.038014978 -0.091418475 -2.657252312 -0.001668015 0.929655313 0.368426710 0.337402433 0.098993406 -0.366464049 0.925151050 -3.753189802
0.995514810 0.038012281 -0.086633198 -2.651583672 -0.003226463 0.928837657 0.370472908 0.336489022 0.094550692 -0.368531764 0.924794316 -3.753909111
0.997053027 -0.064687200 0.041241065 -2.322035074 0.043871865 0.921793580 0.385190636 0.253464311 -0.062932655 -0.382246166 0.921915054 -3.564958096
0.996800303 -0.065449700 0.045886084 -2.311227322 0.042935301 0.922628284 0.383293122 0.256441832 -0.067422219 -0.380096585 0.922486246 -3.560962915
0.995925665 -0.068842292 0.058247630 -2.302431107 0.041904677 0.925245702 0.377046973 0.259357393 -0.079850145 -0.373069912 0.924360752 -3.555713654
0.994545579 -0.073372245 0.074132383 -2.294099092 0.041291203 0.929638624 0.366151690 0.261617869 -0.095781699 -0.361093521 0.927597642 -3.549957991
0.993165851 -0.076127425 0.088465691 -2.287737608 0.040707022 0.936333716 0.348743707 0.263441324 -0.109382361 -0.342759162 0.933033586 -3.544105768
0.992061675 -0.074752681 0.101122223 -2.283342123 0.037491694 0.943387151 0.329567969 0.264423281 -0.120033495 -0.323160529 0.938700795 -3.538742781
0.990826130 -0.073893517 0.113152049 -2.279214144 0.035540719 0.950280190 0.309361368 0.264815032 -0.130385950 -0.302501827 0.944188595 -3.534399033
0.989321053 -0.072984174 0.126163334 -2.275802374 0.033776660 0.956836522 0.288657278 0.264103800 -0.141785085 -0.281313330 0.949083686 -3.530218363
0.987763286 -0.074404746 0.137068063 -2.272933483 0.034670215 0.961628616 0.272155106 0.262137890 -0.152058214 -0.264072657 0.952441037 -3.526225567
0.986159325 -0.077768087 0.146430716 -2.269150972 0.037069093 0.964233637 0.262448847 0.260098219 -0.161603555 -0.253388345 0.953770757 -3.522023439
0.984359443 -0.085705698 0.153918818 -2.266203880 0.043019325 0.964175403 0.261753917 0.258571595 -0.170838550 -0.251038432 0.952782154 -3.518277645
0.982504249 -0.093799971 0.160894275 -2.261247158 0.047692128 0.961818933 0.269499153 0.256583452 -0.180030167 -0.257110685 0.949464738 -3.512744427
0.979963660 -0.104161456 0.169769332 -2.255378008 0.053933755 0.959284842 0.277243197 0.254584491 -0.191735193 -0.262531936 0.945682049 -3.506284475
0.977367401 -0.114362568 0.177972257 -2.248266220 0.059872489 0.956422091 0.285783142 0.251960933 -0.202899486 -0.268659502 0.941622972 -3.497739553
0.974822998 -0.123305604 0.185784265 -2.241065502 0.064621210 0.953657448 0.293873459 0.250217676 -0.213410780 -0.274468988 0.937615395 -3.487912178
0.972765863 -0.130205795 0.191762850 -2.234230042 0.067220494 0.950231016 0.304207921 0.247610569 -0.221828625 -0.283032715 0.933104813 -3.477334499
0.971866906 -0.134630263 0.193260089 -2.227370501 0.068853542 0.947084069 0.313513845 0.244457603 -0.225242004 -0.291387111 0.929709435 -3.466782093
0.971822202 -0.137784436 0.191251233 -2.221639395 0.070500001 0.944129050 0.321947366 0.240686148 -0.224925175 -0.299392372 0.927239418 -3.454894543
0.972025037 -0.142246783 0.186904311 -2.218731165 0.074687824 0.941641510 0.328227073 0.237319887 -0.222686112 -0.305085450 0.925923228 -3.441298962
0.973657489 -0.142429590 0.178058758 -2.217468739 0.076561183 0.939783573 0.333084494 0.232772782 -0.214777783 -0.310677797 0.925931871 -3.427280426
0.975856066 -0.139862701 0.167759806 -2.218761683 0.077369422 0.939632833 0.333322853 0.227390081 -0.204252064 -0.312295645 0.927767515 -3.412606716
0.978930771 -0.132794023 0.155113667 -2.222157001 0.075834274 0.941751897 0.327647030 0.221441135 -0.189588159 -0.308980823 0.931980252 -3.397896767
0.982138038 -0.123318948 0.142117396 -2.228370190 0.072675310 0.945295632 0.318016559 0.215695918 -0.173560426 -0.302007705 0.937372983 -3.382031918
0.985671282 -0.110702962 0.127267197 -2.236626625 0.066960871 0.949304283 0.307144344 0.211029857 -0.154817089 -0.294221461 0.943114758 -3.367582083
0.988758743 -0.097441107 0.113408215 -2.247252226 0.059621021 0.952515244 0.298596829 0.205267072 -0.137118652 -0.288478702 0.947617292 -3.352248669
0.991679370 -0.084690839 0.096950710 -2.260207415 0.052896142 0.954679608 0.292897344 0.201533169 -0.117362589 -0.285331964 0.951215923 -3.338392019
0.994495273 -0.072200663 0.075935408 -2.276138306 0.047198687 0.955695271 0.290549129 0.197594970 -0.093548954 -0.285365671 0.953842223 -3.326029778
0.996817827 -0.061308950 0.050945487 -2.295307159 0.043955624 0.955918789 0.290322572 0.194494337 -0.066499121 -0.287159353 0.955571771 -3.316167831
0.998445034 -0.051271051 0.021881627 -2.317551851 0.042634428 0.955221117 0.292805314 0.192993566 -0.035914227 -0.291417122 0.955921650 -3.308767080
0.999185741 -0.039889317 -0.006060286 -2.342455864 0.039887059 0.953971028 0.297234356 0.193076700 -0.006075136 -0.297234058 0.954785347 -3.304507494
0.999037206 -0.028692173 -0.033188410 -2.370009422 0.037388802 0.952594578 0.301936567 0.194122121 0.022951884 -0.302886724 0.952750146 -3.302383661
0.997982204 -0.016747802 -0.061245345 -2.399480104 0.034801204 0.951071382 0.307005018 0.196184039 0.053107038 -0.308516949 0.949735165 -3.305661917
0.996158719 -0.004112544 -0.087469280 -2.429944277 0.031295381 0.949644268 0.311763346 0.198906988 0.081782565 -0.313303173 0.946125150 -3.311930180
0.993721366 0.010645191 -0.111375846 -2.461110830 0.025149576 0.948735297 0.315069556 0.202431768 0.109020166 -0.315892398 0.942510784 -3.321828127
0.990410149 0.019461224 -0.136781007 -2.492215157 0.025137408 0.948120832 0.316914856 0.206547126 0.135852486 -0.317314029 0.938539267 -3.335299015
0.986940622 0.023296222 -0.159390971 -2.523042917 0.028916188 0.947792232 0.317574710 0.210523218 0.158467814 -0.318036348 0.934741020 -3.351258039
0.982900381 0.024436105 -0.182509482 -2.551649332 0.035478961 0.947451830 0.317924976 0.215131938 0.180687785 -0.318963826 0.930383801 -3.370682955
0.979820192 0.027182903 -0.198023915 -2.577636480 0.038702276 0.946159601 0.321378529 0.220588595 0.196098238 -0.322557151 0.926014245 -3.390612602
0.978062510 0.031785421 -0.205872461 -2.599428892 0.037695050 0.944969475 0.324979693 0.228030309 0.204872802 -0.325610846 0.923041046 -3.412247181
0.976997912 0.034319337 -0.210469112 -2.617109537 0.037701216 0.943619967 0.328876853 0.235871285 0.209889695 -0.329246938 0.920620859 -3.433761597
0.977162659 0.037646316 -0.209131241 -2.628607750 0.034793727 0.942551315 0.332244545 0.244526461 0.209624708 -0.331933409 0.919716120 -3.456954002
0.978653550 0.036065206 -0.202327654 -2.636283875 0.034652114 0.941430211 0.335422784 0.254381180 0.202574447 -0.335273772 0.920084298 -3.478353024
0.980288327 0.031090349 -0.195110694 -2.639780045 0.037811622 0.939764559 0.339724630 0.263277471 0.193920270 -0.340405554 0.920064688 -3.501241684
0.982567132 0.022277150 -0.184568703 -2.639017344 0.043791045 0.937125266 0.346234947 0.273557961 0.180677116 -0.348281533 0.919812918 -3.521111012
0.984903753 0.009424215 -0.172845989 -2.634169340 0.053183027 0.933748424 0.353956819 0.283253789 0.164730430 -0.357805908 0.919151187 -3.542191982
0.987904370 -0.003809933 -0.155017719 -2.625330925 0.060475569 0.930002213 0.362544566 0.293174863 0.142785564 -0.367534131 0.918983638 -3.560284615
0.991101265 -0.021585798 -0.131348103 -2.612436295 0.069080420 0.926886976 0.368928820 0.302175522 0.113781229 -0.374719411 0.920130014 -3.579509020
0.993892252 -0.040943906 -0.102478288 -2.595900536 0.076423250 0.925276995 0.371513098 0.310363948 0.079609610 -0.377075702 0.922754705 -3.594898224
0.995569587 -0.063189499 -0.069629498 -2.575558186 0.084560148 0.925524235 0.369126588 0.316365689 0.041118864 -0.373379081 0.926767111 -3.610287189
0.995709240 -0.086020201 -0.034111299 -2.553375006 0.092535645 0.927401960 0.362439990 0.321162522 0.000457726 -0.364041388 0.931382656 -3.622217178
0.994229853 -0.107202403 0.003822787 -2.528862953 0.098923795 0.930068374 0.353817642 0.325008571 -0.041485548 -0.351397932 0.935306609 -3.633586884
0.991160750 -0.125768617 0.042220984 -2.502488852 0.103606470 0.932581365 0.345771164 0.326976180 -0.082861662 -0.338340431 0.937368512 -3.641387701
0.986353755 -0.143547401 0.080624871 -2.475153685 0.108148508 0.934145510 0.340111822 0.328323066 -0.124137528 -0.326751143 0.936922431 -3.647853613
0.980299592 -0.161155075 0.114200376 -2.446845055 0.114140503 0.934074640 0.338343829 0.328182667 -0.161197484 -0.318643421 0.934067309 -3.650040150
0.973386765 -0.177888706 0.144477963 -2.418303728 0.119905457 0.932595313 0.340424240 0.327753067 -0.195297092 -0.314040720 0.929105759 -3.649573803
0.966851890 -0.190116450 0.170449957 -2.388746738 0.122341409 0.930856287 0.344295114 0.326231599 -0.224120572 -0.312029272 0.923259258 -3.644277811
0.960910141 -0.198667109 0.192829102 -2.360139847 0.122263223 0.929389536 0.348262608 0.324401081 -0.248401672 -0.311073184 0.917349517 -3.638427496
0.956224144 -0.202518016 0.211238757 -2.330216885 0.119205266 0.928811610 0.350854874 0.320752144 -0.267255425 -0.310315132 0.912293315 -3.625766039
0.952243686 -0.203377634 0.227748647 -2.301562786 0.114472330 0.929272473 0.351210356 0.317056596 -0.283068895 -0.308366954 0.908174992 -3.610781193
0.949540436 -0.200713456 0.241012573 -2.272600174 0.108772725 0.931469560 0.347178549 0.310943633 -0.294179261 -0.303444475 0.906300187 -3.591850281
0.948218167 -0.194202378 0.251332015 -2.246144533 0.101670101 0.935247302 0.339080632 0.305366337 -0.300907880 -0.295969486 0.906563044 -3.571000099
0.948143661 -0.186810762 0.257148594 -2.221231222 0.096081644 0.939652264 0.328362584 0.297802687 -0.302971929 -0.286627650 0.908874393 -3.548408508
0.947781980 -0.185293600 0.259568185 -2.202204466 0.097597495 0.943369687 0.317062110 0.290433526 -0.303618342 -0.275172561 0.912192941 -3.525756836
0.948301792 -0.184024394 0.258570522 -2.186606646 0.099589258 0.946122706 0.308113247 0.282023042 -0.301339775 -0.266433507 0.915536761 -3.501995802
0.948793232 -0.184927583 0.256111592 -2.178501368 0.103513695 0.947982669 0.301021248 0.274622709 -0.298456460 -0.259095877 0.918582082 -3.479507208
0.950949848 -0.181562737 0.250458390 -2.175527573 0.103432432 0.949660599 0.295713514 0.266947627 -0.291541010 -0.255303174 0.921859086 -3.457232475
0.954818904 -0.176123217 0.239377260 -2.181030989 0.102577463 0.951283038 0.290754944 0.261663616 -0.278924227 -0.253063589 0.926369309 -3.436424494
0.960908473 -0.165401280 0.222030118 -2.191826344 0.098251551 0.953459680 0.285063624 0.256467074 -0.258846641 -0.252105236 0.932438374 -3.416695595
0.967384636 -0.152509347 0.202256873 -2.209915161 0.092404738 0.955890298 0.278810233 0.253254086 -0.235856548 -0.251027256 0.938806176 -3.395206928
0.974795878 -0.134276584 0.178165108 -2.233771563 0.082376406 0.958792984 0.271900982 0.249672383 -0.207333386 -0.250371367 0.945688665 -3.379716158
0.982239723 -0.113426335 0.149464399 -2.264943838 0.070534848 0.961378038 0.266039670 0.248432726 -0.173867702 -0.250772297 0.952304184 -3.367127657
0.989184618 -0.094372869 0.112283424 -2.300319195 0.062277213 0.963323176 0.261017263 0.247207195 -0.132798165 -0.251201570 0.958781719 -3.359649897
0.994531810 -0.073114946 0.074569874 -2.339065313 0.051382419 0.964209735 0.260114372 0.247477233 -0.090919249 -0.254860461 0.962694049 -3.354618073
0.997854769 -0.054692257 0.035980500 -2.378638983 0.043351199 0.963861585 0.262852609 0.249088123 -0.049056225 -0.260728955 0.964164853 -3.353731394
0.999284983 -0.037806023 -0.000439070 -2.417738199 0.036549363 0.962966800 0.267131329 0.251517832 -0.009676362 -0.266956389 0.963660061 -3.354490280
0.999021649 -0.024899798 -0.036548153 -2.455300093 0.033927362 0.961632192 0.272235990 0.254516184 0.028367259 -0.273209631 0.961536169 -3.359460354
0.997487605 -0.011953350 -0.069825083 -2.490156651 0.030887235 0.960423708 0.276825398 0.258531928 0.063752681 -0.278286606 0.958379984 -3.365470886
0.995141149 -0.000089494 -0.098458536 -2.520006418 0.027978461 0.959032118 0.281912446 0.263135970 0.094399668 -0.283297420 0.954374790 -3.375857353
0.992722392 0.011128880 -0.119910099 -2.544747114 0.023768932 0.958025813 0.285694927 0.268370330 0.118056439 -0.286465853 0.950789154 -3.388103485
0.990722954 0.017069668 -0.134820849 -2.562906981 0.022783600 0.957175076 0.288611889 0.273480147 0.133973658 -0.289006114 0.947906375 -3.401695251
0.989190519 0.022314617 -0.144928321 -2.574295044 0.021142842 0.956321061 0.291552722 0.278856009 0.145103887 -0.291465402 0.945511937 -3.416450739
0.988441050 0.023289425 -0.149806276 -2.578298569 0.022284394 0.955078065 0.295515239 0.284367949 0.149959072 -0.295437753 0.943519413 -3.431265116
0.987790585 0.027427791 -0.153354004 -2.576169014 0.020170772 0.953576505 0.300474674 0.290332615 0.154476121 -0.299899310 0.941380620 -3.447052002
0.988054931 0.028183926 -0.151502818 -2.566840649 0.019634206 0.952096760 0.305165946 0.296467394 0.152846128 -0.304495335 0.940170527 -3.462029219
0.989208341 0.028547380 -0.143707648 -2.552966833 0.017527483 0.950733840 0.309512377 0.303367645 0.145463482 -0.308691084 0.939973533 -3.478204250
0.991218090 0.024328357 -0.129980147 -2.533207417 0.017617812 0.949872851 0.312139601 0.309925437 0.131058455 -0.311688393 0.941102564 -3.491588116
0.993760526 0.021887681 -0.109365992 -2.509586573 0.013599085 0.949462056 0.313587099 0.317070961 0.110702552 -0.313117772 0.943240285 -3.505167961
