0.915242970 -0.104070626 0.389229476 -0.479681641 0.115896232 0.993237019 -0.006953277 -0.599565208 -0.385873497 0.051474165 0.921114564 -0.157217503
0.915256381 -0.103589073 0.389326423 -0.479877055 0.115338877 0.993302524 -0.006856332 -0.599939346 -0.386008710 0.051179767 0.921074331 -0.157203794
0.915147185 -0.104155853 0.389431953 -0.479801297 0.116064057 0.993216336 -0.007103665 -0.599853992 -0.386050284 0.051699944 0.921027839 -0.157270029
0.915184736 -0.103563011 0.389501780 -0.479903877 0.115468070 0.993285060 -0.007206699 -0.599721014 -0.386139959 0.051570475 0.920997500 -0.157550812
0.915147305 -0.103730127 0.389545232 -0.479967833 0.115672678 0.993260860 -0.007255783 -0.599226475 -0.386167377 0.051699847 0.920978785 -0.157340065
0.915188670 -0.104099818 0.389349371 -0.479754806 0.116037779 0.993218720 -0.007198103 -0.598838627 -0.385959774 0.051766861 0.921061993 -0.157386154
0.915005803 -0.104038157 0.389795423 -0.479936749 0.115997173 0.993223488 -0.007195933 -0.599164665 -0.386405289 0.051799484 0.920873344 -0.157167628
0.915068030 -0.103996433 0.389660507 -0.479689986 0.115983389 0.993224382 -0.007290699 -0.598977745 -0.386262089 0.051865626 0.920929730 -0.157165974
0.914873958 -0.103961736 0.390125185 -0.480062664 0.115887761 0.993237019 -0.007085023 -0.599645615 -0.386750191 0.051692635 0.920734584 -0.157301992
0.914780021 -0.104233310 0.390272886 -0.480285227 0.116207257 0.993199468 -0.007122228 -0.599056959 -0.386876434 0.051867805 0.920671701 -0.157007992
0.914722621 -0.104365721 0.390372038 -0.480156749 0.116294280 0.993190348 -0.006972818 -0.599463105 -0.386986017 0.051776223 0.920630813 -0.157345399
0.914908409 -0.104463689 0.389910191 -0.479845107 0.116253071 0.993197083 -0.006688418 -0.599550366 -0.386558980 0.051447541 0.920828581 -0.157883361
0.914800525 -0.104344070 0.390195221 -0.480183512 0.116103202 0.993215203 -0.006599659 -0.599841416 -0.386859208 0.051340289 0.920708477 -0.156822950
0.914859414 -0.104247004 0.390083134 -0.480015367 0.115919754 0.993237793 -0.006429940 -0.600601673 -0.386775017 0.051100835 0.920757174 -0.156011894
0.915021956 -0.104193106 0.389716119 -0.479533821 0.115907326 0.993238151 -0.006592428 -0.599716544 -0.386394054 0.051203161 0.920911431 -0.157838166
0.915033340 -0.104194984 0.389688909 -0.479704291 0.115945965 0.993233025 -0.006683584 -0.599588513 -0.386355519 0.051298551 0.920922279 -0.157893866
0.915026844 -0.104180858 0.389707863 -0.480141908 0.115981758 0.993228078 -0.006802704 -0.599655867 -0.386360049 0.051423658 0.920913398 -0.157233477
0.915091038 -0.104009062 0.389602989 -0.480444640 0.115618825 0.993273079 -0.006397171 -0.600102305 -0.386316806 0.050899431 0.920960665 -0.157053590
0.915262341 -0.104540057 0.389058113 -0.479042768 0.116107754 0.993216872 -0.006266698 -0.600631595 -0.385763943 0.050908335 0.921191931 -0.159372613
0.915036857 -0.104114100 0.389702231 -0.480324537 0.115968928 0.993228555 -0.006945683 -0.599102139 -0.386340231 0.051548898 0.920914769 -0.157314599
0.915046334 -0.104121320 0.389678061 -0.480111331 0.115926690 0.993234277 -0.006829800 -0.599588096 -0.386330485 0.051423669 0.920925796 -0.157284468
0.915009081 -0.104379788 0.389696330 -0.480068713 0.116207033 0.993201554 -0.006826648 -0.599643171 -0.386334449 0.051531896 0.920918107 -0.157266691
0.914989054 -0.103905112 0.389870256 -0.480398476 0.115655109 0.993266761 -0.006714208 -0.599739373 -0.386547536 0.051233910 0.920845330 -0.156840324
0.914932549 -0.104311049 0.389894366 -0.480424225 0.116086781 0.993216574 -0.006689282 -0.599603295 -0.386551797 0.051381819 0.920835316 -0.156696662
0.914923131 -0.104234777 0.389936924 -0.479939729 0.116064079 0.993218243 -0.006826287 -0.599625051 -0.386580944 0.051503189 0.920816302 -0.157358497
0.915024042 -0.104973480 0.389501750 -0.478743732 0.116921276 0.993116379 -0.007021522 -0.599642932 -0.386083484 0.051965900 0.920998931 -0.156949535
0.914849162 -0.104451649 0.390052438 -0.480244249 0.116207190 0.993203163 -0.006589759 -0.599601090 -0.386712968 0.051355530 0.920769095 -0.157228917
0.914867640 -0.104231380 0.390067935 -0.480321854 0.116010748 0.993225455 -0.006689159 -0.599508941 -0.386728168 0.051371761 0.920761824 -0.157301068
0.914943516 -0.104358211 0.389856040 -0.480016530 0.116142899 0.993209898 -0.006706532 -0.599597335 -0.386509001 0.051415104 0.920851409 -0.157328904
0.914975822 -0.103980735 0.389881074 -0.480196834 0.115700617 0.993262053 -0.006625485 -0.599265516 -0.386565149 0.051171634 0.920841396 -0.157577217
0.915033162 -0.104406163 0.389632791 -0.479357570 0.116296321 0.993190050 -0.006980481 -0.599346578 -0.386250585 0.051700220 0.920943856 -0.157210454
0.914980054 -0.104089037 0.389842331 -0.480080158 0.115858316 0.993242979 -0.006726693 -0.599530280 -0.386507988 0.051321261 0.920857072 -0.157315299
0.914906025 -0.104319759 0.389954299 -0.479741752 0.116152830 0.993207991 -0.006815441 -0.599676371 -0.386594743 0.051529787 0.920808971 -0.157238066
0.914907813 -0.104470782 0.389909655 -0.479843259 0.116304003 0.993190467 -0.006791459 -0.599798262 -0.386545032 0.051561609 0.920828104 -0.157401234
0.914953828 -0.104166307 0.389883101 -0.479913145 0.115994044 0.993226349 -0.006844301 -0.599767029 -0.386529207 0.051486336 0.920838952 -0.158049107
0.914930344 -0.104546562 0.389836431 -0.479888260 0.116371945 0.993182659 -0.006767970 -0.599672675 -0.386471212 0.051558241 0.920859218 -0.157537222
0.914990127 -0.104264699 0.389771700 -0.479602069 0.116097845 0.993214130 -0.006853269 -0.599721849 -0.386412203 0.051522322 0.920886040 -0.157486379
0.914993823 -0.104231983 0.389771700 -0.479247212 0.116020396 0.993223846 -0.006753329 -0.599704087 -0.386426628 0.051400717 0.920886755 -0.157923773
0.915336549 -0.103853211 0.389067471 -0.478157014 0.115311205 0.993310392 -0.006143115 -0.599615991 -0.385826766 0.050486848 0.921188772 -0.159436226
0.915167451 -0.104279757 0.389351130 -0.480525881 0.115867749 0.993244529 -0.006326141 -0.600161254 -0.386061192 0.050902709 0.921067715 -0.158485427
0.915110588 -0.104654498 0.389384180 -0.479916930 0.116329663 0.993189692 -0.006453112 -0.599838495 -0.386056989 0.051202241 0.921052814 -0.158029154
1.000000000 0.000000000 0.000000000 -0.000000030 0.000000000 1.000000000 0.000000000 0.000000089 0.000000000 0.000000000 1.000000000 0.000000060
0.999995947 0.001707975 0.002271280 -0.000253844 -0.001722393 0.999978304 0.006361376 -0.000290933 -0.002260366 -0.006365263 0.999977171 -0.000319836
0.999980271 0.003461665 0.005237047 -0.000310907 -0.003510667 0.999949872 0.009376760 -0.000160468 -0.005204325 -0.009394960 0.999942303 -0.000544248
0.999946713 0.004503374 0.009288854 -0.000133535 -0.004553225 0.999975324 0.005352575 -0.000864281 -0.009264520 -0.005394584 0.999942541 -0.002621837
0.999877930 0.009985198 0.012019495 0.004840507 -0.010094370 0.999908030 0.009056674 -0.013386659 -0.011927958 -0.009176897 0.999886751 -0.010491698
0.999793530 0.014623822 0.014108673 0.009705141 -0.014739108 0.999858558 0.008102181 -0.024907967 -0.013988191 -0.008308458 0.999867618 -0.019192494
0.999679327 0.017360484 0.018436801 0.009206485 -0.017564511 0.999785602 0.010962624 -0.030482380 -0.018242531 -0.011282941 0.999769926 -0.022792397
0.999640465 0.016580623 0.021070965 0.010782378 -0.016912129 0.999734461 0.015653240 -0.037821248 -0.020805828 -0.016003968 0.999655426 -0.030259153
0.999418259 0.021804899 0.026223887 0.004892714 -0.022194777 0.999646068 0.014669279 -0.056149263 -0.025894742 -0.015242778 0.999548435 -0.031425465
0.999379933 0.021468598 0.027907975 0.005499308 -0.021917958 0.999633372 0.015896467 -0.075399898 -0.027556468 -0.016498296 0.999484062 -0.039183490
0.999327481 0.021934049 0.029386047 0.005452021 -0.022539435 0.999537170 0.020430781 -0.092745870 -0.028924316 -0.021079384 0.999359310 -0.047813315
0.999249578 0.022292206 0.031676017 0.003565322 -0.023063464 0.999441206 0.024195200 -0.109393574 -0.031118952 -0.024907602 0.999205291 -0.057181925
0.999078870 0.025909174 0.034206942 0.000587730 -0.027195975 0.998918772 0.037704736 -0.137890086 -0.033193059 -0.038600296 0.998703301 -0.068198942
0.999107599 0.024264745 0.034572106 -0.000367684 -0.025953781 0.998448014 0.049274798 -0.155931786 -0.033322807 -0.050128106 0.998186767 -0.076704390
0.999189973 0.020765359 0.034469519 -0.002819999 -0.022781814 0.997987509 0.059176683 -0.170888916 -0.033171322 -0.059914030 0.997652233 -0.084660433
0.999239922 0.018151971 0.034497585 -0.006472640 -0.020483183 0.997442842 0.068470322 -0.186429679 -0.033166502 -0.069124900 0.997056544 -0.089140393
0.998984456 0.024556205 0.037777003 -0.015876517 -0.027549736 0.996343136 0.080878571 -0.212927714 -0.035652790 -0.081837177 0.996007800 -0.091048121
0.999070287 0.022664133 0.036673483 -0.016718846 -0.025858194 0.995686531 0.089104660 -0.227519691 -0.034495812 -0.089970119 0.995346904 -0.095134430
0.999110222 0.021052185 0.036545787 -0.022322841 -0.024304021 0.995559216 0.090946130 -0.237990335 -0.034468878 -0.091753416 0.995185018 -0.094543099
0.999208510 0.018455748 0.035238348 -0.027205976 -0.021550123 0.995748699 0.089555234 -0.248632073 -0.033435732 -0.090243742 0.995358288 -0.093723416
0.999098301 0.020851895 0.036983628 -0.041257970 -0.023920972 0.996129155 0.084583931 -0.266995519 -0.035076734 -0.085392348 0.995729744 -0.083873332
0.999130666 0.021990735 0.035416543 -0.045343276 -0.024576537 0.996932089 0.074312858 -0.282746524 -0.033673696 -0.075118668 0.996605873 -0.081390679
0.999145389 0.022132909 0.034908827 -0.054723289 -0.024240253 0.997834384 0.061146669 -0.294166893 -0.033479873 -0.061940610 0.997518122 -0.074297085
0.999111295 0.024404258 0.034366034 -0.063788638 -0.026152130 0.998337507 0.051364809 -0.308051109 -0.033055380 -0.052217908 0.998088479 -0.064598136
0.999121010 0.024521511 0.033998959 -0.077246681 -0.026163172 0.998470128 0.048712667 -0.335322767 -0.032752439 -0.049559366 0.998234034 -0.052275728
0.999072075 0.027032025 0.033529595 -0.085458301 -0.028628830 0.998432398 0.048095245 -0.348493069 -0.032176919 -0.049010526 0.998279810 -0.042801384
0.999143243 0.026787998 0.031546596 -0.095496215 -0.028283110 0.998449624 0.047942150 -0.364443481 -0.030213412 -0.048793312 0.998351812 -0.034615733
0.999140263 0.028043726 0.030533796 -0.104132622 -0.029577171 0.998261333 0.050985351 -0.381369799 -0.029050888 -0.051844619 0.998232543 -0.025077948
0.999072194 0.029884689 0.031010481 -0.121629156 -0.031642757 0.997824073 0.057842869 -0.411381543 -0.029214388 -0.058770459 0.997843981 -0.011614749
0.999235213 0.025742512 0.029432874 -0.135199040 -0.027514633 0.997729003 0.061480280 -0.427488923 -0.027783375 -0.062243093 0.997674227 0.001231650
0.999444425 0.020036543 0.026634438 -0.145626798 -0.021726700 0.997664213 0.064761542 -0.444544911 -0.025274629 -0.065304242 0.997545242 0.011930020
0.999593616 0.015729582 0.023774523 -0.158230096 -0.017307112 0.997557342 0.067674048 -0.455533206 -0.022651967 -0.068058006 0.997424185 0.028081670
0.999669611 0.012462378 0.022480592 -0.176681370 -0.014011501 0.997439981 0.070122615 -0.475809753 -0.021549147 -0.070414439 0.997285008 0.045799904
0.999742031 0.010057389 0.020365017 -0.188444376 -0.011309952 0.997989953 0.062355101 -0.482563704 -0.019696953 -0.062569343 0.997846246 0.065109991
0.999855399 0.002977547 0.016742744 -0.200885072 -0.003876299 0.998538435 0.053906549 -0.488938421 -0.016557764 -0.053963650 0.998405635 0.085526004
0.999887824 -0.004562716 0.014265381 -0.215769887 0.003985672 0.999182880 0.040220700 -0.494211346 -0.014437240 -0.040159330 0.999089003 0.109051749
0.999865174 -0.010793866 0.012376532 -0.232158005 0.010381919 0.999405444 0.032879055 -0.504040539 -0.012724064 -0.032746129 0.999382675 0.128869191
0.999801636 -0.017677687 0.009174100 -0.244212776 0.017452311 0.999557436 0.024091123 -0.510711968 -0.009595915 -0.023926234 0.999667645 0.148237020
0.999682546 -0.024318714 0.006587631 -0.255511522 0.024199698 0.999552548 0.017580945 -0.517739236 -0.007012229 -0.017415944 0.999823749 0.167022392
0.999613404 -0.027428042 0.004548170 -0.264354527 0.027360652 0.999523759 0.014270532 -0.528854787 -0.004937416 -0.014140575 0.999887824 0.185296878
0.999517977 -0.030823238 0.003710485 -0.282410771 0.030783549 0.999472857 0.010316117 -0.543604732 -0.004026505 -0.010196922 0.999939919 0.213984638
0.999385118 -0.034979742 0.002399314 -0.290508896 0.034959096 0.999355376 0.008165340 -0.552468002 -0.002683389 -0.008076441 0.999963760 0.231499806
0.999507606 -0.031268638 0.002610107 -0.297340631 0.031255525 0.999499321 0.004922854 -0.561493337 -0.002762731 -0.004838849 0.999984503 0.248306051
0.999695003 -0.024067946 0.005535578 -0.302918255 0.024097797 0.999695063 -0.005390529 -0.571459711 -0.005404151 0.005522280 0.999970138 0.264213473
0.999772668 -0.019817317 0.007863986 -0.315811664 0.020049294 0.999330401 -0.030606419 -0.587734282 -0.007252183 0.030757129 0.999500573 0.290524095
0.999837577 -0.014859677 0.010196127 -0.320336014 0.015514105 0.997603416 -0.067429662 -0.601175904 -0.009169707 0.067576900 0.997671902 0.303806037
0.999882102 -0.008896926 0.012514218 -0.324316770 0.010305416 0.993030131 -0.117409259 -0.615721643 -0.011382413 0.117524385 0.993004739 0.314204663
0.999880016 -0.008160798 0.013167839 -0.328067958 0.010248963 0.985861301 -0.167249769 -0.630179524 -0.011616772 0.167364657 0.985826612 0.320389301
0.999865234 -0.002099579 0.016281879 -0.340114415 0.005496550 0.977360606 -0.211508960 -0.649313211 -0.015469187 0.211569965 0.977240443 0.327960521
0.999857306 0.000510919 0.016884983 -0.343011200 0.003460084 0.972156286 -0.234307796 -0.659605503 -0.016534556 0.234332800 0.972015798 0.322989166
0.999795258 0.007141982 0.018932277 -0.345829874 -0.002732822 0.974726140 -0.223386452 -0.666233778 -0.020049209 0.223288968 0.974546075 0.313279331
0.999803603 0.006125930 0.018847058 -0.348648936 -0.002623172 0.983564675 -0.180537075 -0.669309318 -0.019643256 0.180452168 0.983387589 0.296720743
0.999748230 0.008048436 0.020946046 -0.359767199 -0.005444081 0.992570758 -0.121547110 -0.673108637 -0.021768698 0.121402480 0.992364645 0.287808418
0.999729753 0.007671725 0.021944990 -0.363241076 -0.006438352 0.998425007 -0.055731643 -0.674362361 -0.022337986 0.055575293 0.998204589 0.262208253
0.999681413 0.008966453 0.023595124 -0.366757035 -0.009279851 0.999869704 0.013206485 -0.675031722 -0.023473635 -0.013421237 0.999634385 0.233889759
0.999708474 0.006396347 0.023281576 -0.370656401 -0.008169742 0.997005939 0.076891869 -0.676244438 -0.022720044 -0.077059656 0.996767581 0.204589456
0.999777853 0.002624365 0.020912828 -0.381070793 -0.005270145 0.991826594 0.127484396 -0.672292292 -0.020407332 -0.127566293 0.991620064 0.204075500
0.999769509 -0.000516342 0.021462016 -0.384835511 -0.003247335 0.984570444 0.174958497 -0.675914466 -0.021221206 -0.174987882 0.984341860 0.178330332
0.999782503 -0.005996752 0.019974533 -0.391983181 0.001588369 0.976881266 0.213776812 -0.679701209 -0.020794712 -0.213698581 0.976678312 0.160632372
0.999755979 -0.006844855 0.021002445 -0.397204190 0.001413875 0.968659043 0.248390138 -0.682354271 -0.022044402 -0.248299837 0.968432367 0.145957619
0.999691308 -0.007843531 0.023574730 -0.410635591 0.000840982 0.958999634 0.283405989 -0.696596026 -0.024831062 -0.283298701 0.958710194 0.149392664
0.999641180 -0.015813522 0.021619460 -0.415790200 0.008553057 0.953323245 0.301830441 -0.698893309 -0.025383336 -0.301537246 0.953116477 0.146577135
0.999506176 -0.024587682 0.019565383 -0.421810687 0.017727105 0.955340981 0.294973552 -0.703426957 -0.025944328 -0.294481039 0.955305099 0.154170170
0.999372303 -0.029614124 0.019442132 -0.426513851 0.023509480 0.964953303 0.261366546 -0.710162818 -0.026500890 -0.260745406 0.965043783 0.167436242
0.998949289 -0.042529080 0.017077615 -0.432289213 0.037872758 0.975891054 0.214947224 -0.714193165 -0.025807401 -0.214074582 0.976476371 0.193541571
0.998408079 -0.054267049 0.015375582 -0.435426712 0.051120564 0.985814154 0.159866184 -0.721828222 -0.023832932 -0.158825666 0.987018943 0.219048515
0.997740567 -0.065578982 0.014601387 -0.437535226 0.063822493 0.993045092 0.098935097 -0.729038358 -0.020987898 -0.097779661 0.994986773 0.251279533
0.996949255 -0.076805666 0.013894849 -0.438165396 0.076253057 0.996413350 0.036687437 -0.735993445 -0.016662816 -0.035515990 0.999230206 0.284040481
0.996630073 -0.080633037 0.015059888 -0.439620763 0.080938019 0.996500492 -0.020877087 -0.738467097 -0.013323803 0.022025650 0.999668598 0.320147425
0.996459544 -0.082519189 0.016093763 -0.436269909 0.083545685 0.993312120 -0.079694450 -0.742674530 -0.009409808 0.080756858 0.996689439 0.352349818
0.996652246 -0.079589806 0.018703017 -0.429641843 0.081362329 0.988003969 -0.131256953 -0.744578600 -0.008031940 0.132339254 0.991171956 0.381856710
0.997189820 -0.072391316 0.019284751 -0.421981454 0.074623242 0.982553899 -0.170350239 -0.745388687 -0.006616429 0.171310619 0.985194862 0.406668872
0.998145342 -0.056715924 0.022117388 -0.418685079 0.059988651 0.978187025 -0.198875636 -0.737920046 -0.010355528 0.199833572 0.979775131 0.429243773
0.998697817 -0.045574225 0.022927880 -0.407644629 0.049515806 0.974119604 -0.220542967 -0.736360431 -0.012283423 0.221391082 0.975107729 0.442660958
0.999165356 -0.034325399 0.022143142 -0.396049470 0.038416304 0.973879814 -0.223790735 -0.730389416 -0.013883056 0.224454612 0.974385619 0.449988425
0.999550700 -0.019459244 0.022797760 -0.383165270 0.023570549 0.980158389 -0.196809530 -0.721525788 -0.018515650 0.197258472 0.980176628 0.450482309
0.999661863 -0.016332129 0.020232925 -0.377673775 0.019130943 0.988963544 -0.146918744 -0.710792422 -0.017610131 0.147256136 0.988941610 0.442388207
0.999763191 -0.012087749 0.018095227 -0.364416301 0.013581675 0.996300936 -0.084852375 -0.698291659 -0.017002618 0.085078038 0.996229231 0.431907564
0.999825418 -0.007824063 0.016967142 -0.352002978 0.008081708 0.999852240 -0.015169910 -0.683337510 -0.016845943 0.015304386 0.999740958 0.418040454
0.999846220 -0.002493799 0.017357934 -0.338976800 0.001522408 0.998443484 0.055752210 -0.669100523 -0.017469950 -0.055717215 0.998293757 0.402600408
0.999859571 -0.000422119 0.016753327 -0.331310898 -0.001562069 0.992983162 0.118245512 -0.658487022 -0.016685687 -0.118255079 0.992843032 0.401435792
0.999837101 0.003957731 0.017610133 -0.318494827 -0.006891704 0.985452235 0.169812784 -0.647162557 -0.016681872 -0.169906482 0.985318959 0.388125956
0.999840260 0.003152720 0.017594628 -0.307701916 -0.006785451 0.977586925 0.210422710 -0.637317479 -0.016536877 -0.210508481 0.977452159 0.378868788
0.999828041 0.004456611 0.017999783 -0.296128631 -0.008656520 0.970603943 0.240526661 -0.629467130 -0.016398728 -0.240641132 0.970475614 0.373779535
0.999765813 0.008154050 0.020044917 -0.288740933 -0.013163967 0.964356065 0.264280349 -0.634976685 -0.017175483 -0.264482349 0.964237571 0.385967135
0.999749124 0.009013370 0.020505244 -0.277799785 -0.014285559 0.961686015 0.273780823 -0.631945431 -0.017251918 -0.274005055 0.961573482 0.392323524
0.999660432 0.013464125 0.022310365 -0.268598497 -0.019014673 0.962325335 0.271234870 -0.633502722 -0.017817888 -0.271566987 0.962254584 0.407470286
0.999455094 0.021141587 0.025347825 -0.258922249 -0.026745165 0.968761683 0.246547073 -0.638494372 -0.019343607 -0.247090667 0.968799293 0.427710325
0.999427497 0.022199452 0.025532143 -0.250342935 -0.027155057 0.976468444 0.213943854 -0.650224149 -0.020181896 -0.214514688 0.976512253 0.459167212
0.999297142 0.026714083 0.026297446 -0.242211387 -0.030904002 0.984154642 0.174598500 -0.660344660 -0.021216515 -0.175288484 0.984288454 0.489037097
0.999297023 0.026995607 0.026013941 -0.234652936 -0.030266568 0.990399003 0.134884089 -0.672968984 -0.022122905 -0.135576606 0.990519822 0.524035752
0.999053419 0.034130670 0.026969101 -0.227966666 -0.036676735 0.994274437 0.100365303 -0.685383320 -0.023389153 -0.101259433 0.994585097 0.560505629
0.998938799 0.037545532 0.026675720 -0.222855017 -0.039498582 0.996254981 0.076914363 -0.711029291 -0.023688029 -0.077886395 0.996680796 0.608956158
0.998790741 0.041251760 0.026745714 -0.217952296 -0.042718802 0.997469962 0.056822166 -0.723286986 -0.024334032 -0.057895996 0.998026013 0.647228301
0.998767853 0.042462803 0.025684502 -0.214246705 -0.043546662 0.998115897 0.043224830 -0.736358285 -0.023800660 -0.044290047 0.998735189 0.686085582
0.998744428 0.043989502 0.023968123 -0.211671069 -0.044835158 0.998346686 0.035968255 -0.750337481 -0.022346269 -0.036997709 0.999065459 0.723750949
0.998604417 0.047251903 0.023590172 -0.209281117 -0.047652684 0.998723924 0.016726183 -0.772852719 -0.022769725 -0.017826976 0.999581754 0.767516971
0.998445034 0.051135503 0.022195771 -0.209060192 -0.050899401 0.998642385 -0.011075409 -0.794089615 -0.022731986 0.009928437 0.999692321 0.802375793
0.998408794 0.052572284 0.020396337 -0.210512236 -0.051674340 0.997767687 -0.042302005 -0.819272637 -0.022574719 0.041180730 0.998896658 0.836468041
0.998293936 0.055254892 0.018871156 -0.213216513 -0.053832769 0.996163607 -0.068993442 -0.844583988 -0.022610983 0.067859851 0.997438610 0.867556453
0.998189151 0.058428552 0.014301306 -0.222128838 -0.056964952 0.994552314 -0.087296538 -0.888249755 -0.019324007 0.086323790 0.996079683 0.902565002
0.998157978 0.060469080 0.004911117 -0.228167340 -0.059618104 0.992658257 -0.105239093 -0.912003577 -0.011238772 0.104752451 0.994434834 0.927335560
0.997868538 0.064652607 -0.008856516 -0.235801011 -0.065242261 0.991246402 -0.114777938 -0.934784472 0.001358298 0.115111113 0.993351698 0.950265408
0.997142375 0.070308335 -0.027637307 -0.245315880 -0.073104210 0.990279257 -0.118333340 -0.956089497 0.019048832 0.120015591 0.992589235 0.968181968
0.995855093 0.075942546 -0.050053041 -0.259746253 -0.081451252 0.989522517 -0.119209409 -0.985047162 0.040475544 0.122792184 0.991606653 0.993137300
0.993989766 0.079294145 -0.075476713 -0.271990240 -0.087948993 0.988959551 -0.119264521 -1.002647519 0.065186433 0.125185817 0.989989519 1.005561113
0.991019785 0.085534200 -0.102779545 -0.285074949 -0.097275466 0.988561153 -0.115257628 -1.014883518 0.091745399 0.124220528 0.988004088 1.015556693
0.987172246 0.089525394 -0.132197365 -0.302031875 -0.104846649 0.987945914 -0.113886252 -1.026819229 0.120408133 0.126285791 0.984659195 1.025646091
0.982127309 0.092543267 -0.163895190 -0.321615994 -0.111450620 0.987642467 -0.110186532 -1.031152487 0.151672840 0.126483425 0.980304718 1.044430137
0.975426197 0.098526731 -0.197069228 -0.338036686 -0.121083334 0.986980319 -0.105870940 -1.031817079 0.184072345 0.127131075 0.974656403 1.048633337
0.967150211 0.104368806 -0.231792226 -0.355505794 -0.129726827 0.986797750 -0.096959382 -1.030705214 0.218612507 0.123843953 0.967921078 1.051011682
0.956782997 0.112347886 -0.268224239 -0.373393297 -0.138338581 0.987149239 -0.079992265 -1.028721213 0.255790412 0.113640994 0.960029662 1.048664093
0.944437623 0.122037612 -0.305195689 -0.393405825 -0.147354931 0.987185240 -0.061251901 -1.028147459 0.293809652 0.102820687 0.950317740 1.050109148
0.929785848 0.131733000 -0.343721867 -0.412039459 -0.155100137 0.987036407 -0.041267790 -1.027090549 0.333829701 0.091681518 0.938164294 1.041166425
0.912747204 0.145978138 -0.381553382 -0.432012022 -0.165096119 0.986119330 -0.017662458 -1.027732968 0.373678833 0.079114333 0.924178064 1.031906366
0.893673003 0.156851172 -0.420412004 -0.451970190 -0.173195601 0.984887183 -0.000712428 -1.029108644 0.413946629 0.073450178 0.907333016 1.019429803
0.873068869 0.169267550 -0.457273751 -0.472942412 -0.181871131 0.983180642 0.016695820 -1.030171275 0.452408761 0.068588287 0.889169276 1.008145094
0.851536453 0.184598684 -0.490722984 -0.492657304 -0.191289991 0.980834901 0.037027895 -1.031749845 0.488153547 0.062339790 0.870528519 0.992623925
0.829467118 0.202431053 -0.520582378 -0.513610959 -0.199558198 0.977903664 0.062297720 -1.032705665 0.521690428 0.052212570 0.851535678 0.977420807
0.807144642 0.221580073 -0.547192693 -0.534416795 -0.210064754 0.974023640 0.084561773 -1.034263134 0.551715851 0.046692304 0.832724154 0.961514592
0.783963263 0.239857957 -0.572599173 -0.549153686 -0.222180799 0.969656706 0.101988092 -1.035249352 0.579687238 0.047265619 0.813467026 0.944916070
0.760644376 0.258801848 -0.595350146 -0.571803331 -0.238079026 0.964407146 0.115053087 -1.038051724 0.603935838 0.054225877 0.795186162 0.929463625
0.736144722 0.279010862 -0.616639197 -0.594927907 -0.256577045 0.958114922 0.127216429 -1.041498899 0.626305997 0.064565763 0.776898980 0.914132833
0.711609006 0.290543407 -0.639685214 -0.620163023 -0.265804321 0.954144835 0.137679845 -1.045377493 0.650354326 0.072056845 0.756205738 0.898538113
0.689097047 0.301298738 -0.659063280 -0.641300023 -0.275346756 0.950122118 0.146465421 -1.047885776 0.670320451 0.080542035 0.737687945 0.884923160
0.669697225 0.301479846 -0.678686619 -0.670172691 -0.279739350 0.948984385 0.145514891 -1.053200245 0.687932849 0.092404425 0.719867945 0.870149851
0.653416157 0.299281448 -0.695325851 -0.700334370 -0.285488099 0.948129296 0.139812142 -1.058164716 0.701102018 0.107151717 0.704964280 0.855805874
0.640317082 0.297476441 -0.708167911 -0.732158780 -0.299380928 0.945702732 0.126559734 -1.064050674 0.707364917 0.130973607 0.694608390 0.841902256
0.629177868 0.301132500 -0.716557443 -0.756000996 -0.316345751 0.941300154 0.117810957 -1.068399787 0.709972322 0.152555823 0.687507153 0.827441871
0.619304776 0.300034016 -0.725562692 -0.790243387 -0.329340726 0.938147843 0.106832951 -1.072157025 0.712738633 0.172795147 0.679812908 0.812602401
0.611804962 0.303374410 -0.730519474 -0.825256705 -0.343469143 0.933809400 0.100144804 -1.072265387 0.712547362 0.189641804 0.675508976 0.797960758
0.607141256 0.305222064 -0.733634114 -0.861365557 -0.358480364 0.929197192 0.089913055 -1.069827914 0.709134221 0.208403483 0.673570037 0.782298684
0.604331553 0.310652137 -0.733674824 -0.880859792 -0.374708295 0.923476636 0.082368851 -1.067696333 0.703119576 0.225135922 0.674489975 0.763962328
0.604138374 0.313832998 -0.732479155 -0.919451416 -0.395391941 0.916109562 0.066396371 -1.059805632 0.691868603 0.249503717 0.677543998 0.745896161
0.606274426 0.314680964 -0.730347395 -0.957276702 -0.406280488 0.912048638 0.055708915 -1.049813271 0.683642864 0.262950957 0.680800498 0.724442124
0.610227704 0.313189626 -0.727691174 -0.997982144 -0.414680660 0.908929110 0.043449134 -1.038174391 0.675027490 0.275245577 0.684527397 0.700407624
0.615572333 0.308393270 -0.725234032 -1.027882814 -0.412116379 0.910366714 0.037316956 -1.026050448 0.671737194 0.275909483 0.687490463 0.671165586
0.619592667 0.303454429 -0.723892450 -1.071291089 -0.407349914 0.912642062 0.033919707 -1.011287928 0.670947790 0.273861110 0.689078450 0.639305770
0.620552838 0.293849528 -0.727025867 -1.113222837 -0.398674428 0.916595757 0.030181408 -0.995188415 0.675257564 0.271117479 0.685946405 0.602440894
0.617905557 0.283645183 -0.733306348 -1.157325625 -0.390929431 0.920040071 0.026465721 -0.977657080 0.682178080 0.270317703 0.679383159 0.561475217
0.611274958 0.271779001 -0.743289351 -1.188879132 -0.384769797 0.922774196 0.020975009 -0.959739566 0.691588879 0.273173809 0.668641090 0.518164992
0.601324677 0.261380434 -0.755042374 -1.233935595 -0.376180887 0.926306546 0.021073684 -0.938066602 0.704908907 0.271360338 0.655337334 0.469907343
0.587324619 0.248298109 -0.770323217 -1.277013898 -0.361669660 0.931980312 0.024653800 -0.913828373 0.724047601 0.264122725 0.637176871 0.417582989
0.569249153 0.232473522 -0.788613677 -1.320294499 -0.336806446 0.940950334 0.034261733 -0.888260841 0.750011325 0.246106684 0.613933742 0.361522019
0.546630323 0.218661785 -0.808320701 -1.350746870 -0.312145174 0.948938847 0.045611404 -0.861768126 0.777020395 0.227380812 0.586972952 0.303068101
0.522062182 0.216074899 -0.825083554 -1.391240716 -0.295012802 0.953413010 0.063016146 -0.832915187 0.800261676 0.210511833 0.561485767 0.242994010
0.495935738 0.213289425 -0.841757357 -1.427199125 -0.282183617 0.956339836 0.076069690 -0.803887784 0.821230948 0.199804425 0.534469843 0.181366682
0.468589723 0.216186777 -0.856555402 -1.462736011 -0.273365885 0.957489550 0.092113301 -0.773352146 0.840056479 0.190989628 0.507767856 0.119585574
0.441143274 0.223546565 -0.869148850 -1.489716172 -0.266730964 0.957374215 0.110856906 -0.739700317 0.856882334 0.182925090 0.481965959 0.059480011
0.414949834 0.234432727 -0.879123509 -1.521077633 -0.268124729 0.954834104 0.128066242 -0.706762314 0.869440019 0.182573617 0.459065497 -0.001047790
0.388692617 0.244342133 -0.888377786 -1.549484015 -0.272741139 0.951495230 0.142369509 -0.672505140 0.880074143 0.186959177 0.436481297 -0.061168373
0.362845600 0.251772821 -0.897192180 -1.577023745 -0.270742297 0.949758053 0.157029450 -0.637561917 0.891651213 0.185930371 0.412781060 -0.120438397
0.337433159 0.255984038 -0.905875862 -1.593780518 -0.273475438 0.947469473 0.165869698 -0.602655590 0.900749743 0.191764846 0.389712989 -0.176676929
0.315318108 0.257701695 -0.913326025 -1.619334102 -0.282321036 0.944320500 0.168978050 -0.567239940 0.906018496 0.204569295 0.370515943 -0.233409345
0.297118604 0.262030751 -0.918183267 -1.642503262 -0.297990650 0.939027071 0.171551168 -0.530686617 0.907150567 0.222638935 0.357085109 -0.288272262
0.281242609 0.266869396 -0.921782732 -1.665522337 -0.303055435 0.936097026 0.178549141 -0.495037228 0.910527349 0.229135603 0.344146609 -0.343213558
0.267035007 0.273963571 -0.923924446 -1.682651281 -0.311684430 0.931762278 0.186203793 -0.459961146 0.911890984 0.238249913 0.334203303 -0.398243189
0.255249679 0.281178772 -0.925087154 -1.703664541 -0.308295190 0.930507660 0.197761610 -0.425293803 0.916407049 0.234721288 0.324197829 -0.453405917
0.246810317 0.286765516 -0.925661981 -1.723566294 -0.302805126 0.930204093 0.207435369 -0.390993595 0.920539916 0.229098022 0.316417992 -0.507201552
0.241308570 0.290945143 -0.925808311 -1.743527770 -0.287227541 0.932669878 0.218236655 -0.358001947 0.926968455 0.213255286 0.308628678 -0.561556101
0.239604533 0.295423537 -0.924832344 -1.761429667 -0.275544494 0.934102535 0.226997018 -0.354415745 0.930948496 0.200442880 0.305217505 -0.599766314
0.238108099 0.301014245 -0.923414946 -1.779165506 -0.270563245 0.933681369 0.234594524 -0.322464138 0.932791591 0.193983227 0.303760469 -0.651894867
0.238705635 0.307250291 -0.921204150 -1.795161963 -0.265163153 0.933200002 0.242541283 -0.292413235 0.934188545 0.186373383 0.304231524 -0.703409731
0.240986347 0.309745938 -0.919773400 -1.811264515 -0.261146754 0.933446109 0.245928317 -0.264293492 0.934734166 0.180930465 0.305836916 -0.753740072
0.244951010 0.306861788 -0.919692934 -1.820771813 -0.259464175 0.934739470 0.242776513 -0.242645979 0.934172094 0.179158956 0.308585048 -0.801667213
0.250750184 0.306865692 -0.918127418 -1.835485458 -0.263454974 0.934261501 0.240305871 -0.218854815 0.931512713 0.181628466 0.315111578 -0.849116445
0.256579161 0.309286773 -0.915701210 -1.847896099 -0.286167860 0.929248333 0.233678266 -0.195762634 0.923187435 0.202087328 0.326933682 -0.893518090
0.263318121 0.311686903 -0.912970483 -1.862131357 -0.312096745 0.922999144 0.225096002 -0.174238145 0.912830412 0.225663170 0.340318859 -0.937337160
0.269326091 0.315796107 -0.909800112 -1.879152060 -0.333184272 0.916923106 0.219636753 -0.158052474 0.903577149 0.243977174 0.352169573 -0.987673640
0.275562286 0.321914881 -0.905779362 -1.892822027 -0.346622378 0.912146807 0.218726099 -0.142321378 0.896614909 0.253690749 0.362936139 -1.033945918
0.281556547 0.328907549 -0.901413321 -1.904974341 -0.358424723 0.907468617 0.219163030 -0.128976226 0.890088677 0.261381954 0.373392344 -1.082596660
0.286755979 0.328509539 -0.899918079 -1.917852044 -0.356233448 0.908573329 0.218156412 -0.119592905 0.889308095 0.258023232 0.377564907 -1.133815169
0.291042387 0.326603293 -0.899235666 -1.930486560 -0.348605931 0.911508858 0.218232766 -0.112653762 0.890936792 0.249963835 0.379143536 -1.187802076
0.294107974 0.326785535 -0.898171425 -1.943807721 -0.334645420 0.915457606 0.223494545 -0.111041158 0.895272613 0.234837368 0.378600657 -1.244120955
0.295867205 0.327759057 -0.897238314 -1.956257224 -0.323830098 0.918085217 0.228590399 -0.111048609 0.898663819 0.222920358 0.377769589 -1.302237749
0.297195375 0.325085431 -0.897771955 -1.969616652 -0.312973589 0.921476245 0.230063140 -0.113217235 0.902065754 0.212605178 0.375601590 -1.360952258
0.297364175 0.322955966 -0.898484290 -1.987881660 -0.306442261 0.923548818 0.230544508 -0.121486574 0.904249847 0.206777871 0.373597682 -1.415830255
0.296847224 0.320577532 -0.899506450 -2.002009153 -0.302404255 0.925043762 0.229882032 -0.121078253 0.905777812 0.203774691 0.371540666 -1.472275972
0.295351386 0.318398446 -0.900771797 -2.017295837 -0.300791353 0.925875485 0.228646353 -0.116513222 0.906803191 0.203413382 0.369230092 -1.527055740
0.294342160 0.315391332 -0.902159095 -2.032312393 -0.300064832 0.926739991 0.226084337 -0.110366344 0.907371998 0.204160050 0.367416441 -1.580332160
0.292493165 0.314072013 -0.903220177 -2.053913355 -0.299361885 0.927124083 0.225440517 -0.103506058 0.908201694 0.204449847 0.365198612 -1.634795308
0.289924383 0.312941402 -0.904439867 -2.069131374 -0.298247963 0.927512467 0.225319207 -0.092311054 0.909390986 0.204421818 0.362242639 -1.685168862
0.288040876 0.314098299 -0.904640675 -2.085875750 -0.299153030 0.926913619 0.226580203 -0.078382254 0.909692287 0.205361605 0.360952497 -1.732750773
0.286788881 0.314705044 -0.904827595 -2.102656841 -0.297748357 0.927006364 0.228046387 -0.062089950 0.910548329 0.204009712 0.359558046 -1.779276729
0.283897340 0.311225563 -0.906940460 -2.121057034 -0.281015962 0.931331158 0.231629714 -0.049499542 0.916751027 0.189105675 0.351861775 -1.827969790
0.281915069 0.303550154 -0.910154521 -2.138262749 -0.253793985 0.938434362 0.234370664 -0.031211972 0.925263464 0.164919093 0.341597974 -1.872704983
0.280861378 0.296975136 -0.912646055 -2.155821085 -0.222239569 0.945200861 0.239175558 -0.008635789 0.933663011 0.135650843 0.331470013 -1.912741899
0.278206468 0.292930782 -0.914763927 -2.173574448 -0.196485221 0.949578881 0.244322538 0.005791128 0.940210104 0.111765437 0.321735501 -1.955967307
0.276252091 0.288250953 -0.916840315 -2.187067270 -0.170717806 0.953510404 0.248341113 0.017414153 0.945801377 0.087916203 0.312618792 -1.995026827
0.275108039 0.284907848 -0.918228328 -2.203715086 -0.148193687 0.956233859 0.252300292 0.033362389 0.949923337 0.066665761 0.305289209 -2.028503418
0.273630321 0.279811978 -0.920234680 -2.220510483 -0.120117679 0.959200084 0.255943269 0.049843922 0.954305172 0.040502585 0.296076536 -2.057708979
0.272592306 0.274648190 -0.922096491 -2.236449242 -0.093288325 0.961420178 0.258782744 0.067100435 0.957596421 0.015478611 0.287697196 -2.081915140
0.272571266 0.268007785 -0.924054503 -2.251941204 -0.063151687 0.963332713 0.260771781 0.082381681 0.960060835 -0.012723297 0.279501975 -2.106107712
0.270186245 0.260251582 -0.926967442 -2.267138958 -0.034710400 0.964781880 0.260751069 0.099922687 0.962182224 -0.038275957 0.269704223 -2.118496895
0.269913733 0.254623085 -0.928608537 -2.280321360 -0.006819464 0.964884043 0.262587607 0.117610276 0.962860465 -0.064543419 0.262171805 -2.123896599
0.268401384 0.246348351 -0.931275189 -2.292424202 0.020016432 0.965112805 0.261068285 0.134795904 0.963099301 -0.088711910 0.254106581 -2.122077942
0.267894685 0.235511720 -0.934219837 -2.296877861 0.036986202 0.966434002 0.254238814 0.149791405 0.962738037 -0.102662474 0.250191867 -2.115821362
0.269343019 0.223107293 -0.936844468 -2.305331230 0.045223579 0.968791366 0.243717194 0.162676245 0.961981893 -0.108010985 0.250847459 -2.097402573
0.268696249 0.216462702 -0.938587308 -2.308969975 0.054765202 0.969412327 0.239249781 0.171812057 0.961666822 -0.115687445 0.248622835 -2.071165562
0.267499864 0.212013140 -0.939943850 -2.310313702 0.065013602 0.969298422 0.237136662 0.176932424 0.961362183 -0.124543160 0.245503426 -2.036917210
0.268764615 0.211593211 -0.939677656 -2.305620193 0.074466296 0.968088508 0.239289388 0.179581791 0.960323155 -0.134286836 0.244431376 -1.997194052
0.270314276 0.215643555 -0.938311338 -2.301832676 0.071216516 0.967444777 0.242855534 0.176401198 0.960134625 -0.132470593 0.246156752 -1.945335627
0.271807075 0.217285976 -0.937500894 -2.294461727 0.060245320 0.968424141 0.241919905 0.169430375 0.960464299 -0.122235596 0.250134051 -1.884944797
0.274544060 0.221599966 -0.935691774 -2.285138130 0.044625700 0.969098151 0.242605358 0.158557892 0.960538447 -0.108361773 0.256171107 -1.816186428
0.279230297 0.232136622 -0.931742013 -2.273465157 0.009868175 0.969592929 0.244524270 0.145207286 0.960173547 -0.077473186 0.268448949 -1.741762400
0.283433259 0.246463761 -0.926780105 -2.260467052 -0.052374139 0.968946576 0.241659969 0.128527105 0.957560778 -0.019955181 0.287540019 -1.658541799
0.288291097 0.258706808 -0.921932340 -2.245815754 -0.117156081 0.965106666 0.234187081 0.108052120 0.950348854 0.040495887 0.308540761 -1.568087816
0.290890574 0.267507911 -0.918598056 -2.230188131 -0.171174377 0.959177017 0.225119621 0.084969342 0.941319346 0.091755219 0.324806035 -1.475568414
0.291634798 0.274022222 -0.916439354 -2.209290028 -0.214557856 0.952413917 0.216500998 0.059335411 0.932155669 0.133489996 0.336550653 -1.382992625
0.292153239 0.279505968 -0.914616287 -2.192489862 -0.247988120 0.945769906 0.209812358 0.032558560 0.923660338 0.165516600 0.345623910 -1.288936377
0.291963816 0.285348207 -0.912871122 -2.174592495 -0.269151777 0.940397561 0.207869634 0.004471332 0.917776942 0.185010448 0.351364017 -1.194844365
0.290911973 0.289649040 -0.911851823 -2.156908512 -0.284373552 0.936176836 0.206650972 -0.024676234 0.913510859 0.199189276 0.354713559 -1.102156162
0.290074408 0.288217604 -0.912571847 -2.138926029 -0.293402851 0.934434235 0.201859981 -0.055076838 0.910917938 0.209196806 0.355619311 -1.010843158
0.289249301 0.281927139 -0.914796174 -2.121165514 -0.297219366 0.934864998 0.194134295 -0.087150723 0.909942687 0.215741903 0.354203224 -0.921197772
0.288354397 0.277737737 -0.916358829 -2.102002144 -0.300642252 0.934874058 0.188745141 -0.119318128 0.909101725 0.221070677 0.353074789 -0.833475709
0.287394047 0.269835204 -0.919017792 -2.082615137 -0.305246979 0.935269713 0.179150537 -0.152808696 0.907870650 0.229040578 0.351157308 -0.747175217
0.285623550 0.266143203 -0.920644879 -2.056121826 -0.303492725 0.936339438 0.176523760 -0.194232076 0.909016728 0.228989676 0.348213136 -0.656722188
0.285309196 0.260209739 -0.922436833 -2.035342455 -0.306916356 0.936563671 0.169265702 -0.229157090 0.907965422 0.234817848 0.347072840 -0.573876917
0.285102844 0.252022058 -0.924770951 -2.013222933 -0.308713645 0.937545061 0.160328239 -0.265303791 0.907420635 0.239779353 0.345099449 -0.492498994
0.284438312 0.252662629 -0.924800754 -1.989985466 -0.310986787 0.936799765 0.160291553 -0.300875545 0.906852841 0.242007762 0.345036507 -0.413146794
0.284430921 0.258888721 -0.923079431 -1.964788675 -0.315022588 0.934621274 0.165057033 -0.335688531 0.905461133 0.243843555 0.347391009 -0.333660901
0.283797145 0.263185233 -0.922058940 -1.939502716 -0.320021838 0.932457924 0.167655095 -0.371147841 0.903905511 0.247498944 0.348853946 -0.258322001
0.281756938 0.271080196 -0.920395851 -1.913526773 -0.331283212 0.927752674 0.171832606 -0.406051159 0.900480151 0.256496638 0.351205051 -0.185236931
0.279832780 0.275029063 -0.919811249 -1.886939049 -0.339058399 0.924660444 0.173327744 -0.441383481 0.898183227 0.263366908 0.352001190 -0.114663363
0.277997851 0.278528303 -0.919314563 -1.859225273 -0.356927961 0.918470025 0.170338526 -0.475423813 0.891807020 0.280775309 0.354747236 -0.039743066
0.273728371 0.283014596 -0.919225633 -1.831903219 -0.378033936 0.910467684 0.167746663 -0.509782195 0.884399951 0.301581413 0.356209934 0.025890708
0.265695930 0.288550913 -0.919861019 -1.803540945 -0.399538457 0.901315689 0.167329282 -0.543845534 0.877368152 0.323061079 0.354763031 0.088205457
