1.000000000 0.000000000 0.000000000 -0.000000030 0.000000000 1.000000000 0.000000000 0.000000164 0.000000000 0.000000000 1.000000000 0.000000000
0.999997914 0.000838360 0.001847522 -0.000424146 -0.000856865 0.999949276 0.010038370 0.022609038 -0.001839013 -0.010039933 0.999947906 0.006699893
0.999995828 -0.002558267 0.001325782 -0.002291025 0.002513373 0.999457955 0.032824446 0.070903674 -0.001409037 -0.032820974 0.999460280 0.021359041
0.999967933 -0.007894315 0.001326239 -0.003982464 0.007827405 0.998976588 0.044547800 0.124198705 -0.001676556 -0.044535991 0.999006391 0.036902975
0.999950171 -0.009956163 0.000722774 -0.004887207 0.009909674 0.998785198 0.048269603 0.148789495 -0.001202476 -0.048260037 0.998834074 0.042971209
0.999941587 -0.010790341 -0.000665163 -0.005419452 0.010810385 0.998560309 0.052539434 0.171980947 0.000097287 -0.052543554 0.998618603 0.048821334
0.999990702 -0.004301681 -0.000278257 -0.007120431 0.004310668 0.997832000 0.065671556 0.213050485 -0.000004845 -0.065672152 0.997841239 0.057596922
0.999992430 -0.003036459 -0.002439293 -0.007762668 0.003215175 0.997029483 0.076953486 0.230294064 0.002198380 -0.076960742 0.997031689 0.060692679
0.999988675 0.000451055 -0.004738620 -0.009559197 0.000149067 0.992044568 0.125887200 0.265512824 0.004757704 -0.125886485 0.992033243 0.065456912
0.999980688 0.000200880 -0.006209544 -0.010770842 0.000672158 0.990112484 0.140274182 0.263590902 0.006176326 -0.140275642 0.990093231 0.063526072
0.999956667 -0.001278721 -0.009218786 -0.012406242 0.002599729 0.989465714 0.144744143 0.254747391 0.008936586 -0.144761845 0.989426196 0.058970988
0.999951124 -0.000867990 -0.009848366 -0.013147781 0.002268295 0.989708185 0.143082380 0.235606506 0.009622814 -0.143097728 0.989661753 0.054047547
0.999966860 0.008020849 -0.001413796 -0.013890868 -0.007784272 0.992283881 0.123741902 0.179559261 0.002395402 -0.123726793 0.992313445 0.041166987
0.999898791 0.013188229 0.005340356 -0.013639874 -0.013699754 0.993723035 0.111026317 0.143375367 -0.003842595 -0.111088246 0.993803144 0.033184480
0.999654889 0.020786405 0.016062163 -0.013810296 -0.022232562 0.995148897 0.095835410 0.107050933 -0.013992170 -0.096159436 0.995267570 0.027318751
0.999196410 0.029388377 0.027255047 -0.014320513 -0.031499911 0.996249616 0.080588385 0.068271838 -0.024784468 -0.081382155 0.996374786 0.019984942
0.998917043 0.034051012 0.031706240 -0.015249165 -0.036076803 0.997188330 0.065679848 0.029152481 -0.029380629 -0.066752583 0.997336864 0.011893781
0.998838782 0.036172420 0.031821713 -0.016502889 -0.037761673 0.997992337 0.050846603 -0.004314262 -0.029918579 -0.051989201 0.998199403 0.004897321
0.999068141 0.031080812 0.029947072 -0.018461052 -0.031820312 0.999192238 0.024541738 -0.071238898 -0.029160105 -0.025471793 0.999250174 -0.011569508
0.999225140 0.024811463 0.030552741 -0.018182991 -0.025087403 0.999647558 0.008681603 -0.100164413 -0.030326571 -0.009441365 0.999495447 -0.018088473
0.999367237 0.016821485 0.031338565 -0.017301468 -0.016027890 0.999548733 -0.025404615 -0.146405265 -0.031751767 0.024886249 0.999185920 -0.031339623
0.999360025 0.018341372 0.030711139 -0.016281402 -0.017101528 0.999046981 -0.040158376 -0.163862437 -0.031418428 0.039607465 0.998721242 -0.037404802
0.999322593 0.018375447 0.031885367 -0.016318945 -0.016758202 0.998595178 -0.050267044 -0.171842381 -0.032764252 0.049698655 0.998226702 -0.039901324
0.999117613 0.022776108 0.035288017 -0.012127542 -0.020888552 0.998377860 -0.052965388 -0.170607775 -0.036437120 0.052181534 0.997972667 -0.036949970
0.998641849 0.033653121 0.039773121 -0.007731730 -0.032149721 0.998766005 -0.037853133 -0.145601362 -0.040997915 0.036523025 0.998491466 -0.029471906
0.998727024 0.029563513 0.040869497 -0.009051274 -0.029084820 0.999501765 -0.012258257 -0.095378146 -0.041211531 0.011053971 0.999089301 -0.021757461
0.998903871 0.024721796 0.039747339 -0.007259083 -0.024661394 0.999693871 -0.002009334 -0.066066056 -0.039784845 0.001026906 0.999207735 -0.012833092
0.999089718 0.023538008 0.035577465 -0.003044534 -0.023866579 0.999676049 0.008839049 -0.003930986 -0.035357889 -0.009680116 0.999327838 0.004449929
0.999267995 0.024330428 0.029520601 -0.002467192 -0.024666278 0.999634504 0.011066411 0.030534841 -0.029240560 -0.011786474 0.999502897 0.011590224
0.999528885 0.018815370 0.024248563 -0.000895580 -0.019445939 0.999471843 0.026036385 0.096000046 -0.023745872 -0.026495654 0.999366879 0.028314862
0.999447823 0.016643569 0.028757492 -0.000770275 -0.017782360 0.999049067 0.039808784 0.126949430 -0.028067587 -0.040298183 0.998793423 0.035325732
0.999249697 0.013707303 0.036223773 -0.001369155 -0.016320704 0.997208297 0.072864324 0.182206631 -0.035123874 -0.073400855 0.996683836 0.049733888
0.999390841 0.014295980 0.031836499 -0.003141538 -0.017548155 0.994387150 0.104337044 0.219843999 -0.030166207 -0.104832165 0.994032323 0.054441758
0.999484956 0.014848610 0.028448449 -0.004955735 -0.018045442 0.993128061 0.115632899 0.228202567 -0.026535967 -0.116086714 0.992884517 0.055742219
0.999600291 0.015833443 0.023420433 -0.007671616 -0.018643020 0.991972566 0.125071421 0.217850208 -0.021252116 -0.125458047 0.991871297 0.052121103
0.999692023 0.014274639 0.020300701 -0.011636630 -0.016374717 0.994085491 0.107359000 0.175883994 -0.018648122 -0.107658349 0.994013071 0.041734319
0.999587059 0.017101621 0.023092851 -0.014332584 -0.018871540 0.996716738 0.078737602 0.118045464 -0.021670491 -0.079140887 0.996627867 0.027885482
0.999230325 0.022024645 0.032460883 -0.015143679 -0.024014136 0.997772872 0.062230591 0.054229341 -0.031017981 -0.062962212 0.997533798 0.012468022
0.998968959 0.021026075 0.040235326 -0.014167026 -0.023133047 0.998345673 0.052637927 -0.010176363 -0.039061993 -0.053514421 0.997802794 -0.003602899
0.998178422 0.007592686 0.059851170 -0.008939698 -0.008982917 0.999695241 0.022993406 -0.107094415 -0.059658349 -0.023489160 0.997942448 -0.024682285
0.997559667 0.002621146 0.069770291 -0.005322367 -0.001907651 0.999945223 -0.010291018 -0.162911043 -0.069793448 0.010132806 0.997510016 -0.038861196
0.997299910 0.002401369 0.073397346 -0.004074303 -0.000428019 0.999638319 -0.026889771 -0.183140293 -0.073435374 0.026785750 0.996940196 -0.044924866
0.996811926 0.011950594 0.078887038 -0.000557123 -0.008603382 0.999053657 -0.042634770 -0.198637933 -0.079321899 0.041820154 0.995971441 -0.050600462
0.996932089 0.017131817 0.076373242 0.001397398 -0.014683400 0.999363661 -0.032505654 -0.148609623 -0.076881520 0.031284511 0.996549308 -0.034703046
0.997394025 0.016349472 0.070270047 0.004520748 -0.014765227 0.999626279 -0.023005724 -0.092888795 -0.070619911 0.021908220 0.997262657 -0.016462814
0.997812867 0.021023137 0.062669605 0.008119117 -0.020427255 0.999740005 -0.010133989 -0.027487028 -0.062866360 0.008831657 0.997982860 0.002363564
0.997374594 0.027390253 0.067035154 0.011789089 -0.028111890 0.999556303 0.009845362 0.041006878 -0.066735744 -0.011703999 0.997702062 0.021849763
0.998539984 0.007677084 0.053468823 0.012554331 -0.011487046 0.997387528 0.071317226 0.136410385 -0.052781627 -0.071827307 0.996019542 0.045171440
0.998631120 0.001193755 0.052291688 0.012856924 -0.006780514 0.994258285 0.106791973 0.187814176 -0.051863957 -0.107000351 0.992905378 0.054094315
0.998811424 0.017166499 0.045617938 0.011863158 -0.022790711 0.991795957 0.125782952 0.237535551 -0.043084435 -0.126673117 0.991008401 0.062261619
0.999297500 0.019156341 0.032211699 0.008724190 -0.023068681 0.991782129 0.125841245 0.240139425 -0.029536329 -0.126495913 0.991527319 0.060016774
0.999406755 0.021514041 0.026894808 0.006561093 -0.024732089 0.991760075 0.125698954 0.213539287 -0.023968905 -0.126289546 0.991703808 0.054004777
0.999404013 0.021790162 0.026773104 0.004524120 -0.024817374 0.992643356 0.118504174 0.165443242 -0.023993919 -0.119097985 0.992592573 0.043078672
0.998822689 0.031284861 0.037074026 0.004642940 -0.035218321 0.993230641 0.110691398 0.103848614 -0.033360090 -0.111866772 0.993163109 0.031745002
0.997833252 0.035079118 0.055662215 0.004622060 -0.038547527 0.997299433 0.062513083 -0.039820805 -0.053318992 -0.064523280 0.996490777 0.006231333
0.997070193 0.032844339 0.069081731 0.003857038 -0.034289654 0.999214947 0.019840779 -0.109270312 -0.068375848 -0.022151439 0.997413695 -0.008212179
0.996415854 0.024978638 0.080817990 0.000049147 -0.021839771 0.998981178 -0.039492358 -0.208747670 -0.081722118 0.037585761 0.995946169 -0.037197281
0.996131361 0.016301991 0.086351350 -0.001492517 -0.012593688 0.998982012 -0.043316398 -0.223656267 -0.086969584 0.042061340 0.995322645 -0.041850407
0.994844496 0.012001405 0.100699291 0.001132831 -0.009710290 0.999683440 -0.023211453 -0.175582528 -0.100945979 0.022113968 0.994646132 -0.023204695
0.993263364 0.039833028 0.108817250 0.014498152 -0.041255224 0.999089718 0.010848798 -0.049168590 -0.108286053 -0.015264994 0.994002581 0.018679876
0.993736148 0.041973881 0.103569835 0.016102994 -0.044429965 0.998780668 0.021521308 -0.023462269 -0.102540210 -0.025988106 0.994389296 0.024049431
0.998040557 0.032329589 0.053571347 0.017584499 -0.036288641 0.996548712 0.074657924 0.055950519 -0.050972801 -0.076455660 0.995769203 0.022421479
0.999516785 0.011554704 0.028856017 0.016345765 -0.015080822 0.992024720 0.125137970 0.078938968 -0.027179949 -0.125512674 0.991719604 0.009928115
0.999542177 -0.004134892 0.029971998 0.015182430 -0.001603192 0.981987596 0.188938707 0.082316384 -0.030213371 -0.188900262 0.981531382 -0.002780185
0.997285843 -0.023443105 0.069795310 0.009749101 0.003703397 0.962727547 0.270447701 0.077484280 -0.073533997 -0.269455165 0.960201383 -0.015012496
0.996891320 -0.033335850 0.071389146 0.005915190 0.009731573 0.951240301 0.308297336 0.075752161 -0.078185581 -0.306644201 0.948607564 -0.024480624
0.996484458 -0.044971563 0.070684679 0.006151303 0.014594020 0.923993468 0.382129729 0.077811122 -0.082497157 -0.379754782 0.921401381 -0.047711559
0.997082591 -0.043457806 0.062750854 0.020498147 0.014932966 0.917274296 0.397975981 0.072108082 -0.074854903 -0.395877898 0.915247202 -0.059059653
0.997517169 -0.045374177 0.053857505 0.029339990 0.021283805 0.923247218 0.383616507 0.068073004 -0.067130074 -0.381517768 0.921920717 -0.058180045
0.998032689 -0.038367711 0.049584940 0.035090201 0.017262712 0.928481042 0.370978415 0.067354150 -0.060272269 -0.369392633 0.927316785 -0.054304913
0.998886824 -0.025938151 0.039399739 0.038218152 0.009739166 0.930655241 0.365767688 0.065543860 -0.046154913 -0.364976794 0.929871857 -0.047337670
0.999207914 -0.017519670 0.035729468 0.046314050 0.002738534 0.926014304 0.377478451 0.063210919 -0.039699294 -0.377081603 0.925328851 -0.039805852
0.999083817 -0.021247070 0.037149336 0.059507981 0.005516390 0.924747646 0.380540967 0.061578281 -0.042439144 -0.379987419 0.924017608 -0.033571649
0.998460233 -0.035576925 0.042561177 0.107298292 0.016287753 0.921454906 0.388143808 0.057246473 -0.053027164 -0.386852950 0.920615554 -0.020646235
0.997943819 -0.043960460 0.046643138 0.140714243 0.022405582 0.921079457 0.388729483 0.054330699 -0.060050763 -0.386885136 0.920170546 -0.015911795
0.995557368 -0.065318443 0.067816071 0.215515926 0.035991482 0.929545462 0.366946667 0.045156874 -0.087006502 -0.362875670 0.927766740 -0.005700334
0.994043887 -0.074392527 0.079639852 0.252284467 0.040043876 0.928981006 0.367954910 0.044365726 -0.101356998 -0.362574220 0.926426828 -0.001475355
0.991989136 -0.080432631 0.097407252 0.286363810 0.036913231 0.922006249 0.385411412 0.046978623 -0.120809749 -0.378728300 0.917589188 0.001338911
0.990431488 -0.089349099 0.105177015 0.313353270 0.039978392 0.915202498 0.401006460 0.050940167 -0.132087827 -0.392964602 0.910017371 0.004446430
0.990504563 -0.088559449 0.105156876 0.333931416 0.038657248 0.913436890 0.405140311 0.054876737 -0.131933168 -0.397228271 0.908186853 0.006790439
0.990798831 -0.090313278 0.100802958 0.345389068 0.042716779 0.915398777 0.400275350 0.057371318 -0.128425092 -0.392286360 0.910833895 0.008173742
0.990963161 -0.093928874 0.095757179 0.346707404 0.049057692 0.918224931 0.393009424 0.059790149 -0.124841549 -0.384760201 0.914534926 0.007782170
0.990612984 -0.091514669 0.101543084 0.329758137 0.044548862 0.918412030 0.393109024 0.057732429 -0.129233629 -0.384895265 0.913867772 0.003215557
0.991252184 -0.090675458 0.095901303 0.307811588 0.045996860 0.918414354 0.392936826 0.056307845 -0.123706855 -0.385088325 0.914551020 -0.001980013
0.992517412 -0.085551970 0.087120928 0.279780596 0.044039525 0.916294456 0.398076624 0.057742879 -0.113884665 -0.391261190 0.913205862 -0.007403866
0.994786322 -0.076829761 0.067062609 0.205408439 0.044342261 0.918044209 0.393990666 0.058404982 -0.091836639 -0.388962835 0.916664600 -0.017524764
0.996113062 -0.067658454 0.056401454 0.162177846 0.040953778 0.922635674 0.383492112 0.056498770 -0.077984475 -0.379691660 0.921820283 -0.024595486
0.996884525 -0.061990950 0.048768435 0.116129987 0.039178167 0.925804079 0.375967920 0.053550687 -0.068456620 -0.372885942 0.925348461 -0.030784402
0.997708917 -0.054308340 0.040342528 0.068146847 0.035052128 0.925000548 0.378345609 0.052423649 -0.057864178 -0.376064718 0.924784899 -0.036932267
0.998453557 -0.045715339 0.031633206 0.020045275 0.030004717 0.922164857 0.385631561 0.054478120 -0.046800308 -0.384086072 0.922110438 -0.041539736
0.998970866 -0.038346577 0.024222724 -0.051292874 0.026196551 0.923775017 0.382038623 0.058473974 -0.037026223 -0.381010920 0.923828840 -0.047076691
0.999264061 -0.032957613 0.019625183 -0.098225027 0.023135029 0.925929725 0.376986653 0.062016036 -0.030596118 -0.376255184 0.926010728 -0.050595712
0.999653399 -0.026165675 0.002907028 -0.164971963 0.023100723 0.924759269 0.379850805 0.069359079 -0.012627355 -0.379651964 0.925043225 -0.055648953
0.999733448 -0.019283863 -0.012693616 -0.202595264 0.022714900 0.919886768 0.391525716 0.076065831 0.004126562 -0.391709715 0.920079589 -0.058033574
0.999376893 -0.016785916 -0.031049490 -0.233708933 0.027666140 0.918796659 0.393760413 0.081313968 0.021918543 -0.394374102 0.918688536 -0.060227927
0.998633981 -0.011742768 -0.050913908 -0.266974241 0.029844660 0.928016901 0.371340692 0.081903338 0.042888403 -0.372352958 0.927099705 -0.064046733
0.998786390 -0.007515418 -0.048674796 -0.264706433 0.025102500 0.927967787 0.371814042 0.080822997 0.042374302 -0.372584671 0.927030265 -0.066679075
0.999225318 -0.007100299 -0.038708963 -0.250201941 0.021126512 0.926627696 0.375386268 0.079436973 0.033203445 -0.375913233 0.926059842 -0.069152199
0.999913931 -0.008119909 -0.010307379 -0.190546319 0.011339528 0.929985225 0.367421955 0.072999969 0.006602278 -0.367507190 0.929997265 -0.074266315
0.999931812 -0.011451947 0.002273562 -0.151064456 0.009822637 0.930408239 0.366393268 0.070324562 -0.006311256 -0.366345942 0.930457354 -0.075264610
0.999546111 -0.027219260 0.012908464 -0.061779059 0.020143682 0.922510505 0.385445893 0.068640694 -0.022399748 -0.385010958 0.922640145 -0.071597666
0.999432445 -0.030373044 0.014567351 0.009083143 0.022391252 0.922084272 0.386340797 0.068096988 -0.025166670 -0.385795355 0.922241092 -0.065893851
0.999231458 -0.037039191 0.012831176 0.074010208 0.029199949 0.921723962 0.386745840 0.066106327 -0.026151555 -0.386073917 0.922097087 -0.058507010
0.998565555 -0.046780039 0.026046718 0.140511915 0.032662529 0.917684078 0.395966083 0.071216881 -0.042425968 -0.394547373 0.917895675 -0.046625946
0.996381342 -0.059338935 0.060853302 0.179250464 0.032128468 0.925782621 0.376688600 0.081609868 -0.078689232 -0.373370349 0.924338996 -0.027360523
0.994322181 -0.061484706 0.086850338 0.190002814 0.028456274 0.940089345 0.339738578 0.084766291 -0.102535807 -0.335338145 0.936501324 -0.015988341
0.991915047 -0.059840724 0.111909121 0.197375178 0.023783917 0.953877449 0.299252540 0.084004954 -0.124655083 -0.294171482 0.947588682 -0.006809826
0.989203990 -0.063834533 0.131911367 0.203357130 0.025795696 0.961935163 0.272057533 0.080785871 -0.144256860 -0.265717626 0.953196764 0.000929013
0.986101627 -0.079327971 0.145981714 0.211281329 0.035859372 0.959561229 0.279206604 0.077380680 -0.162227288 -0.270091265 0.949069560 0.010153638
0.979254305 -0.108266607 0.171287403 0.230938300 0.052177534 0.951519072 0.303131908 0.070874654 -0.195802286 -0.287905842 0.937428236 0.035640191
0.976575494 -0.119002894 0.179272339 0.244422272 0.056093577 0.945136070 0.321824998 0.065617584 -0.207734868 -0.304230362 0.929672062 0.057410967
0.976738930 -0.126414478 0.173206344 0.252437115 0.061923761 0.939616561 0.336580098 0.058270223 -0.205296144 -0.318025291 0.925588131 0.082422711
0.980242193 -0.123912610 0.154178053 0.252009928 0.064744659 0.937522411 0.341847658 0.048553329 -0.186904609 -0.325111270 0.927021742 0.111213997
0.985899389 -0.107549161 0.128201514 0.241828591 0.060388073 0.943154931 0.326821148 0.037316050 -0.156063229 -0.314470947 0.936350524 0.141299248
0.994204521 -0.069098204 0.082357600 0.209099561 0.041134957 0.952292323 0.302402377 0.024488041 -0.099323973 -0.297262013 0.949615717 0.184601068
0.998297811 -0.045617729 0.036337987 0.173692152 0.032629721 0.953284740 0.300305694 0.018668184 -0.048339710 -0.298608810 0.953150570 0.206059843
0.999497890 -0.024160895 -0.020498699 0.126197129 0.029301658 0.950988531 0.307834834 0.018007267 0.012056464 -0.308280915 0.951218963 0.217208609
0.997126877 -0.000864977 -0.075744815 0.069627672 0.025023352 0.947560966 0.318593949 0.021579590 0.071497254 -0.319573969 0.944860101 0.214401871
0.991715074 0.026585560 -0.125675902 0.008052637 0.016116977 0.944866955 0.327057660 0.028296210 0.127442017 -0.326373518 0.936610281 0.196628004
0.979688585 0.040256318 -0.196442544 -0.082464233 0.027505463 0.943404198 0.330502659 0.041488051 0.198629528 -0.329192907 0.923135042 0.145839304
0.974219382 0.047365889 -0.220574453 -0.127461657 0.030878974 0.940513849 0.338349134 0.054495353 0.223479554 -0.336437374 0.914804220 0.107023217
0.974813581 0.051624853 -0.216964066 -0.162554279 0.028000828 0.936810970 0.348713577 0.080488563 0.221256614 -0.346005917 0.911770463 0.042114351
0.979243755 0.037291929 -0.199226007 -0.163791418 0.037545234 0.932543159 0.359101057 0.099823810 0.199178413 -0.359127462 0.911786914 0.000146953
0.992771506 -0.025536451 -0.117271736 -0.117729798 0.069000930 0.920919001 0.383597583 0.134704873 0.098202050 -0.388916582 0.916024148 -0.073580042
0.995602608 -0.092950739 -0.011645118 -0.049882855 0.090782650 0.926689565 0.364698470 0.148528412 -0.023107583 -0.364151895 0.931052864 -0.109430440
0.989419281 -0.129699796 0.065018892 0.003670837 0.099061258 0.931347549 0.350397766 0.150915205 -0.106001705 -0.340249479 0.934341431 -0.123351142
0.977944911 -0.164239556 0.129031315 0.060890347 0.110060990 0.930278897 0.349953860 0.149286568 -0.177511379 -0.328034312 0.927837908 -0.124520279
0.962202251 -0.188649207 0.196413502 0.147882164 0.108520232 0.927081466 0.358808249 0.142212093 -0.249780193 -0.323931307 0.912512124 -0.100169800
0.954753637 -0.180289507 0.236518994 0.229958057 0.090442859 0.933645248 0.346592933 0.125786141 -0.283311903 -0.309519380 0.907707095 -0.046797439
0.954808533 -0.170238614 0.243638083 0.286391079 0.087970845 0.944855809 0.315449983 0.103350252 -0.283904612 -0.279761285 0.917132378 0.021854959
0.957277119 -0.167783484 0.235519081 0.296042651 0.091681227 0.948539555 0.303096175 0.089138903 -0.274253696 -0.268554389 0.923397779 0.067167595
0.979280353 -0.120761126 0.162563190 0.236169040 0.071486369 0.957207561 0.280434191 0.073211990 -0.189472273 -0.263002634 0.946007311 0.139699802
0.992064178 -0.080817379 0.096318454 0.169950575 0.052051432 0.961316049 0.270484895 0.070815235 -0.114452362 -0.263324887 0.957893848 0.158327654
0.996337712 0.001969048 -0.085482374 -0.018989880 0.022836696 0.957290888 0.288223356 0.084188558 0.082399026 -0.289119929 0.953740060 0.149606600
0.990458965 0.025085539 -0.135505706 -0.072038017 0.016532168 0.954562128 0.297553062 0.094340749 0.136812896 -0.296954274 0.945039868 0.127746388
0.986374557 0.036250710 -0.160471484 -0.100469440 0.014365924 0.952715755 0.303523123 0.104961842 0.163886651 -0.301692784 0.939213812 0.101050049
0.985096693 0.042349577 -0.166706353 -0.092366248 0.012889792 0.948312998 0.317074597 0.122127585 0.171517789 -0.314497948 0.933634162 0.057227708
0.988642216 0.038511395 -0.145270348 -0.057309490 0.010710025 0.946099222 0.323699802 0.135177881 0.149906307 -0.321579129 0.934941173 0.029504178
0.997567594 0.021302480 -0.066370621 0.020943495 0.001337269 0.946133852 0.323773026 0.155314758 0.069692656 -0.323074222 0.943804026 -0.006277497
0.999966621 -0.005145975 -0.006348711 0.077056363 0.006935669 0.945265949 0.326227218 0.168268189 0.004322463 -0.326260358 0.945270061 -0.029193217
0.996129751 -0.046721708 0.074448593 0.136114985 0.018613931 0.939942896 0.340823770 0.185884029 -0.085901298 -0.338118911 0.937174797 -0.071467571
0.992548227 -0.068253167 0.100943156 0.143749863 0.029550334 0.938500643 0.344010621 0.193930149 -0.118215032 -0.338464230 0.933524072 -0.103398375
0.990695179 -0.078521565 0.111163810 0.069623791 0.038560033 0.945256412 0.324042380 0.197967887 -0.130522609 -0.316740751 0.939488769 -0.198811755
0.992100000 -0.064750768 0.107447311 0.031907752 0.027947521 0.949052513 0.313876122 0.199239060 -0.122296870 -0.308393627 0.943364620 -0.234710053
0.992453396 -0.059680745 0.107119031 0.001166385 0.022938052 0.948504031 0.315933436 0.201078281 -0.120457970 -0.311092108 0.942714989 -0.259178042
0.993443131 -0.048750788 0.103412479 -0.019950386 0.014002057 0.949600697 0.313149273 0.202607438 -0.113466829 -0.309647977 0.944056869 -0.264270306
0.993159294 -0.030408692 0.112738267 -0.004211258 -0.005515878 0.952199578 0.305426806 0.189000666 -0.116636962 -0.303959340 0.945518136 -0.199201256
0.996104717 -0.018906137 0.086127274 0.031427301 -0.011758244 0.939541757 0.342232436 0.157495067 -0.087390460 -0.341912061 0.935659707 -0.085210755
0.998158634 -0.000364141 0.060656801 0.047311086 -0.020366777 0.939916968 0.340795100 0.133137271 -0.057136454 -0.341402948 0.938178778 -0.023312341
0.998961806 0.045553014 -0.000530507 0.059457436 -0.042912498 0.944837868 0.324715227 0.088360824 0.015292997 -0.324355334 0.945811689 0.091674417
0.990899563 0.075854093 -0.111194611 0.019045463 -0.040948942 0.956814170 0.287801623 0.074621454 0.128223509 -0.280629218 0.951212883 0.143643469
0.986879170 0.089002311 -0.134715065 -0.003692260 -0.049018826 0.960127354 0.275232017 0.082517900 0.153839901 -0.265017152 0.951892436 0.127948701
0.983278453 0.107019812 -0.147343814 -0.020771157 -0.063429609 0.959701717 0.273768693 0.096237481 0.170704782 -0.259844929 0.950442255 0.097309992
0.981613815 0.117127314 -0.150716513 -0.034258328 -0.068003982 0.952383220 0.297223210 0.123117805 0.178352833 -0.281509101 0.942837715 0.036889281
0.982804120 0.120537430 -0.139881343 -0.033908233 -0.068490505 0.941470742 0.330063432 0.144221082 0.171479195 -0.314807147 0.933537006 -0.001310757
0.984765768 0.130972058 -0.114379741 -0.022558704 -0.080075212 0.925457954 0.370291144 0.175641477 0.154351428 -0.355491072 0.921846926 -0.032484252
0.986037552 0.133532271 -0.099494137 -0.011332007 -0.087396398 0.923555613 0.373372287 0.190934494 0.141745612 -0.359463662 0.922330797 -0.029224986
0.984827399 0.132579803 -0.111971505 0.005652809 -0.086650066 0.934725523 0.344644636 0.199618161 0.150355548 -0.329713136 0.932031393 0.006476708
0.981922388 0.131485552 -0.136161521 0.015308745 -0.083535440 0.946530044 0.311613083 0.201988250 0.169853583 -0.294605553 0.940402746 0.042631194
0.976927638 0.114699505 -0.180156648 0.031024659 -0.072687127 0.971753716 0.224524617 0.219746307 0.200820744 -0.206249237 0.957670212 0.117420800
0.976130962 0.106447212 -0.189307556 0.039993472 -0.073331468 0.982001424 0.174056455 0.240121439 0.204428121 -0.156019703 0.966367960 0.162151411
0.973493516 0.085018821 -0.212325588 0.044116434 -0.065396227 0.993055046 0.097800605 0.250389576 0.219165906 -0.081322961 0.972292602 0.190882236
0.974221885 0.066033535 -0.215711027 0.045120705 -0.059020765 0.997502506 0.038798641 0.253637284 0.217734307 -0.025067057 0.975686133 0.206985816
0.979422271 0.060994498 -0.192384183 0.047238853 -0.061058104 0.998118460 0.005603714 0.265752584 0.192364007 0.006258211 0.981303692 0.232937142
0.983142078 0.056613602 -0.173857987 0.049607072 -0.054046422 0.998348594 0.019468784 0.278782606 0.174673080 -0.009744178 0.984578252 0.244628355
0.982755065 0.051670048 -0.177546471 0.051634617 -0.055249397 0.998355806 -0.015272215 0.278670073 0.176465422 0.024818182 0.983993888 0.244348943
0.983536601 0.039066706 -0.176435724 0.053755932 -0.044991370 0.998545706 -0.029703561 0.280043393 0.175018713 0.037152622 0.983863890 0.243537366
0.983109891 0.028319087 -0.180812106 0.055337079 -0.035648223 0.998663783 -0.037413824 0.280736893 0.179510996 0.043227527 0.982805789 0.242825821
0.983072281 0.026209433 -0.181333899 0.055468574 -0.033560283 0.998729587 -0.037588388 0.280654758 0.180118352 0.043037720 0.982702971 0.242915303
0.983065486 0.025514847 -0.181469560 0.055369847 -0.032940175 0.998733819 -0.038021863 0.280490935 0.180269659 0.043355621 0.982661247 0.242769033
0.983007908 0.025193550 -0.181826159 0.055343948 -0.032575607 0.998756945 -0.037727509 0.280338407 0.180649653 0.043009538 0.982606649 0.243033081
0.983027339 0.025549907 -0.181671366 0.055529870 -0.032870449 0.998759627 -0.037399024 0.280414879 0.180490479 0.042735882 0.982647896 0.243160442
0.983009577 0.025006179 -0.181843087 0.055366613 -0.032316320 0.998779595 -0.037348613 0.280471861 0.180687234 0.042590544 0.982618034 0.243038416
0.983063340 0.025853850 -0.181433186 0.055499904 -0.033152793 0.998753548 -0.037312206 0.280502528 0.180242375 0.042695280 0.982695162 0.243388042
0.983067274 0.025737366 -0.181428418 0.055503312 -0.033038169 0.998756588 -0.037333630 0.280463099 0.180241957 0.042695537 0.982695222 0.243559316
0.983030319 0.024928132 -0.181741431 0.055419341 -0.032228883 0.998783171 -0.037328698 0.280425757 0.180589750 0.042552568 0.982637584 0.243911415
0.983053982 0.024958169 -0.181609347 0.055421885 -0.032255732 0.998781919 -0.037340365 0.280556828 0.180456176 0.042565539 0.982661545 0.243669748
0.983068049 0.024808796 -0.181553707 0.055395599 -0.032148499 0.998775721 -0.037596244 0.280545741 0.180398718 0.042796347 0.982662082 0.243562594
0.983067393 0.025035724 -0.181526199 0.055461947 -0.032402489 0.998762488 -0.037730571 0.280578285 0.180356935 0.042973597 0.982662022 0.243723541
0.983064711 0.025172208 -0.181521848 0.055390615 -0.032543857 0.998757303 -0.037746370 0.280710846 0.180346116 0.043014541 0.982662201 0.243752450
0.983056784 0.025137328 -0.181569621 0.055385128 -0.032500599 0.998760760 -0.037692200 0.280632555 0.180397138 0.042954694 0.982655466 0.243701532
0.983055592 0.025262609 -0.181558654 0.055510413 -0.032614365 0.998759687 -0.037621208 0.280556887 0.180383071 0.042905159 0.982660234 0.243767872
0.983054817 0.024867799 -0.181617126 0.055432878 -0.032215737 0.998772681 -0.037620667 0.280514657 0.180458680 0.042834107 0.982649446 0.243811265
0.983060420 0.024863247 -0.181587592 0.055372585 -0.032214712 0.998771667 -0.037647415 0.280619502 0.180428520 0.042859476 0.982653856 0.243946701
0.983061910 0.024996886 -0.181561157 0.055384547 -0.032336760 0.998770297 -0.037579022 0.280698180 0.180398539 0.042813607 0.982661366 0.243914470
0.983058333 0.025171882 -0.181556359 0.055400640 -0.032532040 0.998760343 -0.037675448 0.280668825 0.180382922 0.042943560 0.982658565 0.243771777
0.983062029 0.025109500 -0.181544796 0.055504560 -0.032442786 0.998768449 -0.037537269 0.280633330 0.180378661 0.042791285 0.982666016 0.243763074
0.983075678 0.025043478 -0.181480005 0.055527791 -0.032386992 0.998767376 -0.037614364 0.280534297 0.180314317 0.042855356 0.982675016 0.243799597
0.983069777 0.025145644 -0.181497797 0.055541623 -0.032505937 0.998760521 -0.037692633 0.280553192 0.180325046 0.042954247 0.982668698 0.243868664
0.983068347 0.025201347 -0.181497991 0.055489950 -0.032566484 0.998757780 -0.037714124 0.280646026 0.180322081 0.042986311 0.982667863 0.243664011
0.983066380 0.024980590 -0.181539282 0.055401128 -0.032355063 0.998762369 -0.037774205 0.280619591 0.180370972 0.043008268 0.982657909 0.243717432
0.983092487 0.025125444 -0.181377664 0.055337433 -0.032498177 0.998757064 -0.037791312 0.280696660 0.180202708 0.043046795 0.982687116 0.243618086
0.983078241 0.025141908 -0.181452781 0.055406600 -0.032520436 0.998755872 -0.037803244 0.280730963 0.180276603 0.043064471 0.982672811 0.243523762
0.983085036 0.025224229 -0.181404412 0.055481181 -0.032619800 0.998748958 -0.037900753 0.280716658 0.180221438 0.043177038 0.982677937 0.243725687
0.983091414 0.025285367 -0.181361377 0.055467445 -0.032657590 0.998752356 -0.037778575 0.280675411 0.180179864 0.043062616 0.982690632 0.243889004
0.983086765 0.025310673 -0.181382865 0.055378087 -0.032678489 0.998752832 -0.037747134 0.280700088 0.180201262 0.043036025 0.982687831 0.243697301
0.983091891 0.025234113 -0.181365803 0.055314682 -0.032582141 0.998759687 -0.037650026 0.280696005 0.180190787 0.042922720 0.982694745 0.243577376
0.983069658 0.025127495 -0.181501284 0.055429842 -0.032486740 0.998761356 -0.037687652 0.280707359 0.180329487 0.042945966 0.982668281 0.243690014
0.983069837 0.024999350 -0.181517705 0.055451967 -0.032383293 0.998759389 -0.037829392 0.280649185 0.180346802 0.043067075 0.982659817 0.243824050
0.983067513 0.025069471 -0.181520835 0.055472821 -0.032455865 0.998756766 -0.037835896 0.280679196 0.180346623 0.043086655 0.982658982 0.243855938
0.983078957 0.025060596 -0.181459934 0.055486668 -0.032437183 0.998758793 -0.037797999 0.280647963 0.180287451 0.043044467 0.982671678 0.243746936
0.983074844 0.025053140 -0.181483313 0.055402249 -0.032415729 0.998762548 -0.037716687 0.280699074 0.180313811 0.042961240 0.982670486 0.243717179
0.983072400 0.025087716 -0.181491897 0.055492662 -0.032452092 0.998761237 -0.037721325 0.280656576 0.180320725 0.042972583 0.982668698 0.243985474
0.983067393 0.025204534 -0.181502745 0.055489220 -0.032560777 0.998759806 -0.037664235 0.280605882 0.180328354 0.042936355 0.982668877 0.243814915
0.983056009 0.025318574 -0.181548417 0.055632308 -0.032677662 0.998756230 -0.037658770 0.280640066 0.180369139 0.042953257 0.982660651 0.244084582
0.983053744 0.025083737 -0.181593463 0.055478793 -0.032438636 0.998764515 -0.037645496 0.280629724 0.180424824 0.042898193 0.982652843 0.243842036
0.983048916 0.025014680 -0.181629106 0.055509530 -0.032373171 0.998766005 -0.037662458 0.280653447 0.180462852 0.042903949 0.982645631 0.243896455
0.983062863 0.025183875 -0.181530058 0.055481937 -0.032531109 0.998762846 -0.037610333 0.280648798 0.180358291 0.042878699 0.982665896 0.243869305
0.983062506 0.025156040 -0.181535974 0.055505540 -0.032491710 0.998766422 -0.037548337 0.280611306 0.180367485 0.042810779 0.982667208 0.243942633
0.983075380 0.025244286 -0.181453854 0.055479649 -0.032597650 0.998758912 -0.037656903 0.280690104 0.180278033 0.042934544 0.982678235 0.243888676
0.983072102 0.025269192 -0.181468174 0.055472977 -0.032598678 0.998763978 -0.037521139 0.280669808 0.180295750 0.042801604 0.982680738 0.243922412
0.983079731 0.025182234 -0.181438833 0.055445898 -0.032520242 0.998764217 -0.037582226 0.280612200 0.180268228 0.042846762 0.982683837 0.244035661
0.983086050 0.025150642 -0.181409121 0.055496044 -0.032496020 0.998763144 -0.037632339 0.280646980 0.180238277 0.042890899 0.982687414 0.243979990
0.983084381 0.025112955 -0.181423426 0.055441998 -0.032459576 0.998764098 -0.037638932 0.280691653 0.180253983 0.042891175 0.982684493 0.243949175
0.983082592 0.025183657 -0.181423262 0.055495553 -0.032551229 0.998757005 -0.037747048 0.280663759 0.180247143 0.043014012 0.982680380 0.243895993
0.983071446 0.025282217 -0.181469813 0.055432517 -0.032645769 0.998755515 -0.037705295 0.280713707 0.180290714 0.042991221 0.982673407 0.243998930
0.983066499 0.025324086 -0.181491032 0.055431578 -0.032680370 0.998756230 -0.037656900 0.280719012 0.180311665 0.042950425 0.982671320 0.243882880
0.983060002 0.025267161 -0.181534186 0.055495590 -0.032629017 0.998756945 -0.037681762 0.280669212 0.180356428 0.042966712 0.982662439 0.243830919
0.983053029 0.025331095 -0.181563005 0.055441491 -0.032680448 0.998758316 -0.037601117 0.280705929 0.180385068 0.042897452 0.982660174 0.243926540
0.983056486 0.025404640 -0.181533933 0.055408105 -0.032745820 0.998757839 -0.037557214 0.280704558 0.180354297 0.042865343 0.982667208 0.243958250
0.983040690 0.025369480 -0.181624427 0.055518221 -0.032724798 0.998756289 -0.037615426 0.280692846 0.180444255 0.042921118 0.982648313 0.244059056
0.983059108 0.025481783 -0.181508780 0.055496871 -0.032830928 0.998753428 -0.037599966 0.280665815 0.180324405 0.042922094 0.982670248 0.244019240
0.983055949 0.025430156 -0.181533188 0.055469226 -0.032770965 0.998757124 -0.037553154 0.280692130 0.180352598 0.042865872 0.982667506 0.243973613
0.983075202 0.025361193 -0.181438595 0.055441093 -0.032706361 0.998757303 -0.037605759 0.280719042 0.180259377 0.042903487 0.982683003 0.243885532
0.983075142 0.025276689 -0.181450710 0.055474926 -0.032625314 0.998759031 -0.037629023 0.280673623 0.180274412 0.042912044 0.982679844 0.243893906
0.983064950 0.025315974 -0.181500539 0.055459797 -0.032669876 0.998757124 -0.037642311 0.280751944 0.180322006 0.042934436 0.982670128 0.243886873
0.983056545 0.025249956 -0.181555167 0.055493329 -0.032601170 0.998760164 -0.037620224 0.280710459 0.180380151 0.042901717 0.982660890 0.244056150
0.983060062 0.025350619 -0.181521997 0.055494733 -0.032710891 0.998754740 -0.037668835 0.280684680 0.180341020 0.042968471 0.982665181 0.243955970
0.983059168 0.025348710 -0.181527331 0.055543818 -0.032694336 0.998758316 -0.037587896 0.280685693 0.180349126 0.042886041 0.982667267 0.243987098
0.983054221 0.025358604 -0.181552514 0.055535849 -0.032713220 0.998756170 -0.037629936 0.280706912 0.180372432 0.042931434 0.982661009 0.244038537
0.983048439 0.025317144 -0.181589708 0.055428728 -0.032688815 0.998753667 -0.037717450 0.280750364 0.180408493 0.043014031 0.982650757 0.243991107
0.983047485 0.025313167 -0.181595236 0.055445910 -0.032680336 0.998754859 -0.037691936 0.280759156 0.180415034 0.042987555 0.982650757 0.243929535
0.983056426 0.025333764 -0.181544095 0.055407897 -0.032677766 0.998759329 -0.037576307 0.280711293 0.180366904 0.042872082 0.982664645 0.243963808
0.983051360 0.025187284 -0.181591824 0.055410884 -0.032532930 0.998763680 -0.037586492 0.280719191 0.180420622 0.042857166 0.982655406 0.243918210
0.983034551 0.025241967 -0.181675196 0.055452533 -0.032556459 0.998770177 -0.037392013 0.280689061 0.180507928 0.042672344 0.982647419 0.243954733
0.983057559 0.025143733 -0.181564540 0.055536162 -0.032490082 0.998764515 -0.037600700 0.280710012 0.180394799 0.042862695 0.982659936 0.244091988
0.983073294 0.025308860 -0.181456164 0.055490050 -0.032643907 0.998761415 -0.037550889 0.280759007 0.180281028 0.042838715 0.982681811 0.243958235
0.983077824 0.025135044 -0.181455716 0.055454440 -0.032485172 0.998762906 -0.037648316 0.280783504 0.180284932 0.042905848 0.982678175 0.243894219
0.983081818 0.025404174 -0.181396618 0.055413164 -0.032736503 0.998758674 -0.037542172 0.280790627 0.180217728 0.042845316 0.982693136 0.243877038
0.983090699 0.025523026 -0.181331769 0.055414211 -0.032831602 0.998760223 -0.037417941 0.280677140 0.180151924 0.042738646 0.982709885 0.243955389
0.983036220 0.025968021 -0.181564033 0.055502586 -0.033253215 0.998754561 -0.037195902 0.280609846 0.180372000 0.042602506 0.982675433 0.243746787
0.983002722 0.025843004 -0.181762889 0.055469029 -0.033105887 0.998765349 -0.037037719 0.280570000 0.180581316 0.042425599 0.982644618 0.243971050
0.983019114 0.026083685 -0.181639776 0.055548299 -0.033377383 0.998749733 -0.037213944 0.280626714 0.180441990 0.042644680 0.982660711 0.243864059
0.983156562 0.026643829 -0.180812702 0.056126159 -0.033982269 0.998714507 -0.037609711 0.281114966 0.179578200 0.043120660 0.982798219 0.244037211
0.983054221 0.024710080 -0.181642011 0.055769272 -0.032012604 0.998788178 -0.037381168 0.281177402 0.180498198 0.042562548 0.982653975 0.244070888
0.983138740 0.026233658 -0.180969715 0.056072846 -0.033646513 0.998710573 -0.038013864 0.281172961 0.179739118 0.043461900 0.982753754 0.244398266
0.983192325 0.025991250 -0.180713356 0.056134012 -0.033449076 0.998704612 -0.038344119 0.281100154 0.179482639 0.043744337 0.982788086 0.244440526
0.982965112 0.024346143 -0.182172716 0.055735227 -0.031748712 0.998779714 -0.037829153 0.280830681 0.181029409 0.042968489 0.982538581 0.243912205
0.982914627 0.023669863 -0.182533696 0.055693273 -0.030990193 0.998821378 -0.037356120 0.280797243 0.181434348 0.042374630 0.982489705 0.244125351
0.983139157 0.029280681 -0.180499539 0.055473201 -0.036713999 0.998603880 -0.037978858 0.281209707 0.179135486 0.043965362 0.982841551 0.244438544
0.982927263 0.023750640 -0.182455242 0.055606056 -0.031113703 0.998808384 -0.037599172 0.280740350 0.181344837 0.042634111 0.982495010 0.243651733
0.982973218 0.024270579 -0.182138950 0.055736985 -0.031631988 0.998791337 -0.037620462 0.280675709 0.181005746 0.042741321 0.982552826 0.243695050
0.983013332 0.024973294 -0.181827322 0.055791911 -0.032343473 0.998766243 -0.037681807 0.280703336 0.180661961 0.042922642 0.982608199 0.243539289
0.983080566 0.025949206 -0.181326225 0.055928010 -0.033328548 0.998730600 -0.037768289 0.280734390 0.180115983 0.043172613 0.982697487 0.243657261
0.983109117 0.026023399 -0.181160673 0.056037720 -0.033404216 0.998726487 -0.037810270 0.280812651 0.179946020 0.043223154 0.982726395 0.244032532
0.983083546 0.024897154 -0.181457713 0.055862363 -0.032322247 0.998751938 -0.038077123 0.280785799 0.180283234 0.043298110 0.982661307 0.244034350
0.983112454 0.024688568 -0.181329459 0.055584684 -0.032133289 0.998752058 -0.038233612 0.280865163 0.180159241 0.043414649 0.982678890 0.243853793
0.983150125 0.025847806 -0.180963472 0.056006588 -0.033333600 0.998704493 -0.038447596 0.280932844 0.179735258 0.043831922 0.982738018 0.244198039
0.983151674 0.026001904 -0.180932820 0.056087676 -0.033452410 0.998708129 -0.038248904 0.280987799 0.179704547 0.043657109 0.982751429 0.244522467
0.983141720 0.025863275 -0.181006640 0.056116033 -0.033336133 0.998707592 -0.038364869 0.280947804 0.179780453 0.043752167 0.982733309 0.244368821
0.983105659 0.024938028 -0.181332156 0.055991363 -0.032401565 0.998740315 -0.038313933 0.280921817 0.180148259 0.043542087 0.982675254 0.244166136
0.983126998 0.025150647 -0.181187093 0.056032069 -0.032645684 0.998725057 -0.038503133 0.280934960 0.179987729 0.043768443 0.982694626 0.244243696
0.983108521 0.025232548 -0.181275770 0.056044910 -0.032691438 0.998732269 -0.038276881 0.280953020 0.180080131 0.043556497 0.982687116 0.244073376
0.983115435 0.025219709 -0.181240320 0.056048054 -0.032710671 0.998724520 -0.038461767 0.280974865 0.180039167 0.043740846 0.982686460 0.244231716
0.983105481 0.025249764 -0.181289941 0.055995829 -0.032748215 0.998722315 -0.038487777 0.280979276 0.180086493 0.043774463 0.982676268 0.244105250
0.983099282 0.024960661 -0.181363761 0.055939566 -0.032460012 0.998731256 -0.038499542 0.280990839 0.180172682 0.043735944 0.982662201 0.244220421
0.983099878 0.024826005 -0.181378946 0.055925850 -0.032299314 0.998741627 -0.038365453 0.280972928 0.180198237 0.043575488 0.982664645 0.244265601
0.983090341 0.024891723 -0.181421518 0.055989802 -0.032405168 0.998730421 -0.038568135 0.280990392 0.180231154 0.043794956 0.982648849 0.244378313
0.983105242 0.025305077 -0.181283623 0.056075070 -0.032779675 0.998726428 -0.038354389 0.281009525 0.180082172 0.043648817 0.982682645 0.244376734
0.983104706 0.025127504 -0.181311235 0.056028694 -0.032596864 0.998733163 -0.038334399 0.280878037 0.180118307 0.043596908 0.982678354 0.244232848
