1.000000000 0.000000000 0.000000000 0.000000000 0.000000000 1.000000000 0.000000000 -0.000000011 0.000000000 0.000000000 1.000000000 0.000000000
0.999988019 0.001126157 0.004763294 0.001968119 -0.001143309 0.999992847 0.003599638 -0.001785025 -0.004759206 -0.003605040 0.999982178 -0.001284956
0.999974608 -0.000128131 0.007124660 0.004373851 0.000083209 0.999980092 0.006305062 -0.004647844 -0.007125326 -0.006304310 0.999954760 -0.003082059
0.999941409 -0.000243230 0.010820063 0.007868945 0.000146306 0.999959886 0.008957666 -0.009186162 -0.010821808 -0.008955558 0.999901354 -0.005184814
0.999867797 -0.001012635 0.016227026 0.012180315 0.000837315 0.999941230 0.010807348 -0.015118962 -0.016237017 -0.010792334 0.999809921 -0.007232510
0.999777496 -0.001845155 0.021014463 0.016908085 0.001587460 0.999923408 0.012272835 -0.022424119 -0.021035500 -0.012236744 0.999703825 -0.009639271
0.999650836 -0.001752040 0.026364675 0.022005452 0.001394426 0.999906838 0.013576398 -0.030590827 -0.026386006 -0.013534894 0.999560177 -0.011982744
0.999510586 -0.001224213 0.031258374 0.027312571 0.000720490 0.999869764 0.016121006 -0.039023902 -0.031274043 -0.016090596 0.999381304 -0.014575724
0.999376655 0.000342086 0.035302103 0.032747600 -0.001081345 0.999780476 0.020923961 -0.047352951 -0.035287194 -0.020949092 0.999157608 -0.017657159
0.999261260 0.000558018 0.038427304 0.037979282 -0.001602544 0.999629915 0.027156444 -0.054875977 -0.038397927 -0.027197963 0.998892307 -0.020400619
0.999175549 -0.000573362 0.040593993 0.042816758 -0.000771539 0.999451518 0.033107109 -0.062046707 -0.040590707 -0.033111133 0.998627067 -0.023257216
0.998953581 -0.001011253 0.045724828 0.047182422 -0.000705481 0.999295890 0.037513200 -0.070165075 -0.045730565 -0.037506204 0.998249471 -0.025925696
0.998617053 -0.001066021 0.052562624 0.050801080 -0.000883874 0.999312699 0.037059400 -0.079951786 -0.052565999 -0.037054610 0.997929752 -0.029008778
0.998185337 0.003945056 0.060087398 0.053961903 -0.005965822 0.999421299 0.033488266 -0.091803417 -0.059920512 -0.033785969 0.997631192 -0.032715756
0.997799635 0.005725163 0.066054031 0.056298900 -0.007724260 0.999518573 0.030049007 -0.106260873 -0.065850198 -0.030493107 0.997363508 -0.036756102
0.997510433 0.005723255 0.070286386 0.058259737 -0.007945766 0.999475896 0.031382017 -0.122977957 -0.070069946 -0.031862371 0.997033119 -0.040978923
0.997200191 0.006336149 0.074509367 0.060078438 -0.009180547 0.999239564 0.037894730 -0.141751692 -0.074212596 -0.038472671 0.996500075 -0.045503747
0.996784389 0.006944801 0.079828575 0.062277552 -0.010532922 0.998948753 0.044615019 -0.162430838 -0.079434812 -0.045312386 0.995809674 -0.049406704
0.995942235 0.011229074 0.089291364 0.064022914 -0.015383128 0.998824298 0.045971248 -0.184244663 -0.088670164 -0.047158290 0.994944096 -0.053075597
0.994914412 0.016264198 0.099402376 0.065355338 -0.020505520 0.998915672 0.041796528 -0.206884176 -0.098614804 -0.043622263 0.994169116 -0.056727167
0.994198024 0.018077580 0.106035553 0.065548234 -0.021579975 0.999255598 0.031976506 -0.229811728 -0.105378561 -0.034079224 0.993848085 -0.060489051
0.993265867 0.023655025 0.113416545 0.066005319 -0.026069367 0.999463022 0.019851528 -0.252920479 -0.112886049 -0.022674542 0.993349195 -0.063989095
0.992191017 0.030862713 0.120848924 0.066613302 -0.032182567 0.999441624 0.008984548 -0.274461240 -0.120504156 -0.012803615 0.992630243 -0.067712635
0.991003931 0.038864065 0.128065631 0.066475101 -0.039270688 0.999228418 0.000650689 -0.295383424 -0.127941534 -0.005674061 0.991765499 -0.071899310
0.990401149 0.041456923 0.131859377 0.065441854 -0.041297168 0.999139130 -0.003947169 -0.315839499 -0.131909505 -0.001536138 0.991260588 -0.076581910
0.990002096 0.042362407 0.134541124 0.064450875 -0.041759029 0.999100983 -0.007304809 -0.333251119 -0.134729624 0.001613470 0.990881085 -0.081567131
0.989507079 0.042882793 0.137973741 0.064538255 -0.042169422 0.999077737 -0.008090681 -0.346497357 -0.138193443 0.002187514 0.990402818 -0.085747771
0.988953352 0.042416558 0.142028689 0.065994501 -0.042000622 0.999100029 -0.005926453 -0.354845852 -0.142152250 -0.000104308 0.989844799 -0.088092774
0.988642335 0.038052838 0.145390227 0.068133630 -0.038277548 0.999266386 -0.001252603 -0.355702460 -0.145331219 -0.004326805 0.989373624 -0.088478476
0.988620639 0.034476560 0.146425992 0.071131185 -0.035620715 0.999351859 0.005198285 -0.349763721 -0.146151870 -0.010354931 0.989207983 -0.086927287
0.988772392 0.030737039 0.146233961 0.073551022 -0.033094976 0.999358058 0.013718380 -0.334813386 -0.145718411 -0.018403964 0.989154935 -0.083368033
0.989466250 0.023683578 0.142813101 0.076545127 -0.027590580 0.999295533 0.025439220 -0.314269125 -0.142110005 -0.029111544 0.989422679 -0.078024216
0.989983976 0.016075315 0.140261561 0.078338809 -0.022069300 0.998903692 0.041284028 -0.288469225 -0.139444143 -0.043965999 0.989253402 -0.072190285
0.990052283 0.009500640 0.140378758 0.080094747 -0.018308084 0.997934043 0.061583038 -0.260289580 -0.139503673 -0.063540496 0.988180816 -0.066510275
0.990032613 0.001323218 0.140831947 0.081786439 -0.013347015 0.996336937 0.084466688 -0.231460035 -0.140204310 -0.085504465 0.986423731 -0.060833812
0.989967763 -0.006038434 0.141164407 0.083641648 -0.009331607 0.994110882 0.107965343 -0.202996224 -0.140985027 -0.108199500 0.984081328 -0.055718727
0.990146220 -0.014784208 0.139254779 0.084965959 -0.003665137 0.991334975 0.131306976 -0.175990656 -0.139989406 -0.130523503 0.981512427 -0.050755493
0.990665793 -0.022150582 0.134501263 0.085611410 0.001564028 0.988490999 0.151271611 -0.151995718 -0.136304036 -0.149649262 0.979298890 -0.046506152
0.990870655 -0.027211972 0.132040977 0.087027989 0.004692170 0.985784948 0.167946517 -0.131861672 -0.134734154 -0.165793717 0.976913095 -0.043696955
0.991517603 -0.030029645 0.126455635 0.087761760 0.007103911 0.984009564 0.177973911 -0.115298428 -0.129778057 -0.175565943 0.975876153 -0.042251069
0.992120743 -0.030856866 0.121426076 0.088760860 0.008104179 0.982971787 0.183577612 -0.102775365 -0.125023037 -0.181147084 0.975476801 -0.042266432
0.992348254 -0.024335343 0.121048473 0.089145973 0.001606150 0.982845783 0.184422225 -0.095374189 -0.123459958 -0.182816654 0.975364387 -0.042836498
0.992546141 -0.015450139 0.120886303 0.089471288 -0.007030937 0.983019769 0.183365047 -0.093710251 -0.121666633 -0.182848215 0.975583792 -0.044368669
0.992695808 -0.007389346 0.120417938 0.089618981 -0.014810760 0.983108401 0.182423875 -0.098719597 -0.119731888 -0.182874903 0.975818157 -0.047095813
0.992975712 -0.001402030 0.118310168 0.089494556 -0.020257253 0.983150959 0.181669652 -0.110703081 -0.116571456 -0.182790190 0.976216614 -0.051350504
0.993332624 0.003273511 0.115236834 0.089041471 -0.024112390 0.983387113 0.179912046 -0.128690004 -0.112733468 -0.181491151 0.976909459 -0.056784920
0.993426740 0.007690005 0.114211164 0.088680014 -0.027605016 0.984388232 0.173832506 -0.152110130 -0.111091353 -0.175842673 0.978129864 -0.063187592
0.993497908 0.009705898 0.113435932 0.088019639 -0.028198324 0.986292779 0.162577406 -0.179099843 -0.110303082 -0.164719000 0.980153501 -0.069805287
0.993395269 0.011813743 0.114132725 0.087600626 -0.028537037 0.988869131 0.146025702 -0.208578154 -0.111137219 -0.148318246 0.982675016 -0.076221600
0.993243873 0.014098687 0.115186006 0.088028453 -0.028589604 0.991727054 0.125140220 -0.238542512 -0.112468764 -0.127587885 0.985429943 -0.081986763
0.993204534 0.017377703 0.115077138 0.087991677 -0.029302651 0.994274497 0.102759935 -0.272007585 -0.112632528 -0.105433695 0.988027155 -0.089194976
0.993122935 0.021104163 0.115158431 0.088150926 -0.030201072 0.996509016 0.077830948 -0.302839041 -0.113113858 -0.080773599 0.990293324 -0.095532402
0.993192017 0.022069003 0.114378855 0.088156410 -0.028366070 0.998152912 0.053722482 -0.332933694 -0.112981990 -0.056601223 0.991983533 -0.101928897
0.993049264 0.022853538 0.115459315 0.088727862 -0.026765175 0.999115169 0.032442782 -0.359927148 -0.114615716 -0.035307568 0.992782235 -0.107961476
0.992942214 0.020479195 0.116817713 0.089010254 -0.022290103 0.999650478 0.014216585 -0.382978320 -0.116485730 -0.016720125 0.993051589 -0.113038398
0.992658436 0.021403512 0.119042732 0.090659030 -0.021500940 0.999768734 -0.000466000 -0.399045646 -0.119025178 -0.002096952 0.992889047 -0.115582570
0.992425919 0.020555131 0.121112458 0.092161179 -0.019471664 0.999759138 -0.010122778 -0.407873780 -0.121291362 0.007687846 0.992587149 -0.117158107
0.991807520 0.022444090 0.125753984 0.090416595 -0.020909777 0.999690115 -0.013507807 -0.412338555 -0.126018181 0.010767656 0.991969466 -0.122008681
0.991772711 0.021757420 0.126148760 0.091976725 -0.020836081 0.999745727 -0.008618660 -0.404026181 -0.126304209 0.005919307 0.991973877 -0.118710332
0.992036343 0.019343013 0.124457888 0.093220286 -0.019664956 0.999805689 0.001358676 -0.388198465 -0.124407433 -0.003795315 0.992223978 -0.113719374
0.992272079 0.018247306 0.122732192 0.094132654 -0.020013880 0.999712884 0.013176234 -0.366763473 -0.122456521 -0.015530755 0.992352366 -0.107502505
0.992464125 0.018416831 0.121143728 0.094712131 -0.021635955 0.999445438 0.025311166 -0.341953546 -0.120610401 -0.027741486 0.992312193 -0.101047426
0.992481053 0.019820267 0.120783135 0.095337994 -0.024466699 0.999011695 0.037108291 -0.315094203 -0.119928271 -0.039784443 0.991985083 -0.094170555
0.992945790 0.017930990 0.117205761 0.095188551 -0.023819713 0.998512924 0.049036495 -0.287485927 -0.116152190 -0.051482387 0.991896272 -0.087923028
0.993489265 0.014985638 0.112935781 0.094248086 -0.022416404 0.997645378 0.064816527 -0.258977354 -0.111698538 -0.066926144 0.991485894 -0.081051223
0.993906856 0.010100311 0.109759755 0.093039103 -0.019498872 0.996199012 0.084895812 -0.230080411 -0.108485080 -0.086518712 0.990325928 -0.074679002
0.994335651 0.004014423 0.106209837 0.091141634 -0.015373267 0.994210303 0.106346138 -0.201908007 -0.105167992 -0.107376553 0.988640487 -0.068798944
0.994648039 -0.004595406 0.103219010 0.090803392 -0.008454997 0.992039680 0.125641316 -0.174808517 -0.102974735 -0.125841618 0.986691475 -0.061859913
0.994774699 -0.009621764 0.101640396 0.088881426 -0.004720287 0.990150034 0.139930695 -0.150208145 -0.101985626 -0.139679283 0.984930754 -0.057001416
0.995118678 -0.015119126 0.097520538 0.087056473 0.000314634 0.988675475 0.150069028 -0.129660338 -0.098685078 -0.149305820 0.983854175 -0.052624542
0.995415866 -0.013406240 0.094696991 0.086237609 -0.001695972 0.987497211 0.157627225 -0.113270983 -0.095626198 -0.157065243 0.982947707 -0.049706098
0.995347142 -0.006324301 0.096145943 0.086456917 -0.009644922 0.986292362 0.164725184 -0.102952912 -0.095869780 -0.164886057 0.981642306 -0.048288744
0.995269060 -0.000145609 0.097157165 0.086330771 -0.016645091 0.984958589 0.171986923 -0.099825405 -0.095720828 -0.172790453 0.980296373 -0.048633665
0.995268643 0.004727523 0.097046115 0.086544342 -0.022209585 0.983440399 0.179865718 -0.105049528 -0.094588749 -0.181170076 0.978892446 -0.050931357
0.995407224 0.005498469 0.095573261 0.086214378 -0.023114964 0.982614338 0.184213951 -0.118732162 -0.092898756 -0.185577080 0.978228509 -0.055118151
0.995513856 0.005932029 0.094429888 0.085798591 -0.023200279 0.982868433 0.182842508 -0.139255613 -0.091727532 -0.184213057 0.978596747 -0.060810070
0.995243073 0.008753877 0.097028710 0.085454546 -0.025844991 0.983993173 0.176321968 -0.164350539 -0.093932085 -0.177990928 0.979538679 -0.067243621
0.994465411 0.010717597 0.104516245 0.087048225 -0.028124150 0.985635638 0.166527703 -0.193324223 -0.101230152 -0.168545470 0.980481982 -0.071752138
0.992928267 0.019098189 0.117169745 0.088560991 -0.037070323 0.987501919 0.153185263 -0.224447459 -0.112779789 -0.156445488 0.981226563 -0.077349223
0.991645336 0.023729634 0.126792729 0.089422777 -0.041330446 0.989563167 0.138045594 -0.257104784 -0.122193635 -0.142132685 0.982276440 -0.083512165
0.990612924 0.028180294 0.133760601 0.089438692 -0.044840090 0.991365612 0.123221636 -0.290511012 -0.129133254 -0.128062785 0.983323216 -0.090138778
0.990570128 0.021142662 0.135365456 0.088386759 -0.036402155 0.993123710 0.111266278 -0.324523091 -0.132082164 -0.115144648 0.984528303 -0.097069263
0.990136385 0.017826978 0.138968199 0.087796934 -0.032551493 0.994000971 0.104415171 -0.358481884 -0.136273116 -0.107908882 0.984776795 -0.104195207
0.989908159 0.007333769 0.141520694 0.086086981 -0.021540536 0.994842529 0.099117704 -0.393334121 -0.140063897 -0.101165853 0.984960675 -0.113783240
0.989663720 0.001405863 0.143400475 0.085118629 -0.014811803 0.995606065 0.092461474 -0.423645705 -0.142640397 -0.093629785 0.985336065 -0.121550709
0.989750147 -0.006138158 0.142677784 0.083871588 -0.005835637 0.996503055 0.083352268 -0.449068159 -0.142690480 -0.083330542 0.986253262 -0.128944188
0.990082681 -0.006387894 0.140340492 0.083321504 -0.003805310 0.997379720 0.072243787 -0.466130346 -0.140434250 -0.072061367 0.987464130 -0.134341925
0.989972234 0.000824433 0.141259491 0.083581015 -0.009489781 0.998112082 0.060680844 -0.474143833 -0.140942782 -0.061412871 0.988111138 -0.137462512
0.989309132 0.011100671 0.145410597 0.084713474 -0.018692564 0.998526335 0.050948221 -0.473689616 -0.144630760 -0.053121638 0.988058746 -0.137703463
0.988607705 0.021973563 0.148902386 0.086738981 -0.028813871 0.998618662 0.043937542 -0.464179248 -0.147731245 -0.047727451 0.987875283 -0.134383813
0.987873733 0.030637978 0.152206421 0.088136159 -0.037497416 0.998396695 0.042402014 -0.447271764 -0.150663286 -0.047595181 0.987438738 -0.129463002
0.987517118 0.035357218 0.153491989 0.088606223 -0.042638306 0.998103261 0.044405580 -0.424316227 -0.151630804 -0.050395906 0.987151623 -0.123585857
0.986583054 0.042340793 0.157674149 0.089318067 -0.050381832 0.997606814 0.047353361 -0.397458166 -0.155291811 -0.054661933 0.986355186 -0.115846075
0.986042559 0.043618273 0.160678312 0.090950347 -0.052407373 0.997329175 0.050872587 -0.366556346 -0.158030197 -0.058583267 0.985694885 -0.106525928
0.984748006 0.046399891 0.167685509 0.092396304 -0.056334257 0.996897101 0.054978687 -0.335199714 -0.164614201 -0.063586593 0.984306335 -0.097162127
0.984229445 0.044305760 0.171258390 0.093190148 -0.055388000 0.996631384 0.060481649 -0.302788466 -0.168001801 -0.069013476 0.983367980 -0.088280432
0.984365344 0.035874989 0.172446758 0.094112702 -0.048797023 0.996261537 0.071287088 -0.269233614 -0.169244647 -0.078587420 0.982435882 -0.079528213
0.986192822 0.024618078 0.163761139 0.094094165 -0.038853806 0.995682359 0.084303029 -0.235451221 -0.160978705 -0.089501776 0.982891321 -0.072121397
0.987663805 0.013686039 0.155990213 0.094188146 -0.029544543 0.994568467 0.099803522 -0.203353822 -0.153777033 -0.103180990 0.982703567 -0.066337034
0.988894880 0.003663648 0.148571566 0.094310582 -0.021097898 0.993032038 0.115940660 -0.173309863 -0.147111550 -0.117787674 0.982081592 -0.061252825
0.989852130 -0.005899160 0.141978770 0.094523780 -0.012886358 0.991294742 0.131029412 -0.146978781 -0.141515762 -0.131529346 0.981159151 -0.056193624
0.990109921 -0.015245419 0.139462948 0.095260002 -0.005267231 0.989337742 0.145544082 -0.125620499 -0.140194833 -0.144839227 0.979472816 -0.052214790
0.990311265 -0.023038693 0.136940882 0.096310548 0.000673876 0.986927152 0.161165640 -0.109211303 -0.138863727 -0.159511879 0.977380574 -0.048516151
0.990380824 -0.024280289 0.136221379 0.096740074 0.000263017 0.984812319 0.173622087 -0.101994969 -0.138368100 -0.171916172 0.975345612 -0.048611406
0.990710378 -0.024354517 0.133790284 0.097036183 -0.000463995 0.983221233 0.182416588 -0.103491277 -0.135988116 -0.180784076 0.974076152 -0.050996687
0.991310120 -0.024499198 0.129244223 0.096994564 -0.000135232 0.982313812 0.187242091 -0.114400871 -0.131545678 -0.185632467 0.973774254 -0.055502024
0.991737843 -0.022285603 0.126330346 0.096875571 -0.001687084 0.982443154 0.186554432 -0.133737653 -0.128269851 -0.185226232 0.974288523 -0.061958648
0.992208064 -0.019202387 0.123103380 0.095773093 -0.003384704 0.983532846 0.180697784 -0.159484670 -0.124546051 -0.179706469 0.975804210 -0.070119046
0.992148101 -0.009770332 0.124686390 0.095162079 -0.012060959 0.984823227 0.173140839 -0.190141737 -0.124485701 -0.173285201 0.976972640 -0.078682177
0.991451859 -0.001135730 0.130468071 0.094927199 -0.020474762 0.986218452 0.164176702 -0.223978743 -0.128856480 -0.165444613 0.977764845 -0.087217607
0.990565062 0.005027841 0.136950910 0.094628908 -0.026497893 0.987495303 0.155405492 -0.259809196 -0.134457022 -0.157568157 0.978311598 -0.095760688
0.989924073 0.009869308 0.141254649 0.093804687 -0.030894473 0.988588452 0.147439376 -0.291429847 -0.138187602 -0.150317773 0.978932440 -0.099531651
0.990081668 0.010050952 0.140133187 0.091625415 -0.030218791 0.989326775 0.142545789 -0.324705303 -0.137204811 -0.145366639 0.979818046 -0.107355751
0.990219891 0.008763457 0.139240131 0.089142829 -0.028051509 0.990149796 0.137173280 -0.355783492 -0.136666462 -0.139737591 0.980711818 -0.114923798
0.990105271 0.006308792 0.140184879 0.087162323 -0.024383962 0.991526127 0.127598330 -0.384750873 -0.138191968 -0.129754052 0.981869042 -0.121377520
0.989636540 0.002839357 0.143566981 0.085191846 -0.019074196 0.993543983 0.111832783 -0.411900401 -0.142322585 -0.113412231 0.983301580 -0.126978770
0.989177406 -0.002273689 0.146706924 0.083423413 -0.011147927 0.995825052 0.090598837 -0.435784370 -0.146300420 -0.091253802 0.985022306 -0.131760135
0.989401996 -0.009915901 0.144863278 0.081331499 -0.000001438 0.997664809 0.068300046 -0.454237998 -0.145202249 -0.067576416 0.987091541 -0.134100869
0.989067793 -0.009838394 0.147132918 0.080256790 0.002624986 0.998788416 0.049140502 -0.465337664 -0.147438124 -0.048217069 0.987895310 -0.134987444
0.988740921 -0.005398679 0.149540216 0.079872586 0.000093474 0.999371052 0.035461109 -0.467884213 -0.149637610 -0.035047870 0.988119543 -0.134550333
0.988208354 0.004771822 0.153040841 0.080066204 -0.009510444 0.999497235 0.030246029 -0.461918652 -0.152819559 -0.031344865 0.987756908 -0.133332908
0.987614155 0.013981519 0.156277895 0.081406184 -0.019265445 0.999291003 0.032347634 -0.447666615 -0.155714810 -0.034957744 0.987183273 -0.129099354
0.987535298 0.018344155 0.156325012 0.082267404 -0.024826588 0.998906493 0.039616425 -0.426878691 -0.155427337 -0.043003637 0.986910880 -0.123477511
0.987500072 0.019506950 0.156406969 0.082814828 -0.027447782 0.998432696 0.048772208 -0.401634634 -0.155210435 -0.052455582 0.986487806 -0.116506912
0.987203121 0.018488582 0.158392325 0.083409302 -0.028024804 0.997912347 0.058185834 -0.374276519 -0.156985894 -0.061880153 0.985660315 -0.108192667
0.986384571 0.020177390 0.163212419 0.084965147 -0.031773277 0.997127652 0.068752334 -0.345039219 -0.161356390 -0.073002040 0.984192491 -0.099206775
0.985223711 0.021273402 0.169946134 0.086845495 -0.035319880 0.996163964 0.080061764 -0.315170109 -0.167591035 -0.084881231 0.982195735 -0.090128914
0.985076070 0.020837259 0.170853630 0.088384345 -0.037141830 0.994992077 0.092796519 -0.285285503 -0.168064401 -0.097757444 0.980916858 -0.080918856
0.985059023 0.016568718 0.171418101 0.090170451 -0.035128713 0.993765235 0.105814055 -0.256079406 -0.168596148 -0.110254794 0.979499459 -0.072859690
0.986192048 0.000245982 0.165605590 0.091640428 -0.019810453 0.992993355 0.116497606 -0.229237854 -0.164416596 -0.118169740 0.979287028 -0.063196950
0.987655818 -0.016769983 0.155739442 0.091573685 -0.002869911 0.992148280 0.125034437 -0.205054179 -0.156613454 -0.123937942 0.979852855 -0.056273252
0.988799632 -0.033078991 0.145537063 0.091530547 0.013866479 0.991272867 0.131094724 -0.183847874 -0.148603424 -0.127608329 0.980628967 -0.050627518
0.989384234 -0.042078201 0.139098123 0.091775589 0.023297731 0.990709662 0.133983657 -0.165869743 -0.143443629 -0.129320636 0.981172800 -0.046232466
0.989174187 -0.045433193 0.139536008 0.092359498 0.026478248 0.990517676 0.134809524 -0.151528627 -0.144337699 -0.129655421 0.980997503 -0.042232778
0.989147782 -0.042091914 0.140765682 0.092666149 0.022546314 0.990222037 0.137666389 -0.140363604 -0.145183906 -0.132998660 0.980424881 -0.039281141
0.989167571 -0.034674283 0.142636627 0.092998475 0.013905246 0.989464998 0.144103035 -0.133908570 -0.146130621 -0.140558645 0.979228854 -0.037037004
0.988948762 -0.026470955 0.145875573 0.093256280 0.003624874 0.987954497 0.154702291 -0.133559138 -0.148213536 -0.152463868 0.977132320 -0.036863293
0.989129126 -0.019763201 0.145715281 0.092975117 -0.004866972 0.985984564 0.166765451 -0.140172571 -0.146968827 -0.165661752 0.975169897 -0.039001867
0.989421368 -0.017465219 0.144014850 0.091539681 -0.008291257 0.984295726 0.176332429 -0.155255213 -0.144832894 -0.175661132 0.973738492 -0.043548118
0.990132034 -0.017045934 0.139097244 0.088609509 -0.008245161 0.983769178 0.179249153 -0.175118268 -0.139895052 -0.178627208 0.973920763 -0.049622953
0.990818560 -0.016218919 0.134222016 0.085234389 -0.007529588 0.984617651 0.174560696 -0.199972942 -0.134988561 -0.173968613 0.975455284 -0.056902219
0.991071105 -0.016274290 0.132337496 0.081804737 -0.005689420 0.986457527 0.163918152 -0.228352666 -0.133212969 -0.163207456 0.977556944 -0.064575881
0.991210401 -0.017297585 0.131159157 0.078587122 -0.002519430 0.988767445 0.149441138 -0.259625018 -0.132270873 -0.148458049 0.980032980 -0.072077006
0.991161585 -0.018654112 0.131342098 0.076297686 0.001066053 0.991152287 0.132725403 -0.292181581 -0.132655904 -0.131412312 0.982411921 -0.079654798
0.991201699 -0.018884236 0.131005824 0.074440889 0.004032054 0.993618488 0.112721302 -0.325774312 -0.132298470 -0.111201324 0.984952450 -0.087861627
0.991267383 -0.020558015 0.130254924 0.072007619 0.008978387 0.996002674 0.088870779 -0.359356195 -0.131561249 -0.086925223 0.987489581 -0.096249424
0.991165042 -0.020525569 0.131036296 0.070214488 0.012415672 0.997973382 0.062410124 -0.392337650 -0.132051751 -0.060231835 0.989411175 -0.105071068
0.990670443 -0.022788340 0.134360716 0.065631047 0.018348591 0.999246895 0.034189846 -0.426951855 -0.135038659 -0.031405542 0.990342498 -0.117024936
0.990129054 -0.018763838 0.138896957 0.064300179 0.017843483 0.999809802 0.007868551 -0.455182195 -0.139018193 -0.005312475 0.990275562 -0.124844864
0.989692330 -0.012922357 0.142625883 0.063174121 0.014966720 0.999799907 -0.013270210 -0.478636265 -0.142425880 0.015268067 0.989687681 -0.132230297
0.989399672 -0.007282152 0.145035341 0.062249843 0.011237566 0.999586403 -0.026471512 -0.495453119 -0.144782588 0.027820749 0.989072323 -0.138355836
0.988905489 -0.002558955 0.148523867 0.061353866 0.007377508 0.999463797 -0.031901103 -0.504675150 -0.148362607 0.032642912 0.988394141 -0.142069474
0.988219678 0.003477741 0.153002605 0.061672010 0.000959858 0.999581277 -0.028920002 -0.505762637 -0.153039113 0.028726175 0.987802505 -0.143185958
0.987137914 0.007571032 0.159691676 0.061616965 -0.004356173 0.999780953 -0.020472139 -0.499904364 -0.159811690 0.019513179 0.986954629 -0.143005252
0.986360371 0.012006120 0.164161563 0.062528245 -0.010756644 0.999906063 -0.008498113 -0.486937195 -0.164248168 0.006616374 0.986396849 -0.139281332
0.985880554 0.012788957 0.166960835 0.064305909 -0.013498625 0.999904037 0.003116309 -0.468486577 -0.166904956 -0.005326050 0.985958576 -0.132721022
0.985718489 0.014167229 0.167804599 0.067654774 -0.016661402 0.999770522 0.013464906 -0.440752566 -0.167575330 -0.016068466 0.985728323 -0.124287024
0.985410035 0.014876395 0.169545710 0.069905266 -0.019235607 0.999524534 0.024097573 -0.413797468 -0.169106603 -0.027007304 0.985227644 -0.115907878
0.984997332 0.014261266 0.171979338 0.072944425 -0.020697353 0.999148607 0.035688676 -0.386362433 -0.171323955 -0.038712770 0.984453857 -0.107387960
0.984146237 0.015532589 0.176677540 0.076645888 -0.024436375 0.998532355 0.048331965 -0.359675854 -0.175667509 -0.051883083 0.983081400 -0.099655502
0.983845890 0.014455594 0.178432941 0.081701852 -0.026243906 0.997612238 0.063883297 -0.342818975 -0.177083403 -0.067534097 0.981876075 -0.095455550
0.984512627 0.014725002 0.174694330 0.084697478 -0.028243084 0.996772230 0.075149544 -0.321106225 -0.173023880 -0.078919582 0.981750727 -0.091955721
0.985571980 0.013041790 0.168753639 0.086933330 -0.027716514 0.996004045 0.084898591 -0.301321477 -0.166972086 -0.088350937 0.981995106 -0.089904085
0.987559378 0.007656852 0.157060072 0.087883599 -0.022886459 0.995176911 0.095389061 -0.283282220 -0.155572191 -0.097796910 0.982971549 -0.088621423
0.989173591 0.000142493 0.146750286 0.088216521 -0.016298115 0.993919909 0.108892731 -0.266689271 -0.145842507 -0.110105567 0.983161569 -0.087960832
0.990677178 -0.008796291 0.135946259 0.088151321 -0.008290198 0.992171109 0.124610551 -0.249382734 -0.135978058 -0.124575846 0.982848346 -0.087488122
0.991239309 -0.013343003 0.131402358 0.089557379 -0.005142676 0.990230501 0.139345080 -0.234485999 -0.131977901 -0.138800085 0.981486797 -0.083939299
0.991137803 -0.017322129 0.131703600 0.089474574 -0.002979713 0.988312840 0.152410313 -0.224630356 -0.132804438 -0.151452050 0.979502559 -0.084830038
0.991360545 -0.017865431 0.129942790 0.089201927 -0.003521568 0.986698151 0.162524849 -0.217249990 -0.131117895 -0.161578327 0.978110671 -0.086314961
0.991908789 -0.021250363 0.125161335 0.088452369 -0.000329533 0.985456765 0.169926122 -0.211866170 -0.126952067 -0.168592468 0.977476239 -0.088806197
0.993039131 -0.022616860 0.115592837 0.086891979 0.002034315 0.984538257 0.175157994 -0.208180949 -0.117767096 -0.173703581 0.977731049 -0.093835220
0.994464874 -0.022755694 0.102576017 0.084942952 0.003918378 0.983618557 0.180219874 -0.205268934 -0.104996696 -0.178820387 0.978263259 -0.099064238
0.995342731 -0.022392310 0.093762919 0.083689667 0.004705836 0.982774317 0.184749693 -0.204144761 -0.096284762 -0.183448017 0.978302658 -0.104064383
0.995712698 -0.022658613 0.089682020 0.082560964 0.005106248 0.981519759 0.191292733 -0.204839498 -0.092359103 -0.190014660 0.977427363 -0.109385706
0.995691478 -0.019218564 0.090714358 0.081976399 0.000839491 0.980114520 0.198430777 -0.205697015 -0.092724018 -0.197499692 0.975907862 -0.113700263
0.995529413 -0.018326914 0.092657045 0.080797620 -0.001459328 0.977893233 0.209099814 -0.207496300 -0.094440848 -0.208300218 0.973494709 -0.118078753
0.995194793 -0.017159168 0.096399367 0.079887293 -0.004967340 0.974409163 0.224726766 -0.209053516 -0.097788543 -0.224125773 0.969641685 -0.122530133
0.994932115 -0.013654558 0.099617399 0.079243779 -0.011749404 0.968160748 0.250053346 -0.208873853 -0.099860020 -0.249956548 0.963093817 -0.127707332
0.994833946 -0.013425341 0.100624129 0.078804329 -0.015989030 0.958122730 0.285911083 -0.207294121 -0.100248724 -0.286042929 0.952958345 -0.132880360
0.994926810 -0.017514108 0.099065341 0.078399338 -0.016513834 0.942938864 0.332556188 -0.204330936 -0.099236988 -0.332504988 0.937865913 -0.137864053
0.995023727 -0.025609052 0.096290991 0.077698678 -0.013775295 0.921768486 0.387495875 -0.200923532 -0.098681405 -0.386894047 0.916828752 -0.143332288
0.994929075 -0.033755362 0.094745398 0.077572048 -0.011910396 0.895831704 0.444233894 -0.196249604 -0.099871203 -0.443109691 0.890886962 -0.149429739
0.994449496 -0.041335389 0.096755452 0.077853471 -0.012105093 0.868540943 0.495469570 -0.192586660 -0.104516499 -0.493890703 0.863219738 -0.154099166
0.993736625 -0.051606219 0.099117532 0.078186400 -0.009358376 0.845429897 0.534004450 -0.190211996 -0.111354873 -0.531587362 0.839651704 -0.157270491
0.993234813 -0.058345858 0.100400858 0.078265406 -0.007399168 0.831051648 0.556146026 -0.189820856 -0.115887113 -0.553126454 0.824997783 -0.159735441
0.992608964 -0.065550812 0.102130078 0.077800058 -0.003349388 0.826450706 0.562999189 -0.191304818 -0.121310525 -0.559180081 0.820122838 -0.160322934
0.992384791 -0.067460850 0.103060506 0.077074021 -0.001573317 0.829679728 0.558237493 -0.193576396 -0.123166390 -0.554148495 0.823255420 -0.160424367
0.992173553 -0.068097584 0.104662821 0.076319702 -0.000086322 0.837825000 0.545938909 -0.196462601 -0.124866247 -0.541675150 0.831261933 -0.160499096
0.992226660 -0.065987438 0.105508141 0.075554162 -0.000227008 0.846875072 0.531791806 -0.198747054 -0.124443792 -0.527681947 0.840277016 -0.161187246
0.992313743 -0.064563021 0.105570368 0.074731216 0.000294909 0.854341328 0.519712269 -0.200445935 -0.123747326 -0.515686452 0.847793698 -0.162149221
0.992554069 -0.064597487 0.103264444 0.073655084 0.002492914 0.858382881 0.513003528 -0.201071113 -0.121779166 -0.508926332 0.852152467 -0.163993776
0.992713332 -0.063921228 0.102148354 0.072420493 0.002743021 0.859473109 0.511173606 -0.201095730 -0.120468602 -0.507168651 0.853385746 -0.166410327
0.992537975 -0.068752669 0.100704744 0.070261583 0.007471927 0.858623326 0.512552559 -0.200669855 -0.121706799 -0.507975399 0.852729976 -0.169136345
0.992384970 -0.072451003 0.099614061 0.067426763 0.010616602 0.856020629 0.516832709 -0.199744865 -0.122716732 -0.511839390 0.850271165 -0.172310323
0.992022276 -0.077358320 0.099536516 0.064125448 0.014712613 0.855229855 0.518040061 -0.199003413 -0.125201300 -0.512442827 0.849545181 -0.174259931
0.991635859 -0.080075234 0.101223797 0.060047176 0.016764797 0.857541859 0.514140964 -0.198111922 -0.127973601 -0.508143663 0.851711690 -0.177189112
0.991180420 -0.078816064 0.106533676 0.056212924 0.014220193 0.862525880 0.505813062 -0.198063135 -0.131754249 -0.499837071 0.856039524 -0.180003822
0.990381002 -0.078777350 0.113752536 0.052675679 0.012171939 0.868520260 0.495504230 -0.198959410 -0.137830883 -0.489353389 0.861124814 -0.182486415
0.989490628 -0.081963725 0.119122937 0.049245946 0.013564527 0.872809708 0.487872183 -0.200704858 -0.143959478 -0.481129110 0.864748836 -0.185091704
0.988925934 -0.084299788 0.122143395 0.046133872 0.014553588 0.874132872 0.485468745 -0.202470109 -0.147694468 -0.478314996 0.865679562 -0.189132571
0.988588870 -0.085262671 0.124186695 0.043543018 0.013934966 0.872626841 0.488188714 -0.202924535 -0.149992913 -0.480887383 0.863857329 -0.191870868
0.989213288 -0.081703812 0.121579565 0.040674333 0.010998320 0.869078755 0.494551539 -0.202537015 -0.146068960 -0.487879753 0.860602796 -0.196907580
0.989768565 -0.077744201 0.119641371 0.037934441 0.007291883 0.864981949 0.501749992 -0.201136425 -0.142495781 -0.495743930 0.856698871 -0.200495660
0.990101039 -0.072251126 0.120331720 0.035607409 0.001338769 0.862151504 0.506648779 -0.199904114 -0.140350118 -0.501472354 0.853713870 -0.203436375
0.990122736 -0.066949427 0.123185597 0.033577532 -0.004596801 0.862648368 0.505783260 -0.199466750 -0.140127748 -0.501353800 0.853820026 -0.204914898
0.990177810 -0.065101482 0.123732194 0.031200824 -0.005699823 0.865447581 0.500967145 -0.199423611 -0.139697418 -0.496751785 0.856575906 -0.205410615
0.990865946 -0.063261390 0.119091228 0.028635921 -0.004032928 0.868836880 0.495081991 -0.200279847 -0.134790435 -0.491040140 0.860645771 -0.205780804
0.991453826 -0.064140439 0.113601789 0.026608082 0.000205219 0.871555924 0.490296125 -0.200977340 -0.130458117 -0.486082673 0.864120603 -0.206004962
0.991768956 -0.069005512 0.107854269 0.023547556 0.007892275 0.873690963 0.486417294 -0.201551676 -0.127796769 -0.481562376 0.867044210 -0.205702096
0.992188990 -0.069576100 0.103538372 0.021642819 0.010790039 0.874764323 0.484428525 -0.201286927 -0.124276318 -0.479527473 0.868682265 -0.205900908
0.992685854 -0.066617474 0.100682184 0.020382568 0.009538760 0.874644995 0.484670192 -0.200565249 -0.120348662 -0.480164856 0.868883133 -0.205762252
0.992852271 -0.065321557 0.099887371 0.019642970 0.008716220 0.874379039 0.485165268 -0.199836224 -0.119031176 -0.480826765 0.868698597 -0.205153346
0.993079782 -0.063077778 0.099064305 0.019408017 0.007095795 0.874205053 0.485505104 -0.199137762 -0.117227092 -0.481442392 0.868602931 -0.204431102
0.993245065 -0.063428089 0.097165450 0.018936222 0.008382913 0.874412417 0.485110939 -0.198912024 -0.115732342 -0.481019497 0.869037569 -0.203659743
0.993419409 -0.062233511 0.096150197 0.018989060 0.007874440 0.874621212 0.484742910 -0.198577270 -0.114262260 -0.480795890 0.869355798 -0.202803299
0.993512154 -0.062405244 0.095074832 0.019441733 0.008576753 0.874731779 0.484531432 -0.198360339 -0.113402277 -0.480572432 0.869591892 -0.201992512
0.993447602 -0.062539697 0.095658779 0.021126656 0.008445170 0.874877512 0.484270632 -0.198199809 -0.113975853 -0.480289638 0.869673133 -0.201462477
0.993380845 -0.062545657 0.096346073 0.024491675 0.008164439 0.875083029 0.483903974 -0.198155373 -0.114576899 -0.479914337 0.869801342 -0.200966462
0.993241191 -0.063731976 0.097005919 0.029945634 0.008769872 0.874582291 0.484797865 -0.198262110 -0.115736783 -0.480670482 0.869230032 -0.200464368
0.993185639 -0.063334249 0.097831711 0.037914064 0.007646540 0.873051465 0.487568110 -0.198543012 -0.116291881 -0.483497590 0.867586493 -0.199934661
0.992807209 -0.065230072 0.100393757 0.048574850 0.007491551 0.870746136 0.491675675 -0.198499694 -0.119489521 -0.487387061 0.864971757 -0.198895603
0.992401838 -0.067148671 0.103100263 0.061467212 0.007306445 0.868630886 0.495406002 -0.199199706 -0.122821920 -0.490888506 0.862521470 -0.198131219
0.991760492 -0.070535436 0.106938638 0.076754227 0.008265650 0.868261337 0.496038198 -0.200294733 -0.127838954 -0.491067171 0.861690342 -0.196659446
0.990842521 -0.074526995 0.112591334 0.094117828 0.009406544 0.869945705 0.493057817 -0.202333629 -0.134694457 -0.487483531 0.862680256 -0.194268614
0.989643872 -0.079538748 0.119493268 0.113427699 0.011301521 0.873036742 0.487523466 -0.204929650 -0.143099025 -0.481124133 0.864894390 -0.191186368
0.988456130 -0.084702864 0.125618204 0.134411216 0.013912089 0.876362801 0.481450617 -0.207592025 -0.150867358 -0.474145174 0.867424607 -0.188273072
0.987169504 -0.089754194 0.132062852 0.157017946 0.015940584 0.878331304 0.477786571 -0.209820494 -0.158878297 -0.469551176 0.868492603 -0.184739873
0.985705435 -0.096523017 0.138087481 0.180804744 0.019094463 0.878338993 0.477656811 -0.212009072 -0.167392492 -0.468192190 0.867626548 -0.181291521
0.984040022 -0.103064597 0.145061642 0.205576837 0.020803709 0.876236618 0.481431812 -0.213852078 -0.176726907 -0.470730335 0.864396095 -0.177803189
0.982311010 -0.107892111 0.153050154 0.230881691 0.019981965 0.873056710 0.487209141 -0.216406778 -0.186187476 -0.475532651 0.859769106 -0.173932999
0.981133103 -0.108448759 0.160052121 0.257063657 0.015933134 0.870395780 0.492094874 -0.218846768 -0.192675769 -0.480260432 0.855702043 -0.171055108
0.980164826 -0.110847160 0.164285690 0.282833844 0.015591461 0.869515657 0.493659198 -0.221623212 -0.197569698 -0.481305957 0.853996992 -0.168400347
0.979193270 -0.113422543 0.168273374 0.308475256 0.016681131 0.871400714 0.490288258 -0.224647120 -0.202243283 -0.477279961 0.855161726 -0.165481180
0.977856040 -0.116315320 0.173977792 0.333965600 0.018014763 0.875019133 0.483753055 -0.227509856 -0.208501786 -0.469906718 0.857738137 -0.162699133
0.976449668 -0.115297303 0.182352796 0.359663427 0.014701810 0.878817677 0.476931244 -0.229781345 -0.215243742 -0.463018447 0.859816313 -0.159541309
0.975111604 -0.114588633 0.189807400 0.383986294 0.011452273 0.880977154 0.473020166 -0.230972052 -0.221418723 -0.459073693 0.860363364 -0.156831861
0.973854899 -0.122173198 0.191521168 0.405069321 0.017038710 0.879978538 0.474707723 -0.230982319 -0.226531088 -0.459033191 0.859053135 -0.154075891
0.972344041 -0.132545292 0.192298740 0.423664361 0.024473626 0.876653314 0.480499715 -0.230694458 -0.232267320 -0.462504774 0.855652511 -0.152256057
0.970424891 -0.135485515 0.199797809 0.442417234 0.021197516 0.872279882 0.488547355 -0.229002610 -0.240470678 -0.469863325 0.849354088 -0.149988726
0.968272924 -0.137807772 0.208462477 0.459122926 0.017219823 0.869011521 0.494492173 -0.227867946 -0.249301165 -0.475213706 0.843813300 -0.148766845
0.966544628 -0.138545275 0.215862736 0.473702580 0.014331549 0.869430184 0.493847936 -0.227422237 -0.256097883 -0.474232405 0.842328608 -0.147249162
0.965928912 -0.139166459 0.218206435 0.485401243 0.015559878 0.872824311 0.487786412 -0.227659836 -0.258339405 -0.467771709 0.845251679 -0.145010918
0.965382278 -0.145036638 0.216798201 0.493998200 0.024352267 0.877641618 0.478698403 -0.226963282 -0.259699941 -0.456847399 0.850791633 -0.142751560
0.965374053 -0.148394376 0.214550748 0.500880241 0.031280633 0.882358491 0.469537020 -0.225777328 -0.258987337 -0.446567595 0.856447875 -0.140588284
0.965722442 -0.146813095 0.214070335 0.506355047 0.032826606 0.887141645 0.460328251 -0.224136800 -0.257492930 -0.437522143 0.861552000 -0.139665917
0.966149926 -0.148295194 0.211099207 0.509887576 0.037562594 0.890416384 0.453594208 -0.222657517 -0.255232036 -0.430310547 0.865846097 -0.138774723
0.966291249 -0.151944444 0.207832053 0.511330307 0.043055136 0.891271353 0.451421827 -0.220817566 -0.253825784 -0.427256733 0.867769659 -0.138454646
0.965918660 -0.159325689 0.204001039 0.511339188 0.050474014 0.888923883 0.455265492 -0.218572482 -0.253876895 -0.429452688 0.866670012 -0.137853101
0.965003371 -0.162536398 0.205792084 0.511276484 0.049702629 0.883893192 0.465040326 -0.216020495 -0.257484198 -0.438537061 0.861038446 -0.137619019
0.963677287 -0.162702620 0.211787418 0.510513306 0.043686513 0.878357947 0.476002961 -0.214403048 -0.263472080 -0.449461013 0.853561521 -0.137705326
0.962105989 -0.165656954 0.216586873 0.507500827 0.041734476 0.874404073 0.483400166 -0.214169145 -0.269463032 -0.456043065 0.848183036 -0.138001606
0.961245060 -0.167167261 0.219232842 0.502765298 0.041148216 0.873284280 0.485470295 -0.215248078 -0.272607327 -0.457634866 0.846318841 -0.138137802
0.961386800 -0.167618051 0.218264863 0.495583117 0.042761292 0.874464393 0.483201355 -0.216840670 -0.271858126 -0.455210119 0.847866058 -0.138488114
0.962176800 -0.164205924 0.217375800 0.486215174 0.040748540 0.875697970 0.481136769 -0.217926338 -0.269361049 -0.454080909 0.849267423 -0.139204696
0.963211715 -0.158693790 0.216885954 0.474432349 0.036265511 0.876407802 0.480202168 -0.218657017 -0.266285658 -0.454670876 0.849921346 -0.140068755
0.964580476 -0.154332191 0.213929966 0.459868252 0.034174018 0.877265990 0.478786498 -0.219273910 -0.261565655 -0.454517275 0.851467848 -0.140697524
0.965576172 -0.151917547 0.211148500 0.442696184 0.033630602 0.877829671 0.477790833 -0.219632447 -0.257937223 -0.454242408 0.852720499 -0.140750930
0.966395259 -0.151220873 0.207875997 0.423032165 0.034467399 0.877589107 0.478172928 -0.220036954 -0.254739434 -0.454939097 0.853310168 -0.140753269
0.967169940 -0.150165811 0.205018342 0.401248068 0.034367297 0.876620233 0.479954004 -0.220221415 -0.251795918 -0.457151175 0.853001535 -0.141079590
0.968450069 -0.151081339 0.198189169 0.377141804 0.037868425 0.875257432 0.482172638 -0.220859021 -0.246313810 -0.459454983 0.853364289 -0.141721681
0.970250010 -0.151581571 0.188780248 0.351077318 0.042323057 0.873931468 0.484203011 -0.221597359 -0.238377243 -0.461808234 0.854347408 -0.142619908
0.971544266 -0.154717416 0.179343894 0.324671179 0.049601488 0.873288631 0.484671712 -0.221436992 -0.231606141 -0.461984336 0.856112778 -0.142795533
0.973245740 -0.152275443 0.172060892 0.297113568 0.050844584 0.873017609 0.485031039 -0.221540272 -0.224070504 -0.463306040 0.857403040 -0.142579153
0.975111604 -0.145529732 0.167267814 0.269364566 0.047248531 0.873495400 0.484534174 -0.220818639 -0.216621801 -0.464571744 0.858631551 -0.141933620
0.976765752 -0.141432881 0.161013722 0.240683913 0.047281574 0.875016212 0.481779128 -0.220073551 -0.209029019 -0.462972373 0.861373007 -0.140448675
0.978529871 -0.137847334 0.153223246 0.211484298 0.048859678 0.877379775 0.477302283 -0.219401225 -0.200229824 -0.459568113 0.865277529 -0.138503060
0.980459988 -0.135568738 0.142545968 0.181755662 0.053304065 0.880597115 0.470858186 -0.218614966 -0.189359218 -0.454059333 0.870616555 -0.135926381
0.982282877 -0.133510262 0.131511629 0.152137056 0.057986666 0.883847415 0.464167267 -0.217453763 -0.178207308 -0.448317677 0.875930071 -0.132914037
