1.000000000 0.000000000 0.000000000 0.000000000 0.000000000 1.000000000 0.000000000 -0.000000209 0.000000000 0.000000000 1.000000000 -0.000000119
0.999998510 0.000959579 -0.001428275 0.023063034 -0.000960715 0.999999225 -0.000794988 0.006466568 0.001427511 0.000796359 0.999998689 -0.002465177
0.999999285 0.000354753 0.001125514 -0.009250824 -0.000352773 0.999998391 -0.001759138 0.003933384 -0.001126136 0.001758740 0.999997795 0.007066837
1.000000000 -0.000223195 0.000004024 -0.001146665 0.000223197 0.999999881 -0.000440856 -0.000458216 -0.000003926 0.000440857 0.999999881 0.003936839
1.000000000 0.000111425 0.000023399 -0.000204169 -0.000111420 1.000000000 -0.000176040 -0.000134174 -0.000023418 0.000176037 1.000000000 0.001041150
0.999999881 0.000401690 -0.000357718 0.001034327 -0.000401676 0.999999940 0.000040455 0.001103800 0.000357735 -0.000040311 0.999999940 -0.001614603
0.999999940 0.000322181 0.000171096 -0.005233469 -0.000322077 0.999999762 -0.000608284 0.004485755 -0.000171292 0.000608229 0.999999821 0.003910888
0.999997735 -0.000433129 0.002083714 -0.029858235 0.000429754 0.999998569 0.001619911 -0.017214831 -0.002084413 -0.001619011 0.999996543 -0.000980317
0.999999940 0.000256817 -0.000283187 0.000494583 -0.000256805 0.999999940 0.000042010 0.000645413 0.000283198 -0.000041938 0.999999940 0.000258262
0.999999940 -0.000105543 -0.000306117 0.001002991 0.000105605 1.000000000 0.000202897 0.001033049 0.000306096 -0.000202930 0.999999940 -0.001662347
0.999999702 -0.000493688 -0.000546558 0.001241186 0.000493432 0.999999762 -0.000468114 0.001304357 0.000546789 0.000467844 0.999999762 -0.002445244
1.000000000 -0.000119072 0.000082865 -0.002002821 0.000119112 0.999999881 -0.000488757 0.001357830 -0.000082806 0.000488767 0.999999881 -0.000444002
0.999999940 0.000248717 -0.000000878 0.000816382 -0.000248717 0.999999940 0.000035134 -0.000937592 0.000000886 -0.000035134 1.000000000 0.000580580
0.999999762 0.000687479 -0.000092352 0.002447803 -0.000687421 0.999999583 0.000624930 0.001654081 0.000092782 -0.000624866 0.999999821 -0.004325823
0.999999821 0.000618278 0.000148312 0.002687362 -0.000618427 0.999999285 0.001008505 0.001761519 -0.000147688 -0.001008596 0.999999464 -0.005393515
0.999999881 -0.000413399 0.000110870 0.001093767 0.000413288 0.999999404 0.001000101 0.000660775 -0.000111284 -0.001000055 0.999999523 -0.001631924
0.999999583 -0.000925690 -0.000091331 0.000977284 0.000925764 0.999999225 0.000817814 0.000739093 0.000090574 -0.000817898 0.999999642 -0.000933327
1.000000000 -0.000217455 0.000080357 0.001059006 0.000217331 0.999998808 0.001542680 0.000501318 -0.000080692 -0.001542663 0.999998808 -0.001039204
0.999999940 -0.000330842 0.000102944 0.001062871 0.000330687 0.999998808 0.001494687 0.000523356 -0.000103439 -0.001494652 0.999998868 -0.000990107
0.999999940 -0.000094596 0.000233078 0.001029033 0.000094318 0.999999285 0.001190804 0.000677396 -0.000233190 -0.001190782 0.999999285 -0.001090813
0.999999940 -0.000180045 0.000265285 0.001288421 0.000179840 0.999999702 0.000771871 0.000753795 -0.000265424 -0.000771823 0.999999642 -0.003055424
0.999999166 -0.001238607 0.000370216 0.001027483 0.001238247 0.999998748 0.000971377 0.000360809 -0.000371419 -0.000970918 0.999999464 -0.000610386
0.999999046 -0.001255230 0.000541021 0.001019255 0.001254619 0.999998569 0.001128560 0.000320075 -0.000542437 -0.001127881 0.999999225 -0.000755131
0.999998987 -0.001370138 0.000450280 0.000884575 0.001369663 0.999998510 0.001053256 0.000288481 -0.000451722 -0.001052638 0.999999344 -0.000299578
0.999999106 -0.001262453 0.000400120 0.001062369 0.001262032 0.999998629 0.001050339 0.000525619 -0.000401445 -0.001049833 0.999999344 -0.001432649
0.999999583 -0.000789934 0.000504379 0.000930745 0.000789216 0.999998689 0.001422299 0.000292079 -0.000505502 -0.001421900 0.999998868 -0.001040629
0.999998510 -0.001234986 0.001225268 0.002379272 0.001232379 0.999996960 0.002126166 -0.000233149 -0.001227890 -0.002124652 0.999996960 0.003787091
0.999996722 -0.002067082 0.001523640 0.002207417 0.002061925 0.999992192 0.003377927 -0.000869359 -0.001530611 -0.003374774 0.999993145 0.004141132
0.999997199 -0.001767964 0.001561771 0.002151690 0.001762770 0.999992907 0.003321104 0.000472920 -0.001567631 -0.003318342 0.999993265 -0.000155947
0.999994755 -0.001793083 0.002694513 0.000251271 0.001784081 0.999992847 0.003339354 0.001134728 -0.002700482 -0.003334530 0.999990821 -0.003632656
0.999992371 -0.002970820 0.002530627 0.000887383 0.002960613 0.999987483 0.004027698 0.000440265 -0.002542561 -0.004020174 0.999988675 -0.002025950
0.999994755 0.000066033 0.003238611 0.000999037 -0.000079061 0.999991894 0.004022644 0.000486780 -0.003238319 -0.004022879 0.999986649 -0.003520725
0.999994755 -0.000540829 0.003193025 0.001010446 0.000527818 0.999991536 0.004074009 0.000484565 -0.003195202 -0.004072302 0.999986589 -0.002802010
0.999996603 0.000257643 0.002602014 0.000331340 -0.000265907 0.999994934 0.003176216 -0.000048461 -0.002601183 -0.003176897 0.999991596 -0.000996898
0.999961674 0.007810734 0.003959550 -0.000985270 -0.007822780 0.999964774 0.003035866 0.000652572 -0.003935698 -0.003066725 0.999987543 -0.003995686
0.999921918 0.010919284 0.006073858 -0.001542251 -0.010931922 0.999938130 0.002051575 0.001764288 -0.006051080 -0.002117814 0.999979436 -0.011054359
0.999941707 0.009289792 0.005501775 -0.001019302 -0.009275019 0.999953330 -0.002704657 -0.000277723 -0.005526644 0.002653470 0.999981225 -0.009488606
0.999963462 -0.008496987 -0.000947754 -0.000861062 0.008483743 0.999876916 -0.013197878 -0.003877842 0.001059779 0.013189355 0.999912441 -0.014367618
0.999268651 -0.037874423 -0.005265530 -0.014625642 0.037683949 0.998761177 -0.032496661 -0.021215286 0.006489799 0.032274470 0.999457955 0.004648143
0.996782303 -0.079158053 -0.012611352 0.007973262 0.078326687 0.995322645 -0.056548405 -0.046556219 0.017028626 0.055378642 0.998320222 -0.010494733
0.993506074 -0.112645999 -0.016018581 0.000144877 0.111189634 0.991089761 -0.073334895 -0.027292762 0.024136733 0.071077563 0.997178733 -0.020114956
0.991983175 -0.125103533 -0.017846689 0.001681828 0.123567700 0.989839852 -0.070342414 -0.032543063 0.026465449 0.067573212 0.997363269 -0.020663623
0.993153930 -0.115044191 -0.020251539 0.000904069 0.113862261 0.992127717 -0.052133739 -0.033477332 0.026089795 0.049470939 0.998434722 -0.023137897
0.995785475 -0.088995941 -0.022159509 -0.000069613 0.088352136 0.995681167 -0.028511809 -0.034362614 0.024601240 0.026433805 0.999347806 -0.025173472
0.998117328 -0.057426907 -0.021539059 -0.001072390 0.057212509 0.998307407 -0.010442047 -0.035792504 0.022102255 0.009190085 0.999713480 -0.023680620
0.999385417 -0.029778084 -0.018495768 -0.000577693 0.029761849 0.999556363 -0.001152555 -0.040171612 0.018521883 0.000601379 0.999828279 -0.027473761
0.999690175 -0.019445147 -0.015537318 -0.000375217 0.019381948 0.999803305 -0.004207855 -0.045500759 0.015616084 0.003905408 0.999870420 -0.028448870
0.999635935 -0.021908473 -0.015750330 -0.000493287 0.021707449 0.999682128 -0.012822879 -0.052619312 0.016026255 0.012476312 0.999793708 -0.032750800
0.999533415 -0.024703084 -0.017963834 -0.000965420 0.024480274 0.999621928 -0.012519247 -0.060206439 0.018266305 0.012073646 0.999760270 -0.036276653
0.999582350 -0.020010758 -0.020850103 -0.001844478 0.019995417 0.999799609 -0.000944083 -0.068357080 0.020864818 0.000526782 0.999782145 -0.040458083
0.999638975 -0.012307783 -0.023884470 -0.003196553 0.012592779 0.999850869 0.011818778 -0.078339696 0.023735443 -0.012115283 0.999644876 -0.045369506
0.999663234 -0.004733935 -0.025514079 -0.004941792 0.005171999 0.999839902 0.017130950 -0.091875926 0.025428897 -0.017257141 0.999527693 -0.048155136
0.999579251 -0.007277378 -0.028078036 -0.006363355 0.007537243 0.999929607 0.009160378 -0.108106926 0.028009398 -0.009368154 0.999563754 -0.054003220
0.999342084 -0.019507024 -0.030576646 -0.007172251 0.019271053 0.999782324 -0.007993191 -0.127097324 0.030725915 0.007398688 0.999500453 -0.059861790
0.998897910 -0.032169811 -0.034177445 -0.007870906 0.031365462 0.999224186 -0.023815827 -0.146769717 0.034917079 0.022717590 0.999131978 -0.066556618
0.998489797 -0.038048431 -0.039628170 -0.008885213 0.036806963 0.998822629 -0.031600222 -0.165972739 0.040783852 0.030093908 0.998714685 -0.073770635
0.998375833 -0.034447934 -0.045376968 -0.010037539 0.033024650 0.998950064 -0.031750847 -0.184584677 0.046423074 0.030200720 0.998465240 -0.080966018
0.998235524 -0.030245302 -0.051099107 -0.011083856 0.028642459 0.999083340 -0.031813856 -0.203561023 0.052014485 0.030294118 0.998186707 -0.088701569
0.997752547 -0.036375619 -0.056272957 -0.012150258 0.034117393 0.998593509 -0.040583268 -0.222244218 0.057670053 0.038572170 0.997590244 -0.094727747
0.996798098 -0.052722231 -0.060116183 -0.012732219 0.049515113 0.997331619 -0.053645827 -0.243779585 0.062784098 0.050497398 0.996748805 -0.102943666
0.995682120 -0.066424929 -0.064844929 -0.013527440 0.062309004 0.996031165 -0.063556857 -0.264795154 0.068809338 0.059242006 0.995869279 -0.110409409
0.994913399 -0.070997812 -0.071460538 -0.014585847 0.066266142 0.995580852 -0.066539995 -0.284476101 0.075868942 0.061466120 0.995221496 -0.118790105
0.995202065 -0.061221268 -0.076320231 -0.015878759 0.056412529 0.996376753 -0.063647419 -0.302158177 0.079940274 0.059036627 0.995049834 -0.126225680
0.995962858 -0.045580365 -0.077332824 -0.016702024 0.041162387 0.997479677 -0.057792723 -0.319338500 0.079772130 0.054376207 0.995328903 -0.134414196
0.996352136 -0.038165897 -0.076326653 -0.017745623 0.033756554 0.997731268 -0.058248218 -0.336877555 0.078376576 0.055459213 0.995380044 -0.142664105
0.996400833 -0.039401587 -0.075052254 -0.018168841 0.034273904 0.997067332 -0.068425469 -0.355248183 0.077528216 0.065606870 0.994829178 -0.150997102
0.995802999 -0.051841371 -0.075424224 -0.018154351 0.045665979 0.995633543 -0.081415296 -0.374267429 0.079315573 0.077629283 0.993822277 -0.159557968
0.993721664 -0.077771388 -0.080429219 -0.015176203 0.069946252 0.992928922 -0.095914811 -0.395014048 0.087319933 0.089686900 0.992134809 -0.155374601
0.991409779 -0.097575657 -0.087095313 -0.015374557 0.088373907 0.990654051 -0.103897206 -0.411982059 0.096419163 0.095307760 0.990767241 -0.163632974
0.990382850 -0.103273362 -0.092067271 -0.010752521 0.093354583 0.989951253 -0.106213890 -0.425385386 0.102111176 0.096597515 0.990071833 -0.169536501
0.989588380 -0.107159920 -0.096081056 -0.009870827 0.096464939 0.989262700 -0.109789900 -0.435802907 0.106814481 0.099378355 0.989300072 -0.176367894
0.989474297 -0.111937635 -0.091709405 -0.007975092 0.100349970 0.987385631 -0.122472607 -0.442813009 0.104261845 0.111980461 0.988225579 -0.181899056
0.989512086 -0.118130527 -0.083132677 -0.005448238 0.105517365 0.984152138 -0.142515555 -0.446369827 0.098650642 0.132248923 0.986295223 -0.185377523
0.989193976 -0.124624252 -0.077227145 -0.003696998 0.111182764 0.981005251 -0.158956155 -0.445930004 0.095570028 0.148652151 0.984260619 -0.186766177
0.989839911 -0.122254848 -0.072599545 -0.002198974 0.109060183 0.980409861 -0.164019480 -0.440542132 0.091229483 0.154435322 0.983781934 -0.185756058
0.990944982 -0.113222860 -0.072170690 -0.001845901 0.100928448 0.982625544 -0.155757666 -0.430711776 0.088552088 0.147063196 0.985155284 -0.183016151
0.992858946 -0.094748974 -0.072482735 -0.002035833 0.084060818 0.986792088 -0.138474360 -0.417460352 0.084645689 0.131392553 0.987710059 -0.178859606
0.994782865 -0.072517842 -0.071751334 -0.008175018 0.063769311 0.991024077 -0.117493436 -0.403679371 0.079627670 0.112304926 0.990478158 -0.163774014
0.995680392 -0.057600200 -0.072820164 -0.008404685 0.050010428 0.993519664 -0.102066882 -0.388111472 0.078227334 0.097984232 0.992108643 -0.158719182
0.996040642 -0.050883509 -0.072896823 -0.008034015 0.043898605 0.994565070 -0.094409704 -0.372754425 0.077304527 0.090835840 0.992860973 -0.153633654
0.996197641 -0.051634438 -0.070172310 -0.007401733 0.044918947 0.994546831 -0.094121411 -0.355790347 0.074649557 0.090611458 0.993084610 -0.155049860
0.996257544 -0.052973423 -0.068298571 -0.006076214 0.046265449 0.994275510 -0.096310578 -0.340280473 0.073009498 0.092790283 0.993005335 -0.143259555
0.997181654 -0.042450987 -0.061860278 -0.004737596 0.036422335 0.994760931 -0.095520161 -0.321043760 0.065591112 0.092997856 0.993503511 -0.144991249
0.997391522 -0.039265022 -0.060567830 -0.003954117 0.033721864 0.995373189 -0.089972675 -0.301694274 0.063820370 0.087695524 0.994100809 -0.139693603
0.997520328 -0.036479466 -0.060187101 -0.004215204 0.031434491 0.996075451 -0.082737975 -0.283770412 0.062969133 0.080640860 0.994752228 -0.120555364
0.997657061 -0.031000882 -0.060986791 -0.002980411 0.026181903 0.996586919 -0.078287698 -0.263209462 0.063205630 0.076507516 0.995063663 -0.114507519
0.997895658 -0.026242625 -0.059292521 -0.001433283 0.021552589 0.996689022 -0.078399450 -0.242221966 0.061153609 0.076956555 0.995157242 -0.107942082
0.998086572 -0.021859329 -0.057839379 -0.000148999 0.017291076 0.996777058 -0.078335658 -0.220414191 0.059365332 0.077185661 0.995247781 -0.100286268
0.998544395 -0.010607026 -0.052882403 0.002233703 0.006494365 0.996983349 -0.077343613 -0.198854700 0.053543262 0.076887593 0.995601058 -0.091325305
0.998888552 0.000134267 -0.047134180 0.003942174 -0.003610869 0.997275233 -0.073682293 -0.176914766 0.046995860 0.073770598 0.996167302 -0.084603734
0.999074221 0.006128313 -0.042581655 0.006499481 -0.009181242 0.997371435 -0.071874574 -0.159835324 0.042029254 0.072198987 0.996504307 -0.075920790
0.999137163 0.011579115 -0.039885279 0.007311186 -0.014392432 0.997373462 -0.070986383 -0.139822349 0.038958561 0.071499176 0.996679544 -0.071760148
0.998935103 0.024774792 -0.038920861 0.008235059 -0.027283417 0.997492313 -0.065304279 -0.124772392 0.037205357 0.066296637 0.997106075 -0.067296013
0.998230100 0.043393586 -0.040665623 0.008609251 -0.045652706 0.997365177 -0.056378212 -0.114025392 0.038112026 0.058134925 0.997581005 -0.064833716
0.997178853 0.062389147 -0.041735847 0.010827601 -0.064197838 0.996988714 -0.043498747 -0.112615086 0.038896319 0.046055384 0.998181343 -0.060581759
0.996270537 0.073579185 -0.045067344 0.010096474 -0.075272702 0.996472299 -0.037107851 -0.115122914 0.042177994 0.040361803 0.998294532 -0.062487625
0.996105433 0.073335186 -0.048948612 0.007686840 -0.075333908 0.996342957 -0.040318333 -0.121452399 0.045812849 0.043848798 0.997987211 -0.069972470
0.996646345 0.060964633 -0.054584052 0.007845442 -0.063902363 0.996505022 -0.053797580 -0.140342832 0.051113535 0.057105213 0.997058868 -0.076965913
0.997094929 0.045206003 -0.061303306 0.006653188 -0.049447447 0.996353328 -0.069533736 -0.162954748 0.057936411 0.072363034 0.995694220 -0.086420991
0.997198105 0.036459811 -0.065319702 0.005805837 -0.041695118 0.995868683 -0.080666415 -0.188406244 0.062108766 0.083163910 0.994598567 -0.096956640
0.996890664 0.020582411 -0.076061539 0.003863716 -0.027082276 0.995975435 -0.085437275 -0.214367300 0.073996924 0.087231539 0.993436038 -0.109288856
0.996369183 0.004008884 -0.085043520 0.002403479 -0.012178546 0.995329499 -0.095764697 -0.242178515 0.084262416 0.096452698 0.991764426 -0.121092729
0.995314181 -0.021363936 -0.094304226 0.004806281 0.010564789 0.993474901 -0.113560684 -0.273074538 0.096114986 0.112032257 0.989045322 -0.142720193
0.993814230 -0.047356784 -0.100451931 0.003842833 0.033214517 0.989867508 -0.138054937 -0.301030517 0.105971932 0.133864492 0.985317349 -0.154067948
0.992050886 -0.069438607 -0.104944073 0.001986705 0.052077405 0.985750616 -0.159949064 -0.326991141 0.114555322 0.153212398 0.981530964 -0.164232388
0.990743756 -0.081719831 -0.108391359 -0.000060689 0.062675238 0.983666003 -0.168739587 -0.350385189 0.120410264 0.160384238 0.979682744 -0.166960731
0.990261614 -0.083739072 -0.111218952 -0.004190315 0.065366909 0.985010862 -0.159627005 -0.367691189 0.122918896 0.150802448 0.980892241 -0.173789263
0.989858210 -0.084259033 -0.114372887 -0.009552075 0.067025512 0.986870527 -0.146949276 -0.381589234 0.125253037 0.137793049 0.982509434 -0.179127544
0.989620209 -0.087387837 -0.114084087 -0.015318080 0.070868365 0.987385929 -0.141586438 -0.391960323 0.125017956 0.132031843 0.983330131 -0.184072152
0.988935232 -0.095221967 -0.113753818 -0.020113427 0.077565461 0.985538602 -0.150656193 -0.399315029 0.126454562 0.140165836 0.982019722 -0.187961563
0.987730503 -0.109239802 -0.111602738 -0.020835392 0.089962184 0.982155621 -0.165158018 -0.404102385 0.127653077 0.153091595 0.979932487 -0.200272992
0.986312330 -0.119286783 -0.113836214 -0.022390429 0.097743072 0.978984833 -0.178983077 -0.404172778 0.132794246 0.165406510 0.977244258 -0.201104760
0.985544920 -0.119854398 -0.119733721 -0.022006892 0.096345626 0.977852046 -0.185803413 -0.400270313 0.139351219 0.171581775 0.975264549 -0.199618831
0.986729980 -0.104782812 -0.124034107 -0.018117633 0.081343152 0.980132520 -0.180896342 -0.392004520 0.140524685 0.168406516 0.975649536 -0.196389899
0.988700151 -0.084598713 -0.123754241 -0.012102783 0.062774815 0.983324587 -0.170681283 -0.381922126 0.136130005 0.160983965 0.977523804 -0.191393867
0.989946008 -0.073862620 -0.120628580 -0.003303865 0.053849496 0.985408843 -0.161460787 -0.371437132 0.130794391 0.153341681 0.979479015 -0.185450554
0.991805553 -0.067012750 -0.108770505 0.008403139 0.049373947 0.986293435 -0.157440454 -0.361806780 0.117830157 0.150779903 0.981519997 -0.178876892
0.993293583 -0.067541696 -0.093840182 0.024262080 0.052300371 0.986322224 -0.156311005 -0.350524276 0.103114173 0.150354832 0.983240008 -0.170791060
0.995313883 -0.063780487 -0.072679847 0.041751489 0.052041326 0.986808658 -0.153298184 -0.339413345 0.081498533 0.148797467 0.985503554 -0.164136454
0.996797264 -0.058286805 -0.054752514 0.061238315 0.049899947 0.988361478 -0.143706650 -0.327025861 0.062491477 0.140514255 0.988104522 -0.158143371
0.997883439 -0.053298086 -0.037255585 0.083108000 0.047854491 0.989793718 -0.134232447 -0.311405033 0.044029675 0.132165477 0.990249276 -0.144695178
0.998741031 -0.048335657 -0.013417581 0.106131800 0.046270199 0.990978599 -0.125779465 -0.299529791 0.019376168 0.125000283 0.991967499 -0.140732780
0.998597920 -0.051981479 0.010003546 0.129567683 0.052815028 0.991108179 -0.122127689 -0.288902372 -0.003566219 0.122484796 0.992464006 -0.138324901
0.997443378 -0.063331947 0.033102266 0.155821547 0.066856503 0.990606844 -0.119282447 -0.280562371 -0.025236942 0.121190585 0.992308378 -0.136741310
0.995736659 -0.078578003 0.048311770 0.178505257 0.083591573 0.990135968 -0.112442315 -0.269885153 -0.038999729 0.116001382 0.992483079 -0.137809753
0.993832767 -0.094187215 0.058525339 0.199545905 0.099908397 0.989540100 -0.104061052 -0.259069979 -0.048111945 0.109266460 0.992847443 -0.139922813
0.991912127 -0.105119072 0.071136057 0.217939928 0.111650728 0.989186108 -0.095104739 -0.250928998 -0.060369480 0.102277935 0.992922306 -0.145531014
0.989884853 -0.110519134 0.088957883 0.236860186 0.118288182 0.989126027 -0.087393373 -0.239350557 -0.078331925 0.097032040 0.992193997 -0.148167729
0.987793863 -0.111322910 0.108951747 0.254200965 0.120635986 0.989222944 -0.082975388 -0.228322700 -0.098540515 0.095106080 0.990577936 -0.149422199
0.985905886 -0.106642857 0.128906488 0.270861149 0.117102668 0.990171313 -0.076470211 -0.218548015 -0.119484514 0.090487719 0.988703907 -0.147683144
0.984066069 -0.105570912 0.143069208 0.282739967 0.116445109 0.990736187 -0.069873519 -0.209738940 -0.134367228 0.085419871 0.987243056 -0.146093488
0.982242584 -0.106521308 0.154443249 0.289857686 0.118111998 0.990676165 -0.067898832 -0.204100311 -0.145770565 0.084934719 0.985665798 -0.142667949
0.981174231 -0.106186569 0.161311835 0.294463068 0.118673831 0.990474701 -0.069831200 -0.209333107 -0.152360141 0.087660067 0.984429836 -0.124462277
0.981307805 -0.102933325 0.162602946 0.291157037 0.115324311 0.990951061 -0.068675041 -0.209891126 -0.154062614 0.086143419 0.984298766 -0.116770744
0.982620895 -0.094838589 0.159567505 0.283571064 0.105884120 0.992431998 -0.062187463 -0.211826473 -0.152462125 0.078002363 0.985226333 -0.107614003
0.984030306 -0.084950633 0.156421766 0.273629814 0.094831429 0.993870735 -0.056814671 -0.215649784 -0.150636569 0.070741057 0.986054957 -0.095661879
0.984248579 -0.081466138 0.156901434 0.261236340 0.091862142 0.993951797 -0.060176432 -0.222406983 -0.151050106 0.073641866 0.985779285 -0.083418757
0.983264029 -0.088455945 0.159271300 0.246736631 0.101547673 0.991922379 -0.076013371 -0.232067391 -0.151260942 0.090914845 0.984304130 -0.070087828
0.982167363 -0.096874811 0.161128834 0.230313241 0.112106554 0.989767313 -0.088276431 -0.242070794 -0.150928304 0.104765832 0.982977509 -0.056241628
0.981668472 -0.106877685 0.157810703 0.210120916 0.121677384 0.988724530 -0.087283455 -0.244036108 -0.146702662 0.104885407 0.983604312 -0.053148940
0.981562138 -0.115334861 0.152425796 0.189154550 0.128841937 0.988277435 -0.081899025 -0.262407780 -0.141193151 0.100027822 0.984915674 -0.018922502
0.981386960 -0.122555070 0.147851020 0.168262482 0.134851277 0.987932086 -0.076192938 -0.269911170 -0.136728942 0.094712652 0.986070335 -0.005736691
0.980808139 -0.130251735 0.145085707 0.147176042 0.142400295 0.986831486 -0.076719105 -0.277640432 -0.133182332 0.095906973 0.986440241 0.006221669
0.979800224 -0.140625939 0.142182469 0.125986189 0.152742282 0.985168397 -0.078186154 -0.284998775 -0.129078686 0.098324090 0.986747742 0.016482934
0.979243696 -0.151072264 0.135125875 0.099923082 0.162911415 0.983287334 -0.081276342 -0.291026205 -0.120588958 0.101602897 0.987489343 0.024654431
0.979187548 -0.155398697 0.130548880 0.077000715 0.166355968 0.983004272 -0.077642344 -0.296412826 -0.116264589 0.097743995 0.988397002 0.030691955
0.979799509 -0.155585483 0.125642672 0.053647589 0.165254608 0.983724952 -0.070541807 -0.301061213 -0.112622552 0.089879863 0.989564419 0.034862615
0.980791688 -0.155044496 0.118358836 0.029917972 0.162940681 0.984798610 -0.060183618 -0.306353420 -0.107228473 0.078313060 0.991145372 0.037941843
0.982076466 -0.150084287 0.114019819 0.006987525 0.156393111 0.986502767 -0.048512902 -0.311384559 -0.105199836 0.065475293 0.992293298 0.039994519
0.983091295 -0.144119143 0.112965502 -0.014851813 0.149643064 0.987847447 -0.042004593 -0.317590237 -0.105539016 0.058198854 0.992710650 0.041005824
0.983451366 -0.140877098 0.113916792 -0.035237685 0.146528631 0.988279223 -0.042819686 -0.324130952 -0.106549285 0.058803149 0.992567122 0.040808208
0.983293712 -0.140999407 0.115120217 -0.053995091 0.147574574 0.987750471 -0.050702862 -0.330204755 -0.106560975 0.066844620 0.992056727 0.040405978
0.983056545 -0.142012700 0.115897700 -0.071371756 0.149259552 0.987187862 -0.056406237 -0.334255487 -0.106402412 0.072749354 0.991658211 0.040138118
0.984075844 -0.135175124 0.115422830 -0.086965218 0.142068014 0.988398969 -0.053704664 -0.335532397 -0.106824264 0.069247350 0.991863608 0.040124308
0.985669971 -0.125644550 0.112552889 -0.103526905 0.131526753 0.990224779 -0.046428055 -0.329607040 -0.105619229 0.060566455 0.992560446 0.051570080
0.987111986 -0.118094340 0.107998177 -0.114570878 0.122975573 0.991615713 -0.039690193 -0.326981395 -0.102405503 0.052459802 0.993358493 0.051819272
0.987941980 -0.112500817 0.106368057 -0.122010447 0.116691425 0.992585719 -0.034010805 -0.323077351 -0.101753168 0.046012945 0.993744969 0.051821437
0.988424003 -0.108369082 0.106179968 -0.125799403 0.111910149 0.993324876 -0.027961649 -0.316668451 -0.102441028 0.039520577 0.993953705 0.049691916
0.988591254 -0.105153896 0.107842550 -0.124735959 0.108868487 0.993628979 -0.029139433 -0.310596973 -0.104091361 0.040547643 0.993740857 0.048113953
0.988163948 -0.105690703 0.111182474 -0.120545603 0.110102981 0.993327975 -0.034306340 -0.303772181 -0.106814794 0.046141811 0.993207693 0.045904048
0.987628996 -0.104786187 0.116656862 -0.113750964 0.109795183 0.993252039 -0.037355825 -0.296378940 -0.111955293 0.049702056 0.992469490 0.042840544
0.987198055 -0.098876379 0.125153705 -0.104012616 0.103925027 0.993988037 -0.034458835 -0.288243324 -0.120994121 0.047024298 0.991538763 0.039098289
0.986957908 -0.093403697 0.131109849 -0.093350500 0.098005950 0.994760692 -0.029085685 -0.279413551 -0.127706215 0.041555893 0.990941107 0.039650783
0.986585975 -0.091970891 0.134868413 -0.079941362 0.095382988 0.995258451 -0.019046072 -0.272992373 -0.132477254 0.031654742 0.990680456 0.035220765
0.985906422 -0.085849367 0.143591136 -0.063517265 0.088449918 0.996010542 -0.011814529 -0.268953949 -0.142004013 0.024348641 0.989566565 0.030247709
0.984461188 -0.085779779 0.153225288 -0.044728227 0.089064993 0.995917439 -0.014693735 -0.266455173 -0.151339307 0.028112421 0.988082051 0.025920525
0.981893897 -0.095409892 0.163649857 -0.025000740 0.100381099 0.994697750 -0.022362288 -0.263915509 -0.160648555 0.038384747 0.986265004 0.020423796
0.979273558 -0.109213263 0.170574665 -0.006196699 0.115810439 0.992842436 -0.029186849 -0.260433108 -0.166166186 0.048336234 0.984912395 0.014209353
0.977514863 -0.119112737 0.174002290 0.011310655 0.125789657 0.991666734 -0.027822219 -0.254832000 -0.169238299 0.049084321 0.984352112 0.006936610
0.977288485 -0.114974074 0.178011701 0.027819348 0.120871253 0.992410719 -0.022608571 -0.248629510 -0.174061313 0.043611594 0.983768642 -0.001190149
0.977440476 -0.101956241 0.184972987 0.043869391 0.105707459 0.994341791 -0.010506405 -0.242118791 -0.182855174 0.029822407 0.982687473 -0.010829830
0.977449775 -0.091097340 0.190507799 0.059469182 0.092308804 0.995727241 0.002524210 -0.238900557 -0.189923763 0.015118260 0.981682420 -0.022361878
0.976443470 -0.083814844 0.198829606 0.075272731 0.083932340 0.996440530 0.007852589 -0.238170162 -0.198780045 0.009020622 0.980002642 -0.034352873
0.974475682 -0.078841627 0.210193157 0.093328632 0.080347240 0.996765971 0.001380740 -0.241277769 -0.209622234 0.015542939 0.977658927 -0.046662629
0.971739352 -0.081342712 0.221598864 0.114078924 0.086586758 0.996145427 -0.014037047 -0.246934667 -0.219602883 0.032827877 0.975036860 -0.059937827
0.968894899 -0.092104807 0.229694188 0.135231614 0.101503581 0.994400084 -0.029418524 -0.251006424 -0.225698352 0.051818240 0.972818136 -0.072454788
0.966620624 -0.102838136 0.234667674 0.156643540 0.116093509 0.992291808 -0.043350391 -0.252162009 -0.228400752 0.069146767 0.971108556 -0.084804930
0.964518011 -0.107522972 0.241130427 0.178494483 0.122257061 0.991387129 -0.046954866 -0.249278352 -0.234004870 0.074768707 0.969356179 -0.096633822
0.962394834 -0.103303716 0.251245946 0.199257210 0.118996024 0.991731524 -0.048046984 -0.242408589 -0.244205087 0.076137431 0.966730058 -0.106307872
0.960304320 -0.097813472 0.261243522 0.223530129 0.113214850 0.992572069 -0.044532351 -0.237930268 -0.254947126 0.072341256 0.964245141 -0.112216979
0.959014297 -0.095198050 0.266887367 0.239076212 0.109591767 0.993190289 -0.039530877 -0.228686497 -0.261306703 0.067159340 0.962916613 -0.119148485
0.957634628 -0.091392010 0.273099571 0.251254708 0.104429692 0.993965924 -0.033559002 -0.220410734 -0.268384665 0.060656972 0.961400211 -0.125251263
0.955937326 -0.093510129 0.278279871 0.258681685 0.105654322 0.993981898 -0.028933253 -0.215518907 -0.273899585 0.057059843 0.960064173 -0.130005345
0.953648448 -0.105783753 0.281717032 0.260322601 0.116738804 0.992911339 -0.022341155 -0.215463758 -0.277356714 0.054192916 0.959237397 -0.135484964
0.952499628 -0.117864378 0.280806750 0.256844163 0.128969103 0.991419137 -0.021331476 -0.218191519 -0.275882989 0.056533612 0.959527254 -0.138273701
0.953440428 -0.127830014 0.273149848 0.248429865 0.139687642 0.989896715 -0.024328591 -0.223454788 -0.267280221 0.061351523 0.961663783 -0.140305012
0.955507219 -0.135089934 0.262215018 0.236026123 0.147178769 0.988743246 -0.026928743 -0.230712771 -0.255625546 0.064323090 0.964633703 -0.142161712
0.958365083 -0.140089929 0.248819545 0.220653132 0.151779413 0.988008201 -0.028334156 -0.238633856 -0.241866425 0.064920150 0.968135357 -0.141803592
0.961725891 -0.147452638 0.230956823 0.208780423 0.159340099 0.986652255 -0.033586413 -0.251821965 -0.222921669 0.069101594 0.972384155 -0.134999335
0.964040220 -0.159335688 0.212693602 0.187689751 0.172466978 0.984006882 -0.044560269 -0.260587007 -0.202191919 0.079640515 0.976102352 -0.134110987
0.964710772 -0.175593868 0.196213961 0.165216714 0.190787360 0.979717314 -0.061271228 -0.267477602 -0.181475371 0.096544154 0.978644967 -0.131568536
0.964429021 -0.190158278 0.183620617 0.142554715 0.207630754 0.974849701 -0.080978759 -0.271256506 -0.163603708 0.116223551 0.979656041 -0.127084479
0.964509130 -0.198826164 0.173753440 0.125044972 0.217248499 0.971560955 -0.094193310 -0.271907270 -0.150083959 0.128597975 0.980274141 -0.119622037
0.965392828 -0.203130484 0.163568690 0.103614457 0.221097708 0.970089436 -0.100211173 -0.265896857 -0.138320312 0.132907808 0.981429040 -0.111865431
0.967587709 -0.197821811 0.156972960 0.083976351 0.214462653 0.971888185 -0.097155243 -0.255231470 -0.133340731 0.127671063 0.982812464 -0.103164166
0.970599651 -0.186819240 0.151772559 0.066040426 0.201709047 0.975360453 -0.089361511 -0.241002738 -0.131338507 0.117348142 0.984367609 -0.093891405
0.973827004 -0.175611869 0.144296512 0.046169143 0.188060269 0.979086280 -0.077610925 -0.223530531 -0.127649322 0.102716058 0.986486197 -0.078361556
0.977172494 -0.161730871 0.137757301 0.031507868 0.171680853 0.983095884 -0.063625298 -0.205413818 -0.125138462 0.085823186 0.988420308 -0.069524400
0.979748905 -0.150589973 0.131965145 0.018957799 0.158814967 0.985823214 -0.054133322 -0.187244207 -0.121942364 0.073995098 0.989775121 -0.061194934
0.981224835 -0.145795420 0.126259655 0.008379264 0.152626738 0.987204134 -0.046184927 -0.169004425 -0.117910504 0.064588390 0.990921497 -0.053217072
0.982440591 -0.137024835 0.126628265 -0.001791770 0.142892614 0.988991618 -0.038436107 -0.149194181 -0.119967580 0.055855438 0.991205275 -0.043937664
0.983492851 -0.126819208 0.129068419 -0.009091076 0.131272450 0.990990281 -0.026566710 -0.130956367 -0.124536380 0.043071296 0.991279781 -0.036582336
0.984734654 -0.113063909 0.132341415 -0.014993771 0.115772389 0.993191600 -0.012928344 -0.113397829 -0.129978657 0.028052468 0.991119862 -0.029462334
0.985904157 -0.097788803 0.135758191 -0.019844785 0.098262616 0.995155275 0.003222785 -0.096800931 -0.135415643 0.010162598 0.990736783 -0.022578256
0.986446619 -0.080078498 0.143215090 -0.024973117 0.078775555 0.996783197 0.014754230 -0.079276979 -0.143935889 -0.003272413 0.989581585 -0.014680929
0.986186206 -0.073367551 0.148505762 -0.028211836 0.071288362 0.997269332 0.019282850 -0.067136303 -0.149514988 -0.008429749 0.988723516 -0.008941450
0.985060513 -0.071527168 0.156651303 -0.030271932 0.069523558 0.997413576 0.018239602 -0.056883384 -0.157550767 -0.007076159 0.987485528 -0.004011103
0.983766913 -0.073213652 0.163836733 -0.031660791 0.071802050 0.997313082 0.014529446 -0.048605192 -0.164460257 -0.002529774 0.986380458 -0.000011835
0.982819200 -0.078011155 0.167274103 -0.035468418 0.076091483 0.996940792 0.017864836 -0.039484892 -0.168156043 -0.004829771 0.985748589 -0.005911735
0.982480526 -0.074830435 0.170682326 -0.036510903 0.071609892 0.997120440 0.024956465 -0.031847317 -0.172058329 -0.012296695 0.985010028 -0.003347604
0.982581615 -0.066976920 0.173342198 -0.037709918 0.061223641 0.997387707 0.038333043 -0.024904588 -0.175456792 -0.027052702 0.984115362 -0.001095283
0.982828856 -0.057408143 0.175361857 -0.038608775 0.048388761 0.997297347 0.055286378 -0.018574890 -0.178061798 -0.045851506 0.982950449 0.000718731
0.983481109 -0.049317829 0.174162865 -0.038269091 0.037892766 0.996942997 0.068328261 -0.011702389 -0.177000254 -0.060600042 0.982343376 0.009811302
0.983817101 -0.043349303 0.173852786 -0.039161976 0.031145237 0.996894896 0.072322570 -0.008423046 -0.176448092 -0.065737493 0.982112348 0.011469892
0.983911812 -0.041707475 0.173718140 -0.040084731 0.030160930 0.997189224 0.068585522 -0.006562678 -0.176090375 -0.062242605 0.982404232 0.013264116
0.983103395 -0.049595147 0.176204622 -0.039577007 0.041025087 0.997806489 0.051953565 -0.007687688 -0.178394765 -0.043846916 0.982981563 0.014210963
0.982352674 -0.056353368 0.178346753 -0.039417259 0.049712822 0.997901440 0.041489888 -0.007289693 -0.180310577 -0.031891581 0.983092606 0.015610546
0.982178926 -0.060904481 0.177806512 -0.039365020 0.055489399 0.997835934 0.035275206 -0.006190767 -0.179570153 -0.024780190 0.983433008 0.017126827
0.981926560 -0.063449718 0.178309768 -0.037783690 0.059131607 0.997816205 0.029433401 -0.004893961 -0.179787904 -0.018357696 0.983534098 -0.003136042
0.981710434 -0.062188838 0.179936737 -0.038185079 0.059086446 0.997997999 0.022555478 -0.004815230 -0.180979192 -0.011511128 0.983419538 -0.002667254
0.981477559 -0.062841356 0.180977404 -0.038424283 0.061503399 0.998022199 0.013000886 -0.005123623 -0.181436449 -0.001629354 0.983401299 -0.002902104
0.981545210 -0.060871057 0.181283638 -0.038489345 0.059650362 0.998144984 0.012183197 -0.004722597 -0.181688949 -0.001144724 0.983355403 -0.002780476
0.981562674 -0.060245443 0.181397915 -0.038308654 0.059082981 0.998183191 0.011810191 -0.004708745 -0.181779861 -0.000874915 0.983338892 -0.002123438
0.981574833 -0.061200529 0.181011856 -0.038564354 0.060118079 0.998125434 0.011465585 -0.004801282 -0.181374222 -0.000372246 0.983414054 -0.001528818
0.981582165 -0.060792398 0.181109890 -0.038535293 0.059678089 0.998150289 0.011600683 -0.004649720 -0.181480125 -0.000578732 0.983394444 -0.001057992
0.981572032 -0.061926719 0.180780083 -0.038869217 0.060839895 0.998080611 0.011556122 -0.004588551 -0.181148738 -0.000344526 0.983455658 -0.000470796
0.981561542 -0.062634379 0.180593193 -0.039021805 0.061556946 0.998036504 0.011570001 -0.004592282 -0.180963278 -0.000239904 0.983489811 0.000076365
0.981619358 -0.062020805 0.180490717 -0.038986865 0.060948517 0.998074830 0.011486264 -0.004585920 -0.180855617 -0.000274498 0.983509600 0.000566524
0.981741786 -0.059574626 0.180648729 -0.039517816 0.058657140 0.998223782 0.010421565 -0.004359229 -0.180948719 0.000365053 0.983492494 0.012558063
0.981798887 -0.058857728 0.180573359 -0.039391175 0.057957280 0.998266280 0.010263370 -0.004270492 -0.180864379 0.000388973 0.983507991 0.012613507
0.981700540 -0.062748544 0.179796070 -0.040006734 0.061939944 0.998028636 0.010113496 -0.004701412 -0.180076241 0.001208134 0.983651936 0.012821913
0.981729150 -0.059898663 0.180610090 -0.039700225 0.058912877 0.998204470 0.010822349 -0.005081562 -0.180934042 0.000015643 0.983495235 0.013140397
0.981738448 -0.061837792 0.179904655 -0.040142745 0.060941316 0.998085976 0.010511151 -0.005203001 -0.180210307 0.000644426 0.983627915 0.013408209
0.981747270 -0.060634434 0.180265889 -0.040031523 0.059712924 0.998159945 0.010539249 -0.005174866 -0.180573240 0.000417323 0.983561456 0.013680205
0.981746912 -0.061111148 0.180106699 -0.040140457 0.060153786 0.998130918 0.010777678 -0.005123223 -0.180428714 0.000253145 0.983588040 0.013934596
0.981740236 -0.061361801 0.180058002 -0.040203698 0.060442675 0.998115480 0.010591932 -0.004984934 -0.180368632 0.000484662 0.983598948 0.014118806
0.981723130 -0.060575612 0.180416942 -0.039988939 0.059640177 0.998163581 0.010610033 -0.004823664 -0.180728316 0.000343983 0.983533025 0.014257278
0.981710672 -0.061981134 0.180006936 -0.040239774 0.061061166 0.998077154 0.010652704 -0.004852181 -0.180321082 0.000533560 0.983607650 0.014369265
0.981566191 -0.062695794 0.180546701 -0.041202120 0.061811700 0.998032331 0.010524439 -0.005108355 -0.180851281 0.000829466 0.983510137 0.001881959
0.981555104 -0.064053118 0.180129826 -0.041338798 0.063161671 0.997946084 0.010686161 -0.005107218 -0.180444330 0.000888243 0.983584821 0.001886704
0.981559873 -0.063149229 0.180422708 -0.041158177 0.062256202 0.998003781 0.010613827 -0.005066182 -0.180732802 0.000814327 0.983531892 0.001804640
0.981556416 -0.063774489 0.180221438 -0.041100439 0.062872909 0.997964025 0.010716444 -0.005581216 -0.180537939 0.000812252 0.983567715 0.002428186
0.981553078 -0.063631117 0.180290267 -0.041030407 0.062714905 0.997973204 0.010783430 -0.005563088 -0.180611029 0.000722378 0.983554363 0.002626313
0.981558800 -0.063594826 0.180271968 -0.041018002 0.062674887 0.997975528 0.010800276 -0.005500681 -0.180593863 0.000697420 0.983557522 0.002929823
0.981553257 -0.063784890 0.180235147 -0.041071441 0.062862910 0.997963428 0.010828629 -0.005438466 -0.180558801 0.000701230 0.983563960 0.003233214
0.981556714 -0.063518062 0.180310518 -0.041115906 0.062586948 0.997980475 0.010854341 -0.005227891 -0.180635840 0.000630933 0.983549833 0.003468939
0.981545866 -0.063826196 0.180260703 -0.041179851 0.062906452 0.997960746 0.010820279 -0.005172265 -0.180583730 0.000718961 0.983559370 0.003654728
0.981553078 -0.063541591 0.180321857 -0.041182183 0.062613323 0.997978985 0.010840984 -0.005081907 -0.180646285 0.000649550 0.983547926 0.003665773
0.981571019 -0.063784041 0.180138707 -0.040580157 0.062847964 0.997963548 0.010904962 -0.005306690 -0.180467427 0.000617355 0.983580768 0.001649184
0.981565237 -0.063346170 0.180324703 -0.040489279 0.062401902 0.997991443 0.010910317 -0.005293053 -0.180653632 0.000543416 0.983546615 0.001623905
0.981551170 -0.063610666 0.180308074 -0.040570937 0.062677540 0.997974575 0.010873703 -0.005329584 -0.180634558 0.000628171 0.983550072 0.001476460
0.981530964 -0.063726306 0.180377036 -0.040376406 0.062761247 0.997967303 0.011058291 -0.005481504 -0.180715084 0.000466632 0.983535349 0.001686823
0.981540918 -0.063763380 0.180309877 -0.040317051 0.062792018 0.997964978 0.011095775 -0.005536942 -0.180650428 0.000431065 0.983547270 0.001735279
0.981503010 -0.064300977 0.180325449 -0.041037943 0.063274316 0.997930527 0.011445853 -0.005421157 -0.180688262 0.000175830 0.983540416 0.001440708
0.981549323 -0.063787363 0.180255771 -0.040256862 0.062794067 0.997963488 0.011217300 -0.005686888 -0.180604190 0.000308660 0.983555794 0.002064971
0.981516361 -0.064213254 0.180284068 -0.041042730 0.063189454 0.997936189 0.011422199 -0.005467459 -0.180645451 0.000180978 0.983548284 0.001896143
0.981557488 -0.063849911 0.180189043 -0.040267073 0.062865630 0.997959435 0.011173768 -0.005679094 -0.180534810 0.000360001 0.983568549 0.002649539
0.981515646 -0.064292669 0.180259451 -0.041011553 0.063289359 0.997931063 0.011317911 -0.005453919 -0.180614159 0.000299799 0.983554006 0.002609041
0.981545508 -0.063862577 0.180249840 -0.040203858 0.062870294 0.997958660 0.011218604 -0.005407037 -0.180598348 0.000320790 0.983556867 0.001389943
0.981533587 -0.063955553 0.180281714 -0.040334269 0.062970079 0.997952700 0.011190056 -0.005394252 -0.180628285 0.000368937 0.983551383 0.001634779
0.981531620 -0.063927643 0.180302277 -0.040324274 0.062945910 0.997954488 0.011167208 -0.005350462 -0.180647358 0.000388322 0.983547866 0.001946521
0.981472969 -0.064353317 0.180470049 -0.040294234 0.063316330 0.997927189 0.011506937 -0.005551882 -0.180836469 0.000132953 0.983513176 0.002023938
0.981473982 -0.064478375 0.180420011 -0.040258817 0.063442133 0.997919083 0.011514215 -0.005552093 -0.180786997 0.000145326 0.983522296 0.002163845
0.981528580 -0.064055249 0.180273473 -0.040021814 0.063058227 0.997946322 0.011262069 -0.005493768 -0.180624634 0.000313681 0.983552039 0.002101573
0.981488347 -0.064444318 0.180353910 -0.040403597 0.063426450 0.997921288 0.011411109 -0.005626029 -0.180714399 0.000239336 0.983535588 0.002493991
0.981495857 -0.064456962 0.180308700 -0.040489718 0.063440703 0.997920454 0.011403441 -0.005627243 -0.180668771 0.000246479 0.983543992 0.002646899
0.981501222 -0.064368770 0.180311024 -0.040450361 0.063361987 0.997926116 0.011343777 -0.005628566 -0.180667281 0.000290935 0.983544230 0.002812259
0.981499076 -0.064505376 0.180273712 -0.040445670 0.063505374 0.997917295 0.011319218 -0.005644942 -0.180628419 0.000338546 0.983551383 0.002911504
