0.985258222 0.154578254 -0.073292434 -1.504645586 -0.148671016 0.985629737 0.080193378 -0.844965458 0.084635347 -0.068114720 0.994081080 -0.728487492
0.985252261 0.154622927 -0.073278770 -1.504605532 -0.148718134 0.985624015 0.080176167 -0.844623089 0.084622383 -0.068095870 0.994083524 -0.728208184
0.985260069 0.154561579 -0.073303133 -1.504630089 -0.148674756 0.985649347 0.079944916 -0.844380140 0.084607601 -0.067868210 0.994100332 -0.728000820
0.985267341 0.154522166 -0.073287979 -1.504682302 -0.148638710 0.985657036 0.079917267 -0.844146252 0.084585801 -0.067846447 0.994103670 -0.727860093
0.985303640 0.154414445 -0.073027104 -1.504749060 -0.148555398 0.985675871 0.079839319 -0.843994379 0.084309399 -0.067817405 0.994129121 -0.727788329
0.985372603 0.154114574 -0.072729371 -1.504838824 -0.148270518 0.985713780 0.079901226 -0.844605327 0.084004290 -0.067948855 0.994145989 -0.728150189
0.985314012 0.154449269 -0.072812662 -1.504958510 -0.148578301 0.985646963 0.080153197 -0.844880998 0.084147185 -0.068157688 0.994119585 -0.728286862
0.985371947 0.154278740 -0.072389059 -1.504868865 -0.148444042 0.985674202 0.080067001 -0.844616711 0.083704658 -0.068150051 0.994157493 -0.728034139
0.985331059 0.154439420 -0.072602525 -1.505156279 -0.148590833 0.985652745 0.080058835 -0.844356000 0.083925113 -0.068096392 0.994142592 -0.727877736
0.985328615 0.154320225 -0.072888561 -1.505201578 -0.148452833 0.985674381 0.080048934 -0.844427764 0.084197558 -0.068053991 0.994122446 -0.727850258
0.985273600 0.154543579 -0.073158577 -1.505190611 -0.148656279 0.985642254 0.080066681 -0.844450772 0.084481969 -0.068012103 0.994101167 -0.727835953
0.985350251 0.154106736 -0.073047563 -1.505134106 -0.148223817 0.985704422 0.080102824 -0.844345927 0.084347695 -0.068101950 0.994106412 -0.727731347
0.985351562 0.154255360 -0.072715685 -1.504965544 -0.148402870 0.985684812 0.080012515 -0.844350815 0.084017113 -0.068049237 0.994138002 -0.727662206
0.985506117 0.154179454 -0.070755661 -1.505058050 -0.148449153 0.985665739 0.080161415 -0.845664084 0.082100675 -0.068495952 0.994267464 -0.728388250
0.985470057 0.153646007 -0.072399110 -1.504485488 -0.147831663 0.985786736 0.079814494 -0.844348609 0.083633259 -0.067951918 0.994177043 -0.727513015
0.985480726 0.153449729 -0.072669670 -1.504568100 -0.147643462 0.985840440 0.079498872 -0.844493449 0.083839774 -0.067615405 0.994182587 -0.727753639
0.985503435 0.153105810 -0.073085919 -1.504761577 -0.147234693 0.985866845 0.079928264 -0.845570028 0.084290460 -0.068008795 0.994117677 -0.728486955
0.985510767 0.152301684 -0.074650392 -1.503925800 -0.146268055 0.985958636 0.080567963 -0.846336305 0.085872844 -0.068481632 0.993949771 -0.728358448
0.985359490 0.153590828 -0.074003242 -1.504764080 -0.147612810 0.985768199 0.080445983 -0.844570756 0.085305803 -0.068344392 0.994008005 -0.728068054
0.985507965 0.152632028 -0.074010171 -1.503810406 -0.146573514 0.985847116 0.081373565 -0.845935166 0.085382931 -0.069346361 0.993932009 -0.728140771
0.985377252 0.153680235 -0.073580168 -1.504827142 -0.147715181 0.985737383 0.080635354 -0.844677329 0.084922783 -0.068587333 0.994024098 -0.728299558
0.985486448 0.152920574 -0.073700793 -1.503225803 -0.146890908 0.985806763 0.081289984 -0.845302999 0.085085653 -0.069284193 0.993961811 -0.727908552
0.985534370 0.152701348 -0.073513865 -1.503306627 -0.146697432 0.985847950 0.081140205 -0.845452070 0.084863707 -0.069182158 0.993987918 -0.728029490
0.985400915 0.153428972 -0.073787391 -1.503332734 -0.147411853 0.985746682 0.081075251 -0.845556140 0.085174963 -0.069014490 0.993972957 -0.728119314
0.985427439 0.153138056 -0.074037045 -1.503181696 -0.147095457 0.985786259 0.081168585 -0.845332205 0.085414708 -0.069095232 0.993946791 -0.727976620
0.985373557 0.153401941 -0.074207619 -1.502976418 -0.147360384 0.985758960 0.081019931 -0.845184863 0.085579440 -0.068899639 0.993946195 -0.728000045
0.985242605 0.154550120 -0.073561452 -1.504136562 -0.148605928 0.985621870 0.080410242 -0.844878852 0.084931187 -0.068291932 0.994043708 -0.728145242
0.985367000 0.153608814 -0.073866166 -1.503241777 -0.147649810 0.985771775 0.080334231 -0.845298588 0.085155226 -0.068252370 0.994027257 -0.728189051
0.985255301 0.154601872 -0.073282391 -1.504688978 -0.148701340 0.985630870 0.080123030 -0.844687641 0.084616557 -0.068044446 0.994087517 -0.728304803
0.985283434 0.154476643 -0.073168039 -1.504748821 -0.148585618 0.985650003 0.080102518 -0.844663680 0.084492043 -0.068051964 0.994097590 -0.728257835
0.985287070 0.154453203 -0.073168270 -1.504581809 -0.148574576 0.985663533 0.079956494 -0.844659686 0.084468834 -0.067909159 0.994109333 -0.728242159
0.985276341 0.154512718 -0.073187418 -1.504435539 -0.148634508 0.985656083 0.079936564 -0.844439566 0.084488846 -0.067881420 0.994109511 -0.728125870
0.985292494 0.154365897 -0.073279351 -1.504569769 -0.148472339 0.985671937 0.080042221 -0.844503880 0.084585190 -0.067985050 0.994094253 -0.728157938
0.985305130 0.154309228 -0.073228724 -1.504553437 -0.148420528 0.985681117 0.080025822 -0.844509780 0.084528886 -0.067981213 0.994099319 -0.728142083
0.985293269 0.154341310 -0.073321171 -1.504509568 -0.148454458 0.985683799 0.079929709 -0.844343543 0.084607951 -0.067869350 0.994100213 -0.727987289
0.985296488 0.154334515 -0.073291570 -1.504734755 -0.148444444 0.985680282 0.079991460 -0.844449103 0.084587499 -0.067935586 0.994097412 -0.728193462
0.985264301 0.154526874 -0.073319435 -1.504373193 -0.148631588 0.985648870 0.080031089 -0.844504356 0.084634170 -0.067954190 0.994092166 -0.728156269
0.985290825 0.154366598 -0.073300198 -1.504595757 -0.148483798 0.985681832 0.079899117 -0.844452918 0.084584430 -0.067839980 0.994104207 -0.728077114
0.985292137 0.154366717 -0.073282287 -1.504453063 -0.148479030 0.985676765 0.079970926 -0.844543099 0.084577486 -0.067913845 0.994099796 -0.728110611
0.985305369 0.154281214 -0.073284991 -1.504645586 -0.148392603 0.985689104 0.079979256 -0.844552636 0.084575512 -0.067929044 0.994098902 -0.727978349
0.985290647 0.154371530 -0.073292755 -1.504630208 -0.148478836 0.985672653 0.080021501 -0.844548404 0.084595703 -0.067962006 0.994094908 -0.728076756
0.985280573 0.154415399 -0.073335059 -1.504634023 -0.148520350 0.985666871 0.080015473 -0.844396472 0.084639557 -0.067945950 0.994092286 -0.727892935
0.985260189 0.154551551 -0.073322356 -1.504555821 -0.148660555 0.985648751 0.079978414 -0.844471395 0.084630877 -0.067899413 0.994096220 -0.727999270
0.985269606 0.154481992 -0.073342666 -1.504529834 -0.148587748 0.985657990 0.080000080 -0.844574451 0.084649354 -0.067923822 0.994093001 -0.727906048
0.985281587 0.154474095 -0.073197745 -1.504679084 -0.148602530 0.985667944 0.079849645 -0.844479978 0.084483378 -0.067797020 0.994115770 -0.727998793
0.985287368 0.154424652 -0.073224261 -1.504482985 -0.148536935 0.985664189 0.080018267 -0.844664693 0.084531322 -0.067964479 0.994100213 -0.727863848
0.985292852 0.154381365 -0.073241808 -1.504468560 -0.148492694 0.985671103 0.080015205 -0.844666660 0.084545188 -0.067962535 0.994099200 -0.727939546
0.985334516 0.154020995 -0.073440105 -1.503990889 -0.148121208 0.985729456 0.079984829 -0.844608009 0.084711418 -0.067933783 0.994086981 -0.727907240
0.985333681 0.154014051 -0.073465660 -1.503978610 -0.148110896 0.985729456 0.080003679 -0.844638944 0.084738955 -0.067949250 0.994083583 -0.728003800
0.985270262 0.154502735 -0.073289894 -1.504621148 -0.148603663 0.985647500 0.080099411 -0.844476342 0.084613584 -0.068028428 0.994088888 -0.727990627
0.985272348 0.154472575 -0.073325850 -1.504659891 -0.148605123 0.985679746 0.079698890 -0.844488442 0.084587105 -0.067628518 0.994118392 -0.728026032
0.985274374 0.154482856 -0.073276803 -1.504613400 -0.148636177 0.985691667 0.079493664 -0.844585478 0.084508747 -0.067431487 0.994138479 -0.727987528
0.985277534 0.154372349 -0.073466644 -1.504670143 -0.148626521 0.985800028 0.078156613 -0.844607830 0.084488645 -0.066086866 0.994230449 -0.727872133
0.985319972 0.154123396 -0.073420450 -1.504801989 -0.148398459 0.985851109 0.077945076 -0.844702125 0.084394798 -0.065905355 0.994250476 -0.727881849
0.985285044 0.154419065 -0.073267758 -1.504905105 -0.148658484 0.985768974 0.078486815 -0.844766498 0.084344938 -0.066440016 0.994219124 -0.727893651
0.985282123 0.154432148 -0.073279314 -1.504676223 -0.148607373 0.985716939 0.079233699 -0.844682753 0.084468894 -0.067177705 0.994159043 -0.728189945
0.985308707 0.154206708 -0.073396429 -1.504759669 -0.148391619 0.985766113 0.079025619 -0.844660759 0.084537998 -0.066973217 0.994166970 -0.728221714
0.985264301 0.154590115 -0.073185749 -1.504997373 -0.148770079 0.985690832 0.079253145 -0.844630241 0.084390275 -0.067197450 0.994164348 -0.728369057
0.985287488 0.154412270 -0.073249288 -1.504945993 -0.148582131 0.985713720 0.079320729 -0.844685853 0.084450923 -0.067270190 0.994154274 -0.728033245
0.985291719 0.154414549 -0.073187105 -1.504939556 -0.148578539 0.985704720 0.079439402 -0.844582021 0.084407471 -0.067396954 0.994149387 -0.727985680
0.985289335 0.154455319 -0.073133595 -1.504989743 -0.148612574 0.985689700 0.079561822 -0.844675422 0.084375776 -0.067522846 0.994143546 -0.727998137
0.985298634 0.154311121 -0.073311843 -1.504607677 -0.148464143 0.985719621 0.079468615 -0.844242871 0.084527813 -0.067416139 0.994137883 -0.728065193
0.985287666 0.154399291 -0.073273644 -1.504602432 -0.148570403 0.985718250 0.079286434 -0.844263494 0.084468931 -0.067233659 0.994155228 -0.728153944
0.985291779 0.154191837 -0.073654622 -1.504606247 -0.148406669 0.985808194 0.078470521 -0.844484389 0.084708840 -0.066385530 0.994191825 -0.728397012
0.985619247 0.151031211 -0.075790957 -1.498645306 -0.144918606 0.986158133 0.080564938 -0.849714637 0.086909682 -0.068422832 0.993863702 -0.728591621
0.985298336 0.154326752 -0.073283441 -1.504483104 -0.148506626 0.985736847 0.079175182 -0.844628811 0.084457032 -0.067128100 0.994163394 -0.728482544
0.985621989 0.151050344 -0.075716890 -1.498570204 -0.144902810 0.986122966 0.081022896 -0.849621534 0.086904697 -0.068886362 0.993832111 -0.728461146
0.985589623 0.151227921 -0.075784318 -1.498625875 -0.145100832 0.986117303 0.080737017 -0.849685073 0.086941920 -0.068577193 0.993850231 -0.728549659
0.985613942 0.150954992 -0.076011896 -1.499075174 -0.144852489 0.986191452 0.080275491 -0.850051939 0.087080270 -0.068110123 0.993870258 -0.728245854
0.985625744 0.150928915 -0.075910136 -1.498991132 -0.144802570 0.986170053 0.080627456 -0.850055218 0.087029323 -0.068476513 0.993849516 -0.728135467
0.985631585 0.150926769 -0.075838424 -1.498991370 -0.144805521 0.986169815 0.080625668 -0.850129306 0.086958133 -0.068485379 0.993855119 -0.728012681
0.985644341 0.150766239 -0.075991563 -1.499215841 -0.144690916 0.986239195 0.079979725 -0.850166321 0.087004103 -0.067836277 0.993895650 -0.727839887
0.985626221 0.150873959 -0.076013103 -1.499479294 -0.144853383 0.986267149 0.079338297 -0.850082159 0.086939305 -0.067187160 0.993945420 -0.727647603
0.985656917 0.150604472 -0.076149121 -1.499759316 -0.144599870 0.986327589 0.079048820 -0.850466311 0.087013081 -0.066903867 0.993958056 -0.728070498
0.985648453 0.150722727 -0.076024637 -1.499528766 -0.144676134 0.986270010 0.079625651 -0.850450337 0.086982220 -0.067483947 0.993921518 -0.727961063
0.985629499 0.150821596 -0.076074414 -1.499344826 -0.144798726 0.986276925 0.079316556 -0.850462615 0.086993091 -0.067161262 0.993942440 -0.727625012
0.985601902 0.150987476 -0.076103278 -1.499995112 -0.144953430 0.986245632 0.079423331 -0.850956380 0.087048449 -0.067248352 0.993931711 -0.726627111
0.985675573 0.150457472 -0.076198250 -1.499810696 -0.144407362 0.986317217 0.079529233 -0.850812137 0.087121412 -0.067386441 0.993915975 -0.727174759
0.985639632 0.150872871 -0.075841330 -1.499933600 -0.144831702 0.986240625 0.079707220 -0.851071894 0.086823456 -0.067578375 0.993928969 -0.726632774
0.985694945 0.150554165 -0.075755611 -1.499623775 -0.144489840 0.986264050 0.080037139 -0.850682020 0.086764961 -0.067946292 0.993909001 -0.727397501
0.985619187 0.151115596 -0.075623773 -1.499657750 -0.145052940 0.986174226 0.080125019 -0.850889206 0.086686350 -0.068003297 0.993911982 -0.727657199
0.985652268 0.150786340 -0.075849488 -1.499515891 -0.144743741 0.986252785 0.079716422 -0.850558579 0.086826921 -0.067593925 0.993927658 -0.728349507
0.985703051 0.150419354 -0.075917721 -1.499971986 -0.144396484 0.986326396 0.079435080 -0.850320876 0.086828232 -0.067337155 0.993944943 -0.728687704
0.985704660 0.150457621 -0.075821094 -1.499806881 -0.144416779 0.986300707 0.079716131 -0.850340068 0.086776294 -0.067626730 0.993929803 -0.728802264
0.985633552 0.150837392 -0.075990669 -1.499576926 -0.144834161 0.986284554 0.079156920 -0.850566745 0.086888246 -0.067013666 0.993961573 -0.729244649
0.985657871 0.150636911 -0.076073177 -1.499641180 -0.144599736 0.986293018 0.079479799 -0.850230753 0.087003030 -0.067339733 0.993929505 -0.728961051
0.985705972 0.150227427 -0.076258875 -1.499544978 -0.144199908 0.986372173 0.079222955 -0.850423038 0.087121092 -0.067094021 0.993935764 -0.728851020
0.985677183 0.150407583 -0.076276161 -1.499580622 -0.144367933 0.986337483 0.079349391 -0.850537181 0.087168790 -0.067201056 0.993924379 -0.728639960
0.985732377 0.149967447 -0.076429412 -1.500642896 -0.143895611 0.986386716 0.079594299 -0.852673590 0.087325513 -0.067460820 0.993893027 -0.729120851
0.985630095 0.150762156 -0.076184787 -1.500471830 -0.144712016 0.986271501 0.079542108 -0.852474809 0.087130822 -0.067374237 0.993915975 -0.729158282
0.985787988 0.149686232 -0.076263025 -1.500153780 -0.143550113 0.986367404 0.080453463 -0.852338135 0.087266132 -0.068362497 0.993836582 -0.729243279
0.985620975 0.150930107 -0.075969778 -1.499885559 -0.144846410 0.986207128 0.080093712 -0.852384329 0.087010495 -0.067938089 0.993888140 -0.729376793
0.985686600 0.150259033 -0.076447204 -1.499838233 -0.144192263 0.986348987 0.079525061 -0.852471530 0.087352976 -0.067363687 0.993897200 -0.729526341
0.985707641 0.150094271 -0.076499201 -1.499697804 -0.143960893 0.986324847 0.080240749 -0.852648139 0.087496735 -0.068081029 0.993835628 -0.729404092
0.985627234 0.150649965 -0.076443158 -1.499614358 -0.144557208 0.986271203 0.079826750 -0.852493882 0.087419577 -0.067629017 0.993873298 -0.729572356
0.985662520 0.150487185 -0.076308541 -1.499492288 -0.144476831 0.986350298 0.078990959 -0.851693034 0.087154083 -0.066833608 0.993950427 -0.729020655
0.985706925 0.150017977 -0.076658174 -1.499853253 -0.143913269 0.986368239 0.079791561 -0.852624655 0.087583363 -0.067618966 0.993859589 -0.729433954
0.985673904 0.150190443 -0.076744720 -1.499887824 -0.144110680 0.986367524 0.079443045 -0.851723731 0.087630078 -0.067245208 0.993880808 -0.728349566
0.985629678 0.150749028 -0.076215848 -1.499776244 -0.144795001 0.986349106 0.078421086 -0.851885438 0.086997330 -0.066258475 0.994002640 -0.729202092
0.985867739 0.149837270 -0.074923754 -1.499962211 -0.144063905 0.986543179 0.077318341 -0.851819992 0.085500687 -0.065431848 0.994187236 -0.728671908
0.986040235 0.149807304 -0.072680384 -1.500410199 -0.144345760 0.986653566 0.075359665 -0.851540148 0.082999781 -0.063816555 0.994504154 -0.727532208
0.986062706 0.150406346 -0.071121953 -1.500482917 -0.145129189 0.986616313 0.074335448 -0.852543235 0.081350602 -0.062977545 0.994693875 -0.727482617
0.986143112 0.151116401 -0.068451256 -1.506604791 -0.146435797 0.986816525 0.068917833 -0.848980486 0.077963442 -0.057939135 0.995271206 -0.726436317
0.986507535 0.149013475 -0.067807220 -1.507706881 -0.144728616 0.987382412 0.064261824 -0.850980282 0.076527528 -0.053581133 0.995626748 -0.723875403
0.987064064 0.144719750 -0.068997726 -1.507577419 -0.141148329 0.988508046 0.054120481 -0.855859458 0.076037109 -0.043681473 0.996147752 -0.721241832
0.987545431 0.140931875 -0.069944128 -1.509901047 -0.138072640 0.989436269 0.044179630 -0.862151086 0.075431570 -0.033972021 0.996572137 -0.717741430
0.987400532 0.142290026 -0.069236562 -1.513166070 -0.139811903 0.989392519 0.039434779 -0.870543301 0.074113309 -0.029257830 0.996820569 -0.713735759
0.988014698 0.137276649 -0.070583612 -1.517631650 -0.135095954 0.990220666 0.034815114 -0.882212222 0.074672654 -0.024862286 0.996898115 -0.709925294
0.988479018 0.132787511 -0.072641157 -1.522344351 -0.131141916 0.990996003 0.026993984 -0.896817684 0.075571559 -0.017156688 0.996992767 -0.705984473
0.988703609 0.130111352 -0.074405387 -1.527278543 -0.128881142 0.991435051 0.021123558 -0.913351178 0.076516524 -0.011295490 0.997004330 -0.702617645
0.988943338 0.126865819 -0.076786101 -1.532313585 -0.126149222 0.991910636 0.014131758 -0.932428896 0.077957779 -0.004289002 0.996947408 -0.699968457
0.988968849 0.126374871 -0.077266119 -1.537618518 -0.125777483 0.991978824 0.012569249 -0.952762365 0.078234799 -0.002712256 0.996931255 -0.697661340
0.988914907 0.126756430 -0.077331021 -1.542009950 -0.126338542 0.991933763 0.010292476 -0.971408188 0.078011885 -0.000408495 0.996952355 -0.696726143
0.988711536 0.128715694 -0.076692834 -1.546045303 -0.128388852 0.991681278 0.009197859 -0.987201214 0.077238753 0.000752475 0.997012317 -0.693662167
0.988997698 0.124754198 -0.079498358 -1.540484309 -0.123967566 0.992176294 0.014774082 -1.009893894 0.080719508 -0.004756315 0.996725500 -0.688310564
0.988939285 0.125408366 -0.079194725 -1.543050885 -0.124660805 0.992095888 0.014333760 -1.014666438 0.080366328 -0.004302741 0.996756136 -0.683328152
0.988699675 0.127478510 -0.078880526 -1.544965029 -0.126672894 0.991828799 0.015154755 -1.015115023 0.080167882 -0.004991478 0.996768892 -0.677261174
0.988515377 0.129343092 -0.078152120 -1.546273589 -0.128417879 0.991578341 0.016771916 -1.011648059 0.079663277 -0.006543168 0.996800363 -0.671038508
0.988362610 0.130373776 -0.078371100 -1.547258377 -0.129337549 0.991433978 0.018177457 -1.008628368 0.080069639 -0.007829593 0.996758521 -0.664535761
0.988343000 0.130568802 -0.078293554 -1.548193574 -0.129335731 0.991385996 0.020640515 -1.005203009 0.080314137 -0.010273756 0.996716678 -0.659134269
0.988495052 0.129474148 -0.078191951 -1.549788594 -0.128024235 0.991497278 0.023300759 -1.003147244 0.080543950 -0.013022222 0.996666014 -0.654426873
0.988662243 0.127583921 -0.079179011 -1.551177263 -0.126061678 0.991733134 0.023955550 -1.001860261 0.081580795 -0.013702511 0.996572554 -0.650134504
0.988675773 0.127345070 -0.079394147 -1.552279830 -0.125597969 0.991723359 0.026644524 -1.001231909 0.082130075 -0.016371053 0.996487141 -0.646621108
0.988881052 0.125528708 -0.079729557 -1.554058194 -0.123621844 0.991921842 0.028438272 -1.006555796 0.082655311 -0.018265756 0.996410787 -0.644117594
0.988550842 0.128160715 -0.079636842 -1.554207802 -0.126374006 0.991612256 0.027105767 -1.003835440 0.082442760 -0.016731404 0.996455371 -0.642062962
0.988551319 0.128478825 -0.079116777 -1.555555105 -0.126578838 0.991544187 0.028600272 -1.007381201 0.082122311 -0.018258326 0.996455014 -0.640563011
0.988484323 0.128875554 -0.079308540 -1.556179404 -0.126906157 0.991478562 0.029411770 -1.010721684 0.082423180 -0.019008331 0.996416152 -0.639808655
0.988502622 0.128740966 -0.079298928 -1.557253838 -0.126814902 0.991505742 0.028884770 -1.014657855 0.082343996 -0.018496385 0.996432304 -0.638899684
0.988514960 0.128602549 -0.079369448 -1.558022499 -0.126638964 0.991515517 0.029317349 -1.019924164 0.082466327 -0.018929377 0.996414065 -0.638546467
0.988619328 0.127847567 -0.079289719 -1.558762431 -0.125825986 0.991598308 0.030009348 -1.025616288 0.082460180 -0.019691113 0.996399820 -0.638166904
0.988592803 0.127962664 -0.079434216 -1.559015274 -0.125858232 0.991564453 0.030977752 -1.031926513 0.082728148 -0.020626932 0.996358633 -0.639429748
0.988588095 0.128276676 -0.078985535 -1.559081912 -0.126051337 0.991489112 0.032563966 -1.038229823 0.082490496 -0.022236116 0.996343732 -0.641116738
0.988722622 0.127520636 -0.078524671 -1.557706714 -0.124798141 0.991428137 0.038673226 -1.047764182 0.082783200 -0.028437359 0.996161759 -0.642352104
0.988729358 0.128464803 -0.076883435 -1.557600617 -0.124826916 0.990897298 0.050406083 -1.053785205 0.082658991 -0.040240854 0.995765090 -0.644302487
0.988657594 0.130143061 -0.074959785 -1.557334542 -0.125368670 0.989963055 0.065236792 -1.059684277 0.082697541 -0.055099241 0.995050371 -0.646017313
0.987964630 0.137556225 -0.070740439 -1.557177186 -0.131986797 0.988164306 0.078171372 -1.065501451 0.080656134 -0.067893744 0.994426966 -0.646839023
0.987224638 0.144085631 -0.068021074 -1.556846738 -0.138139859 0.986736178 0.085259244 -1.072411299 0.079403490 -0.074773610 0.994034231 -0.647125065
0.985998213 0.153826848 -0.064380601 -1.556675673 -0.147997722 0.985134959 0.087211423 -1.080605984 0.076839030 -0.076462127 0.994107306 -0.646511674
0.984835207 0.162291080 -0.061328623 -1.557645202 -0.156858742 0.983962893 0.084925815 -1.089307427 0.074127793 -0.074018002 0.994498074 -0.644268036
0.983867586 0.168643653 -0.059698768 -1.559241056 -0.163617700 0.983197927 0.080938891 -1.098828197 0.072345532 -0.069865376 0.994929612 -0.641283393
0.983181655 0.173133552 -0.058126096 -1.561067343 -0.168628067 0.982813656 0.075112477 -1.108482361 0.070131607 -0.064047515 0.995479524 -0.637854576
0.982990980 0.175233960 -0.054971285 -1.564417481 -0.171348304 0.982800126 0.068874694 -1.122773051 0.066094972 -0.058283962 0.996109664 -0.632151067
0.984132588 0.169682890 -0.051872425 -1.568630576 -0.166187972 0.983910918 0.065581083 -1.132910132 0.062165834 -0.055919908 0.996498048 -0.627279341
0.986421704 0.157440901 -0.046739362 -1.573610544 -0.154508919 0.986115873 0.060848214 -1.143602967 0.055670425 -0.052800350 0.997052133 -0.621498525
0.988701582 0.144826457 -0.038658913 -1.579093575 -0.142546877 0.988182425 0.056355488 -1.154286623 0.046363819 -0.050208051 0.997662067 -0.614939213
0.990965247 0.131367609 -0.027027356 -1.584541559 -0.129879907 0.990220904 0.050929245 -1.164963484 0.033453505 -0.046958800 0.998336494 -0.607840419
0.992655933 0.120523319 -0.010409046 -1.589801073 -0.119924322 0.991709232 0.046161998 -1.175141215 0.015886344 -0.044574682 0.998879731 -0.600396574
0.994049788 0.108602218 0.008403370 -1.594315767 -0.108859964 0.993181765 0.041707553 -1.184860110 -0.003816541 -0.042374171 0.999094546 -0.592379689
0.994776964 0.097627923 0.029791376 -1.599351168 -0.098755240 0.994344890 0.039058913 -1.194460154 -0.025809662 -0.041796964 0.998792708 -0.583350360
0.994852543 0.086762674 0.052351523 -1.603879809 -0.088802762 0.995324612 0.037985902 -1.202565551 -0.048811000 -0.042439330 0.997906029 -0.573807180
0.994205117 0.076276727 0.075749829 -1.609271169 -0.079087786 0.996259153 0.034826420 -1.215047359 -0.072810009 -0.040615492 0.996518493 -0.565011859
0.992915034 0.067844778 0.097554028 -1.613661170 -0.071333364 0.996915579 0.032725062 -1.223124504 -0.095032901 -0.039452065 0.994692028 -0.555897236
0.991369486 0.060826994 0.116131678 -1.618252158 -0.064784206 0.997429788 0.030606877 -1.231053352 -0.113971472 -0.037866224 0.992762148 -0.547129452
0.989763737 0.053776305 0.132196352 -1.622888088 -0.058119517 0.997882068 0.029215459 -1.238689423 -0.130345270 -0.036599588 0.990792930 -0.538618445
0.987898290 0.049635228 0.146946520 -1.627626419 -0.054485802 0.998088419 0.029167671 -1.245809436 -0.145217866 -0.036821190 0.988714278 -0.530236959
0.986239076 0.045136392 0.159044504 -1.631834865 -0.050276659 0.998330235 0.028443487 -1.253089070 -0.157495111 -0.036048304 0.986861587 -0.522676945
0.984669149 0.042385049 0.169204488 -1.636967421 -0.047606871 0.998503268 0.026922494 -1.260075808 -0.167810127 -0.034565046 0.985213161 -0.514247119
0.983101010 0.039522473 0.178746700 -1.642073870 -0.044973109 0.998635471 0.026543509 -1.266927719 -0.177453727 -0.034133743 0.983537018 -0.505713403
0.981421471 0.034903388 0.188662916 -1.646875501 -0.040719267 0.998804748 0.027038146 -1.273542166 -0.187493682 -0.034218028 0.981669605 -0.496822000
0.979257405 0.030316908 0.200339392 -1.651346445 -0.036820453 0.998906374 0.028815836 -1.279648662 -0.199246690 -0.035594709 0.979302704 -0.487342238
0.976681232 0.025033386 0.213230073 -1.655208230 -0.032329835 0.999002576 0.030800195 -1.284873843 -0.212246358 -0.036975667 0.976516426 -0.478783041
0.973555624 0.019898217 0.227581754 -1.658834577 -0.028123830 0.999060988 0.032957744 -1.289475679 -0.226712242 -0.038486671 0.973201096 -0.468706816
0.969498992 0.014929189 0.244640231 -1.662258625 -0.023750283 0.999168277 0.033147059 -1.294019222 -0.243941903 -0.037946314 0.969047189 -0.458925992
0.964555144 0.008820823 0.263733834 -1.665510654 -0.018334847 0.999266028 0.033634752 -1.298663735 -0.263243586 -0.037278093 0.964008927 -0.448749721
0.958490431 0.001822479 0.285118878 -1.667181253 -0.012759117 0.999252021 0.036505394 -1.305631638 -0.284839094 -0.038627937 0.957796752 -0.438166559
0.951270521 -0.004984957 0.308317304 -1.669074535 -0.006092404 0.999370277 0.034955360 -1.304815650 -0.308297396 -0.035130396 0.950641155 -0.425649941
0.942922473 -0.015158674 0.332667202 -1.670845866 0.002802567 0.999289274 0.037591018 -1.311396480 -0.333000571 -0.034513094 0.942294776 -0.415386915
0.933153868 -0.024144793 0.358665466 -1.672366500 0.010864111 0.999180257 0.038997658 -1.313374162 -0.359313011 -0.032494232 0.932651222 -0.403160423
0.922321320 -0.034681961 0.384864390 -1.673518419 0.020320721 0.998939276 0.041320898 -1.315593243 -0.385889232 -0.030290425 0.922047734 -0.391128540
0.910345256 -0.045383200 0.411353707 -1.674843669 0.029825980 0.998578966 0.044163376 -1.317297339 -0.412773430 -0.027934894 0.910405278 -0.378812730
0.897355139 -0.055243298 0.437837780 -1.677285194 0.039152786 0.998187661 0.045700092 -1.321670294 -0.439568877 -0.023866642 0.897891760 -0.366390228
0.883316934 -0.064756677 0.464282006 -1.678460002 0.047702365 0.997688353 0.048398755 -1.322417617 -0.466342896 -0.020604089 0.884364009 -0.353410244
0.868845046 -0.075128689 0.489350557 -1.679640412 0.057555478 0.997044742 0.050883517 -1.322629333 -0.491727233 -0.016045088 0.870601475 -0.340049505
0.853807926 -0.085699305 0.513485909 -1.680794120 0.067622051 0.996257663 0.053832721 -1.322852969 -0.516177654 -0.011239838 0.856407821 -0.326439917
0.838289022 -0.095512591 0.536794960 -1.682855606 0.077113919 0.995409369 0.056689002 -1.323112249 -0.539745271 -0.006127410 0.841806114 -0.311754763
0.822353661 -0.101807527 0.559794307 -1.683598399 0.083042540 0.994802177 0.058928803 -1.322108030 -0.562883973 -0.001973575 0.826533556 -0.297071218
0.806496382 -0.110954195 0.580734730 -1.684394240 0.091901690 0.993820488 0.062249042 -1.321155071 -0.584052801 0.003166871 0.811709464 -0.281826466
0.790066779 -0.117129706 0.601726830 -1.685272098 0.098257951 0.993081748 0.064296663 -1.320287943 -0.605094969 0.008325782 0.796109796 -0.266326874
0.772982776 -0.125146687 0.621961415 -1.685930729 0.105595537 0.992055416 0.068378724 -1.319466472 -0.625577509 0.012820765 0.780056655 -0.250885338
0.755646825 -0.133134738 0.641305685 -1.686903119 0.112874642 0.990944564 0.072720051 -1.320151806 -0.645179987 0.017436473 0.763831615 -0.235238165
0.737540960 -0.140228838 0.660582542 -1.687474370 0.119555943 0.989864647 0.076644734 -1.319525480 -0.664635062 0.022447929 0.746830881 -0.218430728
0.718932390 -0.145618320 0.679655492 -1.687840581 0.122604541 0.989044309 0.082216069 -1.318433046 -0.684181511 0.024221055 0.728909433 -0.201838106
0.700107515 -0.154015958 0.697229207 -1.688395858 0.130800664 0.987600088 0.086817428 -1.317523122 -0.701954901 0.030416494 0.711571634 -0.184266329
0.680888295 -0.159488901 0.714810789 -1.688729048 0.136819765 0.986518562 0.089785695 -1.317135930 -0.719493926 0.036666200 0.693530202 -0.166065753
0.661407948 -0.165558413 0.731525779 -1.688991070 0.143269345 0.985262156 0.093447082 -1.316612124 -0.736215591 0.042998590 0.675379634 -0.147547513
0.642067969 -0.168938652 0.747802496 -1.687863708 0.149112567 0.984309614 0.094339803 -1.316899776 -0.752006888 0.050934169 0.657184601 -0.127269387
0.622917771 -0.173153490 0.762883604 -1.687950611 0.156899154 0.983034074 0.095008612 -1.316698432 -0.766391695 0.060513243 0.639517009 -0.107486308
0.603290021 -0.178002089 0.777403593 -1.688221693 0.165803403 0.981469333 0.096058272 -1.316262484 -0.780096412 0.070945166 0.621623993 -0.087867141
0.584349275 -0.183839843 0.790404260 -1.688728333 0.176250026 0.979502857 0.097519808 -1.315633416 -0.792131245 0.082323141 0.604773521 -0.068270564
0.564888239 -0.190977052 0.802763462 -1.689064980 0.186192468 0.977259576 0.101469770 -1.314660788 -0.803886652 0.092149392 0.587600887 -0.048022151
0.544714689 -0.194426551 0.815772235 -1.689164639 0.192684159 0.975745380 0.103892863 -1.313668728 -0.816185534 0.100594386 0.568965793 -0.027474403
0.524101436 -0.196269214 0.828731656 -1.689107537 0.198311776 0.974458992 0.105366819 -1.312343240 -0.828245282 0.109124325 0.549637794 -0.007202446
0.502953768 -0.200705677 0.840687096 -1.686936140 0.205005497 0.972610295 0.109553389 -1.311951399 -0.839648902 0.117245175 0.530323803 0.015975177
0.481706977 -0.204049468 0.852245450 -1.686978340 0.212523282 0.970683336 0.112283953 -1.310994387 -0.850171924 0.127034023 0.510950208 0.036443412
0.460286200 -0.207626149 0.863150060 -1.687455535 0.221314207 0.968406916 0.114926390 -1.309899211 -0.859742224 0.138128310 0.491694987 0.056037307
0.439112842 -0.212115750 0.873033106 -1.687847614 0.230731413 0.965763152 0.118593954 -1.308869243 -0.868298829 0.149360046 0.473020792 0.076003432
0.418220103 -0.216110185 0.882263303 -1.688450336 0.241305485 0.962818861 0.121455975 -1.307720184 -0.875707626 0.162099600 0.454818785 0.095417380
0.396926939 -0.219240040 0.891281545 -1.689438820 0.250926822 0.959980667 0.124390081 -1.307124376 -0.882884324 0.174272671 0.436055422 0.114224195
0.375729740 -0.221485153 0.899873078 -1.689595819 0.258110493 0.957608581 0.127925023 -1.305732250 -0.890059650 0.184201434 0.416969657 0.132648051
0.354355335 -0.225430042 0.907531559 -1.688411117 0.265335888 0.954857349 0.133582532 -1.306720138 -0.896676719 0.193465024 0.398173451 0.152770877
0.333605647 -0.225882292 0.915251076 -1.688909411 0.270803392 0.952912092 0.136470109 -1.306676745 -0.902980030 0.202325881 0.379066527 0.170084894
0.313144803 -0.230766401 0.921242297 -1.690422773 0.275059491 0.950491548 0.144596145 -1.303837061 -0.909000933 0.208116874 0.361115992 0.185468674
0.293352723 -0.236722589 0.926232517 -1.691414237 0.279118955 0.947852254 0.153846592 -1.302019119 -0.914350569 0.213397712 0.344128788 0.200685501
0.273419678 -0.241886064 0.930984974 -1.692300797 0.279264838 0.946138799 0.163806394 -1.300194144 -0.920463443 0.215203419 0.326243222 0.215501249
0.253949165 -0.246830568 0.935192227 -1.693426847 0.278262526 0.944656014 0.173766896 -1.298857331 -0.926325917 0.216100976 0.308578312 0.229473233
0.236101687 -0.252603471 0.938321590 -1.695549488 0.277278900 0.942988396 0.184090525 -1.297567129 -0.931328297 0.216712683 0.292682767 0.243118823
0.221604645 -0.257033080 0.940651596 -1.696639538 0.275940746 0.941737235 0.192321867 -1.296400309 -0.935279667 0.216944695 0.279619217 0.257089794
0.209717572 -0.259200603 0.942779779 -1.697548628 0.275036126 0.940927565 0.197510689 -1.295592070 -0.938282371 0.217876971 0.268618584 0.269716144
0.200462401 -0.260494441 0.944435120 -1.697865963 0.275590748 0.940069854 0.200794488 -1.294607162 -0.940140843 0.220025748 0.260238528 0.284042001
0.193348169 -0.259112954 0.946296453 -1.694484949 0.278527915 0.939311266 0.200291216 -1.292785287 -0.940764904 0.224844038 0.253784299 0.297860682
0.187362194 -0.256664664 0.948165894 -1.695148945 0.278008074 0.939649820 0.199423626 -1.292276025 -0.942128897 0.226233348 0.247409701 0.310641110
0.183587551 -0.254057854 0.949605405 -1.695448995 0.280434817 0.939415753 0.197115153 -1.291934252 -0.942152917 0.230114460 0.243711650 0.323449135
0.180501461 -0.252451062 0.950624943 -1.694967389 0.281416953 0.939350665 0.196022525 -1.291054249 -0.942456245 0.232139602 0.240598142 0.336480021
0.178873599 -0.256257415 0.949913979 -1.693192124 0.282673657 0.938164175 0.199858800 -1.287849665 -0.942390561 0.232766166 0.240249991 0.349970520
0.178584695 -0.260621965 0.948780179 -1.693039179 0.282909811 0.937162042 0.204179704 -1.286281705 -0.942374468 0.231955826 0.241095304 0.363217354
0.179169536 -0.265577137 0.947294593 -1.692578912 0.285125971 0.935568631 0.208361506 -1.284860253 -0.941595197 0.232766271 0.243348300 0.376369417
0.180896342 -0.269959539 0.945726395 -1.692140460 0.288457841 0.933864534 0.211397991 -1.283526182 -0.940249205 0.234561041 0.246804595 0.389158189
0.183477402 -0.274421990 0.943943143 -1.690604806 0.295820892 0.931147039 0.213202208 -1.282449603 -0.937457204 0.240120322 0.252024233 0.401658773
0.186398566 -0.277918905 0.942346454 -1.689067483 0.302966684 0.928672671 0.213958591 -1.281714797 -0.934594512 0.245617926 0.257303417 0.413319111
0.189823389 -0.281076640 0.940724671 -1.686220169 0.311119646 0.925987959 0.213894457 -1.281130791 -0.931220472 0.252075791 0.263222635 0.424608350
0.193124354 -0.281547993 0.939911604 -1.682790756 0.316364378 0.924651802 0.211973324 -1.280800462 -0.928771615 0.256417274 0.267644525 0.434785604
0.195824146 -0.278419316 0.940284908 -1.678088427 0.311707795 0.926792681 0.209507853 -1.280013084 -0.929780185 0.252067417 0.268273890 0.443554044
0.194723010 -0.278296739 0.940549791 -1.671928406 0.308222502 0.927692056 0.210680678 -1.285750866 -0.931172311 0.248874202 0.266420305 0.455980897
0.197669923 -0.273539752 0.941330254 -1.665503740 0.298071831 0.931580186 0.208114386 -1.284656286 -0.933852136 0.239446044 0.265679896 0.463106155
0.200982094 -0.267905742 0.942248940 -1.658327579 0.289947599 0.935045302 0.204011619 -1.283821940 -0.935701251 0.232200056 0.265605986 0.469881296
0.204455197 -0.261812299 0.943213940 -1.650665283 0.282198817 0.938423455 0.199311912 -1.282907009 -0.937316418 0.225423485 0.265748620 0.476329446
0.207704663 -0.257587105 0.943667293 -1.642762780 0.274598330 0.941268623 0.196492255 -1.282004356 -0.938858271 0.218317002 0.266238868 0.482859015
0.210841715 -0.254067183 0.943925679 -1.634597778 0.269971490 0.943210125 0.193571880 -1.281374216 -0.939500511 0.214019969 0.267458975 0.489721179
0.212093413 -0.250517100 0.944593966 -1.626513600 0.265625924 0.944971621 0.190975204 -1.281603098 -0.940457046 0.210404024 0.266966105 0.495956659
0.209719479 -0.247011885 0.946045995 -1.617623091 0.262826592 0.946193278 0.188786909 -1.281773448 -0.941774964 0.209053680 0.263356447 0.502048373
0.203905702 -0.242285609 0.948535919 -1.609018803 0.262693107 0.946900368 0.185396999 -1.282345057 -0.943088055 0.211370289 0.256725073 0.508072615
0.194972277 -0.238849372 0.951281786 -1.601804495 0.268152982 0.945923686 0.182544112 -1.284173727 -0.943440557 0.219497949 0.248477042 0.513079286
0.181307316 -0.232960433 0.955435634 -1.593411922 0.273844630 0.945070684 0.178467304 -1.285265684 -0.944530010 0.229283452 0.235143185 0.518437505
0.164479077 -0.226166695 0.960101783 -1.585625291 0.284482390 0.942874193 0.173372597 -1.286926746 -0.944466293 0.244615853 0.219423473 0.523518920
0.145107090 -0.220536470 0.964524686 -1.578221798 0.293180585 0.940645874 0.170969337 -1.289034724 -0.944981158 0.257970989 0.201151371 0.528281450
0.122304142 -0.217247367 0.968424082 -1.571007252 0.297169328 0.939000010 0.173116550 -1.291106939 -0.946959376 0.266613066 0.179402888 0.532337546
0.099186003 -0.219005272 0.970669329 -1.565890074 0.301182777 0.936330736 0.180481881 -1.293374181 -0.948394001 0.274447560 0.158831477 0.535674989
0.075870395 -0.225091726 0.971379220 -1.561222315 0.307051808 0.932121515 0.192012236 -1.295751214 -0.948663890 0.283695638 0.139835238 0.538514197
0.055637479 -0.232502684 0.971003175 -1.558685303 0.313335061 0.927446187 0.204119354 -1.298950791 -0.948011518 0.292892605 0.124452055 0.540438712
0.038632691 -0.242919177 0.969277084 -1.557471275 0.321472973 0.921454549 0.218120903 -1.303797841 -0.946130455 0.303169698 0.113690197 0.542438030
0.024337471 -0.254171342 0.966853142 -1.557040691 0.328385204 0.915505469 0.232406735 -1.313550949 -0.944230437 0.311843991 0.105747163 0.540529430
0.012756824 -0.265513629 0.964022815 -1.556875825 0.332497448 0.910364985 0.246335149 -1.324580550 -0.943018019 0.317392588 0.099895954 0.539183617
0.003725469 -0.273474425 0.961872160 -1.557005405 0.334750444 0.906725168 0.256498784 -1.339083433 -0.942299545 0.321031481 0.094923675 0.536124647
-0.003392816 -0.279552668 0.960124552 -1.557354093 0.337582201 0.903445661 0.264242798 -1.355802059 -0.941290081 0.325017363 0.091306806 0.531144261
-0.009069681 -0.282508105 0.959222138 -1.557094336 0.341972917 0.900546253 0.268460453 -1.374482036 -0.939666092 0.330462813 0.088442385 0.524586856
-0.013588309 -0.283789098 0.958790481 -1.556481123 0.345868111 0.898354709 0.270802677 -1.393779039 -0.938184798 0.335294783 0.085946500 0.516955495
-0.017279029 -0.285127670 0.958333790 -1.554942608 0.346800596 0.897265255 0.273211211 -1.411935329 -0.937779725 0.337071508 0.083378613 0.508381605
-0.020450592 -0.286275864 0.957929075 -1.552842259 0.348954678 0.895831108 0.275167674 -1.429347754 -0.936916530 0.339901119 0.081577063 0.499088824
-0.023476839 -0.283604711 0.958654046 -1.550287843 0.346413344 0.897202313 0.273908496 -1.446499825 -0.937788367 0.338520944 0.077180982 0.488619387
-0.025574684 -0.282355219 0.958969116 -1.547188759 0.344564945 0.898009181 0.273595572 -1.464647889 -0.938414216 0.337424159 0.074323356 0.473908305
-0.027902484 -0.281876326 0.959044933 -1.543248892 0.336355746 0.900825560 0.274550825 -1.478764296 -0.941321492 0.330240935 0.069675386 0.461720228
-0.029681683 -0.281177759 0.959196746 -1.538761616 0.325307488 0.904659390 0.275257140 -1.492257953 -0.945142448 0.320203871 0.064617455 0.448932409
-0.031075716 -0.283741027 0.958397448 -1.533369303 0.314932436 0.907239914 0.278807014 -1.504795194 -0.948605359 0.310494512 0.061166048 0.435468674
-0.032014132 -0.284748197 0.958067656 -1.528140068 0.304647028 0.910166264 0.280691266 -1.516546488 -0.951927185 0.300858557 0.057609439 0.422073364
-0.033333182 -0.285476178 0.957806051 -1.521959782 0.296014398 0.912520289 0.282280445 -1.527823925 -0.954601824 0.292933643 0.054087818 0.408619881
-0.034159064 -0.286471188 0.957479775 -1.515368223 0.293360233 0.912962615 0.283617824 -1.538608789 -0.955391586 0.290574580 0.052853346 0.395991087
-0.034808874 -0.287631899 0.957108259 -1.508462191 0.296186239 0.911694944 0.284756124 -1.549730659 -0.954495668 0.293394327 0.053457618 0.383369207
-0.035573363 -0.289668411 0.956465900 -1.500150442 0.301593989 0.909337342 0.286612451 -1.559764981 -0.952772677 0.298660040 0.055014074 0.371561766
-0.035559773 -0.291741610 0.955836058 -1.489896774 0.304836512 0.907693207 0.288388163 -1.572795033 -0.951740742 0.301628679 0.056656122 0.358992100
-0.035751343 -0.291685313 0.955846071 -1.480370760 0.303087264 0.908244669 0.288495630 -1.581863761 -0.952292085 0.300018817 0.055935085 0.346994162
-0.035917044 -0.290020645 0.956346273 -1.470144033 0.300733089 0.909468889 0.287099153 -1.590562701 -0.953031898 0.297916681 0.054553390 0.335129380
-0.036072850 -0.289493591 0.956499994 -1.459311724 0.298170477 0.910410047 0.286789030 -1.598820686 -0.953830779 0.295545369 0.053477347 0.323838115
-0.036536217 -0.287624210 0.957046270 -1.446717262 0.294430524 0.912077904 0.285349905 -1.606319308 -0.954974294 0.292209148 0.051361501 0.312749624
-0.037557006 -0.286539137 0.957332373 -1.434746027 0.290894687 0.913384318 0.284797132 -1.613745809 -0.956017852 0.289178908 0.049048662 0.301790476
-0.038890362 -0.283475906 0.958190560 -1.421053767 0.288558155 0.914876699 0.282373518 -1.620872736 -0.956672311 0.287475258 0.046219349 0.291541696
-0.042478442 -0.279682726 0.959152460 -1.406384468 0.289328128 0.915439367 0.279749870 -1.627904534 -0.956287146 0.289393067 0.042033672 0.280429602
-0.050169706 -0.272660673 0.960801363 -1.391982555 0.290285885 0.916500628 0.275246561 -1.634984612 -0.955623984 0.292716086 0.033168972 0.269659758
