0.998786092 0.018258575 -0.045749363 3.457527876 -0.019259598 0.999582529 -0.021536136 1.764622211 0.045337047 0.022391109 0.998720765 2.325101852
0.998784244 0.018202065 -0.045812264 3.457550764 -0.019198982 0.999586284 -0.021415826 1.764585137 0.045403495 0.022269338 0.998720467 2.325068474
0.998789549 0.018276222 -0.045666665 3.456967592 -0.019271437 0.999584198 -0.021448646 1.764303446 0.045255676 0.022302747 0.998726428 2.325389147
0.998789787 0.018042367 -0.045754131 3.457206726 -0.019042406 0.999587119 -0.021515964 1.764359474 0.045347039 0.022361195 0.998721004 2.325479269
0.998784602 0.018222053 -0.045795746 3.457513094 -0.019220278 0.999585092 -0.021452369 1.764434338 0.045385838 0.022306504 0.998720467 2.324812412
0.998787463 0.018230259 -0.045730546 3.457509279 -0.019224923 0.999585986 -0.021405803 1.764757395 0.045321383 0.022259014 0.998724461 2.325100899
0.998785198 0.018049950 -0.045851696 3.457670689 -0.019054437 0.999585867 -0.021565501 1.764737964 0.045443449 0.022412982 0.998715460 2.325544119
0.998787820 0.018372562 -0.045665056 3.457298517 -0.019368865 0.999581814 -0.021471741 1.764447451 0.045251466 0.022330193 0.998726010 2.325507402
0.998792887 0.018196166 -0.045625824 3.457529545 -0.019193545 0.999584198 -0.021518016 1.764494777 0.045215305 0.022367762 0.998726845 2.325441599
0.998788714 0.018353697 -0.045653291 3.457345486 -0.019352552 0.999580801 -0.021534191 1.764469624 0.045238920 0.022391615 0.998725235 2.325388670
0.998787522 0.018206488 -0.045738421 3.457430124 -0.019202534 0.999585867 -0.021432783 1.764684916 0.045329265 0.022285089 0.998723507 2.325208187
0.998792589 0.017994108 -0.045712352 3.457566977 -0.018984513 0.999592304 -0.021325046 1.764704585 0.045309991 0.022167126 0.998727024 2.324901342
0.998789310 0.018154923 -0.045720190 3.457932234 -0.019147903 0.999588132 -0.021375105 1.764679670 0.045313299 0.022224672 0.998725593 2.324526310
0.998791635 0.017895503 -0.045771778 3.457532167 -0.018886132 0.999594688 -0.021302644 1.764601827 0.045372002 0.022141356 0.998724759 2.325130463
0.998791337 0.018148091 -0.045678820 3.457295179 -0.019146252 0.999585271 -0.021509867 1.764758945 0.045269515 0.022358447 0.998724580 2.325578928
0.998789072 0.018175667 -0.045716297 3.457336187 -0.019165626 0.999589205 -0.021310071 1.764822841 0.045310188 0.022160446 0.998727143 2.325509548
0.998792946 0.018028302 -0.045690518 3.457494020 -0.019017147 0.999592245 -0.021300726 1.765042067 0.045287874 0.022143919 0.998728514 2.324946404
0.998798072 0.018079877 -0.045557961 3.456985950 -0.019077443 0.999585569 -0.021557771 1.764551401 0.045149319 0.022400990 0.998729050 2.325883627
0.998790145 0.018117085 -0.045716096 3.457317591 -0.019117825 0.999584973 -0.021548865 1.764771938 0.045306724 0.022396786 0.998722017 2.325313330
0.998789251 0.018199898 -0.045703948 3.457577467 -0.019196399 0.999585390 -0.021459939 1.764956594 0.045294426 0.022311306 0.998724520 2.324356794
0.998791397 0.018132288 -0.045683559 3.457297802 -0.019126456 0.999587595 -0.021419769 1.764733195 0.045276333 0.022267645 0.998726308 2.325341463
0.998789191 0.018064845 -0.045758650 3.457318306 -0.019056994 0.999590635 -0.021339545 1.764728546 0.045354426 0.022185730 0.998724580 2.324958801
0.998784423 0.018039931 -0.045871425 3.457446575 -0.019033659 0.999591529 -0.021319654 1.764707565 0.045468081 0.022166841 0.998719811 2.325000048
0.998785794 0.018206775 -0.045775469 3.457420826 -0.019203205 0.999586046 -0.021423066 1.764672756 0.045366477 0.022276090 0.998722017 2.325303793
0.998801351 0.018165367 -0.045452200 3.457362175 -0.019157281 0.999585629 -0.021483667 1.764623046 0.045043111 0.022328656 0.998735487 2.325271130
0.998789907 0.017591132 -0.045926873 3.457387447 -0.018579667 0.999602854 -0.021186702 1.764792204 0.045535933 0.022014368 0.998720109 2.325583696
0.998793244 0.017446760 -0.045909062 3.457968950 -0.018435784 0.999605060 -0.021208612 1.764596343 0.045520909 0.022029387 0.998720467 2.324828148
0.998793721 0.017390501 -0.045919672 3.457896948 -0.018378448 0.999606729 -0.021180818 1.764501810 0.045533270 0.021999201 0.998720586 2.324918270
0.998796225 0.017360210 -0.045877852 3.457920074 -0.018345382 0.999608159 -0.021140685 1.764600873 0.045492873 0.021956882 0.998723328 2.324580669
0.998789132 0.018513655 -0.045580134 3.457211018 -0.019510096 0.999578178 -0.021514304 1.764772773 0.045162596 0.022377525 0.998728991 2.325855494
0.998782992 0.017513590 -0.046106502 3.457597971 -0.018511346 0.999601662 -0.021302961 1.764539599 0.045715049 0.022130527 0.998709381 2.325367212
0.998796642 0.017196476 -0.045929942 3.457325459 -0.018197238 0.999604106 -0.021460341 1.764650345 0.045542713 0.022270316 0.998714149 2.325672150
0.998784781 0.017448260 -0.046092700 3.457476616 -0.018437235 0.999606967 -0.021118952 1.764594913 0.045706097 0.021943109 0.998713911 2.325258255
0.998789549 0.017486630 -0.045974821 3.457751274 -0.018476626 0.999604583 -0.021197340 1.764730096 0.045585968 0.022021139 0.998717666 2.324731112
0.998792291 0.017355289 -0.045965280 3.457502842 -0.018344644 0.999607146 -0.021190317 1.764833331 0.045579460 0.022007940 0.998718262 2.325011015
0.998789251 0.018074755 -0.045752689 3.457652092 -0.019065704 0.999590993 -0.021315848 1.764559388 0.045348696 0.022162346 0.998725355 2.325006247
0.998801172 0.017184634 -0.045835327 3.457602501 -0.018168684 0.999611437 -0.021139763 1.764247894 0.045454238 0.021947190 0.998725295 2.324801683
0.998787582 0.018308157 -0.045696214 3.457630634 -0.019304881 0.999583185 -0.021466732 1.764647841 0.045284152 0.022322867 0.998724699 2.324403286
0.998795688 0.017128902 -0.045975193 3.457259893 -0.018121438 0.999609768 -0.021259278 1.764777184 0.045593105 0.022066813 0.998716354 2.325424910
0.998800874 0.017099101 -0.045874525 3.457284927 -0.018086042 0.999611974 -0.021185769 1.764643908 0.045494463 0.021990051 0.998722553 2.325057983
0.998792589 0.017987637 -0.045714192 3.457492113 -0.018977361 0.999592781 -0.021309251 1.764622569 0.045312278 0.022151059 0.998727262 2.325033903
0.998796046 0.017911000 -0.045669299 3.458095789 -0.018899186 0.999594510 -0.021298658 1.765094995 0.045269299 0.022136129 0.998729527 2.323906422
0.998797476 0.018019421 -0.045595616 3.457646847 -0.019013731 0.999588728 -0.021468220 1.764778733 0.045190021 0.022309346 0.998729289 2.324711800
0.998793304 0.017916042 -0.045727067 3.457662344 -0.018909883 0.999592245 -0.021394921 1.764984846 0.045325108 0.022233797 0.998724818 2.324628592
0.998791993 0.017981155 -0.045729600 3.457912922 -0.018972343 0.999592364 -0.021334106 1.764651656 0.045327350 0.022175932 0.998726010 2.324097872
0.998793006 0.016865995 -0.046130463 3.457432747 -0.017865144 0.999612808 -0.021333324 1.764705300 0.045752794 0.022131702 0.998707592 2.326161385
0.998796046 0.016877277 -0.046061233 3.457426071 -0.017874746 0.999612689 -0.021330016 1.764637232 0.045683399 0.022127667 0.998710871 2.326201439
0.998796344 0.017862687 -0.045680813 3.457297087 -0.018856576 0.999592721 -0.021419687 1.764110804 0.045279592 0.022255288 0.998726428 2.325584173
0.998796880 0.017859019 -0.045671090 3.457465887 -0.018852517 0.999592900 -0.021415897 1.764204264 0.045270033 0.022251144 0.998726964 2.325346470
0.998796403 0.017881209 -0.045672864 3.457366705 -0.018872509 0.999593556 -0.021366114 1.764191747 0.045272246 0.022202360 0.998727918 2.325602055
0.998794615 0.017853040 -0.045722999 3.457395554 -0.018842522 0.999595523 -0.021302003 1.764276862 0.045324199 0.022137862 0.998727024 2.325431585
0.998794079 0.017328555 -0.045935865 3.457246065 -0.018310213 0.999611020 -0.021036223 1.764602900 0.045553472 0.021851949 0.998722851 2.326284170
0.998794317 0.017824709 -0.045741122 3.457199097 -0.018814210 0.999596238 -0.021294003 1.764376521 0.045343090 0.022128912 0.998726368 2.325631857
0.998789489 0.017938634 -0.045800712 3.457476616 -0.018934356 0.999591708 -0.021399781 1.764568567 0.045398127 0.022241086 0.998721361 2.325175285
0.998785138 0.018040191 -0.045856077 3.457553387 -0.019040275 0.999588251 -0.021466741 1.764684200 0.045449931 0.022313775 0.998717368 2.325112343
0.998787761 0.017889069 -0.045857988 3.457330704 -0.018882519 0.999594331 -0.021322729 1.764646769 0.045457944 0.022162797 0.998720348 2.325724840
0.998788118 0.017988764 -0.045811195 3.457403183 -0.018985569 0.999590337 -0.021417623 1.764624596 0.045407150 0.022261420 0.998720467 2.325729370
0.998781323 0.018008301 -0.045952257 3.457370520 -0.019015497 0.999586344 -0.021576129 1.764676332 0.045544703 0.022423640 0.998710573 2.325306892
0.998792350 0.017274663 -0.045993779 3.457490206 -0.018268749 0.999606609 -0.021281574 1.764653563 0.045608055 0.022096124 0.998714983 2.325690269
0.998792768 0.017530732 -0.045887902 3.457565546 -0.018534772 0.999596000 -0.021546969 1.764477968 0.045491628 0.022371480 0.998714209 2.325217247
0.998788893 0.018177435 -0.045720290 3.457753897 -0.019178852 0.999583542 -0.021560658 1.764588952 0.045309331 0.022411410 0.998721600 2.325133562
0.998778820 0.017881930 -0.046055011 3.457877159 -0.018880885 0.999593794 -0.021347582 1.764685631 0.045654565 0.022191074 0.998710752 2.325507641
0.998767972 0.018248189 -0.046146479 3.457980156 -0.019246250 0.999588370 -0.021277053 1.764693737 0.045739215 0.022138985 0.998708069 2.325436831
0.998774529 0.017530289 -0.046282664 3.457795143 -0.018531185 0.999601662 -0.021285923 1.764764786 0.045891076 0.022117512 0.998701572 2.325340033
0.998776793 0.017470894 -0.046257164 3.457731485 -0.018468371 0.999604106 -0.021224843 1.764844060 0.045868035 0.022053177 0.998704076 2.325284958
0.998788357 0.017154353 -0.046125833 3.457402706 -0.018143630 0.999612391 -0.021114880 1.764991999 0.045745742 0.021926185 0.998712480 2.325645208
0.998823404 0.016112303 -0.045740243 3.457361221 -0.017090714 0.999631703 -0.021080706 1.764945865 0.045383740 0.021837637 0.998730898 2.325651646
0.998830795 0.014882151 -0.045995586 3.457490444 -0.015892616 0.999638617 -0.021681659 1.764531970 0.045656294 0.022387300 0.998706341 2.325598001
0.998802423 0.017588539 -0.045654245 3.457837343 -0.018592419 0.999592543 -0.021658000 1.764742732 0.045254707 0.022480886 0.998722494 2.325552702
0.998781741 0.017634099 -0.046087470 3.457782030 -0.018639633 0.999595523 -0.021479974 1.764871240 0.045690048 0.022312859 0.998706460 2.325332642
0.998791397 0.016133463 -0.046426360 3.457656622 -0.017142253 0.999623716 -0.021413317 1.764917254 0.046063419 0.022183290 0.998692155 2.325580120
0.998799264 0.017494095 -0.045760732 3.457900286 -0.018499406 0.999594688 -0.021638377 1.764739275 0.045363639 0.022458939 0.998718023 2.324847698
0.998771310 0.017697191 -0.046289649 3.457635880 -0.018715056 0.999590456 -0.021648800 1.764760494 0.045887571 0.022488514 0.998693466 2.324988365
0.998767018 0.016692489 -0.046752002 3.457523823 -0.017713152 0.999611855 -0.021502851 1.764692664 0.046374921 0.022304462 0.998675048 2.325435162
0.998740613 0.015740689 -0.047637947 3.457262516 -0.016767189 0.999634087 -0.021225555 1.764208198 0.047286414 0.021997580 0.998639107 2.324870825
0.998586416 0.017770886 -0.050093144 3.457087994 -0.018939793 0.999557018 -0.022957359 1.763800263 0.049662985 0.023873661 0.998480678 2.325141430
0.998391330 0.019258959 -0.053327918 3.456319094 -0.020357220 0.999590158 -0.020128425 1.763670683 0.052918412 0.021181654 0.998374164 2.325089931
0.998353362 0.022541380 -0.052748911 3.456183195 -0.023399049 0.999602914 -0.015698751 1.762647748 0.052374095 0.016907176 0.998484373 2.324730158
0.998203337 0.023747815 -0.055010319 3.455108404 -0.024367912 0.999646544 -0.010629082 1.759036779 0.054738455 0.011950472 0.998429239 2.322744608
0.997994006 0.020972230 -0.059733383 3.453891516 -0.021686699 0.999700546 -0.011337839 1.752867937 0.059477717 0.012610516 0.998149991 2.320147991
0.997739613 0.018952016 -0.064471163 3.453113317 -0.020147115 0.999636114 -0.017937586 1.744171381 0.064107753 0.019195948 0.997758329 2.317542553
0.997368038 0.015656868 -0.070794225 3.452860594 -0.017669717 0.999454618 -0.027896069 1.730120897 0.070318848 0.029073562 0.997100770 2.311157703
0.996913910 0.012610407 -0.077482887 3.452488661 -0.015635336 0.999134004 -0.038558159 1.714458704 0.076929562 0.039650638 0.996247768 2.306146622
0.996422172 0.008783313 -0.084058061 3.453129053 -0.012539837 0.998941064 -0.044266541 1.693428516 0.083580241 0.045162234 0.995477140 2.297595739
0.995675683 0.005668780 -0.092724361 3.453059196 -0.009845331 0.998954296 -0.044647425 1.673864126 0.092374302 0.045367256 0.994690299 2.290483713
0.994804263 0.000693546 -0.101803973 3.452905655 -0.004804749 0.999182343 -0.040143877 1.653163671 0.101692885 0.040424444 0.993994176 2.282877207
0.994040430 -0.005174408 -0.108889297 3.453866482 0.001615153 0.999462306 -0.032749757 1.630425811 0.109000206 0.032378711 0.993514240 2.274537802
0.992955744 -0.013089544 -0.117760688 3.453593969 0.009903620 0.999570012 -0.027598852 1.608782172 0.118071303 0.026238183 0.992658436 2.266744852
0.992090225 -0.016319504 -0.124461658 3.454121828 0.012866152 0.999511003 -0.028499860 1.586102486 0.124865897 0.026673090 0.991815031 2.258988142
0.991501153 -0.012979228 -0.129448950 3.454100370 0.008431084 0.999329805 -0.035620999 1.564061642 0.129824519 0.034226868 0.990946054 2.253076077
0.990817547 -0.007186439 -0.135014519 3.453193188 0.001085738 0.998977125 -0.045204919 1.540480137 0.135201290 0.044643234 0.989811897 2.246435404
0.989670277 -0.006477909 -0.143215790 3.452521801 -0.001504073 0.998454452 -0.055555560 1.516623497 0.143354341 0.055197097 0.988130987 2.239416122
0.988071918 -0.012900369 -0.153451726 3.451288700 0.002924208 0.997877061 -0.065060563 1.491412044 0.153965250 0.063835792 0.986012042 2.231802702
0.986410737 -0.025453441 -0.162314624 3.450846434 0.013513748 0.997148573 -0.074243210 1.466384768 0.163741559 0.071040817 0.983942032 2.223799706
0.985032797 -0.038055010 -0.168113589 3.452077150 0.024269218 0.996228158 -0.083309732 1.442080736 0.170649827 0.077982835 0.982240975 2.215299606
0.984397829 -0.045192186 -0.170054778 3.452284098 0.029874926 0.995349705 -0.091577634 1.417841911 0.173402563 0.085068449 0.981170177 2.209706783
0.984045982 -0.049806252 -0.170800656 3.455032110 0.033497185 0.994713366 -0.097073272 1.399216890 0.174732566 0.089803219 0.980512083 2.202834845
0.984205246 -0.049718767 -0.169906259 3.458039999 0.032921128 0.994413495 -0.100289829 1.385011315 0.173943371 0.093112268 0.980343699 2.197208881
0.984060228 -0.049410544 -0.170833528 3.460630178 0.032208100 0.994258583 -0.102041744 1.375221252 0.174894631 0.094912998 0.980001748 2.192958117
0.984399259 -0.048082486 -0.169251919 3.462278605 0.030740350 0.994140506 -0.103632323 1.369775534 0.173243105 0.096812718 0.980109215 2.192329645
0.985444903 -0.045006186 -0.163929135 3.466436148 0.027488412 0.993813753 -0.107604109 1.371158004 0.167757869 0.101531766 0.980585873 2.191768408
0.987279654 -0.038593076 -0.154238492 3.470920324 0.021195658 0.993381679 -0.112887613 1.378826618 0.157574356 0.108182453 0.981563509 2.194653034
0.988292396 -0.036161594 -0.148224473 3.473155975 0.018868249 0.993016541 -0.116456583 1.391449690 0.151400596 0.112296417 0.982073009 2.200517178
0.988667071 -0.035230555 -0.145932361 3.475339174 0.018111221 0.992964625 -0.117018104 1.408288002 0.149028286 0.113048926 0.982349515 2.207595587
0.989089251 -0.031130997 -0.143990666 3.477390528 0.014753355 0.993435323 -0.113439649 1.426387787 0.146576911 0.110077590 0.983055532 2.216802359
0.989555061 -0.024437562 -0.142069146 3.480726719 0.009534195 0.994463325 -0.104650795 1.448745608 0.143839970 0.102203205 0.984309196 2.225102186
0.990106285 -0.015676038 -0.139440849 3.483474016 0.003024161 0.995893180 -0.090485804 1.474245787 0.140286639 0.089168869 0.986087501 2.234418869
0.990590215 -0.006040360 -0.136727870 3.486774206 -0.004021900 0.997309327 -0.073197685 1.499386549 0.136802107 0.073058821 0.987900615 2.242446899
0.991220415 0.003122419 -0.132183194 3.490122557 -0.010488633 0.998427510 -0.055067819 1.523886323 0.131803393 0.055970762 0.989694476 2.250129938
0.991551816 0.010185374 -0.129310682 3.493330002 -0.015543049 0.999059021 -0.040491227 1.548745513 0.128776595 0.042159032 0.990777075 2.257365465
0.991704047 0.016129399 -0.127526134 3.496249914 -0.020143950 0.999339283 -0.030253366 1.572304130 0.126953900 0.032571264 0.991373718 2.264730453
0.991712928 0.020896140 -0.126762778 3.498874187 -0.024133403 0.999419272 -0.024055984 1.595578790 0.126186490 0.026915848 0.991641343 2.271207571
0.991646111 0.024093969 -0.126718268 3.500876427 -0.027022934 0.999404728 -0.021445679 1.617393494 0.126126125 0.024690824 0.991706908 2.277042150
0.991771162 0.029720623 -0.124525718 3.504423857 -0.032695297 0.999225140 -0.021912429 1.638206482 0.123777978 0.025803521 0.991974413 2.281918287
0.992073238 0.039096534 -0.119424179 3.506757736 -0.042137116 0.998846114 -0.023041278 1.657058120 0.118385538 0.027890824 0.992575943 2.286220789
0.992031038 0.049862072 -0.115707137 3.509095907 -0.052728638 0.998369932 -0.021845262 1.672635317 0.114429273 0.027772259 0.993043125 2.288592339
0.991685748 0.061964005 -0.112782098 3.509846210 -0.064329207 0.997776151 -0.017450955 1.683498383 0.111449949 0.024561044 0.993466496 2.290122747
0.990962148 0.072719835 -0.112720162 3.510952234 -0.074301891 0.997186720 -0.009892749 1.688304663 0.111683652 0.018178660 0.993577540 2.289132357
0.990225077 0.080371156 -0.113994524 3.510937929 -0.080980226 0.996715426 -0.000714758 1.686241865 0.113562658 0.009939075 0.993481100 2.286414862
0.989594638 0.081990480 -0.118237093 3.510691404 -0.081666797 0.996630788 0.007588290 1.677065849 0.118460894 0.002146712 0.992956400 2.280993700
0.989016414 0.080820046 -0.123752385 3.510543346 -0.079920031 0.996726274 0.012227936 1.660766244 0.124335513 -0.002203335 0.992237806 2.273929596
0.988617837 0.077386536 -0.129019961 3.510181427 -0.076457970 0.996998847 0.012142176 1.639611602 0.129572406 -0.002139369 0.991567671 2.266184568
0.988183796 0.069298983 -0.136712775 3.513133287 -0.068670586 0.997595906 0.009313056 1.611044765 0.137029484 0.000185133 0.990566969 2.254165888
0.987783074 0.061763134 -0.143073246 3.513114929 -0.061949003 0.998074293 0.003159387 1.583475471 0.142992869 0.005742454 0.989707053 2.245135069
0.987376630 0.055426318 -0.148375764 3.512987375 -0.057120670 0.998341441 -0.007179216 1.557257533 0.147731766 0.015563913 0.988905013 2.237986803
0.987071335 0.049708448 -0.152378485 3.512858391 -0.053430460 0.998362601 -0.020426901 1.527714133 0.151113585 0.028304460 0.988111079 2.228947401
0.986747265 0.043791961 -0.156243831 3.514180899 -0.049967360 0.998108447 -0.035815980 1.493960023 0.154379845 0.043148410 0.987068951 2.216563702
0.986935556 0.039210249 -0.156271577 3.513237715 -0.047767762 0.997535884 -0.051385377 1.464859962 0.153871655 0.058178794 0.986376584 2.208930731
0.987710714 0.034186035 -0.152508453 3.512614965 -0.044471718 0.996923089 -0.064549543 1.436812282 0.149832502 0.070538588 0.986191928 2.202156305
0.989170969 0.032551534 -0.143112332 3.510852098 -0.043666467 0.996210158 -0.075223692 1.411499619 0.140121311 0.080658309 0.986843586 2.197921515
0.990753651 0.034589991 -0.131189510 3.508943558 -0.045806050 0.995457411 -0.083464369 1.389551401 0.127706543 0.088701904 0.987837553 2.193543196
0.992499352 0.037755311 -0.116273701 3.507376194 -0.048404232 0.994749665 -0.090167306 1.370884895 0.112258926 0.095119126 0.989115894 2.189979553
0.993647754 0.040823113 -0.104869738 3.505758762 -0.050793868 0.994253099 -0.094237953 1.358186960 0.100419968 0.098966062 0.990010858 2.190576553
0.993578732 0.038046822 -0.106554016 3.503461123 -0.048359498 0.994212091 -0.095935978 1.346251607 0.102287233 0.100472845 0.989667892 2.188210726
0.993157685 0.035758860 -0.111171551 3.501971960 -0.046722516 0.994125128 -0.097633272 1.338568687 0.107027180 0.102159455 0.988993764 2.186822176
0.992275774 0.033707570 -0.119384214 3.500720978 -0.045809302 0.993920207 -0.100120679 1.335764408 0.115283564 0.104816228 0.987787068 2.186199188
0.991875112 0.035457816 -0.122174196 3.500072002 -0.048344042 0.993382812 -0.104179695 1.337717175 0.117671765 0.109239638 0.987025857 2.187496662
0.991958797 0.041057978 -0.119716078 3.499673128 -0.054191206 0.992607534 -0.108598508 1.346090436 0.114372239 0.114212804 0.986850739 2.191816092
0.991720498 0.046114266 -0.119849652 3.498271942 -0.059642106 0.991932869 -0.111857153 1.359604716 0.113724604 0.118079118 0.986470520 2.198414087
0.991331518 0.050742730 -0.121189989 3.497380972 -0.064539306 0.991522193 -0.112775818 1.377080798 0.114440016 0.119619742 0.986202121 2.206509113
0.990786791 0.055849686 -0.123379104 3.496763945 -0.069615334 0.991464257 -0.110237360 1.397704720 0.116169252 0.117810801 0.986217678 2.215406418
0.990128040 0.059451088 -0.126933396 3.498820782 -0.072705388 0.992074847 -0.102476723 1.418329000 0.119835071 0.110693820 0.986603498 2.225536346
0.989378929 0.064503148 -0.130264059 3.498260975 -0.076472089 0.993085265 -0.089070901 1.443297505 0.123617962 0.098086432 0.987470329 2.235070705
0.988428175 0.067758724 -0.135714725 3.497415543 -0.077859104 0.994465113 -0.070548356 1.468825459 0.130183294 0.080298603 0.988232970 2.244129181
0.987616241 0.067483157 -0.141634047 3.497265577 -0.074984208 0.996014118 -0.048303682 1.491269112 0.137809813 0.058325816 0.988739908 2.247869968
0.986489594 0.065174468 -0.150301754 3.495801687 -0.069784708 0.997233570 -0.025600007 1.516184688 0.148217469 0.035742901 0.988308668 2.255217791
0.985748947 0.063213237 -0.155894637 3.494725704 -0.064968161 0.997868180 -0.006182488 1.539641142 0.155171484 0.016222568 0.987754345 2.262243032
0.985318363 0.062818885 -0.158749923 3.492967367 -0.062408090 0.998021960 0.007576652 1.565645933 0.158911869 0.002441865 0.987289727 2.269303083
0.985464215 0.060463998 -0.158758789 3.493054152 -0.058806758 0.998154879 0.015120269 1.585143209 0.159380078 -0.005564394 0.987201631 2.275786161
0.985914290 0.057794951 -0.156948090 3.495416641 -0.055648074 0.998287439 0.018042501 1.601089120 0.157722056 -0.009054503 0.987442017 2.284570694
0.986888707 0.054930780 -0.151767075 3.495923758 -0.053075526 0.998458266 0.016251586 1.616019726 0.152425796 -0.007983390 0.988282681 2.290749788
0.988022864 0.050374936 -0.145853460 3.495431185 -0.049327601 0.998724341 0.010790810 1.629364133 0.146210998 -0.003466966 0.989247382 2.295702219
0.989205062 0.048655629 -0.138224512 3.495303631 -0.048620328 0.998810709 0.003633870 1.640133023 0.138236940 0.003125879 0.990394235 2.300495863
0.990356982 0.049311794 -0.129465804 3.495732546 -0.050246947 0.998728931 -0.003964755 1.649113655 0.129105732 0.010431784 0.991575956 2.304305077
0.991325021 0.052610833 -0.120444342 3.498562336 -0.054065038 0.998498321 -0.008835545 1.656500459 0.119798630 0.015270723 0.992680788 2.306524992
0.991865277 0.056060158 -0.114282541 3.504119396 -0.057542674 0.998295784 -0.009712440 1.661341429 0.113543294 0.016209554 0.993400812 2.307173014
0.992219150 0.059027515 -0.109621800 3.512307882 -0.060305506 0.998144805 -0.008376730 1.663791299 0.108923979 0.014922350 0.993938088 2.307426453
0.992865443 0.057905301 -0.104236238 3.523464441 -0.058695473 0.998265684 -0.004526541 1.664014816 0.103793345 0.010612441 0.994542241 2.306977749
0.993830442 0.052333277 -0.097786807 3.537071228 -0.052586902 0.998616338 -0.000016350 1.661993265 0.097650655 0.005158555 0.995207369 2.305792332
0.994804740 0.045553632 -0.091040373 3.554100752 -0.045474201 0.998961151 0.002947677 1.657934070 0.091080070 0.001207625 0.995842814 2.301466465
0.995715559 0.039391730 -0.083659053 3.571524143 -0.039305795 0.999223650 0.002674599 1.652615309 0.083699465 0.000625146 0.996490836 2.298614979
0.996583819 0.034040321 -0.075245611 3.590691566 -0.034239013 0.999412775 -0.001351808 1.646525264 0.075155415 0.003923525 0.997164130 2.294292450
0.997234643 0.027948765 -0.068861455 3.610143423 -0.028581763 0.999557614 -0.008224081 1.639984250 0.068601146 0.010169521 0.997592330 2.288717508
0.997861981 0.021024838 -0.061882365 3.630500078 -0.022093210 0.999617577 -0.016631208 1.635728836 0.061509032 0.017962832 0.997944891 2.287951708
0.998429716 0.013217295 -0.054436978 3.653300285 -0.014647245 0.999555826 -0.025953339 1.630615830 0.054069769 0.026709938 0.998179853 2.282947779
0.998872399 0.003050672 -0.047377538 3.676865101 -0.004705540 0.999381244 -0.034857243 1.626444578 0.047241885 0.035040878 0.998268664 2.278214931
0.999192238 -0.006121456 -0.039717097 3.702275515 0.004383004 0.999034584 -0.043711223 1.623050928 0.039946329 0.043501832 0.998254418 2.273354053
0.999362171 -0.014587020 -0.032596227 3.729618311 0.012844163 0.998509109 -0.053052191 1.620649815 0.033321504 0.052599680 0.998059571 2.268626690
0.999496937 -0.020199161 -0.024452485 3.758883238 0.018637128 0.997870624 -0.062504813 1.619391084 0.025662962 0.062017646 0.997745097 2.265315533
0.999589384 -0.024046358 -0.015582127 3.789910078 0.022895526 0.997267187 -0.070241906 1.618596435 0.017228605 0.069856308 0.997408271 2.260348558
0.999628901 -0.026377931 -0.006798023 3.820331335 0.025788203 0.996795356 -0.075722948 1.618675947 0.008773653 0.075519547 0.997105718 2.259526014
0.999711454 -0.023549406 0.004741825 3.853887320 0.023853475 0.996508241 -0.080014408 1.619492650 -0.002840976 0.080104426 0.996782422 2.254087210
0.999687016 -0.020178901 0.014786434 3.887477398 0.021333726 0.996352196 -0.082627036 1.620995998 -0.013065173 0.082916625 0.996470869 2.248566628
0.999580979 -0.019358439 0.021519983 3.920027971 0.021060186 0.996418953 -0.081888713 1.622621059 -0.019857680 0.082307614 0.996409118 2.243746519
0.999409139 -0.021125609 0.027112938 3.951818943 0.023175215 0.996711075 -0.077652693 1.624667883 -0.025383305 0.078235164 0.996611714 2.237361193
0.999067426 -0.024216942 0.035746045 3.982807398 0.026673112 0.997196257 -0.069915205 1.626678467 -0.033952691 0.070803463 0.996912301 2.231291056
0.998399258 -0.029732464 0.048113134 4.012454033 0.032621451 0.997639894 -0.060418829 1.627467752 -0.046203185 0.061891638 0.997012913 2.227389097
0.997324288 -0.036420140 0.063386671 4.041149139 0.039675716 0.997916222 -0.050883040 1.628319860 -0.061401419 0.053261802 0.996691048 2.222636461
0.995913446 -0.044893287 0.078364633 4.066534996 0.048393942 0.997886837 -0.043358322 1.628516316 -0.076252542 0.046973508 0.995981455 2.226537943
0.994235098 -0.052421808 0.093533367 4.091318130 0.056320250 0.997629642 -0.039536938 1.627486348 -0.091239065 0.044576831 0.994830787 2.222610235
0.992222428 -0.059003111 0.109605119 4.113317966 0.063692868 0.997176051 -0.039788321 1.625679851 -0.106947973 0.046459928 0.993178546 2.219526529
0.989798009 -0.061643716 0.128452271 4.131052494 0.067735054 0.996750176 -0.043600887 1.623395324 -0.125347108 0.051856793 0.990756750 2.221641779
0.987235010 -0.060903326 0.147165984 4.145195961 0.068843991 0.996399879 -0.049475633 1.620697260 -0.143622935 0.058975570 0.987873673 2.220693827
0.984721422 -0.057562653 0.164347842 4.154509068 0.067573756 0.996142387 -0.055983260 1.617974281 -0.160491303 0.066233516 0.984812498 2.220507622
0.982560158 -0.054559752 0.177760482 4.158777714 0.066447295 0.995885551 -0.061617713 1.615740776 -0.173667252 0.072354808 0.982142806 2.227391720
0.981044352 -0.052287098 0.186596066 4.157835484 0.065460540 0.995726287 -0.065146364 1.613302350 -0.182392299 0.076126151 0.980274379 2.228497028
0.980159760 -0.051020443 0.191530138 4.151531696 0.064838111 0.995672226 -0.066579968 1.610880852 -0.187304288 0.077677459 0.979225874 2.230394363
0.979873538 -0.050555430 0.193111405 4.139766693 0.064512067 0.995686829 -0.066678055 1.609360576 -0.188907549 0.077794082 0.978908598 2.234156132
0.980233788 -0.049550388 0.191537187 4.123454094 0.063319124 0.995779097 -0.066442996 1.607544303 -0.187436447 0.077257633 0.979233801 2.237575293
0.981332779 -0.046689503 0.186563805 4.103046417 0.060130388 0.995936394 -0.067044877 1.605998397 -0.182675406 0.077011488 0.980152488 2.241468430
0.982822299 -0.042746015 0.179535732 4.080182552 0.055696048 0.996148646 -0.067718744 1.603121161 -0.175949559 0.076554924 0.981417894 2.255714893
0.984527349 -0.041371547 0.170277119 4.054704666 0.053351730 0.996366262 -0.066391930 1.600161195 -0.166911632 0.074449241 0.983157039 2.260634661
0.986483693 -0.044730507 0.157636151 4.027022362 0.055195928 0.996508241 -0.062647834 1.596221447 -0.154283449 0.070501938 0.985508025 2.264888048
0.988495708 -0.049950350 0.142762557 3.998380899 0.058906507 0.996505976 -0.059210263 1.592295766 -0.139306173 0.066938736 0.987984300 2.275645733
0.990005553 -0.053870481 0.130334169 3.968542337 0.061805185 0.996423721 -0.057618417 1.587262154 -0.126764119 0.065097876 0.989794493 2.279593468
0.991094828 -0.053642392 0.121875100 3.938582659 0.061199546 0.996372402 -0.059132304 1.582206726 -0.118260987 0.066064417 0.990782440 2.283418655
0.992137551 -0.050758425 0.114397041 3.909307003 0.058215279 0.996326029 -0.062813006 1.577655554 -0.110788457 0.068978794 0.991447330 2.289939880
0.993346751 -0.049179681 0.104132555 3.878777981 0.056318395 0.996178329 -0.066760741 1.573959708 -0.100451328 0.072181143 0.992320240 2.294677258
0.994592130 -0.047761437 0.092224516 3.848910570 0.054226752 0.996147335 -0.068919532 1.571150780 -0.088577516 0.073547862 0.993350267 2.299505472
0.995760798 -0.045823481 0.079753391 3.821009398 0.051374618 0.996292710 -0.069003128 1.569682121 -0.076295756 0.072807916 0.994423449 2.306200027
0.996917903 -0.044557340 0.064570762 3.794111252 0.048944548 0.996481597 -0.068035834 1.567474365 -0.061312083 0.070986532 0.995591164 2.314108372
0.997896433 -0.042907581 0.048596300 3.769562006 0.046141736 0.996650994 -0.067511089 1.564766645 -0.045536816 0.069611393 0.996534348 2.324499369
0.998532355 -0.040346183 0.036130052 3.746212006 0.042735487 0.996769488 -0.068002142 1.562803864 -0.033269707 0.069446377 0.997030735 2.340916872
0.998862743 -0.037964456 0.028844029 3.728111267 0.039928496 0.996685386 -0.070880175 1.559490442 -0.026057493 0.071951255 0.997067690 2.354537487
0.999043226 -0.033789430 0.027764481 3.712990522 0.035761598 0.996623576 -0.073908925 1.555568099 -0.025173396 0.074831113 0.996878445 2.369675875
0.999119878 -0.030686902 0.028596371 3.700336218 0.032740090 0.996695578 -0.074337296 1.550966859 -0.026220694 0.075208120 0.996823072 2.386028767
0.998990893 -0.031472363 0.032042764 3.689417124 0.033700839 0.996866584 -0.071563154 1.545715690 -0.029690100 0.072570801 0.996921241 2.402261019
0.998672724 -0.036099359 0.036737237 3.680083036 0.038502447 0.997012675 -0.066957347 1.539795876 -0.034210373 0.068282954 0.997079253 2.418728352
0.998210609 -0.043943983 0.040552299 3.672051907 0.046434838 0.996953130 -0.062676094 1.533421397 -0.037674505 0.064446978 0.997209728 2.435034752
0.997782350 -0.049764600 0.044202738 3.665538549 0.052414898 0.996762216 -0.060973249 1.526318550 -0.041025311 0.063154913 0.997160137 2.450536489
0.997366667 -0.051157806 0.051406015 3.656618834 0.054292884 0.996625423 -0.061563641 1.521038055 -0.048083078 0.064192504 0.996778488 2.470810890
0.996860385 -0.052473735 0.059295338 3.653141022 0.056198459 0.996429980 -0.063000180 1.513982773 -0.055777799 0.066134684 0.996250510 2.482422352
0.996324778 -0.058944743 0.062148649 3.650325537 0.062909402 0.995971918 -0.063893445 1.507493496 -0.058132123 0.067568354 0.996019661 2.489700317
0.995652854 -0.069018193 0.062544897 3.646960020 0.073054098 0.995225906 -0.064718813 1.502318144 -0.057779524 0.069006637 0.995941579 2.494138002
0.994958520 -0.078833066 0.061991442 3.644942999 0.082839020 0.994444191 -0.064949363 1.496817589 -0.056526873 0.069757223 0.995961189 2.492187262
0.994368970 -0.087682270 0.059516184 3.642667770 0.091449730 0.993761241 -0.063840374 1.491456389 -0.053547211 0.068923622 0.996183813 2.485370398
0.994012892 -0.092055365 0.058857050 3.638606548 0.095660791 0.993500412 -0.061691985 1.487181664 -0.052795429 0.066952944 0.996358335 2.475372791
0.994054556 -0.088280737 0.063733794 3.634259462 0.092150167 0.993901610 -0.060563292 1.485398054 -0.057998553 0.066076301 0.996127546 2.462280512
0.994547427 -0.074301563 0.073175833 3.628801346 0.078771271 0.995072424 -0.060215637 1.486431360 -0.068341136 0.065651461 0.995499551 2.447858572
0.994810522 -0.057592355 0.083875805 3.621905804 0.062688395 0.996261179 -0.059445649 1.490757823 -0.080138594 0.064395197 0.994701505 2.432590246
0.994886160 -0.044635788 0.090604834 3.614100695 0.049990609 0.997080564 -0.057717558 1.498482585 -0.087764047 0.061951790 0.994212985 2.419083118
0.994765222 -0.034399565 0.096222684 3.605262995 0.039753001 0.997733951 -0.054283321 1.508066773 -0.094137311 0.057824299 0.993878543 2.403111696
0.994837165 -0.027630650 0.097650275 3.596254826 0.032405417 0.998338103 -0.047653556 1.519964695 -0.096171290 0.050571926 0.994079232 2.387388229
0.994926453 -0.022919994 0.097959504 3.587546110 0.026654389 0.998960316 -0.036984615 1.534219027 -0.097009972 0.039408021 0.994502902 2.373435736
0.995139658 -0.020069450 0.096407048 3.578911066 0.022236902 0.999522388 -0.021460667 1.550132513 -0.095930301 0.023500156 0.995110631 2.361208916
0.995484829 -0.020956244 0.092578664 3.570591211 0.021203008 0.999773800 -0.001682540 1.566648722 -0.092522457 0.003637889 0.995703936 2.351302385
0.995872021 -0.021674845 0.088142775 3.564757586 0.020098940 0.999622583 0.018727504 1.583305955 -0.088515423 -0.016878620 0.995931804 2.342804670
0.996127367 -0.018968698 0.085851513 3.558677435 0.015993703 0.999251962 0.035208978 1.599946380 -0.086455159 -0.033699542 0.995685637 2.336887836
0.996177673 -0.015379392 0.085985489 3.553149223 0.011487048 0.998894632 0.045580376 1.615643501 -0.086591445 -0.044418436 0.995253205 2.333125591
0.996273994 -0.012600343 0.085319214 3.549161434 0.008435308 0.998763025 0.049002782 1.629678488 -0.085831128 -0.048100501 0.995147884 2.329381943
0.996409655 -0.011942170 0.083816692 3.543884039 0.008173761 0.998946309 0.045160130 1.642715335 -0.084267691 -0.044312887 0.995457351 2.329096794
0.996376872 -0.011894681 0.084212147 3.539145708 0.008945574 0.999336302 0.035311107 1.654363275 -0.084576271 -0.034429844 0.995822012 2.330343962
0.996459365 -0.014143672 0.082877263 3.534932613 0.012308022 0.999668419 0.022618249 1.665109634 -0.083169684 -0.021518111 0.996303082 2.330905437
0.996382236 -0.014580503 0.083724789 3.531067848 0.013653839 0.999839127 0.011629950 1.674443126 -0.083880894 -0.010444712 0.996421039 2.333665848
0.996383011 -0.014532776 0.083723597 3.528063059 0.014205716 0.999888957 0.004500847 1.681917906 -0.083779715 -0.003295215 0.996478856 2.337247133
0.996391594 -0.015033012 0.083533444 3.526621580 0.014923885 0.999886751 0.001930679 1.687019825 -0.083553009 -0.000677069 0.996503115 2.340668440
0.996279240 -0.014372991 0.084976815 3.525479794 0.014153268 0.999894738 0.003187599 1.690988541 -0.085013680 -0.001973040 0.996377826 2.347157478
0.996220708 -0.015260830 0.085506804 3.524804831 0.014714192 0.999867082 0.007019538 1.693822861 -0.085602559 -0.005734846 0.996312857 2.354290009
0.995962560 -0.017904773 0.087966070 3.524144888 0.016956292 0.999789894 0.011517825 1.696109533 -0.088153809 -0.009979744 0.996056855 2.362169743
0.995498896 -0.021645982 0.092268266 3.524471998 0.020413611 0.999689639 0.014279402 1.697570682 -0.092548721 -0.012331600 0.995631814 2.370934486
0.994835854 -0.025335457 0.098284066 3.525227308 0.023996599 0.999602795 0.014780799 1.698756099 -0.098619506 -0.012345985 0.995048642 2.380334616
0.994277537 -0.029292276 0.102733150 3.526389837 0.027977521 0.999507487 0.014215753 1.700021744 -0.103098959 -0.011260186 0.994607389 2.387889385
0.993693411 -0.033971742 0.106861345 3.527816772 0.032674886 0.999369860 0.013863903 1.701668382 -0.107264988 -0.010284787 0.994177282 2.396297216
0.992981315 -0.035197854 0.112912223 3.529798508 0.033903956 0.999335825 0.013359749 1.703284502 -0.113307461 -0.009437810 0.993515134 2.404456615
0.992419124 -0.037139367 0.117153503 3.531449795 0.035817396 0.999268889 0.013370056 1.704349637 -0.117564403 -0.009072566 0.993023813 2.413021564
0.992149830 -0.041441511 0.117988423 3.533024788 0.040078688 0.999099851 0.013900865 1.705092549 -0.118458286 -0.009062920 0.992917657 2.419832945
0.991987526 -0.046247996 0.117566474 3.534843206 0.044925243 0.998893976 0.013877818 1.705832005 -0.118078254 -0.008484920 0.992968023 2.425440788
0.991535902 -0.047796030 0.120714709 3.537015438 0.046331409 0.998814821 0.014912253 1.707010031 -0.121284381 -0.009193152 0.992575228 2.428679466
0.991191864 -0.048773017 0.123125255 3.538821697 0.046740230 0.998719692 0.019346464 1.708452463 -0.123911202 -0.013421156 0.992202520 2.432445049
0.990884662 -0.050653901 0.124827005 3.540206909 0.047681432 0.998506010 0.026688354 1.710298657 -0.125992388 -0.020493152 0.991819501 2.435570955
0.990673065 -0.052818425 0.125607073 3.541645288 0.048847221 0.998210549 0.034490805 1.712177515 -0.127204061 -0.028033556 0.991480350 2.439124346
0.990510046 -0.053713791 0.126509383 3.542610407 0.049007125 0.997995973 0.040029407 1.714496613 -0.128405973 -0.033449672 0.991157413 2.440819740
0.990547121 -0.054164238 0.126026183 3.543404818 0.049175009 0.997891068 0.042370893 1.716445804 -0.128055394 -0.035773031 0.991121650 2.443443060
0.990927160 -0.054796990 0.122721627 3.543746948 0.049973596 0.997865140 0.042044859 1.717959046 -0.124763563 -0.035530556 0.991550088 2.445368528
0.991052032 -0.055492345 0.121393964 3.544064283 0.051129159 0.997939289 0.038769111 1.719144464 -0.123295188 -0.032215431 0.991846979 2.447298288
0.991089582 -0.055894144 0.120901823 3.544128418 0.052166648 0.998066843 0.033781689 1.720167041 -0.122556299 -0.027173636 0.992089510 2.448701859
0.991314650 -0.056250915 0.118874446 3.543896198 0.053220391 0.998175502 0.028518576 1.721292615 -0.120261759 -0.021944337 0.992499650 2.449616671
0.991276503 -0.052315783 0.120970726 3.543828011 0.050206300 0.998530030 0.020422760 1.722034812 -0.121861339 -0.014171111 0.992445946 2.449960470
0.991297960 -0.050848689 0.121419698 3.542956114 0.049444411 0.998670876 0.014552480 1.721895814 -0.121998295 -0.008422317 0.992494583 2.449528694
0.991603315 -0.047753360 0.120176800 3.541828156 0.046677824 0.998840868 0.011750372 1.721502423 -0.120598622 -0.006042117 0.992682934 2.449280500
0.991570830 -0.043806024 0.121935695 3.541495562 0.042585291 0.999013364 0.012600673 1.722518802 -0.122367382 -0.007301794 0.992457986 2.449815512
0.991485298 -0.042279147 0.123163968 3.540884256 0.041733980 0.999104202 0.007004042 1.723102212 -0.123349771 -0.001804283 0.992361605 2.449979544
0.991395772 -0.042893354 0.123671338 3.540388107 0.043318789 0.999060988 -0.000751902 1.723592639 -0.123522967 0.006102724 0.992322922 2.450763941
0.991461098 -0.042630240 0.123237759 3.540184975 0.042688966 0.999086082 0.002165165 1.723620772 -0.123217434 0.003114216 0.992374837 2.450638533
0.991438448 -0.041279137 0.123878136 3.540488243 0.041378170 0.999141991 0.001774403 1.723534584 -0.123845086 0.003366639 0.992295861 2.450500250
0.991387725 -0.042958822 0.123712972 3.540548563 0.043495025 0.999052286 -0.001635436 1.723255754 -0.123525470 0.007002250 0.992316723 2.450125456
0.991441011 -0.042499125 0.123444699 3.540532112 0.042964950 0.999075949 -0.001112718 1.723353505 -0.123283334 0.006406989 0.992350817 2.449825048
0.991536021 -0.040444057 0.123371989 3.540652275 0.040865783 0.999164224 -0.000888682 1.723405361 -0.123232946 0.005922853 0.992360115 2.449651718
0.991593003 -0.040156730 0.123007134 3.540583849 0.040579796 0.999175847 -0.000934990 1.723448992 -0.122868210 0.005918734 0.992405355 2.449522257
0.991543710 -0.042409178 0.122648090 3.540325880 0.042780865 0.999084413 -0.000397486 1.723618746 -0.122518942 0.005641115 0.992450118 2.449638844
1.000000000 0.000000000 0.000000000 0.000000000 0.000000000 1.000000000 0.000000000 0.000000000 0.000000000 0.000000000 1.000000000 0.000000238
0.999999225 0.000626203 -0.001052751 -0.000042578 -0.000626670 0.999999702 -0.000442836 -0.000096465 0.001052473 0.000443496 0.999999344 0.000572809
