1.000000000 0.000000000 0.000000000 0.000000030 0.000000000 1.000000000 0.000000000 0.000000119 0.000000000 0.000000000 1.000000000 0.000000060
0.999999762 0.000444577 -0.000473252 0.002715657 -0.000444422 0.999999821 0.000327287 0.000495867 0.000473398 -0.000327076 0.999999821 -0.004050856
1.000000000 -0.000121775 -0.000071146 0.000010123 0.000121772 1.000000000 -0.000052613 -0.000031055 0.000071153 0.000052604 1.000000000 0.000468018
0.999999940 -0.000246633 -0.000081197 -0.000038412 0.000246632 0.999999940 -0.000017505 -0.000121874 0.000081201 0.000017485 1.000000000 0.000811372
0.999999940 -0.000210691 -0.000186819 0.000435452 0.000210684 1.000000000 -0.000037773 0.001698206 0.000186827 0.000037733 1.000000000 0.000584807
1.000000000 -0.000081387 -0.000181946 0.000414052 0.000081430 0.999999940 0.000236943 0.001413828 0.000181927 -0.000236958 0.999999940 0.000937404
1.000000000 0.000067244 0.000029045 -0.000203521 -0.000067253 0.999999940 0.000332917 -0.000462204 -0.000029023 -0.000332919 0.999999940 0.000386251
0.999999702 -0.000614164 -0.000431598 0.000486170 0.000614153 0.999999821 -0.000026216 0.002065120 0.000431614 0.000025951 0.999999881 0.000356170
0.999999881 -0.000436350 -0.000145357 0.000402558 0.000436352 0.999999881 0.000014460 0.001507113 0.000145350 -0.000014523 1.000000000 0.000889576
0.999999106 -0.001247098 -0.000490152 0.000818010 0.001247035 0.999999225 -0.000127914 0.001998188 0.000490311 0.000127302 0.999999881 -0.000024691
0.999999702 -0.000600322 -0.000422508 0.000845044 0.000600241 0.999999821 -0.000192515 0.002625922 0.000422624 0.000192262 0.999999881 -0.001286880
0.999999583 -0.000922019 -0.000205007 0.000285317 0.000922033 0.999999583 0.000067914 0.002197094 0.000204945 -0.000068103 1.000000000 -0.000194442
0.999999940 -0.000400936 -0.000127009 0.000489264 0.000400925 0.999999940 -0.000081264 0.001571878 0.000127041 0.000081213 1.000000000 0.001146685
0.999999881 0.000263113 0.000349329 -0.000390013 -0.000263041 0.999999940 -0.000203452 0.002078532 -0.000349383 0.000203360 0.999999940 0.000333190
0.999999881 0.000195694 0.000497609 -0.001004130 -0.000195503 0.999999881 -0.000383831 0.001956836 -0.000497684 0.000383733 0.999999821 0.000626760
0.999999940 -0.000094232 0.000351224 -0.000993511 0.000094304 1.000000000 -0.000203135 0.002289949 -0.000351205 0.000203168 0.999999940 -0.001416850
0.999999940 -0.000226764 -0.000211152 0.000518156 0.000226797 0.999999940 0.000154581 0.001365795 0.000211117 -0.000154629 0.999999940 0.000873643
0.999999642 -0.000530077 -0.000669804 0.000129607 0.000530304 0.999999821 0.000338586 0.001378890 0.000669625 -0.000338941 0.999999702 0.000915741
0.999999523 -0.000767366 -0.000586483 0.000060545 0.000767583 0.999999642 0.000370700 0.000852424 0.000586198 -0.000371150 0.999999762 0.002066407
0.999998569 -0.001514471 -0.000762206 0.000179916 0.001514529 0.999998868 0.000076356 0.000972216 0.000762090 -0.000077510 0.999999702 0.001529862
0.999998450 -0.001738857 -0.000333718 -0.002109246 0.001738865 0.999998510 0.000024768 -0.002271350 0.000333675 -0.000025348 0.999999940 0.006249138
0.999997616 -0.002147893 -0.000342292 -0.002528068 0.002148063 0.999997556 0.000498998 -0.002311067 0.000341219 -0.000499732 0.999999821 0.007906123
0.999999344 -0.000811231 -0.000816361 0.001168202 0.000811047 0.999999642 -0.000225820 0.001778815 0.000816544 0.000225158 0.999999642 -0.000280066
0.999999523 -0.000719352 -0.000690672 0.001300914 0.000719024 0.999999642 -0.000474679 0.001848065 0.000691013 0.000474182 0.999999642 0.000493850
0.999997497 -0.002235583 -0.000204008 -0.002963415 0.002235627 0.999997497 0.000216008 -0.002310480 0.000203524 -0.000216464 0.999999940 0.006558909
0.999999046 -0.001314142 0.000469868 -0.003257056 0.001313948 0.999999046 0.000414866 -0.002372694 -0.000470413 -0.000414249 0.999999821 0.006924765
0.999999106 -0.001264884 0.000425607 -0.003393132 0.001264381 0.999998510 0.001179780 -0.001908252 -0.000427098 -0.001179241 0.999999225 0.004725282
0.999994755 -0.003229117 -0.000133893 -0.002410022 0.003229292 0.999993920 0.001330902 -0.002892419 0.000129594 -0.001331327 0.999999106 0.005669783
0.999997020 -0.002451525 -0.000025859 -0.003276891 0.002451549 0.999996543 0.000958637 -0.002407668 0.000023509 -0.000958698 0.999999523 0.006276807
0.999997973 -0.001989838 0.000299740 -0.003438347 0.001989414 0.999997020 0.001408477 -0.002617163 -0.000302542 -0.001407878 0.999998987 0.007409932
0.999998629 -0.001393876 -0.000859940 0.000871419 0.001393700 0.999998987 -0.000205576 0.001643906 0.000860225 0.000204377 0.999999583 0.002080819
0.999996006 -0.002779774 -0.000550499 -0.002337714 0.002780707 0.999994695 0.001701000 -0.003040947 0.000545768 -0.001702524 0.999998391 0.006485305
0.999996781 -0.002539644 0.000019450 -0.003244718 0.002539621 0.999996185 0.001105861 -0.003346977 -0.000022258 -0.001105808 0.999999404 0.007304206
0.999994934 -0.003153864 0.000483617 -0.002550943 0.003153326 0.999994397 0.001107486 -0.002773119 -0.000487107 -0.001105955 0.999999285 0.008310901
0.999999762 -0.000614640 0.000375024 0.000291132 0.000614297 0.999999404 0.000916139 0.001350229 -0.000375586 -0.000915909 0.999999523 0.000432666
0.999995768 -0.002905193 -0.000086265 -0.001937862 0.002905264 0.999995410 0.000824143 -0.002265355 0.000083870 -0.000824390 0.999999642 0.007387895
0.999997973 -0.002006610 -0.000170698 -0.002788086 0.002006777 0.999997497 0.000985049 -0.003192066 0.000168721 -0.000985390 0.999999523 0.007138123
0.999998212 -0.001772935 -0.000615051 -0.002890380 0.001773544 0.999997914 0.000991258 -0.003263339 0.000613293 -0.000992348 0.999999344 0.006974694
0.999998391 -0.001757845 -0.000424011 -0.002923711 0.001758132 0.999998212 0.000677243 -0.003399550 0.000422820 -0.000677987 0.999999702 0.006787969
0.999998569 -0.001665581 -0.000236682 -0.002982832 0.001665686 0.999998510 0.000444363 -0.003480286 0.000235942 -0.000444757 0.999999881 0.006592018
0.999999523 -0.000977066 -0.000045578 -0.002968127 0.000977102 0.999999225 0.000784124 -0.002377182 0.000044812 -0.000784169 0.999999702 0.008451971
0.999999523 -0.000958608 0.000073717 -0.003060665 0.000958566 0.999999404 0.000560070 -0.002390314 -0.000074254 -0.000559999 0.999999821 0.008256452
0.999999642 -0.000827232 -0.000144465 -0.001939901 0.000827349 0.999999344 0.000812245 -0.002564919 0.000143793 -0.000812364 0.999999642 0.004149558
0.999999702 -0.000743245 -0.000077635 -0.002060279 0.000743300 0.999999464 0.000706423 -0.002513160 0.000077110 -0.000706481 0.999999762 0.003928129
0.999999523 -0.000945416 0.000111684 -0.002883913 0.000945333 0.999999285 0.000740498 -0.002307577 -0.000112384 -0.000740392 0.999999702 0.008698351
0.999999464 -0.001010669 0.000170294 -0.003093385 0.001010541 0.999999225 0.000748551 -0.002311238 -0.000171051 -0.000748379 0.999999702 0.008550480
0.999999642 -0.000842358 0.000238714 -0.003951868 0.000842175 0.999999344 0.000767703 -0.002311884 -0.000239361 -0.000767502 0.999999702 0.007707515
0.999999762 -0.000715214 -0.000049855 -0.003073426 0.000715261 0.999999285 0.000959806 -0.002428649 0.000049169 -0.000959841 0.999999523 0.004605106
0.999999523 -0.001001063 -0.000030049 -0.002435068 0.001001086 0.999999225 0.000776250 -0.002392699 0.000029272 -0.000776280 0.999999702 0.006764082
0.999999523 -0.000955407 0.000057773 -0.002451663 0.000955359 0.999999225 0.000824684 -0.002422132 -0.000058561 -0.000824629 0.999999642 0.006364845
0.999999523 -0.000942777 0.000102684 -0.002447291 0.000942699 0.999999285 0.000753457 -0.002479528 -0.000103394 -0.000753360 0.999999702 0.005929177
0.999999523 -0.000959365 0.000116286 -0.002921265 0.000959284 0.999999285 0.000690052 -0.002503201 -0.000116948 -0.000689940 0.999999762 0.006243374
0.999999166 -0.001261343 0.000188173 -0.002761133 0.001261244 0.999999046 0.000529239 -0.002365531 -0.000188841 -0.000529002 0.999999821 0.008951767
0.999999285 -0.001202083 0.000168822 -0.002826406 0.001201985 0.999999106 0.000577392 -0.002404833 -0.000169516 -0.000577189 0.999999821 0.008635033
0.999999225 -0.001230436 0.000163516 -0.002883771 0.001230338 0.999999046 0.000598221 -0.002455855 -0.000164252 -0.000598019 0.999999821 0.008268802
0.999999285 -0.001160461 0.000185927 -0.002928818 0.001160342 0.999999106 0.000639029 -0.002521975 -0.000186668 -0.000638813 0.999999762 0.007884737
0.999997795 -0.002100508 0.000151876 -0.002806193 0.002100455 0.999997735 0.000344830 -0.002364444 -0.000152600 -0.000344510 0.999999940 0.008857837
0.999997854 -0.002063767 0.000168928 -0.002913976 0.002063703 0.999997795 0.000378178 -0.002408225 -0.000169708 -0.000377829 0.999999940 0.008575226
0.999997318 -0.002295430 0.000210564 -0.003005475 0.002295392 0.999997377 0.000182354 -0.002744714 -0.000210982 -0.000181870 0.999999940 0.008141829
0.999997556 -0.002185365 0.000262254 -0.003064472 0.002185214 0.999997437 0.000575960 -0.002707396 -0.000263512 -0.000575386 0.999999821 0.007894444
0.999999464 -0.001052982 0.000054420 -0.002640410 0.001052939 0.999999166 0.000775853 -0.002608435 -0.000055237 -0.000775795 0.999999702 0.006715798
0.999999225 -0.001233294 -0.000046575 -0.002857747 0.001233338 0.999998748 0.000962438 -0.002565937 0.000045388 -0.000962495 0.999999523 0.006622704
0.999998331 -0.001819170 0.000195551 -0.003210771 0.001819049 0.999998152 0.000620155 -0.002244167 -0.000196679 -0.000619798 0.999999762 0.008400943
0.999999940 0.000326952 -0.000219450 -0.000278784 -0.000326940 0.999999940 0.000054752 0.000651828 0.000219468 -0.000054680 1.000000000 0.000351600
0.999992847 -0.003764451 0.000298485 -0.002110121 0.003763686 0.999989748 0.002522003 -0.002920610 -0.000307976 -0.002520862 0.999996781 0.001136554
0.999993742 -0.003512121 0.000396567 -0.002143482 0.003511138 0.999990821 0.002452695 -0.002864174 -0.000405177 -0.002451288 0.999996901 0.001228667
0.999999642 -0.000744861 -0.000354478 -0.003560090 0.000745123 0.999999464 0.000738272 -0.002404259 0.000353928 -0.000738536 0.999999642 0.009133953
0.999999523 -0.000977485 -0.000175625 -0.002938825 0.000977672 0.999998927 0.001066794 -0.002565945 0.000174582 -0.001066965 0.999999404 0.006368069
0.999999523 -0.000915756 -0.000353436 -0.001457637 0.000916222 0.999998689 0.001323192 -0.002610535 0.000352224 -0.001323515 0.999999046 0.004095964
0.999999225 -0.001143239 -0.000428533 -0.001921868 0.001143827 0.999998391 0.001374995 -0.002815984 0.000426961 -0.001375484 0.999998987 0.004227565
0.999998391 -0.001766282 -0.000296845 -0.004537149 0.001766481 0.999998212 0.000672751 -0.003108414 0.000295656 -0.000673274 0.999999702 0.009084559
0.999999702 -0.000754872 -0.000153326 -0.004523637 0.000755006 0.999999344 0.000878369 -0.003197500 0.000152663 -0.000878484 0.999999583 0.007180718
0.999999285 -0.001198034 -0.000170344 -0.002899502 0.001198222 0.999998689 0.001109009 -0.003400229 0.000169015 -0.001109213 0.999999344 0.007897679
0.999999464 -0.001017157 -0.000277825 -0.003090742 0.001017564 0.999998391 0.001468340 -0.003481475 0.000276331 -0.001468622 0.999998868 0.008189241
0.999999583 -0.000851923 -0.000223159 -0.003363626 0.000852264 0.999998450 0.001533090 -0.003629975 0.000221853 -0.001533280 0.999998808 0.008564189
0.999999285 -0.001091895 -0.000465134 -0.003246624 0.001092535 0.999998450 0.001376694 -0.003270140 0.000463630 -0.001377201 0.999998927 0.005932849
0.999998152 -0.001887018 -0.000283905 -0.002869204 0.001887384 0.999997377 0.001295484 -0.003752118 0.000281460 -0.001296018 0.999999106 0.008043945
0.999998391 -0.001781764 -0.000144548 -0.002903706 0.001782033 0.999996603 0.001888300 -0.003825430 0.000141183 -0.001888554 0.999998212 0.008267239
0.999998331 -0.001807473 -0.000251613 -0.002933266 0.001807994 0.999996185 0.002085617 -0.003852530 0.000247842 -0.002086068 0.999997795 0.008481340
0.999999523 -0.000841714 -0.000519884 -0.002287029 0.000843168 0.999995708 0.002801317 -0.003657131 0.000517524 -0.002801754 0.999995947 0.005325908
0.999994695 -0.003255527 -0.000151813 -0.001680901 0.003256053 0.999988198 0.003606336 -0.004958738 0.000140070 -0.003606811 0.999993503 -0.002099006
0.999996364 -0.002698894 0.000009665 -0.001662316 0.002698841 0.999989748 0.003637329 -0.005063676 -0.000019482 -0.003637290 0.999993384 -0.001941715
0.999999166 -0.001286181 -0.000163206 -0.003273957 0.001286456 0.999997735 0.001697815 -0.004560107 0.000161022 -0.001698023 0.999998569 0.008990760
0.999996185 -0.002766305 0.000111853 -0.002574300 0.002765820 0.999987662 0.004128536 -0.005214953 -0.000123272 -0.004128211 0.999991477 -0.001175906
0.999999285 -0.001184760 -0.000064243 -0.002807925 0.001184939 0.999995172 0.002862409 -0.004526616 0.000060852 -0.002862483 0.999995887 0.007458023
0.999999464 -0.001035491 -0.000006775 -0.003284563 0.001035508 0.999993622 0.003413124 -0.004720227 0.000003241 -0.003413129 0.999994159 0.007930276
0.999999523 -0.000974349 -0.000078407 -0.003723285 0.000974732 0.999986827 0.005043070 -0.005025094 0.000073492 -0.005043144 0.999987304 0.008947143
0.999999404 -0.001075618 -0.000184824 -0.003484595 0.001076982 0.999970913 0.007550510 -0.005003298 0.000176697 -0.007550705 0.999971449 0.009072591
0.999999821 -0.000374239 -0.000435937 -0.002696326 0.000380041 0.999910295 0.013386555 -0.005274597 0.000430888 -0.013386719 0.999910295 0.005667265
0.999997020 -0.002418740 -0.000245066 -0.003115263 0.002423746 0.999731481 0.023046661 -0.006658215 0.000189256 -0.023047186 0.999734342 0.006401627
0.999980867 -0.006179749 0.000250381 -0.004390435 0.006168988 0.999498248 0.031066762 -0.010062418 -0.000442240 -0.031064624 0.999517262 0.009667678
0.999949217 -0.010075929 0.000003991 -0.006730691 0.010070235 0.999397278 0.033222429 -0.014966129 -0.000338735 -0.033220701 0.999448001 0.013101987
0.999927759 -0.011992746 0.000836516 -0.007583563 0.011961292 0.999453843 0.030805146 -0.020875653 -0.001205498 -0.030792916 0.999525070 0.006482132
0.999875009 -0.015713554 0.001754842 -0.009804549 0.015662204 0.999533951 0.026203163 -0.029761549 -0.002165769 -0.026172403 0.999655128 0.007163961
0.999834478 -0.017927108 0.003104263 -0.012306529 0.017854320 0.999596953 0.022072038 -0.040353782 -0.003498700 -0.022012958 0.999751568 0.007866934
0.999790072 -0.020040911 0.004256052 -0.014783592 0.019959528 0.999631941 0.018372947 -0.051619735 -0.004622696 -0.018284144 0.999822140 0.008329271
0.999720156 -0.022967651 0.005667134 -0.017262006 0.022880927 0.999626875 0.014920636 -0.058270153 -0.006007711 -0.014786792 0.999872625 0.004452010
0.999731421 -0.021997625 0.007290805 -0.020270471 0.021924095 0.999709487 0.010016501 -0.070538014 -0.007509026 -0.009853967 0.999923229 0.004313037
0.999710500 -0.022424860 0.008723553 -0.023718175 0.022357428 0.999719977 0.007752194 -0.083182700 -0.008894952 -0.007554912 0.999931872 0.004044884
0.999730289 -0.020801404 0.010327938 -0.027627075 0.020728545 0.999759853 0.007112348 -0.095851719 -0.010473405 -0.006896346 0.999921381 0.003537390
0.999811232 -0.016809857 0.009743685 -0.032872066 0.016716635 0.999814451 0.009571206 -0.110070713 -0.009902768 -0.009406518 0.999906719 0.004820237
0.999836504 -0.017581727 0.004229016 -0.038042612 0.017525658 0.999762535 0.012949042 -0.122282684 -0.004455678 -0.012872808 0.999907196 0.003590384
0.999829888 -0.017614629 -0.005473692 -0.043933861 0.017683651 0.999761343 0.012828415 -0.136710793 0.005246417 -0.012923028 0.999902725 0.001419955
0.999721766 -0.014878951 -0.018302236 -0.050412305 0.015126709 0.999794781 0.013473912 -0.153148606 0.018098004 -0.013747017 0.999741733 -0.001872169
0.999389112 -0.010963575 -0.033183798 -0.061117649 0.011533326 0.999788523 0.017027106 -0.175798222 0.032990105 -0.017399423 0.999304235 -0.004092132
0.998743832 -0.004921305 -0.049865246 -0.068591788 0.006057819 0.999724746 0.022666277 -0.195604220 0.049739972 -0.022939878 0.998498738 -0.008098398
0.997692823 0.003075775 -0.067820527 -0.076427251 -0.001140354 0.999591470 0.028557673 -0.215055972 0.067880653 -0.028414447 0.997288764 -0.012014312
0.996194184 0.013415379 -0.086122826 -0.084646583 -0.010471489 0.999348342 0.034543678 -0.232936144 0.086530119 -0.033510379 0.995685518 -0.015161348
0.994230568 0.023323493 -0.104697712 -0.093074769 -0.019589921 0.999139845 0.036548391 -0.251978159 0.105460100 -0.034286506 0.993832290 -0.015799465
0.992093146 0.031623244 -0.121454291 -0.102162711 -0.027490988 0.998989701 0.035549786 -0.267112941 0.122455783 -0.031929802 0.991960227 -0.016387871
0.990037382 0.038865250 -0.135334685 -0.111600280 -0.034572486 0.998826146 0.033927545 -0.280675799 0.136494413 -0.028910682 0.990218878 -0.015463489
0.988078296 0.044109523 -0.147498026 -0.121439680 -0.039659105 0.998668849 0.032980166 -0.292398632 0.148756430 -0.026737345 0.988512337 -0.013348814
0.986500621 0.047451615 -0.156731933 -0.136652455 -0.042619988 0.998511016 0.034047436 -0.316401333 0.158114165 -0.026907904 0.987054169 -0.012784131
0.984924436 0.051012177 -0.165292710 -0.147158206 -0.046622459 0.998451948 0.030331705 -0.325604051 0.166584104 -0.022168085 0.985778034 -0.008191783
0.983362496 0.057841260 -0.172199324 -0.158291340 -0.053949308 0.998173118 0.027200244 -0.334696203 0.173458025 -0.017457668 0.984686494 -0.001716292
0.981921494 0.062854841 -0.178548291 -0.170149267 -0.059019752 0.997899294 0.026715670 -0.344366848 0.179852411 -0.015694812 0.983568370 0.004395145
0.980744064 0.063556269 -0.184666306 -0.181215003 -0.060038392 0.997893274 0.024585307 -0.356527328 0.185839802 -0.013024826 0.982493699 0.009556557
0.979751706 0.065032341 -0.189360499 -0.194027781 -0.061665196 0.997817218 0.023625892 -0.368765324 0.190483630 -0.011470555 0.981623352 0.015379169
0.978987515 0.062650248 -0.194057807 -0.207476214 -0.059915390 0.998004377 0.019936351 -0.382587612 0.194919541 -0.007890388 0.980787516 0.020853579
0.978393793 0.060660265 -0.197651058 -0.221176788 -0.058891326 0.998154342 0.014821060 -0.397521734 0.198185325 -0.002860900 0.980160415 0.026373012
0.978197038 0.061854348 -0.198253930 -0.238811865 -0.061340787 0.998078644 0.008736901 -0.421135992 0.198413432 0.003614641 0.980111778 0.037608992
0.977897048 0.065691032 -0.198499635 -0.252917647 -0.067459695 0.997719705 -0.002153118 -0.438051671 0.197905555 0.015496252 0.980098605 0.043011270
0.977719784 0.071948797 -0.197198793 -0.267136693 -0.075927526 0.997032702 -0.012680290 -0.455990374 0.195701316 0.027370585 0.980281532 0.048087928
0.977671862 0.078861021 -0.194778427 -0.282315671 -0.083405979 0.996399224 -0.015230758 -0.474278301 0.192875966 0.031136369 0.980728984 0.051878523
0.977573037 0.086231165 -0.192133009 -0.298246920 -0.090109535 0.995865166 -0.011523454 -0.494999707 0.190344900 0.028578034 0.981301248 0.051460665
0.977497458 0.094670400 -0.188510686 -0.315388292 -0.097163439 0.995260358 -0.004006758 -0.517234623 0.187237889 0.022232940 0.982062995 0.051515602
0.977456868 0.100284599 -0.185798347 -0.334107071 -0.101741128 0.994809449 0.001703458 -0.543128490 0.185004771 0.017238276 0.982586443 0.049443774
0.977805972 0.096616693 -0.185905010 -0.354548275 -0.097102843 0.995253086 0.006510447 -0.572454631 0.185651541 0.011685949 0.982546151 0.045569628
0.978004694 0.089575894 -0.188369140 -0.376046658 -0.089246102 0.995956898 0.010249143 -0.606420875 0.188525602 0.006787500 0.982044816 0.037950128
0.977433562 0.082965195 -0.194268867 -0.399488598 -0.081955612 0.996547997 0.013242666 -0.640847802 0.194696918 0.002977597 0.980858922 0.031046523
0.976029158 0.080747768 -0.202106044 -0.423759371 -0.079482839 0.996732533 0.014380355 -0.675045133 0.202606842 0.002028315 0.979258060 0.022833388
0.974250197 0.079457797 -0.211004719 -0.449085623 -0.077789240 0.996838033 0.016209954 -0.707751930 0.211625531 0.000621341 0.977350652 0.015095461
0.972482979 0.079146571 -0.219117925 -0.473920494 -0.077399768 0.996862650 0.016558666 -0.738618612 0.219741032 0.000856656 0.975557864 0.007815204
0.970833421 0.077660762 -0.226828635 -0.500308454 -0.076242216 0.996976137 0.015022069 -0.765047252 0.227309376 0.002709989 0.973818839 0.001628309
0.968901753 0.076889224 -0.235196725 -0.527271032 -0.075584404 0.997032940 0.014571778 -0.788355708 0.235619292 0.003658579 0.971838534 -0.004667947
0.966149986 0.077647425 -0.246018440 -0.554822028 -0.076246284 0.996972680 0.015230630 -0.810042202 0.246456295 0.004042919 0.969145477 -0.010335557
0.962154925 0.079426475 -0.260670900 -0.583948672 -0.077677183 0.996833205 0.017023224 -0.835083425 0.261197507 0.003869200 0.965277612 -0.015204843
0.957433879 0.082081765 -0.276736259 -0.612368584 -0.080373168 0.996610641 0.017531391 -0.855925798 0.277237296 0.005457020 0.960785985 -0.021264255
0.952713430 0.085473605 -0.291601449 -0.640723407 -0.083547525 0.996321201 0.019075070 -0.876442492 0.292159110 0.006189504 0.956349671 -0.026790179
0.948566437 0.093062401 -0.302590698 -0.668938160 -0.090606824 0.995639801 0.022175327 -0.896607637 0.303335041 0.006382011 0.952862620 -0.031847022
0.944553435 0.098288253 -0.313302100 -0.696586847 -0.092355400 0.995153606 0.033760678 -0.917059481 0.315101981 -0.002953622 0.949053228 -0.036593217
0.940922439 0.107009172 -0.321269363 -0.725046515 -0.095180765 0.994082570 0.052349329 -0.934673488 0.324970156 -0.018677989 0.945539832 -0.040846579
0.937910199 0.115066528 -0.327237248 -0.753697515 -0.095117688 0.992531240 0.076382726 -0.950935602 0.333582282 -0.040514089 0.941850007 -0.044382520
0.935261667 0.121676169 -0.332386076 -0.782875597 -0.094524600 0.990811646 0.096733674 -0.966878474 0.341102183 -0.059052635 0.938169539 -0.046539128
0.932876945 0.114070892 -0.341655344 -0.813427508 -0.079843804 0.990419567 0.112667903 -0.987509608 0.351234287 -0.077826232 0.933047473 -0.047049634
0.930534601 0.098392807 -0.352738202 -0.844288051 -0.063593455 0.992010951 0.108950019 -1.006393313 0.360640049 -0.078949928 0.929357648 -0.045362402
0.928271532 0.080642998 -0.363054663 -0.875477433 -0.049480695 0.994309127 0.094345413 -1.026789069 0.368596882 -0.069613956 0.926979065 -0.041173179
0.926417232 0.065955006 -0.370676488 -0.905673504 -0.040547490 0.996288180 0.075932264 -1.047951102 0.374308735 -0.055314958 0.925652862 -0.034645360
0.924746275 0.056669638 -0.376341432 -0.931365669 -0.036877550 0.997541249 0.059594624 -1.068579793 0.378793329 -0.041231357 0.924562395 -0.026776928
0.924045861 0.053400911 -0.378533512 -0.958546281 -0.038660794 0.998172700 0.046439700 -1.086352825 0.380321711 -0.028278003 0.924421847 -0.016304217
0.923326313 0.050988682 -0.380616218 -0.983582020 -0.040113822 0.998529851 0.036455553 -1.100010633 0.381915480 -0.018392399 0.924014211 -0.003348403
0.922757149 0.049396385 -0.382203102 -1.007913709 -0.040804315 0.998699725 0.030558843 -1.110889912 0.383215606 -0.012602858 0.923572958 0.010871898
0.922093630 0.045637198 -0.384266287 -1.032725096 -0.036846362 0.998864114 0.030212298 -1.127419591 0.385208637 -0.013699755 0.922727823 0.023811031
0.921490788 0.043103170 -0.386001080 -1.055207253 -0.033333559 0.998932838 0.031970378 -1.132701397 0.386967152 -0.016593620 0.921944201 0.040687021
0.921972752 0.048218522 -0.384241134 -1.076564550 -0.039339077 0.998746753 0.030940302 -1.137467623 0.385251492 -0.013410420 0.922714174 0.058802191
0.923212826 0.058101512 -0.379871428 -1.096257687 -0.051231571 0.998289168 0.028179191 -1.141673088 0.380858779 -0.006553986 0.924610019 0.077924438
0.924493432 0.065626077 -0.375506461 -1.112487674 -0.063489579 0.997818828 0.018074883 -1.148889065 0.375873566 0.007130633 0.926643550 0.095590785
0.925732493 0.070910163 -0.371471554 -1.129906774 -0.074218206 0.997227371 0.005403770 -1.155082703 0.370824784 0.022567509 0.928428590 0.114969604
0.926685572 0.072492763 -0.368779957 -1.146705270 -0.080576196 0.996726990 -0.006544048 -1.161663294 0.367098510 0.035779163 0.929493666 0.133932203
0.927853286 0.074687757 -0.365390301 -1.162651896 -0.086940490 0.996065497 -0.017171022 -1.167792439 0.362670183 0.047699396 0.930696011 0.152130932
0.928571582 0.074635416 -0.363571703 -1.176421165 -0.088814422 0.995795965 -0.022413481 -1.176051736 0.360370398 0.053102929 0.931296587 0.166286424
0.929353237 0.077450953 -0.360976338 -1.191411138 -0.093555562 0.995239019 -0.027325759 -1.180961132 0.357141316 0.059166625 0.932174563 0.182290450
0.930008948 0.081344642 -0.358422101 -1.205150485 -0.098540507 0.994682491 -0.029940866 -1.184602141 0.354080677 0.063164368 0.933079362 0.196771204
0.930333257 0.082091480 -0.357408881 -1.218912959 -0.100300372 0.994420409 -0.032677781 -1.188305974 0.352732122 0.066249460 0.933376193 0.210094795
0.930280805 0.080897786 -0.357817292 -1.230773449 -0.099597849 0.994442880 -0.034111638 -1.193722725 0.353069305 0.067371234 0.933168352 0.220600158
0.928936422 0.079617821 -0.361577243 -1.244109154 -0.099259861 0.994408429 -0.036046170 -1.196432114 0.356685549 0.069374703 0.931645095 0.230854735
0.926833391 0.077111557 -0.367469251 -1.257253528 -0.096169248 0.994790733 -0.033806957 -1.198460579 0.362948120 0.066672660 0.929421067 0.239220113
0.924696863 0.073519297 -0.373537987 -1.270214319 -0.090131827 0.995558977 -0.027177498 -1.199501395 0.369881004 0.058798604 0.927216709 0.246569961
0.922588468 0.066054836 -0.380088538 -1.279864073 -0.080848277 0.996459365 -0.023070225 -1.201234937 0.377218872 0.052013829 0.924662352 0.251939446
0.920572639 0.062190369 -0.385588348 -1.291291595 -0.075118482 0.997002304 -0.018538114 -1.201522827 0.383279562 0.046030488 0.922484696 0.257363796
0.918651819 0.056000430 -0.391079068 -1.301888108 -0.067167506 0.997630119 -0.014922401 -1.201910615 0.389316618 0.039976291 0.920236111 0.262004107
0.916510940 0.044936802 -0.397477478 -1.311391711 -0.054764342 0.998409390 -0.013401513 -1.201825619 0.396243006 0.034050226 0.917514086 0.266282469
0.914277673 0.030365339 -0.403948426 -1.315656900 -0.039753117 0.999098837 -0.014871734 -1.195127010 0.403132796 0.029655103 0.914660871 0.266252041
0.911575913 0.014481237 -0.410876662 -1.321549654 -0.024444824 0.999520481 -0.019005753 -1.194927812 0.410404414 0.027368993 0.911492825 0.269989103
0.908797741 -0.000197925 -0.417236954 -1.324535251 -0.011119440 0.999633193 -0.024693821 -1.194523215 0.417088836 0.027081128 0.908462167 0.272764862
0.906387448 -0.011152837 -0.422300190 -1.324636221 -0.001344934 0.999570191 -0.029285034 -1.192824125 0.422445267 0.027111555 0.905982852 0.275799662
0.905049026 -0.019327465 -0.424867839 -1.320415735 0.005915879 0.999442339 -0.032863226 -1.190205455 0.425266057 0.027229363 0.904658675 0.281082988
0.905571699 -0.025596449 -0.423420340 -1.313808203 0.011755100 0.999308705 -0.035269134 -1.186682582 0.424030393 0.026961382 0.905246556 0.284666032
0.907755017 -0.030953942 -0.418357193 -1.303391218 0.017868252 0.999221921 -0.035161011 -1.181764722 0.419120073 0.024442270 0.907601774 0.289396524
0.911745727 -0.038477257 -0.408948898 -1.290000081 0.026973324 0.999062419 -0.033863321 -1.174578309 0.409868419 0.019844027 0.911928773 0.294892192
0.917271256 -0.047173239 -0.395459354 -1.273763657 0.037376352 0.998774350 -0.032446235 -1.163802505 0.396505237 0.014981175 0.917910218 0.300712317
0.924022973 -0.054861955 -0.378380448 -1.254047513 0.047207460 0.998449862 -0.029483913 -1.151054263 0.379411429 0.009381434 0.925180495 0.308807552
0.931901574 -0.062703140 -0.357250392 -1.231104016 0.056228396 0.998011291 -0.028492942 -1.135911703 0.358326495 0.006465006 0.933573961 0.317437828
0.940877438 -0.068797663 -0.331687331 -1.204707980 0.061029941 0.997563779 -0.033791952 -1.119878888 0.333204091 0.011551228 0.942783952 0.327026397
0.950088799 -0.071670651 -0.303635687 -1.174820900 0.059569329 0.997023582 -0.048944116 -1.110431433 0.306239814 0.028413879 0.951530278 0.342587352
0.958353698 -0.076075241 -0.275264919 -1.140622020 0.061483357 0.996225834 -0.061269403 -1.099035740 0.278887093 0.041793555 0.959414065 0.349880487
0.965876222 -0.075853549 -0.247647598 -1.102697730 0.060420834 0.995761335 -0.069344454 -1.089504719 0.251857936 0.052015088 0.966365337 0.355570257
0.971581101 -0.073732659 -0.224930406 -1.061894774 0.059585493 0.995831609 -0.069057718 -1.083218217 0.229084611 0.053692587 0.971924543 0.357883215
0.976114571 -0.072002508 -0.204977930 -1.017931581 0.059839465 0.996093452 -0.064938948 -1.077478886 0.208852947 0.051122088 0.976609945 0.352987498
0.979346275 -0.071198650 -0.189239562 -0.972181797 0.061748739 0.996554196 -0.055379085 -1.077079058 0.192530394 0.042549998 0.980368078 0.350033820
0.980876148 -0.077676535 -0.178461149 -0.923762321 0.070799097 0.996493101 -0.044597883 -1.080212235 0.181299523 0.031110112 0.982935727 0.344156712
0.980778217 -0.091904290 -0.172127053 -0.873559535 0.087267615 0.995593190 -0.034329928 -1.086817741 0.174523577 0.018648928 0.984476388 0.335840046
0.980148435 -0.105347171 -0.167961329 -0.821585834 0.102664560 0.994411767 -0.024600621 -1.093299150 0.169614345 0.006868583 0.985486567 0.323609054
0.978643060 -0.120523013 -0.166529313 -0.766142130 0.120026179 0.992684543 -0.013082084 -1.105413914 0.166887775 -0.007185183 0.985949695 0.310813606
0.977505028 -0.131830037 -0.164635122 -0.706965685 0.132899135 0.991119087 -0.004553710 -1.120592952 0.163773328 -0.017428592 0.986344039 0.296298325
0.976462364 -0.141319886 -0.162941605 -0.644237816 0.143448249 0.989656925 0.001310943 -1.138827085 0.161071032 -0.024653774 0.986634851 0.281133413
0.977462053 -0.139423758 -0.158520952 -0.577000737 0.142480373 0.989765108 0.008026676 -1.156389356 0.155779406 -0.030431898 0.987322986 0.264272362
0.979469240 -0.131926954 -0.152431175 -0.507296562 0.135281384 0.990736902 0.011802451 -1.175392747 0.149462119 -0.032181237 0.988243639 0.250043958
0.982584119 -0.116609178 -0.144674763 -0.435444057 0.120158099 0.992625654 0.016009491 -1.192692876 0.141741022 -0.033114512 0.989349723 0.236013651
0.984992206 -0.103604265 -0.138045445 -0.361758202 0.106937878 0.994121492 0.016934693 -1.207717896 0.135479435 -0.031442828 0.990281105 0.223874554
0.987107098 -0.090036310 -0.132336855 -0.285320520 0.093286596 0.995466352 0.018556723 -1.217087865 0.130066097 -0.030662728 0.991031110 0.214289352
0.988832712 -0.077435024 -0.127332866 -0.208872184 0.080533482 0.996563852 0.019360304 -1.224792123 0.125396162 -0.029398661 0.991671085 0.205234647
0.990697563 -0.061392512 -0.121446706 -0.130870044 0.064004950 0.997792184 0.017724462 -1.228905439 0.120090418 -0.025332771 0.992439687 0.197692469
0.992027402 -0.045991875 -0.117330194 -0.052642293 0.048411898 0.998667777 0.017858347 -1.229797721 0.116352543 -0.023396147 0.992932379 0.191264927
0.993216217 -0.029623801 -0.112445399 0.028055420 0.031952228 0.999309540 0.018961422 -1.230100393 0.111806050 -0.022425674 0.993476987 0.188290700
0.993946254 -0.015388345 -0.108784266 0.106300794 0.017592886 0.999658287 0.019334562 -1.225029230 0.108449571 -0.021131344 0.993877351 0.184089914
0.994192541 -0.006375625 -0.107426852 0.183860540 0.008514980 0.999774218 0.019467611 -1.217059970 0.107278481 -0.020269290 0.994022369 0.181078628
0.994482875 0.000985614 -0.104894236 0.260721356 0.001064379 0.999809563 0.019485660 -1.206712365 0.104893461 -0.019489802 0.994292438 0.179150283
0.994932234 0.004126390 -0.100462765 0.339162916 -0.002025664 0.999777377 0.021003537 -1.197946310 0.100527063 -0.020693593 0.994719088 0.182324603
0.995575786 0.004788832 -0.093839943 0.414649487 -0.002770679 0.999762297 0.021624833 -1.182515860 0.093921199 -0.021269161 0.995352387 0.183048874
0.996468425 0.004461230 -0.083849780 0.489996612 -0.002615610 0.999752164 0.022108009 -1.165565372 0.083927624 -0.021810615 0.996233106 0.184725299
0.997441292 0.001297489 -0.071478523 0.564327359 0.000285980 0.999754846 0.022138380 -1.147940755 0.071489729 -0.022102177 0.997196436 0.187529817
0.998312891 -0.005848295 -0.057768404 0.639475584 0.007241973 0.999687016 0.023945458 -1.133853316 0.057610288 -0.024323415 0.998042822 0.196914405
0.999127567 -0.011592592 -0.040121440 0.712397516 0.012660704 0.999569416 0.026471073 -1.116172671 0.039797295 -0.026955945 0.998844087 0.200678244
0.999608934 -0.019078782 -0.020445174 0.784770131 0.019692494 0.999348402 0.030248733 -1.098570585 0.019854741 -0.030639520 0.999333262 0.204846010
0.999625504 -0.027251611 0.002498902 0.856196642 0.027131287 0.998845935 0.039631780 -1.080353975 -0.003576048 -0.039549138 0.999211252 0.209360361
0.998979688 -0.034961406 0.028587159 0.928538263 0.033458758 0.998114824 0.051452361 -1.064633965 -0.030332115 -0.050443374 0.998266220 0.221623197
0.997419894 -0.043948319 0.056763750 0.998285532 0.040323261 0.997166753 0.063501522 -1.046184182 -0.059393708 -0.061048783 0.996366143 0.227253139
0.994892180 -0.053764615 0.085433707 1.068899632 0.047321524 0.996004760 0.075731181 -1.028210044 -0.089164034 -0.071301512 0.993461549 0.233434483
0.991493404 -0.062682003 0.114069261 1.137630939 0.053071696 0.994930387 0.085421711 -1.010896921 -0.118845381 -0.078641221 0.989793599 0.240923956
0.987561405 -0.070904985 0.140338555 1.202530742 0.058192644 0.993991613 0.092705444 -0.997038543 -0.146068618 -0.083385646 0.985753894 0.260565877
0.983468294 -0.079555340 0.162668675 1.268516898 0.063573711 0.992832601 0.101202093 -0.981043458 -0.169553936 -0.089187600 0.981476963 0.270535916
0.979270756 -0.088032380 0.182425603 1.332673311 0.068038672 0.991250336 0.113108240 -0.966906488 -0.190786645 -0.098351590 0.976692080 0.284190506
0.975402594 -0.098009624 0.197443485 1.395642519 0.074033923 0.989344597 0.125364542 -0.953061759 -0.207626581 -0.107663378 0.972265303 0.298168212
0.971477866 -0.108460136 0.210872337 1.446200252 0.079928912 0.987001359 0.139426202 -0.932073176 -0.223253474 -0.118594676 0.967519104 0.319429040
0.968359232 -0.117350027 0.220248461 1.506884813 0.085153192 0.984951258 0.150399193 -0.920898259 -0.234583348 -0.126885578 0.963779390 0.337761402
0.965633452 -0.125503466 0.227598116 1.566816688 0.090242043 0.983106911 0.159239367 -0.911454737 -0.243738368 -0.133227929 0.960646629 0.359207898
0.963123739 -0.135056049 0.232706890 1.626121402 0.097862624 0.981494069 0.164597213 -0.904519022 -0.250630289 -0.135754198 0.958517253 0.383473516
0.960296929 -0.155003265 0.231956452 1.684535742 0.118169382 0.979171336 0.165104538 -0.898833692 -0.252716839 -0.131139249 0.958611846 0.416479170
0.957434535 -0.172339320 0.231556207 1.743775487 0.138122767 0.977934599 0.156735495 -0.895899236 -0.253458500 -0.118080802 0.960112333 0.446121424
0.955177903 -0.184723064 0.231327742 1.803937435 0.154665515 0.977695465 0.142092019 -0.894102335 -0.252415776 -0.099944726 0.962443411 0.479393303
0.954140067 -0.187701523 0.233205527 1.865131974 0.162144601 0.978884041 0.124479763 -0.892969489 -0.251646191 -0.080958121 0.964427292 0.513630867
0.954148531 -0.184642151 0.235601157 1.927710652 0.164482996 0.981018901 0.102699950 -0.891527057 -0.250091910 -0.059238628 0.966408193 0.553725064
0.955397248 -0.178166851 0.235526279 1.990571737 0.161720350 0.982945085 0.087553047 -0.890724659 -0.247108445 -0.045558549 0.967916250 0.590695024
0.958163440 -0.167545274 0.232059032 2.054042578 0.153766140 0.985150933 0.076378398 -0.889064074 -0.241410017 -0.037500165 0.969698370 0.629512429
0.961948335 -0.156635374 0.223876715 2.117458105 0.144696265 0.987075746 0.068880029 -0.887487411 -0.231772333 -0.033864908 0.972180426 0.667951643
0.966774583 -0.138092980 0.215121418 2.178354740 0.127845988 0.989921927 0.060909901 -0.885980189 -0.221364647 -0.031383734 0.974685967 0.706838608
0.972121358 -0.115008764 0.204335719 2.241537333 0.105535589 0.992797434 0.056705728 -0.883261144 -0.209385633 -0.033560157 0.977257073 0.745501339
0.977091432 -0.096673131 0.189595908 2.304080009 0.086856827 0.994446099 0.059437767 -0.880264163 -0.194288939 -0.041608438 0.980061531 0.784402609
0.981769323 -0.079441026 0.172679231 2.365703106 0.069272861 0.995533466 0.064143434 -0.877466857 -0.177003577 -0.051012073 0.982887328 0.823862731
0.985418141 -0.069299527 0.155398577 2.425198555 0.058604646 0.995653629 0.072383203 -0.874484301 -0.159739286 -0.062220640 0.985196412 0.865282416
0.988411129 -0.059114769 0.139817178 2.484874725 0.047875263 0.995446265 0.082430027 -0.873236299 -0.144053310 -0.074780978 0.986740291 0.905960321
0.990773976 -0.052347574 0.125006557 2.543251514 0.041041981 0.994971514 0.091363370 -0.873257816 -0.129160613 -0.085389942 0.987940311 0.948290229
0.992684245 -0.044237152 0.112343714 2.600706100 0.033085547 0.994511664 0.099256702 -0.874237955 -0.116117969 -0.094813608 0.988699675 0.991516650
0.994156659 -0.032835241 0.102831580 2.656287193 0.021771081 0.994028687 0.106925368 -0.876203835 -0.105728455 -0.104061812 0.988935113 1.039740562
0.995261252 -0.020701496 0.095007643 2.711394310 0.009985264 0.993667960 0.111911707 -0.880424559 -0.096722797 -0.110432707 0.989165962 1.087179661
0.996065199 -0.008513238 0.088213541 2.764447689 -0.001520200 0.993587732 0.113053709 -0.886395156 -0.088610344 -0.112742975 0.989665210 1.136261702
0.996540725 0.005858461 0.082898952 2.815715075 -0.014865077 0.993990719 0.108450085 -0.894472718 -0.081765436 -0.109307230 0.990639389 1.186935067
0.996427238 0.024552746 0.080807783 2.866184950 -0.032610931 0.994456589 0.099962927 -0.903619409 -0.077905469 -0.102241002 0.991704345 1.242402673
0.995828629 0.043493368 0.080209985 2.913088560 -0.050655678 0.994694471 0.089537039 -0.915041208 -0.075890169 -0.093226641 0.992748439 1.296284676
0.994991064 0.059790283 0.080112189 2.956953287 -0.066115394 0.994697452 0.078776807 -0.927807510 -0.074977309 -0.083678871 0.993668079 1.351529121
0.994162798 0.072765432 0.079658657 2.997557402 -0.078166880 0.994691133 0.066928945 -0.942364991 -0.074365646 -0.072764941 0.994572759 1.407495141
0.993736506 0.080086298 0.077935740 3.038319826 -0.084640287 0.994780242 0.056994103 -0.961374938 -0.072964489 -0.063233621 0.995327950 1.468742967
0.993077338 0.088344589 0.077412024 3.071203470 -0.091810822 0.994872630 0.042417694 -0.977746427 -0.073267728 -0.049231309 0.996096432 1.526525021
0.992908180 0.091853507 0.075473845 3.100207090 -0.093958162 0.995266795 0.024817552 -0.994929135 -0.072837025 -0.031732932 0.996838927 1.584785581
0.993102074 0.093230285 0.071108192 3.124524117 -0.093493931 0.995619774 0.000381232 -1.013900757 -0.070761174 -0.007026785 0.997468531 1.642167807
0.993176222 0.096394420 0.065644048 3.145108461 -0.095109984 0.995214164 -0.022425838 -1.033583999 -0.067491613 0.016029406 0.997591078 1.701073766
0.992709637 0.103929520 0.061043337 3.161339521 -0.101356685 0.993883729 -0.043839451 -1.052930236 -0.065226197 0.037332695 0.997171879 1.755705357
0.991581380 0.115339577 0.058848199 3.173810959 -0.111475974 0.991626620 -0.065189689 -1.072108984 -0.065874390 0.058080725 0.996136129 1.808019161
0.989519477 0.131435186 0.059799649 3.182429790 -0.126059026 0.988269389 -0.086213022 -1.090694785 -0.070429586 0.077771187 0.994480431 1.857629299
0.987432837 0.145894870 0.060754392 3.186310530 -0.138906345 0.984545887 -0.106650934 -1.109864712 -0.075375311 0.096871465 0.992438674 1.907664537
0.985861540 0.156056866 0.061018996 3.185138464 -0.147054896 0.980364084 -0.131381825 -1.128685832 -0.080323867 0.120551147 0.989452124 1.950600982
0.984388828 0.165263727 0.060551796 3.178436995 -0.153865322 0.975072026 -0.159875154 -1.147880673 -0.085463926 0.148062497 0.985278368 1.989598513
0.983428240 0.171168059 0.059752882 3.167218685 -0.157102227 0.969064057 -0.190351635 -1.166894913 -0.090486497 0.177809864 0.979895830 2.023530960
0.983045399 0.173467398 0.059420124 3.146106958 -0.156755865 0.963173032 -0.218461215 -1.186034918 -0.095127761 0.205442846 0.974034905 2.056770563
0.984070420 0.168493122 0.056705125 3.122373343 -0.150118649 0.958423972 -0.242668167 -1.203897238 -0.095235460 0.230290070 0.968450665 2.078149557
0.988426089 0.143307790 0.049766719 3.092388630 -0.126100853 0.958516955 -0.255624264 -1.221153855 -0.084335193 0.246390074 0.965494454 2.092207909
0.993152142 0.109002836 0.042037476 3.057834148 -0.094971813 0.962829649 -0.252862483 -1.235993385 -0.068037651 0.247138545 0.966588557 2.098273516
0.996525347 0.075013705 0.036196470 3.020210743 -0.064645819 0.970623016 -0.231758267 -1.249330163 -0.052518174 0.228613049 0.972099721 2.099909544
