1.000000000 0.000000000 0.000000000 0.000000000 0.000000000 1.000000000 0.000000000 0.000000026 0.000000000 0.000000000 1.000000000 -0.000000030
0.999994338 -0.003337770 -0.000454011 -0.001701116 0.003347112 0.999742925 0.022425162 0.048524410 0.000379044 -0.022426555 0.999748409 0.013862985
0.999953032 -0.009659692 -0.000754461 -0.003726661 0.009680145 0.999343455 0.034913763 0.099703588 0.000416709 -0.034919426 0.999390066 0.029468920
0.999882460 -0.014962351 -0.003345591 -0.005132286 0.015092431 0.998961210 0.042996589 0.146928206 0.002698786 -0.043042030 0.999069631 0.043696783
0.999963760 -0.007957106 -0.003022636 -0.007040581 0.008114265 0.998390257 0.056134239 0.188168555 0.002571104 -0.056156732 0.998418629 0.053562332
0.999984384 -0.002925421 -0.004762504 -0.009337108 0.003307185 0.996607602 0.082233272 0.222457722 0.004505781 -0.082247742 0.996601701 0.058901198
0.999979436 -0.001438151 -0.006249991 -0.010966277 0.002159456 0.993131638 0.116982237 0.241354704 0.006038826 -0.116993323 0.993114352 0.060217746
0.999914110 -0.005214363 -0.012023323 -0.012512955 0.006798223 0.990725875 0.135705829 0.229366049 0.011204197 -0.135775924 0.990676224 0.054705597
0.999952197 -0.001898214 -0.009589171 -0.014083148 0.003093059 0.992003679 0.126171187 0.185268685 0.009272993 -0.126194820 0.991962135 0.043314684
0.999939144 0.010644667 0.002897736 -0.013430981 -0.010882428 0.994855106 0.100721709 0.120190077 -0.001810679 -0.100747116 0.994910419 0.028481107
0.999381125 0.025468236 0.024264745 -0.013516986 -0.027137270 0.997097194 0.071138978 0.042911194 -0.022382524 -0.071753427 0.997171223 0.011437959
0.998996019 0.033506487 0.029737420 -0.016596571 -0.034719888 0.998544514 0.041271627 -0.030662239 -0.028311271 -0.042262673 0.998705328 -0.004411119
0.999207973 0.028304074 0.027969966 -0.017127773 -0.028728761 0.999476194 0.014900283 -0.093436822 -0.027533574 -0.015692024 0.999497712 -0.021544017
0.999381483 0.018654210 0.029811434 -0.016258534 -0.018145861 0.999686837 -0.017232666 -0.146460816 -0.030123562 0.016681051 0.999406993 -0.033311084
0.999474168 0.015225673 0.028628824 -0.012221638 -0.013767257 0.998630822 -0.050466970 -0.181271225 -0.029358020 0.050046287 0.998315334 -0.042831592
0.999165356 0.021608910 0.034664713 -0.015945010 -0.019410079 0.997852445 -0.062560029 -0.192471340 -0.035942122 0.061834972 0.997439027 -0.048408858
0.998764575 0.031893954 0.038105823 -0.007255815 -0.030023713 0.998362899 -0.048683356 -0.162413374 -0.039596148 0.047479134 0.998087108 -0.039193861
0.998919010 0.026837099 0.037955690 -0.004445064 -0.025964376 0.999391258 -0.023302328 -0.112145782 -0.038557950 0.022291642 0.999007702 -0.025251959
0.998915672 0.027992284 0.037200961 -0.006087031 -0.027831854 0.999601007 -0.004823490 -0.057583142 -0.037321139 0.003782887 0.999296188 -0.012188507
0.999302447 0.024338422 0.028324170 -0.001838121 -0.024389977 0.999701440 0.001475991 0.006996212 -0.028279791 -0.002165787 0.999597728 0.005555255
0.999576271 0.018367561 0.022580819 -0.000237143 -0.018724384 0.999701500 0.015693495 0.073798940 -0.022285828 -0.016109658 0.999621868 0.021918019
0.999490917 0.010348017 0.030180315 -0.001036537 -0.011729657 0.998874068 0.045967694 0.132393777 -0.029670658 -0.046298299 0.998486936 0.035647981
0.999388218 0.011712404 0.032954451 -0.002424984 -0.014343003 0.996630669 0.080756538 0.179578409 -0.031897563 -0.081179805 0.996188939 0.045925759
0.999611855 0.011023073 0.025586514 -0.005278349 -0.013704779 0.994151533 0.107121088 0.202848777 -0.024256067 -0.107430167 0.993916690 0.049649227
0.999681771 0.013599039 0.021246159 -0.007852019 -0.015965370 0.993178725 0.115503915 0.193229184 -0.019530492 -0.115806364 0.993079782 0.047287311
0.999683261 0.016081043 0.019358670 -0.012832380 -0.017938644 0.994829893 0.099958211 0.150973544 -0.017651154 -0.100273818 0.994803309 0.036527015
0.999672592 0.014130282 0.021331463 -0.014807639 -0.015580974 0.997463882 0.069447927 0.092520982 -0.020296045 -0.069757558 0.997357488 0.020450216
0.999247789 0.022683125 0.031454090 -0.015693977 -0.024319895 0.998315811 0.052669682 0.030132279 -0.030206403 -0.053395025 0.998116493 0.005592045
0.999028921 0.021032037 0.038715743 -0.014838728 -0.022704346 0.998805225 0.043274149 -0.035675105 -0.037759341 -0.044111140 0.998312771 -0.010881922
0.998727202 0.011616337 0.049081642 -0.011378519 -0.012953150 0.999551296 0.027006803 -0.098044947 -0.048745897 -0.027608192 0.998429596 -0.027309196
0.997940063 0.001647077 0.064131618 -0.006454627 -0.001523823 0.999996901 -0.001970766 -0.161555350 -0.064134657 0.001868982 0.997939527 -0.040118389
0.997432113 0.001767237 0.071596876 -0.003161463 0.000792329 0.999362051 -0.035705533 -0.207308263 -0.071614295 0.035670575 0.996794343 -0.055702344
0.997284651 0.005183698 0.073460400 0.000126354 -0.001408336 0.998679638 -0.051352054 -0.227599412 -0.073629603 0.051109158 0.995975196 -0.060836304
0.996864200 0.014194372 0.077847630 0.002917363 -0.010420476 0.998760462 -0.048671734 -0.214897022 -0.078442007 0.047707897 0.995776474 -0.055992842
0.997094810 0.016454510 0.074371569 0.003641878 -0.013408719 0.999058068 -0.041269101 -0.173211977 -0.074980579 0.040151983 0.996376276 -0.044839717
0.997617424 0.014164202 0.067519411 0.007100802 -0.012014849 0.999411345 -0.032133605 -0.115354665 -0.067934811 0.031245809 0.997200370 -0.028113294
0.998018026 0.018667826 0.060096119 0.010244936 -0.017512748 0.999652743 -0.019690204 -0.050650258 -0.060442824 0.018598732 0.997998357 -0.009672583
0.997562051 0.024518143 0.065336458 0.013309905 -0.024579704 0.999697864 0.000138435 0.017995391 -0.065313317 -0.001744048 0.997863293 0.012305891
0.998340428 0.014298979 0.055784445 0.012252848 -0.016471507 0.999115825 0.038681675 0.081876978 -0.055182014 -0.039536331 0.997693241 0.030632209
0.998716712 -0.000898342 0.050637633 0.012407740 -0.003224693 0.996685922 0.081281848 0.139713019 -0.050542839 -0.081340827 0.995404005 0.044316024
0.998615324 0.005313989 0.052337091 0.013224276 -0.010883842 0.994229496 0.106720619 0.186076358 -0.051467966 -0.107142471 0.992910624 0.053754278
0.998934329 0.014536287 0.043805934 0.011681934 -0.019518787 0.993109643 0.115551904 0.213851228 -0.041824400 -0.116283804 0.992335021 0.057179388
0.999409437 0.015561415 0.030637858 0.008406475 -0.019018577 0.993067801 0.115993932 0.215267286 -0.028620442 -0.116508111 0.992777288 0.055573605
0.999531507 0.017142983 0.025354007 0.006606895 -0.019970408 0.993067563 0.115836203 0.188774541 -0.023192463 -0.116288275 0.992944658 0.050612688
0.999544740 0.017463664 0.024602536 0.005137950 -0.020031987 0.993911624 0.108343698 0.142904893 -0.022560671 -0.108787216 0.993808985 0.040345322
0.999038458 0.026551293 0.034889035 0.004929564 -0.029934337 0.994504511 0.100323029 0.081196845 -0.032033600 -0.101270936 0.994343042 0.027432436
0.998404622 0.033488743 0.045460761 0.005446736 -0.037207812 0.995805144 0.083592758 0.009671940 -0.042470641 -0.085150898 0.995462477 0.012659476
0.998104692 0.030826766 0.053261407 0.004218879 -0.033662472 0.998016775 0.053191215 -0.065859139 -0.051516064 -0.054883309 0.997162938 -0.002323671
0.997340620 0.029309168 0.066727929 0.003653047 -0.030106917 0.999486387 0.010980958 -0.134677380 -0.066371806 -0.012960728 0.997710764 -0.017903445
0.996533036 0.030172301 0.077534020 0.002899349 -0.028296476 0.999282420 -0.025179598 -0.192298755 -0.078238115 0.022898361 0.996671677 -0.034119699
0.996574879 0.024993882 0.078827456 0.000205795 -0.021277525 0.998638034 -0.047638163 -0.234088272 -0.079910755 0.045797743 0.995749414 -0.049343932
0.996295512 0.016150093 0.084465638 0.000481321 -0.011776146 0.998576164 -0.052027982 -0.248621285 -0.085185632 0.050840568 0.995067179 -0.051763624
0.996052682 0.012450916 0.087886542 -0.001257856 -0.008580909 0.998982489 -0.044275377 -0.234963447 -0.088348389 0.043346461 0.995146036 -0.046514321
0.995105565 0.012367988 0.098040372 0.000331404 -0.009191830 0.999420226 -0.032782171 -0.199064285 -0.098388985 0.031720553 0.994642377 -0.033322323
0.993801713 0.021656958 0.109037146 0.007086425 -0.019488232 0.999591291 -0.020916441 -0.149767146 -0.109445572 0.018661855 0.993817568 -0.017200248
0.993044913 0.033339623 0.112917185 0.013754769 -0.032637168 0.999434710 -0.008064375 -0.098537862 -0.113122225 0.004322990 0.993571699 0.003838280
0.994001985 0.039985295 0.101790272 0.016874833 -0.041380640 0.999075711 0.011632759 -0.046618510 -0.101231046 -0.015775131 0.994737864 0.016220491
0.996124983 0.041402251 0.077594645 0.017527016 -0.044306733 0.998365879 0.036090773 -0.001175733 -0.075973608 -0.039388884 0.996331513 0.018498503
0.998165846 0.030988384 0.052006848 0.017010834 -0.034388501 0.997239411 0.065810390 0.030989816 -0.049823917 -0.067478113 0.996475935 0.013999233
0.999297738 0.016025594 0.033871338 0.017451510 -0.019261176 0.995052338 0.097467266 0.050030846 -0.032141782 -0.098051213 0.994662166 0.007824603
0.999776363 0.002843746 0.020954652 0.016007880 -0.005636099 0.990906954 0.134430826 0.056855906 -0.020381821 -0.134518862 0.990701377 -0.002108367
0.999594092 -0.008117105 0.027309712 0.015378038 0.003100427 0.983854532 0.178943008 0.059492916 -0.028321285 -0.178785712 0.983480334 -0.010780753
0.998491466 -0.016938046 0.052229226 0.014862592 0.004776082 0.974416614 0.224698633 0.056900255 -0.054698981 -0.224110216 0.973027587 -0.016345734
0.997419000 -0.026858617 0.066587932 0.010267022 0.008515385 0.965103984 0.261728376 0.053553425 -0.071293943 -0.260485858 0.962841809 -0.021935308
0.996980429 -0.037363455 0.068073757 0.006162674 0.015294478 0.953944743 0.299592286 0.052066773 -0.076132409 -0.297646493 0.951635659 -0.033032738
0.996427774 -0.050027892 0.068035617 0.004580974 0.024043465 0.940359533 0.339331508 0.052395947 -0.080953985 -0.336483538 0.938203216 -0.043887757
0.996435761 -0.051682450 0.066668786 0.006701814 0.023093792 0.927273273 0.373672277 0.054176174 -0.081132479 -0.370800763 0.925161779 -0.055426992
0.996942163 -0.048942138 0.060917851 0.012356803 0.021159891 0.919522762 0.392466694 0.053238727 -0.075223513 -0.389977604 0.917746663 -0.065201305
0.997080386 -0.050113507 0.057613872 0.021559769 0.023841068 0.921102107 0.388590425 0.048912007 -0.072541885 -0.386082321 0.919607580 -0.067711733
0.997476876 -0.050784960 0.049606144 0.030680068 0.028627457 0.927164793 0.373558521 0.045333240 -0.064964220 -0.371195912 0.926279247 -0.065875165
0.998020291 -0.042535875 0.046327330 0.035893884 0.022958007 0.932167470 0.361298651 0.044129413 -0.058552988 -0.359519809 0.931298614 -0.061805610
0.998732328 -0.031127458 0.039557029 0.037270427 0.015052592 0.934597313 0.355388910 0.042848092 -0.048032243 -0.354342967 0.933881164 -0.056666441
0.999103725 -0.023665961 0.035094805 0.039531346 0.009407777 0.932515085 0.361008465 0.041147619 -0.041270047 -0.360354722 0.931901932 -0.051996619
0.999265909 -0.020504618 0.032359816 0.046779394 0.007166564 0.929842710 0.367887408 0.040056255 -0.037632927 -0.367385417 0.929307103 -0.046761405
0.999134123 -0.024836725 0.033378389 0.060481247 0.010685625 0.928544462 0.371067375 0.038482025 -0.040209416 -0.370389432 0.928005874 -0.040507581
0.998850763 -0.029789831 0.037545696 0.080967769 0.013581216 0.927188516 0.374348760 0.036244012 -0.045963727 -0.373408616 0.926527560 -0.033866201
0.998481274 -0.038471065 0.039434314 0.107824795 0.020694960 0.925291657 0.378691196 0.033930700 -0.051056899 -0.377299964 0.924682617 -0.028345641
0.997971833 -0.045855526 0.044153582 0.140571341 0.025726091 0.924973726 0.379159302 0.031081956 -0.058227453 -0.377254397 0.924277365 -0.023638759
0.997067750 -0.055787731 0.052379925 0.179760471 0.032577585 0.928812206 0.369116008 0.027068036 -0.069243252 -0.366327226 0.927906096 -0.019654920
0.995639265 -0.067060813 0.064848155 0.215871751 0.039536037 0.932965934 0.357786924 0.021735398 -0.084494606 -0.353662878 0.931548834 -0.014017206
0.994090021 -0.075581826 0.077925898 0.251151711 0.042758860 0.932401717 0.358885467 0.021563221 -0.099783458 -0.353432417 0.930122972 -0.009238228
0.992109656 -0.081369460 0.095380574 0.285144657 0.039737049 0.925632536 0.376331419 0.024171220 -0.118909255 -0.369571894 0.921562374 -0.006474690
0.990755796 -0.089437708 0.101999357 0.313645571 0.042564590 0.918868542 0.392261177 0.027411327 -0.128806934 -0.384293467 0.914181232 -0.004228401
0.990791559 -0.089337364 0.101739287 0.333667904 0.042047236 0.917289734 0.395994425 0.031887524 -0.128701508 -0.388070107 0.912599325 -0.001193942
0.991053879 -0.092436388 0.096268825 0.346383929 0.047778443 0.919241428 0.390784353 0.034264352 -0.124616988 -0.382688791 0.915434241 -0.000686373
0.991197467 -0.094805703 0.092409089 0.348394632 0.052272469 0.921538055 0.384753495 0.036068507 -0.121635318 -0.376536220 0.918381929 0.000335258
0.990808487 -0.094004765 0.097271144 0.342708737 0.049642831 0.921589613 0.384978205 0.037136976 -0.125833854 -0.376610845 0.917785406 -0.000574045
0.990756154 -0.093261808 0.098511450 0.329290390 0.048559919 0.921894193 0.384386629 0.034787770 -0.126665726 -0.376049727 0.917901099 -0.004029406
0.991304219 -0.093588315 0.092505120 0.307772785 0.051137961 0.921708882 0.384496689 0.032796293 -0.121247180 -0.376422644 0.918479800 -0.009498578
0.992441177 -0.089408465 0.084063180 0.279554307 0.049853884 0.919651270 0.389558911 0.034260258 -0.112138681 -0.382423460 0.917157173 -0.014678814
0.993533611 -0.085756779 0.074409127 0.244503707 0.050117120 0.919310331 0.390329123 0.035716575 -0.101878449 -0.384075940 0.917663574 -0.019149929
0.994761944 -0.079449937 0.064314403 0.205401242 0.048762053 0.921817780 0.384544253 0.035855204 -0.089838170 -0.379393876 0.920863390 -0.025568694
0.996083975 -0.069831140 0.054224808 0.161935061 0.044552900 0.926210284 0.374365449 0.033712897 -0.076365940 -0.370483577 0.925694466 -0.032312285
0.996866107 -0.063959979 0.046551924 0.115589574 0.042457622 0.929109633 0.367359072 0.029986618 -0.066748120 -0.364231318 0.928913474 -0.039009649
0.997662783 -0.056848258 0.037911151 0.067925744 0.038880147 0.928538918 0.369193465 0.028948989 -0.056189980 -0.366856605 0.928578973 -0.044898886
0.998441517 -0.047973476 0.028514236 0.020763906 0.033772968 0.926156700 0.375623703 0.031275630 -0.044428624 -0.374075294 0.926333487 -0.050126441
0.998781145 -0.042103197 0.025760416 -0.027945841 0.029394571 0.926632583 0.374817312 0.033454455 -0.039651450 -0.373603225 0.926740706 -0.052894086
0.999032259 -0.038581911 0.021119488 -0.076091036 0.028057281 0.928792059 0.369537681 0.036446650 -0.033873081 -0.368587524 0.928975701 -0.056413218
0.999306023 -0.033470567 0.016347179 -0.122660875 0.025170576 0.930265903 0.366021574 0.039840430 -0.027458170 -0.365356088 0.930462778 -0.060526296
