1.000000000 0.000000000 0.000000000 0.000000000 0.000000000 1.000000000 0.000000000 0.000005722 0.000000000 0.000000000 1.000000000 0.000003815
0.999984443 0.003441743 0.004386041 -0.000075021 -0.003460189 0.999985158 0.004204938 0.019249028 -0.004371504 -0.004220049 0.999981523 0.007121635
0.999969780 0.004473844 0.006356271 -0.000657292 -0.004563424 0.999889493 0.014149371 0.041911565 -0.006292267 -0.014177949 0.999879718 0.013449148
0.999972463 0.003981302 0.006263726 -0.000958551 -0.004149071 0.999626756 0.027003188 0.065550670 -0.006153880 -0.027028434 0.999615729 0.021179071
0.999981940 0.000329711 0.006002334 -0.002169968 -0.000550357 0.999322653 0.036795534 0.090755463 -0.005986136 -0.036798172 0.999304771 0.027423196
0.999977589 -0.000142206 0.006697216 -0.002678943 -0.000152389 0.999032974 0.043966662 0.117585003 -0.006696992 -0.043966699 0.999010563 0.036483493
0.999971926 -0.004380074 0.006077655 -0.003398041 0.004076835 0.998788536 0.049039729 0.142407537 -0.006285089 -0.049013577 0.998778343 0.043564133
0.999963582 -0.006855800 0.005078516 -0.004106449 0.006579514 0.998596370 0.052555259 0.167222992 -0.005431696 -0.052519929 0.998605132 0.049880665
0.999961615 -0.007726123 0.004137347 -0.004621679 0.007477932 0.998347759 0.056972049 0.190864354 -0.004570683 -0.056938924 0.998367190 0.056130130
0.999969244 -0.007002819 0.003527161 -0.005118950 0.006768943 0.998025417 0.062445920 0.211691037 -0.003957494 -0.062420126 0.998042107 0.060747717
0.999989510 -0.000990226 0.004469294 -0.005925192 0.000673073 0.997517586 0.070414238 0.230978534 -0.004527926 -0.070410497 0.997507811 0.064464562
0.999998152 -0.000164151 0.001910486 -0.006899239 0.000007256 0.996645927 0.081834726 0.248967126 -0.001917512 -0.081834562 0.996644080 0.066968471
0.999991834 0.003069564 0.002627006 -0.007844003 -0.003308440 0.995340526 0.096365243 0.265420914 -0.002318966 -0.096373141 0.995342553 0.069565840
0.999993086 0.003484226 0.001294256 -0.008441902 -0.003609058 0.993474364 0.113998279 0.277215540 -0.000888614 -0.114002168 0.993480086 0.071009196
0.999995291 0.003062892 0.000284412 -0.009044597 -0.003073753 0.991375446 0.131016418 0.283611834 0.000119330 -0.131016687 0.991380155 0.072076626
0.999996245 0.002417247 -0.001304174 -0.010536926 -0.002203528 0.989511311 0.144438773 0.282612711 0.001639639 -0.144435346 0.989512861 0.068470404
0.999988556 0.001754603 -0.004445133 -0.011264513 -0.001071086 0.988784850 0.149343327 0.272590578 0.004657318 -0.149336860 0.988775432 0.064318486
0.999983370 0.003592004 -0.004507023 -0.011817262 -0.002887339 0.989039421 0.147623345 0.254278123 0.004987887 -0.147607878 0.989033401 0.058855381
0.999993563 0.002911642 -0.002092312 -0.012293852 -0.002593251 0.990328193 0.138720587 0.228954747 0.002475980 -0.138714269 0.990329325 0.055674747
0.999931753 0.011067702 0.003741785 -0.013154145 -0.011456878 0.991639793 0.128527373 0.198564127 -0.002288000 -0.128561467 0.991698921 0.048723117
0.999797702 0.017197203 0.010431582 -0.013128431 -0.018289439 0.993115902 0.115699202 0.162995949 -0.008370068 -0.115866587 0.993229508 0.040415719
0.999482274 0.024386013 0.020987492 -0.013853876 -0.026394324 0.994491398 0.101440340 0.124740921 -0.018398155 -0.101941779 0.994620204 0.032049362
0.998968303 0.032403998 0.031816285 -0.014330508 -0.035037167 0.995676339 0.086029172 0.085864648 -0.028891033 -0.087055176 0.995784461 0.024633804
0.998670697 0.036594659 0.036299653 -0.016112512 -0.039098479 0.996720374 0.070850946 0.046381511 -0.033587836 -0.072176032 0.996826231 0.015921427
0.998587251 0.038551994 0.036568917 -0.017929653 -0.040543281 0.997642279 0.055372152 0.012262831 -0.034347989 -0.056776550 0.997795880 0.009724558
0.998777688 0.036074661 0.033789020 -0.018115828 -0.037496604 0.998395145 0.042439979 -0.022264168 -0.032203782 -0.043655079 0.998527467 0.001977628
0.998841405 0.033729602 0.034324579 -0.017972067 -0.034725580 0.998980522 0.028846079 -0.052452341 -0.033316620 -0.030004600 0.998994350 -0.003592477
0.998983085 0.028117673 0.035244655 -0.018788168 -0.028599313 0.999503314 0.013236710 -0.081771560 -0.034854967 -0.014231223 0.999291062 -0.010184044
0.999049902 0.024466127 0.036066070 -0.018726699 -0.024390072 0.999699295 -0.002547333 -0.107812308 -0.036117546 0.001665259 0.999346137 -0.016714115
0.999152541 0.020290174 0.035811733 -0.017440405 -0.019561589 0.999596834 -0.020579347 -0.128260463 -0.036214855 0.019861372 0.999146640 -0.021277420
0.999147713 0.021718625 0.035101771 -0.017632470 -0.020486377 0.999174118 -0.035091419 -0.146877885 -0.035834916 0.034342404 0.998767495 -0.030074494
0.999111891 0.021811925 0.036051568 -0.016469987 -0.020131331 0.998722851 -0.046339683 -0.153694674 -0.037016284 0.045572765 0.998274982 -0.032289822
0.998836577 0.026877871 0.040037904 -0.015114025 -0.024904942 0.998488903 -0.048985772 -0.152505383 -0.041294035 0.047931641 0.997996688 -0.032738503
0.998558104 0.032662269 0.042601675 -0.013980738 -0.030770060 0.998542488 -0.044340290 -0.144083500 -0.043987840 0.042965502 0.998107731 -0.032117013
0.998274863 0.037706304 0.045005597 -0.012169037 -0.036188018 0.998763502 -0.034086745 -0.126447365 -0.046235234 0.032399278 0.998405039 -0.027933666
0.998261273 0.035540424 0.047024485 -0.011602886 -0.034602739 0.999188662 -0.020606689 -0.106152311 -0.047718700 0.018943682 0.998681188 -0.023617975
0.998435855 0.033040617 0.045101553 -0.009550560 -0.032730591 0.999435365 -0.007595365 -0.079077549 -0.045327045 0.006107285 0.998953521 -0.016293712
0.998676896 0.027400127 0.043515995 -0.006053882 -0.027542701 0.999617040 0.002680119 -0.050196748 -0.043425895 -0.003875121 0.999049127 -0.006934582
0.998656929 0.030154811 0.042131137 -0.003521328 -0.030587459 0.999485373 0.009662291 -0.019418664 -0.041818094 -0.010937998 0.999065340 0.004041618
0.998858631 0.026977696 0.039415896 -0.001283260 -0.027507037 0.999537706 0.012949497 0.012552829 -0.039048329 -0.014018930 0.999138951 0.011765504
0.999018908 0.027872385 0.034415174 -0.002378079 -0.028449973 0.999460518 0.016408809 0.047192045 -0.033939254 -0.017371822 0.999272883 0.018349482
0.999131143 0.026565202 0.032112449 -0.000875223 -0.027256005 0.999402165 0.021269094 0.079729743 -0.031528234 -0.022125870 0.999257922 0.025514442
0.999327958 0.022415567 0.029003642 -0.000892191 -0.023305599 0.999256253 0.030721681 0.113215484 -0.028293427 -0.031376980 0.999107063 0.032964516
0.999231637 0.020034602 0.033686690 -0.000684121 -0.021511508 0.998796940 0.044067249 0.144676626 -0.032763295 -0.044758037 0.998460472 0.040166367
0.999164164 0.016368987 0.037456807 -0.000372355 -0.018591674 0.998038292 0.059782472 0.175617889 -0.036404748 -0.060428891 0.997508407 0.047687601
0.999030471 0.016806226 0.040689576 -0.000631552 -0.019928992 0.996785462 0.077598915 0.199658185 -0.039254632 -0.078334585 0.996154010 0.052528311
0.999046206 0.017799089 0.039873030 -0.001044082 -0.021518467 0.995255768 0.094883643 0.221221924 -0.037995022 -0.095651157 0.994689524 0.057014041
0.999186814 0.017007833 0.036557797 -0.002163088 -0.020904334 0.993822634 0.108993620 0.239149243 -0.034478221 -0.109669209 0.993369997 0.059888862
0.999292850 0.017801052 0.033120409 -0.003590688 -0.021650525 0.992566824 0.119759396 0.246578142 -0.030742377 -0.120391786 0.992250323 0.060544070
0.999346197 0.018300591 0.031181991 -0.004878002 -0.022119576 0.991668880 0.126899719 0.246125564 -0.028599869 -0.127506495 0.991425335 0.059683383
0.999433577 0.018329011 0.028222719 -0.006483859 -0.021827323 0.991390407 0.129107147 0.236340687 -0.025613325 -0.129650056 0.991228938 0.057116538
0.999518991 0.016847126 0.026037810 -0.008565876 -0.019954488 0.992068589 0.124103576 0.218188256 -0.023740506 -0.124563456 0.991927564 0.052578241
0.999543786 0.016841693 0.025070699 -0.010738285 -0.019534731 0.993586957 0.111370362 0.194182932 -0.023034254 -0.111809306 0.993462682 0.046514645
0.999550223 0.016273541 0.025189912 -0.013096223 -0.018640699 0.995130718 0.096785367 0.164835826 -0.023492215 -0.097211391 0.994986475 0.037844039
0.999404967 0.020186746 0.027967921 -0.014256772 -0.022463089 0.996244133 0.083624177 0.134667248 -0.026174778 -0.084202670 0.996104836 0.030974245
0.999285161 0.020842075 0.031540368 -0.015191958 -0.023114182 0.997029006 0.073477454 0.102625616 -0.029915240 -0.074153952 0.996798038 0.023946507
0.998998702 0.025019458 0.037088957 -0.014664502 -0.027439902 0.997425258 0.066256568 0.072705604 -0.035335761 -0.067207947 0.997113049 0.018423660
0.998776555 0.025268514 0.042507034 -0.014733694 -0.027855989 0.997722983 0.061423566 0.040091824 -0.040858161 -0.062532492 0.997206271 0.010557735
0.998700380 0.024045514 0.044936787 -0.014357777 -0.026576290 0.998043299 0.056597028 0.008101447 -0.043487955 -0.057717729 0.997385323 0.002183098
0.998572171 0.020493263 0.049331460 -0.014095188 -0.022990314 0.998454630 0.050594386 -0.026546614 -0.048218381 -0.051656295 0.997500181 -0.006086900
0.998325825 0.015666422 0.055679165 -0.012729587 -0.017968725 0.998993754 0.041092269 -0.058567647 -0.054979369 -0.042023957 0.997602761 -0.012407054
0.997842014 0.011035427 0.064726748 -0.011101327 -0.012858718 0.999530256 0.027820423 -0.091297999 -0.064389326 -0.028592691 0.997515142 -0.019523624
0.997455657 0.006334132 0.071007580 -0.009518775 -0.007177692 0.999906600 0.011631006 -0.120963335 -0.070927277 -0.012111085 0.997407973 -0.026527589
0.997198582 0.006258563 0.074537307 -0.007923844 -0.005872390 0.999968171 -0.005398966 -0.146910414 -0.074568719 0.004946129 0.997203588 -0.033462670
0.996991336 0.005570012 0.077313051 -0.004139211 -0.003799132 0.999727488 -0.023033533 -0.166154101 -0.077420279 0.022670511 0.996740758 -0.038300987
0.996989667 0.008456130 0.077071927 -0.003364322 -0.005865227 0.999412060 -0.033781257 -0.178697124 -0.077312268 0.033227522 0.996453106 -0.042836465
0.996825278 0.010647068 0.078905396 -0.002477078 -0.007629785 0.999231696 -0.038442563 -0.184443086 -0.079254068 0.037718486 0.996140599 -0.044845447
0.996452034 0.015173714 0.082783185 -0.001383656 -0.011994711 0.999176383 -0.038764656 -0.181249022 -0.083303206 0.037634164 0.995813370 -0.044168737
0.996298671 0.019107427 0.083808549 -0.000747449 -0.016099360 0.999206781 -0.036422316 -0.170294642 -0.084438004 0.034938242 0.995815992 -0.041092705
0.996406615 0.020560123 0.082165346 -0.000428917 -0.017928690 0.999306440 -0.032636628 -0.152656779 -0.082779378 0.031046234 0.996084213 -0.035903670
0.996556878 0.020336406 0.080379561 0.000203652 -0.018098744 0.999430776 -0.028469989 -0.130648747 -0.080912784 0.026917195 0.996357679 -0.028697407
0.996660650 0.021461416 0.078784138 0.001815003 -0.019645751 0.999524891 -0.023749376 -0.104147710 -0.079256400 0.022122296 0.996608734 -0.020135053
0.997045577 0.019602733 0.074268930 0.003878967 -0.018244153 0.999654412 -0.018927258 -0.074960306 -0.074614294 0.017516363 0.997058630 -0.011048114
0.997297108 0.023304651 0.069680654 0.006362445 -0.022491256 0.999669731 -0.012435127 -0.042964935 -0.069947429 0.010834310 0.997491837 -0.002018236
0.997420609 0.024853740 0.067337729 0.006100832 -0.024563547 0.999685109 -0.005134157 -0.010778100 -0.067444123 0.003466861 0.997717023 0.005588199
0.997429252 0.027936349 0.065987870 0.011082354 -0.028169414 0.999599755 0.002603957 0.023320798 -0.065888718 -0.004456103 0.997817039 0.016830031
0.996936381 0.031176589 0.071735084 0.011373403 -0.032286771 0.999375343 0.014368733 0.057489216 -0.071242303 -0.016640807 0.997320235 0.025102044
0.997447670 0.027467307 0.065906629 0.012194815 -0.029578019 0.999073327 0.031266574 0.091206111 -0.064986750 -0.033136155 0.997335792 0.033211619
0.997868657 0.019157723 0.062378746 0.012744673 -0.022408761 0.998403847 0.051842298 0.125352845 -0.061285999 -0.053129632 0.996705234 0.041787170
0.998270333 0.010394417 0.057864107 0.013499383 -0.014742577 0.997057021 0.075232349 0.153886423 -0.056911819 -0.075955294 0.995485723 0.048791964
0.998362243 0.004528693 0.057028823 0.013811555 -0.009980761 0.995361745 0.095683694 0.181000322 -0.056330986 -0.096096173 0.993776798 0.054567259
0.998369455 0.003666198 0.056965165 0.013963612 -0.009972148 0.993791282 0.110812478 0.205318317 -0.056205228 -0.111199863 0.992207408 0.059371918
0.998250723 0.009522036 0.058350496 0.014639615 -0.016537728 0.992519796 0.120958552 0.226924524 -0.056762248 -0.121711954 0.990941107 0.063037537
0.998320341 0.016026370 0.055674240 0.014441704 -0.023001142 0.991637051 0.126991689 0.243815675 -0.053173423 -0.128058970 0.990340114 0.065236241
0.998551428 0.019610178 0.050104182 0.013391994 -0.025974073 0.991212845 0.129701525 0.255291522 -0.047120441 -0.130815059 0.990286350 0.065657362
0.998846233 0.021948125 0.042713836 0.011358780 -0.027326021 0.991176546 0.129701033 0.260198355 -0.039490260 -0.130718574 0.990632713 0.064653359
0.999092638 0.021674918 0.036661547 0.009865248 -0.026261648 0.991211176 0.129656240 0.257815838 -0.033529047 -0.130501404 0.990881026 0.063126557
0.999214292 0.022488169 0.032634780 0.008632028 -0.026552651 0.991158724 0.129997611 0.247990444 -0.029422836 -0.130762011 0.990977108 0.060835835
0.999218881 0.023971325 0.031417176 0.007997723 -0.027854467 0.991169214 0.129644647 0.231273696 -0.028031982 -0.130418494 0.991062701 0.057741050
0.999232471 0.023891360 0.031042255 0.006931817 -0.027644396 0.991553485 0.126718193 0.208999574 -0.027752586 -0.127479076 0.991452932 0.053165618
0.999214172 0.024310447 0.031305455 0.005922938 -0.027975872 0.992068887 0.122542545 0.183053270 -0.028078103 -0.123322040 0.991969407 0.048153117
0.999057114 0.027350515 0.033717357 0.005307366 -0.031181373 0.992416978 0.118895948 0.153681353 -0.030209811 -0.119835198 0.992334068 0.042770714
0.998559952 0.033879388 0.041595228 0.005600036 -0.038459118 0.992648661 0.114758573 0.121289432 -0.037401497 -0.116193034 0.992522180 0.037542555
0.998069525 0.038885944 0.048426818 0.005805215 -0.043926455 0.993202567 0.107792243 0.086642273 -0.043906037 -0.109711364 0.992993295 0.031959772
0.997783005 0.040936235 0.052472368 0.004941105 -0.045925338 0.994155765 0.097699478 0.051468510 -0.048166260 -0.099892691 0.993831694 0.026344726
0.997662604 0.039440379 0.055801142 0.004457672 -0.044062041 0.995476305 0.084175453 0.014333304 -0.052228805 -0.086437419 0.994887292 0.020104231
0.997440457 0.037966628 0.060589366 0.004068118 -0.041995082 0.996891499 0.066661678 -0.022869850 -0.057870105 -0.069035508 0.995934308 0.014017010
0.997038066 0.036105961 0.067907944 0.003216283 -0.039335042 0.998128057 0.046830446 -0.060574654 -0.066089973 -0.049362898 0.996591926 0.007021047
0.996605515 0.036319777 0.073880114 0.002475837 -0.038251005 0.998957992 0.024894783 -0.094544046 -0.072898962 -0.027636269 0.996956348 -0.000304883
0.996136546 0.035172254 0.080466956 0.004279567 -0.035581656 0.999360085 0.003659157 -0.123478733 -0.080286756 -0.006508166 0.996750534 -0.007921870
0.995855212 0.035578214 0.083705157 0.003494513 -0.034610733 0.999316573 -0.012981532 -0.151062712 -0.084109813 0.010030631 0.996406019 -0.015751192
0.995840251 0.031154899 0.085624546 0.001607931 -0.028995948 0.999232352 -0.026343504 -0.175016776 -0.086379543 0.023751156 0.995979130 -0.022242690
0.995992362 0.028437218 0.084796987 -0.001976279 -0.025506819 0.999046147 -0.035443410 -0.193809018 -0.085724019 0.033138461 0.995767653 -0.028938536
0.995977938 0.022313904 0.086776115 -0.003485368 -0.018896677 0.999020815 -0.040003885 -0.204975814 -0.087583788 0.038203206 0.995424330 -0.032444939
0.995726645 0.019584548 0.090249054 -0.001553349 -0.016046688 0.999080360 -0.039761346 -0.206975356 -0.090944760 0.038143236 0.995125175 -0.034513287
0.995443404 0.017079348 0.093812175 -0.001764833 -0.013722114 0.999246120 -0.036316011 -0.203651160 -0.094361715 0.034863230 0.994927347 -0.032728054
0.995412588 0.015986701 0.094330527 -0.002260397 -0.013058466 0.999415994 -0.031578362 -0.193996206 -0.094780274 0.030201685 0.995039999 -0.029226935
0.994946778 0.014564734 0.099341571 -0.001769193 -0.012051443 0.999593139 -0.025852866 -0.178543955 -0.099677697 0.024525017 0.994717479 -0.023471694
0.994358957 0.015267788 0.104962498 -0.000417084 -0.013284473 0.999720275 -0.019568719 -0.158781543 -0.105231911 0.018063959 0.994283617 -0.016091559
0.993449509 0.022359919 0.112062767 -0.002493122 -0.021167036 0.999706030 -0.011823412 -0.137251303 -0.112294197 0.009373926 0.993630767 -0.009505694
0.992751420 0.027796561 0.116927370 0.000382293 -0.027239868 0.999608696 -0.006356647 -0.112606592 -0.117058307 0.003125484 0.993120134 -0.000753376
0.992309749 0.035897441 0.118460022 0.006968197 -0.035979226 0.999351501 -0.001448828 -0.085798725 -0.118435211 -0.002824413 0.992957771 0.010974711
0.992048979 0.039912965 0.119355567 0.010101042 -0.040867064 0.999149144 0.005555886 -0.059920765 -0.119032256 -0.010389422 0.992836058 0.019215774
0.992508054 0.044023547 0.113972507 0.009875326 -0.046114307 0.998811662 0.015772093 -0.034387458 -0.113142721 -0.020909693 0.993358731 0.022216614
0.993006587 0.046144258 0.108667441 0.012633618 -0.049289946 0.998434484 0.026440479 -0.008519097 -0.107277237 -0.031611782 0.993726492 0.027494160
0.994169652 0.047364842 0.096867315 0.015118806 -0.051276099 0.997950077 0.038293548 0.016360797 -0.094854973 -0.043037258 0.994560361 0.030651586
0.995410740 0.046183694 0.083812214 0.016538760 -0.050551374 0.997430682 0.050760448 0.038740963 -0.081252567 -0.054764315 0.995187879 0.030000705
0.996582627 0.041893929 0.071189538 0.017312866 -0.046529628 0.996815622 0.064758018 0.056904197 -0.068249881 -0.067849144 0.995358467 0.028692404
0.997621655 0.036282547 0.058605906 0.017395057 -0.040907674 0.995975077 0.079750784 0.071947724 -0.055476461 -0.081958540 0.995090544 0.025754772
0.998277843 0.030027149 0.050395753 0.017549435 -0.034711607 0.994889855 0.094812021 0.084476620 -0.047291290 -0.096398056 0.994218767 0.023361733
0.998903930 0.021918532 0.041357830 0.016897086 -0.026392944 0.993475914 0.110945947 0.092307024 -0.038656235 -0.111915894 0.992965519 0.019354498
0.999351919 0.013369380 0.033421710 0.016869923 -0.017590236 0.991439819 0.129374012 0.097076871 -0.031405963 -0.129878059 0.991032481 0.015285584
0.999577761 0.007430228 0.028090313 0.016185617 -0.011511491 0.988912821 0.148050413 0.099195376 -0.026678823 -0.148311272 0.988580823 0.010171480
0.999593794 0.002629136 0.028378848 0.015805503 -0.007398352 0.985538661 0.169289157 0.100238457 -0.027523369 -0.169430330 0.985157788 0.005714315
0.999399662 -0.002534077 0.034552347 0.015767325 -0.004189069 0.981165349 0.193124458 0.100293666 -0.034390960 -0.193153277 0.980565667 0.002316456
0.998835742 -0.005084302 0.047972437 0.016076632 -0.005489060 0.975994170 0.217727497 0.099780180 -0.047927808 -0.217737332 0.974829912 -0.000489883
0.998123050 -0.010379846 0.060354721 0.015051646 -0.004356874 0.970998645 0.239045322 0.098561339 -0.061085608 -0.238859594 0.969130874 -0.003371214
0.997389257 -0.016383490 0.070329688 0.012956130 -0.002297216 0.966231704 0.257664531 0.096816406 -0.072176225 -0.257153422 0.963671505 -0.006443664
0.996980906 -0.022164283 0.074416354 0.010227527 0.000879053 0.961554170 0.274613857 0.095236547 -0.077641979 -0.273719370 0.958670676 -0.010229832
0.996818721 -0.026005827 0.075340010 0.007752196 0.002792757 0.956086695 0.293070763 0.094563738 -0.079653122 -0.291928023 0.953117728 -0.014715893
0.996560216 -0.032308228 0.076314338 0.006002969 0.006895529 0.950008810 0.312147021 0.094052523 -0.082584210 -0.310547054 0.946963787 -0.020036042
0.996324599 -0.037619330 0.076954804 0.005013435 0.009963883 0.943198264 0.332080960 0.094389789 -0.085076295 -0.330093682 0.940106511 -0.025300529
0.996075213 -0.044300213 0.076626785 0.004309049 0.014572348 0.935998619 0.351701915 0.094667211 -0.087303035 -0.349204898 0.932970583 -0.031213347
0.996066570 -0.045115970 0.076262526 0.004529315 0.013739692 0.928901374 0.370072216 0.095819384 -0.087536536 -0.367568761 0.925867498 -0.037413776
0.996146739 -0.044286221 0.075699694 0.005842995 0.011683287 0.922458708 0.385918975 0.096468180 -0.086920731 -0.383547485 0.919421613 -0.043211900
0.996420264 -0.042814109 0.072894916 0.008257993 0.010309357 0.917375207 0.397889942 0.095856562 -0.083907291 -0.395714074 0.914532661 -0.048096031
0.996673942 -0.041748561 0.069986410 0.011420614 0.009865975 0.914305866 0.404904276 0.094501816 -0.080893151 -0.402867049 0.911676705 -0.051766377
0.996631742 -0.043185875 0.069714628 0.015661806 0.011192871 0.913783789 0.406046629 0.092723936 -0.081239574 -0.403898656 0.911189318 -0.053401917
0.996780574 -0.042771392 0.067816302 0.020242706 0.011988537 0.915826023 0.401396334 0.090658419 -0.079276204 -0.399291039 0.913390398 -0.054044548
0.997046471 -0.043704689 0.063152388 0.024417400 0.015302608 0.918855190 0.394298106 0.088904396 -0.075260580 -0.392167121 0.916810095 -0.053744633
0.997291446 -0.043218687 0.059513830 0.029069971 0.016903281 0.922167718 0.386420786 0.087110862 -0.071582325 -0.384368181 0.920400500 -0.052502934
0.997485220 -0.041004460 0.057809256 0.032710031 0.016048267 0.925136328 0.379295737 0.086434141 -0.069034256 -0.377414137 0.923467815 -0.050862510
0.997813940 -0.036105935 0.055351201 0.034735024 0.012821614 0.927411914 0.373821884 0.086232938 -0.064830549 -0.372294992 0.925847411 -0.049042597
0.998129606 -0.033043697 0.051433511 0.035872772 0.011719132 0.929151416 0.369513631 0.085852765 -0.059999615 -0.368219733 0.927800775 -0.047082301
0.998515069 -0.026499249 0.047596961 0.036971837 0.007171894 0.930056632 0.367346138 0.085103326 -0.054002270 -0.366459280 0.928865612 -0.044779863
0.998695970 -0.023728818 0.045202803 0.037797824 0.005400789 0.929556787 0.368639439 0.084218577 -0.050765950 -0.367914587 0.928472757 -0.042538315
0.998864472 -0.019472152 0.043481302 0.039250404 0.001846506 0.927798927 0.373076081 0.083219208 -0.047606502 -0.372572124 0.926781297 -0.040265616
0.998935044 -0.016446428 0.043108400 0.041922580 -0.001050270 0.925965846 0.377605796 0.082584418 -0.046127174 -0.377248943 0.924962461 -0.037793949
0.999016166 -0.015484855 0.041556496 0.045889568 -0.001486038 0.924844861 0.380341679 0.081783563 -0.044322845 -0.380029231 0.923911929 -0.034989182
0.998969972 -0.016964573 0.042086028 0.051605701 -0.000410478 0.924067795 0.382228404 0.081005625 -0.045374684 -0.381851941 0.923108995 -0.032004632
0.998891890 -0.019281764 0.042932801 0.059254121 0.001348267 0.923572719 0.383421004 0.080076531 -0.047044598 -0.382938266 0.922575235 -0.028650638
0.998747826 -0.021671884 0.045089599 0.068842553 0.002645726 0.922917783 0.384987950 0.078822359 -0.049957406 -0.384386599 0.921819508 -0.025158329
0.998605430 -0.024572186 0.046726357 0.079804070 0.004603830 0.922239423 0.386591941 0.077668652 -0.052592296 -0.385837704 0.921066403 -0.022086084
0.998435676 -0.029000092 0.047804248 0.092492431 0.008143124 0.921281219 0.388811767 0.076547056 -0.055316735 -0.387814283 0.920076191 -0.018975841
0.998264313 -0.033559758 0.048394792 0.106772311 0.011989322 0.920349240 0.390913665 0.075290501 -0.057659082 -0.389654934 0.919154227 -0.016565626
0.998096049 -0.036409795 0.049785212 0.123100407 0.014000886 0.919846714 0.392028093 0.074119084 -0.060068421 -0.390584648 0.918605149 -0.014375834
0.997768402 -0.040841199 0.052822415 0.140277565 0.016946636 0.920106828 0.391300768 0.072574727 -0.064583458 -0.389532357 0.918745637 -0.012236482
0.997379720 -0.045344036 0.056370839 0.158539400 0.020014402 0.921731651 0.387311548 0.070546284 -0.069521055 -0.385168463 0.920223951 -0.009855931
0.996832371 -0.050629377 0.061334357 0.177872971 0.023478262 0.924160123 0.381283253 0.068265781 -0.075986892 -0.378635436 0.922421396 -0.007357346
0.996125579 -0.057097211 0.066886038 0.196776882 0.027986621 0.926845133 0.374399364 0.065682262 -0.083370149 -0.371076882 0.924852073 -0.004799347
0.995323956 -0.062068880 0.074011602 0.215419859 0.030484693 0.928908467 0.369052500 0.063708633 -0.091656677 -0.365070552 0.926456988 -0.001620349
0.994526863 -0.067388900 0.079843678 0.233832732 0.033474565 0.929425538 0.367488325 0.062689200 -0.098973386 -0.362804294 0.926594496 0.000600150
0.993774474 -0.071105279 0.085768811 0.252319992 0.034494564 0.928393841 0.369993299 0.062917732 -0.105935715 -0.364731342 0.925066829 0.001896815
0.992765725 -0.074711889 0.093990974 0.269803345 0.033964720 0.925593615 0.376991928 0.063959122 -0.115163215 -0.371072292 0.921435177 0.003265693
0.991622567 -0.077284917 0.103497535 0.286285847 0.031398743 0.921445251 0.387237370 0.065374367 -0.125294924 -0.380743623 0.916152537 0.004450724
0.990431011 -0.083193883 0.110114463 0.300862789 0.032997087 0.917489409 0.396389127 0.066886932 -0.134006009 -0.388962626 0.911455154 0.005962727
0.990028799 -0.086403579 0.111253582 0.313412428 0.034566894 0.914656937 0.402750313 0.068709835 -0.136557937 -0.394888699 0.908523440 0.007412427
0.989917874 -0.086009666 0.112538680 0.324491233 0.033147983 0.913136899 0.406303138 0.070553735 -0.137709215 -0.398476332 0.906781554 0.008593055
0.990045547 -0.085566692 0.111750387 0.333941370 0.032967113 0.912872434 0.406911641 0.072844729 -0.136831924 -0.399176985 0.906606197 0.010616994
0.990186214 -0.085974067 0.110180601 0.340911120 0.034225062 0.913555980 0.405270427 0.074439980 -0.135498896 -0.397522241 0.907532990 0.011568777
0.990379155 -0.087258391 0.107401334 0.345684260 0.036996827 0.914844334 0.402108252 0.075351208 -0.133342817 -0.394266129 0.909271061 0.012072604
0.990739346 -0.087296180 0.103994973 0.348215908 0.038891070 0.916280985 0.398643523 0.076339975 -0.130088672 -0.390907317 0.911190689 0.012326326
0.990696728 -0.089456320 0.102554917 0.348593116 0.041871056 0.917403579 0.395749241 0.077156201 -0.129486516 -0.387773424 0.912614405 0.012177114
0.990600824 -0.090770572 0.102326401 0.346965730 0.043305472 0.917723358 0.394852489 0.077839397 -0.129748315 -0.386709899 0.913028359 0.011699196
0.990329206 -0.089457326 0.106044561 0.343574226 0.040485464 0.917426884 0.395839453 0.077997424 -0.132698864 -0.387718081 0.912176371 0.010626490
0.990172148 -0.088290453 0.108461618 0.338001132 0.038476545 0.917584300 0.395674855 0.077101812 -0.134456992 -0.387612969 0.911963582 0.009242871
0.990193725 -0.088403381 0.108172081 0.329886854 0.038804509 0.917890370 0.394932210 0.075786091 -0.134203464 -0.386861861 0.912319779 0.007352958
0.990451038 -0.087314688 0.106690452 0.319909126 0.038512222 0.918300688 0.394005924 0.074575417 -0.132376418 -0.386134714 0.912894547 0.005060125
0.990859568 -0.087628014 0.102560326 0.307889730 0.040300392 0.917853951 0.394867063 0.074315041 -0.128736824 -0.387124598 0.912995815 0.002255580
0.991591871 -0.084494382 0.098011516 0.294574648 0.038855016 0.916860342 0.397312790 0.075068884 -0.123433568 -0.390163869 0.912434280 -0.000509759
0.992158055 -0.082541682 0.093857907 0.279872060 0.038339376 0.915704131 0.400020093 0.076027401 -0.118964396 -0.393284708 0.911687791 -0.002956808
0.992673755 -0.081424616 0.089268297 0.263400197 0.038960315 0.915065527 0.401418924 0.076900169 -0.114371717 -0.395000100 0.911533892 -0.005091080
0.993245661 -0.080214165 0.083837651 0.245137379 0.040057875 0.915179968 0.401049942 0.077374637 -0.108896427 -0.394982785 0.912211716 -0.007380877
0.993887424 -0.077200189 0.078917406 0.225940034 0.039420873 0.915888667 0.399492085 0.077529527 -0.103120424 -0.393939137 0.913333535 -0.010033719
0.994551361 -0.073742516 0.073686428 0.205499858 0.038707413 0.917526007 0.395787448 0.077314533 -0.096795581 -0.390778750 0.915381134 -0.012917506
0.995249093 -0.069824181 0.067851670 0.184152901 0.037875727 0.919675052 0.390849322 0.076476179 -0.089692228 -0.386422485 0.917950392 -0.017268602
0.995942175 -0.064504996 0.062755853 0.162430868 0.035425298 0.922020793 0.385516196 0.075574435 -0.082729921 -0.381728679 0.920564473 -0.020275734
0.996397555 -0.061251186 0.058653250 0.139272198 0.034360304 0.923893154 0.381104708 0.073742382 -0.077532455 -0.377716482 0.922669470 -0.024007726
0.996766508 -0.058700599 0.054870263 0.115898050 0.033638418 0.924992859 0.378492594 0.072385266 -0.072972342 -0.375423014 0.923976541 -0.026890410
0.997119486 -0.055962402 0.051195562 0.092088997 0.032470535 0.924962699 0.378668278 0.071701296 -0.068545170 -0.375915140 0.924115419 -0.029673833
0.997604609 -0.051199425 0.046514723 0.067835398 0.029667769 0.924132347 0.380918980 0.071501851 -0.062488589 -0.378626525 0.923437655 -0.032646663
0.997984290 -0.047839746 0.041698426 0.043454837 0.028140873 0.922531307 0.384894907 0.072368197 -0.056881376 -0.382945657 0.922017992 -0.035198972
0.998392403 -0.042093005 0.037957560 0.019382806 0.024088297 0.921306312 0.388090849 0.073254600 -0.051306445 -0.386552632 0.920839190 -0.036990352
0.998630226 -0.037749879 0.036230467 -0.004378976 0.020716475 0.921117544 0.388732940 0.074324071 -0.048047140 -0.387449890 0.920637846 -0.038947675
0.998763144 -0.036142260 0.034144953 -0.028546721 0.020125974 0.921835124 0.387059361 0.075632244 -0.045465216 -0.385893434 0.921422362 -0.040483035
0.998935521 -0.034645487 0.030455304 -0.052168570 0.020283159 0.922876477 0.384561568 0.077355057 -0.041429807 -0.383534461 0.922596812 -0.042614181
0.999084234 -0.031941287 0.028468799 -0.075758792 0.018653700 0.923961937 0.382029355 0.079253905 -0.038506594 -0.381148458 0.923711598 -0.044101991
0.999238372 -0.029286496 0.025787801 -0.099140324 0.017312143 0.924970508 0.379644305 0.081209049 -0.034971409 -0.378908724 0.924773037 -0.045712344
0.999360323 -0.027130604 0.023298956 -0.121980302 0.016308002 0.925552726 0.378267407 0.082886681 -0.031827036 -0.377645493 0.925403118 -0.047656085
0.999540448 -0.025380123 0.016574483 -0.144576058 0.017210662 0.925264895 0.378930956 0.085476764 -0.024953105 -0.378471583 0.925276518 -0.049075074
0.999710262 -0.022329478 0.008989751 -0.165908948 0.017193148 0.923769951 0.382561773 0.088568449 -0.016846865 -0.382296354 0.923886180 -0.050501388
0.999806166 -0.019643722 0.001344753 -0.186055496 0.017587433 0.921678185 0.387556493 0.091389492 -0.008852482 -0.387457728 0.921844959 -0.053663142
0.999841154 -0.016445728 -0.006874777 -0.204102978 0.017824201 0.919215262 0.393351734 0.094774403 -0.000149554 -0.393411756 0.919362366 -0.054818511
0.999748528 -0.015437739 -0.016266266 -0.220739275 0.020625735 0.917705238 0.396726221 0.097800337 0.008803082 -0.396961957 0.917792857 -0.055833526
0.999616206 -0.012889933 -0.024520025 -0.235832587 0.021546505 0.918102741 0.395756304 0.101175517 0.017410628 -0.396132767 0.918028176 -0.056548417
0.999471724 -0.010907356 -0.030616149 -0.248218656 0.022014312 0.920199156 0.390831053 0.102060616 0.023910020 -0.391298592 0.919953108 -0.057384733
0.999296010 -0.009298665 -0.036345623 -0.258210570 0.022562517 0.922971368 0.384206772 0.102546170 0.029973358 -0.384756327 0.922531366 -0.058331184
0.999074280 -0.008948708 -0.042077258 -0.265379697 0.024200154 0.925588965 0.377755731 0.102077760 0.035565823 -0.378424317 0.924948692 -0.058565330
0.998985112 -0.007608227 -0.044394020 -0.269023716 0.023666460 0.927270234 0.373644024 0.101647422 0.038322482 -0.374315470 0.926509202 -0.059392769
0.999004185 -0.005761849 -0.044242438 -0.269377917 0.021845607 0.927795649 0.372448593 0.101333037 0.038901951 -0.373044223 0.926997662 -0.060680486
0.999107122 -0.003427651 -0.042109955 -0.266544461 0.018951487 0.927163720 0.374176860 0.100941986 0.037760276 -0.374640822 0.926400781 -0.062172551
0.999288917 -0.003503295 -0.037542503 -0.260927469 0.017386196 0.926319361 0.376337767 0.100314826 0.033457924 -0.376722872 0.925721586 -0.063740335
0.999477923 -0.003008199 -0.032168124 -0.252198517 0.014944108 0.925788999 0.377745092 0.099427842 0.028644564 -0.378028631 0.925350666 -0.065420203
0.999694705 -0.003845845 -0.024407273 -0.240544677 0.012777608 0.925939083 0.377456665 0.098175794 0.021148009 -0.377653301 0.925705552 -0.066838138
0.999843419 -0.003419948 -0.017361218 -0.226516366 0.009688126 0.926823437 0.375372440 0.096352905 0.014807030 -0.375481874 0.926711440 -0.068614446
0.999947309 -0.003333393 -0.009706141 -0.210323140 0.006709746 0.927986801 0.372552663 0.094384670 0.007765308 -0.372598141 0.927960277 -0.069922946
0.999977589 -0.004874063 -0.004593885 -0.192090183 0.006227263 0.929111540 0.369747132 0.091330022 0.002466061 -0.369767457 0.929121077 -0.071222231
0.999976933 -0.006475049 0.002053265 -0.172998950 0.005264384 0.929750323 0.368152976 0.089783944 -0.004292832 -0.368133664 0.929762959 -0.071777701
0.999934554 -0.008196102 0.007979673 -0.152741611 0.004677307 0.929555416 0.368652850 0.088415101 -0.010439063 -0.368591398 0.929532886 -0.072242044
0.999837339 -0.012178743 0.013303787 -0.131410882 0.006364030 0.928377450 0.371584207 0.087539390 -0.016876364 -0.371439070 0.928303957 -0.071986385
0.999761760 -0.016332626 0.014480487 -0.109496623 0.009676700 0.926294982 0.376674831 0.087004967 -0.019565292 -0.376444995 0.926232338 -0.071249761
0.999646842 -0.021080581 0.016178500 -0.086593404 0.013291388 0.923851013 0.382521361 0.086979076 -0.023010299 -0.382171243 0.923804998 -0.069995902
0.999540746 -0.023986140 0.018519612 -0.063009523 0.014939124 0.921740115 0.387520313 0.086851038 -0.026365386 -0.387065649 0.921675086 -0.068166174
0.999445796 -0.025327694 0.021600414 -0.038878374 0.014907786 0.920754790 0.389856905 0.086817525 -0.029762860 -0.389318854 0.920622110 -0.066475257
0.999418199 -0.025610302 0.022525597 -0.014808326 0.014752374 0.920054138 0.391513377 0.086567678 -0.030751545 -0.390953273 0.919896662 -0.063317232
0.999430656 -0.026696322 0.020633053 0.008195789 0.016551627 0.920807898 0.389665127 0.086693995 -0.029401701 -0.389101744 0.920725465 -0.060695019
0.999433756 -0.028020460 0.018629054 0.030750733 0.018585488 0.921236157 0.388559580 0.085979789 -0.028049374 -0.387993336 0.921235263 -0.058577158
0.999358594 -0.030895490 0.018108582 0.052838754 0.021446794 0.921298265 0.388264775 0.084986873 -0.028679034 -0.387627363 0.921369910 -0.056610931
0.999276876 -0.033085402 0.018738694 0.073601864 0.023174722 0.920654714 0.389689386 0.084414579 -0.030144896 -0.388973296 0.920755684 -0.054114651
0.999162376 -0.035390496 0.020543601 0.093340270 0.024509033 0.919580400 0.392136753 0.084593542 -0.032769404 -0.391304791 0.919677496 -0.051535539
0.999014556 -0.037296858 0.024059147 0.111304246 0.024776338 0.918388009 0.394904584 0.086002849 -0.036824331 -0.393919319 0.918407083 -0.048353937
0.998757899 -0.041122243 0.028135376 0.127436087 0.026610337 0.917622387 0.396561503 0.088113606 -0.042125151 -0.395320237 0.917576909 -0.044847474
0.998515427 -0.044177789 0.031863999 0.140614122 0.027881157 0.917066216 0.397758991 0.090202376 -0.046793509 -0.396280080 0.916936457 -0.041840374
0.998284459 -0.047862820 0.033723284 0.151991725 0.030513115 0.916864097 0.398031652 0.093094625 -0.049970586 -0.396319807 0.916751623 -0.038706195
0.998051882 -0.048683457 0.039017238 0.162365824 0.029273331 0.917684853 0.396229237 0.095782883 -0.055095330 -0.394315153 0.917322218 -0.034579553
0.997366369 -0.052039590 0.050519776 0.171682045 0.028297704 0.920553267 0.389590710 0.098182783 -0.066780284 -0.387135059 0.919601440 -0.029470112
0.996182680 -0.056659192 0.066406600 0.179851994 0.027410394 0.925285876 0.378278583 0.100310192 -0.082878046 -0.375014335 0.923306823 -0.023540158
0.994994760 -0.059373856 0.080375239 0.186179221 0.026459211 0.932169795 0.361053258 0.101974219 -0.096360490 -0.357119411 0.929075003 -0.017518986
0.994002461 -0.058858678 0.092166752 0.190800607 0.023986319 0.939624369 0.341365933 0.103157312 -0.106694475 -0.337107837 0.935400784 -0.012336118
0.992883801 -0.057300314 0.104395419 0.194741651 0.020835787 0.946695566 0.321455151 0.103262410 -0.117250159 -0.316992432 0.941152573 -0.007489702
0.991436660 -0.056488611 0.117738791 0.197486535 0.018467592 0.953188896 0.301811099 0.102212362 -0.129276186 -0.297052205 0.946069598 -0.002938887
0.990107119 -0.057375155 0.128046587 0.200236723 0.018679373 0.958350897 0.284981847 0.100932583 -0.139064446 -0.279770732 0.949941814 0.000827969
0.988629997 -0.060429528 0.137691617 0.203352854 0.020509915 0.961327851 0.274641752 0.099116400 -0.148963273 -0.268695056 0.951636970 0.004653564
0.987123430 -0.068491228 0.144555345 0.207279846 0.026474444 0.961185455 0.274630010 0.097155675 -0.157754228 -0.267266691 0.950621963 0.008816536
0.985478818 -0.076380089 0.151649445 0.211860269 0.030931387 0.958924592 0.281969577 0.095420159 -0.166957259 -0.273184329 0.947362483 0.014028729
0.983210683 -0.086513132 0.160661787 0.217775926 0.036837623 0.956442356 0.289587736 0.093313672 -0.178716868 -0.278807342 0.943571270 0.021287814
0.980873287 -0.096063420 0.169291064 0.224378139 0.042121936 0.953879535 0.297219753 0.091165431 -0.190035239 -0.284404039 0.939681292 0.029902184
0.978543222 -0.105410606 0.177036181 0.231487691 0.047115833 0.950936139 0.305778623 0.088799603 -0.200582400 -0.290876389 0.935498595 0.039688572
0.976813793 -0.112121686 0.182382837 0.238528073 0.049889836 0.947653890 0.315377712 0.086457975 -0.208196476 -0.298966229 0.931275189 0.050193995
0.975728333 -0.117270306 0.184937581 0.245064110 0.052178517 0.944702804 0.323749959 0.084383629 -0.212677315 -0.306242228 0.927892268 0.061469227
0.975665629 -0.119555593 0.183801576 0.250112355 0.052937392 0.941909313 0.331669241 0.081107713 -0.212777331 -0.313868314 0.925317526 0.073338903
0.975941539 -0.124747694 0.178818807 0.253180742 0.058022007 0.939169765 0.338516861 0.077144153 -0.210170403 -0.319997221 0.923812866 0.086422771
0.977485776 -0.124770485 0.170158342 0.253681272 0.059826590 0.937225640 0.343553305 0.072196737 -0.202342078 -0.325638473 0.923589349 0.100029498
0.979546070 -0.122213073 0.159854576 0.252570868 0.060795672 0.937050641 0.343860507 0.067240626 -0.191816077 -0.327108741 0.925314248 0.114914984
0.982383728 -0.115394562 0.146990940 0.248765171 0.059667695 0.939090133 0.338451654 0.061551567 -0.177093223 -0.323718756 0.929432154 0.129870594
0.985346973 -0.105724581 0.133842126 0.242601484 0.056446709 0.942627668 0.329039365 0.055963051 -0.160950825 -0.316662997 0.934783101 0.145209223
0.988519788 -0.093319073 0.118828252 0.233617201 0.051066175 0.946537137 0.318527341 0.050896917 -0.142200038 -0.308802485 0.940436184 0.161376461
0.991313159 -0.079728924 0.104601771 0.222791195 0.043657146 0.949691713 0.310128570 0.046803825 -0.124065652 -0.302867889 0.944922626 0.176065102
0.993862212 -0.067031786 0.088003933 0.209415525 0.037196204 0.951683998 0.304817915 0.043153241 -0.104184419 -0.299673617 0.948336065 0.189930171
0.996268153 -0.054429591 0.066986620 0.193342239 0.031689525 0.952561617 0.302691519 0.040009566 -0.080284253 -0.299439132 0.950731635 0.202163115
0.998169184 -0.043489750 0.042035025 0.173884585 0.028753590 0.952619910 0.302801192 0.037430912 -0.053212147 -0.301038146 0.952126324 0.211794510
0.999355674 -0.033440847 0.013036678 0.151224807 0.027858665 0.951716125 0.305712819 0.036514558 -0.022630511 -0.305152655 0.952034533 0.218732730
0.999649048 -0.021881623 -0.014933015 0.126432836 0.025438847 0.950208545 0.310574621 0.036880311 0.007393603 -0.310845524 0.950431705 0.223445877
0.999054730 -0.010528456 -0.042175286 0.099037886 0.023336802 0.948460042 0.316036344 0.038196139 0.036674194 -0.316721857 0.947809219 0.223953918
0.997535944 0.001511385 -0.070140682 0.069453150 0.021166649 0.946696758 0.321430027 0.040704537 0.066887759 -0.322122633 0.944332063 0.220418051
0.995278537 0.014106208 -0.096029252 0.039494876 0.018105505 0.945033431 0.326471984 0.043070357 0.095356137 -0.326669216 0.940316141 0.214990094
0.992373407 0.028912250 -0.119829312 0.008539023 0.012347352 0.943900764 0.329998374 0.047017291 0.122647971 -0.328961194 0.936345041 0.204457670
0.988695502 0.037749123 -0.145107523 -0.022095218 0.012748283 0.943119466 0.332209587 0.051425133 0.149394348 -0.330304027 0.931976736 0.190736845
0.984969676 0.041610174 -0.167640448 -0.052717298 0.016862530 0.942749143 0.333076179 0.055742867 0.171902239 -0.330896795 0.927877665 0.174069911
0.980729103 0.042785540 -0.190630123 -0.081771724 0.023751469 0.942378819 0.333703488 0.060607366 0.193923488 -0.331800491 0.923202097 0.154516354
