1.000000000 0.000000000 0.000000000 0.000000000 0.000000000 1.000000000 0.000000000 -0.000000477 0.000000000 0.000000000 1.000000000 0.000000656
1.000000000 -0.000024789 0.000067887 -0.000049351 0.000024768 0.999999940 0.000308654 0.000201255 -0.000067894 -0.000308652 0.999999940 0.000099600
1.000000000 0.000075409 0.000122427 -0.000069829 -0.000075457 0.999999940 0.000393514 0.000180294 -0.000122397 -0.000393523 0.999999940 0.000111309
1.000000000 0.000018478 0.000039112 -0.000063176 -0.000018481 1.000000000 0.000077710 0.000118739 -0.000039110 -0.000077711 1.000000000 0.000069790
1.000000000 -0.000043110 0.000016797 -0.000070335 0.000043108 1.000000000 0.000137437 0.000046254 -0.000016803 -0.000137436 1.000000000 0.000029887
1.000000000 0.000107074 0.000181446 -0.000029776 -0.000107156 0.999999881 0.000448789 0.000082538 -0.000181398 -0.000448809 0.999999881 0.000093756
0.999999940 -0.000039499 0.000242826 -0.000029557 0.000039406 0.999999940 0.000382013 0.000181218 -0.000242841 -0.000382004 0.999999881 0.000055788
1.000000000 -0.000198908 -0.000008081 -0.000089201 0.000198905 0.999999940 -0.000364189 0.000160635 0.000008154 0.000364187 0.999999940 0.000112740
1.000000000 -0.000145612 -0.000037345 -0.000069864 0.000145620 0.999999940 0.000214887 0.000052916 0.000037314 -0.000214892 1.000000000 -0.000013842
1.000000000 0.000011336 0.000149314 -0.000072237 -0.000011425 0.999999821 0.000596862 0.000161180 -0.000149307 -0.000596863 0.999999821 0.000013117
1.000000000 -0.000126539 0.000182860 -0.000256435 0.000126547 1.000000000 -0.000043652 0.000084874 -0.000182854 0.000043675 1.000000000 -0.000679502
1.000000000 -0.000075687 0.000166946 -0.000255215 0.000075668 1.000000000 0.000113457 0.000115785 -0.000166955 -0.000113444 1.000000000 -0.000589341
1.000000000 -0.000192119 0.000144105 -0.000086335 0.000192134 1.000000000 -0.000106980 0.000512531 -0.000144084 0.000107008 1.000000000 0.000490047
1.000000000 -0.000063936 0.000157423 -0.000327203 0.000063924 1.000000000 0.000074948 0.000238838 -0.000157428 -0.000074938 1.000000000 -0.000492480
1.000000000 -0.000033868 0.000109069 -0.000301646 0.000033869 1.000000000 -0.000014617 0.000233645 -0.000109069 0.000014621 1.000000000 -0.000350648
1.000000000 -0.000085395 0.000162043 -0.000231566 0.000085354 0.999999940 0.000252129 0.000181583 -0.000162065 -0.000252115 0.999999940 -0.000284620
0.999999940 -0.000260962 0.000065127 0.000064779 0.000260977 0.999999940 -0.000224533 0.000426171 -0.000065068 0.000224550 1.000000000 0.000617953
1.000000000 0.000118396 0.000212444 -0.000003510 -0.000118458 0.999999940 0.000291651 0.000132631 -0.000212409 -0.000291676 0.999999940 0.000238798
1.000000000 -0.000074534 0.000067374 -0.000242741 0.000074526 1.000000000 0.000121282 0.000054770 -0.000067383 -0.000121277 1.000000000 -0.000393321
1.000000000 0.000014363 -0.000008342 -0.000051976 -0.000014359 0.999999881 0.000490340 0.000011516 0.000008349 -0.000490339 0.999999881 0.000146145
0.999999940 -0.000201591 -0.000169565 0.000080460 0.000201563 0.999999940 -0.000163965 0.000350916 0.000169598 0.000163931 1.000000000 0.000321340
1.000000000 -0.000119249 0.000084530 -0.000221102 0.000119221 0.999999940 0.000329172 0.000052283 -0.000084570 -0.000329162 0.999999940 -0.000613688
1.000000000 -0.000225302 -0.000043974 0.000099565 0.000225301 1.000000000 -0.000018151 0.000386138 0.000043978 0.000018141 1.000000000 0.000169721
1.000000000 -0.000031405 0.000084214 -0.000265890 0.000031396 1.000000000 0.000110884 0.000101968 -0.000084218 -0.000110882 1.000000000 -0.000600252
0.999999940 -0.000160639 -0.000339708 0.000056609 0.000160604 1.000000000 -0.000104211 0.000432957 0.000339725 0.000104156 0.999999940 0.000190680
0.999999940 -0.000036746 -0.000305183 0.000039492 0.000036746 1.000000000 -0.000001183 0.000459166 0.000305183 0.000001172 0.999999940 0.000225542
1.000000000 0.000001243 0.000070498 -0.000295671 -0.000001253 1.000000000 0.000131715 0.000094802 -0.000070498 -0.000131715 1.000000000 -0.000448830
1.000000000 -0.000100873 0.000059802 0.000059340 0.000100874 1.000000000 -0.000004762 0.000479196 -0.000059802 0.000004768 1.000000000 0.000369860
1.000000000 -0.000196694 -0.000044357 -0.000016521 0.000196696 1.000000000 0.000051774 0.000260373 0.000044346 -0.000051782 1.000000000 0.000437141
1.000000000 0.000002128 -0.000097777 -0.000253136 -0.000002093 0.999999940 0.000358023 0.000002198 0.000097778 -0.000358022 0.999999940 -0.000353690
1.000000000 0.000173254 -0.000137769 -0.000110188 -0.000173183 0.999999881 0.000516409 -0.000111069 0.000137858 -0.000516385 0.999999881 0.000144136
0.999999881 0.000366654 0.000236268 -0.000128433 -0.000366640 0.999999940 -0.000057689 -0.000198794 -0.000236289 0.000057602 1.000000000 -0.000510078
0.999999881 -0.000412065 0.000122464 -0.000021746 0.000412167 0.999999583 -0.000837616 -0.000650346 -0.000122118 0.000837666 0.999999642 -0.000652334
0.999999881 -0.000433692 0.000104952 -0.000190420 0.000433734 0.999999821 -0.000396397 -0.000391361 -0.000104780 0.000396442 0.999999940 -0.000892193
0.999999940 -0.000377183 -0.000054857 0.000133878 0.000377118 0.999999225 -0.001184124 -0.000346763 0.000055304 0.001184103 0.999999285 0.000103324
1.000000000 0.000035700 0.000149167 -0.000229952 -0.000035647 0.999999940 -0.000353017 -0.000296364 -0.000149180 0.000353012 0.999999940 -0.000709947
0.999999940 -0.000246854 0.000092794 -0.000239086 0.000246900 0.999999821 -0.000501962 -0.000363496 -0.000092670 0.000501985 0.999999881 -0.000777062
1.000000000 -0.000015221 0.000143084 -0.000212766 0.000015218 1.000000000 0.000021683 -0.000018168 -0.000143084 -0.000021681 1.000000000 -0.000677048
0.999999940 -0.000232779 -0.000140967 -0.000086551 0.000232707 0.999999821 -0.000511767 0.000037602 0.000141086 0.000511734 0.999999881 -0.000023656
1.000000000 0.000135669 -0.000086262 -0.000024288 -0.000135711 0.999999881 -0.000492212 0.000227842 0.000086195 0.000492224 0.999999881 0.000000185
0.999999940 -0.000249995 -0.000030089 -0.000073967 0.000249995 0.999999940 -0.000010053 0.000188269 0.000030091 0.000010045 1.000000000 0.000336617
1.000000000 -0.000002003 0.000055039 -0.000310942 0.000001980 0.999999940 0.000415008 -0.000058540 -0.000055040 -0.000415008 0.999999940 -0.000808600
1.000000000 0.000076600 0.000069670 -0.000099419 -0.000076573 0.999999940 -0.000382389 0.000109182 -0.000069699 0.000382384 0.999999940 -0.000100773
1.000000000 0.000037168 0.000049285 -0.000243910 -0.000037185 0.999999940 0.000336129 -0.000063737 -0.000049273 -0.000336131 0.999999940 -0.000705239
1.000000000 -0.000214737 0.000026375 -0.000194126 0.000214737 1.000000000 0.000021903 0.000299749 -0.000026379 -0.000021898 1.000000000 0.000430702
1.000000000 -0.000155089 0.000123182 -0.000099183 0.000155057 0.999999940 0.000259149 0.000067625 -0.000123222 -0.000259130 0.999999940 0.000074471
1.000000000 -0.000067268 0.000087584 -0.000320715 0.000067241 0.999999940 0.000315070 -0.000246398 -0.000087605 -0.000315065 0.999999940 -0.000664903
0.999999940 0.000155180 0.000260619 0.000132163 -0.000155029 0.999999821 -0.000579727 0.000091418 -0.000260709 0.000579687 0.999999821 0.000248779
0.999999940 0.000101941 0.000278312 -0.000307299 -0.000102041 0.999999940 0.000360024 -0.000411287 -0.000278276 -0.000360053 0.999999881 -0.000626018
0.999996603 -0.002596591 -0.000228769 0.000628908 0.002597016 0.999994874 0.001880115 -0.001104037 0.000223886 -0.001880702 0.999998212 0.000349551
1.000000000 -0.000048621 -0.000014709 -0.000215527 0.000048613 0.999999881 -0.000500231 -0.000160331 0.000014734 0.000500230 0.999999881 0.000265977
1.000000000 -0.000081442 0.000020890 -0.000236732 0.000081450 0.999999940 -0.000382774 -0.000502767 -0.000020859 0.000382776 0.999999940 -0.001135865
1.000000000 -0.000022243 -0.000063455 -0.000151831 0.000022237 1.000000000 -0.000089023 -0.000886561 0.000063457 0.000089021 1.000000000 -0.000351711
1.000000000 0.000102469 -0.000090376 -0.000007212 -0.000102537 0.999999702 -0.000755658 -0.000557498 0.000090299 0.000755667 0.999999702 0.000022049
0.999999940 -0.000195452 -0.000181414 -0.000054424 0.000195219 0.999999166 -0.001288254 -0.000826368 0.000181666 0.001288219 0.999999166 -0.000071363
0.999999940 -0.000093003 -0.000255851 0.000045892 0.000092606 0.999998808 -0.001553346 -0.000966957 0.000255995 0.001553322 0.999998748 -0.000099972
0.999999881 -0.000339055 -0.000271094 -0.000054778 0.000338750 0.999999285 -0.001123908 -0.000917513 0.000271475 0.001123816 0.999999344 0.000052404
1.000000000 -0.000006008 -0.000069057 0.000020973 0.000005917 0.999999106 -0.001324183 -0.000854295 0.000069065 0.001324182 0.999999106 0.000188279
0.999999762 -0.000642732 -0.000239654 0.000080795 0.000642272 0.999997973 -0.001914922 -0.000986616 0.000240884 0.001914768 0.999998152 -0.000217743
0.999999702 -0.000720792 -0.000284156 -0.000031492 0.000719932 0.999995172 -0.003016075 -0.001441953 0.000286329 0.003015870 0.999995410 -0.000465298
1.000000000 -0.000173062 -0.000075000 -0.000140617 0.000172857 0.999996305 -0.002712822 -0.001444848 0.000075470 0.002712809 0.999996305 -0.000900268
0.999998987 -0.001344983 -0.000431719 -0.000331888 0.001344138 0.999997199 -0.001950485 -0.001866461 0.000434341 0.001949903 0.999998033 -0.001407714
0.999999046 -0.001380487 -0.000087797 -0.000289626 0.001380195 0.999993801 -0.003240963 -0.002046297 0.000092270 0.003240839 0.999994755 -0.000970186
0.999998868 -0.001448996 -0.000441866 -0.000304716 0.001447573 0.999993801 -0.003202568 -0.002343366 0.000446504 0.003201925 0.999994755 -0.001442599
0.999998569 -0.001578879 -0.000603911 -0.000212244 0.001576670 0.999992132 -0.003639837 -0.003180990 0.000609653 0.003638880 0.999993205 -0.001808143
0.999998152 -0.001358506 -0.001356882 0.000056996 0.001355466 0.999996603 -0.002239311 -0.002964264 0.001359919 0.002237468 0.999996543 -0.000912912
0.999998093 -0.001698670 -0.000941454 0.000200321 0.001699630 0.999998033 0.001020148 -0.002403068 0.000939719 -0.001021746 0.999999046 -0.001541598
0.999997437 -0.002093829 -0.000883037 0.000800848 0.002097257 0.999990225 0.003899131 -0.002481222 0.000874864 -0.003900972 0.999992013 -0.000828605
0.999997973 -0.002022860 0.000047851 0.001185344 0.002022515 0.999977767 0.006354046 -0.002375521 -0.000060703 -0.006353936 0.999979794 -0.001843011
0.999993622 -0.003572274 0.000129445 0.001676457 0.003570528 0.999926031 0.011627313 -0.002090684 -0.000170972 -0.011626776 0.999932408 -0.002490155
0.999994099 -0.003162439 0.001329154 0.002681726 0.003128797 0.999692619 0.024593655 -0.002000311 -0.001406522 -0.024589352 0.999696672 -0.004295606
0.999992251 -0.002539357 0.003006130 0.003933487 0.002424654 0.999291301 0.037563942 -0.003193485 -0.003099388 -0.037556365 0.999289691 -0.005489511
0.999974608 0.001015068 0.007052716 0.005278199 -0.001373284 0.998699069 0.050973583 -0.004728399 -0.006991799 -0.050981972 0.998675108 -0.007295714
0.999885499 0.009430200 0.011834053 0.007795113 -0.010121183 0.998161674 0.059756491 -0.010123842 -0.011248782 -0.059869427 0.998142838 -0.010001938
0.999697626 0.018016219 0.016735952 0.009705221 -0.019158725 0.997304976 0.070821635 -0.017566159 -0.015414911 -0.071120866 0.997348607 -0.013132621
0.999452293 0.025094401 0.021573545 0.010281012 -0.026672196 0.996731102 0.076260880 -0.028780866 -0.019589303 -0.076794520 0.996854484 -0.015215715
0.998974323 0.036511660 0.026780853 0.012556400 -0.038587734 0.995917141 0.081609294 -0.044706736 -0.023691820 -0.082559004 0.996304512 -0.019310834
0.998188853 0.050694868 0.032388229 0.012786412 -0.053198196 0.995229304 0.081783757 -0.066517562 -0.028087700 -0.083358631 0.996123672 -0.021161566
0.997204304 0.064186245 0.038258057 0.011758696 -0.066865027 0.995056629 0.073426366 -0.092743717 -0.033355970 -0.075779215 0.996566534 -0.022245621
0.996146023 0.076891117 0.042200759 0.009202818 -0.079422332 0.994911134 0.061999131 -0.122854531 -0.037218824 -0.065111868 0.997183621 -0.024251783
0.996247470 0.075336277 0.042607263 0.004315558 -0.077438876 0.995739460 0.050061643 -0.152124107 -0.038654275 -0.053173244 0.997836888 -0.024430797
0.996974885 0.066655673 0.039975762 -0.002650553 -0.068307362 0.996801615 0.041481156 -0.186722100 -0.037082948 -0.044086311 0.998339236 -0.025391800
0.997796714 0.055785976 0.035911284 -0.007061518 -0.056981243 0.997824132 0.033167914 -0.220551476 -0.033982843 -0.035141103 0.998804390 -0.027907018
0.998424649 0.045335915 0.033058766 -0.016776580 -0.046250906 0.998552382 0.027458973 -0.249819025 -0.031766031 -0.028944712 0.999076128 -0.026409855
0.998877823 0.036348548 0.030362034 -0.027541388 -0.037028272 0.999069095 0.022133349 -0.274578720 -0.029529253 -0.023232764 0.999293864 -0.023084296
0.999229431 0.027540324 0.027965987 -0.037739351 -0.028085208 0.999419570 0.019281596 -0.293957412 -0.027418735 -0.020052169 0.999422908 -0.020337697
0.999430239 0.020925766 0.026481686 -0.050334644 -0.021416495 0.999601603 0.018384991 -0.309219450 -0.026086414 -0.018941661 0.999480247 -0.011974417
0.999585271 0.014650133 0.024793431 -0.062638797 -0.015088002 0.999731839 0.017566737 -0.319193035 -0.024529427 -0.017933533 0.999538243 -0.003678686
0.999695003 0.008415273 0.023218011 -0.074832089 -0.008682157 0.999897122 0.011417940 -0.324884713 -0.023119537 -0.011616040 0.999665201 0.006354265
0.999766707 0.002368546 0.021468272 -0.087517634 -0.002274405 0.999987721 -0.004408475 -0.328110754 -0.021478450 0.004358619 0.999759793 0.016773405
0.999818325 -0.004239615 0.018583039 -0.096133240 0.004712046 0.999664903 -0.025453094 -0.330497026 -0.018468900 0.025536034 0.999503255 0.022867164
0.999800920 -0.004659982 0.019399839 -0.108400092 0.005506587 0.999024391 -0.043817621 -0.335119069 -0.019176723 0.043915723 0.998851180 0.031971343
0.999790430 -0.002176050 0.020357054 -0.120506316 0.003134945 0.998880982 -0.047191136 -0.338294685 -0.020231582 0.047245063 0.998678446 0.039367415
0.999773204 0.000583527 0.021288745 -0.132623389 0.000238911 0.999254346 -0.038609535 -0.340424418 -0.021295402 0.038605861 0.999027550 0.044943023
0.999744833 0.004352318 0.022166936 -0.144926175 -0.003766230 0.999644041 -0.026413195 -0.342223704 -0.022274004 0.026322968 0.999405324 0.048827093
0.999722302 0.006226126 0.022727598 -0.157437801 -0.005925617 0.999894440 -0.013265693 -0.344851881 -0.022807792 0.013127333 0.999653697 0.051370930
0.999673545 0.008818604 0.023980035 -0.169423491 -0.008773763 0.999959588 -0.001974518 -0.348825604 -0.023996478 0.001763479 0.999710500 0.051665939
0.999656796 0.009566278 0.024388544 -0.182489887 -0.009707686 0.999936700 0.005686325 -0.353147030 -0.024332605 -0.005921130 0.999686360 0.052889019
0.999607027 0.012246220 0.025214821 -0.195292026 -0.012533206 0.999858081 0.011255165 -0.358045995 -0.025073409 -0.011566765 0.999618709 0.052646339
0.999521434 0.013955003 0.027607430 -0.215187311 -0.014382049 0.999779046 0.015330913 -0.366029739 -0.027387388 -0.015720626 0.999501288 0.048774224
0.999477327 0.016639190 0.027716367 -0.228617147 -0.017147297 0.999687374 0.018196732 -0.372771859 -0.027404921 -0.018662483 0.999450207 0.048201360
0.999488652 0.016233686 0.027547471 -0.242342368 -0.016707405 0.999714971 0.017054375 -0.380937010 -0.027262762 -0.017505903 0.999475002 0.047379270
0.999548376 0.014586314 0.026274266 -0.256231576 -0.015069411 0.999719262 0.018283537 -0.389852673 -0.026000200 -0.018671216 0.999487579 0.046125524
0.999576390 0.014043332 0.025490893 -0.270342112 -0.014466434 0.999759376 0.016490316 -0.399236441 -0.025253179 -0.016852094 0.999539018 0.044596493
0.999616802 0.012644233 0.024625154 -0.284949750 -0.012952661 0.999839127 0.012405948 -0.405641466 -0.024464330 -0.012720156 0.999619782 0.043860462
0.999636769 0.012815224 0.023708798 -0.298805863 -0.012709489 0.999908626 -0.004605027 -0.408509314 -0.023765646 0.004302028 0.999708295 0.044043072
0.999666333 0.012511415 0.022597430 -0.313685745 -0.011410989 0.998773158 -0.048186250 -0.410740137 -0.023172585 0.047912315 0.998582721 0.045425132
0.999749005 0.009164803 0.020442454 -0.328357786 -0.006915051 0.994178057 -0.107527696 -0.409957767 -0.021308908 0.107359342 0.993991911 0.046259902
0.999848962 0.004380223 0.016820027 -0.343739837 -0.001511423 0.985969543 -0.166918457 -0.405710608 -0.017315174 0.166867822 0.985827208 0.043406162
0.999877334 0.001034833 0.015626615 -0.361322403 0.002289701 0.977432430 -0.211235777 -0.407647610 -0.015492555 0.211245641 0.977310240 0.035238538
0.999914110 -0.002211627 0.012917503 -0.376190752 0.005223019 0.971247971 -0.238012925 -0.397737771 -0.012019702 0.238059953 0.971176088 0.023205305
0.999888361 0.004360327 0.014293633 -0.390502095 -0.000680454 0.968777895 -0.247929335 -0.385877430 -0.014928410 0.247891933 0.968672693 0.004836065
0.999902129 0.003190331 0.013623773 -0.404892564 0.000308246 0.968401134 -0.249397606 -0.373389870 -0.013988937 0.249377400 0.968305349 -0.021270892
0.999890506 0.004903886 0.013962832 -0.419576228 -0.001278192 0.968593299 -0.248647213 -0.360110968 -0.014743644 0.248602122 0.968493462 -0.054479115
0.999894142 0.005496786 0.013473534 -0.433957964 -0.002016467 0.969316959 -0.245805964 -0.347126305 -0.014411268 0.245752767 0.969225407 -0.093787827
0.999868512 0.007091638 0.014582874 -0.448603302 -0.003376617 0.970641792 -0.240505949 -0.334087461 -0.015860328 0.240425095 0.970538139 -0.140232652
0.999841094 0.008698004 0.015562130 -0.463114113 -0.004918054 0.973603964 -0.228191078 -0.320135146 -0.017136158 0.228078276 0.973491967 -0.192487970
0.999804258 0.010058185 0.017037814 -0.478575140 -0.006396076 0.979211450 -0.202741221 -0.305212229 -0.018722830 0.202592567 0.979084134 -0.251826763
0.999780536 0.010241485 0.018275719 -0.492254287 -0.007116341 0.986513138 -0.163527369 -0.289606452 -0.019703999 0.163361430 0.986369491 -0.319751501
0.999756992 0.010419363 0.019427311 -0.506500542 -0.008127287 0.993385792 -0.114536412 -0.272845507 -0.020492211 0.114350684 0.993229091 -0.389422119
0.999719858 0.011544809 0.020661656 -0.521290958 -0.010102231 0.997592330 -0.068610795 -0.256250620 -0.021404009 0.068382852 0.997429550 -0.462685555
0.999678135 0.012314980 0.022180023 -0.536263287 -0.011608000 0.999429166 -0.031726107 -0.241122603 -0.022558069 0.031458430 0.999250472 -0.537751675
0.999597073 0.014278575 0.024532452 -0.551108778 -0.014183967 0.999891281 -0.004026159 -0.226738021 -0.024587274 0.003676569 0.999690950 -0.614502668
0.999539435 0.015486024 0.026097311 -0.565716147 -0.015874732 0.999765158 0.014753816 -0.213868126 -0.025862703 -0.015161308 0.999550521 -0.690572739
0.999405622 0.018428236 0.029134624 -0.580793500 -0.019187227 0.999478042 0.025989890 -0.198930740 -0.028640468 -0.026533455 0.999237537 -0.767380834
0.999361753 0.017358067 0.031221911 -0.596811116 -0.018355111 0.999321342 0.031936243 -0.183968976 -0.030646373 -0.032488942 0.999002159 -0.840890408
0.999288559 0.017371699 0.033476159 -0.615384638 -0.018714990 0.999014735 0.040240351 -0.167056382 -0.032744132 -0.040838230 0.998629093 -0.914478600
0.999235570 0.016693097 0.035350133 -0.631777406 -0.018374372 0.998688757 0.047782481 -0.147869498 -0.034506146 -0.048395492 0.998232067 -0.984381437
0.999154806 0.016547753 0.037627622 -0.648454070 -0.018554220 0.998389244 0.053615887 -0.126343280 -0.036679789 -0.054268721 0.997852445 -1.052008152
0.999025047 0.018157985 0.040240321 -0.665123165 -0.020421151 0.998190165 0.056563161 -0.101814777 -0.039140422 -0.057329766 0.997587740 -1.117312908
0.998991251 0.016142929 0.041902848 -0.682586610 -0.018726831 0.997899055 0.062022690 -0.076032847 -0.040813580 -0.062744834 0.997194707 -1.180142999
0.998923540 0.016128002 0.043492787 -0.700442255 -0.019187210 0.997301400 0.070864134 -0.048389915 -0.042232521 -0.071622364 0.996537328 -1.241656542
0.998850882 0.016327983 0.045058448 -0.718679368 -0.020144729 0.996126175 0.085596591 -0.018596252 -0.043486279 -0.086405918 0.995310485 -1.300660729
0.998750508 0.016202174 0.047274388 -0.732227802 -0.021220345 0.993961453 0.107658640 0.010399567 -0.045244612 -0.108527303 0.993063331 -1.342258692
0.998723149 0.015862525 0.047962748 -0.750982106 -0.022203460 0.990636110 0.134711266 0.038135462 -0.045376770 -0.135604203 0.989723444 -1.396802068
0.998633325 0.018183341 0.048998233 -0.769185960 -0.025985306 0.986178875 0.163633779 0.064480811 -0.045345616 -0.164683387 0.985303581 -1.447260499
0.998549819 0.018694345 0.050485790 -0.788957238 -0.027888227 0.981761336 0.188060835 0.088119105 -0.046049327 -0.189196065 0.980858982 -1.495339394
0.998570561 0.018396676 0.050183091 -0.808344424 -0.028649233 0.976855874 0.211971402 0.108807907 -0.045122076 -0.213106126 0.975986540 -1.537765145
0.998604596 0.019384017 0.049123555 -0.829066753 -0.030301714 0.972153664 0.232377082 0.126593530 -0.043251239 -0.233541340 0.971384466 -1.575976729
0.998533249 0.021723045 0.049593527 -0.850375295 -0.033390053 0.968126416 0.248226464 0.141159996 -0.042620566 -0.249518305 0.967431724 -1.608935714
0.998571575 0.023035387 0.048210312 -0.872445345 -0.034660064 0.965959132 0.256362408 0.151905298 -0.040663783 -0.257667154 0.965377688 -1.636101961
0.998635411 0.023373609 0.046701115 -0.894658983 -0.034718405 0.965160191 0.259346098 0.159379706 -0.039012205 -0.260613590 0.964654684 -1.656336904
0.998763502 0.022348417 0.044407956 -0.914858997 -0.032881178 0.966931403 0.252908111 0.160988674 -0.037287347 -0.254055560 0.966470599 -1.670621514
0.998750806 0.025318552 0.043078862 -0.937924504 -0.034969602 0.969978750 0.240662426 0.160823733 -0.035692357 -0.241868258 0.969652414 -1.679238915
0.998795033 0.025020795 0.042218614 -0.961700916 -0.034029879 0.972962141 0.228444025 0.157521456 -0.035361264 -0.229605451 0.972641230 -1.682591438
0.999037325 0.018441392 0.039803207 -0.986144185 -0.026655504 0.975824416 0.216924384 0.151007548 -0.034840554 -0.217776522 0.975376606 -1.680680394
0.999328017 0.007371021 0.035904471 -1.010765314 -0.014781415 0.977428377 0.210749209 0.142008260 -0.033540610 -0.211138308 0.976880550 -1.674283981
0.999459207 -0.004511833 0.032571413 -1.034869552 -0.002160476 0.979391158 0.201961085 0.130270749 -0.032811366 -0.201922253 0.978851795 -1.662722588
0.999461472 -0.015825532 0.028745653 -1.057774067 0.009886685 0.980539739 0.196071520 0.116847619 -0.031289190 -0.195681736 0.980168164 -1.645771742
0.999390244 -0.025471171 0.023883119 -1.081427336 0.020373946 0.980878651 0.193551093 0.102280751 -0.028356414 -0.192946464 0.980799437 -1.626168251
0.999243855 -0.033410747 0.019885868 -1.103598237 0.029039899 0.981416702 0.189678594 0.085691050 -0.025853626 -0.188957676 0.981644809 -1.604408383
0.999027193 -0.041156154 0.015836872 -1.124969244 0.037528668 0.982067525 0.184756517 0.068167113 -0.023156747 -0.183982462 0.982656717 -1.576940894
0.998720884 -0.049335923 0.011071459 -1.145115852 0.046438131 0.981611073 0.185157090 0.049770452 -0.020002764 -0.184406102 0.982646585 -1.545545936
0.998280287 -0.058143012 0.007474272 -1.163679719 0.055787146 0.981426477 0.183547840 0.029534012 -0.018007472 -0.182815209 0.982982337 -1.510159135
0.997864366 -0.065160125 0.004570394 -1.180411935 0.063331217 0.982243240 0.176599368 0.007518510 -0.015996475 -0.175932780 0.984272182 -1.470645070
0.997722149 -0.067348212 0.003840323 -1.194499373 0.065736935 0.983471990 0.168705240 -0.015832424 -0.015138844 -0.168068513 0.985659063 -1.428473830
0.997616291 -0.068767138 0.005724297 -1.206765890 0.067117803 0.986256599 0.150974035 -0.040788379 -0.016027678 -0.150229961 0.988521159 -1.383181334
0.997860551 -0.064962626 0.007363172 -1.217356086 0.063443139 0.989360154 0.130925342 -0.067281947 -0.015790081 -0.130178079 0.991364896 -1.334358692
0.998049676 -0.061688665 0.009558775 -1.225937963 0.060319412 0.992447734 0.106813446 -0.094829500 -0.016075762 -0.106028542 0.994233131 -1.283078194
0.998145759 -0.059732243 0.011711080 -1.233097553 0.058448561 0.994261503 0.089597985 -0.122709721 -0.016995763 -0.088747352 0.995909154 -1.230200529
0.998332322 -0.056506831 0.011811824 -1.238736033 0.055421311 0.995424449 0.077836998 -0.150535807 -0.016156100 -0.077052571 0.996896148 -1.176289320
0.998365402 -0.055823859 0.012258197 -1.242791772 0.054845918 0.996088505 0.069279239 -0.179560497 -0.016077682 -0.068493679 0.997521996 -1.121663094
0.998292923 -0.057377707 0.010912161 -1.245672584 0.056536067 0.996212721 0.066059314 -0.209431589 -0.014661167 -0.065329619 0.997756004 -1.065520525
0.998185277 -0.059497636 0.009283349 -1.247280002 0.058778647 0.996185601 0.064492777 -0.239310041 -0.013085106 -0.063830078 0.997874975 -1.009269118
0.998084843 -0.061164487 0.009248973 -1.247500896 0.060463611 0.996178567 0.063027017 -0.269565493 -0.013068643 -0.062347081 0.997968972 -0.951404274
0.997806847 -0.065686181 0.008171776 -1.245895743 0.065052241 0.995932639 0.062340938 -0.297545642 -0.012233477 -0.061672620 0.998021483 -0.895223379
0.997763932 -0.066338927 0.008142116 -1.242663503 0.065723479 0.995979130 0.060876835 -0.324450999 -0.012147881 -0.060205583 0.998112082 -0.835808456
0.997935236 -0.063603424 0.008935309 -1.238088489 0.062948771 0.996175826 0.060590204 -0.346504033 -0.012754883 -0.059902634 0.998122752 -0.774885237
0.998199761 -0.059120543 0.010100807 -1.232332706 0.058422655 0.996533990 0.059218042 -0.363823116 -0.013566800 -0.058521315 0.998193979 -0.711803854
0.998443663 -0.054579064 0.011460193 -1.225160480 0.053852357 0.996962786 0.056259718 -0.377407372 -0.014495988 -0.055555005 0.998350382 -0.646560967
0.998712003 -0.048587918 0.014614337 -1.216686964 0.047774374 0.997522354 0.051640715 -0.388114780 -0.017087243 -0.050876010 0.998558819 -0.580809772
0.998948693 -0.042583093 0.016976278 -1.207614064 0.041690968 0.997887015 0.049833167 -0.397278905 -0.019062459 -0.049073022 0.998613298 -0.513129056
0.999113262 -0.037523735 0.019094942 -1.197405696 0.036635909 0.998319745 0.044894699 -0.405678362 -0.020747473 -0.044155333 0.998809218 -0.445551008
0.999212205 -0.033924457 0.020594293 -1.186021924 0.033043239 0.998582840 0.041718934 -0.413870424 -0.021980399 -0.041005563 0.998917103 -0.378289670
0.999324501 -0.030602526 0.020346791 -1.175620198 0.029790096 0.998791158 0.039099924 -0.424061328 -0.021518752 -0.038467377 0.999028146 -0.310478240
0.999337614 -0.031147031 0.018820543 -1.162769318 0.030395640 0.998777926 0.038971271 -0.434079826 -0.020011380 -0.038373392 0.999063075 -0.243341029
0.999377310 -0.030228088 0.018200785 -1.149373412 0.029575763 0.998946011 0.035101779 -0.444971949 -0.019242663 -0.034541622 0.999217987 -0.176137403
0.999468923 -0.027637281 0.017264726 -1.135832310 0.027133778 0.999218345 0.028747162 -0.457059205 -0.018045725 -0.028263437 0.999437630 -0.110138930
0.999545395 -0.024772881 0.017186010 -1.121526361 0.024458418 0.999533832 0.018272687 -0.469710827 -0.017630665 -0.017844036 0.999685347 -0.044594891
0.999605179 -0.022384826 0.016983340 -1.106759667 0.022280749 0.999731958 0.006292841 -0.483439893 -0.017119652 -0.005911955 0.999835968 0.019918360
0.999653578 -0.021080852 0.015759325 -1.092709303 0.021175500 0.999758601 -0.005863269 -0.497661680 -0.015631916 0.006194950 0.999858618 0.082807712
0.999717116 -0.017849131 0.015720645 -1.079879045 0.017992957 0.999797106 -0.009055522 -0.515330851 -0.015555822 0.009335821 0.999835432 0.153251067
0.999770582 -0.014973181 0.015317726 -1.064544916 0.015079775 0.999862731 -0.006867120 -0.529286981 -0.015212801 0.007096533 0.999859095 0.214534730
0.999800861 -0.014222658 0.013999510 -1.049000978 0.014232158 0.999898553 -0.000579107 -0.543131411 -0.013989854 0.000778235 0.999901831 0.273899078
0.999820292 -0.012608008 0.014157115 -1.033267021 0.012565984 0.999916375 0.003053330 -0.558025479 -0.014194428 -0.002874883 0.999895096 0.333743781
0.999837279 -0.012166228 0.013317960 -1.017620564 0.012153849 0.999925613 0.001010069 -0.571395218 -0.013329259 -0.000848040 0.999910831 0.391734630
0.999852598 -0.010381314 0.013675467 -1.002240539 0.010432757 0.999938726 -0.003695719 -0.583185196 -0.013636262 0.003837847 0.999899685 0.449043065
0.999846518 -0.010600854 0.013946765 -0.986652553 0.010744372 0.999889672 -0.010256060 -0.593026519 -0.013836504 0.010404336 0.999850154 0.505965233
0.999835730 -0.009289686 0.015562142 -0.969006419 0.009481139 0.999879718 -0.012274243 -0.603852689 -0.015446247 0.012419773 0.999803543 0.572664678
0.999748230 -0.010438504 0.019862147 -0.952911973 0.010755371 0.999815524 -0.015913986 -0.608704925 -0.019692363 0.016123604 0.999676049 0.628498614
0.999532878 -0.013624501 0.027357897 -0.936570168 0.014017497 0.999800563 -0.014224977 -0.612150192 -0.027158631 0.014601822 0.999524474 0.682926357
0.999142349 -0.020091549 0.036205869 -0.920072973 0.020590194 0.999697506 -0.013452618 -0.616170406 -0.035924632 0.014186566 0.999253809 0.736178756
0.998547256 -0.021277159 0.049504694 -0.903030932 0.021918293 0.999682307 -0.012444272 -0.621119916 -0.049224187 0.013511251 0.998696387 0.787837088
0.997582138 -0.020712489 0.066339403 -0.885629654 0.022077264 0.999558091 -0.019905942 -0.627305627 -0.065897778 0.021322405 0.997598529 0.837660789
0.996114969 -0.025001151 0.084438451 -0.867985189 0.027024793 0.999372244 -0.022908352 -0.633347213 -0.083812706 0.025101285 0.996165335 0.885981321
0.993927836 -0.030598724 0.105693743 -0.845440507 0.033739187 0.999036849 -0.028053340 -0.643349469 -0.104733557 0.031449016 0.994002938 0.945532858
0.990695477 -0.036368802 0.131148085 -0.826591313 0.040656485 0.998717725 -0.030164573 -0.651641250 -0.129882857 0.035215925 0.990903795 0.992625654
0.986046433 -0.041368481 0.161248431 -0.808096826 0.046814416 0.998449385 -0.030120300 -0.658821702 -0.159752354 0.037248764 0.986454129 1.035693169
0.979912519 -0.052401450 0.192420095 -0.789919496 0.058760453 0.997893631 -0.027486920 -0.666914046 -0.190574437 0.038241468 0.980927587 1.076053143
0.971888959 -0.057536919 0.228301018 -0.771221459 0.063923888 0.997740626 -0.020674458 -0.674217701 -0.226595640 0.034687161 0.973371089 1.115437508
0.961610854 -0.066090994 0.266339213 -0.753388762 0.072793834 0.997228682 -0.015362004 -0.680938542 -0.264585823 0.034160122 0.963756919 1.152490973
0.948756576 -0.072662167 0.307540447 -0.735422790 0.080008112 0.996729851 -0.011327518 -0.688498318 -0.305711657 0.035352789 0.951467574 1.187881947
0.934448600 -0.082763001 0.346346855 -0.718451023 0.091691345 0.995742738 -0.009441935 -0.696588695 -0.344090939 0.040580012 0.938059032 1.221971393
0.917806268 -0.089033656 0.386916876 -0.701088309 0.100501128 0.994891942 -0.009463795 -0.705642641 -0.384097874 0.047571514 0.922066033 1.256331563
0.898723841 -0.092545435 0.428638309 -0.677476704 0.110174224 0.993776321 -0.016439855 -0.720074832 -0.424449176 0.061999775 0.903326631 1.301245570
0.878354490 -0.095431544 0.468386859 -0.663062215 0.119183563 0.992644668 -0.021255512 -0.729159713 -0.462913305 0.074493885 0.883267760 1.329857230
0.855774105 -0.099823959 0.507627666 -0.650372028 0.130591825 0.991114497 -0.025254983 -0.738021970 -0.500596106 0.087904572 0.861206353 1.355315804
0.831081867 -0.110889696 0.544982970 -0.639627695 0.149911880 0.988316417 -0.027514502 -0.748279750 -0.535564601 0.104566231 0.837995529 1.377625704
0.805281997 -0.132874668 0.577810764 -0.630969763 0.181103349 0.983111799 -0.026321098 -0.759568214 -0.564555168 0.125839368 0.815746248 1.397268414
0.777595997 -0.157214716 0.608792245 -0.623671770 0.209567621 0.977675974 -0.015200417 -0.771292210 -0.592811882 0.139402926 0.793184042 1.416166663
0.747015953 -0.187554851 0.637801170 -0.617722690 0.240792140 0.970570803 0.003386132 -0.782648325 -0.619666338 0.151048005 0.770193636 1.431895733
0.714928091 -0.215601698 0.665126860 -0.608900189 0.266312480 0.963533938 0.026078127 -0.794152379 -0.646494806 0.158487588 0.746274829 1.451668859
0.682452083 -0.241947189 0.689725041 -0.604461551 0.289238185 0.955993891 0.049162809 -0.803729117 -0.671267748 0.165943593 0.722400427 1.459049344
0.648090780 -0.269085884 0.712440372 -0.599049330 0.313589394 0.946799397 0.072337210 -0.812417746 -0.694002986 0.176532611 0.697994351 1.470366359
0.613097072 -0.296175629 0.732387900 -0.593504369 0.338151306 0.936230063 0.095535375 -0.821668446 -0.713978767 0.189085484 0.674152017 1.472556949
0.577935457 -0.320161194 0.750657976 -0.586642683 0.360888332 0.925268173 0.116783909 -0.830850422 -0.731949627 0.203410149 0.650287688 1.472252607
0.541659236 -0.346380115 0.765915215 -0.578067183 0.382063329 0.913048625 0.142722994 -0.838579535 -0.748754203 0.215320855 0.626900375 1.469539046
0.504356742 -0.374156475 0.778223097 -0.569078803 0.399666071 0.900050938 0.173710570 -0.845615566 -0.765435398 0.223417297 0.603484392 1.463296056
0.468806505 -0.399685472 0.787700474 -0.557875574 0.407554358 0.889047861 0.208550572 -0.850642264 -0.783658087 0.223260850 0.579684973 1.454424977
0.438397586 -0.425069213 0.791911483 -0.544217408 0.401286304 0.880969644 0.250722647 -0.852662981 -0.804224491 0.207866982 0.556789398 1.443770766
0.413978994 -0.446011633 0.793533325 -0.527918935 0.377538770 0.877354264 0.296165407 -0.851621211 -0.828303099 0.176983267 0.531592965 1.431395531
0.395756721 -0.453997046 0.798287690 -0.508525133 0.341654986 0.879649460 0.330890745 -0.847315192 -0.852436721 0.141786754 0.503237605 1.423573375
0.383117378 -0.451860011 0.805632472 -0.477208257 0.300150394 0.885749221 0.354059458 -0.847110569 -0.873573661 0.106164560 0.474971831 1.417805791
0.373808444 -0.435541451 0.818883955 -0.449120045 0.255040824 0.897121489 0.360731453 -0.842176914 -0.891751945 0.074004352 0.446432471 1.407556534
0.367297292 -0.404661864 0.837461472 -0.417927980 0.208613187 0.913297594 0.349811554 -0.838157535 -0.906406879 0.046220616 0.419869483 1.398425221
0.362130225 -0.363732666 0.858230770 -0.384894967 0.165276438 0.931189418 0.324915409 -0.836038113 -0.917357743 0.024183676 0.397328258 1.393807292
0.357072115 -0.327006161 0.874966681 -0.351642609 0.135894418 0.944938183 0.297698796 -0.837061048 -0.924138725 0.012603104 0.381849408 1.390933037
0.353119433 -0.303156555 0.885100484 -0.309001327 0.129603922 0.952775717 0.274629354 -0.844890177 -0.926557899 0.017735496 0.375733912 1.395529747
0.350552917 -0.289153576 0.890787840 -0.274598837 0.141800553 0.956566334 0.254702628 -0.849630594 -0.925745845 0.037027448 0.376329243 1.402373552
0.350464940 -0.281030178 0.893418491 -0.240871191 0.159620583 0.957886457 0.238693982 -0.855961800 -0.922873676 0.058954060 0.380563855 1.412930131
0.351501226 -0.276480317 0.894430280 -0.207587600 0.175112337 0.957951546 0.227298379 -0.863117337 -0.919664383 0.076730102 0.385136247 1.426602364
0.353051424 -0.280612797 0.892530680 -0.174547195 0.190722972 0.955516577 0.224972814 -0.871020436 -0.915958166 0.090799153 0.390865803 1.442370653
0.355813265 -0.284661740 0.890148699 -0.143294454 0.200796008 0.953523159 0.224665478 -0.878568292 -0.912731111 0.098799303 0.396435142 1.460030556
0.358937502 -0.289754748 0.887246370 -0.111986995 0.207272962 0.951601624 0.226918980 -0.887230158 -0.910055995 0.102452442 0.401623845 1.479572773
0.360889316 -0.292312980 0.885613978 -0.080414772 0.209031686 0.950802505 0.228648871 -0.896835744 -0.908881009 0.102604441 0.404237151 1.501212478
0.364215374 -0.292245030 0.884273887 -0.049910545 0.206810266 0.951162755 0.229170084 -0.908195674 -0.908062220 0.099409580 0.406867325 1.523515940
0.363444149 -0.291409612 0.884866536 -0.015931129 0.202698186 0.951799631 0.230197549 -0.928803384 -0.909297407 0.095696896 0.404994190 1.546276093
0.358844459 -0.291340500 0.886764646 0.014600873 0.198084727 0.952169597 0.232670486 -0.940793633 -0.912136674 0.092161961 0.399390876 1.569819927
0.349778175 -0.289202780 0.891076267 0.043599248 0.188853160 0.953398705 0.235298425 -0.954116762 -0.917599976 0.085980318 0.388094902 1.593803883
0.335724831 -0.285787493 0.897560358 0.073680282 0.178418323 0.954908431 0.237311572 -0.967918277 -0.924908638 0.080469795 0.371576190 1.619456053
0.315868437 -0.279954404 0.906560957 0.103771687 0.165708035 0.957070827 0.237815529 -0.982464433 -0.934220612 0.075105987 0.348699152 1.646699190
0.292739511 -0.264561772 0.918863893 0.133241773 0.156120867 0.961290538 0.227039069 -1.000265837 -0.943361044 0.076990485 0.322711349 1.676304340
0.265750885 -0.242072895 0.933154464 0.161563039 0.157372221 0.965869665 0.205741987 -1.022205114 -0.951110125 0.092176452 0.294776320 1.706894398
0.236078501 -0.216793403 0.947242022 0.186874866 0.168881670 0.969114780 0.179709464 -1.043444157 -0.956946135 0.117546290 0.265399575 1.739343166
0.208556652 -0.185435459 0.960269809 0.208813071 0.184724703 0.971656442 0.147514790 -1.067535877 -0.960406780 0.146620303 0.236899912 1.773457646
0.185832977 -0.156165361 0.970092118 0.234557033 0.205707788 0.971594036 0.117001303 -1.101214528 -0.960807264 0.177812785 0.212678611 1.808597803
0.167293906 -0.126954660 0.977699101 0.247709870 0.235632703 0.968083858 0.085387021 -1.127411962 -0.957334936 0.216093093 0.191869199 1.845043063
0.153393984 -0.094673149 0.983619392 0.255502701 0.265576929 0.962726712 0.051245935 -1.154124260 -0.951808274 0.253365844 0.172819495 1.881677866
0.145407379 -0.062848069 0.987373769 0.256777763 0.298738837 0.954188049 0.016741410 -1.180951118 -0.943192422 0.292532563 0.157521129 1.917034388
0.140025496 -0.047051460 0.989029288 0.251138449 0.329799592 0.944049299 -0.001781002 -1.205671310 -0.933608651 0.326430857 0.147708535 1.952376723
0.140289426 -0.070742503 0.987580121 0.239882231 0.363567948 0.931445718 0.015075296 -1.224730849 -0.920943677 0.356937557 0.156391680 1.987919807
0.137452602 -0.122505352 0.982903600 0.221415043 0.382125139 0.922062933 0.061484709 -1.238475323 -0.913831115 0.367140889 0.173552334 2.021133900
0.132615387 -0.182404876 0.974238932 0.181035638 0.404362261 0.907360315 0.114840731 -1.255822301 -0.904933274 0.378715873 0.194087565 2.026251078
0.126302183 -0.249907881 0.959996760 0.154141903 0.412753493 0.893235981 0.178224608 -1.262187600 -0.902043402 0.373731852 0.215968013 2.055829525
0.118936539 -0.321938574 0.939260125 0.124535918 0.418714821 0.874008060 0.246551916 -1.265447259 -0.900295496 0.363958120 0.238751948 2.082120180
0.110744596 -0.395584017 0.911728561 0.094485044 0.419038206 0.850427747 0.318087429 -1.266012192 -0.901189625 0.346822590 0.259945035 2.105084419
0.101590335 -0.463175803 0.880424678 0.066571951 0.415523618 0.823863089 0.385473371 -1.266299605 -0.903891385 0.326676846 0.276157022 2.125244141
0.092039108 -0.516795754 0.851146996 0.044426680 0.410432220 0.798476160 0.440433085 -1.268740177 -0.907234490 0.308800995 0.285600603 2.142681599
0.084871292 -0.560142517 0.824037254 0.026135206 0.398383200 0.777116835 0.487216890 -1.270950079 -0.913284123 0.286931813 0.289106190 2.154608011
0.080832481 -0.593363941 0.800865471 0.014563799 0.378860533 0.761478126 0.525942802 -1.277045846 -0.921917021 0.260903001 0.286354244 2.160156012
0.080550611 -0.605520010 0.791743219 0.014408827 0.348003417 0.761423230 0.546926200 -1.282038450 -0.934026420 0.231474027 0.272056103 2.166136980
0.084932506 -0.592853069 0.800819397 0.024336338 0.310142577 0.779526353 0.544196904 -1.290278792 -0.946888685 0.202148154 0.250076115 2.169468641
0.088255405 -0.546825647 0.832581878 0.044988155 0.276618809 0.816421866 0.506889820 -1.305018663 -0.956918478 0.185572118 0.223315895 2.171625853
0.087805688 -0.473406911 0.876456618 0.073958874 0.251844227 0.861821115 0.440271348 -1.323454142 -0.963776350 0.182072133 0.194897532 2.174016953
0.086251855 -0.384154737 0.919231117 0.106083870 0.238555625 0.903791904 0.355318785 -1.345143914 -0.967291057 0.188640833 0.169595957 2.177588463
0.083385289 -0.284123629 0.955154955 0.141342163 0.237813070 0.936472833 0.257805258 -1.371175766 -0.967725217 0.205651090 0.145656347 2.180195332
0.082531571 -0.190942541 0.978125572 0.172600508 0.243438706 0.955604434 0.166005418 -1.396435142 -0.966398597 0.224412903 0.125350356 2.185958624
0.084772885 -0.111985840 0.990087271 0.199221134 0.254391462 0.963165760 0.087159395 -1.423228264 -0.963378787 0.244480968 0.110138595 2.189347982
