1.000000000 0.000000000 0.000000000 0.000000000 0.000000000 1.000000000 0.000000000 0.000001192 0.000000000 0.000000000 1.000000000 -0.000000477
0.999986827 0.001405042 0.004932697 0.002009058 -0.001421916 0.999993145 0.003419051 -0.001811008 -0.004927860 -0.003426020 0.999981999 -0.000953540
0.999971032 0.001047315 0.007537865 0.004378388 -0.001095918 0.999978602 0.006446593 -0.004668931 -0.007530951 -0.006454667 0.999950826 -0.003362117
0.999941349 0.000272116 0.010828302 0.008181402 -0.000370361 0.999958754 0.009072065 -0.009324182 -0.010825387 -0.009075543 0.999900222 -0.005500081
0.999866128 -0.000309303 0.016360452 0.012540204 0.000130018 0.999939919 0.010958316 -0.015141135 -0.016362859 -0.010954721 0.999806106 -0.007527663
0.999776244 -0.001881319 0.021070056 0.017419623 0.001612275 0.999917030 0.012778730 -0.022621378 -0.021092348 -0.012741900 0.999696314 -0.009496470
0.999646544 -0.001666191 0.026533648 0.022687985 0.001290875 0.999898970 0.014155757 -0.030814148 -0.026554555 -0.014116501 0.999547660 -0.012297900
0.999520242 -0.001149217 0.030950684 0.028229740 0.000633297 0.999860764 0.016673755 -0.039595637 -0.030965537 -0.016646154 0.999381840 -0.014978469
0.999380350 0.000094052 0.035197560 0.033239629 -0.000852320 0.999767840 0.021528799 -0.047877945 -0.035187367 -0.021545459 0.999148488 -0.017394938
0.999252200 0.000851237 0.038656462 0.038545694 -0.001926020 0.999612331 0.027774744 -0.055244334 -0.038617831 -0.027828425 0.998866498 -0.021048814
0.999181449 -0.000108467 0.040452559 0.043644253 -0.001259003 0.999428570 0.033777270 -0.062796757 -0.040433105 -0.033800554 0.998610377 -0.023686562
0.998962879 -0.001456453 0.045508370 0.048083529 -0.000312337 0.999245524 0.038836092 -0.071044430 -0.045530602 -0.038810030 0.998208761 -0.026490794
0.998611510 -0.000792682 0.052672449 0.051645011 -0.001224797 0.999267101 0.038259041 -0.080662504 -0.052664172 -0.038270433 0.997878671 -0.029945645
0.998193920 0.003620017 0.059964508 0.054730441 -0.005721621 0.999373972 0.034912929 -0.092620425 -0.059800580 -0.035192966 0.997589767 -0.033188477
0.997799575 0.005374662 0.066084504 0.057297267 -0.007486522 0.999467790 0.031750977 -0.107403010 -0.065878674 -0.032175854 0.997308731 -0.038068898
0.997569382 0.005465713 0.069465555 0.059606493 -0.007707940 0.999456525 0.032051325 -0.123872556 -0.069252618 -0.032508858 0.997069359 -0.040903848
0.997262955 0.006009116 0.073692128 0.061293364 -0.008873074 0.999215424 0.038598254 -0.142820463 -0.073402375 -0.039146483 0.996533811 -0.045834038
0.996829093 0.007689356 0.079200178 0.063109569 -0.011292099 0.998916745 0.045142144 -0.163214639 -0.078767270 -0.045893341 0.995836079 -0.050421793
0.995978236 0.011557803 0.088846698 0.064987466 -0.015747659 0.998789370 0.046602920 -0.185687885 -0.088200510 -0.047814623 0.994954467 -0.053981420
0.994921148 0.017710518 0.099086806 0.066026971 -0.022047743 0.998838246 0.042849556 -0.209143206 -0.098212808 -0.044816568 0.994155765 -0.059179392
0.994264781 0.018668855 0.105304256 0.066574410 -0.022225091 0.999218106 0.032699239 -0.230662778 -0.104611456 -0.034852099 0.993902326 -0.059744094
0.993364394 0.023921374 0.112494379 0.067029372 -0.026437107 0.999431431 0.020924654 -0.253971606 -0.111929879 -0.023759831 0.993432045 -0.063562818
0.992301524 0.030992612 0.119904980 0.067125216 -0.032423593 0.999424160 0.010001380 -0.275602430 -0.119525969 -0.013812134 0.992734969 -0.066638157
0.991138160 0.038870201 0.127020508 0.067002304 -0.039361730 0.999224126 0.001361001 -0.295011491 -0.126869053 -0.006348687 0.991899133 -0.070808344
0.990476668 0.042564575 0.130935758 0.065940678 -0.042475399 0.999091446 -0.003475097 -0.315440178 -0.130964726 -0.002119545 0.991384745 -0.077123649
0.990036726 0.043708906 0.133853927 0.065413490 -0.043172367 0.999043763 -0.006909638 -0.333675176 -0.134027943 0.001062005 0.990976989 -0.081131324
0.989571989 0.043711957 0.137246475 0.066009440 -0.043074328 0.999042869 -0.007613819 -0.346511275 -0.137447938 0.001622622 0.990507662 -0.085043982
0.989081979 0.042731512 0.141035140 0.067335576 -0.042388197 0.999086440 -0.005438878 -0.355018020 -0.141138703 -0.000598728 0.989989638 -0.087541051
0.988713384 0.038589057 0.144764423 0.069154888 -0.038840432 0.999244809 -0.001090475 -0.355590582 -0.144697189 -0.004544545 0.989465535 -0.087476969
0.988710165 0.034759857 0.145752907 0.072086081 -0.035910577 0.999341130 0.005270581 -0.349409461 -0.145473659 -0.010445147 0.989306986 -0.086188093
0.988871813 0.031317785 0.145436376 0.075189367 -0.033757970 0.999327123 0.014340236 -0.335717380 -0.144889414 -0.019090291 0.989263654 -0.082723260
0.989502847 0.024565827 0.142410100 0.077332236 -0.028603174 0.999242902 0.026372382 -0.315438926 -0.141654432 -0.030168930 0.989456356 -0.076572992
0.990045011 0.016594538 0.139769599 0.079699390 -0.022683507 0.998856544 0.042084482 -0.288429230 -0.138911411 -0.044835996 0.989289343 -0.070313074
0.990139484 0.009069768 0.139791220 0.081580013 -0.018012844 0.997860849 0.062842727 -0.261969775 -0.138922215 -0.064741105 0.988184810 -0.064965963
0.990161359 0.000632897 0.139928654 0.084707648 -0.012779599 0.996219635 0.085924953 -0.234006181 -0.139345303 -0.086867809 0.986426294 -0.059645399
0.990044594 -0.004926494 0.140667722 0.085340984 -0.010589862 0.993947625 0.109343581 -0.203636169 -0.140355036 -0.109744675 0.984000266 -0.055398330
0.990211248 -0.013745062 0.138898268 0.086459480 -0.004834097 0.991165102 0.132545933 -0.175981194 -0.139492974 -0.131919935 0.981396377 -0.049678624
0.990711629 -0.021067649 0.134337693 0.087481961 0.000303364 0.988265038 0.152748480 -0.151864156 -0.135979295 -0.151288942 0.979092062 -0.045677580
0.990919173 -0.025816534 0.131957367 0.088930361 0.003128618 0.985555649 0.169323057 -0.130256951 -0.134422675 -0.167372614 0.976686716 -0.040905382
0.991640985 -0.030148290 0.125456065 0.090134017 0.007217497 0.983757555 0.179357156 -0.113009028 -0.128825665 -0.176952437 0.975751936 -0.038581312
0.992191076 -0.028004739 0.121542379 0.088849619 0.005190589 0.982894301 0.184097454 -0.103026457 -0.124618918 -0.182028994 0.975364327 -0.041869558
0.992450058 -0.022678480 0.120534696 0.089666605 -0.000062834 0.982662320 0.185404286 -0.095808819 -0.122649588 -0.184012070 0.975241840 -0.042341303
0.992649138 -0.014417719 0.120165959 0.090217873 -0.008049387 0.982815862 0.184413135 -0.094248734 -0.120759830 -0.184024811 0.975475252 -0.044078588
0.992782056 -0.006082964 0.119778290 0.090169571 -0.016120669 0.982881546 0.183531955 -0.099346772 -0.118844286 -0.184138134 0.975689054 -0.046930321
0.993058741 -0.000824495 0.117616408 0.089969955 -0.020824540 0.982945144 0.182716236 -0.111218885 -0.115761124 -0.183897272 0.976105094 -0.051294781
0.993348539 0.005207792 0.115028672 0.089167513 -0.026087478 0.983179331 0.180770278 -0.129415184 -0.112152390 -0.182568699 0.976775587 -0.057481814
0.993377328 0.010624282 0.114405319 0.088476129 -0.030648809 0.984139204 0.174730182 -0.152780294 -0.110734373 -0.177079380 0.977947235 -0.063865378
0.993517041 0.011330939 0.113117203 0.088474415 -0.029855821 0.986100018 0.163448453 -0.180157185 -0.109692857 -0.165766031 0.980045438 -0.069901370
0.993411720 0.013301889 0.113825426 0.088168010 -0.030069306 0.988695860 0.146888807 -0.209818929 -0.110584825 -0.149343714 0.982582033 -0.076013684
0.993273854 0.015900373 0.114692107 0.088130385 -0.030406393 0.991581678 0.125861824 -0.240346923 -0.111725345 -0.128502637 0.985395610 -0.081705332
0.993164659 0.019942278 0.115005396 0.088143729 -0.031806778 0.994247854 0.102271728 -0.271772772 -0.112304337 -0.105230622 0.988086164 -0.087535508
0.993077040 0.023666956 0.115056038 0.088401981 -0.032800719 0.996401727 0.078151859 -0.302480966 -0.112792417 -0.081384741 0.990279973 -0.095483720
0.993159235 0.024471482 0.114174932 0.088593997 -0.030818025 0.998056769 0.054156177 -0.333003581 -0.112627789 -0.057304353 0.991983473 -0.101943910
0.993027806 0.025090430 0.115179174 0.089044683 -0.029049359 0.999038935 0.032822829 -0.359838307 -0.114244945 -0.035939861 0.992802322 -0.107977152
0.992940187 0.022565192 0.116450086 0.089725539 -0.024431886 0.999594450 0.014627388 -0.382814497 -0.116072789 -0.017369216 0.993088841 -0.112695806
0.992573798 0.022733860 0.119500615 0.088921309 -0.022774681 0.999740124 -0.001024242 -0.402768433 -0.119492836 -0.001704953 0.992833614 -0.118703023
0.992344201 0.021765532 0.121570013 0.089910887 -0.020619793 0.999730408 -0.010674782 -0.411157638 -0.121769585 0.008086309 0.992525458 -0.119718447
0.991845548 0.022665931 0.125414073 0.091420650 -0.021179518 0.999688923 -0.013172907 -0.410973758 -0.125673622 0.010409280 0.992017031 -0.118330278
0.991814673 0.021874225 0.125797972 0.092904270 -0.020997977 0.999745190 -0.008287489 -0.402507156 -0.125947192 0.005578151 0.992021263 -0.114967108
0.992077470 0.019367984 0.124125510 0.094153620 -0.019729035 0.999803960 0.001680119 -0.386806577 -0.124068633 -0.004115685 0.992265105 -0.109934002
0.992312193 0.018172543 0.122418351 0.095267572 -0.019975830 0.999709070 0.013519229 -0.365435034 -0.122137062 -0.015860705 0.992386520 -0.103487544
0.992504597 0.018279672 0.120832302 0.096425697 -0.021530159 0.999439120 0.025650129 -0.340561122 -0.120295651 -0.028059408 0.992341459 -0.096743606
0.992530882 0.019622559 0.120405346 0.097444795 -0.024289308 0.999004602 0.037414134 -0.313806415 -0.119551331 -0.040059246 0.992019534 -0.089989550
0.993003130 0.017662542 0.116759486 0.097627245 -0.023573050 0.998499095 0.049435645 -0.286325753 -0.115711085 -0.051842131 0.991929114 -0.083703190
0.993646204 0.015272513 0.111507833 0.098668389 -0.022774819 0.997538447 0.066319942 -0.254882574 -0.110220477 -0.068438128 0.991548121 -0.075193711
0.993952632 0.009288944 0.109416254 0.095210001 -0.018758457 0.996132553 0.085837327 -0.230347499 -0.108195759 -0.087370716 0.990282834 -0.071351722
0.994373143 0.003220642 0.105885446 0.093704507 -0.014642268 0.994122267 0.107268453 -0.202208310 -0.104917601 -0.108215272 0.988575637 -0.065534540
0.994672716 -0.003809316 0.103013068 0.091544516 -0.009281721 0.991948187 0.126303583 -0.175321504 -0.102664754 -0.126586854 0.986628473 -0.059762392
0.994809747 -0.008975158 0.101356082 0.089712404 -0.005396064 0.990047276 0.140631795 -0.150870651 -0.101609506 -0.140448809 0.984860241 -0.055369783
0.995151341 -0.014584380 0.097268462 0.088007212 -0.000251750 0.988564193 0.150800422 -0.130210295 -0.098355457 -0.150093719 0.983767271 -0.050407581
0.995445430 -0.013013257 0.094440959 0.087378927 -0.002116359 0.987379074 0.158360705 -0.113926955 -0.095309816 -0.157839313 0.982854426 -0.047862992
0.995391190 -0.006620550 0.095668681 0.087535016 -0.009412146 0.986052692 0.166167006 -0.103875823 -0.095434479 -0.166301623 0.981445909 -0.045310367
0.995320797 -0.000591544 0.096623778 0.087665513 -0.016257221 0.984700739 0.173493996 -0.100872979 -0.095248133 -0.174253032 0.980083525 -0.046026174
0.995326102 0.004174894 0.096480429 0.088031299 -0.021698700 0.983187139 0.181307033 -0.106273144 -0.094101384 -0.182553127 0.978682399 -0.048370920
0.995481312 0.004873138 0.094832838 0.087625265 -0.022500787 0.982345760 0.185716361 -0.120018877 -0.092253610 -0.187010974 0.978016436 -0.052779652
0.995593727 0.005252915 0.093624443 0.086840719 -0.022526193 0.982590854 0.184412047 -0.140348256 -0.091025814 -0.185708478 0.978379607 -0.058615468
0.995307565 0.008448260 0.096392274 0.086715393 -0.025512991 0.983842611 0.177208349 -0.165245652 -0.093337730 -0.178836063 0.979441524 -0.065852903
0.994461060 0.011917382 0.104428008 0.087507933 -0.029338114 0.985534668 0.166915193 -0.194045812 -0.100928232 -0.169054374 0.980425477 -0.071626261
0.992922306 0.020150898 0.117043927 0.088897422 -0.038148656 0.987391293 0.153633177 -0.225188315 -0.112472311 -0.157010883 0.981171548 -0.076983735
0.991638899 0.024617709 0.126673922 0.089646518 -0.042252384 0.989464641 0.138471738 -0.257783115 -0.121930510 -0.142666236 0.982231796 -0.082967088
0.990615606 0.028920669 0.133582726 0.089625061 -0.045622636 0.991268337 0.123716250 -0.291436881 -0.128838375 -0.128649637 0.983285308 -0.089470007
0.990600407 0.021342976 0.135112181 0.088363148 -0.036718618 0.992989838 0.112351961 -0.325869232 -0.131767109 -0.116257034 0.984439790 -0.096196339
0.990172744 0.017916391 0.138697430 0.087626256 -0.032771133 0.993871570 0.105571449 -0.359795213 -0.135955974 -0.109079242 0.984691679 -0.103368320
0.989894807 0.008199884 0.141566515 0.086378187 -0.022518085 0.994748890 0.099837944 -0.392609507 -0.140004486 -0.102016866 0.984881341 -0.111172974
0.989661515 0.002128852 0.143406972 0.085288599 -0.015649728 0.995522380 0.093221530 -0.422947913 -0.142566398 -0.094502047 0.985263526 -0.119057886
0.989763021 -0.005551471 0.142612502 0.084030069 -0.006528097 0.996436357 0.084094726 -0.448479563 -0.142571136 -0.084164836 0.986199677 -0.126166880
0.990101933 -0.005958354 0.140223563 0.083306655 -0.004337059 0.997322381 0.073001504 -0.465570629 -0.140283078 -0.072887093 0.987425029 -0.131817028
0.989989400 0.001105970 0.141137302 0.083833724 -0.009876830 0.998060763 0.061458830 -0.473911494 -0.140795618 -0.062237579 0.988080502 -0.134705514
0.989303648 0.011335412 0.145429552 0.084749937 -0.019074617 0.998468399 0.051932625 -0.473702073 -0.144618124 -0.054151148 0.988004684 -0.135279462
0.988594830 0.022072669 0.148973271 0.086167723 -0.029079363 0.998562753 0.045019906 -0.464801729 -0.147765443 -0.048838492 0.987815857 -0.132649034
0.987871289 0.030620253 0.152225941 0.087485813 -0.037644498 0.998344958 0.043477125 -0.448202223 -0.150642723 -0.048680276 0.987388968 -0.127810478
0.987529397 0.035240889 0.153439924 0.088145144 -0.042685680 0.998052061 0.045497440 -0.425318360 -0.151537672 -0.051479749 0.987110019 -0.121035397
0.986614943 0.042070050 0.157546863 0.089383550 -0.050271515 0.997560322 0.048437789 -0.397531450 -0.155124709 -0.055709563 0.986322880 -0.112822026
0.986057699 0.043988127 0.160484314 0.090919957 -0.052886982 0.997266233 0.051604688 -0.366168559 -0.157775581 -0.059372731 0.985688448 -0.103509568
0.984774232 0.046683021 0.167452678 0.092658058 -0.056732103 0.996832490 0.055736125 -0.334762961 -0.164320335 -0.064387441 0.984303355 -0.094109222
0.984268963 0.044492792 0.170982331 0.093642019 -0.055686761 0.996568561 0.061238106 -0.302199215 -0.167670965 -0.069796219 0.983369172 -0.085550874
0.984416544 0.035986688 0.172130838 0.094524093 -0.049021643 0.996193051 0.072084874 -0.268705845 -0.168881461 -0.079399675 0.982433081 -0.076908484
0.986359656 0.026112355 0.162520066 0.096425988 -0.040417083 0.995531440 0.085343964 -0.231051221 -0.159565315 -0.090748437 0.983007431 -0.067671552
0.987653732 0.014372830 0.155992106 0.096051641 -0.030242961 0.994543195 0.099845909 -0.200349152 -0.153705820 -0.103330843 0.982698977 -0.061036743
0.988892257 0.004197114 0.148574740 0.096105449 -0.021642003 0.993014097 0.115994275 -0.170071706 -0.147049963 -0.117921293 0.982074797 -0.055813152
0.989859998 -0.005438989 0.141942412 0.096179172 -0.013359226 0.991272926 0.131146759 -0.143657789 -0.141416967 -0.131713182 0.981148779 -0.051049557
0.990106583 -0.014919974 0.139522031 0.096602887 -0.005610561 0.989326179 0.145609826 -0.122061223 -0.140205279 -0.144952029 0.979454637 -0.047147930
0.990316749 -0.019638127 0.137430176 0.097851232 -0.002698211 0.987034440 0.160485804 -0.106554411 -0.138799950 -0.159302592 0.977423787 -0.043821391
0.990385473 -0.021024525 0.136727929 0.098369889 -0.002968369 0.984925687 0.172952414 -0.099409103 -0.138303101 -0.171695411 0.975393713 -0.044214360
0.990716517 -0.021207767 0.134279579 0.098765768 -0.003593471 0.983325899 0.181816593 -0.101239376 -0.135896504 -0.180611238 0.974120975 -0.046900176
0.991317213 -0.021503400 0.129721865 0.098863587 -0.003122526 0.982409835 0.186711550 -0.112298287 -0.131454960 -0.185495436 0.973812640 -0.051778987
0.991741717 -0.019418204 0.126772568 0.098613717 -0.004555981 0.982513309 0.186136514 -0.131866574 -0.128170177 -0.185176909 0.974310994 -0.058262959
0.992216051 -0.016388677 0.123445228 0.097630359 -0.006191061 0.983584225 0.180343285 -0.157758623 -0.124374375 -0.179703757 0.975826621 -0.066540889
0.992129922 -0.006969664 0.125018373 0.096592456 -0.014857637 0.984842658 0.172812447 -0.189119995 -0.124327868 -0.173309878 0.976988375 -0.075929284
0.991422355 0.000966977 0.130693629 0.095274374 -0.022625430 0.986144781 0.164336845 -0.225705862 -0.128723934 -0.165884212 0.977707803 -0.086892471
0.990488827 0.007543371 0.137386113 0.095633790 -0.029047448 0.987455785 0.155200765 -0.258702666 -0.134491980 -0.157715335 0.978283107 -0.092627630
0.989980876 0.009197826 0.140901625 0.093114182 -0.030465685 0.988286257 0.149539545 -0.296784818 -0.137875706 -0.152333960 0.978664756 -0.102283001
0.990110695 0.010301431 0.139909774 0.091837369 -0.030560825 0.989187121 0.143439263 -0.325364143 -0.136919320 -0.146296501 0.979719579 -0.107719570
0.990252137 0.008864125 0.139003962 0.089451566 -0.028251549 0.990011156 0.138129696 -0.356431305 -0.136391073 -0.140710309 0.980611086 -0.115107529
0.990138054 0.006303447 0.139953300 0.087325074 -0.024485465 0.991397202 0.128576964 -0.385134816 -0.137938842 -0.130735755 0.981774449 -0.121284142
0.989692211 0.001947516 0.143197685 0.084717534 -0.018426087 0.993328214 0.113840066 -0.415367514 -0.142020583 -0.115305193 0.983125031 -0.127508327
0.989233911 -0.002521493 0.146321088 0.083733901 -0.011022342 0.995727718 0.091677800 -0.436633140 -0.145927131 -0.092303589 0.984979868 -0.132100284
0.989452720 -0.010312317 0.144488677 0.081746176 0.000264348 0.997589648 0.069388837 -0.454982609 -0.144855961 -0.068618774 0.987070501 -0.134637445
0.989117324 -0.010382890 0.146761969 0.080869444 0.003030163 0.998732865 0.050234724 -0.466037005 -0.147097573 -0.049243327 0.987895429 -0.135458365
0.988804817 -0.006034732 0.149092615 0.080388144 0.000577437 0.999329090 0.036619589 -0.468238175 -0.149213582 -0.036123537 0.988144934 -0.134796664
0.988272488 0.004088434 0.152645871 0.081205353 -0.008974720 0.999468625 0.031335328 -0.461498678 -0.152436659 -0.032337796 0.987784028 -0.132277936
0.987696528 0.013201706 0.155824393 0.082568243 -0.018631328 0.999267220 0.033435494 -0.447141141 -0.155268788 -0.035927340 0.987218738 -0.127892673
0.987630546 0.017459933 0.155823633 0.083580501 -0.024080668 0.998881102 0.040702466 -0.426520616 -0.154938623 -0.043951336 0.986945927 -0.122116379
0.987602770 0.018555416 0.155873120 0.084314294 -0.026622729 0.998402894 0.049828362 -0.401397526 -0.154699594 -0.053360399 0.986519516 -0.115087122
0.987312078 0.017426709 0.157832861 0.084994510 -0.027081219 0.997877181 0.059226587 -0.373944491 -0.156465679 -0.062749431 0.985688090 -0.106938750
0.986496150 0.018965809 0.162682593 0.086633019 -0.030685754 0.997086525 0.069834314 -0.345344633 -0.160884172 -0.073883317 0.984203994 -0.098333545
0.985346973 0.019939767 0.169392169 0.089073695 -0.034133673 0.996105075 0.081298962 -0.316175491 -0.167111307 -0.085889667 0.982189775 -0.088731572
0.985201359 0.019428212 0.170296252 0.090393811 -0.035887662 0.994914412 0.094113462 -0.286532551 -0.167601734 -0.098832242 0.980888307 -0.079927459
0.985176742 0.015241510 0.170863912 0.091915131 -0.033908095 0.993694723 0.106869034 -0.256894171 -0.168157712 -0.111078553 0.979481757 -0.071820959
0.986309469 -0.001435189 0.164898589 0.092615232 -0.018274022 0.992852092 0.117943838 -0.230477840 -0.163889185 -0.119342491 0.979233205 -0.063256890
0.987735450 -0.018591821 0.155025825 0.092333049 -0.001182456 0.991966188 0.126497731 -0.206411794 -0.156132206 -0.125129595 0.979778171 -0.056398794
0.988836408 -0.035022721 0.144830957 0.092108242 0.015679330 0.991045415 0.132601559 -0.185425654 -0.148178115 -0.128850400 0.980530858 -0.050567314
0.989400864 -0.044032618 0.138372809 0.092216924 0.025131524 0.990460634 0.135484889 -0.167104930 -0.143018574 -0.130571350 0.981069207 -0.046184152
0.989158869 -0.047561143 0.138933823 0.093302995 0.028459113 0.990248740 0.136372671 -0.152774945 -0.144065097 -0.130940303 0.980866909 -0.041953404
0.989134967 -0.044382066 0.140150964 0.094104685 0.024686635 0.989947975 0.139260724 -0.141762763 -0.144922853 -0.134287789 0.980287790 -0.038518105
0.989201248 -0.037080299 0.141795486 0.093877278 0.016195465 0.989196718 0.145696729 -0.135397747 -0.145666122 -0.141826928 0.979115188 -0.037637919
0.989009440 -0.028986283 0.144983023 0.093999550 0.006041202 0.987697661 0.156258836 -0.135083526 -0.147728771 -0.153665587 0.977017462 -0.037410058
0.989227653 -0.022318233 0.144673869 0.094286516 -0.002389974 0.985715151 0.168403924 -0.141607121 -0.146365717 -0.166935593 0.975043356 -0.039789297
0.989554346 -0.019163571 0.142880961 0.092540264 -0.006544200 0.984131932 0.177317709 -0.155536577 -0.144011751 -0.176400542 0.973726571 -0.043757476
0.990260124 -0.018807404 0.137953684 0.089764491 -0.006427357 0.983603001 0.180232778 -0.175465420 -0.139081374 -0.179364011 0.973901927 -0.049438111
0.990932286 -0.018104464 0.133136883 0.086128160 -0.005602269 0.984451532 0.175566956 -0.200351164 -0.134245351 -0.174720839 0.975423396 -0.056604523
0.991168797 -0.018345654 0.131331265 0.082621723 -0.003599913 0.986296296 0.164944544 -0.228704765 -0.132557541 -0.163960651 0.977520049 -0.063990697
0.991268873 -0.018661171 0.130528763 0.078772411 -0.001223399 0.988590121 0.150625557 -0.260370791 -0.131850287 -0.149470121 0.979935825 -0.071946181
0.991224229 -0.020243265 0.130632058 0.076793708 0.002598429 0.990997910 0.133852333 -0.292520583 -0.132165715 -0.132338226 0.982353687 -0.079113781
0.991239190 -0.020514909 0.130475909 0.074662991 0.005586742 0.993491948 0.113765068 -0.326314628 -0.131960660 -0.112039454 0.984902799 -0.087139525
0.991336644 -0.022157125 0.129463166 0.072748594 0.010425903 0.995832920 0.090598859 -0.362171054 -0.130931079 -0.088464193 0.987436652 -0.097047873
0.991209626 -0.022198886 0.130425036 0.070892081 0.013903213 0.997841835 0.064174637 -0.395482451 -0.131568164 -0.061797190 0.989379048 -0.105572723
0.990708053 -0.021971321 0.134219348 0.069146052 0.017335454 0.999215364 0.035611164 -0.427063793 -0.134896457 -0.032953512 0.990311563 -0.113984309
0.990181744 -0.018110916 0.138607949 0.067736693 0.016981527 0.999812305 0.009326429 -0.455255836 -0.138750851 -0.006881085 0.990303397 -0.121029772
0.989716709 -0.012134665 0.142525584 0.067043997 0.014052038 0.999823689 -0.012453993 -0.476136714 -0.142349333 0.014328700 0.989712775 -0.127397090
0.989474952 -0.006608397 0.144553259 0.065658979 0.010305412 0.999638259 -0.024841651 -0.495515198 -0.144336805 0.026069872 0.989185154 -0.136270240
0.988987505 -0.001991596 0.147985548 0.065088317 0.006538372 0.999521136 -0.030244347 -0.505064428 -0.147854447 0.030878864 0.988526940 -0.139869496
0.988293827 0.003916777 0.152512029 0.065122813 0.000240076 0.999629200 -0.027227955 -0.506404757 -0.152562127 0.026945835 0.987926483 -0.141067103
0.987216175 0.007902387 0.159190953 0.065533668 -0.004975222 0.999811292 -0.018777929 -0.500598550 -0.159309298 0.017745864 0.987069190 -0.139678329
0.986442387 0.012281959 0.163647577 0.066550709 -0.011320832 0.999912739 -0.006804494 -0.487763703 -0.163716868 0.004859615 0.986495376 -0.135668904
0.985953212 0.013018688 0.166513503 0.067845792 -0.014027022 0.999889731 0.004880899 -0.469147474 -0.166431606 -0.007148026 0.986027122 -0.129485682
0.985814214 0.014694535 0.167195886 0.069476970 -0.017610159 0.999717414 0.015969064 -0.445164353 -0.166913986 -0.018686876 0.985794365 -0.122460343
0.985514104 0.015286928 0.168903038 0.072051220 -0.020067463 0.999443829 0.026632691 -0.418369561 -0.168401971 -0.029636348 0.985272765 -0.114218399
0.985105932 0.014566936 0.171330333 0.075392462 -0.021427900 0.999037862 0.038264278 -0.390821785 -0.170608103 -0.041365620 0.984470308 -0.105922498
0.984233022 0.015815722 0.176168248 0.079639629 -0.025033450 0.998424172 0.050224423 -0.361873507 -0.175096288 -0.053842634 0.983077943 -0.097269505
0.983859122 0.015519874 0.178270504 0.083282389 -0.027276276 0.997597098 0.063686542 -0.339044571 -0.176853731 -0.067521147 0.981918335 -0.091773570
0.984550118 0.015805554 0.174388379 0.086484641 -0.029288340 0.996752262 0.075014278 -0.317057103 -0.172636360 -0.078962862 0.981815457 -0.088416666
0.985615492 0.014371431 0.168391094 0.088564076 -0.029017748 0.995971680 0.084842995 -0.297378898 -0.166493461 -0.088508904 0.982062161 -0.086327270
0.987579525 0.009102159 0.156856015 0.089398623 -0.024094194 0.995285869 0.093944006 -0.276672035 -0.155261472 -0.096556492 0.983143270 -0.086682692
0.989208519 0.000246910 0.146514356 0.088235348 -0.016386405 0.993911088 0.108959734 -0.264501423 -0.145595342 -0.110184744 0.983189344 -0.087487176
0.990707874 -0.008487374 0.135741785 0.089755140 -0.008564349 0.992177188 0.124543428 -0.247082129 -0.135736957 -0.124548703 0.982885063 -0.083344281
0.991279483 -0.014466238 0.130980060 0.089909993 -0.004088958 0.990100801 0.140298724 -0.235266298 -0.131713048 -0.139610827 0.981407404 -0.083393641
0.991178691 -0.018466361 0.131239593 0.090077519 -0.001916411 0.988144815 0.153512716 -0.225803345 -0.132518530 -0.152410030 0.979392707 -0.083617270
0.991424024 -0.018665835 0.129344270 0.089607567 -0.002775556 0.986516237 0.163640037 -0.217188284 -0.130654708 -0.162595674 0.978004098 -0.086982541
0.991967797 -0.022261254 0.124516599 0.088814341 0.000649403 0.985275090 0.170975372 -0.212178409 -0.126489222 -0.169521198 0.977375567 -0.089975990
0.993089795 -0.023789402 0.114920512 0.087276697 0.003167866 0.984316051 0.176385537 -0.208653793 -0.117314219 -0.174802616 0.977589607 -0.094506830
0.994506180 -0.023885872 0.101916015 0.085375287 0.005010632 0.983364344 0.181575105 -0.206117302 -0.104557648 -0.180066898 0.978081584 -0.100368015
0.995395422 -0.023796391 0.092853107 0.084171608 0.006113950 0.982483625 0.186248660 -0.205568582 -0.095658697 -0.184823364 0.978105187 -0.105343677
0.995766044 -0.023976028 0.088742040 0.083217405 0.006450914 0.981232405 0.192720994 -0.205977395 -0.091697253 -0.191332564 0.977232575 -0.109831139
0.995714307 -0.021802526 0.089875661 0.082735457 0.003388233 0.979761779 0.200138405 -0.207065478 -0.092420258 -0.198976144 0.975636721 -0.113458507
0.995557249 -0.020784345 0.091835633 0.081613705 0.000987113 0.977583289 0.210546821 -0.208093777 -0.094153062 -0.209520757 0.973260641 -0.117287785
0.995226800 -0.019762430 0.095566861 0.080688037 -0.002381192 0.974071562 0.226227477 -0.209460750 -0.097559772 -0.225375220 0.969375134 -0.121476047
0.994984210 -0.016357606 0.098685503 0.080000855 -0.009039294 0.967800736 0.251555353 -0.209059119 -0.099622741 -0.251185626 0.962798595 -0.126461476
0.994902074 -0.016135920 0.099546477 0.079774022 -0.013231307 0.957696617 0.287475497 -0.208194569 -0.099974006 -0.287327081 0.952600837 -0.131525010
0.994997025 -0.020284610 0.097823612 0.079113379 -0.013635082 0.942435622 0.334109604 -0.204887792 -0.098969735 -0.333771884 0.937444031 -0.136866271
0.995083570 -0.028383806 0.094884455 0.078424476 -0.010818207 0.921168685 0.389013082 -0.200956807 -0.098446265 -0.388126999 0.916332781 -0.142453492
0.994951427 -0.036615010 0.093440138 0.078040078 -0.008964571 0.894921064 0.446134448 -0.197501153 -0.099956758 -0.444719732 0.890074730 -0.148167640
0.994467735 -0.044223621 0.095279284 0.078195170 -0.009066707 0.867533445 0.497296214 -0.193591788 -0.104650207 -0.495408952 0.862333059 -0.152878523
0.993746817 -0.054493271 0.097456411 0.078690052 -0.006254354 0.844283521 0.535860300 -0.190731212 -0.111481622 -0.533118963 0.838663220 -0.156275138
0.993222594 -0.060909726 0.098989226 0.078600034 -0.004678972 0.830039859 0.557684481 -0.190850124 -0.116133414 -0.554367959 0.824129343 -0.158362001
0.992576897 -0.068238959 0.100670300 0.078104690 -0.000500623 0.825455189 0.564467490 -0.192477763 -0.121617489 -0.560327828 0.819293559 -0.158659607
0.992336750 -0.070233226 0.101661786 0.077304378 0.001291994 0.828605115 0.559832036 -0.194199294 -0.123556286 -0.555410564 0.822346032 -0.158550039
0.992108166 -0.071031734 0.103324018 0.076642491 0.002884407 0.836766362 0.547552526 -0.196944326 -0.125351667 -0.542933285 0.830367625 -0.158258438
0.992155910 -0.069062814 0.104196988 0.076002412 0.002859380 0.845850885 0.533411741 -0.199260548 -0.124974035 -0.528929710 0.839413404 -0.158844084
0.992232919 -0.067773134 0.104310542 0.075298138 0.003481511 0.853350639 0.521325827 -0.200915143 -0.124345347 -0.516913533 0.846958518 -0.159832895
0.992459714 -0.067974396 0.101995781 0.074173301 0.005834712 0.857392788 0.514629543 -0.201526150 -0.122432083 -0.510153949 0.851324439 -0.161862209
0.992616773 -0.067440175 0.100815460 0.073106937 0.006241275 0.858472526 0.512821615 -0.201564610 -0.121132076 -0.508406103 0.852555156 -0.164273947
0.992406666 -0.072444886 0.099401861 0.070928797 0.011101725 0.857603669 0.514191329 -0.201291010 -0.122497931 -0.509183347 0.851895869 -0.167178601
0.992235959 -0.076299019 0.098215468 0.068079069 0.014419861 0.854957342 0.518497765 -0.200582653 -0.123530917 -0.513055861 0.849419653 -0.170631692
0.991919339 -0.080092415 0.098393105 0.064331412 0.017403446 0.854109704 0.519801617 -0.200360835 -0.125670671 -0.513888955 0.848601818 -0.174219459
0.991517067 -0.082954571 0.100062326 0.060238499 0.019584157 0.856408119 0.515927911 -0.199773997 -0.128492758 -0.509591699 0.850767851 -0.177352712
0.991074502 -0.081785649 0.105273329 0.056938618 0.017153453 0.861364961 0.507696986 -0.199342802 -0.132201076 -0.501359701 0.855079710 -0.179731965
0.990282178 -0.081874669 0.112417683 0.053362411 0.015243899 0.867370307 0.497429818 -0.200115129 -0.138234660 -0.490882188 0.860189438 -0.182315603
0.989383578 -0.085157394 0.117763914 0.049686253 0.016722739 0.871662319 0.489821553 -0.201707795 -0.144362286 -0.482652068 0.863832474 -0.185017556
0.988770843 -0.087790713 0.120934114 0.046664674 0.017898057 0.872993588 0.487403184 -0.203275755 -0.148364171 -0.479765564 0.864761889 -0.188197032
0.988470197 -0.088655934 0.122746691 0.043907110 0.017289668 0.871446848 0.490185201 -0.203983158 -0.150425032 -0.482411206 0.862932086 -0.192039773
0.989059925 -0.085366152 0.120304294 0.040939298 0.014508918 0.867883921 0.496555179 -0.203722835 -0.146799162 -0.489377350 0.859627724 -0.196295202
0.989621222 -0.081509650 0.118346862 0.038090698 0.010896754 0.863761127 0.503783703 -0.202492192 -0.143286645 -0.497265458 0.855684519 -0.200041488
0.989968598 -0.076132372 0.119021274 0.035845559 0.005043492 0.860909045 0.508733928 -0.201504871 -0.141197607 -0.503030360 0.852656901 -0.202930778
0.989738882 -0.071384192 0.123779207 0.032218315 -0.001097512 0.862443626 0.506151974 -0.199650601 -0.142883837 -0.501094162 0.853515625 -0.204422712
0.989785194 -0.069624580 0.124409497 0.029612586 -0.002146833 0.865261912 0.501315475 -0.199746907 -0.142550677 -0.496461689 0.856273949 -0.205138057
0.990487754 -0.067856893 0.119705908 0.027064022 -0.000366349 0.868645251 0.495434433 -0.200384200 -0.137600616 -0.490765601 0.860357583 -0.205768794
0.991076231 -0.068825297 0.114153355 0.024905356 0.003998093 0.871351242 0.490643471 -0.201126561 -0.133236349 -0.485808700 0.863850713 -0.206116915
0.991701424 -0.068402216 0.108855091 0.022963470 0.006798899 0.873428941 0.486904234 -0.201912254 -0.128382504 -0.482123524 0.866645753 -0.206348449
0.992121518 -0.069064140 0.104522645 0.021009590 0.009783044 0.874481440 0.484960407 -0.201709032 -0.124896482 -0.480117112 0.868267536 -0.206606239
0.992607296 -0.066212215 0.101718858 0.020074472 0.008581983 0.874277472 0.485350579 -0.201076508 -0.121066645 -0.480889589 0.868382454 -0.205931216
0.992771447 -0.065021344 0.100881316 0.019358234 0.007868195 0.873988152 0.485883504 -0.200419813 -0.119761877 -0.481577545 0.868182123 -0.205226868
0.992989779 -0.062910356 0.100068092 0.019130984 0.006358467 0.873801351 0.486241579 -0.199668676 -0.118029252 -0.482196629 0.868075788 -0.204499930
0.993165433 -0.063336529 0.098035067 0.018918339 0.007786034 0.874034882 0.485800833 -0.199007481 -0.116455004 -0.481717318 0.868554354 -0.203833610
0.993343234 -0.062223218 0.096940465 0.018870741 0.007390926 0.874249578 0.485420585 -0.198750794 -0.114954583 -0.481472790 0.868889809 -0.203017339
0.993440509 -0.062376972 0.095839068 0.019222448 0.008080725 0.874317110 0.485287875 -0.198743418 -0.114064530 -0.481330186 0.869086027 -0.202297553
0.993373036 -0.062600672 0.096390702 0.020792400 0.008038679 0.874443531 0.485060781 -0.198796138 -0.114653356 -0.481071442 0.869151831 -0.201754153
0.993299603 -0.062688008 0.097088248 0.024120305 0.007814791 0.874609053 0.484765887 -0.198838279 -0.115303263 -0.480759025 0.869238734 -0.201181263
0.993157685 -0.063883781 0.097758070 0.029620202 0.008421179 0.874105036 0.485663950 -0.198986575 -0.116476864 -0.481517673 0.868662119 -0.200630516
0.993107557 -0.063563198 0.098473549 0.037564140 0.007410010 0.872542083 0.488482744 -0.199275032 -0.116971850 -0.484386235 0.866999149 -0.200158045
0.992698729 -0.065470211 0.101306036 0.048267886 0.007114431 0.870193601 0.492658556 -0.199474558 -0.120410323 -0.488340795 0.864305854 -0.199855030
0.992285371 -0.067457490 0.104015604 0.061156288 0.006974572 0.868052125 0.496424079 -0.200262725 -0.123778492 -0.491868854 0.861825883 -0.198948279
0.991632819 -0.070912972 0.107869059 0.076344550 0.007974908 0.867663503 0.497088045 -0.201560572 -0.128844023 -0.492068559 0.860969067 -0.197275579
0.990674198 -0.075104222 0.113683507 0.093749560 0.009252761 0.869520068 0.493810952 -0.203208253 -0.135937378 -0.488153875 0.862106025 -0.194272831
0.989472330 -0.080164663 0.120491147 0.113131367 0.011230431 0.872590184 0.488323897 -0.205769271 -0.144285709 -0.481829852 0.864304185 -0.191197425
0.988269746 -0.085407808 0.126603350 0.133887589 0.013916384 0.875913382 0.482267678 -0.208321497 -0.152082995 -0.474848688 0.866827250 -0.187995523
0.986956179 -0.090592645 0.133080825 0.156781465 0.016042560 0.877873719 0.478623480 -0.210663080 -0.160187915 -0.470245451 0.867876172 -0.184812695
0.985457242 -0.097493231 0.139172778 0.180534825 0.019266285 0.877857149 0.478534907 -0.212806448 -0.168827727 -0.468894333 0.866969049 -0.181358159
0.983759940 -0.104186341 0.146155924 0.205223292 0.021072160 0.875697076 0.482400864 -0.214851573 -0.178247899 -0.471486837 0.863671184 -0.177857473
0.982046783 -0.108664393 0.154195070 0.230837777 0.019929197 0.872606456 0.488017231 -0.217112795 -0.187581718 -0.476182789 0.859105945 -0.175148919
0.980842948 -0.109352574 0.161211416 0.257034659 0.015965950 0.869916797 0.492940038 -0.219653040 -0.194144771 -0.480922848 0.854997635 -0.172256678
0.979847312 -0.111901671 0.165460721 0.282918245 0.015732262 0.869008064 0.494547784 -0.222520411 -0.199127421 -0.481978238 0.853255689 -0.169424206
0.978863418 -0.114573359 0.169408888 0.307657778 0.016926017 0.870887101 0.491191596 -0.225732446 -0.203813493 -0.477942079 0.854418814 -0.167685658
0.977504194 -0.117581099 0.175100580 0.333919585 0.018358007 0.874471724 0.484728992 -0.228366345 -0.210115477 -0.470610142 0.856958330 -0.163402200
0.976081967 -0.116652325 0.183456421 0.359440595 0.015135348 0.878269076 0.477927178 -0.230472818 -0.216875404 -0.463719398 0.859028161 -0.160277933
0.974723399 -0.116066620 0.190900221 0.383395433 0.011994619 0.880417824 0.474047005 -0.231739610 -0.223092988 -0.459774911 0.859556019 -0.157866821
0.973439991 -0.123746455 0.192617208 0.404430032 0.017652769 0.879400253 0.475755751 -0.231891319 -0.228260726 -0.459719479 0.858227849 -0.155816793
0.971894503 -0.134252563 0.193383873 0.423017800 0.025188599 0.876039743 0.481580645 -0.231623918 -0.234065384 -0.463174492 0.854799867 -0.154074103
0.970037460 -0.136405960 0.201049060 0.442288369 0.021152813 0.871789336 0.489424080 -0.229756325 -0.242032796 -0.470506936 0.848553717 -0.152000859
0.967856586 -0.138877109 0.209682629 0.459026217 0.017292242 0.868491650 0.495402098 -0.228738382 -0.250907630 -0.475852311 0.842976868 -0.150751591
0.966099679 -0.139756054 0.217070594 0.473730594 0.014516078 0.868882656 0.494805187 -0.228349715 -0.257760912 -0.474880129 0.841455996 -0.149109796
0.965484738 -0.140454710 0.219343781 0.485549331 0.015840810 0.872247159 0.488808721 -0.228798419 -0.259977490 -0.468462795 0.844366193 -0.147557840
0.964929104 -0.146435916 0.217872247 0.494099259 0.024766643 0.877036929 0.479784131 -0.228215888 -0.261339635 -0.457561731 0.849905193 -0.145202816
0.964882731 -0.149168253 0.216217741 0.501146138 0.030974872 0.881987095 0.470254511 -0.226397589 -0.260848314 -0.447043151 0.855634630 -0.142759576
0.965212941 -0.147718221 0.215738997 0.506692946 0.032650389 0.886752725 0.461089522 -0.224695399 -0.259418458 -0.438005596 0.860728264 -0.141755119
0.965630114 -0.149310172 0.212755680 0.510298252 0.037504785 0.890016198 0.454383761 -0.223145559 -0.257200092 -0.430787295 0.865026236 -0.140801892
0.965775847 -0.153030723 0.209424332 0.511826217 0.043093428 0.890855551 0.452238172 -0.221524596 -0.255773157 -0.427735895 0.866961420 -0.140958607
0.965389788 -0.160543278 0.205544218 0.511948824 0.050642926 0.888483465 0.456105709 -0.219344884 -0.255847335 -0.429910421 0.865863264 -0.140302643
0.964452744 -0.163884461 0.207298771 0.511898756 0.049970664 0.883416533 0.465916455 -0.216827452 -0.259487629 -0.438995540 0.860202909 -0.139995590
0.963094711 -0.164194316 0.213281184 0.511102855 0.044040188 0.877835751 0.476932764 -0.215069324 -0.265535504 -0.449938476 0.852670074 -0.139836371
0.961495519 -0.167263165 0.218058169 0.508135021 0.042165890 0.873847961 0.484367430 -0.214818150 -0.271566510 -0.456522524 0.847253680 -0.139927581
0.960651755 -0.168612465 0.220721707 0.503281772 0.041396156 0.872700036 0.486498743 -0.215934351 -0.274653584 -0.458218843 0.845340729 -0.140094042
0.960777938 -0.169149011 0.219759792 0.496007919 0.043079026 0.873857975 0.484268934 -0.217616782 -0.273952454 -0.455807894 0.846870244 -0.140504107
0.961576402 -0.165682286 0.218906850 0.486623794 0.041095339 0.875248015 0.481925428 -0.218514249 -0.271444291 -0.454412043 0.848426580 -0.141370267
0.962599754 -0.160274118 0.218435228 0.474787563 0.036692150 0.875942945 0.481017292 -0.219261542 -0.268431425 -0.455012262 0.849063277 -0.142259330
0.963983774 -0.156019747 0.215390712 0.460589111 0.034729980 0.876767755 0.479658306 -0.219942495 -0.263683796 -0.454902291 0.850608468 -0.142902419
0.965055525 -0.153644025 0.212276608 0.443555474 0.034944095 0.878295541 0.476839483 -0.218438581 -0.259705126 -0.452758789 0.852972865 -0.141249970
0.965887547 -0.153063267 0.208884865 0.423884153 0.035938077 0.878047168 0.477222830 -0.218670011 -0.256456047 -0.453436643 0.853595614 -0.141372696
0.966656327 -0.152125955 0.205993220 0.402153730 0.035942718 0.877057135 0.479039609 -0.218851343 -0.253542185 -0.455662727 0.853280663 -0.141484082
0.967942357 -0.153068155 0.199142456 0.378079087 0.039480139 0.875715137 0.481211305 -0.219519004 -0.248050183 -0.457922637 0.853684902 -0.142250568
0.969746888 -0.153657317 0.189685047 0.352036387 0.044018768 0.874371529 0.483256459 -0.220433861 -0.240111083 -0.460286736 0.854682863 -0.143034786
0.971635401 -0.153838024 0.179606616 0.324871689 0.048948657 0.873869121 0.483690828 -0.221276075 -0.231362700 -0.461179644 0.856612325 -0.143288866
0.973319590 -0.151452422 0.172369093 0.297592700 0.050240964 0.873656094 0.483943045 -0.221243039 -0.223885655 -0.462371290 0.857955694 -0.143396959
0.975175321 -0.144838512 0.167496055 0.269777983 0.046775527 0.874085307 0.483515173 -0.220610529 -0.216437459 -0.463677317 0.859161317 -0.142695516
0.976812184 -0.140863568 0.161230981 0.241089597 0.046887685 0.875537992 0.480868757 -0.219787091 -0.208900750 -0.462158740 0.861840963 -0.141090468
0.978560925 -0.137206256 0.153599977 0.211752683 0.048374999 0.878039539 0.476136982 -0.218595833 -0.200195819 -0.458498657 0.865852535 -0.138414443
0.980481625 -0.135002255 0.142934069 0.181925163 0.052854851 0.881216705 0.469748318 -0.217749864 -0.189372972 -0.453024864 0.871152341 -0.135433421
0.982290387 -0.133023888 0.131947711 0.152308732 0.057555538 0.884409845 0.463148564 -0.216448784 -0.178305671 -0.447352082 0.876403570 -0.132140115
