0.999601960 -0.023664903 0.015359999 3.482694626 -0.022952553 -0.365555763 0.930506468 -1.446825147 -0.016405411 -0.930488586 -0.365953326 0.286840081
0.999782503 -0.017407494 0.011484639 3.478835821 -0.017394463 -0.392268896 0.919686198 -1.455304384 -0.011504366 -0.919685960 -0.392486334 0.202669978
0.999822497 -0.017559592 0.006827740 3.474776506 -0.013989817 -0.449214101 0.893314779 -1.465318203 -0.012619125 -0.893251717 -0.449379921 0.170505285
0.999903321 -0.006955483 0.012039069 3.473206997 -0.013866311 -0.435242772 0.900206327 -1.457602739 -0.001021450 -0.900286198 -0.435297251 0.257014751
0.998828411 0.017044842 0.045291565 3.472692013 -0.035361405 -0.381860375 0.923543394 -1.442308903 0.033036701 -0.924062908 -0.380810261 0.401111722
0.998853922 0.013040075 0.046052471 3.472807646 -0.039173894 -0.330102444 0.943132102 -1.424245715 0.027500540 -0.943855226 -0.329213381 0.541033745
0.998809278 0.007252123 0.048244037 3.472442389 -0.044401109 -0.274614692 0.960528612 -1.425771236 0.020214396 -0.961526990 -0.273965716 0.621073723
0.998055637 0.020378504 0.058903776 3.475104332 -0.050171856 -0.298070192 0.953224719 -1.431673408 0.036982737 -0.954326570 -0.296468258 0.566826701
0.998661518 0.010026177 0.050740693 3.484089851 -0.044734165 -0.324988127 0.944659531 -1.445922852 0.025961448 -0.945664942 -0.324104548 0.422391176
0.999044597 0.002851399 0.043608814 3.486484528 -0.039696284 -0.358128309 0.932828128 -1.448485017 0.018277416 -0.933668077 -0.357672930 0.309932947
0.998937130 -0.001167852 0.046079021 3.483043194 -0.042333208 -0.418738365 0.907119632 -1.458953619 0.018235672 -0.908106089 -0.418342829 0.216181278
0.999365628 0.000276295 0.035613466 3.476978302 -0.031989112 -0.432602406 0.901017070 -1.458648920 0.015655417 -0.901584744 -0.432319164 0.237267256
0.999147773 0.002580510 0.041195236 3.472640514 -0.037016734 -0.385530114 0.921952665 -1.447649002 0.018261103 -0.922691882 -0.385106087 0.352923274
0.998215079 0.003804129 0.059600119 3.476917982 -0.054086123 -0.365600824 0.929199159 -1.434880853 0.025324631 -0.930764139 -0.364742398 0.486295342
0.996238172 -0.008355394 0.086253420 3.482786417 -0.084483005 -0.315205455 0.945255697 -1.411975145 0.019289561 -0.948986828 -0.314725637 0.626428366
0.995546460 -0.000807449 0.094268516 3.492557049 -0.090699285 -0.280882716 0.955446899 -1.422605038 0.025706913 -0.959741890 -0.279705048 0.643822551
0.995935619 0.004834957 0.089938246 3.493819714 -0.084551476 -0.293912768 0.952085376 -1.425544024 0.031037284 -0.955820084 -0.292309403 0.554805994
0.997103035 0.008354668 0.075602740 3.502358675 -0.069157541 -0.314231634 0.946824133 -1.429361343 0.031667173 -0.949309647 -0.312743545 0.392383218
0.997529566 -0.004890438 0.070077531 3.498410225 -0.066520140 -0.386409760 0.919925451 -1.436904788 0.022579791 -0.922314405 -0.385780454 0.296994328
0.997820437 -0.000608243 0.065985024 3.504210234 -0.059764195 -0.432263017 0.899765134 -1.453462362 0.027975596 -0.901747584 -0.431357265 0.188761473
0.999126732 0.004269602 0.041563310 3.496623993 -0.035485722 -0.438424945 0.898066998 -1.461801410 0.022056781 -0.898757696 -0.437890530 0.201010466
0.998907745 0.011223224 0.045357816 3.490006685 -0.036221620 -0.427232385 0.903416038 -1.442642927 0.029517567 -0.904072165 -0.426359177 0.299631357
0.997327089 0.027128093 0.067843333 3.490827084 -0.051477306 -0.398065925 0.915911436 -1.422616839 0.051853042 -0.916955709 -0.395605445 0.440826178
0.995253086 0.021729896 0.094863810 3.487648010 -0.082741648 -0.324245095 0.942347825 -1.408359170 0.051236220 -0.945723712 -0.320907950 0.587537527
0.995131671 0.003862098 0.098478436 3.489522696 -0.093369819 -0.282872081 0.954602420 -1.409814119 0.031543553 -0.959150016 -0.281134367 0.675609589
0.993840337 -0.003263485 0.110773578 3.490626335 -0.106810734 -0.294691086 0.949604690 -1.408255577 0.029544950 -0.955587208 -0.293224454 0.642596841
0.991529882 0.017526317 0.128690943 3.500315905 -0.116387725 -0.319840789 0.940295696 -1.405849695 0.057640519 -0.947309256 -0.315091848 0.540929198
0.994163394 0.024404179 0.105088323 3.509946108 -0.089485079 -0.357569814 0.929589331 -1.409092784 0.060262278 -0.933567584 -0.353299022 0.442468762
0.998071551 0.013067406 0.060683068 3.504713535 -0.050084185 -0.408000588 0.911607087 -1.442203283 0.036671054 -0.912888348 -0.406559229 0.382538438
0.999186397 -0.017601540 0.036286049 3.504645824 -0.040293492 -0.473854184 0.879681110 -1.459887624 0.001710551 -0.880427480 -0.474177837 0.373475790
0.996453524 -0.037096947 0.075526074 3.502522945 -0.083467588 -0.549428344 0.831361532 -1.469839573 0.010655168 -0.834717155 -0.550576091 0.376732945
0.994689524 -0.059961088 0.083650827 3.492282867 -0.102840804 -0.611182451 0.784780204 -1.488222718 0.004069645 -0.789215386 -0.614103198 0.386442542
0.995065331 -0.065866925 0.074205771 3.498027802 -0.099220417 -0.664361835 0.740796089 -1.508547664 0.000505511 -0.744503260 -0.667618752 0.390225172
0.995574534 -0.066366270 0.066534489 3.512859106 -0.093819827 -0.661240220 0.744284630 -1.513399363 -0.005400125 -0.747233033 -0.664540410 0.400199890
0.997000933 -0.057238888 0.052085169 3.526542664 -0.076715529 -0.642340779 0.762570322 -1.506077886 -0.010192253 -0.764279068 -0.644805551 0.401117325
0.998138785 -0.038079515 0.047632560 3.530539751 -0.060947098 -0.649649382 0.757787049 -1.495515585 0.002088295 -0.759279788 -0.650761008 0.400174618
0.997749805 -0.046789665 0.048021030 3.556254148 -0.066940345 -0.654816151 0.752818108 -1.490277767 -0.003779165 -0.754338622 -0.656474829 0.391758800
0.996750057 -0.061182518 0.052402187 3.610333920 -0.079767488 -0.658821344 0.748058796 -1.479747176 -0.011244442 -0.749807596 -0.661560535 0.391748548
0.994150758 -0.083993115 0.067893155 3.684797764 -0.106112503 -0.642572522 0.758841753 -1.469088554 -0.020111213 -0.761607409 -0.647726655 0.395242214
0.989997149 -0.103387482 0.096003488 3.757012367 -0.140162602 -0.642925382 0.752994955 -1.462301493 -0.016127165 -0.758918941 -0.650985360 0.395386815
0.987574220 -0.108920716 0.113284655 3.812402964 -0.157082513 -0.662542939 0.732367337 -1.463558674 -0.004714012 -0.741062105 -0.671419859 0.385684252
0.988052368 -0.111602366 0.106289357 3.833819151 -0.153649658 -0.659550905 0.735788703 -1.459790230 -0.012012530 -0.743329048 -0.668818474 0.379432917
0.987492919 -0.111716457 0.111252591 3.823859215 -0.157361433 -0.654732585 0.739298940 -1.463384509 -0.009751167 -0.747559309 -0.664123654 0.378959537
0.989147007 -0.105640627 0.102118909 3.779979229 -0.146540150 -0.658753633 0.737949908 -1.470104337 -0.010686297 -0.744905412 -0.667084813 0.384550929
0.991697609 -0.096947245 0.084481157 3.710463285 -0.127616942 -0.661248565 0.739232421 -1.480476618 -0.015803501 -0.743876219 -0.668130755 0.387044907
0.994537890 -0.082260229 0.064246655 3.624465704 -0.102366023 -0.648495078 0.754304886 -1.489459038 -0.020385658 -0.756761432 -0.653373599 0.395623326
0.996724963 -0.064962633 0.048157819 3.528423548 -0.078931160 -0.652053356 0.754053175 -1.498876452 -0.017583810 -0.755384743 -0.655045390 0.400042534
0.997908890 -0.054418180 0.034878097 3.433820009 -0.062002521 -0.653464794 0.754413426 -1.505157709 -0.018262196 -0.754998386 -0.655472398 0.399644256
0.998786211 -0.044549786 0.021008648 3.341983080 -0.044988923 -0.651500106 0.757313669 -1.511555195 -0.020051029 -0.757339656 -0.652713656 0.397036314
0.999211192 -0.037788957 -0.012204715 3.266561508 -0.016030973 -0.665032744 0.746642470 -1.519055128 -0.036331370 -0.745857835 -0.665113926 0.386026621
0.998515666 -0.034305684 -0.042303950 3.223954201 0.009608572 -0.653575301 0.756800652 -1.524003267 -0.053611375 -0.756083727 -0.652275562 0.386986971
0.998839259 -0.027652213 -0.039439175 3.230854988 0.012028610 -0.649655223 0.760133922 -1.528535485 -0.046641249 -0.759725988 -0.648568630 0.390073061
0.999552011 -0.027147695 -0.012598491 3.282412052 -0.007920367 -0.645888805 0.763390601 -1.531959891 -0.028861515 -0.762948811 -0.645814419 0.395042896
0.999395251 -0.032247107 0.013009772 3.359682560 -0.030770611 -0.645886898 0.762812853 -1.532677293 -0.016195666 -0.762751818 -0.646488547 0.400858521
0.998629332 -0.046740897 0.023553422 3.449558735 -0.048520900 -0.657984376 0.751466930 -1.529628515 -0.019626455 -0.751579702 -0.659350395 0.396625280
0.998361409 -0.052645620 0.022425743 3.538515329 -0.051530641 -0.656728506 0.752364695 -1.521771312 -0.024881078 -0.752287447 -0.658365250 0.394254088
0.997614324 -0.062538832 0.029232005 3.614813805 -0.063399136 -0.662442923 0.746424913 -1.513582230 -0.027316010 -0.746497512 -0.664827466 0.387492061
0.995597780 -0.074123994 0.057364549 3.655001879 -0.091948852 -0.653700829 0.751146138 -1.502880216 -0.018178698 -0.753114045 -0.657638669 0.371436357
0.990900993 -0.077298306 0.110182598 3.680092096 -0.134503558 -0.598521113 0.789735019 -1.484040737 0.004901424 -0.797369182 -0.603472114 0.361423850
0.984264731 -0.090130031 0.151985347 3.691978931 -0.176365346 -0.554023862 0.813605011 -1.467590570 0.010873251 -0.827607691 -0.561202049 0.361554503
0.975163817 -0.128828660 0.180163085 3.719089985 -0.221477672 -0.573764205 0.788506389 -1.435898066 0.001788907 -0.808825016 -0.588046789 0.360084057
0.971633315 -0.151858449 0.181294441 3.741247654 -0.236340016 -0.595994353 0.767420650 -1.388433695 -0.008488856 -0.788498640 -0.614978194 0.355767488
0.981973290 -0.128596321 0.138533115 3.731255293 -0.188169166 -0.595615387 0.780919135 -1.326179504 -0.017910879 -0.792909443 -0.609076262 0.357816935
0.994142473 -0.083294608 0.068867460 3.685410976 -0.104627319 -0.582006812 0.806425095 -1.266104937 -0.027089540 -0.808906913 -0.587312579 0.354148269
0.998693585 -0.036143374 -0.036121465 3.587724686 0.007351012 -0.597918510 0.801523328 -1.244163752 -0.050567441 -0.800741792 -0.596871734 0.352815866
0.989532769 0.006738644 -0.144150838 3.467628002 0.118288130 -0.610057354 0.783478081 -1.273698211 -0.082660705 -0.792328537 -0.604468822 0.349770784
0.977522671 0.028457589 -0.208900884 3.361702204 0.181617916 -0.616872311 0.765822232 -1.355221510 -0.107071683 -0.786548793 -0.608175039 0.353261948
0.979920745 0.028418221 -0.197351813 3.318403006 0.170900792 -0.629554272 0.757927895 -1.450898886 -0.102704681 -0.776436806 -0.621770024 0.348401785
0.990747750 -0.026847135 -0.133034185 3.346465349 0.083040223 -0.655411601 0.750693083 -1.536960125 -0.107346095 -0.754794717 -0.647118211 0.337367535
0.994076729 -0.108674884 0.001091871 3.432314634 -0.070366114 -0.635935426 0.768527985 -1.594160795 -0.082825318 -0.764052629 -0.639815688 0.333427787
0.973886013 -0.179540813 0.138964459 3.545463562 -0.220548838 -0.602850318 0.766765833 -1.610713124 -0.053891003 -0.777390957 -0.626705050 0.335680366
0.953329384 -0.203703672 0.222862870 3.661806345 -0.301333636 -0.595450401 0.744739890 -1.569790840 -0.019002490 -0.777138472 -0.629043221 0.334004760
0.947465479 -0.197501898 0.251599133 3.759148121 -0.319798112 -0.569700956 0.757080197 -1.484799027 -0.006188534 -0.797768235 -0.602932811 0.333959103
0.955022275 -0.186923712 0.230199963 3.781975746 -0.295930922 -0.551294088 0.780063868 -1.390650868 -0.018904537 -0.813101649 -0.581814647 0.330858946
0.982253969 -0.118888691 0.145060778 3.695139170 -0.186838642 -0.552687645 0.812174618 -1.325771093 -0.016385078 -0.824864686 -0.565092683 0.322239637
0.998759925 -0.049582668 -0.004487734 3.539421558 -0.024580156 -0.569491982 0.821629405 -1.313226223 -0.043294303 -0.820500255 -0.570004582 0.318855762
0.992840528 0.003802240 -0.119386822 3.408479929 0.099007808 -0.585335374 0.804723442 -1.350266933 -0.066821575 -0.810782254 -0.581521153 0.314436913
0.987340093 0.020063873 -0.157343566 3.380988598 0.138047889 -0.597228050 0.790102482 -1.408498168 -0.078117438 -0.801820755 -0.592436910 0.312749624
0.993812561 0.019107975 -0.109414130 3.448272228 0.098455824 -0.607516050 0.788181961 -1.471354008 -0.051410273 -0.794077575 -0.605638385 0.301136255
0.999776363 -0.020275733 0.006008238 3.561451912 -0.017158845 -0.611726046 0.790883601 -1.527361155 -0.012360349 -0.790809810 -0.611937046 0.292834520
0.991925478 -0.078912251 0.099280737 3.627102852 -0.126821637 -0.618951559 0.775122881 -1.590916872 0.000283279 -0.781455040 -0.623961687 0.287125707
0.986820638 -0.108149886 0.120368540 3.591863394 -0.161433458 -0.606734753 0.778339565 -1.656524658 -0.011145573 -0.787513077 -0.616197348 0.303196907
0.989272475 -0.087851793 0.116713710 3.516565561 -0.146082193 -0.594182968 0.790952981 -1.726308346 -0.000137344 -0.799517810 -0.600642443 0.328936338
0.991108894 -0.072976537 0.111254811 3.465309143 -0.132788196 -0.595283031 0.792468250 -1.763324142 0.008396488 -0.800195634 -0.599680662 0.335611820
0.991140187 -0.051242176 0.122537084 3.470219851 -0.129115641 -0.588083267 0.798427999 -1.714110136 0.031148814 -0.807175577 -0.589489102 0.329077363
0.993325710 -0.038046651 0.108887285 3.504846811 -0.109146215 -0.615314603 0.780688882 -1.608897328 0.037297353 -0.787362933 -0.615360498 0.319252133
0.998144925 -0.017866816 0.058202289 3.536092281 -0.056744937 -0.619425654 0.783002138 -1.473274827 0.022062222 -0.784852266 -0.619290471 0.325255632
0.999454916 0.029701684 -0.014412120 3.546709538 0.029407393 -0.602570653 0.797523797 -1.363266587 0.015003478 -0.797512949 -0.603115678 0.327912450
0.993567824 0.058631845 -0.096877486 3.507384062 0.112972252 -0.571857810 0.812536895 -1.326522708 -0.007759597 -0.818255007 -0.574803352 0.322946310
0.986942410 0.087199382 -0.135428816 3.466217518 0.161027640 -0.554225564 0.816642165 -1.377243757 -0.003847413 -0.827786565 -0.561030149 0.318946600
0.985919714 0.099670872 -0.134268701 3.450157404 0.167219475 -0.587082624 0.792067945 -1.465771914 0.000119276 -0.803367674 -0.595483303 0.311226606
0.988717914 0.110153884 -0.101503782 3.460657358 0.148471594 -0.631004214 0.761439621 -1.530250311 0.019826218 -0.767919362 -0.640239954 0.284420252
0.988951027 0.111785740 -0.097364612 3.486722231 0.146122724 -0.624395370 0.767319202 -1.514620066 0.024981342 -0.773068309 -0.633830786 0.255489826
0.983860373 0.110683858 -0.140598312 3.506060362 0.178757936 -0.572724581 0.800020278 -1.448253870 0.008025229 -0.812241256 -0.583266616 0.230987787
0.980977297 0.104298644 -0.163723439 3.520066977 0.194036126 -0.501661420 0.843022108 -1.379453540 0.005792350 -0.858753800 -0.512356162 0.183848858
0.978615999 0.073025867 -0.192296386 3.523256063 0.204832152 -0.431536913 0.878532887 -1.341040373 -0.018827334 -0.899134874 -0.437267065 0.146034956
0.978791058 0.047465995 -0.199286431 3.528727770 0.203678057 -0.329872489 0.921791315 -1.316242456 -0.021985359 -0.942831397 -0.332543969 0.130909681
0.984580100 0.040688775 -0.170136735 3.520576000 0.174107671 -0.322374940 0.930462956 -1.275723219 -0.016988397 -0.945737362 -0.324488163 0.105039597
0.983988225 0.024963126 -0.176476687 3.505931139 0.176343545 -0.280164957 0.943615854 -1.251961827 -0.025886960 -0.959627450 -0.280081153 0.064626098
0.985128582 0.008666217 -0.171600014 3.527156115 0.167943478 -0.259484649 0.951032519 -1.278652191 -0.036285706 -0.965708375 -0.257081151 0.084164739
0.986313343 0.019786619 -0.163690239 3.518849611 0.163082331 -0.263342977 0.950818002 -1.265902281 -0.024293192 -0.964499414 -0.262965560 0.044804454
0.986182809 0.011567868 -0.165256292 3.501934052 0.162713766 -0.254959583 0.953163028 -1.260889053 -0.031107605 -0.966882467 -0.253318906 0.018531680
0.986101210 0.016471222 -0.165327311 3.540083170 0.163598403 -0.269840956 0.948905349 -1.286485553 -0.028982453 -0.962764025 -0.268785119 0.054503918
0.986621916 0.012106553 -0.162575111 3.524105072 0.159904301 -0.266062737 0.950600445 -1.309172630 -0.031746686 -0.963879645 -0.264439225 0.031632900
0.986826062 0.012825646 -0.161275446 3.522434235 0.158873469 -0.265080214 0.951047659 -1.317494035 -0.030553140 -0.964141011 -0.263625741 0.027294397
0.984389722 0.017833784 -0.175096780 3.600533724 0.173168421 -0.275956631 0.945442021 -1.285069823 -0.031458318 -0.961004674 -0.274737120 0.087408185
0.984659314 0.017752327 -0.173582509 3.599607468 0.171711147 -0.275354147 0.945883512 -1.312114358 -0.031005025 -0.961179018 -0.274178386 0.082131863
0.984441578 0.018187232 -0.174768567 3.605347872 0.172933251 -0.276482701 0.945331395 -1.307498336 -0.031127520 -0.960846841 -0.275326252 0.089404345
0.984439313 0.017794177 -0.174821690 3.600349188 0.172887340 -0.276139855 0.945439994 -1.284471154 -0.031451911 -0.960952699 -0.274919271 0.087196112
0.984510899 0.018594012 -0.174334437 3.602675676 0.172603905 -0.277246594 0.945167899 -1.303672791 -0.030759148 -0.960618973 -0.276161790 0.091484070
0.984455526 0.018875144 -0.174616992 3.603212595 0.172957391 -0.277100921 0.945145965 -1.295585394 -0.030546755 -0.960655451 -0.276058197 0.090748310
0.984463632 0.018969610 -0.174560800 3.600506783 0.172956541 -0.276245713 0.945396602 -1.284700274 -0.030287832 -0.960900009 -0.275234818 0.087352633
0.984478116 0.019129761 -0.174461722 3.601124287 0.172893137 -0.276638269 0.945293367 -1.291294456 -0.030179523 -0.960783899 -0.275651813 0.089448810
0.984489322 0.018524192 -0.174463689 3.600743294 0.172732025 -0.276519775 0.945357561 -1.286661506 -0.030730642 -0.960829854 -0.275430560 0.088144302
0.984458864 0.018098824 -0.174680203 3.600531578 0.172833800 -0.276182175 0.945437551 -1.284434795 -0.031132221 -0.960934997 -0.275018096 0.087139249
0.984480858 0.018486679 -0.174515575 3.601280928 0.172771290 -0.276527166 0.945348084 -1.288083076 -0.030781947 -0.960828364 -0.275429726 0.088239908
0.984484076 0.018190190 -0.174528569 3.600835323 0.172704831 -0.276444077 0.945384443 -1.286439419 -0.031050660 -0.960857809 -0.275296211 0.087734938
0.984463990 0.018188655 -0.174642026 3.600531101 0.172814786 -0.276400208 0.945377171 -1.285069466 -0.031075947 -0.960870445 -0.275249362 0.087417483
0.984510124 0.017958030 -0.174405545 3.600765228 0.172520250 -0.276523709 0.945395052 -1.289392352 -0.031249814 -0.960839450 -0.275338531 0.088017344
0.984493792 0.017936341 -0.174500197 3.601384878 0.172608852 -0.276410460 0.945411801 -1.287536263 -0.031276450 -0.960872293 -0.275220275 0.088134766
0.984449804 0.017607942 -0.174781442 3.600678921 0.172788352 -0.276418209 0.945376873 -1.284650207 -0.031666614 -0.960876226 -0.275162339 0.087373972
0.984471083 0.017950833 -0.174626589 3.601429701 0.172725558 -0.276675701 0.945312977 -1.288758397 -0.031345755 -0.960795760 -0.275479794 0.088191390
0.984483182 0.018190257 -0.174533725 3.601129055 0.172711194 -0.276400685 0.945396006 -1.288011312 -0.031044245 -0.960870326 -0.275253534 0.087917328
0.984472454 0.018065259 -0.174607202 3.600608587 0.172742799 -0.276542187 0.945348859 -1.284741044 -0.031208277 -0.960832000 -0.275368810 0.087423563
0.984466910 0.018299624 -0.174613863 3.601115942 0.172811672 -0.276605010 0.945318043 -1.287323952 -0.031000085 -0.960809648 -0.275470972 0.087742686
0.984455645 0.017623454 -0.174746841 3.600566864 0.172752023 -0.276642323 0.945317984 -1.285125494 -0.031682573 -0.960811496 -0.275386572 0.087486267
0.984435737 0.017488599 -0.174872681 3.600511789 0.172841311 -0.276474357 0.945350707 -1.285050392 -0.031814933 -0.960862219 -0.275193930 0.087386131
0.984475076 0.017679043 -0.174631804 3.600241899 0.172659039 -0.276575685 0.945354402 -1.287081718 -0.031585924 -0.960829556 -0.275334358 0.087778449
0.984474242 0.018174313 -0.174585819 3.600622416 0.172755867 -0.276430607 0.945379138 -1.286333919 -0.031079233 -0.960862160 -0.275278568 0.087639213
0.984466434 0.018110968 -0.174636334 3.600532770 0.172789961 -0.276338458 0.945399761 -1.285069704 -0.031136632 -0.960889697 -0.275175333 0.087414503
0.984496355 0.018378913 -0.174439639 3.600657701 0.172668651 -0.276528239 0.945366502 -1.286606789 -0.030862682 -0.960830092 -0.275414586 0.087655544
0.984479725 0.018080652 -0.174564391 3.600488424 0.172707781 -0.276484609 0.945372105 -1.285171628 -0.031171404 -0.960848331 -0.275316238 0.087486744
0.984467864 0.018086337 -0.174630731 3.600530148 0.172776341 -0.276383042 0.945389152 -1.285064697 -0.031166352 -0.960877299 -0.275215149 0.087405682
0.984487653 0.017931566 -0.174535051 3.600698948 0.172638774 -0.276478767 0.945386350 -1.285587668 -0.031302989 -0.960852683 -0.275285602 0.087669969
0.984454334 0.018179066 -0.174697548 3.600613832 0.172870070 -0.276258469 0.945408583 -1.284801126 -0.031075023 -0.960911512 -0.275106430 0.087225676
0.984462082 0.017962918 -0.174676269 3.600532770 0.172785625 -0.276398778 0.945382953 -1.285071850 -0.031298459 -0.960875154 -0.275207877 0.087433457
0.984492362 0.018230990 -0.174477413 3.600560427 0.172662631 -0.276577473 0.945353091 -1.286038876 -0.031021804 -0.960818708 -0.275436282 0.087685347
0.984469950 0.018207170 -0.174606472 3.600479603 0.172776937 -0.276672363 0.945304513 -1.284687638 -0.031097464 -0.960791826 -0.275521398 0.087410331
0.984463513 0.018326402 -0.174630255 3.600531340 0.172845408 -0.276274800 0.945408404 -1.285055757 -0.030919977 -0.960904062 -0.275150061 0.087401867
0.984500587 0.018485129 -0.174404338 3.600357771 0.172668159 -0.276398420 0.945404708 -1.286055923 -0.030729130 -0.960865557 -0.275306225 0.087762475
0.984489441 0.018199228 -0.174497500 3.600398540 0.172683269 -0.276265025 0.945440710 -1.284715652 -0.031001285 -0.960909188 -0.275122762 0.087160349
0.984454513 0.018312916 -0.174682349 3.600533247 0.172892809 -0.276241422 0.945409477 -1.285069346 -0.030941285 -0.960913956 -0.275113344 0.087411880
0.984463513 0.018248662 -0.174638391 3.600653410 0.172831386 -0.276289105 0.945406735 -1.285131812 -0.030998260 -0.960901439 -0.275150537 0.087247133
0.984467804 0.018257827 -0.174613327 3.600585461 0.172817186 -0.276060939 0.945475996 -1.285295367 -0.030941553 -0.960966885 -0.274928331 0.087377429
0.984451711 0.018139377 -0.174716324 3.600529194 0.172875836 -0.276300311 0.945395350 -1.285066247 -0.031125270 -0.960900307 -0.275140166 0.087409735
0.984457970 0.018308260 -0.174663365 3.600605965 0.172870755 -0.276320100 0.945390522 -1.285676241 -0.030954510 -0.960891426 -0.275190473 0.087695241
0.984457314 0.018530361 -0.174643800 3.600526094 0.172913939 -0.276292801 0.945390463 -1.284938812 -0.030734390 -0.960894942 -0.275202632 0.087505341
0.984460175 0.018442295 -0.174636930 3.600532770 0.172885090 -0.276230812 0.945413947 -1.285066962 -0.030804485 -0.960914493 -0.275126576 0.087414384
0.984435618 0.017799325 -0.174841955 3.600725651 0.172895432 -0.276529789 0.945324719 -1.285636067 -0.031522855 -0.960840642 -0.275303245 0.087992787
0.984470367 0.018780418 -0.174543232 3.600760698 0.172895432 -0.275999427 0.945479572 -1.285559058 -0.030417316 -0.960974395 -0.274960399 0.087334871
0.984485626 0.018697843 -0.174466267 3.600530624 0.172794387 -0.276139379 0.945457041 -1.285069346 -0.030498996 -0.960935652 -0.275086045 0.087412357
0.984470725 0.018501855 -0.174571216 3.600631714 0.172840267 -0.276172280 0.945439279 -1.285369396 -0.030719332 -0.960930169 -0.275081396 0.087365031
0.984483123 0.018525995 -0.174498737 3.600362539 0.172779530 -0.276101112 0.945471048 -1.284796238 -0.030663490 -0.960950136 -0.275017858 0.087247849
0.984631002 0.022466496 -0.173196673 3.600492477 0.172611222 -0.276187301 0.945476592 -1.285124779 -0.026593164 -0.960841238 -0.275820494 0.087430477
0.984587371 0.022919260 -0.173385143 3.600339413 0.172903955 -0.276665807 0.945283234 -1.286492586 -0.026304536 -0.960692942 -0.276364446 0.087234259
0.984569788 0.022665113 -0.173518464 3.600691795 0.172974408 -0.276207447 0.945404291 -1.285067439 -0.026499391 -0.960830688 -0.275866032 0.087482691
0.984596968 0.024867639 -0.173062027 3.600476742 0.173135400 -0.276538968 0.945278049 -1.285113692 -0.024351545 -0.960681081 -0.276584983 0.087420106
0.984116137 0.008321241 -0.177330583 3.591612339 0.172611296 -0.278259873 0.944868684 -1.284170747 -0.041481502 -0.960469842 -0.275276423 0.100009561
0.984206676 0.012088276 -0.176610112 3.598705292 0.172961086 -0.278166652 0.944832146 -1.283795118 -0.037705638 -0.960456789 -0.275864244 0.095926166
0.984084666 0.005928531 -0.177601233 3.588249445 0.172287792 -0.276619792 0.945409119 -1.283198357 -0.043523133 -0.960961163 -0.273238659 0.083630919
0.983821392 0.008761689 -0.178937748 3.597669601 0.174112722 -0.281994820 0.943485022 -1.286153197 -0.042192981 -0.959376097 -0.278958082 0.105788112
0.983925283 0.017586693 -0.177712440 3.619439840 0.175307795 -0.284765363 0.942431033 -1.295291185 -0.034032069 -0.958436072 -0.283270955 0.135078907
0.984406888 0.017159075 -0.175067693 3.601332903 0.172920734 -0.276987195 0.945186019 -1.285845518 -0.032272987 -0.960720420 -0.275635242 0.088622212
0.984043539 0.021941610 -0.176569894 3.628098965 0.175692171 -0.276648641 0.944773912 -1.286920428 -0.028117970 -0.960720539 -0.276089191 0.094657779
0.983592689 0.022463195 -0.178999603 3.639893532 0.178150535 -0.277267337 0.944132090 -1.286092281 -0.028422497 -0.960530281 -0.276719928 0.098886371
0.984418809 0.018227957 -0.174892366 3.602954388 0.173079908 -0.275970221 0.945454419 -1.284694076 -0.031031348 -0.960993469 -0.274825215 0.088315964
0.984060585 0.018100463 -0.176909894 3.611528873 0.174939841 -0.277259350 0.944734514 -1.280889630 -0.031949781 -0.960624635 -0.276006460 0.093047619
0.983814418 0.018163428 -0.178267568 3.617102146 0.176244557 -0.277736664 0.944351673 -1.274639130 -0.032358788 -0.960485458 -0.276442528 0.095079422
0.984425068 0.017271258 -0.174954236 3.603524685 0.172872752 -0.276086450 0.945458174 -1.283836603 -0.031973235 -0.960977554 -0.274772048 0.089043617
0.983942091 0.018238537 -0.177553564 3.613561630 0.175631016 -0.276201129 0.944916308 -1.274471045 -0.031806588 -0.960926831 -0.274969101 0.087180614
0.983729184 0.018819585 -0.178669274 3.616987467 0.176888704 -0.275390983 0.944918156 -1.264759541 -0.031420924 -0.961148143 -0.274239063 0.083377838
0.984453976 0.018282980 -0.174688667 3.603218079 0.172893301 -0.276159048 0.945433438 -1.285156608 -0.030956507 -0.960938156 -0.275026917 0.088881612
0.984278738 0.018340409 -0.175667167 3.604722500 0.173882216 -0.275125384 0.945553422 -1.276098013 -0.030988656 -0.961233497 -0.273989201 0.085280776
0.984306991 0.018349454 -0.175507873 3.603336811 0.173722923 -0.275396943 0.945503652 -1.278756857 -0.030984841 -0.961155593 -0.274262905 0.086805224
0.984462261 0.018165052 -0.174654037 3.603003740 0.172836095 -0.275897145 0.945520282 -1.285277486 -0.031011112 -0.961015582 -0.274749875 0.088782668
0.984440148 0.018460244 -0.174747944 3.602949381 0.173001945 -0.276065588 0.945440769 -1.285316467 -0.030788817 -0.960961580 -0.274963737 0.088720441
0.984443247 0.018492386 -0.174727142 3.603054523 0.172990382 -0.276078343 0.945439279 -1.286496639 -0.030754931 -0.960957348 -0.274982452 0.089117169
0.984465182 0.018947206 -0.174554512 3.603277445 0.172953576 -0.275952458 0.945482612 -1.285230398 -0.030254483 -0.960984588 -0.274942636 0.088753104
0.984432876 0.018985108 -0.174732625 3.603054285 0.173140571 -0.275777102 0.945499659 -1.284863710 -0.030236803 -0.961034298 -0.274771094 0.088878512
0.984410703 0.018539608 -0.174905121 3.603224754 0.173176736 -0.276001692 0.945427418 -1.285624027 -0.030746259 -0.960978389 -0.274909735 0.088609457
0.984485269 0.019021548 -0.174433202 3.603060961 0.172863692 -0.275754809 0.945556879 -1.284813762 -0.030114815 -0.961040020 -0.274764776 0.088559151
0.984434783 0.018980891 -0.174722254 3.603092670 0.173130766 -0.275735617 0.945513487 -1.284955382 -0.030230455 -0.961046219 -0.274729967 0.088054061
0.984427333 0.018744022 -0.174789816 3.602943897 0.173120335 -0.276059866 0.945420921 -1.285530210 -0.030531436 -0.960957825 -0.275005937 0.088541269
0.984470725 0.018677890 -0.174552262 3.603235722 0.172880143 -0.275866628 0.945521176 -1.285152316 -0.030492797 -0.961014569 -0.274811745 0.088715076
0.984454453 0.019078091 -0.174600869 3.602787495 0.173034430 -0.275941253 0.945471168 -1.284374475 -0.030141778 -0.960985303 -0.274952769 0.088581562
0.984512448 0.019361570 -0.174242377 3.602957964 0.172779068 -0.275584459 0.945622027 -1.284892440 -0.029709741 -0.961082041 -0.274661660 0.088530779
0.984486699 0.018822581 -0.174446762 3.603281021 0.172816783 -0.275922894 0.945516229 -1.285233259 -0.030336805 -0.960995436 -0.274895191 0.088759422
0.984412372 0.018813603 -0.174866706 3.603212357 0.173214972 -0.276007295 0.945418894 -1.285226941 -0.030477718 -0.960971534 -0.274963856 0.088863730
0.984482408 0.019342817 -0.174414158 3.603133202 0.172935426 -0.275696874 0.945560575 -1.285436630 -0.029795609 -0.961050153 -0.274763823 0.088734508
0.984415293 0.019003175 -0.174829692 3.603344679 0.173236310 -0.275855303 0.945459306 -1.285372019 -0.030260950 -0.961011469 -0.274848223 0.088823676
0.984456122 0.019750193 -0.174516827 3.603020430 0.173147127 -0.275657535 0.945533156 -1.284669280 -0.029432438 -0.961053014 -0.274792433 0.088472366
0.984445691 0.019557610 -0.174597055 3.603195667 0.173166007 -0.275828719 0.945479929 -1.285456896 -0.029667534 -0.961007893 -0.274925113 0.088776708
0.984474897 0.020000577 -0.174382344 3.603049755 0.173089564 -0.275564194 0.945571005 -1.284790397 -0.029141560 -0.961074650 -0.274747849 0.088546991
0.984480798 0.020203590 -0.174325407 3.603391409 0.173094094 -0.275448799 0.945603788 -1.283619404 -0.028913118 -0.961103499 -0.274671197 0.087784648
0.984434962 0.020188592 -0.174585745 3.605554819 0.173333049 -0.275679827 0.945492685 -1.286724567 -0.029041588 -0.961037576 -0.274888158 0.089475036
0.984674990 0.020387545 -0.173203692 3.602453947 0.172057644 -0.275770307 0.945699155 -1.285526872 -0.028483957 -0.961007297 -0.275051951 0.088811636
0.984287500 0.020190008 -0.175415158 3.611207008 0.174121082 -0.275974035 0.945262074 -1.287142158 -0.029325172 -0.960953116 -0.275153399 0.092325687
0.983730197 0.022223987 -0.178272173 3.631967783 0.177470773 -0.274380803 0.945102870 -1.281885624 -0.027910486 -0.961364329 -0.273860693 0.084392190
0.984546900 0.020404063 -0.173928499 3.605565548 0.172769755 -0.275386214 0.945681334 -1.282848716 -0.028601758 -0.961117148 -0.274655819 0.086947680
0.982916296 0.022616200 -0.182658434 3.660060406 0.181813031 -0.273678184 0.944481134 -1.288205028 -0.028629035 -0.961555600 -0.273114681 0.075925112
0.982518554 0.022707917 -0.184774607 3.673392057 0.183906168 -0.272528172 0.944408417 -1.286914825 -0.028910719 -0.961879969 -0.271940112 0.071151972
0.984497249 0.020372026 -0.174212828 3.602706432 0.173029810 -0.275528312 0.945592523 -1.284126401 -0.028736919 -0.961077213 -0.274781823 0.088237047
0.983862936 0.021606185 -0.177614346 3.627942085 0.176656276 -0.274837017 0.945122957 -1.285832763 -0.028394476 -0.961248159 -0.274218798 0.084108710
0.983628750 0.021728970 -0.178891808 3.627017736 0.177946031 -0.273861527 0.945164204 -1.272462368 -0.028454125 -0.961523771 -0.273244739 0.079849243
0.984493136 0.021491222 -0.174101561 3.607962370 0.173215538 -0.276044369 0.945407748 -1.286554456 -0.027741790 -0.960904598 -0.275486350 0.092853427
0.984127462 0.019975416 -0.176335156 3.611041069 0.174993187 -0.274430990 0.945550084 -1.280884385 -0.029504076 -0.961399317 -0.273570657 0.081672549
0.984062731 0.019147404 -0.176787674 3.611846209 0.175300717 -0.271268368 0.946405530 -1.277320385 -0.029835679 -0.962313414 -0.270301700 0.065946460
0.984392881 0.017740794 -0.175088257 3.603982925 0.173127353 -0.276179790 0.945384383 -1.286014438 -0.031583972 -0.960942268 -0.274940848 0.089444041
0.984384596 0.019613266 -0.174935073 3.605015039 0.173602626 -0.272669792 0.946315646 -1.288699389 -0.029139169 -0.961907744 -0.271816850 0.072852492
0.983638227 0.020777538 -0.178952917 3.616316080 0.178186551 -0.258646727 0.949395299 -1.212310791 -0.026559472 -0.965748549 -0.258117080 0.005312562
0.984530866 0.017814927 -0.174303085 3.599223375 0.172383189 -0.276501298 0.945426404 -1.285772204 -0.031352326 -0.960848391 -0.275295138 0.094333053
0.984416723 0.017750375 -0.174953341 3.604387999 0.173002630 -0.276112795 0.945426881 -1.293290257 -0.031525157 -0.960961401 -0.274880886 0.091632128
0.984638751 0.018477537 -0.173623383 3.598675728 0.171888500 -0.277265668 0.945292592 -1.297919035 -0.030673116 -0.960615635 -0.276182652 0.095435858
0.984297335 0.018101983 -0.175587684 3.610884666 0.173713028 -0.275972962 0.945337415 -1.286166906 -0.031344958 -0.960994959 -0.274783969 0.082726240
0.984799862 0.018794365 -0.172673240 3.596930265 0.171093106 -0.276327610 0.945711672 -1.288700461 -0.029940307 -0.960879862 -0.275342941 0.095384359
0.985380530 0.016972132 -0.169520512 3.573293924 0.167449147 -0.279879808 0.945319176 -1.287501812 -0.031401277 -0.959885120 -0.278630137 0.116340995
0.984924912 0.020622656 -0.171748772 3.594537258 0.170848757 -0.271436334 0.947171092 -1.273998857 -0.027085677 -0.962235451 -0.270867825 0.070231676
0.985743821 0.021110833 -0.166923478 3.567564726 0.166192755 -0.276951671 0.946402609 -1.280723929 -0.026250377 -0.960652053 -0.276511908 0.112967968
0.985906959 0.020372041 -0.166049600 3.567197084 0.164877892 -0.286424518 0.943809628 -1.273796439 -0.028333329 -0.957886338 -0.285746813 0.151742935
0.985351562 0.018088333 -0.169573247 3.593058825 0.167746753 -0.281888008 0.944669306 -1.280899644 -0.030713171 -0.959276736 -0.280792952 0.128270268
0.985706866 0.018898264 -0.167406216 3.591225147 0.166228518 -0.270641565 0.948220193 -1.273390770 -0.027387336 -0.962494791 -0.269914627 0.210015893
0.986849368 0.018846132 -0.160540104 3.592562675 0.159019172 -0.291397333 0.943292379 -1.275605559 -0.029003538 -0.956416488 -0.290562153 0.329596877
0.987341523 0.018633626 -0.157510400 3.551040173 0.155520201 -0.308759570 0.938339591 -1.154737949 -0.031148165 -0.950957656 -0.307749033 0.586736679
0.988447726 0.064141020 -0.137320787 3.551468611 0.150769442 -0.323581100 0.934111357 -1.152536392 0.015480451 -0.944024086 -0.329513550 0.594944477
0.985777080 0.112629674 -0.124732196 3.546557426 0.157432854 -0.359164476 0.919899881 -1.133183002 0.058808655 -0.926453173 -0.371787667 0.602544069
0.986095071 0.102901697 -0.130490512 3.573849440 0.160309970 -0.382129431 0.910097659 -1.023727775 0.043786325 -0.918361723 -0.393312097 0.782771349
0.986334741 0.089211471 -0.138510406 3.549099207 0.162445068 -0.386348486 0.907935262 -0.983853281 0.027484950 -0.918028355 -0.395560861 0.867699027
0.987553775 0.105596721 -0.116562515 3.464934349 0.148881078 -0.388654232 0.909275651 -1.148480058 0.050714012 -0.915312529 -0.399538279 0.673892736
0.984977722 0.090390593 -0.147134215 3.508698940 0.170152128 -0.362732053 0.916228116 -1.012895226 0.029448114 -0.927499473 -0.372663140 0.915589690
0.984534442 0.078381434 -0.156679064 3.471202135 0.173913434 -0.329452038 0.928017139 -0.943249583 0.021121092 -0.940913439 -0.337988496 1.095828056
0.984358370 0.051580675 -0.168457657 3.424796343 0.176057220 -0.323340058 0.929760695 -0.878189325 -0.006511427 -0.944875956 -0.327363729 1.271319747
0.984872401 0.049533233 -0.166050583 3.415814877 0.173153758 -0.318054438 0.932126224 -0.947603464 -0.006641902 -0.946777642 -0.321819901 1.269340515
0.984387517 0.071289606 -0.160931528 3.399644136 0.175089985 -0.303006172 0.936766088 -0.900743723 0.018018447 -0.950318396 -0.310757518 1.357937217
0.983149052 0.086721845 -0.160926417 3.410611868 0.180155575 -0.310280323 0.933418632 -0.905131102 0.031015500 -0.946681380 -0.320675135 1.365424633
0.981671333 0.092954636 -0.166375458 3.472742796 0.188083142 -0.331631184 0.924470484 -0.957707763 0.030758537 -0.938818634 -0.343035936 1.274253845
0.981358826 0.099699005 -0.164301410 3.488086700 0.188506380 -0.332898498 0.923928678 -0.976746440 0.037419096 -0.937677443 -0.345486760 1.227377176
0.981339514 0.088926911 -0.170483798 3.514043570 0.190130204 -0.316467524 0.929354012 -0.988172412 0.028692000 -0.944426000 -0.327469826 1.246994972
0.985005021 0.076679625 -0.154549032 3.536785603 0.170966148 -0.313649297 0.934020877 -0.981752753 0.023146190 -0.946437836 -0.322055817 1.250283241
0.991383076 0.070032723 -0.110702507 3.555669308 0.128424078 -0.353014350 0.926762283 -1.034407973 0.025824122 -0.932993352 -0.358966231 1.246231675
0.995917797 0.064926058 -0.062708087 3.580097198 0.082734063 -0.378792644 0.921776175 -1.059026837 0.036093935 -0.923201442 -0.382617950 1.237071991
0.997374713 0.050032064 -0.052349165 3.608142138 0.065868154 -0.326492906 0.942901909 -0.971055388 0.030083703 -0.943874657 -0.328931332 1.222283602
0.998326659 0.029359370 -0.049818493 3.604159117 0.056304403 -0.297193050 0.953155875 -0.957384825 0.013178349 -0.954365969 -0.298348784 1.286060810
0.998218834 0.018165503 -0.056826323 3.633312464 0.059659015 -0.306090117 0.950131416 -0.928239226 -0.000134362 -0.951829195 -0.306628704 1.308712006
0.998601139 0.030096762 -0.043474145 3.695449352 0.050719589 -0.312845588 0.948448777 -0.904655576 0.014944543 -0.949326992 -0.313934445 1.277028561
0.999292195 0.036221523 -0.010155874 3.733268261 0.021674721 -0.333732367 0.942418694 -0.890905857 0.030746493 -0.941971779 -0.334281206 1.224150896
0.999217272 0.030111477 0.025654070 3.771788359 -0.013829584 -0.341686487 0.939712346 -0.889431834 0.037061773 -0.939331591 -0.341002703 1.171395779
0.998531997 0.022327889 0.049348492 3.841189623 -0.040004656 -0.310215712 0.949824274 -1.075906038 0.036516238 -0.950404108 -0.308867097 1.043942809
0.995211780 -0.003881317 0.097664714 3.891318321 -0.094287425 -0.301420331 0.948818088 -1.123650074 0.025755458 -0.953483462 -0.300343037 0.905543625
0.983106554 -0.018886968 0.182057217 3.960753441 -0.178335771 -0.322764277 0.929526687 -1.183066726 0.041205600 -0.946291089 -0.320679903 0.745649219
0.963777304 -0.041716948 0.263425559 4.054468155 -0.262456656 -0.324000359 0.908922791 -1.501067281 0.047432460 -0.945136905 -0.323213100 0.667888880
0.951952338 -0.040829822 0.303512126 4.099804401 -0.301928639 -0.290958643 0.907844782 -1.560475349 0.051242352 -0.955863953 -0.289306521 0.453078270
0.947124004 -0.040806100 0.318262398 4.133298874 -0.316575348 -0.280535698 0.906134427 -1.631392956 0.052308157 -0.958975732 -0.278620243 0.244187891
0.946347713 -0.029599339 0.321791649 4.160804749 -0.316058517 -0.292251468 0.902605176 -2.056693792 0.067327559 -0.955883384 -0.285926700 0.223325610
0.951104879 -0.026564702 0.307723582 4.158357143 -0.301073372 -0.302149415 0.904467225 -2.180771351 0.068951547 -0.952890635 -0.295373797 0.018391490
0.956794620 -0.047485039 0.286860973 4.047773361 -0.286574841 -0.320881248 0.902723789 -1.632000208 0.049182422 -0.945928454 -0.320625544 -0.443831623
0.955921054 -0.028642103 0.292223603 4.052986145 -0.287169635 -0.298721313 0.910109580 -2.817465067 0.061225928 -0.953910649 -0.293779135 -0.248221397
0.956567585 -0.025625005 0.290382236 4.036055565 -0.284291625 -0.302316070 0.909825921 -3.028918982 0.064472921 -0.952863216 -0.296470761 -0.528980494
0.959644079 -0.020664379 0.280457139 4.133403778 -0.274221778 -0.289824605 0.916953862 -2.596693754 0.062335037 -0.956856787 -0.283794999 -1.251751542
0.961453140 -0.016694896 0.274461627 3.724208832 -0.265729338 -0.312990785 0.911825001 -3.660344601 0.070681095 -0.949609458 -0.305362225 -0.998946190
0.960799217 -0.011833608 0.276992410 3.580636263 -0.266544491 -0.314317107 0.911130726 -3.858213902 0.076281436 -0.949244559 -0.305149913 -1.218480587
0.959362924 0.002201378 0.282166541 3.414878130 -0.267561674 -0.310533524 0.912129223 -4.045392990 0.089630097 -0.950559914 -0.297325373 -1.415240049
0.958307445 -0.006459132 0.285666168 3.141561031 -0.273776889 -0.306997657 0.911481678 -4.522448540 0.081811443 -0.951688468 -0.295966506 -1.467763424
0.964655995 -0.041469619 0.260229021 2.892059565 -0.258687615 -0.337143898 0.905215383 -4.819511890 0.050195657 -0.940539479 -0.335955501 -1.657620430
0.980753183 -0.025970437 0.193516612 2.626021862 -0.190279722 -0.349364400 0.917463064 -5.126683235 0.043780878 -0.936627150 -0.347581983 -1.876795769
0.992073476 0.035750534 0.120466284 2.425055027 -0.102444306 -0.325065374 0.940126479 -5.296430588 0.072769426 -0.945015609 -0.318826318 -2.036687374
0.994455993 0.071863487 0.076765060 2.153261423 -0.050634284 -0.312560916 0.948547184 -5.625212193 0.092159674 -0.947175443 -0.307189345 -2.222118378
