1.000000000 0.000000000 0.000000000 -0.000000119 0.000000000 1.000000000 0.000000000 -0.000000715 0.000000000 0.000000000 1.000000000 0.000000626
0.999984443 0.003441743 0.004386041 -0.000075140 -0.003460189 0.999985158 0.004204938 0.019242590 -0.004371504 -0.004220049 0.999981523 0.007118445
0.999969780 0.004473844 0.006356271 -0.000657411 -0.004563424 0.999889493 0.014149371 0.041905124 -0.006292267 -0.014177949 0.999879718 0.013445959
0.999972463 0.003981302 0.006263726 -0.000958670 -0.004149071 0.999626756 0.027003188 0.065544233 -0.006153880 -0.027028434 0.999615729 0.021175882
0.999981940 0.000329711 0.006002334 -0.002170087 -0.000550357 0.999322653 0.036795534 0.090749018 -0.005986136 -0.036798172 0.999304771 0.027420007
0.999977469 -0.000153577 0.006711321 -0.002761389 -0.000141741 0.999032378 0.043980263 0.117367662 -0.006711582 -0.043980226 0.999009848 0.036353987
0.999971807 -0.004391516 0.006091703 -0.003480650 0.004087489 0.998787820 0.049053326 0.142190307 -0.006299737 -0.049027041 0.998777568 0.043434296
0.999963462 -0.006867291 0.005092524 -0.004189233 0.006590179 0.998595536 0.052568831 0.167005822 -0.005446377 -0.052533351 0.998604298 0.049750503
0.999961436 -0.007737674 0.004151303 -0.004704625 0.007488607 0.998346925 0.056985602 0.190647259 -0.004585377 -0.056952320 0.998366356 0.055999670
0.999969125 -0.007014447 0.003541055 -0.005202052 0.006779627 0.998024464 0.062459473 0.211473987 -0.003972178 -0.062433537 0.998041213 0.060616978
0.999989331 -0.000812188 0.004543548 -0.006040147 0.000490368 0.997519553 0.070387885 0.230733082 -0.004589446 -0.070384905 0.997509360 0.064267538
0.999998033 0.000013025 0.001986776 -0.007010751 -0.000175518 0.996648014 0.081808873 0.248721778 -0.001979050 -0.081809066 0.996646047 0.066771962
0.999991059 0.003245606 0.002705871 -0.007952347 -0.003491202 0.995342433 0.096339285 0.265175641 -0.002380589 -0.096347868 0.995344877 0.069369823
0.999992371 0.003658843 0.001376230 -0.008548003 -0.003791856 0.993476629 0.113972604 0.276970387 -0.000950245 -0.113976955 0.993482947 0.070813514
0.999994695 0.003236078 0.000369368 -0.009149461 -0.003256578 0.991378188 0.130990997 0.283366740 0.000057713 -0.130991504 0.991383493 0.071881153
0.999996185 0.002506110 -0.001147970 -0.010709629 -0.002314060 0.989514828 0.144412816 0.282453805 0.001497848 -0.144409597 0.989516854 0.068401664
0.999989152 0.001830042 -0.004284082 -0.011439292 -0.001169900 0.988790274 0.149306312 0.272433102 0.004509296 -0.149299666 0.988781691 0.064258434
0.999983847 0.003705107 -0.004310439 -0.011990833 -0.003028328 0.989042222 0.147601798 0.254045397 0.004810087 -0.147586361 0.989037454 0.058658365
0.999993443 0.002993106 -0.002047115 -0.012317644 -0.002680288 0.990333080 0.138683707 0.228736788 0.002442421 -0.138677299 0.990334630 0.055672605
0.999930739 0.011135739 0.003811290 -0.013250481 -0.011533209 0.991643131 0.128494710 0.198338449 -0.002348556 -0.128529757 0.991702855 0.048523568
0.999792695 0.017353974 0.010650706 -0.013678469 -0.018470310 0.993115902 0.115670703 0.163026676 -0.008570039 -0.115843438 0.993230522 0.040228978
0.999471068 0.024576455 0.021296773 -0.014651872 -0.026613094 0.994497895 0.101319872 0.124896057 -0.018689513 -0.101833053 0.994625926 0.032286748
0.998955250 0.032614514 0.032010142 -0.014858932 -0.035265759 0.995662689 0.086093418 0.085399888 -0.029063411 -0.087132342 0.995772719 0.024596473
0.998735130 0.035148047 0.035955623 -0.015244241 -0.037594117 0.996853530 0.069783553 0.047170509 -0.033389732 -0.071047008 0.996913970 0.018905217
0.998587310 0.038530499 0.036589388 -0.018004857 -0.040523104 0.997642875 0.055376131 0.012144780 -0.034369472 -0.056780618 0.997794926 0.009438949
0.998766840 0.036229722 0.033944011 -0.018551279 -0.037656069 0.998392165 0.042368583 -0.022257797 -0.032354429 -0.043594532 0.998525262 0.001854592
0.998799622 0.034545541 0.034726527 -0.019016275 -0.035560720 0.998945117 0.029053647 -0.053201716 -0.033686217 -0.030253671 0.998974442 -0.004286101
0.998987317 0.027850727 0.035336867 -0.019151071 -0.028333204 0.999511003 0.013227089 -0.081573606 -0.034951203 -0.014214900 0.999287903 -0.010661289
0.999045074 0.024371838 0.036261611 -0.019587979 -0.024302082 0.999701858 -0.002363252 -0.108148061 -0.036308400 0.001479762 0.999339521 -0.017388126
0.999145150 0.020188855 0.036074828 -0.018173456 -0.019456366 0.999599636 -0.020541675 -0.128748685 -0.036475096 0.019822229 0.999137938 -0.021521628
0.999141216 0.021943606 0.035147250 -0.018195890 -0.020704564 0.999164462 -0.035237215 -0.146680281 -0.035891116 0.034479246 0.998760760 -0.030305579
0.999115050 0.021885481 0.035917774 -0.016528316 -0.020211160 0.998721480 -0.046334311 -0.153532073 -0.036885902 0.045567371 0.998280048 -0.032192171
0.998839855 0.027020711 0.039860625 -0.015021230 -0.025052734 0.998481035 -0.049070951 -0.152227148 -0.041126009 0.048015404 0.997999609 -0.032621738
0.998558581 0.032810591 0.042476103 -0.014133924 -0.030922310 0.998536289 -0.044373825 -0.143743381 -0.043869860 0.042996407 0.998111606 -0.032046217
0.998271823 0.037979711 0.044842690 -0.012181852 -0.036464814 0.998751938 -0.034130637 -0.126215398 -0.046082996 0.032436471 0.998410881 -0.027859930
0.998252749 0.035770975 0.047030412 -0.011676801 -0.034825474 0.999177516 -0.020772338 -0.105891936 -0.047734775 0.019098189 0.998677433 -0.023936810
0.998430490 0.033243414 0.045071810 -0.009343592 -0.032926787 0.999427736 -0.007749508 -0.078726940 -0.045303635 0.006253275 0.998953700 -0.016083255
0.998695850 0.027349763 0.043111857 -0.004845831 -0.027478948 0.999619484 0.002406682 -0.049618129 -0.043029632 -0.003588211 0.999067366 -0.004552487
0.998665690 0.030194582 0.041894685 -0.002727960 -0.030624328 0.999484360 0.009654063 -0.019232776 -0.041581582 -0.010924178 0.999075413 0.004619413
0.998762906 0.028756840 0.040566925 -0.004635145 -0.029305631 0.999485970 0.012998759 0.014752216 -0.040172268 -0.014171517 0.999092281 0.010051411
0.999011338 0.028073190 0.034471549 -0.002431010 -0.028644172 0.999458671 0.016183224 0.047133069 -0.033998571 -0.017154634 0.999274671 0.018278409
0.999135733 0.026400106 0.032106094 -0.000806578 -0.027082069 0.999412715 0.020994766 0.080019839 -0.031532973 -0.021846121 0.999263942 0.025357317
0.999328256 0.022303803 0.029078936 -0.001132539 -0.023188578 0.999267161 0.030453023 0.112711124 -0.028378410 -0.031106863 0.999113142 0.033260088
0.999246359 0.019562362 0.033526320 -0.000789821 -0.021027794 0.998813331 0.043929659 0.143892094 -0.032627169 -0.044601537 0.998471916 0.040469896
0.999165654 0.016198510 0.037490953 -0.000759100 -0.018416172 0.998053432 0.059583068 0.174622491 -0.036452819 -0.060223795 0.997519076 0.048094392
0.999024093 0.017001104 0.040765382 -0.000682262 -0.020119492 0.996801078 0.077348463 0.199759975 -0.039319970 -0.078093164 0.996170342 0.052637558
0.999036372 0.018041424 0.040009864 -0.001202181 -0.021762319 0.995276988 0.094605029 0.221113011 -0.038114086 -0.095384568 0.994710565 0.057123248
0.999177635 0.017267447 0.036686610 -0.002625822 -0.021167461 0.993846118 0.108728126 0.239382222 -0.034583386 -0.109415278 0.993394315 0.059520438
0.999290109 0.017708167 0.033252604 -0.004693940 -0.021569043 0.992588580 0.119593866 0.246478125 -0.030888366 -0.120226197 0.992265880 0.060198236
0.999343455 0.018210664 0.031320971 -0.006002578 -0.022043202 0.991692066 0.126731589 0.246039599 -0.028752891 -0.127338812 0.991442442 0.059430309
0.999430716 0.018244775 0.028378399 -0.007619567 -0.021759452 0.991414428 0.128933713 0.236263335 -0.025782390 -0.129477814 0.991247058 0.056950897
0.999515951 0.016759595 0.026210813 -0.009709133 -0.019885154 0.992090821 0.123936929 0.218128338 -0.023926375 -0.124398135 0.991943836 0.052494265
0.999528170 0.017409988 0.025303613 -0.011406196 -0.020139948 0.993506253 0.111980662 0.192834154 -0.023189716 -0.112437442 0.993388176 0.045255419
0.999543071 0.016497724 0.025326328 -0.013237535 -0.018871304 0.995150328 0.096538544 0.165101677 -0.023610840 -0.096972376 0.995006979 0.038640186
0.999396145 0.020405315 0.028124548 -0.014426312 -0.022687107 0.996261477 0.083356984 0.134956241 -0.026318479 -0.083944716 0.996122777 0.031793341
0.999275804 0.021062138 0.031690586 -0.015350867 -0.023336725 0.997043729 0.073206335 0.102883071 -0.030055020 -0.073892877 0.996813178 0.024704657
0.998973906 0.025396029 0.037498329 -0.015588260 -0.027864443 0.997374356 0.066843145 0.070635416 -0.035702322 -0.067819424 0.997058630 0.016751939
0.998771489 0.025255287 0.042633675 -0.015483151 -0.027839666 0.997739971 0.061154835 0.039869148 -0.040992841 -0.062266618 0.997217357 0.009833842
0.998698890 0.024019985 0.044984560 -0.015176496 -0.026544632 0.998055696 0.056392942 0.007857962 -0.043542538 -0.057513665 0.997394741 0.001718799
0.998585939 0.020251701 0.049152575 -0.014243521 -0.022690853 0.998512149 0.049584325 -0.024838792 -0.048075274 -0.050629523 0.997559726 -0.005490779
0.998308182 0.015933339 0.055918511 -0.013283209 -0.018240482 0.998992860 0.040994141 -0.058203325 -0.055209022 -0.041944768 0.997593403 -0.011707891
0.997827590 0.011229659 0.064915702 -0.010698266 -0.013037718 0.999536872 0.027496208 -0.090487562 -0.064576864 -0.028282825 0.997511864 -0.018707067
0.997445643 0.006679603 0.071116246 -0.009630895 -0.007509539 0.999906719 0.011409174 -0.120121531 -0.071033411 -0.011914081 0.997402787 -0.025990682
0.997189224 0.006605553 0.074632697 -0.008076335 -0.006202520 0.999964893 -0.005630711 -0.146103248 -0.074667268 0.005151974 0.997195184 -0.032889076
0.996915638 0.006499656 0.078211285 -0.006962327 -0.004773890 0.999741435 -0.022232223 -0.166219428 -0.078335561 0.021790277 0.996688902 -0.038858946
0.996950090 0.009091654 0.077510618 -0.003799092 -0.006514903 0.999419749 -0.033432133 -0.178461105 -0.077769600 0.032825194 0.996430814 -0.043518916
0.996788323 0.011354005 0.079272598 -0.002675971 -0.008351423 0.999238789 -0.038106002 -0.183757439 -0.079644918 0.037321575 0.996124387 -0.045624547
0.996407151 0.015844142 0.083196886 -0.001632149 -0.012677258 0.999179840 -0.038456224 -0.180499271 -0.083737962 0.037263349 0.995790839 -0.044860013
0.996249735 0.019766755 0.084236167 -0.000879052 -0.016769573 0.999206007 -0.036140997 -0.169437110 -0.084883668 0.034592856 0.995790184 -0.041782625
0.996358871 0.021214224 0.082577087 -0.000530255 -0.018591862 0.999302149 -0.032397028 -0.151725069 -0.083206736 0.030743804 0.996057987 -0.036553767
0.996510208 0.020976229 0.080792323 0.000113958 -0.018745953 0.999424636 -0.028265398 -0.129664183 -0.081338748 0.026652228 0.996330082 -0.029306350
0.996616542 0.022070499 0.079172857 0.001637073 -0.020261945 0.999516726 -0.023574278 -0.103118688 -0.079654895 0.021890320 0.996582091 -0.020750212
0.997005105 0.020201381 0.074650832 0.003461693 -0.018848553 0.999645889 -0.018782457 -0.073865816 -0.075003825 0.017319145 0.997032821 -0.011617213
0.997255921 0.023888001 0.070071496 0.005701472 -0.023081904 0.999657989 -0.012291249 -0.041753393 -0.070341147 0.010640137 0.997466266 -0.002732839
0.997441590 0.024885306 0.067014739 0.007737130 -0.024545962 0.999681413 -0.005882519 -0.009313904 -0.067139775 0.004222528 0.997734666 0.006878694
0.997392297 0.028096305 0.066477150 0.009997473 -0.028358264 0.999593318 0.003000074 0.024293775 -0.066365823 -0.004877427 0.997783422 0.017213477
0.996968210 0.030871853 0.071423538 0.012186631 -0.031948522 0.999391735 0.013981195 0.058509741 -0.070948474 -0.016220683 0.997348070 0.027584136
0.997471988 0.027107604 0.065686882 0.012639189 -0.029178672 0.999100268 0.030777737 0.092622966 -0.064793468 -0.032616585 0.997365534 0.035931963
0.997875690 0.019039016 0.062302977 0.012839443 -0.022308018 0.998387396 0.052201577 0.124742270 -0.061208636 -0.053480536 0.996691167 0.043372758
0.998254657 0.010944902 0.058032922 0.013123053 -0.015318996 0.997030258 0.075472005 0.154169887 -0.057034545 -0.076229282 0.995457768 0.050048858
0.998349488 0.005055238 0.057207972 0.013390229 -0.010535363 0.995335102 0.095901288 0.181276515 -0.056456298 -0.096345715 0.993745565 0.055458870
0.998354733 0.004192701 0.057185847 0.013557091 -0.010535334 0.993757069 0.111067243 0.205758780 -0.056363169 -0.111486979 0.992166221 0.060442459
0.998231471 0.010043968 0.058591813 0.014177454 -0.017101575 0.992477477 0.121227168 0.227412760 -0.056933455 -0.122014783 0.990894020 0.064187706
0.998322189 0.015901934 0.055677187 0.014215679 -0.022887558 0.991616666 0.127171233 0.244338214 -0.053188156 -0.128232166 0.990316868 0.067159869
0.998551369 0.019475939 0.050158601 0.013106721 -0.025855752 0.991194487 0.129865155 0.255794883 -0.047187682 -0.130973920 0.990262151 0.067691594
0.998848498 0.021741109 0.042766929 0.011365544 -0.027138395 0.991146147 0.129972577 0.260769695 -0.039562531 -0.130983531 0.990594804 0.066691332
0.999094844 0.021462083 0.036726672 0.009878527 -0.026067946 0.991181731 0.129919916 0.258420795 -0.033614453 -0.130759716 0.990844071 0.065322585
0.999216378 0.022253297 0.032733131 0.008590306 -0.026338361 0.991138816 0.130192682 0.248547703 -0.029545860 -0.130952790 0.990948260 0.063060559
0.999221504 0.023865050 0.031413596 0.007920199 -0.027753318 0.991150141 0.129812121 0.231866211 -0.028037619 -0.130582899 0.991040885 0.060110185
0.999234796 0.023778819 0.031054061 0.006822750 -0.027539261 0.991533399 0.126897901 0.209614381 -0.027773656 -0.127656013 0.991429567 0.055637222
0.999193609 0.024836879 0.031546835 0.005597461 -0.028535329 0.992022634 0.122787982 0.183648571 -0.028245501 -0.123589173 0.991931379 0.049956080
0.999033451 0.027855184 0.034003325 0.004980059 -0.031724136 0.992371857 0.119128786 0.154213637 -0.030425588 -0.120092370 0.992296398 0.044585560
0.998530388 0.034383740 0.041890077 0.005306330 -0.039002698 0.992603362 0.114966609 0.121778719 -0.037627250 -0.116431482 0.992485702 0.039738156
0.998036206 0.039363936 0.048726179 0.005539177 -0.044445120 0.993154824 0.108019032 0.087263130 -0.044140585 -0.109972544 0.992954016 0.034250334
0.997748077 0.041470777 0.052715283 0.004838869 -0.046507504 0.994077563 0.098218262 0.050230004 -0.048329893 -0.100448743 0.993767738 0.026033904
0.997675896 0.039980255 0.055176228 0.004215090 -0.044504188 0.995525360 0.083358370 0.015546442 -0.051596649 -0.085620202 0.994990945 0.019101609
0.997462153 0.038463347 0.059914809 0.003833162 -0.042397693 0.996928990 0.065841302 -0.021608299 -0.057198334 -0.068214461 0.996029675 0.012727589
0.997037768 0.036276247 0.067821227 0.003380590 -0.039440457 0.998166561 0.045913242 -0.058989886 -0.066031314 -0.048452139 0.996640503 0.006844008
0.996570885 0.036816984 0.074101292 0.001525392 -0.038725853 0.998949707 0.024489952 -0.093720198 -0.073121823 -0.027275609 0.996949971 -0.001031571
0.996048033 0.035774685 0.081292860 0.001788866 -0.036216103 0.999336123 0.003961509 -0.123928219 -0.081097163 -0.006889964 0.996682405 -0.007282855
0.995729268 0.036520593 0.084791087 -0.000269229 -0.035612285 0.999291182 -0.012200776 -0.152587488 -0.085176565 0.009129065 0.996324062 -0.016356131
0.995729864 0.032198444 0.086517386 -0.001681688 -0.030091010 0.999220490 -0.025553545 -0.175949678 -0.087272726 0.022841034 0.995922565 -0.023407452
0.995907724 0.029314030 0.085489541 -0.003184382 -0.026420165 0.999045432 -0.034787893 -0.193798929 -0.086427703 0.032386884 0.995731533 -0.029609865
0.995923340 0.023036756 0.087212376 -0.003490679 -0.019635797 0.999020457 -0.039655413 -0.203890070 -0.088040479 0.037781265 0.995400131 -0.032384563
0.995700598 0.019579411 0.090537116 -0.003233017 -0.015986845 0.999062240 -0.040236991 -0.207062125 -0.091240034 0.038616594 0.995079875 -0.032563671
0.995422781 0.017043512 0.094037049 -0.003173016 -0.013628877 0.999228418 -0.036835141 -0.203600794 -0.094592296 0.035384923 0.994887054 -0.031008240
0.995388389 0.015975539 0.094587266 -0.003867235 -0.012993603 0.999401569 -0.032058198 -0.193830237 -0.095042810 0.030681329 0.995000243 -0.027245939
0.994922161 0.014545722 0.099590935 -0.003419768 -0.011983048 0.999582767 -0.026282042 -0.178411677 -0.099931665 0.024955183 0.994681299 -0.021363057
0.994333982 0.015257144 0.105200641 -0.002064270 -0.013219586 0.999711812 -0.020038502 -0.158573717 -0.105476059 0.018534256 0.994249105 -0.013940925
0.993459225 0.022367511 0.111975498 -0.000880261 -0.021103390 0.999699652 -0.012461971 -0.135227770 -0.112220608 0.010017397 0.993632793 -0.007831199
0.992749393 0.027773026 0.116950005 0.000256807 -0.027203314 0.999608994 -0.006465121 -0.112043209 -0.117083833 0.003236817 0.993116736 0.000267501
0.992162049 0.036735922 0.119435973 0.003537813 -0.036914662 0.999318182 -0.000716288 -0.085725158 -0.119380854 -0.003698265 0.992841661 0.008598728
0.991898775 0.040726334 0.120325416 0.006529760 -0.041781485 0.999107182 0.006258261 -0.059823759 -0.119963109 -0.011234936 0.992714763 0.016689213
0.992564619 0.043800805 0.113564730 0.012502116 -0.045792770 0.998838484 0.014990186 -0.032633442 -0.112776235 -0.020079171 0.993417501 0.024371203
0.993113875 0.045345027 0.108021580 0.015254406 -0.048296604 0.998523474 0.024864979 -0.005164318 -0.106734581 -0.029910833 0.993837535 0.029584121
0.994264841 0.046534792 0.096290879 0.016817756 -0.050261863 0.998063445 0.036648631 0.019446021 -0.094398968 -0.041278206 0.994678319 0.032057583
0.995483875 0.045474418 0.083330370 0.016786000 -0.049692653 0.997548759 0.049265180 0.041671019 -0.080885805 -0.053183597 0.995303452 0.031697694
0.996638834 0.041208219 0.070801690 0.017027291 -0.045709509 0.996954918 0.063178375 0.060057163 -0.067982629 -0.066202328 0.995487630 0.030062379
0.997669935 0.035580002 0.058213405 0.016984582 -0.040090583 0.996127665 0.078245625 0.074667044 -0.055204004 -0.080397114 0.995233059 0.027740285
0.998306274 0.029536149 0.050121464 0.017123871 -0.034164600 0.994971275 0.094153613 0.085479833 -0.047088481 -0.095706522 0.994295180 0.024325551
0.998924673 0.021466533 0.041094061 0.016489033 -0.025890218 0.993557096 0.110335946 0.093186557 -0.038460765 -0.111281231 0.993044436 0.019706782
0.999323010 0.014546326 0.033793226 0.015455217 -0.018787868 0.991492569 0.128800213 0.097600535 -0.031632163 -0.129347920 0.991094589 0.015296075
0.999557078 0.008652201 0.028473696 0.014742679 -0.012761360 0.988985300 0.147462755 0.099723987 -0.026884189 -0.147760808 0.988657653 0.010155455
0.999578476 0.003703516 0.028795887 0.014483253 -0.008511874 0.985629976 0.168704271 0.100531958 -0.027757291 -0.168878257 0.985246003 0.005942479
0.999385118 -0.001368559 0.035035893 0.014641407 -0.005409537 0.981255710 0.192634419 0.100652635 -0.034642801 -0.192705497 0.980644941 0.002409901
0.998816669 -0.004006721 0.048469234 0.014363271 -0.006620447 0.976122379 0.217120498 0.100884944 -0.048181843 -0.217184454 0.974940717 -0.000038224
0.998097241 -0.009355998 0.060945876 0.013166412 -0.005453496 0.971152842 0.238395512 0.099767327 -0.061418191 -0.238274276 0.969253898 -0.002681211
0.997367322 -0.015279681 0.070886999 0.011526758 -0.003461144 0.966403663 0.257005841 0.097870052 -0.072432429 -0.256574601 0.963806510 -0.005518207
0.996965826 -0.021065168 0.074936010 0.008944089 -0.000272864 0.961734712 0.273982346 0.096183270 -0.077840038 -0.273171484 0.958810866 -0.009274654
0.996811271 -0.024911992 0.075807028 0.006497020 0.001658185 0.956278801 0.292451948 0.095313154 -0.079778217 -0.291393667 0.953270793 -0.013905982
0.996574938 -0.031216420 0.076576218 0.004684139 0.005798762 0.950113833 0.311849445 0.094652720 -0.082490951 -0.310337275 0.947040677 -0.018757908
0.996328533 -0.036316875 0.077527426 0.004459657 0.008581046 0.943369329 0.331633419 0.094632164 -0.085180886 -0.329750568 0.940217376 -0.025085926
0.996078908 -0.043170098 0.077221811 0.003726719 0.013345883 0.936196446 0.351223826 0.095024630 -0.087457150 -0.348816037 0.933101654 -0.031046458
0.996066809 -0.044084206 0.076860182 0.003986611 0.012604257 0.929119468 0.369564831 0.096079662 -0.087704264 -0.367142498 0.926020741 -0.037246320
0.996148586 -0.043077916 0.076369561 0.005230869 0.010350047 0.922671139 0.385448933 0.096419983 -0.087068327 -0.383174002 0.919563353 -0.043057311
0.996423125 -0.041726436 0.073484086 0.007315376 0.009090256 0.917468488 0.397704512 0.095959470 -0.084014125 -0.395613998 0.914566100 -0.048127882
0.996675193 -0.040671937 0.070599832 0.010416888 0.008642545 0.914382637 0.404758841 0.094602317 -0.081017591 -0.402802914 0.911693990 -0.051776949
0.996629536 -0.042272098 0.070303500 0.014741045 0.010128338 0.913859129 0.405905008 0.092404447 -0.081405953 -0.403824866 0.911207199 -0.053619444
0.996778190 -0.041930951 0.068374053 0.019465409 0.011001775 0.915886104 0.401287466 0.090242952 -0.079449207 -0.399242371 0.913396597 -0.054354284
0.997046351 -0.042921912 0.063688606 0.023712777 0.014377110 0.918908119 0.394209504 0.088421866 -0.075444207 -0.392129481 0.916811109 -0.054070383
0.997292280 -0.042499393 0.060015634 0.028475871 0.016049311 0.922209501 0.386357456 0.086738206 -0.071766943 -0.384348124 0.920394480 -0.052646320
0.997489929 -0.039840575 0.058536462 0.031864263 0.014697791 0.925184369 0.379233301 0.085284203 -0.069265895 -0.377421081 0.923447669 -0.051319808
0.997815430 -0.034981191 0.056041561 0.033924881 0.011519399 0.927435994 0.373804450 0.085161373 -0.065051086 -0.372342288 0.925812960 -0.049301218
0.998134196 -0.031797834 0.052125253 0.035083283 0.010306406 0.929184318 0.369473070 0.085005745 -0.060182407 -0.368246466 0.927778363 -0.047108743
0.998516798 -0.025202285 0.048260726 0.036302283 0.005724215 0.930095911 0.367272139 0.084416285 -0.054143198 -0.366451144 0.928860664 -0.044642538
0.998698235 -0.022396488 0.045828175 0.037244618 0.003936019 0.929607570 0.368529886 0.083705984 -0.050855990 -0.367869765 0.928485632 -0.042120188
0.998862386 -0.018145245 0.044097923 0.038744122 0.000389362 0.927844703 0.372966558 0.082805425 -0.047683597 -0.372525126 0.926796257 -0.039640293
0.998927891 -0.015101789 0.043761171 0.041442033 -0.002537769 0.926009774 0.377491087 0.082162000 -0.046224058 -0.377197415 0.924978614 -0.037011158
0.999008596 -0.014146735 0.042209707 0.045407705 -0.002968577 0.924884021 0.380237758 0.081355192 -0.044418208 -0.379986107 0.923925102 -0.034202017
0.998965204 -0.015559638 0.042736586 0.051056780 -0.001954426 0.924104512 0.382134825 0.080646276 -0.045438949 -0.381822914 0.923117876 -0.031120105
0.998889744 -0.017846491 0.043598499 0.058585458 -0.000230989 0.923600495 0.383356392 0.079669185 -0.047109161 -0.382940829 0.922570944 -0.027904881
0.998729765 -0.020346742 0.046096064 0.067758761 0.001043457 0.922998369 0.384802490 0.078356400 -0.050376065 -0.384265631 0.921847165 -0.024985369
0.998590350 -0.023289906 0.047695868 0.078874961 0.003052467 0.922304034 0.386453032 0.077246591 -0.052990548 -0.385762691 0.921074986 -0.021648694
0.998426318 -0.027669761 0.048777413 0.091522686 0.006544996 0.921349406 0.388680369 0.076144606 -0.055695731 -0.387749463 0.920080602 -0.018685678
0.998257339 -0.032271296 0.049405359 0.105845749 0.010413311 0.920414925 0.390804201 0.074890792 -0.058085188 -0.389608651 0.919147015 -0.016117373
0.998069108 -0.036209412 0.050467469 0.121925727 0.013547435 0.919844389 0.392049521 0.073540203 -0.060618103 -0.390608817 0.918558776 -0.013893010
0.997736573 -0.040678784 0.053544138 0.139202401 0.016511887 0.920098066 0.391339958 0.071758166 -0.065185085 -0.389570057 0.918687165 -0.011495147
0.997381568 -0.044495299 0.057010479 0.157751724 0.019000575 0.921852767 0.387074262 0.070697784 -0.069778256 -0.384977490 0.920284390 -0.009711217
0.996834457 -0.049796823 0.061978508 0.176436707 0.022489119 0.924323797 0.380945891 0.068109654 -0.076258108 -0.378346175 0.922517657 -0.007215904
0.996124983 -0.056269456 0.067592248 0.195703879 0.026976030 0.926978946 0.374142081 0.065272763 -0.083709359 -0.370868891 0.924904883 -0.004760359
0.995353878 -0.061127696 0.074391373 0.214791745 0.029455509 0.928897023 0.369164854 0.063153207 -0.091668122 -0.365258425 0.926381826 -0.002494034
0.994561493 -0.066470243 0.080181576 0.233333990 0.032477453 0.929405630 0.367628098 0.062010814 -0.098957531 -0.363024652 0.926509857 -0.000460009
0.993791878 -0.070069268 0.086417489 0.250810444 0.033275992 0.928397536 0.370095551 0.062208720 -0.106162108 -0.364922345 0.924965560 0.001591897
0.992779315 -0.073656082 0.094678432 0.268202752 0.032706309 0.925587356 0.377118498 0.063126244 -0.115410224 -0.371298879 0.921312988 0.003053313
0.991626143 -0.076233007 0.104240812 0.285001457 0.030112036 0.921420336 0.387398839 0.064705133 -0.125582173 -0.381015897 0.916000009 0.003764698
0.990439594 -0.082153104 0.110816196 0.299735904 0.031735696 0.917475939 0.396523386 0.066278428 -0.134246811 -0.389215618 0.911311686 0.004952574
0.990042090 -0.085357986 0.111940250 0.312357903 0.033305459 0.914646327 0.402880669 0.068062566 -0.136774823 -0.395140588 0.908381283 0.006042336
0.989934206 -0.084946655 0.113200612 0.323595643 0.031879403 0.913124621 0.406432241 0.069867559 -0.137891322 -0.398732394 0.906641304 0.007094116
0.990026772 -0.084678963 0.112589583 0.332868636 0.032049250 0.913614750 0.405315816 0.072980948 -0.137185216 -0.397665083 0.907217026 0.008932195
0.990173042 -0.085091844 0.110981010 0.339825630 0.033324063 0.914288700 0.403690040 0.074609943 -0.135819420 -0.396024644 0.908139646 0.010022274
0.990353107 -0.086452559 0.108290002 0.344488949 0.036128558 0.915570974 0.400530308 0.075608335 -0.133774057 -0.392754048 0.909861982 0.010737846
0.990722597 -0.086390495 0.104906633 0.346937537 0.037916958 0.917004645 0.397070289 0.076318227 -0.130502969 -0.389408767 0.911772907 0.010477601
0.990683019 -0.088550866 0.103469290 0.347378939 0.040898237 0.918129325 0.394164860 0.077155009 -0.129901826 -0.386260748 0.913196683 0.010317236
0.990588248 -0.089883044 0.103227481 0.345860928 0.042357564 0.918453991 0.393253207 0.077878490 -0.130156487 -0.385179579 0.913617015 0.009914105
0.990315497 -0.088561952 0.106920749 0.342599928 0.039548833 0.918169618 0.394208610 0.078186154 -0.133083269 -0.386162281 0.912780106 0.008966007
0.990155399 -0.087401241 0.109331392 0.337001145 0.037552334 0.918328047 0.394034773 0.077357173 -0.134841204 -0.386050016 0.912569582 0.007624162
0.990172148 -0.087536983 0.109070547 0.328839153 0.037890531 0.918633699 0.393289328 0.076081298 -0.134623230 -0.385291398 0.912922323 0.005792697
0.990431547 -0.086456813 0.107566580 0.318816125 0.037615284 0.919050336 0.392341226 0.074840717 -0.132779673 -0.384541005 0.913508534 0.003438168
0.990831256 -0.086745009 0.103579536 0.306896627 0.039337710 0.918670595 0.393060893 0.074592538 -0.129251540 -0.385382444 0.913659930 0.000796700
0.991565526 -0.083617754 0.099024698 0.293601841 0.037889279 0.917681813 0.395505369 0.075430065 -0.123944432 -0.388417542 0.913109899 -0.001919883
0.992138684 -0.081648566 0.094838604 0.278900832 0.037364081 0.916541040 0.398191422 0.076462269 -0.119435236 -0.391517550 0.912386537 -0.004348811
0.992659092 -0.080462277 0.090298198 0.262373269 0.037876587 0.915857196 0.399713665 0.077285089 -0.114862122 -0.393359214 0.912181616 -0.006641699
0.993240774 -0.079226814 0.084828243 0.244226635 0.038954318 0.915962398 0.399368852 0.077759042 -0.109340206 -0.393364996 0.912857413 -0.008782508
0.993884206 -0.076201901 0.079921670 0.224950388 0.038288459 0.916653335 0.397845000 0.077887423 -0.103577010 -0.392351776 0.913964927 -0.011309885
0.994551778 -0.072724663 0.074685112 0.204590216 0.037534058 0.918219149 0.394290298 0.077485919 -0.097251922 -0.389338881 0.915946126 -0.014540458
0.995241225 -0.068830557 0.068972595 0.183271483 0.036674090 0.920381844 0.389297128 0.076741502 -0.090276666 -0.384915054 0.918526292 -0.017900849
0.995923579 -0.063511804 0.064050153 0.160850972 0.034156669 0.922748327 0.383886456 0.075897723 -0.083483487 -0.380133867 0.921156228 -0.021123288
0.996366560 -0.060395226 0.060050461 0.138501659 0.033205315 0.924753547 0.379115164 0.074574217 -0.078428619 -0.375743687 0.923398972 -0.023926748
0.996744215 -0.057822213 0.056192007 0.115494825 0.032478154 0.925817430 0.376573056 0.072837010 -0.073797829 -0.373522013 0.924681127 -0.026890429
0.997106850 -0.055061959 0.052403457 0.091851816 0.031316206 0.925747573 0.376843065 0.072101586 -0.069262087 -0.374111742 0.924793601 -0.029700210
0.997600734 -0.050297562 0.047569752 0.067874290 0.028551977 0.924892247 0.379155874 0.072120070 -0.063067511 -0.376887977 0.924109280 -0.032281041
0.997981012 -0.046833426 0.042900994 0.042919792 0.026864467 0.923339665 0.383043259 0.072980180 -0.057551421 -0.381117374 0.922733665 -0.035064090
0.998363554 -0.041691057 0.039141405 0.018976644 0.023354650 0.922035813 0.386399478 0.074242294 -0.052199181 -0.384853035 0.921500623 -0.036807746
0.998603046 -0.037340991 0.037385337 -0.004800081 0.019980215 0.921840608 0.387053937 0.075568818 -0.048916295 -0.385766238 0.921298862 -0.038411956
0.998743951 -0.035769969 0.035086252 -0.029357094 0.019488154 0.922431469 0.385668814 0.076408312 -0.046160020 -0.384500623 0.921969891 -0.041198272
0.998912632 -0.034330547 0.031542204 -0.053370174 0.019638222 0.923466265 0.383176684 0.078037947 -0.042282827 -0.382140636 0.923136353 -0.042830173
0.999060273 -0.031622894 0.029640524 -0.076949425 0.017972475 0.924558759 0.380615383 0.079746731 -0.039440569 -0.379725009 0.924258292 -0.044808440
0.999216557 -0.028960709 0.026972495 -0.100210682 0.016615503 0.925555646 0.378246784 0.081621006 -0.035918839 -0.377502322 0.925311744 -0.046111330
0.999341488 -0.026818721 0.024440097 -0.123217985 0.015632531 0.926079452 0.377004623 0.083814494 -0.032744251 -0.376374304 0.925888896 -0.047584042
0.999527156 -0.025097679 0.017764075 -0.145842269 0.016536955 0.925834060 0.377568305 0.086002335 -0.025922673 -0.377095997 0.925811350 -0.050229374
0.999704957 -0.022053715 0.010180636 -0.167144209 0.016508352 0.924325824 0.381246984 0.089098141 -0.017818136 -0.380966425 0.924417138 -0.051627435
0.999826849 -0.018388564 0.002854732 -0.186715111 0.015847547 0.921799302 0.387343407 0.092537135 -0.009754178 -0.387231112 0.921931088 -0.052867923
0.999870718 -0.015089774 -0.005554371 -0.205045491 0.016058628 0.919480920 0.392806560 0.095851906 -0.000820223 -0.392844945 0.919604361 -0.054894757
0.999789059 -0.014057566 -0.014972456 -0.221610427 0.018840825 0.917955041 0.396236807 0.098932400 0.008173916 -0.396435350 0.918026268 -0.055855215
0.999635756 -0.012532879 -0.023900878 -0.236355647 0.020965476 0.918296039 0.395338923 0.101477355 0.016993348 -0.395696014 0.918224335 -0.056790669
0.999493957 -0.010511062 -0.030022739 -0.248975098 0.021403175 0.920444250 0.390287459 0.102437548 0.023531923 -0.390732527 0.920203447 -0.058537852
0.999318957 -0.008885045 -0.035814919 -0.259079725 0.021959634 0.923198581 0.383695453 0.102927648 0.029655131 -0.384220630 0.922764897 -0.059398960
0.999099553 -0.008569674 -0.041553520 -0.265893728 0.023629587 0.925827563 0.377206773 0.102515765 0.035238855 -0.377849013 0.925196409 -0.059712157
0.999009073 -0.007224700 -0.043916915 -0.269505203 0.023110505 0.927490771 0.373131037 0.102094360 0.038036775 -0.373776257 0.926738679 -0.060391568
0.999027431 -0.005416729 -0.043758895 -0.270681918 0.021310408 0.928135335 0.371632427 0.101410329 0.038601141 -0.372203499 0.927348077 -0.063671641
0.999126971 -0.003095534 -0.041661613 -0.267884284 0.018442286 0.927500367 0.373367131 0.100950129 0.037485391 -0.373809516 0.926747680 -0.064963110
0.999306142 -0.003174402 -0.037110575 -0.262423843 0.016887635 0.926676691 0.375479877 0.100358166 0.033197582 -0.375846028 0.926087320 -0.066680886
0.999494016 -0.002648571 -0.031697083 -0.252622634 0.014416263 0.926016927 0.377206534 0.099676445 0.028352980 -0.377472609 0.925586581 -0.065973260
0.999704897 -0.003490518 -0.024039410 -0.241060331 0.012297471 0.926162124 0.376925111 0.098550215 0.020948727 -0.377109528 0.925931752 -0.067058004
0.999848902 -0.003132856 -0.017097397 -0.227593482 0.009311459 0.927120090 0.374648780 0.096632399 0.014677620 -0.374751359 0.927009165 -0.069471523
0.999951005 -0.003056919 -0.009414028 -0.211543381 0.006338243 0.928287029 0.371810526 0.094782762 0.007602325 -0.371852010 0.928260922 -0.070624158
0.999987662 -0.003499608 -0.003527890 -0.193364546 0.004554671 0.929376483 0.369105101 0.092967831 0.001987015 -0.369116604 0.929380953 -0.070670970
0.999982238 -0.005076886 0.003123042 -0.174332768 0.003573962 0.930018783 0.367494583 0.091227487 -0.004770217 -0.367476881 0.930020452 -0.071368329
0.999936163 -0.006818113 0.009008721 -0.153877690 0.003024028 0.929801285 0.368049473 0.089794837 -0.010885724 -0.367998749 0.929762542 -0.071382120
0.999820709 -0.011476080 0.015062548 -0.132500559 0.005081142 0.928853273 0.370412916 0.088451236 -0.018241785 -0.370269984 0.928745031 -0.073033944
0.999744594 -0.015683349 0.016271537 -0.110537194 0.008425933 0.926760137 0.375559032 0.087882146 -0.020969836 -0.375326037 0.926655650 -0.072541848
0.999627471 -0.020452024 0.018073952 -0.088316128 0.012012234 0.924280703 0.381524384 0.087672703 -0.024508351 -0.381165147 0.924182057 -0.070916533
0.999517024 -0.023381852 0.020469559 -0.064895101 0.013654317 0.922143102 0.386607856 0.087392755 -0.027915472 -0.386141628 0.922016978 -0.069266349
0.999414504 -0.024730373 0.023643777 -0.040900622 0.013590686 0.921138525 0.388997555 0.087322094 -0.031399246 -0.388448477 0.920935333 -0.067399777
0.999385297 -0.025415631 0.024147842 -0.017129734 0.014021756 0.921076775 0.389128476 0.087276384 -0.032131962 -0.388550669 0.920866966 -0.065148234
0.999425471 -0.025987163 0.021758998 0.006921706 0.015500112 0.921345770 0.388435036 0.086777508 -0.030141884 -0.387874573 0.921219170 -0.061843954
0.999432087 -0.027304817 0.019745946 0.029527022 0.017529242 0.921755612 0.387374908 0.086117387 -0.028778136 -0.386808783 0.921710789 -0.059450533
0.999343932 -0.030594032 0.019382039 0.051342085 0.020703111 0.921682477 0.387392342 0.085502490 -0.029715979 -0.386736929 0.921711206 -0.056934934
0.999275744 -0.032566965 0.019682974 0.072307974 0.022295693 0.920247972 0.390700102 0.083602622 -0.030837130 -0.389978290 0.920307577 -0.053759385
0.999128520 -0.035421621 0.022078857 0.092216156 0.023994800 0.920261741 0.390567064 0.085620321 -0.034152847 -0.389696896 0.920309663 -0.051076133
0.998987377 -0.037195053 0.025313774 0.110166810 0.024256311 0.919111431 0.393250257 0.086540505 -0.037893143 -0.392237991 0.919082940 -0.048303436
0.998762727 -0.039960191 0.029600985 0.125835493 0.024995789 0.917974532 0.395850956 0.088038959 -0.042991228 -0.394621253 0.917837560 -0.045420967
0.998521864 -0.042962022 0.033291563 0.139542028 0.026221275 0.917310655 0.397307962 0.090136975 -0.047607861 -0.395847768 0.917081237 -0.042498443
0.998293757 -0.046676110 0.035083860 0.150533155 0.028911736 0.917141914 0.397510737 0.092733733 -0.050731137 -0.395818144 0.916926563 -0.038875163
0.998052955 -0.047500439 0.040422134 0.160751328 0.027660348 0.917948127 0.395734876 0.095471844 -0.055903003 -0.393846303 0.917474747 -0.034555521
0.997356057 -0.050823238 0.051941030 0.169985697 0.026658770 0.920809746 0.389099866 0.098015085 -0.067603119 -0.386686414 0.919730067 -0.029354529
0.996141016 -0.055393510 0.068078563 0.178264230 0.025643488 0.925514698 0.377842575 0.100575641 -0.083937734 -0.374638706 0.923363566 -0.023262803
0.994932830 -0.058097132 0.082057551 0.184658512 0.024711145 0.932417274 0.360537738 0.102362290 -0.097458079 -0.356683105 0.929128170 -0.017359046
0.993920267 -0.057523608 0.093880534 0.189178720 0.022213602 0.939899027 0.340729177 0.103702568 -0.107838199 -0.336572230 0.935462475 -0.012258376
0.992795706 -0.056069516 0.105890766 0.193450853 0.019224295 0.946844459 0.321116865 0.103133783 -0.118266955 -0.316767752 0.941101015 -0.007702287
0.991391182 -0.055900358 0.118400373 0.196911097 0.017862558 0.953569829 0.300641924 0.102161415 -0.129709005 -0.295938820 0.946359217 -0.003295159
0.990058303 -0.056861032 0.128652364 0.199764520 0.018178236 0.958702505 0.283829242 0.100870639 -0.139478177 -0.278668791 0.950204968 0.000579489
0.988574266 -0.059949335 0.138300449 0.202723131 0.020062711 0.961676657 0.273451030 0.099309601 -0.149393529 -0.267551959 0.951891541 0.004370847
0.987086058 -0.067652218 0.145204514 0.205796361 0.025721423 0.961619973 0.273176551 0.097911417 -0.158112556 -0.265913904 0.950941741 0.008293824
0.985430241 -0.075535119 0.152386725 0.210470021 0.030177798 0.959405899 0.280409783 0.096374340 -0.167381495 -0.271725565 0.947707057 0.013738550
0.983165205 -0.085640311 0.161406055 0.216441154 0.036084607 0.956964076 0.287954390 0.094424486 -0.179120287 -0.277282476 0.943944037 0.021002181
0.980694830 -0.095960364 0.170379922 0.223294035 0.041954696 0.954274595 0.295972615 0.091649994 -0.190990880 -0.283110589 0.939878106 0.029695427
0.978355467 -0.105306134 0.178132519 0.230449453 0.046968535 0.951368570 0.304453284 0.089288309 -0.201530471 -0.289496928 0.935722709 0.039244983
0.976615787 -0.112020575 0.183502108 0.237478524 0.049750201 0.948115170 0.314010441 0.086986601 -0.209156752 -0.297538280 0.931517243 0.049687319
0.975616097 -0.116121441 0.186249793 0.243485764 0.050770652 0.944964111 0.323210746 0.084379569 -0.213531077 -0.305873603 0.927817762 0.061047882
0.975555003 -0.118370339 0.185150936 0.248483285 0.051493362 0.942206323 0.331052482 0.081003480 -0.213637158 -0.313425839 0.925269365 0.072941847
0.975845218 -0.123633966 0.180113032 0.252078503 0.056651250 0.939462662 0.337935805 0.077037528 -0.210989818 -0.319569409 0.923774183 0.086218148
0.977410138 -0.123736136 0.171344042 0.253035158 0.058565475 0.937524617 0.342954338 0.072452158 -0.203075111 -0.325172186 0.923592746 0.099927209
0.979481101 -0.121139951 0.161064968 0.251543850 0.059482582 0.937351584 0.343269318 0.067178987 -0.192558125 -0.326645225 0.925323844 0.114647746
0.982239902 -0.114643812 0.148531556 0.247379243 0.058537472 0.939350128 0.337927133 0.061188668 -0.178264380 -0.323230833 0.929378092 0.130179971
0.985216200 -0.104903154 0.135441467 0.241059095 0.055234395 0.942884386 0.328508973 0.055555820 -0.162167266 -0.316171348 0.934739232 0.145372435
0.988412261 -0.092494920 0.120357342 0.232454509 0.049876988 0.946779013 0.317996562 0.050553177 -0.143364877 -0.308308661 0.940421343 0.160441622
0.991216660 -0.078905851 0.106129311 0.221642762 0.042456072 0.949885607 0.309701115 0.046295799 -0.125247940 -0.302475065 0.944892466 0.175444290
0.993773997 -0.066222548 0.089598387 0.208479106 0.035987910 0.951872110 0.304375380 0.042557478 -0.105442718 -0.299255878 0.948328912 0.189192340
0.996205032 -0.053661119 0.068527646 0.192338526 0.030523892 0.952722967 0.302303165 0.039652340 -0.081509791 -0.299064189 0.950745344 0.201224416
0.998139679 -0.042641059 0.043576859 0.172840238 0.027495025 0.952749908 0.302508980 0.036795564 -0.054417148 -0.300748080 0.952149868 0.211473718
0.999362409 -0.032592699 0.014576082 0.150181711 0.026587434 0.951834440 0.305457503 0.036012229 -0.023829702 -0.304875225 0.952094138 0.218412787
0.999688029 -0.021149350 -0.013288388 0.125226125 0.024229443 0.950348437 0.310243130 0.036486860 0.006067158 -0.310468316 0.950564384 0.222615227
0.999134958 -0.009947835 -0.040377874 0.097521797 0.022199268 0.948632896 0.315599144 0.038255539 0.035164248 -0.316222489 0.948033094 0.223800629
0.997659147 0.002089263 -0.068350635 0.068112999 0.020011954 0.946853936 0.321040720 0.040888954 0.065388806 -0.321657032 0.944595695 0.220356256
0.995425582 0.014774925 -0.094390966 0.037440181 0.016895585 0.945175827 0.326124489 0.044106323 0.094034530 -0.326227427 0.940602541 0.213540643
0.992553949 0.029564768 -0.118163347 0.007278137 0.011143968 0.943986654 0.329795450 0.048019674 0.121294945 -0.328656584 0.936628222 0.203661934
0.988920331 0.038410410 -0.143391967 -0.023932705 0.011503654 0.943211198 0.331994444 0.052413747 0.148000956 -0.329965562 0.932318866 0.189483613
0.985219359 0.042305239 -0.165991351 -0.054330394 0.015605724 0.942826509 0.332918346 0.056684639 0.170585230 -0.330587983 0.928230703 0.173045814
0.981025577 0.043499194 -0.188935578 -0.082581043 0.022442052 0.942476988 0.333516926 0.061148655 0.192575157 -0.331428736 0.923617780 0.153416455
