0.998629987 -0.026850745 0.044912614 -0.012274343 0.027027085 0.999629200 -0.003323579 0.090424284 -0.044806719 0.004532883 0.998985410 -0.104771413
0.998550832 -0.030040750 0.044651501 -0.013436155 0.029761894 0.999533236 0.006897077 0.114561431 -0.044837855 -0.005558169 0.998978794 -0.097923152
0.998474121 -0.031892944 0.045080464 -0.015231597 0.031297352 0.999414086 0.013856557 0.141080886 -0.045495976 -0.012424515 0.998887241 -0.089419402
0.998360991 -0.036751464 0.043870527 -0.016215429 0.035940364 0.999170721 0.019136513 0.165894702 -0.044537444 -0.017528424 0.998853922 -0.081100099
0.998297870 -0.039509755 0.042899769 -0.017502043 0.038566176 0.999000371 0.022604546 0.190522999 -0.043749984 -0.020911591 0.998823643 -0.073711187
0.998300552 -0.040576607 0.041827105 -0.018287759 0.039445452 0.998842597 0.027523516 0.213572979 -0.042895503 -0.025826851 0.998745680 -0.066969045
0.998377562 -0.039073847 0.041418917 -0.019293748 0.037723236 0.998746395 0.032903619 0.234708503 -0.042652667 -0.031287782 0.998599946 -0.061253961
0.998521745 -0.034708962 0.041828088 -0.020818979 0.033011451 0.998629510 0.040612411 0.254610270 -0.043180376 -0.039171573 0.998299062 -0.056252643
0.998653829 -0.034048762 0.039130222 -0.022030544 0.032004002 0.998147428 0.051744197 0.272415519 -0.040819559 -0.050422218 0.997893453 -0.052677397
0.998743594 -0.030937213 0.039422434 -0.023484813 0.028258037 0.997366488 0.066794671 0.288697392 -0.041385058 -0.065596752 0.996987641 -0.049277209
0.998836637 -0.029915500 0.037820823 -0.024267947 0.026711509 0.996228576 0.082553543 0.300932050 -0.040147819 -0.081447251 0.995868742 -0.048499089
0.998863220 -0.031087348 0.036137111 -0.024760671 0.027348997 0.994641602 0.099699870 0.307385862 -0.039042883 -0.098598212 0.994361103 -0.047668461
0.998874962 -0.033776265 0.033285554 -0.025589772 0.029821174 0.993159890 0.112890042 0.305574119 -0.036870878 -0.111770429 0.993049800 -0.049323659
0.998921335 -0.035213526 0.030267533 -0.026603714 0.031429093 0.992573857 0.117513172 0.296206236 -0.034180816 -0.116435133 0.992609978 -0.053492140
0.998937905 -0.035104994 0.029844515 -0.027053120 0.031439591 0.992812037 0.115480684 0.278115660 -0.033683941 -0.114419736 0.992861271 -0.059475560
0.998990715 -0.029620318 0.033766970 -0.028006373 0.025743729 0.993602395 0.109961703 0.252402753 -0.036808044 -0.108981431 0.993362069 -0.066660725
0.998967767 -0.021322925 0.040108386 -0.028353481 0.017198030 0.994786918 0.100514866 0.221260920 -0.042042572 -0.099721335 0.994126797 -0.074385226
0.998766005 -0.015297042 0.047248784 -0.027458439 0.011126250 0.996119320 0.087307177 0.186847121 -0.048400965 -0.086673744 0.995060325 -0.080824926
0.998310089 -0.012782519 0.056688249 -0.026420739 0.008737779 0.997435689 0.071032852 0.149512738 -0.057450861 -0.070417479 0.995861828 -0.090512954
0.997670829 -0.004396634 0.068070799 -0.025531689 0.000613455 0.998458564 0.055498563 0.112891912 -0.068209887 -0.055327535 0.996135652 -0.097422808
0.997347295 0.000808913 0.072785795 -0.025369273 -0.003816094 0.999144197 0.041185934 0.071806796 -0.072690189 -0.041354436 0.996496856 -0.108786352
0.997257590 0.004051054 0.073897570 -0.026856445 -0.006027555 0.999629498 0.026543109 0.038610168 -0.073762670 -0.026915738 0.996912539 -0.115390062
0.997390568 0.003697289 0.072100028 -0.026985243 -0.004702098 0.999894083 0.013771567 0.002660233 -0.072041482 -0.014074652 0.997302353 -0.125463247
0.997311950 0.002159338 0.073240481 -0.027585804 -0.002201760 0.999997437 0.000498479 -0.027149608 -0.073239215 -0.000658397 0.997314215 -0.131363019
0.997200549 -0.002282775 0.074738875 -0.026344571 0.003452910 0.999873400 -0.015530838 -0.056048702 -0.074693963 0.015745426 0.997082174 -0.140177935
0.997126818 -0.005027344 0.075583562 -0.027096402 0.007374548 0.999498129 -0.030807469 -0.082930647 -0.075390756 0.031276349 0.996663451 -0.148643196
0.997078717 -0.008806349 0.075871252 -0.025813326 0.012515805 0.998742044 -0.048555564 -0.104154699 -0.075348206 0.049363311 0.995934665 -0.154173404
0.997122467 -0.006151300 0.075557485 -0.024642512 0.011015899 0.997880399 -0.064135790 -0.117939882 -0.075002819 0.064783573 0.995076716 -0.160434023
0.997046709 -0.005238023 0.076618522 -0.022380596 0.010984842 0.997139692 -0.074777760 -0.125357091 -0.076007679 0.075398557 0.994252443 -0.162659019
0.996705770 -0.000409585 0.081101187 -0.022908291 0.006632305 0.997049570 -0.076473363 -0.127737105 -0.080830581 0.076759331 0.993767798 -0.165967703
0.996527016 0.003563993 0.083193928 -0.021157198 0.002475822 0.997373819 -0.072383374 -0.117746800 -0.083233416 0.072337955 0.993901134 -0.165048420
0.996319771 0.007797307 0.085358597 -0.020152677 -0.002504975 0.998077154 -0.061933517 -0.100550823 -0.085677378 0.061491765 0.994423509 -0.160464659
0.996219575 0.004672709 0.086745188 -0.019249966 -0.000384892 0.998779953 -0.049381088 -0.079189733 -0.086870089 0.049161021 0.995005906 -0.153568029
0.996419668 0.001431160 0.084533110 -0.018952386 0.001636775 0.999342799 -0.036212236 -0.052186396 -0.084529385 0.036220945 0.995762408 -0.146569028
0.996492743 -0.001072823 0.083672628 -0.017656116 0.003236317 0.999663830 -0.025725309 -0.022783909 -0.083616897 0.025905874 0.996161163 -0.137445882
0.996567905 0.002486328 0.082742088 -0.015996041 -0.000895194 0.999814093 -0.019261595 0.008777384 -0.082774602 0.019121416 0.996384859 -0.126791328
0.996789634 -0.001007980 0.080058858 -0.014041075 0.002275100 0.999873579 -0.015737714 0.039261159 -0.080032870 0.015869332 0.996665895 -0.116739467
0.997252882 -0.001403250 0.074059241 -0.013582841 0.002370060 0.999913096 -0.012968276 0.071977004 -0.074034609 0.013108175 0.997169495 -0.108057119
0.997415781 -0.002622984 0.071797565 -0.013380485 0.003215998 0.999961674 -0.008145177 0.103638977 -0.071773440 0.008355028 0.997385979 -0.100325204
0.997696459 -0.009120152 0.067220546 -0.013026944 0.009083641 0.999958396 0.000848785 0.138306424 -0.067225493 -0.000236222 0.997737765 -0.092271522
0.997363210 -0.011173397 0.071706563 -0.013962508 0.010165900 0.999844611 0.014399901 0.168937922 -0.071856320 -0.013632970 0.997321844 -0.082739688
0.997044981 -0.014622556 0.075415239 -0.014751358 0.012332816 0.999451339 0.030738629 0.198335707 -0.075823337 -0.029717714 0.996678352 -0.074888766
0.996804476 -0.015151574 0.078430124 -0.015192666 0.011387548 0.998771906 0.048218817 0.224056125 -0.079064392 -0.047171608 0.995752811 -0.067563027
0.996898770 -0.014692266 0.077311106 -0.016191322 0.009631030 0.997810304 0.065436043 0.245177627 -0.078103222 -0.064488523 0.994857311 -0.062468145
0.997185647 -0.016298011 0.073178597 -0.017394656 0.010415261 0.996735454 0.080062442 0.259988636 -0.074244566 -0.079074942 0.994100034 -0.058603637
0.997465134 -0.016062008 0.069320068 -0.019455697 0.009650417 0.995725632 0.091855071 0.269556910 -0.070499137 -0.090953268 0.993356645 -0.059812348
0.997634411 -0.016954757 0.066619061 -0.020604597 0.010281780 0.995008349 0.099260919 0.269072741 -0.067969464 -0.098341145 0.992828846 -0.060302127
0.997850955 -0.015582489 0.063644484 -0.021637075 0.009056093 0.994786739 0.101573974 0.260181844 -0.064895466 -0.100779325 0.992790043 -0.062393419
0.997922480 -0.016958594 0.062154561 -0.023871735 0.010872172 0.995226443 0.096984975 0.241422206 -0.063502595 -0.096107729 0.993343234 -0.067563936
0.997979879 -0.016860427 0.061252888 -0.025401413 0.011690404 0.996413767 0.083802961 0.217060924 -0.062446173 -0.082917593 0.994597971 -0.075808361
0.997925341 -0.018118581 0.061780091 -0.026589736 0.013918304 0.997605085 0.067752585 0.189425960 -0.062859714 -0.066752151 0.995787501 -0.082678750
0.997787356 -0.013199436 0.065162838 -0.026812736 0.009684470 0.998495817 0.053965423 0.159958020 -0.065777138 -0.053214949 0.996414363 -0.089454375
0.997561693 -0.012717828 0.068621673 -0.026632324 0.009727843 0.998995960 0.043731596 0.128394902 -0.069108941 -0.042957421 0.996683836 -0.096874975
0.997153163 -0.006497408 0.075122342 -0.026460700 0.003676607 0.999285102 0.037626933 0.096115746 -0.075313106 -0.037243623 0.996464193 -0.105641514
0.996709347 -0.006731247 0.080778353 -0.026484603 0.004043564 0.999434233 0.033389892 0.064280130 -0.080957405 -0.032953385 0.996172667 -0.116190195
0.996525347 -0.007447137 0.082956433 -0.024865950 0.005085627 0.999576807 0.028641911 0.032643419 -0.083134621 -0.028120505 0.996141493 -0.124275364
0.996104062 -0.011321368 0.087455980 -0.022995323 0.009476382 0.999724329 0.021482633 0.001730836 -0.087675087 -0.020570172 0.995936692 -0.131696746
0.995478630 -0.016293921 0.093577720 -0.020038918 0.015218317 0.999809802 0.012196416 -0.029842598 -0.093758650 -0.010717176 0.995537281 -0.140961573
0.994425416 -0.019981567 0.103531897 -0.019498607 0.020130079 0.999797285 -0.000389700 -0.063361093 -0.103503123 0.002471633 0.994626045 -0.150318056
0.993672490 -0.024323881 0.109651193 -0.016069051 0.026244033 0.999525845 -0.016102202 -0.091321416 -0.109207541 0.018878005 0.993839681 -0.157656699
0.993241072 -0.022910103 0.113786042 -0.014481184 0.026828285 0.999094427 -0.033023365 -0.116910703 -0.112926438 0.035852849 0.992956281 -0.165677786
0.992717862 -0.023361685 0.118175671 -0.013889554 0.029397534 0.998336792 -0.049592495 -0.140272066 -0.116820559 0.052705429 0.991753519 -0.170108095
0.992807031 -0.019261990 0.118165761 -0.012040787 0.026566274 0.997811377 -0.060553502 -0.150620639 -0.116740763 0.063257165 0.991145849 -0.176412866
0.992682397 -0.018068615 0.119395144 -0.008410959 0.026017018 0.997523010 -0.065352544 -0.155104980 -0.117918573 0.067980632 0.990693629 -0.177287072
0.992243946 -0.013449121 0.123575993 -0.010514970 0.021646168 0.997635424 -0.065230809 -0.153942123 -0.122406490 0.067399822 0.990188837 -0.177585289
0.992042005 -0.008668739 0.125608444 -0.010395190 0.016654771 0.997895420 -0.062668845 -0.143350407 -0.124800831 0.064262107 0.990098536 -0.174090356
0.992397070 -0.007590585 0.122843131 -0.007488427 0.014925382 0.998152375 -0.058899071 -0.125742897 -0.122169077 0.060284745 0.990676761 -0.169642612
0.992547929 -0.006641884 0.121673934 -0.009196638 0.013463425 0.998377442 -0.055328101 -0.103576675 -0.121109031 0.056553937 0.991026878 -0.163041741
0.992839634 -0.006073462 0.119300529 -0.005746723 0.012224535 0.998629153 -0.050895542 -0.076815255 -0.118827879 0.051989503 0.991552830 -0.152131960
0.993417084 -0.010079542 0.114109121 -0.002962177 0.015517244 0.998780668 -0.046866052 -0.046670854 -0.113497593 0.048328198 0.992362201 -0.140432447
0.993914008 -0.005111472 0.110039927 -0.003350295 0.009554302 0.999158561 -0.039885387 -0.017106563 -0.109743468 0.040693998 0.993126571 -0.131391674
0.994332075 -0.005466083 0.106178179 -0.001422885 0.009083985 0.999393404 -0.033620197 0.015993863 -0.105930001 0.034394164 0.993778586 -0.120703682
0.994420111 -0.001832639 0.105476700 -0.001913787 0.004571201 0.999658525 -0.025727777 0.052046698 -0.105393536 0.026066372 0.994088888 -0.111088783
0.993887484 -0.000426289 0.110397041 0.000927906 0.002018974 0.999895513 -0.014315501 0.083354600 -0.110379398 0.014450885 0.993784487 -0.100153536
0.994585276 -0.004024591 0.103845827 0.001119671 0.003797219 0.999989927 0.002387123 0.118151262 -0.103854395 -0.001979872 0.994590521 -0.089977250
0.994815111 -0.012345972 0.100947961 -0.000706131 0.010011739 0.999671400 0.023597177 0.150548354 -0.101206124 -0.022464164 0.994611800 -0.081823833
0.995200932 -0.020632710 0.095652245 -0.000178184 0.016234096 0.998784602 0.046537817 0.179567784 -0.096496187 -0.044761650 0.994326353 -0.073242418
0.995162666 -0.028236352 0.094095446 -0.000506090 0.021919321 0.997478187 0.067504376 0.205385938 -0.095764227 -0.065115333 0.993271947 -0.065725155
0.995184124 -0.030086942 0.093291871 -0.000277416 0.022354983 0.996311784 0.082843773 0.230261430 -0.095440306 -0.080359273 0.992186248 -0.061291378
0.995206237 -0.023730926 0.094875686 0.000445168 0.014836033 0.995519817 0.093382128 0.250893146 -0.096666671 -0.091526903 0.991099596 -0.055048950
0.995564044 -0.018156148 0.092317954 -0.001227372 0.008892392 0.994969368 0.099784136 0.268417984 -0.093665227 -0.098520577 0.990717173 -0.053958885
0.996147037 -0.014641722 0.086468168 -0.002498358 0.005738270 0.994733751 0.102331944 0.278718382 -0.087511115 -0.101441480 0.990985096 -0.051682271
0.996779680 -0.012683613 0.079179287 -0.004512167 0.004550028 0.994766772 0.102070414 0.284476936 -0.080059543 -0.101381443 0.991621017 -0.054192875
0.997263134 -0.013047080 0.072773732 -0.005941170 0.005603720 0.994813442 0.101561762 0.281974882 -0.073721372 -0.100875996 0.992163897 -0.055793732
0.997568905 -0.011912813 0.068661466 -0.007037945 0.004874487 0.994795263 0.101777233 0.272423267 -0.069516554 -0.101195119 0.992434859 -0.058811046
0.997672558 -0.010045020 0.067443460 -0.007467351 0.003175940 0.994861662 0.101193778 0.255953342 -0.068113402 -0.100744061 0.992578030 -0.062305842
0.997682750 -0.010610975 0.067204960 -0.007745570 0.003964562 0.995151997 0.098268896 0.233813643 -0.067921884 -0.097774744 0.992888093 -0.066292286
0.997694790 -0.009242943 0.067228384 -0.008102416 0.002909377 0.995595872 0.093703963 0.208404496 -0.067798398 -0.093292363 0.993327677 -0.072805077
0.997551084 -0.007473238 0.069541156 -0.008038643 0.001173953 0.995924175 0.090186886 0.179085389 -0.069931701 -0.089884393 0.993494034 -0.078835659
0.996980965 -0.000574878 0.077643871 -0.007741764 -0.006147375 0.996249259 0.086311229 0.146523416 -0.077402264 -0.086527966 0.993238032 -0.086176015
0.996383309 0.004270928 0.084864810 -0.006481721 -0.011065424 0.996753097 0.079754427 0.111771360 -0.084248632 -0.080405042 0.993195474 -0.092633694
0.996015847 0.008109440 0.088806927 -0.005600442 -0.014326465 0.997472525 0.069594145 0.075491525 -0.088018104 -0.070589155 0.993614614 -0.099234745
0.995718420 0.005180527 0.092292689 -0.004674339 -0.010433380 0.998346746 0.056523934 0.038771708 -0.091847278 -0.057244845 0.994126320 -0.108130261
0.995261014 0.004901617 0.097115800 -0.004066844 -0.008705443 0.999209762 0.038783029 0.004079490 -0.096848950 -0.039444670 0.994517148 -0.114552364
0.994434655 0.002917911 0.105314687 -0.004061492 -0.004929069 0.999810338 0.018841442 -0.033641100 -0.105239734 -0.019255687 0.994260430 -0.124730222
0.993702888 0.004743161 0.111946881 -0.004088455 -0.004471818 0.999986410 -0.002674825 -0.067891985 -0.111958042 0.002157375 0.993710577 -0.132034704
0.992634475 0.006240490 0.120986849 -0.007329973 -0.003553010 0.999742389 -0.022416014 -0.098168783 -0.121095568 0.021821041 0.992401004 -0.143992245
0.992169917 0.007748086 0.124654979 -0.006936640 -0.002872510 0.999225497 -0.039244860 -0.124489203 -0.124862507 0.038579494 0.991423726 -0.150748074
0.991924524 0.003660274 0.126776651 -0.006691696 0.003093088 0.998588026 -0.053031977 -0.146321952 -0.126791760 0.052995849 0.990512669 -0.158682927
0.992037714 0.001527436 0.125931725 -0.007839687 0.006426744 0.998009682 -0.062732160 -0.162285686 -0.125776902 0.063042000 0.990053475 -0.163611606
0.991906524 -0.005941033 0.126831204 -0.004573198 0.014552006 0.997641802 -0.067075036 -0.173209399 -0.126133621 0.068377815 0.989653885 -0.169387609
0.991430759 -0.008564464 0.130352408 -0.004247251 0.017289024 0.997673333 -0.065946855 -0.176030710 -0.129484326 0.067635410 0.989272058 -0.170955032
0.990833580 -0.010565817 0.134674489 -0.007487560 0.019134657 0.997862041 -0.062491667 -0.178020716 -0.133726299 0.064495787 0.988917351 -0.166440085
0.990807116 -0.011426901 0.134798482 -0.007172741 0.019361924 0.998146057 -0.057702553 -0.166891605 -0.133889213 0.059782062 0.989191473 -0.165553212
0.990114570 -0.013868795 0.139573619 -0.006599260 0.021261534 0.998440683 -0.051615681 -0.151868701 -0.138640121 0.054072987 0.988865554 -0.160618365
0.989375949 -0.013088020 0.144789442 -0.005943331 0.019849854 0.998773694 -0.045355491 -0.132735699 -0.144018278 0.047747679 0.988422453 -0.151931226
0.988554597 -0.007147265 0.150694162 -0.003389626 0.013186335 0.999147773 -0.039113916 -0.108398125 -0.150286168 0.040653348 0.987806320 -0.139024064
0.987941742 -0.002878272 0.154799372 0.001449312 0.008207918 0.999394894 -0.033801269 -0.082558841 -0.154608399 0.034664262 0.987367511 -0.132305965
0.987408698 0.008052498 0.157984897 0.000579107 -0.003720538 0.999609470 -0.027696708 -0.057939000 -0.158146217 0.026760181 0.987053037 -0.122986019
0.987200260 0.010687728 0.159127057 0.002187765 -0.007493715 0.999758482 -0.020658655 -0.031933695 -0.159309417 0.019201776 0.987041950 -0.113873996
0.988295615 0.013565567 0.151946411 0.004866019 -0.011937979 0.999861240 -0.011618780 -0.005746155 -0.152082935 0.009668857 0.988320470 -0.104529627
0.989159644 0.014715679 0.146104977 0.007672692 -0.014701052 0.999891222 -0.001179920 0.020071663 -0.146106437 -0.000980768 0.989268363 -0.098551974
0.990844727 0.014797098 0.134193256 0.007832886 -0.016363811 0.999810159 0.010579563 0.044275388 -0.134011224 -0.012678617 0.990898728 -0.095456019
0.992511988 0.013542410 0.121394001 0.007267835 -0.016544640 0.999580860 0.023757517 0.064294226 -0.121021383 -0.025588043 0.992320061 -0.095770113
0.994042754 0.008713305 0.108642258 0.006884686 -0.012873728 0.999207973 0.037652303 0.081461161 -0.108228140 -0.038826626 0.993367612 -0.096721575
0.995479345 0.002473853 0.094946362 0.006858652 -0.007407189 0.998638213 0.051642004 0.100383289 -0.094689302 -0.052111831 0.994141996 -0.100341231
0.996238530 -0.004077925 0.086557433 0.005968478 -0.001746804 0.997743964 0.067111038 0.111434333 -0.086635828 -0.067009799 0.993983865 -0.104152597
0.996938169 -0.012711092 0.077153847 0.004328749 0.006292700 0.996540546 0.082869299 0.118080474 -0.077940300 -0.082130067 0.993569314 -0.106425285
0.997381866 -0.020597285 0.069319203 0.003332852 0.013483347 0.994736910 0.101571172 0.122030884 -0.071046457 -0.100370586 0.992410243 -0.111021549
0.997616887 -0.027241867 0.063391380 0.002495828 0.019490831 0.992603481 0.119826876 0.124296807 -0.066186808 -0.118305765 0.990768909 -0.115256079
0.997488618 -0.033573430 0.062364470 0.002246655 0.024502289 0.989719748 0.140906051 0.125016451 -0.066454045 -0.139024094 0.988056779 -0.119069874
0.996947050 -0.040588237 0.066701934 0.002357931 0.029128931 0.985934675 0.164573178 0.125243217 -0.072443485 -0.162127778 0.984106958 -0.124325551
0.995896101 -0.044354908 0.078889683 0.002903647 0.028682411 0.981421173 0.189709783 0.125590548 -0.085838571 -0.186668485 0.978665709 -0.125135273
0.994537175 -0.050616823 0.091289058 0.001197109 0.030293196 0.976881623 0.211623758 0.124193341 -0.099890321 -0.207702249 0.973078489 -0.127789125
0.993301332 -0.056733847 0.100666478 -0.000999234 0.032177947 0.972519517 0.230587006 0.123207644 -0.110982195 -0.225803137 0.967830539 -0.131139278
0.992577553 -0.062735960 0.104182735 -0.003766990 0.035180457 0.968164980 0.247828275 0.121627562 -0.116413817 -0.242323577 0.963185906 -0.135469675
0.992259085 -0.067396529 0.104305401 -0.006001631 0.037431002 0.963171959 0.266268104 0.120962389 -0.118409589 -0.260302693 0.958238840 -0.140796229
0.991760314 -0.074285880 0.104369789 -0.008130533 0.041606337 0.957319975 0.286019951 0.120488226 -0.121162519 -0.279320806 0.952522695 -0.143401504
0.991307318 -0.080559462 0.104019299 -0.009084487 0.045135081 0.950871170 0.306279033 0.119987071 -0.123582631 -0.298921734 0.946241617 -0.149852321
0.990841866 -0.087465703 0.102869645 -0.010084811 0.049471214 0.944021285 0.326153964 0.120329268 -0.125638425 -0.318077892 0.939702868 -0.155659974
0.990872264 -0.088308044 0.101851992 -0.010225422 0.048112862 0.937465787 0.344736248 0.121766828 -0.125925735 -0.336689204 0.933157563 -0.162433654
0.991025686 -0.088003248 0.100615770 -0.009214642 0.046035890 0.931360602 0.361176044 0.121883392 -0.125494227 -0.353302807 0.927053571 -0.167356133
0.991391182 -0.088156924 0.096808344 -0.006996726 0.045876298 0.926380277 0.373784691 0.121499673 -0.122633040 -0.366125673 0.922449529 -0.172432780
0.991869390 -0.086223766 0.093597747 -0.004060242 0.044281736 0.923365712 0.381359249 0.120067045 -0.119307183 -0.374113888 0.919676363 -0.176460475
0.991723418 -0.088405073 0.093108863 0.000381967 0.046302807 0.922647536 0.382854521 0.117479980 -0.119752944 -0.375374556 0.919104517 -0.178770140
0.991987407 -0.087139636 0.091474675 0.005209099 0.046334162 0.924539447 0.378259093 0.115847945 -0.117533304 -0.370989889 0.921169043 -0.180357426
0.992168069 -0.089744844 0.086881340 0.009522085 0.051596098 0.927893400 0.369258255 0.114793979 -0.113755643 -0.361883491 0.925256729 -0.179979876
0.992584229 -0.087484345 0.084397912 0.013878341 0.051282335 0.930853724 0.361775428 0.112895019 -0.110211790 -0.354764491 0.928437114 -0.179688767
0.992870152 -0.085306726 0.083256289 0.017431404 0.050495274 0.933689713 0.354504913 0.112438679 -0.107977197 -0.347773284 0.931340277 -0.177964464
0.993480206 -0.080248296 0.080976799 0.019923471 0.047112525 0.935799301 0.349370927 0.112160146 -0.103814453 -0.343278080 0.933478832 -0.175601482
0.993958235 -0.078278728 0.076938383 0.021115724 0.047162510 0.937561333 0.344607651 0.112055391 -0.099109896 -0.338896990 0.935588598 -0.173722833
0.994806230 -0.070477419 0.073440462 0.021924922 0.041247346 0.938742638 0.342141658 0.111430854 -0.093054950 -0.337335438 0.936774015 -0.172091305
0.995101094 -0.068858862 0.070938475 0.022969868 0.040503401 0.938520551 0.342839122 0.110982060 -0.090184726 -0.338286340 0.936711848 -0.169469580
0.995564461 -0.064106762 0.068860576 0.024756802 0.036300689 0.936985731 0.347476721 0.109940201 -0.086796984 -0.343435764 0.935156763 -0.167048782
0.995742083 -0.061440267 0.068722486 0.027162254 0.033403561 0.935322583 0.352215677 0.109088100 -0.085917920 -0.348420411 0.933392406 -0.164850548
0.995941520 -0.060406603 0.066720128 0.031473994 0.032899804 0.934349954 0.354834855 0.108580232 -0.083774313 -0.351199687 0.932545245 -0.162084952
0.995806813 -0.061440613 0.067777626 0.036975712 0.033325847 0.933624089 0.356700778 0.108049259 -0.085194744 -0.352946341 0.931756794 -0.159513324
0.995632529 -0.063940398 0.068025798 0.044916775 0.035480112 0.933125913 0.357794940 0.107212394 -0.086354181 -0.353818715 0.931319118 -0.156880498
0.995326877 -0.066120639 0.070373490 0.054588381 0.036502261 0.932342470 0.359729201 0.106087320 -0.089397714 -0.355479330 0.930399060 -0.153936893
0.995036721 -0.068769053 0.071921855 0.065604262 0.038263284 0.931621194 0.361410886 0.105402410 -0.091857806 -0.356865138 0.929628611 -0.150958776
0.994659007 -0.073231541 0.072736770 0.078690268 0.041912876 0.930557728 0.363738388 0.104596823 -0.094322890 -0.358747035 0.928656995 -0.148163185
0.994275987 -0.078523427 0.072452448 0.093645975 0.046860974 0.929921091 0.364761412 0.104505770 -0.096017368 -0.359278321 0.928277850 -0.146830395
0.993982434 -0.080722749 0.074045956 0.109814130 0.048195329 0.929310739 0.366140366 0.103026852 -0.098367557 -0.360368431 0.927608967 -0.145065814
0.993333459 -0.085702486 0.077095456 0.127240896 0.051793613 0.929289222 0.365703374 0.101790428 -0.102985658 -0.359272331 0.927532911 -0.143509462
0.992682695 -0.090267733 0.080204472 0.146094501 0.055418968 0.930700243 0.361560225 0.100616559 -0.107283548 -0.354469717 0.928892612 -0.142864943
0.991758525 -0.095143326 0.085806482 0.164826140 0.058682136 0.932675958 0.355910033 0.098194905 -0.113892101 -0.347941488 0.930572569 -0.140422523
0.990632653 -0.101325996 0.091541968 0.183922216 0.063364498 0.934924662 0.349142969 0.096546650 -0.120962106 -0.340071917 0.932587385 -0.137528598
0.989401698 -0.106240295 0.098981321 0.202586815 0.066060610 0.936378777 0.344718367 0.094502993 -0.129306987 -0.334526151 0.933473051 -0.136900216
0.988228500 -0.111360557 0.104896456 0.221107692 0.069087036 0.936619461 0.343469024 0.094237499 -0.136496961 -0.332178891 0.933287621 -0.135310858
0.987185240 -0.114506893 0.111146100 0.238702506 0.069583453 0.935674369 0.345935822 0.094507746 -0.143608600 -0.333768785 0.931651711 -0.134784654
0.985869348 -0.118891053 0.118010908 0.257337660 0.070191912 0.932833672 0.353403956 0.095542163 -0.152101129 -0.340126723 0.927997351 -0.133717507
0.984411895 -0.121568501 0.127099544 0.273506969 0.067690402 0.928868949 0.364170969 0.098210044 -0.162330538 -0.349890828 0.922618687 -0.132799447
0.982692122 -0.128201157 0.133718401 0.287508428 0.069811128 0.924913883 0.373712182 0.100377522 -0.171588331 -0.357909024 0.917855442 -0.131192818
0.982125580 -0.132244900 0.133942589 0.300757170 0.072285973 0.922029555 0.380310774 0.102975026 -0.173793182 -0.363830745 0.915108263 -0.130020335
0.982071102 -0.131392375 0.135175228 0.312035739 0.070523366 0.921078265 0.382937729 0.105610669 -0.174822062 -0.366539061 0.913830638 -0.130591333
0.982280374 -0.131400675 0.133638024 0.321650028 0.071019031 0.920842052 0.383413881 0.107926853 -0.173440367 -0.367129117 0.913857043 -0.129971087
0.982511342 -0.130879313 0.132446423 0.328295171 0.071362898 0.921662092 0.381374210 0.109801374 -0.171984836 -0.365252703 0.914883375 -0.129152671
0.982637405 -0.132936299 0.129428461 0.333138376 0.075052410 0.922769964 0.377971917 0.111163557 -0.169678882 -0.361695439 0.916725397 -0.129493058
0.983190298 -0.132184967 0.125952303 0.335844487 0.076252684 0.924062967 0.374557257 0.111746833 -0.165898681 -0.358656883 0.918609202 -0.128509983
0.982987404 -0.134826869 0.124729857 0.336189032 0.079687871 0.924902439 0.371759713 0.112425119 -0.165486142 -0.355495632 0.919911504 -0.128574342
0.982963383 -0.135774046 0.123888522 0.335076571 0.081053816 0.925161958 0.370817572 0.112904109 -0.164964348 -0.354458481 0.920405328 -0.129169345
0.982594848 -0.134293601 0.128345832 0.330919296 0.077801079 0.924910247 0.372139812 0.113041677 -0.168684378 -0.355677187 0.919260204 -0.129918978
0.982405603 -0.132874057 0.131239265 0.324981809 0.075400636 0.925088048 0.372191995 0.112039886 -0.170862526 -0.355747968 0.918830454 -0.130817384
0.982457221 -0.132819399 0.130907893 0.316981196 0.075653076 0.925463974 0.371204942 0.110595949 -0.170453757 -0.354789406 0.919276893 -0.132806778
0.982847989 -0.131474346 0.129322544 0.307126552 0.075169049 0.925954401 0.370078504 0.109225057 -0.168402597 -0.354009867 0.919955194 -0.134721383
0.983239532 -0.132503465 0.125231355 0.295107424 0.077534437 0.925566375 0.370560795 0.108771443 -0.165010512 -0.354640275 0.920327008 -0.137380183
0.984306395 -0.129016995 0.120397247 0.281673938 0.075504512 0.924563885 0.373471081 0.108770862 -0.159499064 -0.358519435 0.919795573 -0.139604092
0.985002577 -0.127590075 0.116149455 0.266784042 0.075231001 0.923409820 0.376370251 0.109208755 -0.155274659 -0.361987650 0.919159770 -0.141221806
0.985702038 -0.125852942 0.112038270 0.249786451 0.074901104 0.922888935 0.377711326 0.109267056 -0.150934950 -0.363919050 0.919120014 -0.142934263
0.986441314 -0.125050992 0.106281750 0.231731564 0.076372236 0.922995508 0.377155870 0.109297827 -0.145261288 -0.363925129 0.920031309 -0.144310504
0.987306952 -0.122155830 0.101503327 0.212503940 0.075682089 0.923719943 0.375517905 0.109293908 -0.139632344 -0.363069475 0.921240091 -0.145882100
0.988231897 -0.117954500 0.097388387 0.191303939 0.073953815 0.925755680 0.370819658 0.108442768 -0.133897707 -0.359253556 0.923584461 -0.148490787
0.989281058 -0.113781825 0.091524169 0.130131468 0.072905004 0.927927494 0.365561843 -0.129087642 -0.126522079 -0.354970813 0.926276326 -0.381199628
0.999125242 -0.039876111 0.012596697 -0.050631966 0.032812454 0.934286356 0.355010420 0.078736305 -0.025925357 -0.354286522 0.934777498 -0.127716213
0.999252260 -0.037633341 0.008867381 -0.073677145 0.032086875 0.935124397 0.352863669 0.077441119 -0.021571541 -0.352315307 0.935632706 -0.131527066
0.999383628 -0.034733843 0.005093947 -0.097485557 0.030708890 0.935281813 0.352569014 0.076934032 -0.017010352 -0.352195293 0.935771942 -0.135964841
0.999564409 -0.029495630 0.001024470 -0.121690072 0.027211189 0.934477448 0.354980886 0.076993033 -0.011427730 -0.354798377 0.934872985 -0.139972851
0.999669373 -0.025321955 -0.004464146 -0.145180210 0.025234489 0.932867169 0.359335572 0.078555740 -0.004934623 -0.359329432 0.933197737 -0.142650470
0.999714494 -0.022155523 -0.008948524 -0.168809876 0.023892634 0.931470871 0.363030583 0.078659125 0.000292157 -0.363140732 0.931734264 -0.146894157
0.999793231 -0.017548194 -0.010271824 -0.192582086 0.020083623 0.931187153 0.363987774 0.079643667 0.003177662 -0.364118844 0.931347072 -0.150163785
0.999799311 -0.015920728 -0.012162393 -0.216618091 0.019246742 0.931829572 0.362385422 0.081041962 0.005563838 -0.362546772 0.931948960 -0.153153464
0.999762595 -0.014916874 -0.015883405 -0.240362406 0.019630121 0.932982326 0.359386474 0.083271071 0.009458014 -0.359612912 0.933053613 -0.156048894
0.999782622 -0.012001355 -0.017050497 -0.264555216 0.017313298 0.933516145 0.358117044 0.084267020 0.011619026 -0.358334363 0.933521032 -0.159244493
0.999746799 -0.008298560 -0.020914471 -0.287134945 0.015187277 0.934704959 0.355099946 0.086552575 0.016602041 -0.355327696 0.934594333 -0.162197247
0.999702930 -0.007318714 -0.023248522 -0.310299426 0.015064432 0.935381174 0.353320062 0.089170799 0.019160381 -0.353565335 0.935213566 -0.165046185
0.999542117 -0.004940448 -0.029852262 -0.332786173 0.015185986 0.935238242 0.353693008 0.091853708 0.026171574 -0.353984416 0.934885085 -0.167705923
0.999319851 -0.001392317 -0.036849573 -0.354222655 0.014468934 0.933956683 0.357093185 0.095169842 0.033918716 -0.357383460 0.933341622 -0.170503214
0.999053776 0.002554477 -0.043417260 -0.374124587 0.013433713 0.931336284 0.363912463 0.098059662 0.041365676 -0.364151359 0.930420697 -0.172840416
0.998619258 0.006796247 -0.052089687 -0.391911894 0.012938653 0.929225385 0.369286865 0.101386562 0.050912824 -0.369450957 0.927854478 -0.175111637
0.998051167 0.007806059 -0.061910812 -0.408114672 0.015891179 0.927638888 0.373140216 0.104110800 0.060343627 -0.373396873 0.925706983 -0.177205265
0.997401237 0.008789390 -0.071509145 -0.422231823 0.018524881 0.927875161 0.372430623 0.106304325 0.069624998 -0.372787476 0.925300956 -0.178927153
0.996919870 0.010383900 -0.077736206 -0.434367329 0.018953454 0.929915905 0.367283583 0.107331149 0.076101966 -0.367625654 0.926854849 -0.180912554
0.996406019 0.011825419 -0.083876014 -0.444106072 0.019320842 0.932375371 0.360974938 0.107858211 0.082472607 -0.361298174 0.928795934 -0.182686359
0.995981574 0.012719843 -0.088650815 -0.451722682 0.019590681 0.934946477 0.354247481 0.108074121 0.087389745 -0.354560703 0.930940270 -0.184008166
0.995700002 0.013264986 -0.091681622 -0.455149412 0.019848393 0.936161160 0.351010472 0.107217945 0.090484925 -0.351320893 0.931872368 -0.185385928
0.995710790 0.014923794 -0.091308586 -0.455593914 0.018023079 0.936711073 0.349639177 0.106748365 0.090747707 -0.349785149 0.932424366 -0.186678320
0.995836794 0.017136190 -0.089528821 -0.452637345 0.015420463 0.936344624 0.350743413 0.106456548 0.089840241 -0.350663781 0.932182193 -0.188117996
0.996234417 0.017430237 -0.084930748 -0.447058588 0.013727088 0.935517550 0.353013337 0.105830498 0.085607320 -0.352849901 0.931755543 -0.188888252
0.996705413 0.019528069 -0.078720979 -0.438594818 0.009614267 0.935292959 0.353743851 0.105321072 0.080535106 -0.353335261 0.932023764 -0.189821362
0.997285187 0.018738434 -0.071212202 -0.426785827 0.007735730 0.935068130 0.354383677 0.103441127 0.073228851 -0.353972465 0.932384610 -0.190354422
0.997771502 0.018588580 -0.064081967 -0.412600726 0.005163588 0.936018169 0.351913869 0.101891100 0.066523463 -0.351460516 0.933836222 -0.191138357
0.998196363 0.018374700 -0.057152785 -0.396242827 0.002731168 0.937123418 0.348987460 0.100233026 0.059971757 -0.348514080 0.935382962 -0.191460803
0.998524964 0.017908566 -0.051255450 -0.378147632 0.000932864 0.938237071 0.345991910 0.097964399 0.054285981 -0.345529377 0.936836421 -0.192048401
0.998895168 0.015607049 -0.044327132 -0.359231591 0.000559702 0.939224780 0.343302369 0.097233392 0.046991080 -0.342947900 0.938178360 -0.191191763
0.999196053 0.014563201 -0.037352402 -0.339799076 -0.000830401 0.939008415 0.343893170 0.095900118 0.040082406 -0.343585670 0.938265562 -0.190173581
0.999404132 0.010603288 -0.032847192 -0.317828715 0.001442196 0.937986672 0.346668303 0.094917439 0.034486052 -0.346509099 0.937412500 -0.189136878
0.999465048 0.006477979 -0.032057531 -0.295696557 0.005210669 0.936127961 0.351620942 0.094393983 0.032287747 -0.351599902 0.935593426 -0.186960459
0.999545097 0.002120284 -0.030085694 -0.273127466 0.008769239 0.933999658 0.357166320 0.094485275 0.028857321 -0.357267648 0.933556139 -0.184425220
0.999603033 -0.000857742 -0.028160680 -0.248826131 0.011003971 0.932030439 0.362212896 0.094463050 0.025935926 -0.362379014 0.931669891 -0.181267679
0.999696255 -0.001818092 -0.024578117 -0.225167200 0.010655946 0.931124628 0.364545465 0.094223544 0.022222511 -0.364696622 0.930861175 -0.178146780
0.999701440 -0.002544106 -0.024300693 -0.201575145 0.011235928 0.931033731 0.364760190 0.094081476 0.021696774 -0.364924341 0.930784345 -0.174583539
0.999648094 -0.004016685 -0.026221978 -0.178377524 0.013269927 0.931625783 0.363176644 0.093781397 0.022970306 -0.363396823 0.931351244 -0.170873731
0.999557555 -0.005332666 -0.029261313 -0.155315086 0.015561490 0.932166576 0.361695051 0.093004577 0.025347620 -0.361990392 0.931837142 -0.167185217
0.999573469 -0.008449577 -0.027954005 -0.134763747 0.017979098 0.932365596 0.361069500 0.092491813 0.023012467 -0.361418068 0.932119846 -0.163921475
0.999569237 -0.010566374 -0.027380390 -0.113927849 0.019768015 0.931963921 0.362011611 0.092378512 0.021692386 -0.362396955 0.931771398 -0.159959614
0.999598563 -0.013386799 -0.024970248 -0.095006019 0.021581328 0.930783927 0.364932269 0.091916248 0.018356632 -0.365324646 0.930699170 -0.155916095
0.999653876 -0.014994889 -0.021615461 -0.077274099 0.021890353 0.929832339 0.367331743 0.092933528 0.014590657 -0.367677808 0.929838777 -0.152194694
0.999701500 -0.017189452 -0.017362848 -0.061542511 0.022396279 0.928745270 0.370041400 0.094183780 0.009764854 -0.370319813 0.928853035 -0.148524150
0.999700189 -0.020073401 -0.014019238 -0.048257880 0.023845492 0.928157508 0.371423006 0.096059345 0.005556340 -0.371645927 0.928357899 -0.145211592
0.999618649 -0.024575202 -0.012593687 -0.036806315 0.027495598 0.928005576 0.371550262 0.098952964 0.002556090 -0.371754825 0.928327441 -0.141254336
0.999649346 -0.025274932 -0.007896963 -0.026746027 0.026402004 0.928499281 0.370394409 0.100739084 -0.002029368 -0.370473027 0.928840995 -0.135905758
0.999571502 -0.029071812 0.003403684 -0.017466420 0.025844533 0.931182504 0.363636106 0.103480116 -0.013741009 -0.363392323 0.931534886 -0.130576983
0.999243975 -0.033499863 0.019728918 -0.009895089 0.024383880 0.935272276 0.353088140 0.104999043 -0.030280314 -0.352340102 0.935382009 -0.124047205
0.998752594 -0.037042249 0.033483941 -0.003866974 0.023705041 0.941933274 0.334962279 0.107225426 -0.043947395 -0.333750695 0.941636384 -0.117745355
0.998272657 -0.038011130 0.044798590 0.000494618 0.021986853 0.948802650 0.315103412 0.107996665 -0.054482460 -0.313574135 0.947999418 -0.112573072
0.997680187 -0.037453543 0.056845706 0.004157024 0.019048680 0.955281734 0.295082867 0.108063400 -0.065355569 -0.293315530 0.953779161 -0.107098371
0.996837795 -0.038720872 0.069391333 0.006991518 0.018248752 0.961457133 0.274348617 0.106861278 -0.077339806 -0.272214770 0.959123373 -0.102670401
0.996036112 -0.040484242 0.079202741 0.009782354 0.018838547 0.966233611 0.256978035 0.105439350 -0.086931914 -0.254467368 0.963166237 -0.098813772
0.995113492 -0.044258267 0.088262886 0.012895639 0.021132506 0.968665659 0.247467801 0.102979861 -0.096449718 -0.244393334 0.964867532 -0.095465131
0.994121075 -0.051525354 0.095228486 0.016074060 0.026552223 0.968669116 0.246931344 0.101453647 -0.104968123 -0.242951125 0.964342475 -0.090836272
0.992959321 -0.059548981 0.102399632 0.020617250 0.031718813 0.966550171 0.254508615 0.098978460 -0.114130110 -0.249468699 0.961633861 -0.085317090
0.991293013 -0.070033088 0.111505628 0.026416197 0.038634740 0.964253247 0.262150794 0.097099692 -0.125878885 -0.255560249 0.958563209 -0.078199454
0.989556015 -0.078768820 0.120724164 0.032198749 0.043670543 0.961957157 0.269687414 0.094999321 -0.137374431 -0.261598706 0.955350399 -0.069196276
0.987742186 -0.088290319 0.128725231 0.038934264 0.049462628 0.959202349 0.278360009 0.092358530 -0.148050040 -0.268580854 0.951811671 -0.058804948
0.986363947 -0.095423095 0.134091571 0.045707453 0.053312935 0.956082344 0.288208812 0.089763477 -0.155704364 -0.277129978 0.948132455 -0.048498031
0.985550523 -0.099379592 0.137163863 0.051245444 0.054674111 0.953092217 0.297701061 0.086274542 -0.160315230 -0.285900116 0.944754004 -0.037068207
0.985601306 -0.099952109 0.136380568 0.055584241 0.054115020 0.950615525 0.305616885 0.082559749 -0.160192534 -0.293836147 0.942336798 -0.024822615
0.985599160 -0.106330693 0.131484076 0.058081970 0.060585648 0.947988033 0.312486976 0.078344680 -0.157872275 -0.300020844 0.940778315 -0.011497756
0.986839473 -0.107820593 0.120509505 0.059474502 0.064520992 0.945908070 0.317954302 0.072947145 -0.148272932 -0.305994451 0.940416157 0.001649703
0.988246918 -0.105541319 0.110585205 0.056949351 0.065409079 0.945790470 0.318122625 0.067289867 -0.138165519 -0.307150424 0.941577911 0.015310382
0.990294635 -0.098941490 0.097606868 0.051900808 0.063845664 0.947654247 0.312850088 0.061317347 -0.123451412 -0.303581983 0.944773912 0.028923782
0.992395401 -0.088973269 0.085059375 0.044714425 0.059216172 0.950901568 0.303775609 0.054860152 -0.107911006 -0.296428621 0.948939025 0.046161752
0.994609773 -0.077282891 0.069128819 0.035340026 0.053730160 0.954339802 0.293851376 0.049527459 -0.088682063 -0.288553119 0.953348100 0.059981894
0.996459186 -0.063674167 0.054905895 0.023777802 0.045488194 0.957490444 0.284855992 0.045593295 -0.070709832 -0.281349808 0.956996560 0.073878683
0.997941554 -0.051437031 0.038300119 0.009855598 0.038743313 0.959481895 0.279094070 0.041116316 -0.051104039 -0.277035683 0.959499657 0.086941980
0.999091685 -0.039243702 0.016605034 -0.006754133 0.033110421 0.960239768 0.277206272 0.037942901 -0.026823413 -0.276404709 0.960666955 0.099210501
0.999565065 -0.028300935 -0.008289366 -0.026368257 0.029489702 0.960384369 0.277114064 0.034998141 0.000118392 -0.277237982 0.960801303 0.107721448
0.999226272 -0.016944421 -0.035493188 -0.050005190 0.026234737 0.959490597 0.280516535 0.033968028 0.029302189 -0.281230658 0.959192753 0.113533884
0.997943878 -0.006031421 -0.063809015 -0.073923163 0.024044964 0.958079457 0.285491765 0.032593518 0.059412189 -0.286439061 0.956254601 0.116563439
0.995822728 0.005187215 -0.091160275 -0.102016166 0.021637373 0.956541300 0.290793031 0.035739738 0.088706978 -0.291550785 0.952433288 0.116557807
0.992797256 0.017888822 -0.118463293 -0.131241992 0.018139277 0.954946697 0.296222538 0.038556300 0.118425205 -0.296237797 0.947744012 0.112938762
0.988932014 0.030087397 -0.145286575 -0.161155090 0.015309487 0.953302860 0.301627636 0.041788775 0.147577301 -0.300513506 0.942291141 0.104216337
0.984820366 0.046411604 -0.167256564 -0.191564336 0.006991392 0.952201724 0.305389941 0.045675743 0.173435628 -0.301923573 0.937423170 0.092383936
0.979632616 0.054237481 -0.193334505 -0.221329480 0.008134693 0.951319456 0.308099121 0.050546147 0.200633392 -0.303396672 0.931502402 0.076637253
0.975027800 0.059369616 -0.214000106 -0.251614720 0.009930180 0.950986147 0.309074074 0.055312008 0.221860737 -0.303480893 0.926648378 0.058336176
0.969391406 0.059762280 -0.238135993 -0.278111964 0.017345872 0.950829268 0.309229463 0.060927778 0.244906932 -0.303895086 0.920689106 0.038158353
0.965861619 0.063813590 -0.251076072 -0.303754091 0.018372841 0.949872196 0.312098116 0.069018304 0.258406311 -0.306056589 0.916272640 0.017756706
0.963225901 0.068232119 -0.259885103 -0.321677536 0.018290970 0.948325038 0.316772908 0.076737344 0.268069655 -0.309877425 0.912203193 -0.001576962
0.961671829 0.070566371 -0.264967352 -0.336048126 0.018885802 0.946977615 0.320744067 0.085552014 0.273551911 -0.313454658 0.909348965 -0.023451017
