1.000000000 0.000000000 0.000000000 0.000000030 0.000000000 1.000000000 0.000000000 0.000000015 0.000000000 0.000000000 1.000000000 0.000000000
1.000000000 -0.000008372 -0.000162628 0.000033999 0.000008376 1.000000000 0.000024899 -0.000012277 0.000162627 -0.000024901 1.000000000 0.000035269
1.000000000 0.000090470 -0.000137594 0.000093506 -0.000090460 1.000000000 0.000072909 0.000018805 0.000137601 -0.000072897 1.000000000 0.000111562
1.000000000 0.000095163 -0.000093526 0.000094744 -0.000095154 1.000000000 0.000096692 -0.000011799 0.000093535 -0.000096683 1.000000000 -0.000035280
0.999999940 0.000108083 -0.000243439 0.000098771 -0.000108059 1.000000000 0.000099863 -0.000023245 0.000243449 -0.000099837 0.999999940 -0.000036377
0.999999940 0.000086958 -0.000376830 0.000074282 -0.000086909 1.000000000 0.000130843 -0.000042243 0.000376841 -0.000130810 0.999999940 -0.000049319
0.999999940 -0.000025383 -0.000342136 0.000098891 0.000025415 1.000000000 0.000092800 -0.000000834 0.000342133 -0.000092809 0.999999940 -0.000019047
1.000000000 0.000055689 -0.000180539 0.000326912 -0.000055668 1.000000000 0.000114861 0.000139168 0.000180546 -0.000114851 1.000000000 -0.000181617
0.999999940 -0.000016081 -0.000304670 0.000114700 0.000016121 1.000000000 0.000132622 -0.000055143 0.000304668 -0.000132627 0.999999940 0.000033689
0.999999940 0.000142207 -0.000271522 0.000127770 -0.000142182 1.000000000 0.000093219 0.000038396 0.000271536 -0.000093180 0.999999940 -0.000008701
0.999999940 0.000075201 -0.000314099 0.000120519 -0.000075182 1.000000000 0.000059721 0.000072367 0.000314104 -0.000059698 0.999999940 0.000023175
0.999999821 0.000001202 -0.000626587 0.000561134 -0.000001361 0.999999940 -0.000255338 0.000329038 0.000626586 0.000255339 0.999999762 -0.000548091
1.000000000 0.000074720 -0.000153081 0.000171835 -0.000074709 1.000000000 0.000067972 0.000130649 0.000153086 -0.000067961 1.000000000 -0.000096401
0.999999940 0.000015665 -0.000308732 0.000233950 -0.000015627 1.000000000 0.000121279 0.000164750 0.000308734 -0.000121275 0.999999940 -0.000191726
0.999999940 0.000207484 -0.000235193 0.000043061 -0.000207469 1.000000000 0.000066062 -0.000029478 0.000235207 -0.000066014 0.999999940 -0.000139318
0.999999881 0.000171635 -0.000513158 0.000818485 -0.000171807 0.999999940 -0.000335210 0.000696610 0.000513100 0.000335298 0.999999821 -0.000451053
0.999999940 0.000117013 -0.000362379 0.000210371 -0.000116995 1.000000000 0.000048371 0.000157285 0.000362384 -0.000048329 0.999999940 -0.000351409
0.999999940 0.000143912 -0.000356089 0.000231446 -0.000143874 1.000000000 0.000105791 0.000159163 0.000356104 -0.000105739 0.999999940 -0.000357004
0.999999404 -0.000778054 -0.000733984 0.001571488 0.000778253 0.999999642 0.000270600 0.000706860 0.000733773 -0.000271171 0.999999702 -0.000520236
0.999999523 -0.000702393 -0.000662908 0.001608700 0.000702548 0.999999702 0.000233088 0.000704537 0.000662744 -0.000233554 0.999999762 -0.000521928
0.999999940 0.000073778 -0.000313848 0.000105150 -0.000073774 1.000000000 0.000013613 -0.000049018 0.000313849 -0.000013590 0.999999940 -0.000036318
0.999999881 0.000045422 -0.000423871 0.000274393 -0.000045430 1.000000000 -0.000019222 0.000179641 0.000423871 0.000019241 0.999999881 -0.000268038
0.999999940 0.000040815 -0.000271458 0.000326921 -0.000040813 1.000000000 0.000006217 0.000198781 0.000271458 -0.000006206 0.999999940 -0.000260627
0.999999940 -0.000120457 -0.000319171 0.000285311 0.000120495 1.000000000 0.000118940 0.000196481 0.000319157 -0.000118979 0.999999940 -0.000209558
0.999999940 -0.000033292 -0.000396875 0.000264192 0.000033316 1.000000000 0.000061823 0.000239997 0.000396873 -0.000061836 0.999999940 -0.000156447
0.999999940 -0.000029110 -0.000346136 0.000270432 0.000029124 1.000000000 0.000041986 0.000222820 0.000346135 -0.000041996 0.999999940 -0.000121703
0.999999821 -0.000118918 -0.000555069 0.000768605 0.000118755 0.999999940 -0.000293947 0.000396976 0.000555104 0.000293881 0.999999821 -0.000734788
0.999999881 -0.000165956 -0.000519577 0.000829741 0.000165788 0.999999940 -0.000324039 0.000567157 0.000519630 0.000323953 0.999999821 -0.001012001
0.999999940 -0.000092778 -0.000233827 0.000056535 0.000092786 1.000000000 0.000032105 -0.000001787 0.000233824 -0.000032127 1.000000000 -0.000126770
0.999999940 -0.000159812 -0.000363257 0.000229425 0.000159832 1.000000000 0.000054855 0.000142806 0.000363249 -0.000054913 0.999999940 -0.000246103
0.999999166 -0.000953665 -0.000879328 0.001822717 0.000953877 0.999999523 0.000241252 0.001056742 0.000879098 -0.000242090 0.999999583 0.000067353
0.999999940 -0.000081725 -0.000273360 0.000295051 0.000081711 1.000000000 -0.000049524 0.000130835 0.000273364 0.000049502 0.999999940 -0.000178969
0.999999762 -0.000146400 -0.000645190 0.000842736 0.000146333 1.000000000 -0.000104868 0.000367365 0.000645206 0.000104774 0.999999762 -0.001307747
0.999999881 -0.000019705 -0.000471438 0.000099022 0.000019827 0.999999940 0.000259011 0.000071795 0.000471433 -0.000259020 0.999999881 -0.000232195
0.999999583 -0.000188498 -0.000924064 0.000847505 0.000188770 0.999999940 0.000294183 0.000100780 0.000924008 -0.000294357 0.999999523 -0.001392472
1.000000000 -0.000191224 -0.000101509 0.000906628 0.000191230 1.000000000 0.000058655 0.000179401 0.000101497 -0.000058674 1.000000000 -0.001334910
0.999999940 -0.000219511 -0.000339143 0.000976011 0.000219731 0.999999762 0.000647440 0.000033621 0.000339001 -0.000647515 0.999999762 -0.000417229
1.000000000 -0.000005577 0.000049251 -0.000024523 0.000005554 0.999999881 0.000478486 -0.000117206 -0.000049253 -0.000478485 0.999999881 0.000076705
0.999999881 -0.000378987 -0.000237314 0.000263555 0.000379125 0.999999762 0.000581201 -0.000174169 0.000237094 -0.000581291 0.999999821 -0.000153616
1.000000000 0.000113036 -0.000197037 0.000443662 -0.000112955 0.999999881 0.000413530 -0.000202027 0.000197084 -0.000413508 0.999999881 -0.000088633
1.000000000 -0.000085428 -0.000115842 0.000177055 0.000085489 0.999999881 0.000527487 -0.000276515 0.000115797 -0.000527497 0.999999881 -0.000044917
0.999999940 -0.000158782 -0.000227619 0.000248820 0.000158866 0.999999940 0.000372786 -0.000318105 0.000227560 -0.000372822 0.999999881 -0.000171389
1.000000000 0.000121345 -0.000176580 0.000251918 -0.000121261 0.999999881 0.000473461 -0.000241625 0.000176637 -0.000473440 0.999999881 -0.000161973
0.999999881 -0.000285123 -0.000401979 0.000483039 0.000285234 0.999999940 0.000274549 0.000042334 0.000401901 -0.000274663 0.999999881 -0.000556115
0.999999940 0.000105284 -0.000221395 0.000384990 -0.000105225 0.999999940 0.000268604 -0.000032576 0.000221423 -0.000268581 0.999999940 -0.000302396
0.999999940 -0.000183121 -0.000373776 0.000262279 0.000183194 0.999999940 0.000194842 -0.000088572 0.000373741 -0.000194910 0.999999940 -0.000165090
0.999999464 -0.000692365 -0.000740153 0.001693034 0.000692742 0.999999642 0.000509657 0.000475301 0.000739800 -0.000510170 0.999999583 -0.000315184
0.999999881 -0.000251843 -0.000384469 0.000454056 0.000251936 0.999999940 0.000241144 0.000239292 0.000384408 -0.000241241 0.999999881 -0.000745426
0.999999940 -0.000106726 -0.000382977 0.000139859 0.000106793 1.000000000 0.000174579 -0.000095357 0.000382958 -0.000174620 0.999999940 -0.000198506
0.999999404 -0.000787027 -0.000737629 0.001447687 0.000787340 0.999999583 0.000423991 0.000435398 0.000737295 -0.000424572 0.999999642 -0.000435903
0.999999583 -0.000442001 -0.000793951 0.001055791 0.000441876 0.999999881 -0.000158057 0.000648787 0.000794021 0.000157706 0.999999702 -0.001654325
0.999999285 -0.000948241 -0.000738507 0.001446783 0.000948498 0.999999464 0.000348482 0.000638308 0.000738176 -0.000349182 0.999999642 -0.000212174
0.999999464 -0.000748816 -0.000731253 0.001403428 0.000749123 0.999999642 0.000419421 0.000513036 0.000730938 -0.000419969 0.999999642 -0.000329872
0.999999344 -0.000842010 -0.000737763 0.001366232 0.000842328 0.999999523 0.000431321 0.000397855 0.000737400 -0.000431942 0.999999642 -0.000296800
0.999999404 -0.000840285 -0.000733928 0.001472894 0.000840580 0.999999583 0.000401429 0.000439061 0.000733590 -0.000402045 0.999999642 -0.000303601
0.999999881 -0.000407882 -0.000182667 0.001410198 0.000408046 0.999999523 0.000898510 0.000327367 0.000182300 -0.000898584 0.999999583 -0.000305239
0.999999106 -0.001045625 -0.000843103 0.001334793 0.001046542 0.999998868 0.001087641 0.000206420 0.000841965 -0.001088522 0.999999046 -0.000192524
0.999999285 -0.000838498 -0.000851188 0.001518336 0.000839179 0.999999344 0.000799670 0.000367605 0.000850517 -0.000800384 0.999999344 -0.000463754
0.999999404 -0.000610848 -0.000904413 0.001510134 0.000611836 0.999999225 0.001092451 0.000352317 0.000903745 -0.001093003 0.999998987 -0.000358819
0.999999940 -0.000051417 -0.000290570 -0.000065226 0.000051594 0.999999821 0.000609687 -0.000113722 0.000290538 -0.000609702 0.999999762 -0.000427971
1.000000000 0.000071594 -0.000196201 -0.000326171 -0.000071457 0.999999762 0.000695452 0.000048662 0.000196251 -0.000695438 0.999999762 -0.000212421
1.000000000 0.000013723 -0.000159345 -0.000173418 -0.000013620 0.999999821 0.000644689 -0.000041866 0.000159354 -0.000644687 0.999999762 -0.000387330
1.000000000 -0.000034109 -0.000128609 -0.000430837 0.000034258 0.999999344 0.001160367 -0.000112098 0.000128570 -0.001160371 0.999999344 -0.000087116
0.999999940 0.000257572 -0.000326175 -0.000145389 -0.000257024 0.999998569 0.001678585 -0.000247799 0.000326607 -0.001678501 0.999998510 -0.000337482
1.000000000 -0.000011017 -0.000217337 -0.000212416 0.000011454 0.999997973 0.002013049 -0.000282116 0.000217315 -0.002013051 0.999997973 -0.000327845
1.000000000 0.000116085 -0.000199330 -0.000147740 -0.000115628 0.999997377 0.002290186 -0.000366832 0.000199596 -0.002290163 0.999997377 -0.000310930
0.999999881 0.000443633 -0.000087611 -0.000302181 -0.000443417 0.999996901 0.002451976 -0.000923145 0.000088699 -0.002451937 0.999997020 0.000255304
1.000000000 -0.000073852 -0.000178209 -0.000354422 0.000074385 0.999995530 0.002990542 -0.001050592 0.000177988 -0.002990555 0.999995530 0.000343989
1.000000000 -0.000047901 -0.000212451 -0.000278645 0.000048867 0.999989629 0.004551531 -0.001155467 0.000212231 -0.004551542 0.999989629 0.000375352
0.999999881 -0.000035183 -0.000486654 0.000342803 0.000037922 0.999984145 0.005628051 -0.001285987 0.000486448 -0.005628069 0.999984026 0.000861583
0.999999821 0.000229627 -0.000594941 0.000321782 -0.000225750 0.999978781 0.006507988 -0.001277852 0.000596423 -0.006507852 0.999978662 0.000505029
0.999999762 0.000215361 -0.000650139 0.000417180 -0.000210660 0.999973893 0.007222530 -0.001032866 0.000651677 -0.007222391 0.999973714 0.000112150
0.999999642 0.000070760 -0.000822425 0.000465340 -0.000064661 0.999972522 0.007414415 -0.000883655 0.000822927 -0.007414360 0.999972165 -0.000076876
0.999999523 -0.000409032 -0.000882383 0.000211092 0.000415756 0.999970794 0.007632812 -0.001489859 0.000879235 -0.007633176 0.999970496 -0.000145661
0.999999702 0.000095552 -0.000730260 0.000285510 -0.000090219 0.999973357 0.007299690 -0.001352438 0.000730938 -0.007299622 0.999973118 -0.000417113
0.999998629 -0.000290865 -0.001612359 0.003970320 0.000303016 0.999971509 0.007540847 -0.001511510 0.001610120 -0.007541325 0.999970257 -0.003059430
0.999999404 0.000945565 -0.000544145 0.000721293 -0.000941595 0.999973297 0.007249599 -0.000867428 0.000550986 -0.007249082 0.999973595 -0.000431249
0.999999344 0.000939707 -0.000659194 0.000374526 -0.000935475 0.999979138 0.006389919 -0.001125042 0.000665185 -0.006389298 0.999979377 -0.000282364
0.999998868 0.001385138 -0.000556145 0.000301540 -0.001381216 0.999974608 0.006992286 -0.001039311 0.000565816 -0.006991510 0.999975383 -0.000219910
0.999998987 0.000460218 -0.001333389 0.001524234 -0.000447237 0.999952674 0.009719845 -0.000319908 0.001337799 -0.009719240 0.999951899 0.000388549
0.999998510 0.000921620 -0.001477339 0.001383169 -0.000903858 0.999927819 0.011978884 -0.001598908 0.001488272 -0.011977530 0.999927163 -0.000718568
0.999999464 0.000420161 -0.000918090 0.000727686 -0.000407953 0.999912024 0.013256554 -0.001928864 0.000923579 -0.013256173 0.999911726 -0.001273576
0.999999285 0.000431617 -0.001102799 0.000181829 -0.000415552 0.999894381 0.014526558 -0.001453426 0.001108952 -0.014526089 0.999893904 0.000015158
0.999998569 0.001196965 -0.001187647 0.000720540 -0.001179693 0.999895036 0.014438891 -0.002349534 0.001204805 -0.014437470 0.999895036 -0.002554631
0.999999166 0.001279428 -0.000213176 0.001030059 -0.001275220 0.999824524 0.018689033 -0.001578583 0.000237050 -0.018688746 0.999825299 -0.000697584
0.999996603 0.001606315 0.002042816 0.000911913 -0.001647791 0.999789178 0.020466400 -0.001545866 -0.002009510 -0.020469697 0.999788463 0.000194251
0.999995172 -0.000782540 0.003002540 0.001940195 0.000717441 0.999765992 0.021621583 -0.001740276 -0.003018757 -0.021619326 0.999761701 -0.001600122
0.999987185 -0.000135780 0.005062115 0.001398223 0.000035872 0.999805331 0.019731339 -0.001845269 -0.005063809 -0.019730903 0.999792516 0.001040275
0.999958575 0.003633678 0.008347771 0.003521888 -0.003782703 0.999832511 0.017906127 -0.003347439 -0.008281308 -0.017936962 0.999804795 -0.002224220
0.999884665 0.007674413 0.013106036 0.004482890 -0.007900573 0.999819279 0.017292457 -0.004381303 -0.012970957 -0.017394008 0.999764562 -0.003935924
0.999787569 0.011508957 0.017099360 0.004446326 -0.011769996 0.999814510 0.015244597 -0.005175508 -0.016920740 -0.015442618 0.999737561 -0.002597495
0.999673903 0.014908834 0.020730719 0.003705936 -0.015185284 0.999796987 0.013242462 -0.009681933 -0.020529080 -0.013552946 0.999697387 -0.003077176
0.999553978 0.017678214 0.024069922 0.004014620 -0.017893253 0.999801636 0.008747980 -0.014293016 -0.023910498 -0.009174768 0.999671996 -0.005757557
0.999343514 0.023146069 0.027870303 0.003573688 -0.023384472 0.999692440 0.008258704 -0.019023931 -0.027670575 -0.008905014 0.999577403 -0.009072432
0.999179304 0.026080493 0.030992800 0.002864490 -0.026388958 0.999605775 0.009585690 -0.025834259 -0.030730585 -0.010395691 0.999473631 -0.012888734
0.999104023 0.027175561 0.032445222 0.001399266 -0.027653880 0.999514043 0.014385727 -0.034143381 -0.032038517 -0.015270074 0.999369979 -0.018029664
0.999067605 0.026945416 0.033732560 -0.000011111 -0.027516734 0.999483705 0.016588494 -0.044763278 -0.033268157 -0.017501235 0.999293208 -0.025291862
0.999075949 0.025564015 0.034550671 -0.003060049 -0.026258588 0.999459028 0.019801022 -0.056830995 -0.034025785 -0.020689977 0.999206781 -0.032889958
0.999063611 0.025204305 0.035165891 -0.006023637 -0.025973823 0.999429226 0.021600015 -0.068712905 -0.034601405 -0.022493184 0.999148011 -0.041745365
0.998981237 0.026629791 0.036431987 -0.007211901 -0.027469009 0.999364138 0.022731883 -0.084399305 -0.035803478 -0.023709478 0.999077559 -0.054865323
0.998877645 0.028208436 0.038048696 -0.011915902 -0.029129868 0.999290228 0.023884095 -0.093126379 -0.037347961 -0.024965644 0.998990417 -0.063067488
0.998894632 0.028089421 0.037689682 -0.017448008 -0.029076157 0.999241769 0.025892833 -0.100384079 -0.036933791 -0.026960084 0.998953998 -0.071837544
0.998831809 0.028692856 0.038880814 -0.023427924 -0.029800240 0.999157786 0.028207654 -0.106368937 -0.038038712 -0.029333359 0.998845637 -0.080871604
0.998800814 0.028958121 0.039476302 -0.030036537 -0.030169846 0.999080777 0.030452795 -0.111332022 -0.038558159 -0.031607270 0.998756349 -0.090332821
0.998777866 0.029999031 0.039279345 -0.037946567 -0.031227505 0.999030054 0.031044455 -0.115709104 -0.038309943 -0.032233112 0.998745918 -0.099658549
0.998732865 0.029730879 0.040604182 -0.046136193 -0.030995034 0.999042809 0.030867282 -0.119139120 -0.039647602 -0.032086696 0.998698413 -0.109183758
0.998692930 0.030936442 0.040685769 -0.055278402 -0.032189555 0.999015868 0.030513983 -0.121233016 -0.039701734 -0.031783756 0.998705924 -0.119216032
0.998715222 0.031060023 0.040039226 -0.065415464 -0.032299016 0.999007344 0.030678090 -0.122947589 -0.039046615 -0.031931903 0.998727024 -0.130218282
0.998673797 0.031293985 0.040881839 -0.076638356 -0.032582540 0.998980641 0.031242302 -0.127940327 -0.039862465 -0.032532901 0.998675406 -0.138334855
0.998708844 0.031072637 0.040188126 -0.088324733 -0.032285169 0.999031901 0.029882710 -0.131773040 -0.039220683 -0.031141609 0.998745203 -0.152395383
0.998744547 0.030365257 0.039841060 -0.101410180 -0.031606846 0.999022245 0.030912800 -0.139448181 -0.038863432 -0.032133240 0.998727739 -0.163376957
0.998812079 0.028025778 0.039861903 -0.114924848 -0.029264921 0.999095500 0.030849714 -0.147414222 -0.038961262 -0.031979624 0.998728871 -0.176816374
0.998865426 0.027379945 0.038964517 -0.129556298 -0.028567124 0.999134243 0.030244716 -0.157113463 -0.038102686 -0.031323504 0.998782754 -0.190801024
0.998888671 0.026600655 0.038907208 -0.144414872 -0.027718648 0.999209881 0.028483337 -0.168052658 -0.038118787 -0.029530140 0.998836815 -0.205489233
0.998979270 0.023783777 0.038402900 -0.159883380 -0.024916347 0.999260426 0.029287498 -0.179396272 -0.037677929 -0.030214462 0.998833060 -0.220462561
0.999206841 0.017229764 0.035899676 -0.175535202 -0.018263036 0.999422491 0.028655957 -0.188662797 -0.035385206 -0.029288866 0.998944461 -0.235757142
0.999389172 0.009307032 0.033685036 -0.192958429 -0.010315475 0.999500036 0.029888550 -0.196485177 -0.033390023 -0.030217769 0.998985469 -0.247380808
0.999552190 -0.002913034 0.029781317 -0.209388450 0.002010820 0.999539435 0.030279802 -0.202308059 -0.029855808 -0.030206358 0.999097705 -0.261865675
0.999580204 -0.015842224 0.024258889 -0.225869969 0.015116168 0.999440789 0.029825855 -0.205860585 -0.024717830 -0.029446632 0.999260664 -0.276047915
0.999322534 -0.030724725 0.020258628 -0.241803050 0.030064179 0.999031067 0.032141529 -0.206922889 -0.021226536 -0.031510696 0.999278009 -0.289828271
0.998970985 -0.042062759 0.016961215 -0.257122099 0.041437775 0.998504758 0.035653621 -0.205240533 -0.018435543 -0.034914099 0.999220252 -0.303394735
0.998995125 -0.041823711 0.016109362 -0.271762967 0.041217972 0.998492062 0.036257841 -0.201455131 -0.017601509 -0.035557412 0.999212623 -0.315820307
0.999243498 -0.032754119 0.020966269 -0.284131765 0.032020483 0.998894393 0.034419272 -0.195264742 -0.022070460 -0.033721883 0.999187529 -0.328324109
0.999445260 -0.021318341 0.025586182 -0.296490431 0.020450601 0.999222398 0.033709824 -0.187629566 -0.026284924 -0.033167869 0.999104083 -0.340185672
0.999520481 -0.009264810 0.029545488 -0.308197528 0.008329915 0.999465585 0.031610146 -0.178954437 -0.029822560 -0.031348877 0.999063492 -0.352054864
0.999378324 0.001780123 0.035210736 -0.319395244 -0.002846406 0.999538124 0.030255994 -0.170498773 -0.035140611 -0.030337410 0.998921812 -0.364396453
0.999290228 0.009710418 0.036397342 -0.329024523 -0.010700673 0.999575138 0.027111448 -0.163077906 -0.036118615 -0.027481683 0.998969555 -0.383414388
0.999177814 0.014905759 0.037703034 -0.340835482 -0.015866820 0.999553442 0.025320822 -0.155710056 -0.037308771 -0.025898231 0.998968124 -0.396944880
0.999129891 0.014468649 0.039116200 -0.352715492 -0.015463430 0.999561548 0.025249658 -0.149346188 -0.038733725 -0.025832558 0.998915613 -0.411006719
0.999092221 0.017048268 0.039039388 -0.365699470 -0.018188978 0.999412358 0.029053181 -0.142937705 -0.038521141 -0.029736895 0.998815238 -0.425266385
0.999181092 0.014412703 0.037808247 -0.378579289 -0.015910262 0.999088466 0.039612219 -0.136554554 -0.037202865 -0.040181316 0.998499572 -0.440700620
0.999351203 0.004497443 0.035735134 -0.391346306 -0.006524244 0.998363972 0.056804758 -0.130706549 -0.035421196 -0.057001043 0.997745574 -0.455333233
0.999468803 -0.003299917 0.032421667 -0.405095637 0.000892253 0.997258127 0.073996507 -0.125363514 -0.032576952 -0.073928274 0.996731341 -0.470583707
0.999508560 -0.008860510 0.030067926 -0.418281108 0.006166320 0.996053398 0.088541240 -0.120996632 -0.030733781 -0.088312328 0.995618582 -0.485960841
0.999466062 -0.013537174 0.029737940 -0.431475848 0.010564385 0.995136082 0.097941719 -0.117928885 -0.030919151 -0.097575255 0.994747758 -0.499231905
0.999485672 -0.016971221 0.027210392 -0.442922890 0.014085063 0.994585991 0.102957763 -0.115265526 -0.028810393 -0.102521546 0.994313478 -0.515615642
0.999508739 -0.016609730 0.026577359 -0.454620302 0.013818823 0.994693577 0.101949804 -0.115275428 -0.028129688 -0.101532452 0.994434476 -0.526730537
0.999502540 -0.017777512 0.026051590 -0.465729922 0.015104388 0.994929194 0.099437051 -0.116667464 -0.027687231 -0.098994084 0.994702756 -0.536472321
0.999536812 -0.017822908 0.024667425 -0.476850480 0.015334165 0.995103478 0.097641945 -0.118818387 -0.026286902 -0.097218469 0.994915843 -0.545609772
0.999583721 -0.017070474 0.023258036 -0.487012535 0.014815701 0.995472491 0.093888156 -0.122269079 -0.024755450 -0.093504496 0.995311022 -0.553213418
0.999615967 -0.016837738 0.022010414 -0.496638447 0.014765247 0.995727777 0.091149092 -0.126489669 -0.023451125 -0.090789095 0.995593965 -0.560014606
0.999653101 -0.016761821 0.020316541 -0.505551398 0.014859144 0.995791674 0.090433337 -0.130794123 -0.021746870 -0.090100072 0.995695233 -0.565039039
0.999655485 -0.019112814 0.017987559 -0.514093399 0.017440129 0.995883286 0.088950999 -0.135552078 -0.019613614 -0.088606648 0.995873570 -0.569436491
0.999669492 -0.018669613 0.017671945 -0.521996975 0.017080352 0.996134281 0.086166814 -0.139179870 -0.019212330 -0.085836500 0.996123970 -0.572659731
0.999691844 -0.017813042 0.017287893 -0.531017840 0.016304135 0.996348441 0.083809286 -0.141285345 -0.018717663 -0.083501592 0.996331811 -0.574012041
0.999712646 -0.017490545 0.016393287 -0.537514329 0.016131392 0.996691406 0.079661958 -0.142464295 -0.017732380 -0.079374619 0.996687114 -0.573148668
0.999728143 -0.016399406 0.016572455 -0.543315828 0.015101979 0.997024477 0.075591438 -0.142626926 -0.017762797 -0.075320609 0.997001171 -0.571517110
0.999740601 -0.016480267 0.015721781 -0.548695147 0.015338196 0.997415900 0.070186950 -0.143847659 -0.016837856 -0.069927596 0.997409940 -0.569588065
0.999766767 -0.014419609 0.016078657 -0.553661644 0.013374348 0.997903466 0.063323043 -0.147502527 -0.016958041 -0.063093238 0.997863531 -0.567912877
0.999794781 -0.011466091 0.016700391 -0.558356702 0.010516622 0.998382568 0.055871766 -0.155329853 -0.017314009 -0.055684667 0.998298287 -0.565445304
0.999815047 -0.005174462 0.018524185 -0.561828315 0.004272503 0.998818696 0.048403598 -0.165238887 -0.018752765 -0.048315503 0.998656094 -0.564782917
0.999807477 -0.003274039 0.019346178 -0.565333426 0.002380373 0.998936892 0.046037182 -0.179061443 -0.019476339 -0.045982271 0.998752356 -0.564126790
0.999796569 0.000029581 0.020168936 -0.568514287 -0.000888790 0.999092102 0.042592973 -0.195808262 -0.020149363 -0.042602234 0.998888910 -0.565539539
0.999761522 0.004302443 0.021409493 -0.573582053 -0.005147510 0.999203384 0.039574396 -0.213964358 -0.021222170 -0.039675165 0.998987257 -0.561032772
0.999743760 0.005751567 0.021893937 -0.576753557 -0.006555103 0.999300838 0.036808223 -0.229346722 -0.021666925 -0.036942311 0.999082506 -0.562791765
0.999711633 0.007454677 0.022826329 -0.580174029 -0.008217838 0.999404132 0.033524130 -0.242579415 -0.022562817 -0.033702049 0.999177217 -0.564461291
0.999691725 0.007954421 0.023519702 -0.583908975 -0.008705772 0.999449372 0.032017719 -0.253510743 -0.023252070 -0.032212604 0.999210536 -0.566287994
0.999661803 0.009161932 0.024337709 -0.587628722 -0.009910904 0.999475360 0.030833926 -0.264264792 -0.024042442 -0.031064708 0.999228179 -0.568298042
0.999623954 0.011385736 0.024947051 -0.591161668 -0.012110417 0.999503374 0.029092826 -0.275213480 -0.024603419 -0.029384006 0.999265373 -0.570646584
0.999613225 0.010777238 0.025637971 -0.595368803 -0.011491871 0.999544859 0.027891982 -0.286367029 -0.025325706 -0.028175823 0.999282122 -0.572784960
0.999548435 0.013440471 0.026876280 -0.599364281 -0.014157832 0.999543726 0.026681535 -0.297720790 -0.026505405 -0.027049996 0.999282598 -0.575058341
0.999569058 0.012914016 0.026360612 -0.604024053 -0.013588828 0.999580324 0.025582712 -0.309184819 -0.026019175 -0.025929898 0.999325097 -0.578395903
0.999561608 0.012125599 0.027010389 -0.608467042 -0.012830981 0.999577045 0.026096815 -0.323285997 -0.026682526 -0.026431946 0.999294460 -0.577715755
0.999547899 0.012684667 0.027260454 -0.613439441 -0.013432108 0.999533951 0.027412539 -0.332095981 -0.026900033 -0.027766312 0.999252439 -0.585844100
0.999568343 0.011514476 0.027027637 -0.619267464 -0.012385907 0.999401510 0.032299433 -0.345830619 -0.026639551 -0.032620255 0.999112725 -0.586716950
0.999572754 0.009718645 0.027564786 -0.625060976 -0.010723151 0.999274969 0.036531091 -0.355352849 -0.027189769 -0.036811069 0.998952270 -0.591296494
0.999565721 0.009069012 0.028037552 -0.630300879 -0.010152368 0.999197662 0.038741719 -0.362434149 -0.027663708 -0.039009545 0.998855829 -0.595211864
0.999579370 0.009387149 0.027439829 -0.636227071 -0.010403642 0.999255955 0.037139546 -0.366988212 -0.027070779 -0.037409399 0.998933315 -0.597557485
0.999590993 0.006950718 0.027740795 -0.641949713 -0.007944879 0.999324203 0.035889689 -0.369056731 -0.027472589 -0.036095407 0.998970687 -0.600205958
0.999660254 0.000759795 0.026053300 -0.648146749 -0.001722581 0.999315560 0.036951967 -0.368627727 -0.026007393 -0.036984295 0.998977363 -0.601780832
0.999727547 -0.007505133 0.022103025 -0.654792070 0.006557373 0.999068797 0.042643819 -0.366744995 -0.022402490 -0.042487260 0.998845816 -0.604188323
0.999641776 -0.018177582 0.019644978 -0.659035683 0.017232211 0.998733699 0.047265396 -0.372393489 -0.020479271 -0.046909936 0.998689175 -0.609564900
0.999575734 -0.022528036 0.018461961 -0.666022301 0.021595964 0.998554528 0.049218439 -0.368983060 -0.019544069 -0.048798852 0.998617411 -0.609370470
0.999538481 -0.025097679 0.017113969 -0.670346260 0.024176911 0.998352408 0.052037910 -0.376974761 -0.018391803 -0.051600128 0.998498440 -0.613417089
0.999478042 -0.024941867 0.020531900 -0.673332393 0.023864111 0.998405218 0.051161241 -0.384558260 -0.021775212 -0.050644558 0.998479307 -0.617126167
0.999470115 -0.024043618 0.021940788 -0.675824702 0.022859627 0.998348415 0.052705236 -0.395971239 -0.023171777 -0.052175753 0.998369038 -0.621664703
0.999476016 -0.023926875 0.021799959 -0.675825119 0.022679338 0.998185456 0.055780161 -0.409830391 -0.023095049 -0.055256527 0.998205066 -0.627963364
0.999428511 -0.023098191 0.024681231 -0.676958442 0.021660091 0.998137712 0.057025641 -0.422764421 -0.025952457 -0.056458451 0.998067617 -0.632801592
0.999437332 -0.020242104 0.026744369 -0.677488804 0.018592188 0.997991204 0.060562927 -0.436155945 -0.027916566 -0.060031611 0.997806013 -0.637120843
0.999437392 -0.019500958 0.027287291 -0.678063393 0.017734217 0.997820795 0.063554198 -0.449640125 -0.028467195 -0.063034520 0.997605264 -0.641770720
0.999406695 -0.014629483 0.031181404 -0.679798663 0.012486877 0.997618437 0.067834459 -0.466726750 -0.032099526 -0.067404859 0.997209191 -0.653339624
0.999392152 -0.013612512 0.032094516 -0.678733766 0.011273283 0.997342944 0.071972206 -0.480184734 -0.032988958 -0.071566641 0.996890128 -0.656004727
0.999405503 -0.010138534 0.032951821 -0.677401960 0.007636154 0.997139394 0.075198196 -0.494094521 -0.033619959 -0.074901871 0.996623993 -0.658245087
0.999344945 -0.005384377 0.035786793 -0.675826967 0.002641609 0.997085094 0.076251693 -0.507937431 -0.036093049 -0.076107211 0.996446192 -0.660000324
0.999322057 -0.002221980 0.036749355 -0.674194336 -0.000651400 0.996953726 0.077992380 -0.520398140 -0.036810704 -0.077963442 0.996276379 -0.660733223
0.999232173 0.004284465 0.038944479 -0.672306657 -0.007378227 0.996795774 0.079647370 -0.530078292 -0.038478445 -0.079873554 0.996062040 -0.660519183
0.999130905 0.008806643 0.040741455 -0.670690119 -0.012016577 0.996784210 0.079226680 -0.537836730 -0.039912719 -0.079647399 0.996023715 -0.658803701
0.999088705 0.012158397 0.040913299 -0.669490159 -0.015308919 0.996867418 0.077594787 -0.545914173 -0.039841704 -0.078150421 0.996145129 -0.655123949
0.999068081 0.014111036 0.040790420 -0.668797672 -0.016940862 0.997411311 0.069883280 -0.554728091 -0.039698701 -0.070509173 0.996720850 -0.651117325
0.999115825 0.013152453 0.039932255 -0.668563128 -0.015567626 0.998029411 0.060786128 -0.562962890 -0.039054077 -0.061354034 0.997351706 -0.650989413
0.999196172 0.013949042 0.037583079 -0.668953300 -0.015929913 0.998470962 0.052933253 -0.572448313 -0.036787245 -0.053489394 0.997890592 -0.646703601
0.999190807 0.015778234 0.036997069 -0.669320822 -0.017542461 0.998700202 0.047856268 -0.581803262 -0.036193889 -0.048466559 0.998168826 -0.642488003
0.999259293 0.014480032 0.035654098 -0.669606566 -0.016084850 0.998851001 0.045143217 -0.591213882 -0.034959458 -0.045683272 0.998344064 -0.638296247
0.999394953 0.012754825 0.032357715 -0.670687079 -0.014094719 0.999038041 0.041524410 -0.600118279 -0.031796955 -0.041955359 0.998613417 -0.634478867
0.999425530 0.012378061 0.031550620 -0.671790183 -0.013679367 0.999050319 0.041368525 -0.606857836 -0.031008596 -0.041776355 0.998645663 -0.630567431
0.999475181 0.011501371 0.030283950 -0.672613561 -0.012702028 0.999128640 0.039757475 -0.610253096 -0.029800296 -0.040121280 0.998750329 -0.625688612
0.999579132 0.010324562 0.027109873 -0.673982978 -0.011354236 0.999209166 0.038106456 -0.610587180 -0.026695002 -0.038398229 0.998905897 -0.620948792
0.999596715 0.011317205 0.026043732 -0.675269425 -0.012297481 0.999209940 0.037792560 -0.608697116 -0.025595449 -0.038097594 0.998946190 -0.614535928
0.999620259 0.011619382 0.024987346 -0.677026510 -0.012561467 0.999203265 0.037882082 -0.601472080 -0.024527272 -0.038181573 0.998969734 -0.605405748
0.999669909 0.011263664 0.023090985 -0.679008424 -0.012200910 0.999090433 0.040858548 -0.595759153 -0.022609767 -0.041126791 0.998898089 -0.600372851
0.999672532 0.012299193 0.022440942 -0.680429757 -0.013330748 0.998833418 0.046412352 -0.583875895 -0.021843927 -0.046696309 0.998670280 -0.590936959
0.999675453 0.012461261 0.022218976 -0.682201982 -0.013695884 0.998319447 0.056308635 -0.572727561 -0.021479961 -0.056594670 0.998166144 -0.582986474
0.999720752 0.012108654 0.020293973 -0.684293389 -0.013433905 0.997696519 0.066492274 -0.562996984 -0.019442093 -0.066746339 0.997580528 -0.575770497
0.999656022 0.015678978 0.021023126 -0.685774505 -0.017199988 0.997092307 0.074236482 -0.553628683 -0.019798046 -0.074572548 0.997019053 -0.570577443
0.999712527 0.013845278 0.019573454 -0.687839508 -0.015383778 0.996613979 0.080770530 -0.547023892 -0.018388886 -0.081048422 0.996540546 -0.563510180
0.999828517 0.009293506 0.016016684 -0.689988077 -0.010605134 0.996421576 0.083854161 -0.543309271 -0.015180071 -0.084009640 0.996349335 -0.555676699
0.999848008 0.008660318 0.015130956 -0.692649066 -0.009941183 0.996181607 0.086737625 -0.541177452 -0.014322003 -0.086874865 0.996116281 -0.546485841
0.999884963 0.007187276 0.013356436 -0.695607066 -0.008363465 0.995888352 0.090202086 -0.538102746 -0.012653213 -0.090303414 0.995833933 -0.531785071
0.999860764 0.010671305 0.012829131 -0.697864592 -0.011780106 0.995898008 0.089712545 -0.540611565 -0.011819156 -0.089851186 0.995885074 -0.522694826
0.999906182 0.008241205 0.010941929 -0.700301528 -0.009227036 0.995591760 0.093337633 -0.545496106 -0.010124479 -0.093429841 0.995574415 -0.513328969
0.999922454 0.007918034 0.009614101 -0.702788234 -0.008819377 0.995181799 0.097649358 -0.552427769 -0.008794587 -0.097726576 0.995174468 -0.503248036
0.999937534 0.007795242 0.008006752 -0.705123723 -0.008574964 0.994698346 0.102477767 -0.561813712 -0.007165465 -0.102540024 0.994703054 -0.492252707
0.999966025 0.006372081 0.005227751 -0.707825065 -0.006885592 0.994454443 0.104942828 -0.573470056 -0.004530056 -0.104975253 0.994464517 -0.481157333
0.999969482 0.007286287 0.002812946 -0.709962666 -0.007549674 0.994003952 0.109083243 -0.586865306 -0.002001267 -0.109101154 0.994028628 -0.468240947
0.999943376 0.010509751 0.001672051 -0.712514699 -0.010627934 0.994280159 0.106273323 -0.602579832 -0.000545581 -0.106285080 0.994335532 -0.453978866
0.999939680 0.010956198 -0.000766144 -0.714995623 -0.010822996 0.994838178 0.100895494 -0.618789494 0.001867620 -0.100881115 0.994896710 -0.439752847
0.999938786 0.010688411 -0.002870453 -0.718204319 -0.010360241 0.995245636 0.096844330 -0.636998713 0.003891917 -0.096808657 0.995295405 -0.420493901
0.999892533 0.014379386 -0.002857791 -0.719833255 -0.014052929 0.995601416 0.092630126 -0.651199162 0.004177185 -0.092580013 0.995696485 -0.405508012
0.999798477 0.019824428 -0.003162681 -0.722259760 -0.019464748 0.995847166 0.088935606 -0.670165062 0.004912644 -0.088856123 0.996032357 -0.386168033
0.999722123 0.023394395 -0.002889561 -0.724196851 -0.023057900 0.996002197 0.086301856 -0.686447024 0.004896988 -0.086211242 0.996264815 -0.367234915
0.999712169 0.023711998 -0.003656575 -0.726760685 -0.023330305 0.996326327 0.082398854 -0.701823115 0.005596983 -0.082289822 0.996592700 -0.347201318
0.999654949 0.025998095 -0.003759271 -0.730096281 -0.025615795 0.996486068 0.079745322 -0.714263082 0.005819288 -0.079621509 0.996808171 -0.325946808
0.999633312 0.026787482 -0.003961076 -0.732763827 -0.026411548 0.996786714 0.075621553 -0.722122848 0.005974059 -0.075489201 0.997128725 -0.302660555
0.999566436 0.029268891 -0.003199666 -0.736461699 -0.028970968 0.997094214 0.070454717 -0.725064218 0.005252499 -0.070331469 0.997509837 -0.277309209
0.999540031 0.030224059 -0.002501503 -0.740078092 -0.030003306 0.997515202 0.063743472 -0.722827375 0.004421873 -0.063639104 0.997963190 -0.250589669
0.999549329 0.029992439 -0.001243970 -0.749458849 -0.029862382 0.997723103 0.060472358 -0.729502797 0.003054851 -0.060407955 0.998169124 -0.219981000
0.999540627 0.030300606 0.000682954 -0.753612995 -0.030293480 0.998093486 0.053774290 -0.719886541 0.000947741 -0.053770274 0.998552859 -0.190814465
0.999519885 0.030782739 0.003530825 -0.758361101 -0.030918306 0.998334050 0.048715532 -0.707334757 -0.002025345 -0.048801310 0.998806477 -0.161446691
0.999534309 0.029769605 0.006704946 -0.763313591 -0.030049747 0.998465955 0.046505004 -0.694956839 -0.005310225 -0.046684831 0.998895526 -0.131956592
0.999517918 0.029300181 0.010266156 -0.768622041 -0.029731011 0.998558700 0.044683419 -0.684134066 -0.008942126 -0.044967100 0.998948455 -0.103736624
0.999539495 0.027191501 0.013469924 -0.774481237 -0.027739700 0.998718202 0.042337164 -0.677681327 -0.012301448 -0.042691320 0.999012589 -0.075596221
0.999512315 0.026226373 0.016950579 -0.781584382 -0.026965985 0.998623550 0.044987291 -0.675291777 -0.015747393 -0.045422442 0.998843729 -0.049975425
0.999353766 0.028123744 0.022384921 -0.788309097 -0.029101696 0.998579502 0.044632580 -0.675334096 -0.021097889 -0.045255173 0.998752654 -0.025460321
0.999283195 0.027654832 0.025850952 -0.796091318 -0.028812857 0.998546362 0.045552354 -0.679423511 -0.024553631 -0.046264540 0.998627424 -0.001637009
0.999229133 0.026806356 0.028679276 -0.805202484 -0.028049627 0.998643637 0.043864701 -0.691016257 -0.027464522 -0.044635329 0.998625755 0.020794682
0.999230981 0.023542361 0.031355448 -0.814211249 -0.024966164 0.998637736 0.045818985 -0.697215378 -0.030234048 -0.046566576 0.998457551 0.043552846
0.999202907 0.021851737 0.033406552 -0.823888242 -0.023285955 0.998796582 0.043163773 -0.702209890 -0.032423150 -0.043907274 0.998509347 0.066127472
0.999130607 0.021373240 0.035793997 -0.833811879 -0.022871876 0.998855948 0.041995991 -0.704682469 -0.034855455 -0.042778153 0.998476386 0.089002401
0.999075532 0.020624897 0.037719268 -0.844069719 -0.022155466 0.998928964 0.040620524 -0.704853475 -0.036841076 -0.041418660 0.998462439 0.111907557
0.998942375 0.022646910 0.040015034 -0.854349196 -0.024173981 0.998981476 0.038099982 -0.703052998 -0.039111435 -0.039027013 0.998472452 0.134553805
0.998916924 0.022071743 0.040960833 -0.866232336 -0.023486355 0.999132752 0.034382027 -0.698802054 -0.040166438 -0.035306808 0.998569012 0.157889590
0.998856068 0.022564406 0.042159699 -0.877771139 -0.023964090 0.999168217 0.032994550 -0.690710247 -0.041380130 -0.033967126 0.998565912 0.181958020
0.998741031 0.019816794 0.046082605 -0.889409244 -0.021351308 0.999225676 0.033048891 -0.680622041 -0.045391995 -0.033991210 0.998390794 0.206045508
0.998587966 0.014643270 0.051065534 -0.902338386 -0.016165685 0.999433219 0.029528504 -0.669085860 -0.050604194 -0.030312316 0.998258650 0.237026647
0.998263776 0.008020598 0.058353759 -0.913646162 -0.009723295 0.999533474 0.028953675 -0.654555380 -0.058094308 -0.029470794 0.997875988 0.257336050
0.997751236 -0.003587342 0.066930287 -0.926503599 0.001654520 0.999580622 0.028911250 -0.638848007 -0.067005925 -0.028735498 0.997338712 0.287001908
0.996872187 -0.014114780 0.077760115 -0.938427508 0.012078388 0.999573290 0.026596533 -0.622111559 -0.078102335 -0.025574127 0.996617258 0.312025577
0.995557725 -0.026408300 0.090373635 -0.950174689 0.024163462 0.999373913 0.025844298 -0.606013298 -0.090999559 -0.023545753 0.995572567 0.336108208
0.993921041 -0.037989907 0.103333138 -0.961445212 0.034930907 0.998900890 0.031254157 -0.590857685 -0.104406901 -0.027454646 0.994155645 0.358965963
0.991929054 -0.050111257 0.116471477 -0.972469032 0.046141252 0.998266518 0.036537182 -0.575857043 -0.118100502 -0.030868154 0.992521763 0.381203175
0.989470065 -0.058472332 0.132400975 -0.982380331 0.053344976 0.997694612 0.041950393 -0.560728550 -0.134548679 -0.034445729 0.990308106 0.400947064
0.986753106 -0.068164803 0.147213563 -0.992078602 0.061774574 0.996956468 0.047557373 -0.546722531 -0.150007263 -0.037833329 0.987960756 0.420018494
0.984447777 -0.074166767 0.159253955 -1.002394199 0.067155488 0.996539950 0.048972514 -0.530592740 -0.162335068 -0.037516106 0.986022234 0.447766691
0.982055783 -0.079578534 0.170978501 -1.010571241 0.071319714 0.995994806 0.053924136 -0.522265077 -0.174584910 -0.040762372 0.983798027 0.462180704
0.980296910 -0.080128007 0.180547744 -1.018357635 0.070837848 0.995838463 0.057339042 -0.516994178 -0.184390843 -0.043419674 0.981893420 0.475853384
0.979003370 -0.078381002 0.188172296 -1.025693655 0.068012238 0.995820940 0.060950693 -0.514600396 -0.192163303 -0.046872918 0.980242908 0.489436954
0.977572024 -0.077936962 0.195649743 -1.032213330 0.066836596 0.995790601 0.062720858 -0.514810801 -0.199714452 -0.048237592 0.978666067 0.503761590
0.976552010 -0.076594666 0.201195136 -1.038506746 0.065173030 0.995895743 0.062801987 -0.515698314 -0.205179676 -0.048216909 0.977535903 0.517560720
0.975871444 -0.079744957 0.203262642 -1.045013785 0.067852013 0.995586634 0.064833194 -0.516587853 -0.207535699 -0.049477078 0.976975381 0.531775951
0.975094140 -0.079006054 0.207242608 -1.050569534 0.066431083 0.995541573 0.066961408 -0.516633809 -0.211609006 -0.051526330 0.975995243 0.546784997
0.974120736 -0.081204534 0.210937619 -1.055278897 0.067941442 0.995273113 0.069392696 -0.517008781 -0.215575546 -0.053265460 0.975033343 0.560893953
0.972410381 -0.082996815 0.218012795 -1.060007095 0.069029719 0.995089710 0.070931941 -0.519107103 -0.222829416 -0.053925600 0.973364830 0.578819573
0.969570279 -0.092366204 0.226719961 -1.063401699 0.077534422 0.994277179 0.073493883 -0.521718264 -0.232210830 -0.053678885 0.971183121 0.592825770
0.966070771 -0.101249233 0.237604305 -1.065725803 0.085288987 0.993411779 0.076543175 -0.525422752 -0.243788853 -0.053681098 0.968341529 0.607281983
0.960997343 -0.113840349 0.252040565 -1.066918850 0.097269215 0.992251635 0.077300347 -0.530108333 -0.258887589 -0.049769647 0.964624405 0.621486425
0.954598248 -0.126658008 0.269629300 -1.067322969 0.108273655 0.990728498 0.082060300 -0.535005450 -0.277523041 -0.049140863 0.959461391 0.635442793
0.946984172 -0.139889240 0.289226443 -1.065990925 0.120058842 0.989095747 0.085296549 -0.542123258 -0.298004717 -0.046050288 0.953452945 0.649089932
