1.000000000 0.000000000 0.000000000 0.000000000 0.000000000 1.000000000 0.000000000 -0.000000013 0.000000000 0.000000000 1.000000000 -0.000000022
0.999989092 0.003186613 0.003417200 0.002663179 -0.003235532 0.999890983 0.014406878 -0.003522477 -0.003370919 -0.014417776 0.999890387 -0.003229199
0.999887884 0.011908812 0.009078615 0.002523068 -0.012105798 0.999685526 0.021960793 -0.006308862 -0.008814233 -0.022068234 0.999717593 -0.003894035
0.999682307 0.020363096 0.014855558 0.001618771 -0.020839565 0.999249339 0.032656565 -0.012597676 -0.014179418 -0.032955773 0.999356210 -0.006189339
0.999443293 0.027847735 0.018374396 0.005892362 -0.028544182 0.998839319 0.038797427 -0.025418635 -0.017272649 -0.039300311 0.999078155 -0.009956665
0.998941004 0.039405849 0.023749435 0.007511682 -0.040427413 0.998204827 0.044190340 -0.041233111 -0.021965442 -0.045103669 0.998740792 -0.012843139
0.998143494 0.053404644 0.029283725 0.007862387 -0.054672033 0.997519493 0.044337243 -0.062347919 -0.026843272 -0.045855932 0.998587310 -0.017053515
0.997189820 0.066590674 0.034324616 0.008664601 -0.067788102 0.997086048 0.034988806 -0.085318208 -0.031894669 -0.037217282 0.998798072 -0.020618137
0.996089637 0.079299338 0.038949747 0.005141728 -0.080285273 0.996472418 0.024434607 -0.117787004 -0.036874700 -0.027466152 0.998942375 -0.022774624
0.996009946 0.079486072 0.040572286 -0.001575583 -0.080065921 0.996706486 0.012870033 -0.149113238 -0.039415672 -0.016067138 0.999093711 -0.023641441
0.996700943 0.072071001 0.037322603 -0.007256104 -0.072292417 0.997372806 0.004615392 -0.184768990 -0.036891915 -0.007298307 0.999292612 -0.027228940
0.997560084 0.061392218 0.033239078 -0.012596492 -0.061276205 0.998110712 -0.004498650 -0.218894407 -0.033452462 0.002450909 0.999437332 -0.031252556
0.998211563 0.051003333 0.031182311 -0.025260134 -0.050710130 0.998662114 -0.010122989 -0.246209592 -0.031656899 0.008523625 0.999462426 -0.028827883
0.998733580 0.041625518 0.028258406 -0.035693329 -0.041185807 0.999023914 -0.015968394 -0.269170314 -0.028895516 0.014784327 0.999473095 -0.025981247
0.999115884 0.032929312 0.026135989 -0.046945192 -0.032456640 0.999305427 -0.018307853 -0.289808244 -0.026720703 0.017443381 0.999490738 -0.023101473
0.999391854 0.025221990 0.024078399 -0.058220722 -0.024738053 0.999490082 -0.020189064 -0.301165581 -0.024575330 0.019581133 0.999506176 -0.017144281
0.999526381 0.021337125 0.022176407 -0.068343326 -0.020920925 0.999603748 -0.018833244 -0.316822678 -0.022569466 0.018360374 0.999576688 -0.010117749
0.999691367 0.013843179 0.020627899 -0.081808679 -0.013291657 0.999556780 -0.026638065 -0.318406880 -0.020987513 0.026355665 0.999432266 0.002865744
0.999788344 0.008701532 0.018641982 -0.093337581 -0.007936076 0.999137938 -0.040748525 -0.325712949 -0.018980484 0.040591959 0.998995483 0.008791674
0.999870360 0.003170660 0.015785797 -0.103754647 -0.002166351 0.997996211 -0.063236363 -0.328646898 -0.015954668 0.063193969 0.997873724 0.017030556
0.999851286 0.002534609 0.017058348 -0.118226148 -0.001140447 0.996693313 -0.081247643 -0.334243208 -0.017207874 0.081216112 0.996547937 0.026602607
0.999828100 0.004818357 0.017904256 -0.129250512 -0.003286259 0.996406496 -0.084636226 -0.337415665 -0.018247724 0.084562838 0.996251047 0.033316683
0.999793351 0.007497708 0.018894531 -0.142234951 -0.006040094 0.997085392 -0.076054253 -0.339191258 -0.019409694 0.075924419 0.996924639 0.038231634
0.999744475 0.011093759 0.019695519 -0.153118372 -0.009814461 0.997907877 -0.063902646 -0.341487855 -0.020363232 0.063693017 0.997761786 0.041211102
0.999707758 0.012959321 0.020407716 -0.166495323 -0.011910825 0.998643577 -0.050686628 -0.344072312 -0.021036899 0.050428741 0.998506069 0.042607982
0.999643087 0.015514947 0.021747282 -0.177588955 -0.014643005 0.999104500 -0.039695743 -0.347472519 -0.022343686 0.039363127 0.998975098 0.042902466
0.999611616 0.017607909 0.021600366 -0.189553186 -0.016937811 0.999381363 -0.030822685 -0.352370799 -0.022129726 0.030444851 0.999291420 0.041105859
0.999548435 0.020082939 0.022350917 -0.201380864 -0.019516747 0.999490201 -0.025268076 -0.357298672 -0.022846980 0.024820449 0.999430835 0.040099632
0.999500692 0.021868924 0.022805689 -0.214573443 -0.021405516 0.999563336 -0.020369688 -0.365723222 -0.023241194 0.019871349 0.999532402 0.038044766
0.999442935 0.024373004 0.022798905 -0.227180853 -0.023976104 0.999558926 -0.017523035 -0.372104794 -0.023215940 0.016966645 0.999586463 0.036392976
0.999490201 0.021856947 0.023273509 -0.242944732 -0.021397283 0.999574602 -0.019819640 -0.380067080 -0.023696806 0.019311544 0.999532640 0.036635894
0.999559641 0.020008165 0.021914518 -0.256325662 -0.019601729 0.999634743 -0.018606799 -0.387965560 -0.022278799 0.018169044 0.999586701 0.034439284
0.999543071 0.022157203 0.020560315 -0.269585818 -0.021777049 0.999591053 -0.018532926 -0.400232643 -0.020962546 0.018076716 0.999616802 0.031119352
0.999598801 0.020532053 0.019510387 -0.283318430 -0.020088561 0.999541342 -0.022661492 -0.405039847 -0.019966723 0.022260465 0.999552786 0.029461151
0.999651372 0.018258166 0.019072078 -0.299719423 -0.017462712 0.999003530 -0.041073032 -0.408457637 -0.019802991 0.040725663 0.998974085 0.031067496
0.999692380 0.017469386 0.017606648 -0.313827008 -0.015919814 0.996287405 -0.084605113 -0.408378154 -0.019019281 0.084298790 0.996258974 0.032097496
0.999777794 0.015553666 0.014229358 -0.325285017 -0.013367780 0.989695430 -0.142563298 -0.413867503 -0.016300112 0.142341390 0.989683390 0.030549873
0.999897420 0.010084887 0.010168010 -0.339647233 -0.007829019 0.979446352 -0.201552808 -0.408184886 -0.011991657 0.201452523 0.979424894 0.028065285
0.999935627 0.005815350 0.009741255 -0.357875764 -0.003217611 0.968745291 -0.248036802 -0.396410108 -0.010879216 0.247989506 0.968701661 0.023941064
0.999974310 0.002187192 0.006826976 -0.371830553 -0.000228627 0.961566031 -0.274573803 -0.385396481 -0.007165134 0.274565160 0.961541831 0.011512343
0.999921560 0.009708575 0.007911621 -0.386289954 -0.007055798 0.958621860 -0.284595042 -0.374599367 -0.010347264 0.284516901 0.958615184 -0.007034039
0.999939740 0.008301396 0.007180736 -0.399644673 -0.005900558 0.958192885 -0.286062121 -0.359777570 -0.009255245 0.286002517 0.958184183 -0.033167921
0.999938309 0.007967276 0.007740299 -0.413307875 -0.005445851 0.958945513 -0.283538103 -0.355175793 -0.009681552 0.283478439 0.958929718 -0.064899854
0.999939144 0.008388552 0.007162368 -0.426268429 -0.006040276 0.959753752 -0.280777961 -0.339500219 -0.009229431 0.280717641 0.959746003 -0.104370922
0.999917448 0.009851882 0.008250267 -0.441470474 -0.007198755 0.961293519 -0.275432259 -0.326966435 -0.010644454 0.275350124 0.961285055 -0.149046227
0.999893427 0.011369558 0.009154990 -0.454116166 -0.008557916 0.964666486 -0.263334930 -0.310556144 -0.011825515 0.263228536 0.964661062 -0.202541396
0.999861598 0.012781813 0.010647275 -0.469747126 -0.009880417 0.971200883 -0.238057077 -0.296275079 -0.013383445 0.237918943 0.971192777 -0.259840399
0.999836266 0.013382679 0.012177273 -0.483080775 -0.010685062 0.979836822 -0.199513420 -0.277652204 -0.014601764 0.199350640 0.979819417 -0.325032324
0.999815524 0.013693733 0.013469405 -0.496785492 -0.011506241 0.988488376 -0.150858715 -0.257849962 -0.015380170 0.150675908 0.988463581 -0.391699553
0.999779880 0.014886055 0.014786737 -0.510371208 -0.013251742 0.994377315 -0.105062440 -0.238724694 -0.016267560 0.104843363 0.994355679 -0.464877605
0.999765754 0.014110866 0.016409669 -0.527927041 -0.012960217 0.997585535 -0.068228967 -0.220994234 -0.017332818 0.068000309 0.997534752 -0.543815196
0.999696493 0.016038738 0.018698214 -0.541997433 -0.015270035 0.999060690 -0.040553208 -0.204884171 -0.019331073 0.040255379 0.999002397 -0.619699478
0.999645472 0.017190054 0.020333018 -0.556649327 -0.016746406 0.999622285 -0.021791842 -0.188074842 -0.020699941 0.021443613 0.999555767 -0.695148349
0.999527156 0.020030294 0.023328424 -0.571198225 -0.019789230 0.999748826 -0.010518834 -0.171291068 -0.023533259 0.010052210 0.999672532 -0.769830883
0.999499857 0.018834159 0.025403220 -0.586690068 -0.018724173 0.999814272 -0.004560614 -0.153214023 -0.025484398 0.004082678 0.999666870 -0.843520820
0.999439716 0.019023351 0.027539151 -0.601717174 -0.019126363 0.999810994 0.003481928 -0.133637771 -0.027467707 -0.004006701 0.999614656 -0.913932502
0.999401987 0.018218856 0.029390108 -0.617606640 -0.018550720 0.999766767 0.011058847 -0.111037470 -0.029181775 -0.011597442 0.999506831 -0.982839227
0.999339461 0.017916730 0.031617153 -0.633228362 -0.018456629 0.999687374 0.016867753 -0.086497322 -0.031305056 -0.017440159 0.999357700 -1.049244404
0.999072134 0.021640897 0.037235856 -0.666232765 -0.022346515 0.999576509 0.018639274 -0.051851276 -0.036816716 -0.019454069 0.999132633 -1.108861804
0.999056160 0.019449070 0.038840249 -0.683037519 -0.020393811 0.999502063 0.024077479 -0.023273394 -0.038352624 -0.024846852 0.998955309 -1.171016335
0.998997033 0.019254448 0.040424589 -0.700212300 -0.020592848 0.999244571 0.032957464 0.006533354 -0.039759476 -0.033756867 0.998638928 -1.230410457
0.998930216 0.019372212 0.041989982 -0.717506409 -0.021372518 0.998631835 0.047724400 0.038149793 -0.041008011 -0.048570778 0.997977555 -1.288490534
0.998797655 0.020275394 0.044633310 -0.734433830 -0.023349205 0.997311413 0.069460444 0.067724928 -0.043104973 -0.070419081 0.996585727 -1.341782451
0.998774529 0.019814059 0.045352798 -0.752291381 -0.024126504 0.995030284 0.096605927 0.098333180 -0.043213252 -0.097581744 0.994288921 -1.395506978
0.998653531 0.022770524 0.046611350 -0.770919263 -0.028479394 0.991655409 0.125731930 0.125686869 -0.043359417 -0.126890108 0.990968645 -1.446101189
0.998574674 0.023166068 0.048082426 -0.789728284 -0.030159950 0.988187373 0.150253430 0.152044401 -0.044033669 -0.151489422 0.987477601 -1.493300915
0.998592675 0.022742916 0.047910467 -0.809053481 -0.030783411 0.984189272 0.174424469 0.173327640 -0.043186046 -0.175653845 0.983504295 -1.534228444
0.998622119 0.023601890 0.046870470 -0.829578698 -0.032318890 0.980278254 0.194961578 0.193352252 -0.041344643 -0.196207732 0.979690313 -1.572576642
0.998546183 0.025748415 0.047355626 -0.849798441 -0.035196669 0.976846695 0.211025551 0.208330303 -0.040825609 -0.212385520 0.976332784 -1.603092670
0.998582363 0.026890688 0.045936391 -0.871546268 -0.036340855 0.974994004 0.219239593 0.220948637 -0.038892202 -0.220598161 0.974589050 -1.630142927
0.998645484 0.027100237 0.044415656 -0.893556178 -0.036326837 0.974299908 0.222306177 0.228308693 -0.037249621 -0.223618552 0.973964691 -1.649943471
0.998759329 0.026351381 0.042254481 -0.916280508 -0.034868147 0.975861549 0.215588734 0.232783645 -0.035553467 -0.216794595 0.975569606 -1.664847851
0.998708546 0.030050861 0.040966179 -0.938958466 -0.037780941 0.978373289 0.203367457 0.231825098 -0.033968847 -0.204652563 0.978245080 -1.673333406
0.998764455 0.029550869 0.039953154 -0.962465286 -0.036663707 0.980900764 0.191022158 0.229110569 -0.033545207 -0.192250967 0.980772316 -1.677075624
0.999042988 0.022759881 0.037350908 -0.986488044 -0.029112209 0.983330131 0.179483488 0.222212672 -0.032643251 -0.180399075 0.983051658 -1.674894452
0.999375880 0.011507051 0.033398595 -1.010837674 -0.017128810 0.984726191 0.173265547 0.213264227 -0.030894695 -0.173729479 0.984308660 -1.668700576
0.999547660 -0.000065000 0.030074900 -1.035271168 -0.004886600 0.986358404 0.164539292 0.200506568 -0.029675325 -0.164611831 0.985911906 -1.657795668
0.999590755 -0.011485485 0.026199730 -1.059138894 0.007188003 0.987319767 0.158581257 0.187011153 -0.027688893 -0.158328027 0.986998260 -1.642898321
0.999550700 -0.021042418 0.021345194 -1.082787156 0.017457254 0.987588108 0.156092733 0.171468571 -0.024364829 -0.155649960 0.987511754 -1.623714685
0.999432564 -0.028869180 0.017353913 -1.105213523 0.025900049 0.988035500 0.152036250 0.154869795 -0.021535443 -0.151500523 0.988222539 -1.600982547
0.999236286 -0.036761340 0.013245612 -1.126418591 0.034417678 0.988525867 0.147078276 0.136056915 -0.018500425 -0.146510065 0.989036143 -1.573860645
0.998946488 -0.045114346 0.008405943 -1.146407604 0.043383740 0.988109827 0.147502050 0.116746485 -0.014960452 -0.146981969 0.989026010 -1.543189168
0.998529017 -0.054003432 0.004836943 -1.165268779 0.052721776 0.987896919 0.145876825 0.095252976 -0.012656249 -0.145407230 0.989290953 -1.508644938
0.998122692 -0.061218709 0.001842967 -1.181802273 0.060369596 0.988460958 0.138926253 0.071965687 -0.010326585 -0.138554171 0.990301013 -1.470293164
0.997975469 -0.063591368 0.001073197 -1.196189046 0.062903114 0.989385068 0.130997747 0.046793289 -0.009392132 -0.130665034 0.991382062 -1.428445458
0.997877061 -0.065065153 0.002807431 -1.208545208 0.064331733 0.991506219 0.113034673 0.019449487 -0.010138202 -0.112614103 0.993587077 -1.383465052
0.998162925 -0.060422633 0.004465034 -1.220722914 0.059747841 0.993880808 0.092903964 -0.008715625 -0.010051213 -0.092466511 0.995665073 -1.335813403
0.998330712 -0.057390124 0.006489196 -1.229266405 0.056810662 0.996018589 0.068698704 -0.038237765 -0.010405987 -0.068215370 0.997616351 -1.285689831
0.998427629 -0.055390012 0.008617274 -1.237038016 0.054875668 0.997165203 0.051479712 -0.068068907 -0.011444307 -0.050925888 0.998636842 -1.233630061
0.998591185 -0.052361235 0.008602249 -1.242550135 0.051980875 0.997858822 0.039696008 -0.098348573 -0.010662363 -0.039192930 0.999174774 -1.180587649
0.998614848 -0.051840331 0.008999492 -1.246403694 0.051537778 0.998186529 0.031105263 -0.129364386 -0.010595678 -0.030598363 0.999475598 -1.127300501
0.998535872 -0.053558975 0.007588775 -1.249326587 0.053328566 0.998188198 0.027864028 -0.160929650 -0.009067395 -0.027418531 0.999582887 -1.072796226
0.998423457 -0.055819582 0.005895913 -1.250952601 0.055646043 0.998102784 0.026351569 -0.192660928 -0.007355661 -0.025981942 0.999635339 -1.017308831
0.998319983 -0.057658937 0.005719218 -1.250000715 0.057500046 0.998035729 0.024869140 -0.224892765 -0.007141912 -0.024498504 0.999674380 -0.961843431
0.998069406 -0.061938979 0.004579042 -1.248779058 0.061811768 0.997797906 0.024054743 -0.255382597 -0.006058884 -0.023725264 0.999700129 -0.906200945
0.998017788 -0.062777728 0.004404408 -1.244605064 0.062662959 0.997778833 0.022598730 -0.284407735 -0.005813322 -0.022277942 0.999734938 -0.848585904
0.998223782 -0.059319474 0.005526172 -1.245162964 0.059181549 0.997994661 0.022454895 -0.310044825 -0.006847103 -0.022087961 0.999732614 -0.785453081
0.998463690 -0.055014774 0.006606556 -1.238588810 0.054864779 0.998271525 0.021068418 -0.330059290 -0.007754211 -0.020673582 0.999756217 -0.723000526
0.998686552 -0.050615259 0.007957356 -1.232428312 0.050464943 0.998562276 0.018074954 -0.345375925 -0.008860784 -0.017649645 0.999804974 -0.659202158
0.998935163 -0.044802330 0.011014882 -1.223385096 0.044652775 0.998911798 0.013467978 -0.359457791 -0.011606292 -0.012961791 0.999848604 -0.593624949
0.999152243 -0.038957939 0.013308329 -1.215458393 0.038804159 0.999179244 0.011624466 -0.370251447 -0.013750271 -0.011098192 0.999843895 -0.527125776
0.999301076 -0.034104180 0.015307549 -1.204358578 0.034005057 0.999399245 0.006689609 -0.381698370 -0.015526498 -0.006164399 0.999860466 -0.459794939
0.999388814 -0.030648610 0.016811475 -1.194931626 0.030592984 0.999525607 0.003556198 -0.391908854 -0.016912494 -0.003039712 0.999852359 -0.393655807
0.999491870 -0.027295517 0.016459640 -1.182424307 0.027293412 0.999627411 0.000352464 -0.404009283 -0.016463127 0.000096955 0.999864459 -0.326676041
0.999515057 -0.027301652 0.014976075 -1.170325041 0.027294787 0.999627233 0.000662664 -0.419225365 -0.014988584 -0.000253574 0.999887645 -0.258436024
0.999544919 -0.026580289 0.014265071 -1.156430602 0.026628118 0.999640346 -0.003173569 -0.432972789 -0.014175585 0.003551977 0.999893188 -0.192368701
0.999624133 -0.023962120 0.013321047 -1.143581390 0.024089886 0.999664485 -0.009515086 -0.447262585 -0.013088576 0.009832412 0.999866009 -0.126692384
0.999687612 -0.021218047 0.013209228 -1.128908157 0.021479093 0.999570370 -0.019944489 -0.462831467 -0.012780369 0.020221982 0.999713838 -0.062063009
0.999736786 -0.018967591 0.012907375 -1.115022898 0.019371450 0.999302745 -0.031918507 -0.478641450 -0.012292957 0.032160137 0.999407113 0.001497934
0.999776065 -0.017788835 0.011463031 -1.099720120 0.018277146 0.998864114 -0.044004321 -0.495642930 -0.010667225 0.044203974 0.998965561 0.064889930
0.999829888 -0.014438928 0.011477556 -1.085555196 0.014969775 0.998754501 -0.047595803 -0.510953724 -0.010776028 0.047759522 0.998800755 0.125443086
0.999871373 -0.011630783 0.011042135 -1.069999218 0.012120515 0.998896599 -0.045372203 -0.527627051 -0.010502236 0.045500204 0.998909116 0.186514810
0.999893129 -0.010168719 0.010503698 -1.054993510 0.010564112 0.999210417 -0.038300090 -0.550357699 -0.010105941 0.038406961 0.999211073 0.261307538
0.999906957 -0.008642259 0.010553561 -1.039006591 0.009003189 0.999359131 -0.034645304 -0.567289948 -0.010247383 0.034737095 0.999343932 0.319601327
0.999918699 -0.008253331 0.009719388 -1.024085164 0.008604626 0.999290228 -0.036674548 -0.583200455 -0.009409801 0.036755200 0.999279976 0.377131939
0.999928713 -0.006560771 0.009973291 -1.008417487 0.006967872 0.999120533 -0.041347954 -0.597333014 -0.009693246 0.041414503 0.999095023 0.433699995
0.999923408 -0.006892724 0.010277623 -0.992085397 0.007375870 0.998832703 -0.047737412 -0.612314105 -0.009936586 0.047809564 0.998807073 0.497803956
0.999914825 -0.005210666 0.011968626 -0.975890756 0.005804054 0.998727798 -0.050091196 -0.620339692 -0.011692390 0.050156396 0.998672903 0.552873611
0.999847889 -0.006401111 0.016224621 -0.960467577 0.007264639 0.998528779 -0.053735644 -0.628314555 -0.015856782 0.053845339 0.998423398 0.609686911
0.999673784 -0.009665344 0.023640431 -0.943777978 0.010886407 0.998583555 -0.052080337 -0.633482456 -0.023103572 0.052320708 0.998363018 0.663244545
0.999340534 -0.016162170 0.032516692 -0.927767694 0.017817670 0.998525143 -0.051284038 -0.640531898 -0.031639870 0.051829591 0.998154581 0.716433585
0.998800933 -0.017425673 0.045749191 -0.910553455 0.019725265 0.998539090 -0.050304703 -0.646803677 -0.044805761 0.051146798 0.997685552 0.767176270
0.997900009 -0.016935121 0.062520646 -0.892964900 0.020555023 0.998121321 -0.057717778 -0.655453682 -0.061425731 0.058881685 0.996373355 0.818678021
0.996523261 -0.021335049 0.080536969 -0.875129700 0.026270730 0.997808397 -0.060731180 -0.663424194 -0.079064764 0.062635802 0.994899750 0.866254330
0.994416535 -0.026593413 0.102120124 -0.853102326 0.033443194 0.997261643 -0.065960295 -0.676173568 -0.100086369 0.069007225 0.992582858 0.928333521
0.991303205 -0.032467138 0.127529845 -0.834711075 0.041403916 0.996821642 -0.068061620 -0.686258078 -0.124914743 0.072749943 0.989496708 0.973062694
0.986782134 -0.037526701 0.157647699 -0.815730631 0.048750039 0.996497750 -0.067938782 -0.696037471 -0.154546052 0.074726112 0.985155582 1.018336535
0.980809212 -0.048665412 0.188798770 -0.797246158 0.061968692 0.995945632 -0.065208927 -0.705808520 -0.184859887 0.075657129 0.979848385 1.057595968
0.972938061 -0.053844720 0.224704802 -0.778885245 0.068567686 0.995945334 -0.058235135 -0.714861214 -0.220658034 0.072066665 0.972685158 1.096175790
0.962837934 -0.062519871 0.262743980 -0.760900438 0.079015397 0.995480418 -0.052681357 -0.723098159 -0.258262843 0.071484432 0.963426292 1.131816864
0.950165510 -0.069155574 0.303978711 -0.742859840 0.087867141 0.994960666 -0.048296966 -0.732690096 -0.299106866 0.072599851 0.951453805 1.168685198
0.936027229 -0.079359159 0.342863232 -0.726390064 0.101125136 0.993807495 -0.046047948 -0.741788268 -0.337085694 0.077774219 0.938256025 1.200966954
0.919546247 -0.086692214 0.383300275 -0.704981685 0.112018585 0.992722273 -0.044208109 -0.758564472 -0.376678199 0.083588153 0.922565222 1.243144512
0.900671721 -0.089797527 0.425119817 -0.689803541 0.122987315 0.991085649 -0.051218871 -0.768072784 -0.416730821 0.098415732 0.903686762 1.271526575
0.880471408 -0.092793562 0.464929521 -0.674590528 0.133518994 0.989498615 -0.055364437 -0.779518723 -0.454909623 0.110823728 0.883614898 1.302311778
0.858069479 -0.097323313 0.504227102 -0.662535429 0.146458656 0.987477303 -0.058638532 -0.788882613 -0.492205918 0.124164358 0.861577928 1.326161385
0.833529592 -0.108499445 0.541716039 -0.651379466 0.167163998 0.984095037 -0.060109667 -0.801095843 -0.526578248 0.140658617 0.838409543 1.349511981
0.807949066 -0.130615324 0.574593723 -0.643903613 0.199534446 0.978159904 -0.058216754 -0.812316179 -0.554440558 0.161687419 0.816365600 1.366532564
0.780139327 -0.154961646 0.606110156 -0.630350471 0.228455335 0.972494483 -0.045416944 -0.828244746 -0.582400858 0.173900634 0.794082999 1.397369504
0.749862432 -0.185401082 0.635084927 -0.626664996 0.260790437 0.965039909 -0.026197307 -0.838532627 -0.608025253 0.185268432 0.771997988 1.406632066
0.717814744 -0.215000331 0.662206054 -0.621680856 0.288559675 0.957459986 -0.001930192 -0.852624714 -0.633620858 0.192471474 0.749319315 1.420202136
0.685479581 -0.241413906 0.686903954 -0.618267953 0.312468708 0.949674547 0.021944448 -0.862057209 -0.657632947 0.199593514 0.726416826 1.424958467
0.651553929 -0.268078715 0.709655821 -0.612298548 0.337508470 0.940231621 0.045305222 -0.872200310 -0.679386199 0.209996015 0.703090429 1.432202458
0.616720676 -0.295258433 0.729710996 -0.608036697 0.362912208 0.929244578 0.069276541 -0.881063581 -0.698534429 0.222096741 0.680237174 1.431633711
0.581565082 -0.319381237 0.748183012 -0.600272655 0.386384904 0.917793274 0.091445476 -0.891154468 -0.715883255 0.235905081 0.657160580 1.434815407
0.545427382 -0.345686316 0.763550997 -0.593372345 0.408296704 0.905171692 0.118144333 -0.898142576 -0.731985569 0.247316122 0.634847999 1.428930163
0.508120000 -0.373483151 0.776095629 -0.582194209 0.426542789 0.891947150 0.149971649 -0.905139565 -0.748248219 0.254834414 0.612522721 1.427068710
0.472733498 -0.399002373 0.785697281 -0.571139097 0.435203373 0.881004274 0.185551852 -0.908980966 -0.766238272 0.254221469 0.590127409 1.415289402
0.441193581 -0.426366001 0.789658308 -0.552829385 0.428900212 0.873108029 0.231790870 -0.918831468 -0.788284779 0.236419976 0.568078101 1.413885474
0.417006731 -0.447201967 0.791274786 -0.537013292 0.406076849 0.870530546 0.277989596 -0.916527569 -0.813146353 0.205394804 0.544615448 1.399005175
0.398930669 -0.455827206 0.795660675 -0.513862729 0.371133178 0.873712480 0.314462572 -0.914565682 -0.838519275 0.169847250 0.517723322 1.392060041
0.386574686 -0.452665657 0.803525865 -0.490057707 0.331117243 0.881291330 0.337174952 -0.909159780 -0.860767901 0.135717958 0.490570307 1.377571583
0.377325356 -0.436246097 0.816893578 -0.462493420 0.286706984 0.893788159 0.344879448 -0.904021621 -0.880582094 0.104077272 0.462323725 1.370660663
0.370868146 -0.405287623 0.835582972 -0.432479620 0.240893424 0.910934210 0.334916711 -0.899471700 -0.896898746 0.077076480 0.435467601 1.359918356
0.365779340 -0.364314079 0.856435001 -0.398239732 0.197974816 0.929600716 0.310883522 -0.898548603 -0.909401834 0.055837736 0.412153721 1.356814384
0.360740423 -0.327543139 0.873259306 -0.365751386 0.168919280 0.943764746 0.284208387 -0.898119271 -0.917241812 0.044984899 0.395782411 1.353220344
0.356896162 -0.303231299 0.883558691 -0.327559948 0.163018972 0.951551914 0.260717779 -0.903069019 -0.919809759 0.050987631 0.389037728 1.357602358
0.354341865 -0.289323181 0.889232337 -0.295289397 0.175236478 0.954631090 0.240773201 -0.907395005 -0.918550074 0.070509888 0.388965726 1.363596082
0.354533494 -0.283286572 0.891097486 -0.249576569 0.192737520 0.954676270 0.226815879 -0.921914399 -0.914963543 0.091334105 0.393064678 1.380001783
0.355539024 -0.278825074 0.892103493 -0.219268322 0.208160818 0.954116344 0.215246648 -0.928673267 -0.911186635 0.109172404 0.397266030 1.391928196
0.357024848 -0.283051789 0.890176892 -0.185844421 0.223680496 0.951163590 0.212731928 -0.937486172 -0.906918049 0.123164624 0.402902246 1.408188105
0.359773695 -0.287168175 0.887748480 -0.157306194 0.233750492 0.948857188 0.212204576 -0.945432484 -0.903284907 0.131166011 0.408499539 1.423950315
0.362863600 -0.292279631 0.884817898 -0.125495791 0.240141183 0.946794808 0.214270443 -0.955189228 -0.900367916 0.134730250 0.413745761 1.444501162
0.364801764 -0.294793725 0.883185327 -0.097189188 0.241891429 0.945991576 0.215843678 -0.965225577 -0.899115264 0.134894818 0.416407466 1.462870598
0.368197024 -0.294773936 0.881781936 -0.065568328 0.239711657 0.946443081 0.216295674 -0.977761388 -0.898314714 0.131733939 0.419138253 1.485752463
0.367375076 -0.293155372 0.882663965 -0.036988378 0.235661700 0.947396994 0.216569737 -0.989710689 -0.899721742 0.128447726 0.417135537 1.506572366
0.362662196 -0.294681698 0.884103358 0.003146648 0.231019691 0.947505713 0.221049368 -1.011305571 -0.902832210 0.124079049 0.411701798 1.534693599
0.353658199 -0.292546034 0.888449609 0.032039762 0.222046271 0.948939204 0.224075630 -1.024813652 -0.908637106 0.118030742 0.400558889 1.557765007
0.339675069 -0.289121896 0.895002544 0.061967731 0.211864203 0.950644851 0.226689041 -1.040138960 -0.916370332 0.112618349 0.384164929 1.583154202
0.319901824 -0.283295155 0.904105544 0.090588093 0.199501038 0.952997327 0.228025138 -1.055324078 -0.926208615 0.107424326 0.361383200 1.608912945
0.296918988 -0.267987609 0.916527092 0.119855404 0.190236703 0.957172930 0.218243003 -1.075161219 -0.935761392 0.109556556 0.335183918 1.637024522
0.269999087 -0.245543465 0.931025743 0.145859718 0.191735521 0.961283147 0.197919741 -1.094897628 -0.943577290 0.125072554 0.306625009 1.666261673
0.240211248 -0.220451981 0.945356846 0.172976494 0.203390598 0.963684380 0.173045173 -1.118880153 -0.949173808 0.150709286 0.276325703 1.698933601
0.212692738 -0.189272329 0.958612502 0.193841815 0.219326571 0.965273738 0.141924322 -1.143154144 -0.952185810 0.180062890 0.246819139 1.731371641
0.189965367 -0.160083294 0.968652010 0.223994136 0.240155101 0.964222312 0.112253629 -1.175515056 -0.951965809 0.211302370 0.221613646 1.770915270
0.171342254 -0.131044909 0.976457536 0.236064672 0.269936204 0.959431887 0.081393376 -1.202613115 -0.947510660 0.249635056 0.199764967 1.805564761
0.157279074 -0.098964795 0.982583046 0.244234681 0.299652100 0.952840090 0.048004709 -1.231293678 -0.940995216 0.286882877 0.179516792 1.842097521
0.149131775 -0.067297235 0.986524642 0.244753003 0.332510054 0.942994893 0.014062598 -1.259368181 -0.931234062 0.325932145 0.163007498 1.876260042
0.143845797 -0.042743385 0.988676608 0.225219250 0.368292689 0.929613411 -0.013394192 -1.281033874 -0.918514550 0.366049051 0.149463058 1.897088051
0.144287467 -0.066570058 0.987294078 0.211799622 0.401543260 0.915834904 0.003068507 -1.301447392 -0.904402614 0.395998508 0.158874273 1.929931402
0.141561389 -0.118440121 0.982818663 0.194597244 0.419828922 0.906293213 0.048747435 -1.316483617 -0.896495521 0.405714869 0.178020656 1.963153601
0.137306571 -0.180350885 0.973971605 0.169791222 0.437519848 0.893207371 0.103715897 -1.328021765 -0.888663888 0.411890984 0.201550305 1.992351055
0.130987763 -0.247954443 0.959875464 0.143099904 0.445885777 0.879497290 0.166344166 -1.336655617 -0.885453701 0.406205714 0.225762725 2.022916079
0.123650074 -0.320008546 0.939311087 0.111712694 0.451851815 0.860906541 0.233815938 -1.340670228 -0.883482158 0.395517975 0.251047552 2.047793150
0.115389228 -0.393685132 0.911974549 0.084673405 0.452261180 0.838246703 0.304634809 -1.341506124 -0.884389877 0.377299011 0.274773121 2.072926760
0.106327474 -0.461270720 0.880865335 0.055716753 0.448914558 0.812732458 0.371404946 -1.342028260 -0.887226105 0.355942726 0.293486953 2.091018200
0.096797585 -0.514910102 0.851761580 0.032968044 0.444066346 0.788225174 0.426035374 -1.344213486 -0.890749812 0.336999506 0.304952502 2.107946396
0.089590669 -0.558306754 0.824783087 0.014751673 0.432292849 0.767840385 0.472804427 -1.347146392 -0.897271633 0.314188957 0.310143352 2.119135618
0.085637987 -0.591380417 0.801832616 0.005563021 0.413186848 0.753400922 0.511530757 -1.351380110 -0.906610668 0.287500113 0.308870316 2.127760649
0.085279584 -0.603399217 0.792866349 0.004287958 0.382849336 0.754518688 0.533036590 -1.357542992 -0.919866323 0.258091092 0.295355976 2.132813454
0.089555144 -0.590568364 0.802003145 0.015010118 0.345521152 0.773652375 0.531109393 -1.366216063 -0.934128046 0.229545414 0.273338377 2.135749340
0.092772543 -0.544396579 0.833682001 0.035294771 0.312474906 0.810911238 0.494754851 -1.379791141 -0.945384920 0.214605018 0.245340586 2.137087345
0.092290938 -0.470749974 0.877426386 0.063944578 0.288020015 0.856139123 0.429034144 -1.400179386 -0.953166842 0.213120311 0.214599252 2.137561798
0.090705991 -0.381424874 0.919938982 0.096116781 0.274943501 0.897435904 0.344985247 -1.421606898 -0.957172215 0.221638918 0.186273098 2.140193701
0.087821603 -0.281271547 0.955601215 0.129399061 0.274244756 0.929063201 0.248256743 -1.447634935 -0.957641482 0.240266323 0.158729076 2.142897606
0.087006450 -0.188077837 0.978292763 0.160149336 0.279876679 0.947080612 0.157185867 -1.473152399 -0.956085265 0.260125101 0.135040760 2.147801399
0.089237511 -0.108992435 0.990029097 0.185159922 0.290706873 0.953563869 0.078774735 -1.501466632 -0.952641845 0.280778527 0.116778493 2.152676582
0.092980504 -0.044726551 0.994662941 0.204561591 0.303389430 0.952756584 0.014481455 -1.526698947 -0.948319376 0.300423682 0.102157354 2.158624172
0.101857543 0.015108183 0.994684398 0.215934157 0.326038539 0.944150925 -0.047727630 -1.553443789 -0.939853251 0.329166830 0.091243029 2.164207220
0.113545537 0.062082544 0.991591215 0.218073726 0.347429633 0.932553113 -0.098169833 -1.578818560 -0.930806160 0.355654925 0.084317923 2.169064283
0.125262678 0.089186415 0.988106787 0.210020661 0.370115995 0.919852316 -0.129945531 -1.600122809 -0.920501769 0.381991446 0.082213879 2.173664093
0.140009224 0.086441889 0.986369848 0.191972136 0.393822432 0.909133434 -0.135573938 -1.619120240 -0.908461094 0.407436132 0.093244314 2.176073074
0.153811038 0.053394005 0.986656666 0.163352013 0.413705885 0.903323293 -0.113377452 -1.632674217 -0.897323608 0.425624371 0.116851687 2.178014278
0.163443983 -0.015387535 0.986432731 0.126083136 0.433700174 0.899199307 -0.057833955 -1.642154336 -0.886109769 0.437268615 0.153642297 2.176342249
0.169232011 -0.094711810 0.981014907 0.083148718 0.451202303 0.892382920 0.008319259 -1.653704643 -0.876228869 0.441228300 0.193753898 2.168138981
0.171420634 -0.186702430 0.967345476 0.031853914 0.471314490 0.877772689 0.085894063 -1.657174587 -0.865146041 0.441199899 0.238463938 2.159614563
0.168070436 -0.285747051 0.943451703 -0.022677660 0.488072336 0.855646312 0.172205791 -1.657088995 -0.856468260 0.431529880 0.283274055 2.151797771
0.159883976 -0.386179388 0.908461690 -0.078104496 0.500429094 0.824985206 0.262621641 -1.653636217 -0.850886583 0.412631691 0.325157285 2.136449337
0.147528648 -0.467732072 0.871471286 -0.132225990 0.507350147 0.792144418 0.339268446 -1.645898223 -0.849017859 0.392089188 0.354167938 2.117964029
0.134283781 -0.526862681 0.839275777 -0.181393862 0.507353604 0.764073431 0.398477405 -1.638610482 -0.851211131 0.372300416 0.369908273 2.094275236
0.121188760 -0.568859220 0.813457191 -0.224243164 0.500926495 0.742541909 0.444639474 -1.632311583 -0.856963336 0.353596896 0.374944329 2.068690538
0.113220513 -0.594191730 0.796315014 -0.259360075 0.480899841 0.734106541 0.479398638 -1.620426655 -0.869434774 0.328669876 0.368862569 2.038176775
0.107699513 -0.611075759 0.784211338 -0.287529230 0.456078172 0.731269121 0.507186592 -1.605476618 -0.883398950 0.303037822 0.357455611 2.005840540
0.107569516 -0.615480304 0.780777097 -0.305803537 0.420714259 0.739732385 0.525162339 -1.589423418 -0.900793195 0.271992564 0.338513970 1.971086264
0.110404968 -0.607149422 0.786880136 -0.316023588 0.378446847 0.757759392 0.531581283 -1.571256638 -0.919015050 0.239103124 0.313434184 1.935804248
0.113914430 -0.585357666 0.802732825 -0.316266060 0.337197840 0.782809734 0.522978485 -1.553293586 -0.934516549 0.211104974 0.286554635 1.900676966
0.115299463 -0.544643700 0.830704153 -0.309123755 0.302336633 0.815845728 0.492938459 -1.536285877 -0.946202219 0.194316745 0.258732319 1.866900921
0.113969803 -0.494830281 0.861483693 -0.295510054 0.274527460 0.849056304 0.451373577 -1.518723130 -0.954801440 0.185057878 0.232611239 1.836167693
0.110596538 -0.434997439 0.893613756 -0.278895855 0.257129908 0.881040573 0.397053778 -1.505335093 -0.960027397 0.185862064 0.209290862 1.804561734
0.106362998 -0.367481679 0.923928738 -0.258236527 0.245894462 0.910059512 0.333657950 -1.488117576 -0.963443279 0.191700071 0.187158346 1.779358029
0.101823032 -0.288516283 0.952045321 -0.237445593 0.243754983 0.935081542 0.257305384 -1.470423222 -0.964476824 0.205866233 0.165540099 1.755956650
0.098194718 -0.211823806 0.972362339 -0.217976928 0.246945277 0.951710582 0.182386979 -1.451349974 -0.964041412 0.222210839 0.145761847 1.736354828
0.095766068 -0.139981419 0.985512078 -0.202229023 0.256925285 0.959990442 0.111389913 -1.431300402 -0.961674750 0.242535621 0.127899289 1.717238307
0.096164048 -0.085156351 0.991716146 -0.192167163 0.270182163 0.961159766 0.056333706 -1.408201456 -0.957994819 0.262526751 0.115436733 1.702130198
0.098751068 -0.049648754 0.993873000 -0.189239264 0.288539827 0.957276344 0.019151255 -1.385607004 -0.952361941 0.284880698 0.108857751 1.686648965
0.103678942 -0.038642928 0.993859947 -0.193880558 0.311562479 0.950215280 0.004443899 -1.361845255 -0.944552600 0.309188664 0.110557020 1.672959924
0.109315038 -0.052610591 0.992613912 -0.193318129 0.332260251 0.943092644 0.013394535 -1.329598308 -0.936831594 0.328341901 0.120574653 1.669452548
0.115455747 -0.094029665 0.988852143 -0.213621736 0.356465757 0.933119953 0.047110081 -1.304799080 -0.927147388 0.347052753 0.141252398 1.655098677
0.119269848 -0.147065312 0.981909633 -0.240026474 0.380136997 0.920375824 0.091674894 -1.280741930 -0.917208076 0.362326115 0.165678024 1.640083909
0.121916175 -0.206565961 0.970807374 -0.271795750 0.401492655 0.904772162 0.142094791 -1.257051229 -0.907711446 0.372448385 0.193241119 1.622007847
0.120496511 -0.270645201 0.955108345 -0.305597782 0.403038681 0.892593026 0.202083081 -1.231771588 -0.907215893 0.360595256 0.216634750 1.603659511
0.117766082 -0.339249432 0.933295846 -0.342105865 0.396265209 0.877820373 0.269082367 -1.206299305 -0.910552144 0.338143826 0.237810194 1.581153512
0.116089046 -0.397212118 0.910354912 -0.376959324 0.375770420 0.865990043 0.329936087 -1.181391478 -0.919412911 0.303782403 0.249792516 1.558213115
0.115613401 -0.442463547 0.889302969 -0.410514355 0.353691250 0.854962528 0.379396349 -1.158237219 -0.928189754 0.270675272 0.255340576 1.531944513
0.115488768 -0.477932900 0.870771348 -0.429121852 0.333587974 0.844384193 0.419206887 -1.132634163 -0.935618341 0.242065042 0.256949544 1.509308100
0.115296841 -0.501625419 0.857367337 -0.453457475 0.317941457 0.836352229 0.446573883 -1.114013672 -0.941073835 0.221103996 0.255916238 1.482539654
0.115174413 -0.521119475 0.845676839 -0.470729351 0.306566298 0.828431726 0.468740880 -1.097229362 -0.944855511 0.205269113 0.255171776 1.457558393
0.113865495 -0.537577510 0.835491061 -0.483400702 0.298176050 0.820682764 0.487412363 -1.081961036 -0.947695017 0.193623871 0.253740191 1.432809711
0.114024937 -0.548346221 0.828441203 -0.482480645 0.287651062 0.816383839 0.500773728 -1.068445802 -0.950923383 0.181201279 0.250820458 1.412570000
0.115168333 -0.554399908 0.824243486 -0.481156349 0.275421798 0.815053880 0.509735286 -1.056298375 -0.954400003 0.168309167 0.246562183 1.391118884
0.116760373 -0.551333606 0.826074004 -0.468991637 0.260765672 0.819599509 0.510154843 -1.045846224 -0.958315372 0.155845851 0.239465594 1.371855378
0.119261444 -0.530204773 0.839440167 -0.452252030 0.240521282 0.835719168 0.493683100 -1.039224267 -0.963289320 0.143025830 0.227194548 1.354732752
0.121264994 -0.490847379 0.862765193 -0.426909447 0.221842200 0.860596061 0.458432555 -1.035474896 -0.967512727 0.135805845 0.213250816 1.339721918
0.120650291 -0.445622653 0.887053609 -0.398084283 0.208775789 0.884986043 0.416187912 -1.034803629 -0.970492840 0.134982020 0.199809074 1.328322411
0.118763447 -0.396903455 0.910144448 -0.362879753 0.208078608 0.906227052 0.368043274 -1.037572503 -0.970875144 0.145671517 0.190213740 1.319535136
0.115356088 -0.360412657 0.925632596 -0.328864455 0.216172650 0.918627858 0.330744922 -1.040645838 -0.969516516 0.161943004 0.183880687 1.315180302
0.112732708 -0.341401279 0.933132648 -0.294495940 0.230146453 0.922552109 0.309726000 -1.044754386 -0.966604352 0.179840907 0.182574093 1.312605143
0.110188067 -0.334548622 0.935914576 -0.259861350 0.241179973 0.922504306 0.301360220 -1.047838807 -0.964204848 0.192517489 0.182335377 1.313967109
0.108604610 -0.333216548 0.936574519 -0.214796305 0.249032393 0.921224713 0.298877716 -1.051712275 -0.962386549 0.200777873 0.183030963 1.316122174
0.107250571 -0.335091263 0.936061502 -0.179615498 0.255220741 0.919222355 0.299820900 -1.056662321 -0.960916042 0.206746340 0.184109390 1.321366549
0.105772555 -0.337452114 0.935381353 -0.143631458 0.256911993 0.917994976 0.302128196 -1.062726378 -0.960629165 0.208353817 0.183794200 1.327562451
0.105116665 -0.334936112 0.936359167 -0.108333468 0.255956799 0.918965638 0.299980462 -1.069801331 -0.960956216 0.208134487 0.182327747 1.335767508
0.104662597 -0.335888833 0.936068714 -0.071129084 0.254235357 0.918999493 0.301337659 -1.077048540 -0.961462557 0.206442907 0.181579649 1.345631957
0.103478551 -0.334464878 0.936710060 -0.035339355 0.252719134 0.919700384 0.300473452 -1.085764408 -0.961990416 0.205631927 0.179694891 1.357081652
0.102936625 -0.334594429 0.936723292 0.001603007 0.251700044 0.919839025 0.300904065 -1.094525099 -0.962315500 0.204799265 0.178902507 1.370720625
0.102509499 -0.333841920 0.937038720 0.037870646 0.249734685 0.920468092 0.300617963 -1.103488684 -0.962873042 0.203194827 0.177728593 1.386203170
0.101947248 -0.329228073 0.938731015 0.081238270 0.248928741 0.922068834 0.296350479 -1.109048128 -0.963141501 0.203464955 0.175956666 1.402430534
0.101641655 -0.322770417 0.941003978 0.118154287 0.247401953 0.924386561 0.290347666 -1.115847588 -0.963567078 0.203294724 0.173810184 1.422471642
0.100895226 -0.314115286 0.944008470 0.155353785 0.247120619 0.927026391 0.282052398 -1.121434093 -0.963717699 0.204826131 0.171156883 1.444735885
0.100397885 -0.311869681 0.944805622 0.190889359 0.247448042 0.927593172 0.279893458 -1.128628492 -0.963685513 0.205689564 0.170299888 1.468841553
0.100406408 -0.312266499 0.944673657 0.226597786 0.248597533 0.927230120 0.280077815 -1.137309432 -0.963388801 0.206721887 0.170728564 1.493961811
0.099582851 -0.315179855 0.943792820 0.261422992 0.248889357 0.926246047 0.283058912 -1.150114775 -0.963398814 0.206712186 0.170683086 1.520355225
0.098995686 -0.317011952 0.943240941 0.297533751 0.249251947 0.925578833 0.284916282 -1.166241407 -0.963365734 0.206899107 0.170644164 1.546497583
0.098997653 -0.320694089 0.941995203 0.331383467 0.252204418 0.923822284 0.288002223 -1.186698794 -0.962596834 0.209063753 0.172336698 1.574542522
0.097508073 -0.330212891 0.938856602 0.361115813 0.266910970 0.917470038 0.294969916 -1.208693981 -0.958775640 0.221829176 0.177598178 1.602849960
0.097198725 -0.342150569 0.934604466 0.394757390 0.287275970 0.908726811 0.302800357 -1.235902071 -0.952903450 0.239057600 0.186618745 1.632643938
0.096321404 -0.362827212 0.926865041 0.429044008 0.313992947 0.894723177 0.317614406 -1.264010310 -0.944526732 0.260435969 0.200106204 1.662131310
0.094464421 -0.383467436 0.918710709 0.464227319 0.337210178 0.880609334 0.332891107 -1.292371273 -0.936678171 0.278352141 0.212495387 1.692540765
0.092333555 -0.400213420 0.911758721 0.500978947 0.358694375 0.867563069 0.344489038 -1.320984602 -0.928877294 0.295234799 0.223659456 1.721363068
