1.000000000 0.000000000 0.000000000 -0.000000060 0.000000000 1.000000000 0.000000000 0.000000477 0.000000000 0.000000000 1.000000000 -0.000000119
0.999997258 -0.002339567 0.000075674 0.000926557 0.002338746 0.999952435 0.009466250 0.002682284 -0.000097818 -0.009466047 0.999955177 -0.001065670
0.999984205 -0.005614599 -0.000092934 0.001064651 0.005615367 0.999841571 0.016891839 0.003283495 -0.000001921 -0.016892096 0.999857306 -0.001965796
0.999953389 -0.009644231 -0.000425362 0.000110586 0.009650597 0.999770880 0.019106761 0.001030036 0.000240995 -0.019109976 0.999817371 -0.002971560
0.999920249 -0.012627394 0.000246902 -0.001286104 0.012621895 0.999794722 0.015848685 -0.003871332 -0.000446979 -0.015844304 0.999874353 -0.003642915
0.999860942 -0.016642613 0.001047962 -0.003198356 0.016630018 0.999800563 0.011057135 -0.010541980 -0.001231772 -0.011038169 0.999938309 -0.003935350
0.999814034 -0.019148780 0.002280121 -0.005522024 0.019133022 0.999794185 0.006743262 -0.019187238 -0.002408777 -0.006698383 0.999974668 -0.004059241
0.999762177 -0.021554811 0.003312327 -0.007982569 0.021545356 0.999763787 0.002863717 -0.028736062 -0.003373271 -0.002791670 0.999990404 -0.004323510
0.999748111 -0.021816757 0.005264266 -0.010535448 0.021817062 0.999761999 -0.000000806 -0.039117567 -0.005262996 0.000115656 0.999986172 -0.004407231
0.999753535 -0.021142753 0.006774460 -0.013622900 0.021177409 0.999762774 -0.005085242 -0.050494943 -0.006665337 0.005227454 0.999964118 -0.004728409
0.999728262 -0.021863103 0.008090009 -0.017282035 0.021924004 0.999731362 -0.007517330 -0.062576510 -0.007923483 0.007692652 0.999939024 -0.004985844
0.999743104 -0.020534126 0.009595913 -0.021452298 0.020614156 0.999752939 -0.008316735 -0.074907891 -0.009422765 0.008512409 0.999919355 -0.005301865
0.999819219 -0.016800230 0.008902715 -0.026147561 0.016855041 0.999839246 -0.006117729 -0.087310031 -0.008798503 0.006266680 0.999941647 -0.005633200
0.999852180 -0.017016439 0.002458531 -0.030111430 0.017025350 0.999848366 -0.003650832 -0.101272747 -0.002396035 0.003692149 0.999990284 -0.008125682
0.999823034 -0.017336095 -0.007301346 -0.036674738 0.017307779 0.999842525 -0.003923584 -0.116216958 0.007368216 0.003796519 0.999965668 -0.009968129
0.999685228 -0.014893389 -0.020189872 -0.043845359 0.014827196 0.999884188 -0.003424259 -0.133385122 0.020238532 0.003123822 0.999790311 -0.012969510
0.999315858 -0.010936333 -0.035330053 -0.051256578 0.010935072 0.999940157 -0.000228944 -0.152508855 0.035330441 -0.000157550 0.999375701 -0.016749624
0.998628259 -0.005173993 -0.052104320 -0.058830004 0.005457577 0.999971032 0.005301804 -0.172731891 0.052075382 -0.005578895 0.998627603 -0.020765536
0.997534454 0.002541949 -0.070132457 -0.066775285 -0.001767335 0.999936759 0.011104856 -0.192687631 0.070156254 -0.010953529 0.997475863 -0.024745597
0.995993853 0.012604803 -0.088528596 -0.075114183 -0.011140544 0.999793172 0.017014645 -0.211312994 0.088724755 -0.015960224 0.995928288 -0.027976478
0.993994176 0.022269191 -0.107143030 -0.083662257 -0.020363832 0.999615014 0.018844787 -0.228261888 0.107521445 -0.016549766 0.994064987 -0.029850986
0.991804898 0.030351274 -0.124104388 -0.092399672 -0.028342921 0.999437690 0.017916834 -0.243567124 0.124578394 -0.014252523 0.992107391 -0.029450687
0.989660501 0.039782126 -0.137802303 -0.101203360 -0.037760530 0.999137819 0.017254597 -0.257415265 0.138369918 -0.011872705 0.990309477 -0.029127533
0.987657726 0.044737455 -0.150102705 -0.110846482 -0.042770099 0.998951793 0.016311107 -0.269631177 0.150675088 -0.009689882 0.988535821 -0.026504045
0.985873044 0.049578562 -0.159988627 -0.120627239 -0.047984473 0.998752534 0.013814224 -0.280122399 0.160473928 -0.005942101 0.987022221 -0.022490611
0.984249949 0.052816678 -0.168708026 -0.130534947 -0.051856767 0.998603523 0.010093756 -0.289437205 0.169005543 -0.001186125 0.985614359 -0.017356513
0.982657611 0.059336342 -0.175679311 -0.141238123 -0.059061594 0.998231173 0.006796830 -0.298782825 0.175771877 0.003696944 0.984423995 -0.011710950
0.981174171 0.064055063 -0.182192758 -0.152451217 -0.063982166 0.997931242 0.006283992 -0.308940649 0.182218358 0.005491397 0.983242750 -0.005856340
0.979969978 0.064506464 -0.188408464 -0.164198235 -0.064901970 0.997883320 0.004075926 -0.320385307 0.188272595 0.008233794 0.982082307 -0.000140006
0.978910387 0.066510819 -0.193159923 -0.174727499 -0.067011245 0.997744381 0.003949017 -0.334516644 0.192986891 0.009078153 0.981159329 0.003194490
0.978114486 0.063815311 -0.198039412 -0.187661186 -0.065067708 0.997880816 0.000183846 -0.348338187 0.197631478 0.012706148 0.980194032 0.008189382
0.977484167 0.061505131 -0.201845974 -0.200730622 -0.063818716 0.997949123 -0.004968101 -0.363423616 0.201126456 0.017737789 0.979404688 0.013340284
0.976952136 0.063509449 -0.203791633 -0.213156074 -0.067481935 0.997640967 -0.012596171 -0.378416449 0.202510908 0.026058111 0.978933275 0.017235266
0.977598667 0.068702236 -0.198949501 -0.251874804 -0.073513910 0.997151136 -0.016891640 -0.433402687 0.197222218 0.031138800 0.979864180 0.051319938
0.977406383 0.074661873 -0.197743192 -0.265716583 -0.081682660 0.996276796 -0.027577529 -0.450741231 0.194947973 0.043106645 0.979865849 0.055416163
0.977350831 0.081242606 -0.195409924 -0.280437291 -0.088832825 0.995583057 -0.030382689 -0.468596816 0.192078441 0.047053363 0.980250895 0.058270678
0.977188051 0.088652842 -0.192987680 -0.296150655 -0.095583715 0.995058239 -0.026885245 -0.488124490 0.189650536 0.044718418 0.980832756 0.059076108
0.977110505 0.096752763 -0.189457163 -0.312565029 -0.102293983 0.994559765 -0.019667344 -0.509885848 0.186523601 0.038597494 0.981692016 0.057988230
0.977053881 0.102114126 -0.186918303 -0.330373973 -0.106583327 0.994205356 -0.013991400 -0.535539508 0.184406444 0.033592723 0.982275844 0.054663636
0.977418005 0.098172568 -0.187126055 -0.350466609 -0.101715587 0.994769096 -0.009403362 -0.563923120 0.185224071 0.028224651 0.982290924 0.049870823
0.977615535 0.091148742 -0.189630732 -0.372266591 -0.093969531 0.995557487 -0.005918132 -0.597021878 0.188248858 0.023605168 0.981837630 0.042439505
0.977037907 0.084214933 -0.195716143 -0.394855738 -0.086482398 0.996248722 -0.003053215 -0.631127298 0.194724828 0.019909110 0.980655849 0.033910271
0.975586295 0.083358034 -0.203181863 -0.420815110 -0.085057944 0.996375918 0.000367042 -0.671272874 0.202476114 0.016924150 0.979140937 0.025250113
0.973787844 0.081762590 -0.212254867 -0.445636362 -0.083200894 0.996530473 0.002161972 -0.703826368 0.211695209 0.015554491 0.977211952 0.016711831
0.972025216 0.081279509 -0.220364735 -0.470604926 -0.082792304 0.996563971 0.002377999 -0.733454585 0.219800845 0.015933029 0.975414634 0.008594358
0.970345259 0.079485871 -0.228280768 -0.496049643 -0.081451319 0.996676981 0.000814102 -0.759831369 0.227586910 0.017803811 0.973595023 0.001250247
0.968400717 0.078415103 -0.236751139 -0.522229195 -0.080654629 0.996742070 0.000226528 -0.782961488 0.235997587 0.018875703 0.971570313 -0.004903655
0.965602160 0.078884274 -0.247769609 -0.548939168 -0.081188336 0.996698380 0.000920993 -0.804239094 0.247024223 0.019226689 0.968818545 -0.011258143
0.961584389 0.080868311 -0.262327582 -0.578527570 -0.083232753 0.996527910 0.002105071 -0.825754046 0.261586994 0.019810043 0.964976609 -0.014587110
0.956875980 0.082498997 -0.278536022 -0.606071234 -0.084417805 0.996417284 0.005119847 -0.853875160 0.277960479 0.018614339 0.960412145 -0.020712927
0.952123165 0.085554719 -0.293499380 -0.633816659 -0.087480977 0.996144414 0.006583309 -0.874055445 0.292930990 0.019407490 0.955936611 -0.027227165
0.947922230 0.092819974 -0.304676801 -0.661280274 -0.094397470 0.995488465 0.009583105 -0.893837035 0.304191738 0.019676682 0.952407598 -0.033171818
0.943904757 0.097873405 -0.315380126 -0.689276993 -0.096172243 0.995143294 0.020992523 -0.912949026 0.315903038 0.010515871 0.948733211 -0.038346153
0.940250278 0.106332466 -0.323454559 -0.717331767 -0.098867208 0.994317353 0.039474778 -0.930598974 0.325813949 -0.005137125 0.945419967 -0.042922549
0.937213898 0.114090279 -0.329565674 -0.745759606 -0.098595157 0.993105114 0.063413426 -0.946921468 0.334528178 -0.026938368 0.942000628 -0.046289179
0.934523702 0.120418914 -0.334910035 -0.773291469 -0.097814403 0.991684794 0.083627626 -0.962470531 0.342195570 -0.045392975 0.938531637 -0.047732897
0.932006955 0.112980992 -0.344381124 -0.802675784 -0.083627507 0.991569102 0.098980591 -0.978797734 0.352660626 -0.063450858 0.933597624 -0.048943974
0.929536760 0.097017765 -0.355737269 -0.831215739 -0.067233577 0.993186593 0.095184460 -0.996561766 0.362548053 -0.064559966 0.929726243 -0.047748879
0.927467763 0.080578342 -0.365117431 -0.865770161 -0.053760037 0.995094419 0.083048239 -1.025646925 0.370018184 -0.057395834 0.927249849 -0.044115141
0.925492465 0.065512493 -0.373057365 -0.895150185 -0.044587702 0.996924043 0.064454965 -1.047277212 0.376132429 -0.043018818 0.925566733 -0.038278580
0.923969746 0.055512309 -0.378415495 -0.922938824 -0.040224254 0.998027802 0.048192617 -1.068197131 0.380344480 -0.029307041 0.924380422 -0.030792620
0.923172712 0.051890645 -0.380866855 -0.949178457 -0.041713569 0.998518705 0.034933351 -1.086286783 0.382115394 -0.016362201 0.923969746 -0.021187097
0.922464669 0.049149211 -0.382940322 -0.974238038 -0.042937208 0.998770952 0.024757775 -1.101353407 0.383686513 -0.006395783 0.923441291 -0.009473208
0.922707558 0.051596984 -0.382032007 -1.011176109 -0.048322715 0.998666525 0.018167194 -1.113750100 0.382459968 0.001697817 0.923970520 0.009221334
0.921909809 0.048439499 -0.384364277 -1.034257889 -0.045418482 0.998824418 0.016939159 -1.122541308 0.384732932 0.001840863 0.923026085 0.023885500
0.921268046 0.045607649 -0.386244833 -1.056023598 -0.041594103 0.998958707 0.018746752 -1.128528714 0.386697650 -0.001205276 0.922205746 0.039754484
0.921680450 0.050384417 -0.384664327 -1.076500893 -0.047348037 0.998727441 0.017367207 -1.133669019 0.385049850 0.002206085 0.922893167 0.057199828
0.922859430 0.059953284 -0.380442023 -1.095512986 -0.058857169 0.998160720 0.014525524 -1.138874173 0.380613148 0.008986725 0.924690723 0.075522594
0.924131036 0.067207344 -0.376118273 -1.113129139 -0.070882030 0.997476399 0.004077042 -1.144729257 0.375443071 0.022892307 0.926562667 0.094053462
0.925289452 0.072181560 -0.372329503 -1.129819036 -0.081188627 0.996662080 -0.008547152 -1.151144981 0.370469779 0.038137510 0.928061247 0.112389028
0.926245272 0.073416032 -0.369702339 -1.145480156 -0.087260537 0.995967507 -0.020840209 -1.158143044 0.366681516 0.051563565 0.928916514 0.130047634
0.927384853 0.075286888 -0.366454929 -1.160474896 -0.093247361 0.995143533 -0.031531647 -1.164418936 0.362301320 0.063412920 0.929901361 0.146946862
0.928299785 0.077591151 -0.363647044 -1.178429842 -0.097105101 0.994635105 -0.035660286 -1.174257994 0.358929157 0.068415418 0.930854023 0.164330363
0.929020464 0.080079190 -0.361259341 -1.192339420 -0.101500161 0.994003356 -0.040681962 -1.179325819 0.355835199 0.074462250 0.931577504 0.179178864
0.929444015 0.084595688 -0.359134287 -1.205357194 -0.106984176 0.993335128 -0.042891830 -1.184359312 0.353112251 0.078287236 0.932299793 0.193734139
0.929720938 0.085036531 -0.358312428 -1.218343616 -0.108434737 0.993053436 -0.045681443 -1.188375115 0.351938784 0.081324503 0.932483494 0.206093460
0.929665983 0.083808526 -0.358744144 -1.231157660 -0.107868165 0.993027568 -0.047546923 -1.191813231 0.352257967 0.082899824 0.932224214 0.217213333
0.928282380 0.082244053 -0.362667561 -1.243807793 -0.107322887 0.992990315 -0.049517505 -1.194687605 0.356052876 0.084888749 0.930602074 0.226740420
0.926181376 0.079456583 -0.368611872 -1.256118417 -0.104113892 0.993432462 -0.047458041 -1.196555018 0.362420142 0.082332373 0.928371191 0.234602869
0.924008608 0.075573385 -0.374828964 -1.267987013 -0.097909972 0.994355321 -0.040879622 -1.197728992 0.369623750 0.074472621 0.926192284 0.241667897
0.921939611 0.067944579 -0.381327808 -1.279077411 -0.088639297 0.995378256 -0.036948573 -1.198660254 0.377054930 0.067864977 0.923701227 0.246815920
0.919857562 0.063739702 -0.387039125 -1.289520979 -0.082692951 0.996045053 -0.032498345 -1.198397756 0.383436978 0.061899252 0.921490431 0.251502305
0.917942524 0.057229407 -0.392563730 -1.298584342 -0.074561335 0.996793747 -0.029032508 -1.198817730 0.389643520 0.055920251 0.919266462 0.255716950
0.916489899 0.047318257 -0.397249609 -1.310721636 -0.062916808 0.997671723 -0.026317284 -1.194660902 0.395079404 0.049113199 0.917333186 0.260720789
0.913949728 0.032838657 -0.404496640 -1.317173839 -0.048295312 0.998438776 -0.028064765 -1.194318771 0.402943522 0.045185074 0.914108753 0.263784021
0.911168218 0.016644314 -0.411698282 -1.321776628 -0.032849208 0.998937726 -0.032316193 -1.193851948 0.410723090 0.042969450 0.910747051 0.266931176
0.908427715 0.001670485 -0.418038636 -1.323850751 -0.019371072 0.999086082 -0.038102370 -1.193181872 0.417592913 0.042711105 0.907629848 0.269983292
0.905908406 -0.009593706 -0.423365057 -1.323256493 -0.009429432 0.999038458 -0.042815726 -1.191223145 0.423368752 0.042779218 0.904946864 0.273223102
0.904622674 -0.017936394 -0.425835729 -1.319705367 -0.002083710 0.998916030 -0.046501324 -1.188298583 0.426208198 0.042953469 0.903604746 0.277066678
0.905069411 -0.024490710 -0.424558133 -1.312837720 0.003986861 0.998785138 -0.049115945 -1.185172677 0.425245255 0.042760681 0.904067516 0.280628026
0.907281160 -0.030084146 -0.419447035 -1.303084016 0.010399269 0.998737812 -0.049138777 -1.180301189 0.420395941 0.040220745 0.906448901 0.285633236
0.911284745 -0.037836798 -0.410034746 -1.289585948 0.019879352 0.998650849 -0.047971543 -1.173251033 0.411296636 0.035564508 0.910807490 0.291351587
0.917335927 -0.044009540 -0.395674109 -1.277226329 0.028380092 0.998571515 -0.045271091 -1.165955424 0.397101283 0.030299529 0.917274535 0.302246094
0.924093127 -0.051926300 -0.378623217 -1.256710529 0.038651161 0.998345017 -0.042583473 -1.153406382 0.380207807 0.024716869 0.924570799 0.310251325
0.931945622 -0.060095284 -0.357583493 -1.232953906 0.048229802 0.997952104 -0.042017229 -1.138144732 0.359376222 0.021911593 0.932935476 0.319115192
0.940914929 -0.066442780 -0.332060993 -1.205739975 0.053603332 0.997422934 -0.047688171 -1.121901751 0.334373772 0.027070938 0.942051649 0.329368204
0.950368643 -0.069936231 -0.303163886 -1.174497843 0.053378712 0.996611953 -0.062572859 -1.107600212 0.306512833 0.043284785 0.950881839 0.339350522
0.958568275 -0.074547045 -0.274935603 -1.139683127 0.055832155 0.995597422 -0.075290032 -1.095661402 0.279337823 0.056820385 0.958510220 0.346162170
0.966051102 -0.074654147 -0.247329682 -1.101222515 0.055468112 0.994949222 -0.083661817 -1.084741950 0.252326190 0.067102678 0.965312779 0.351244748
0.971702933 -0.072739579 -0.224727407 -1.060508370 0.055116672 0.994963109 -0.083728865 -1.076812148 0.229685888 0.068973362 0.970817745 0.353486687
0.976245821 -0.070099816 -0.205012396 -1.016865849 0.054638017 0.995285213 -0.080137476 -1.071977258 0.209663436 0.067032412 0.975473166 0.352512479
0.979798317 -0.067200601 -0.188359663 -0.975981772 0.055355154 0.996185005 -0.067463204 -1.076952577 0.192174628 0.055673655 0.979780257 0.350636959
0.981314421 -0.073982939 -0.177618995 -0.927211642 0.064823568 0.996276855 -0.056836154 -1.079857826 0.181162611 0.044260237 0.982456684 0.344164848
0.981251836 -0.088495031 -0.171211585 -0.876418114 0.081602365 0.995560884 -0.046899378 -1.085574627 0.174601927 0.032048836 0.984117389 0.335232913
0.980606735 -0.102037326 -0.167328581 -0.823396802 0.097154513 0.994576335 -0.037133787 -1.093794942 0.170210078 0.020156916 0.985201597 0.324094564
0.979128003 -0.117481515 -0.165850863 -0.768330038 0.114751771 0.993054390 -0.025980346 -1.105612397 0.167751148 0.006406403 0.985808551 0.309999079
0.977972507 -0.129079804 -0.164036959 -0.708493888 0.127954617 0.991626441 -0.017452501 -1.120653868 0.164916158 -0.003921218 0.986299813 0.295232475
0.976915479 -0.138822928 -0.162371174 -0.645578265 0.138748720 0.990256667 -0.011852821 -1.138010859 0.162434593 -0.010949589 0.986658573 0.279483527
0.977957904 -0.136697903 -0.157835335 -0.578258693 0.137513861 0.990482926 -0.005791864 -1.155551553 0.157124937 -0.016040346 0.987448454 0.264716178
0.979915679 -0.129435658 -0.151696146 -0.509242058 0.130595475 0.991432965 -0.002335046 -1.173389196 0.150698811 -0.017522682 0.988424420 0.248448431
0.983231246 -0.112162113 -0.143791601 -0.440909028 0.114079997 0.993458271 0.005136827 -1.194869757 0.142274812 -0.021454435 0.989594638 0.237656891
0.985534906 -0.099405892 -0.137256697 -0.365933746 0.101147927 0.994854748 0.005758443 -1.209086180 0.135978058 -0.019558378 0.990518749 0.225485295
0.987557948 -0.085982040 -0.131667584 -0.289676487 0.087702632 0.996119857 0.007314052 -1.219589949 0.130527824 -0.018770644 0.991266966 0.214105204
0.989176095 -0.073665097 -0.126902103 -0.212272778 0.075243443 0.997135580 0.007682535 -1.226255059 0.125972658 -0.017147930 0.991885483 0.203743994
0.990963221 -0.057810467 -0.121036790 -0.133804068 0.058975611 0.998241007 0.006063261 -1.230902076 0.120473363 -0.013146686 0.992629528 0.196234465
0.992213666 -0.042693973 -0.117000997 -0.055449557 0.043687388 0.999027610 0.005938134 -1.231276155 0.116633698 -0.011003365 0.993114054 0.189603031
0.993368804 -0.026186489 -0.111949407 0.022824422 0.027075205 0.999612749 0.006425361 -1.229256630 0.111737795 -0.009413806 0.993693113 0.184783727
0.993996263 -0.010108899 -0.108945951 0.101844117 0.011070093 0.999904931 0.008221452 -1.228579640 0.108852476 -0.009378134 0.994013667 0.178267702
0.994181752 -0.001318076 -0.107707426 0.180432722 0.002220648 0.999963403 0.008260336 -1.221529603 0.107692599 -0.008451456 0.994148314 0.175425425
0.994423211 0.005844322 -0.105301365 0.258691460 -0.005009754 0.999953926 0.008188289 -1.211717248 0.105344370 -0.007615090 0.994406641 0.173331931
0.994858563 0.008842562 -0.100887515 0.336075306 -0.007969917 0.999927282 0.009049478 -1.199239135 0.100960203 -0.008198886 0.994856656 0.173030943
0.995489001 0.009324288 -0.094417430 0.412719458 -0.008438794 0.999916613 0.009773448 -1.185193896 0.094500683 -0.008932590 0.995484710 0.175246254
0.996381521 0.008750961 -0.084541753 0.488997757 -0.007946718 0.999919951 0.009844816 -1.168420792 0.084621131 -0.009137363 0.996371329 0.177616656
0.997363687 0.005352511 -0.072367154 0.564822793 -0.004659208 0.999941647 0.009745763 -1.151128054 0.072415091 -0.009382897 0.997330427 0.180897087
0.998278618 -0.001950430 -0.058616951 0.639559329 0.002599637 0.999936104 0.011001213 -1.134403825 0.058591746 -0.011134659 0.998219907 0.184864864
0.999192059 -0.009092162 -0.039147306 0.701818764 0.009563469 0.999883831 0.011868924 -1.112679958 0.039034847 -0.012233719 0.999162972 0.197599858
0.999668837 -0.016805496 -0.019489750 0.775207341 0.017106637 0.999735236 0.015388777 -1.095543504 0.019225974 -0.015717084 0.999691606 0.202384934
0.999676943 -0.025201920 0.003292146 0.848135531 0.025113184 0.999380112 0.024672506 -1.077668905 -0.003911899 -0.024581859 0.999690175 0.207489997
0.999022484 -0.032861270 0.029567193 0.918065012 0.031795725 0.998852551 0.035814039 -1.060482264 -0.030710161 -0.034838922 0.998920977 0.216095284
0.997451782 -0.042037033 0.057643812 0.988928974 0.039297663 0.998080730 0.047859911 -1.042719245 -0.059545066 -0.045472685 0.997189343 0.223300725
0.994913757 -0.052088760 0.086217329 1.059120178 0.047023848 0.997103930 0.059770320 -1.025021672 -0.089081004 -0.055412043 0.994481802 0.231220171
0.991494715 -0.061224371 0.114847004 1.125369668 0.053459808 0.996147573 0.069513276 -1.008558035 -0.118660465 -0.062782347 0.990948081 0.243337631
0.987555146 -0.069548078 0.141059726 1.193080664 0.059185673 0.995320976 0.076375775 -0.992611289 -0.145711482 -0.067076571 0.987050593 0.254110754
0.983434916 -0.078415416 0.163422063 1.258749962 0.065154471 0.994249225 0.084990248 -0.978290260 -0.169146821 -0.072934702 0.982888520 0.267487139
0.979304075 -0.085836388 0.183291018 1.323437333 0.068779029 0.992857754 0.097482868 -0.964789629 -0.190349489 -0.082858793 0.978213429 0.279200017
0.975423038 -0.095986322 0.198334411 1.386393070 0.075235531 0.991118789 0.109650023 -0.950775623 -0.207097873 -0.092033364 0.973981678 0.295094669
0.971961200 -0.105795994 0.209996745 1.448128104 0.080994472 0.989046156 0.123400196 -0.937357545 -0.220751718 -0.102931634 0.969883382 0.313123882
0.968882620 -0.114828117 0.219273806 1.509752631 0.086608179 0.987154007 0.134260848 -0.925797701 -0.231873930 -0.111092106 0.966381431 0.333209336
0.966181874 -0.123173252 0.226541221 1.570863843 0.092110947 0.985434830 0.142946571 -0.916376889 -0.240848809 -0.117245466 0.963454902 0.355927974
0.963694334 -0.132896364 0.231585264 1.630788565 0.100072913 0.983884990 0.148174554 -0.909377873 -0.247545123 -0.119619578 0.961463749 0.381657302
0.960917234 -0.153020024 0.230700985 1.690260053 0.120665550 0.981532633 0.148436889 -0.904215693 -0.249154374 -0.114797905 0.961635888 0.410245538
0.958080530 -0.170489103 0.230250269 1.750486851 0.140796721 0.980109572 0.139862657 -0.900197029 -0.249515533 -0.101581216 0.963028193 0.440985918
0.955781102 -0.183080420 0.230139270 1.806360602 0.157496884 0.979555488 0.125162870 -0.899767458 -0.248349056 -0.083382078 0.965075195 0.475118101
0.954934418 -0.185181051 0.231966093 1.868246555 0.163832247 0.980523765 0.108314820 -0.900987506 -0.247506127 -0.065430023 0.966674507 0.507534266
0.954960644 -0.182337165 0.234101206 1.931643128 0.166383773 0.982272863 0.086351044 -0.900502443 -0.245696247 -0.043511204 0.968369842 0.543828011
0.956200302 -0.176051974 0.233851761 1.995185018 0.163792968 0.983935952 0.071006440 -0.899840057 -0.242595971 -0.029593103 0.969675958 0.581435323
0.958953381 -0.165244102 0.230440468 2.055478096 0.155452400 0.986010432 0.060149241 -0.899217427 -0.237156004 -0.021857794 0.971225619 0.619230509
0.962696612 -0.154388845 0.222214550 2.119091988 0.146279275 0.987843692 0.052604459 -0.898465574 -0.227634788 -0.018136753 0.973577678 0.658612669
0.967492342 -0.135901347 0.213282391 2.183188915 0.129383162 0.990604877 0.044294819 -0.896952927 -0.217298284 -0.015259751 0.975985944 0.697319746
0.972745538 -0.113023467 0.202464506 2.246225357 0.107111670 0.993443727 0.039957907 -0.894390881 -0.205653265 -0.017182566 0.978474081 0.735958517
0.977665067 -0.094814256 0.187566862 2.308381557 0.088360116 0.995181680 0.042495884 -0.892103195 -0.190692320 -0.024973311 0.981332123 0.775356591
0.982289195 -0.077713408 0.170495123 2.370256424 0.070673056 0.996392071 0.046990510 -0.889417887 -0.173531771 -0.034108859 0.984237432 0.814704657
0.985912681 -0.067716539 0.152940169 2.430458546 0.059908062 0.996681750 0.055104669 -0.887609482 -0.156164184 -0.045166042 0.986697912 0.855572283
0.988843262 -0.057635710 0.137357593 2.489246845 0.049065098 0.996679068 0.064988136 -0.886696875 -0.140647084 -0.057523616 0.988387287 0.895598590
0.990908086 -0.049800202 0.124984190 2.541721582 0.040294737 0.996180654 0.077462718 -0.892866135 -0.128364488 -0.071722224 0.989130139 0.952433527
0.992811143 -0.041971534 0.112091012 2.599342823 0.032478675 0.995833397 0.085211709 -0.894369364 -0.115200438 -0.080958575 0.990037680 0.995675504
0.994271040 -0.030738473 0.102373093 2.656008005 0.021245066 0.995479941 0.092565164 -0.897302389 -0.104755670 -0.089859933 0.990429938 1.040678501
0.995350480 -0.018743908 0.094477840 2.711090803 0.009498695 0.995202780 0.097371615 -0.901693046 -0.095849730 -0.096021466 0.990753591 1.087384582
0.996140897 -0.006779800 0.087506242 2.764174938 -0.001868034 0.995148420 0.098367065 -0.907680869 -0.087748609 -0.098150924 0.991295397 1.135841608
0.996564388 0.008082592 0.082426600 2.818086863 -0.015881419 0.995407283 0.094403833 -0.919518888 -0.081285007 -0.095388547 0.992115796 1.193677425
0.996430814 0.026513724 0.080141157 2.867623806 -0.033391152 0.995758474 0.085732557 -0.929402649 -0.077528149 -0.088102572 0.993089795 1.245525360
0.995816588 0.045272037 0.079371281 2.914869785 -0.051260412 0.995856941 0.075109020 -0.940977216 -0.075642101 -0.078863412 0.994011462 1.299274325
0.994974554 0.061373420 0.079113558 2.959041357 -0.066516869 0.995723844 0.064105518 -0.953944206 -0.074840888 -0.069045745 0.994802237 1.354372501
0.994143724 0.074161954 0.078601889 2.998915195 -0.078391530 0.995557129 0.052161433 -0.968085468 -0.074384280 -0.058017686 0.995540500 1.409778237
0.993535817 0.083031267 0.077410430 3.036777735 -0.086321458 0.995457292 0.040167421 -0.984606087 -0.073723629 -0.046589956 0.996189833 1.469091535
0.992881536 0.091116101 0.076708168 3.069903374 -0.093295515 0.995316505 0.025317121 -1.001338363 -0.074042112 -0.032293428 0.996732116 1.526412725
0.992733002 0.094409257 0.074619740 3.098972797 -0.095243871 0.995424211 0.007698691 -1.019246817 -0.073551461 -0.014749816 0.997182369 1.583761096
0.992952406 0.095586434 0.070062555 3.123725653 -0.094628334 0.995369613 -0.016876357 -1.038697958 -0.071351282 0.010127516 0.997399807 1.640863895
0.992808700 0.100016713 0.065784290 3.139951229 -0.097701564 0.994508088 -0.037523754 -1.064587593 -0.069176018 0.030826680 0.997128069 1.701134920
0.992352486 0.107328981 0.060967781 3.156229496 -0.103754610 0.992848337 -0.059051905 -1.084593177 -0.066869743 0.052274618 0.996391416 1.756273866
0.991209149 0.118615389 0.058607627 3.168898582 -0.113738269 0.990241885 -0.080527343 -1.103956580 -0.067587510 0.073153503 0.995027900 1.808590531
0.989131927 0.134510383 0.059371185 3.177659988 -0.128054753 0.986540854 -0.101681456 -1.123002768 -0.072249308 0.092973620 0.993043780 1.858468771
0.986986160 0.149077669 0.060284071 3.181764126 -0.140913352 0.982427120 -0.122394137 -1.141883492 -0.077470936 0.112306483 0.990649045 1.905669570
0.985267341 0.159609035 0.061426453 3.176415205 -0.149304762 0.977923632 -0.146196648 -1.162889600 -0.083404683 0.134871528 0.987346590 1.952076316
0.983814955 0.168545529 0.060831659 3.170392275 -0.155748442 0.972207069 -0.174802244 -1.182593822 -0.088603102 0.162498623 0.982722580 1.991755366
0.982858479 0.174398094 0.059787184 3.158629656 -0.158879876 0.965742230 -0.205180705 -1.202095747 -0.093522131 0.192164630 0.976896286 2.025723219
0.982756317 0.175554097 0.058058664 3.141183853 -0.157632828 0.959562480 -0.233220413 -1.220970511 -0.096653715 0.220046893 0.970689178 2.053932428
0.983839512 0.170301616 0.055292107 3.117936373 -0.150746912 0.954459310 -0.257454544 -1.239068508 -0.096618988 0.244958848 0.964707196 2.075051546
0.988278508 0.144836262 0.048249327 3.088631392 -0.126660302 0.954359114 -0.270473421 -1.256389737 -0.085221536 0.261191785 0.961517632 2.089038849
0.992913961 0.111756653 0.040401302 3.053812742 -0.097057804 0.958817244 -0.266925722 -1.273929834 -0.068568185 0.261113018 0.962869883 2.097839832
0.996382058 0.077652059 0.034538507 3.015880108 -0.066829927 0.966953456 -0.246038184 -1.286337614 -0.052502498 0.242839828 0.968644559 2.097747564
0.998759389 0.041519739 0.027491756 2.975331783 -0.034711674 0.976333916 -0.213464662 -1.296674609 -0.035704128 0.212245539 0.976563871 2.090797901
0.999715090 0.010257053 0.021553025 2.933122873 -0.006417873 0.985219240 -0.171177939 -1.304676890 -0.022990234 0.170990840 0.985004365 2.078361034
0.999768734 -0.014427568 0.015948156 2.890259027 0.016337683 0.991770983 -0.126977801 -1.310368180 -0.013984938 0.127208978 0.991777360 2.062562943
0.999317348 -0.035249747 0.011057672 2.847212791 0.036087997 0.995462716 -0.088043384 -1.315980911 -0.007903994 0.088382326 0.996055245 2.042431831
0.998728991 -0.049630780 0.008785322 2.804549932 0.050070297 0.996936202 -0.060093269 -1.321766853 -0.005775931 0.060456775 0.998154104 2.020294666
0.998053849 -0.061620738 0.009562567 2.762570858 0.062041212 0.996678889 -0.052745651 -1.331579685 -0.006280582 0.053236272 0.998562217 1.998378992
0.997594118 -0.068329744 0.011704752 2.721701622 0.068921961 0.995735347 -0.061326362 -1.339313388 -0.007464421 0.061985530 0.998049140 1.973880291
0.997107863 -0.074772216 0.013600804 2.681769371 0.075617321 0.993998528 -0.079050265 -1.347289562 -0.007608414 0.079850100 0.996777833 1.947958708
0.997088134 -0.074178040 0.017686483 2.643109083 0.075524434 0.992657125 -0.094487660 -1.354856491 -0.010547701 0.095548294 0.995368898 1.921326041
0.996867299 -0.076727375 0.019196251 2.605521679 0.078316614 0.991484225 -0.104045831 -1.359498978 -0.011049617 0.105223276 0.994387209 1.891717553
0.997024179 -0.074192353 0.020935671 2.569287062 0.075938679 0.991979659 -0.101042852 -1.361303091 -0.013271155 0.102331996 0.994661748 1.860120654
0.996703327 -0.078945264 0.018712834 2.533218861 0.080317631 0.992698669 -0.089991279 -1.362449884 -0.011471819 0.091197573 0.995766759 1.826264501
0.996344864 -0.083164424 0.019510191 2.498662949 0.084462389 0.993253052 -0.079463735 -1.362434149 -0.012770001 0.080821157 0.996646821 1.790901303
0.995515943 -0.092429154 0.020121386 2.465902328 0.093580805 0.993363917 -0.066863917 -1.361337781 -0.013807682 0.068447076 0.997559190 1.753834724
0.994513035 -0.101614282 0.024865922 2.434818268 0.102820441 0.993269742 -0.053321373 -1.360672951 -0.019280355 0.055585530 0.998267770 1.721257925
0.993470490 -0.109175727 0.033122554 2.405749083 0.110533997 0.992967665 -0.042397033 -1.354954958 -0.028260896 0.045781370 0.998551667 1.682929993
0.992342174 -0.115049005 0.044952840 2.378411770 0.116659701 0.992554605 -0.035012852 -1.346040845 -0.040589951 0.039988916 0.998375356 1.645024300
0.990854740 -0.121002026 0.059710938 2.352994204 0.123137452 0.991825044 -0.033469390 -1.334763169 -0.055172939 0.040515956 0.997654438 1.608072996
0.989163041 -0.124924406 0.077138849 2.329386234 0.127952084 0.991140425 -0.035621949 -1.320328593 -0.072005384 0.045105986 0.996383786 1.572024226
0.987347186 -0.123650461 0.099278122 2.307109833 0.128938496 0.990455091 -0.048719950 -1.304031610 -0.092306271 0.060904279 0.993866324 1.535187006
0.985484660 -0.114039622 0.125757560 2.287125587 0.122873314 0.990300834 -0.064856760 -1.286243320 -0.117141575 0.079367585 0.989938676 1.498560190
0.982634485 -0.105080873 0.152929589 2.268037796 0.118634954 0.989516199 -0.082361892 -1.268802166 -0.142671630 0.099074423 0.984799027 1.459993720
0.978818893 -0.095099457 0.181300089 2.249355078 0.113648094 0.988987088 -0.094808325 -1.250652790 -0.170287237 0.113404587 0.978847086 1.418664455
0.973589361 -0.091454007 0.209188640 2.232093573 0.114516981 0.988282442 -0.100914344 -1.235736370 -0.197508425 0.122204781 0.972654343 1.381703138
0.967395782 -0.092366003 0.235826135 2.213788271 0.118804760 0.987822950 -0.100455217 -1.216146469 -0.223675817 0.125197217 0.966589272 1.335162878
0.959746540 -0.097788170 0.263294578 2.195549488 0.126195103 0.987618029 -0.093195818 -1.195479274 -0.250921011 0.122670852 0.960203350 1.286641121
0.950640023 -0.106983200 0.291269988 2.176688194 0.134410843 0.988023341 -0.075786822 -1.172816157 -0.279673606 0.111195825 0.953634202 1.235616207
0.939898193 -0.119979277 0.319681615 2.157574415 0.143647000 0.988292098 -0.051423006 -1.149280071 -0.309769124 0.094253697 0.946128607 1.183542490
0.927107513 -0.132156312 0.350722611 2.138260841 0.151768565 0.987993419 -0.028900897 -1.124714255 -0.342692196 0.080022901 0.936033309 1.129403114
0.912140071 -0.146200955 0.382917434 2.118910789 0.161321521 0.986873507 -0.007484570 -1.099232793 -0.376796812 0.068599798 0.923752248 1.073689699
0.894697487 -0.159850076 0.417090416 2.098975658 0.171329901 0.985162497 0.010045504 -1.071770549 -0.412507594 0.062472358 0.908809483 1.019549012
0.874479175 -0.172070637 0.453517288 2.080103159 0.181101397 0.983175755 0.023827700 -1.041165948 -0.449987262 0.061295778 0.890928924 0.973268747
0.851836503 -0.186758742 0.489383012 2.060577631 0.193332419 0.980411649 0.037624579 -1.007579088 -0.486823529 0.062563613 0.871256948 0.920065999
0.826923490 -0.200860605 0.525216699 2.039982080 0.204879746 0.977445185 0.051236644 -0.971191645 -0.523661971 0.065237470 0.849424660 0.868831038
0.799858510 -0.214799255 0.560435295 2.019980192 0.217636317 0.974013925 0.062699862 -0.932203591 -0.559339643 0.071820043 0.825821459 0.817522407
0.771213114 -0.230205715 0.593494475 1.999163151 0.231214494 0.969947457 0.075774610 -0.890411556 -0.593102157 0.078786150 0.801263094 0.767352641
0.742082953 -0.245162994 0.623865426 1.977942467 0.241349995 0.966016233 0.092535518 -0.845893979 -0.625350416 0.081900857 0.776034236 0.718349159
0.712056041 -0.260983258 0.651815891 1.950845122 0.249509603 0.961811304 0.112534590 -0.799070776 -0.656293511 0.082503386 0.749981344 0.672769427
0.683059454 -0.277164966 0.675728858 1.927433372 0.257112533 0.957223773 0.132724509 -0.749340296 -0.683610260 0.083079591 0.725103259 0.626049876
0.655418396 -0.290468603 0.697176278 1.905556321 0.262382656 0.953162491 0.150454581 -0.699203193 -0.708224595 0.084316246 0.700934172 0.579687893
0.630467296 -0.297827572 0.716805220 1.883690596 0.266654760 0.950362444 0.160332322 -0.652251482 -0.728976130 0.090055197 0.678589582 0.534381330
0.608593225 -0.308840126 0.730911851 1.861436486 0.273348719 0.946362734 0.172273308 -0.609214783 -0.744912624 0.094949454 0.660370946 0.489016652
0.589339495 -0.325021952 0.739621341 1.834457159 0.287959605 0.939882576 0.183575675 -0.572768688 -0.754823267 0.104792669 0.647503138 0.440708876
0.573025584 -0.337552279 0.746793211 1.813147902 0.303350300 0.933876574 0.189349189 -0.539785981 -0.761327922 0.118038043 0.637531757 0.395287037
0.559658110 -0.346077144 0.753003001 1.793826103 0.316814899 0.928958833 0.191477895 -0.511699617 -0.765774965 0.131400377 0.629541755 0.349557757
0.548551798 -0.348394901 0.760073662 1.775148869 0.327251583 0.925992489 0.188266769 -0.487936437 -0.769413710 0.145461217 0.621967554 0.302789748
0.540618896 -0.348493427 0.765691638 1.757133722 0.331751853 0.924719870 0.186638400 -0.468508393 -0.773092508 0.153119341 0.615534365 0.255969942
0.536060095 -0.345994204 0.770017982 1.739513040 0.332983106 0.924854577 0.183755919 -0.454982311 -0.775733113 0.157898739 0.610987842 0.206097424
0.535283387 -0.346651077 0.770262837 1.721627712 0.330031037 0.925251842 0.187052280 -0.442902714 -0.777529001 0.154084623 0.609677553 0.152356863
0.537456393 -0.354864657 0.764991343 1.706752062 0.328566372 0.923580825 0.197591946 -0.432547748 -0.776649773 0.145153329 0.612981021 0.101828456
0.540316582 -0.366747946 0.757333457 1.693436861 0.334066600 0.919546485 0.206963137 -0.427083343 -0.772306621 0.141174212 0.619364440 0.050212204
0.544038415 -0.381323874 0.747405052 1.681803823 0.335198045 0.915369451 0.223027110 -0.423315555 -0.769197345 0.129193366 0.625815153 -0.002411425
0.546643734 -0.400402129 0.735431015 1.672140956 0.343643546 0.908172846 0.239021391 -0.420838088 -0.763603151 0.122066587 0.634042561 -0.054169655
0.549368978 -0.421464771 0.721499264 1.665657282 0.352616161 0.899755716 0.257102102 -0.418909460 -0.757532537 0.113168359 0.642913222 -0.105396986
0.551565886 -0.437106878 0.710431278 1.659103870 0.364196271 0.892429113 0.266329288 -0.417575538 -0.750423968 0.111838281 0.651426196 -0.157910705
0.553373396 -0.448024482 0.702176630 1.658417940 0.371074229 0.887341440 0.273731828 -0.419547737 -0.745709002 0.109083682 0.657281458 -0.210714638
0.555399656 -0.447319657 0.701025248 1.664201498 0.373861760 0.887316942 0.269992590 -0.420949370 -0.742804527 0.112132706 0.660051286 -0.260179877
0.559210181 -0.440125465 0.702547908 1.673613787 0.367386401 0.891246080 0.265909106 -0.422317505 -0.743176460 0.109407462 0.660089970 -0.309381366
0.563946307 -0.428224444 0.706107855 1.686318040 0.353017688 0.897993863 0.262650967 -0.423332512 -0.746554136 0.101147540 0.657591105 -0.358128846
0.568489134 -0.419125944 0.707922041 1.701641798 0.338518828 0.903445601 0.263041973 -0.423536777 -0.749816716 0.090108424 0.655480981 -0.405560374
0.572416663 -0.410217017 0.709972620 1.720416188 0.323187321 0.908638716 0.264434516 -0.423385620 -0.753584146 0.078087457 0.652696848 -0.451943755
0.575417757 -0.407665938 0.709015429 1.740861058 0.305764586 0.911281943 0.275813758 -0.421452790 -0.758552849 0.058083668 0.649017632 -0.496020496
0.575661957 -0.410867125 0.706966460 1.763922215 0.296032220 0.910662651 0.288198769 -0.419029117 -0.762219369 0.043379746 0.645863712 -0.538657308
0.575269580 -0.414879024 0.704940021 1.790387392 0.287488043 0.909390569 0.300598532 -0.415665329 -0.765777767 0.029736608 0.642417431 -0.579607487
0.572559357 -0.425492465 0.700808108 1.818922520 0.289566755 0.904646158 0.312676162 -0.418258041 -0.767024696 0.023905069 0.641172051 -0.612397075
0.567306161 -0.439723134 0.696281075 1.851047039 0.304413676 0.897595406 0.318833500 -0.417929292 -0.765177131 0.031081289 0.643069148 -0.647356093
0.561793327 -0.451462507 0.693231523 1.886673689 0.318840086 0.891390264 0.322124809 -0.417731404 -0.763367116 0.040062398 0.644721448 -0.679774761
0.556568086 -0.453215510 0.696295619 1.926668644 0.330082268 0.889742076 0.315285087 -0.417849660 -0.762415648 0.054357216 0.644800484 -0.710013390
0.552836657 -0.449572802 0.701609552 1.969932795 0.335703433 0.890786171 0.306273043 -0.417873830 -0.762676179 0.066213779 0.643382370 -0.738915503
0.549707830 -0.444287211 0.707410932 2.017134666 0.340919822 0.892421246 0.295563817 -0.417714417 -0.762623787 0.078696631 0.642037272 -0.765448213
0.548392415 -0.433822036 0.714887500 2.067334175 0.339491189 0.896780968 0.283777446 -0.416204751 -0.764206409 0.087076597 0.639066637 -0.790253937
0.548092723 -0.422497332 0.721865892 2.120293856 0.334404945 0.901755631 0.273879707 -0.414812684 -0.766660094 0.091284022 0.635530949 -0.814394057
0.548527122 -0.413037062 0.726992667 2.176018000 0.329657555 0.905872226 0.265934885 -0.414008319 -0.768403471 0.093786143 0.633056283 -0.837457776
0.548742771 -0.406916320 0.730274260 2.231552601 0.322381079 0.908979118 0.264248848 -0.418780833 -0.771331251 0.090421900 0.629977822 -0.850568295
0.548712671 -0.406112254 0.730744362 2.290868759 0.326019704 0.908827722 0.260275632 -0.417295963 -0.769821882 0.095420487 0.631085873 -0.871423900
0.547367334 -0.407791972 0.730817795 2.351568937 0.342524707 0.905923665 0.248956084 -0.416894078 -0.763587475 0.114052705 0.635551870 -0.890627921
0.545272648 -0.406281680 0.733220994 2.415294886 0.360023648 0.903417706 0.232850730 -0.416851252 -0.757007778 0.137009740 0.638879955 -0.909525990
0.542105913 -0.399607241 0.739212632 2.480560303 0.369240761 0.903492451 0.217629611 -0.415684879 -0.754839420 0.154969126 0.637339830 -0.928536355
0.540151834 -0.387510121 0.747042179 2.547568321 0.363886237 0.907952249 0.207868949 -0.412078947 -0.758829951 0.159557566 0.631441653 -0.947594941
0.538834453 -0.377230227 0.753229618 2.616162300 0.354459882 0.912657380 0.203506038 -0.407443464 -0.764209151 0.157333568 0.625484228 -0.968456924
0.536704421 -0.377878845 0.754424334 2.679376125 0.341011465 0.914978206 0.215699002 -0.410039395 -0.771789908 0.141500726 0.619933844 -0.986384809
0.536020517 -0.382599503 0.752528846 2.748904228 0.330247134 0.915399849 0.230173633 -0.402133703 -0.776929080 0.125142708 0.617025495 -1.005806208
0.535777688 -0.389013082 0.749407172 2.819243670 0.319279701 0.914986134 0.246699870 -0.394160032 -0.781666636 0.107094206 0.614433169 -1.024937153
0.535547972 -0.397538990 0.745084643 2.890491962 0.314188987 0.912733495 0.261156738 -0.386786640 -0.783883691 0.094235435 0.613714933 -1.043003678
0.536413968 -0.398270905 0.744070172 2.963239670 0.301975310 0.913852513 0.271448970 -0.379363269 -0.788080573 0.079081766 0.610471249 -1.060467482
0.537788987 -0.393343925 0.745696604 3.038025379 0.285537779 0.917197049 0.277880847 -0.371843576 -0.793253481 0.063483298 0.605573058 -1.072706461
0.540407181 -0.374635845 0.753397703 3.113902807 0.260498554 0.925906718 0.273564070 -0.366082996 -0.800062895 0.048423029 0.597958684 -1.086522698
0.542384624 -0.353150278 0.762301624 3.190932035 0.233511522 0.934977710 0.267000079 -0.360923111 -0.807026207 0.033189505 0.589582205 -1.098148108
