1.000000000 0.000000000 0.000000000 0.000000238 0.000000000 1.000000000 0.000000000 -0.000000119 0.000000000 0.000000000 1.000000000 -0.000000089
1.000000000 -0.000077576 -0.000061391 -0.000045842 0.000077574 1.000000000 -0.000033999 0.000488501 0.000061394 0.000033995 1.000000000 0.000451728
1.000000000 -0.000083862 -0.000139312 -0.000076247 0.000083866 1.000000000 0.000029841 0.000870843 0.000139310 -0.000029853 1.000000000 0.000850343
0.999999940 -0.000188026 -0.000157353 -0.000088154 0.000188020 1.000000000 -0.000035308 0.001212538 0.000157360 0.000035279 1.000000000 0.001196950
0.999999940 -0.000243670 -0.000225418 -0.000087719 0.000243657 0.999999940 -0.000058254 0.001490247 0.000225432 0.000058199 1.000000000 0.001476325
0.999999940 -0.000267546 -0.000254233 -0.000083862 0.000267525 0.999999940 -0.000082657 0.001691534 0.000254255 0.000082589 0.999999940 0.001729488
0.999999940 -0.000212206 -0.000267748 -0.000070042 0.000212179 1.000000000 -0.000102887 0.001818325 0.000267770 0.000102831 0.999999940 0.001924296
0.999999940 -0.000279883 -0.000232641 -0.000060382 0.000279864 0.999999940 -0.000080778 0.001906449 0.000232663 0.000080713 0.999999940 0.002072146
0.999999881 -0.000320329 -0.000285565 -0.000064678 0.000320302 0.999999940 -0.000097194 0.001983291 0.000285596 0.000097102 0.999999940 0.002183314
0.999999940 -0.000301946 -0.000265443 -0.000077508 0.000301909 0.999999940 -0.000138587 0.002013821 0.000265485 0.000138507 0.999999940 0.002282133
0.999999881 -0.000413711 -0.000296573 -0.000097121 0.000413661 0.999999881 -0.000167655 0.001978918 0.000296642 0.000167532 0.999999940 0.002348786
0.999999881 -0.000436512 -0.000277641 -0.000093299 0.000436458 0.999999881 -0.000192878 0.001949529 0.000277725 0.000192757 0.999999940 0.002363943
0.999999762 -0.000567794 -0.000413921 -0.000088196 0.000567615 0.999999762 -0.000433328 0.002015228 0.000414167 0.000433093 0.999999821 0.002373788
0.999999523 -0.000787960 -0.000538092 -0.000090247 0.000787629 0.999999523 -0.000615962 0.002163783 0.000538577 0.000615537 0.999999642 0.002378825
0.999999523 -0.000794337 -0.000614607 -0.000061248 0.000793888 0.999999404 -0.000729231 0.002297380 0.000615186 0.000728743 0.999999523 0.002418905
0.999999464 -0.000812313 -0.000613087 -0.000001322 0.000811854 0.999999404 -0.000749423 0.002386729 0.000613695 0.000748925 0.999999523 0.002493710
0.999999523 -0.000602919 -0.000749021 0.000056873 0.000602287 0.999999464 -0.000844462 0.002457824 0.000749529 0.000844011 0.999999344 0.002624337
0.999999046 -0.000904892 -0.001047236 0.000015103 0.000903989 0.999999225 -0.000862129 0.002551012 0.001048015 0.000861182 0.999999106 0.002725733
0.999999225 -0.000801464 -0.000958484 0.000111074 0.000800351 0.999998987 -0.001161650 0.002278686 0.000959414 0.001160882 0.999998868 0.002851263
0.999999166 -0.000840739 -0.000982189 0.000123915 0.000839575 0.999998927 -0.001185450 0.002010697 0.000983184 0.001184624 0.999998808 0.002711271
0.999999106 -0.000939912 -0.000942226 -0.000028835 0.000938528 0.999998510 -0.001468251 0.002153890 0.000943605 0.001467366 0.999998450 0.002896886
0.999999225 -0.000746727 -0.000983298 -0.000167242 0.000745236 0.999998569 -0.001516425 0.002637968 0.000984429 0.001515691 0.999998391 0.004412471
0.999999225 -0.000982426 -0.000777000 0.000282020 0.000982322 0.999999523 -0.000133937 0.000038265 0.000777131 0.000133174 0.999999702 0.000295714
0.999997914 -0.001965435 -0.000536746 0.000317613 0.001965609 0.999998033 0.000323990 -0.000746329 0.000536108 -0.000325045 0.999999821 0.004442658
0.999999166 -0.001073680 -0.000729246 -0.000122511 0.001072563 0.999998271 -0.001531366 0.002536323 0.000730889 0.001530583 0.999998569 0.003404557
0.999999166 -0.001271513 -0.000082627 0.000071992 0.001271519 0.999999166 0.000070162 -0.000190631 0.000082538 -0.000070267 1.000000000 0.000176226
0.999999523 -0.001001462 -0.000072903 -0.000541096 0.001001373 0.999998748 -0.001207750 0.002575764 0.000074112 0.001207676 0.999999285 0.005469447
0.999999225 -0.001168150 -0.000392643 -0.000366752 0.001167696 0.999998629 -0.001152890 0.002584069 0.000393989 0.001152431 0.999999285 0.004002280
0.999999404 -0.000995432 -0.000450959 -0.000677093 0.000995005 0.999999046 -0.000948031 0.002620369 0.000451902 0.000947582 0.999999464 0.005802042
0.999998987 -0.001192852 -0.000791318 -0.000255046 0.001192466 0.999999166 -0.000488846 0.002004260 0.000791900 0.000487902 0.999999583 0.002323125
0.999999642 -0.000657861 -0.000484449 -0.000422742 0.000657374 0.999999285 -0.001004561 0.001753414 0.000485110 0.001004242 0.999999404 0.003083193
0.999999464 -0.000968674 -0.000391986 -0.000448024 0.000968357 0.999999225 -0.000808649 0.001884073 0.000392769 0.000808269 0.999999583 0.003336244
0.999999464 -0.000946965 -0.000437735 -0.000258881 0.000946853 0.999999523 -0.000253993 0.002566113 0.000437976 0.000253578 0.999999881 0.004156264
0.999999106 -0.001176334 0.000627128 0.000099779 0.001175425 0.999998271 0.001448028 0.000424090 -0.000628830 -0.001447289 0.999998748 0.001361962
0.999999702 -0.000739631 0.000101366 0.000076404 0.000739637 0.999999702 -0.000061583 0.002090467 -0.000101320 0.000061658 1.000000000 0.004576074
0.999999762 -0.000631726 -0.000189022 -0.000125342 0.000631655 0.999999702 -0.000375565 0.002380351 0.000189259 0.000375446 0.999999940 0.005561045
1.000000000 -0.000190923 -0.000030370 -0.000130303 0.000190904 0.999999821 -0.000611997 0.001541961 0.000030487 0.000611992 0.999999821 0.002314703
0.999999821 -0.000230334 -0.000594432 -0.000283059 0.000230231 0.999999940 -0.000172631 0.002110168 0.000594472 0.000172494 0.999999821 0.004892382
0.999999404 -0.000589200 -0.000913546 -0.000097878 0.000588647 0.999999642 -0.000605718 0.002527670 0.000913902 0.000605180 0.999999404 0.004509910
0.999999583 -0.000542710 -0.000733759 -0.000043818 0.000542095 0.999999523 -0.000838102 0.002380678 0.000734214 0.000837704 0.999999404 0.004017650
0.999999523 -0.000588032 -0.000805882 -0.000120124 0.000587371 0.999999464 -0.000819510 0.002338873 0.000806364 0.000819036 0.999999344 0.003569443
0.999999285 -0.000954723 -0.000756245 0.000662099 0.000955307 0.999999225 0.000772476 -0.000147644 0.000755507 -0.000773198 0.999999404 0.000488539
0.999999404 -0.000729693 -0.000817069 -0.000172098 0.000729011 0.999999404 -0.000833716 0.002313619 0.000817677 0.000833120 0.999999344 0.003136354
0.999999762 -0.000432771 -0.000480570 -0.000210528 0.000432390 0.999999583 -0.000791963 0.002336591 0.000480913 0.000791755 0.999999583 0.005345099
0.999999523 -0.000650259 -0.000736434 -0.000084744 0.000649659 0.999999464 -0.000814886 0.002325467 0.000736963 0.000814407 0.999999404 0.002945231
0.999999404 -0.000851990 -0.000667497 0.000007169 0.000851451 0.999999285 -0.000807003 0.002331818 0.000668184 0.000806435 0.999999464 0.002713721
0.999999523 -0.000813249 -0.000505480 -0.000045772 0.000812825 0.999999344 -0.000836768 0.002629544 0.000506160 0.000836357 0.999999523 0.003776062
0.999999344 -0.000863221 -0.000718290 -0.000004475 0.000862690 0.999999344 -0.000739322 0.002509244 0.000718927 0.000738702 0.999999464 0.003213754
0.999999523 -0.000657685 -0.000697677 -0.000134156 0.000657253 0.999999583 -0.000620520 0.002466100 0.000698085 0.000620061 0.999999583 0.004061513
0.999999583 -0.000678032 -0.000657878 0.000013344 0.000677496 0.999999464 -0.000814605 0.002351870 0.000658430 0.000814159 0.999999464 0.002660636
0.999999583 -0.000700290 -0.000549214 -0.000075694 0.000699942 0.999999583 -0.000633488 0.002133123 0.000549657 0.000633103 0.999999642 0.003131866
0.999999464 -0.000871849 -0.000603907 0.000102002 0.000871467 0.999999404 -0.000632873 0.002035600 0.000604458 0.000632347 0.999999642 0.001867006
0.999999344 -0.000944389 -0.000614200 0.000062418 0.000944006 0.999999344 -0.000623613 0.002164136 0.000614788 0.000623033 0.999999642 0.002183887
0.999999404 -0.000844916 -0.000715960 0.000087169 0.000844518 0.999999464 -0.000555259 0.001892057 0.000716429 0.000554654 0.999999583 0.002556976
0.999999940 -0.000293570 0.000076933 -0.000516807 0.000293655 0.999999344 -0.001105509 0.002000349 -0.000076608 0.001105532 0.999999404 0.002544197
0.999999464 -0.000895711 -0.000546297 -0.000138262 0.000895408 0.999999464 -0.000553052 0.002279059 0.000546792 0.000552562 0.999999702 0.002770775
0.999999344 -0.001018953 -0.000495031 -0.000192252 0.001018692 0.999999344 -0.000527101 0.002128726 0.000495568 0.000526597 0.999999762 0.003015846
0.999999464 -0.000890735 -0.000478565 -0.000364097 0.000890430 0.999999404 -0.000638035 0.002344130 0.000479133 0.000637609 0.999999702 0.004169580
0.999998868 -0.001501265 0.000026467 0.000183251 0.001501258 0.999998808 0.000275140 -0.000081380 -0.000026880 -0.000275100 0.999999940 0.000879350
0.999999821 -0.000606249 0.000108238 -0.000464962 0.000606348 0.999999404 -0.000919600 0.001870148 -0.000107680 0.000919665 0.999999583 0.003462015
0.999999821 -0.000636259 -0.000077090 -0.000221709 0.000636181 0.999999285 -0.001011426 0.001986002 0.000077733 0.001011377 0.999999464 0.001890536
0.999999404 -0.000988325 -0.000464011 -0.000274238 0.000988105 0.999999404 -0.000475699 0.002044665 0.000464481 0.000475240 0.999999762 0.003471505
0.999999642 -0.000712867 -0.000422082 -0.000072352 0.000712698 0.999999642 -0.000401040 0.002088387 0.000422367 0.000400739 0.999999821 0.002947363
0.999999881 -0.000386620 0.000216193 -0.000658758 0.000386810 0.999999523 -0.000882524 0.002015280 -0.000215851 0.000882608 0.999999583 0.003576651
0.999999404 -0.000977069 -0.000444981 -0.000197592 0.000976950 0.999999464 -0.000268777 0.002118953 0.000445244 0.000268342 0.999999881 0.003253972
0.999999881 -0.000391111 0.000223557 -0.000472293 0.000391259 0.999999702 -0.000661266 0.002103288 -0.000223299 0.000661353 0.999999762 0.003748663
0.999999821 -0.000513478 -0.000341156 -0.000510348 0.000513152 0.999999404 -0.000954324 0.001825092 0.000341645 0.000954149 0.999999464 0.003227045
0.999999881 -0.000488370 -0.000081065 -0.000151695 0.000488312 0.999999642 -0.000719824 0.001922503 0.000081417 0.000719784 0.999999762 0.003852548
0.999999940 -0.000383448 -0.000042333 -0.000302186 0.000383425 0.999999762 -0.000552294 0.001744269 0.000042544 0.000552277 0.999999821 0.003678319
0.999999762 -0.000593899 -0.000293375 -0.000366388 0.000593783 0.999999762 -0.000397855 0.001450418 0.000293611 0.000397681 0.999999881 0.003354006
0.999999762 -0.000555472 -0.000418975 -0.000508625 0.000555201 0.999999642 -0.000647523 0.001325900 0.000419335 0.000647291 0.999999702 0.002980178
0.999999762 -0.000625245 -0.000258160 -0.000466197 0.000625022 0.999999404 -0.000866065 0.001255507 0.000258701 0.000865904 0.999999583 0.002837076
0.999999762 -0.000687001 -0.000220461 -0.000526152 0.000686886 0.999999642 -0.000525267 0.001049707 0.000220822 0.000525116 0.999999821 0.003039572
0.999999523 -0.000987481 -0.000071203 0.000083557 0.000987578 0.999998569 0.001367932 -0.000856517 0.000069852 -0.001368002 0.999999046 0.000290186
0.999993205 -0.003690896 -0.000143334 0.001837726 0.003691355 0.999987602 0.003350483 -0.002795060 0.000130966 -0.003350989 0.999994397 -0.010290604
0.999999583 -0.000795468 -0.000377216 -0.000536655 0.000795320 0.999999583 -0.000392870 0.000624111 0.000377528 0.000392570 0.999999881 0.003037317
0.999999702 -0.000700835 -0.000371897 -0.000733988 0.000700828 0.999999762 -0.000018742 0.000571156 0.000371910 0.000018481 0.999999940 0.003133303
0.999999285 -0.001217973 0.000010324 -0.000223102 0.001217948 0.999996901 0.002181289 -0.001413216 -0.000012981 -0.002181276 0.999997616 0.000404568
0.999999583 -0.000824192 -0.000457949 -0.000469285 0.000824531 0.999999404 0.000740041 0.000583816 0.000457339 -0.000740419 0.999999642 0.003806959
0.999998450 -0.001632766 -0.000679241 0.000239035 0.001634459 0.999995530 0.002500746 -0.001895922 0.000675154 -0.002501852 0.999996662 -0.000207305
0.999999762 -0.000573614 -0.000453865 -0.000309413 0.000573835 0.999999702 0.000487332 0.000202319 0.000453586 -0.000487592 0.999999762 0.003829822
0.999999464 -0.000885198 -0.000574018 0.000729870 0.000886311 0.999997735 0.001942383 -0.002132404 0.000572298 -0.001942891 0.999997973 -0.000569358
0.999999523 -0.000976612 -0.000098475 0.000603212 0.000976810 0.999997437 0.002031177 -0.002136794 0.000096491 -0.002031272 0.999997914 -0.000740913
1.000000000 0.000014137 -0.000025266 -0.000244216 -0.000014115 0.999999642 0.000863083 0.000078178 0.000025278 -0.000863082 0.999999642 0.003007399
1.000000000 0.000007861 0.000089219 -0.000398634 -0.000007994 0.999998868 0.001493159 -0.000180257 -0.000089207 -0.001493160 0.999998868 0.002704049
0.999999523 -0.000878517 -0.000380572 -0.000050969 0.000879876 0.999993205 0.003585705 -0.002777103 0.000377419 -0.003586039 0.999993503 -0.000614692
0.999999940 -0.000398132 0.000062702 -0.000523237 0.000397826 0.999988377 0.004800356 -0.002491636 -0.000064613 -0.004800331 0.999988496 0.000835218
0.999999583 -0.000892538 -0.000111876 -0.000594183 0.000893324 0.999973416 0.007239282 -0.002756097 0.000105411 -0.007239379 0.999973774 0.001156696
0.999999404 -0.001068630 -0.000263952 0.000069297 0.001072082 0.999909043 0.013445627 -0.002770202 0.000249560 -0.013445903 0.999909580 -0.001140566
0.999993503 -0.003508565 -0.000858406 0.000038461 0.003527064 0.999738514 0.022592384 -0.004777041 0.000778915 -0.022595264 0.999744415 0.000414804
0.999979138 -0.006457338 -0.000185389 -0.001726758 0.006459980 0.999494791 0.031120025 -0.007361593 -0.000015657 -0.031120572 0.999515653 0.002134458
0.999947608 -0.010230266 -0.000392755 -0.003363886 0.010237683 0.999385297 0.033528976 -0.012133368 0.000049503 -0.033531241 0.999437690 0.002059061
0.999915540 -0.012990530 0.000446533 -0.004787831 0.012970881 0.999450982 0.030487029 -0.019023091 -0.000842330 -0.030478662 0.999535084 0.000892156
0.999858916 -0.016747933 0.001306274 -0.007594358 0.016708322 0.999522209 0.026003495 -0.028368995 -0.001741155 -0.025977999 0.999660969 0.002924323
0.999815702 -0.019014640 0.002636201 -0.010357733 0.018952483 0.999580920 0.021880733 -0.039086923 -0.003051150 -0.021826738 0.999757111 0.003548073
0.999768376 -0.021190962 0.003765178 -0.013036956 0.021119138 0.999611497 0.018188560 -0.050163705 -0.004149148 -0.018104831 0.999827504 0.003689413
0.999758065 -0.021211511 0.005816224 -0.015696913 0.021119105 0.999656618 0.015513587 -0.062334057 -0.006143293 -0.015387001 0.999862731 0.003715902
0.999766171 -0.020303991 0.007441203 -0.018732531 0.020224355 0.999738991 0.010625182 -0.074714005 -0.007654995 -0.010472205 0.999915838 0.003820764
0.999745905 -0.020739263 0.008834464 -0.023247255 0.020665398 0.999751389 0.008371655 -0.086453676 -0.009005888 -0.008186961 0.999925911 0.002863833
0.999761939 -0.019177437 0.010403471 -0.027193302 0.019096609 0.999787092 0.007813770 -0.099826388 -0.010551104 -0.007613239 0.999915361 0.002810518
0.999835789 -0.015180422 0.009895074 -0.032771263 0.015079467 0.999834299 0.010198547 -0.112877712 -0.010048253 -0.010047659 0.999899030 0.003526829
0.999862254 -0.016005609 0.004389863 -0.038691837 0.015944585 0.999780357 0.013600642 -0.125942990 -0.004606585 -0.013528774 0.999897897 0.002401936
0.999808669 -0.018815326 -0.005353568 -0.046199825 0.018892391 0.999713063 0.014728435 -0.141288266 0.005074912 -0.014826759 0.999877214 -0.002547484
0.999705195 -0.016144710 -0.018134214 -0.053449415 0.016424304 0.999746859 0.015376357 -0.158906341 0.017881379 -0.015669666 0.999717295 -0.005255640
0.999377847 -0.011959855 -0.033178885 -0.060920220 0.012585490 0.999745727 0.018712105 -0.178371280 0.032946650 -0.019118035 0.999274254 -0.008700403
0.998737752 -0.005970117 -0.049871977 -0.068653144 0.007191462 0.999677718 0.024346173 -0.198825657 0.049710553 -0.024674095 0.998458862 -0.012676599
0.997695923 0.001975115 -0.067815870 -0.076662228 0.000077065 0.999542534 0.030245110 -0.218833283 0.067844585 -0.030180648 0.997239292 -0.016774785
0.996209264 0.012261464 -0.086120486 -0.084950745 -0.009167007 0.999301195 0.036235742 -0.237129703 0.086504608 -0.035308912 0.995625556 -0.018923305
0.994259417 0.022171622 -0.104674190 -0.093606569 -0.018263204 0.999105096 0.038150933 -0.254178673 0.105426386 -0.036020238 0.993774533 -0.020737439
0.992123783 0.030436525 -0.121507354 -0.102558926 -0.026092554 0.998967767 0.037183467 -0.269643784 0.122513659 -0.033720162 0.991893828 -0.020399701
0.990073979 0.037636701 -0.135414094 -0.111943908 -0.033103634 0.998818636 0.035573799 -0.283488631 0.136593014 -0.030737994 0.990150273 -0.019052126
0.988372386 0.042170171 -0.146088004 -0.124470614 -0.037166175 0.998630702 0.036816224 -0.305398792 0.147440523 -0.030958608 0.988586307 -0.019126926
0.986644745 0.047275599 -0.155875385 -0.134209573 -0.042410064 0.998508036 0.034395419 -0.316138804 0.157268882 -0.027325377 0.987177730 -0.015108573
0.985068381 0.050786629 -0.164502159 -0.144569263 -0.046339296 0.998451948 0.030763343 -0.325491279 0.165809855 -0.022681084 0.985896885 -0.010209731
0.983522117 0.057575069 -0.171374962 -0.155302033 -0.053633273 0.998180687 0.027546678 -0.334890872 0.172649190 -0.017901368 0.984820724 -0.004377112
0.982089400 0.062560491 -0.177726358 -0.167027697 -0.058663961 0.997909844 0.027100522 -0.344845384 0.179050297 -0.016189005 0.983706713 0.001790457
0.980916619 0.063254736 -0.183851749 -0.178766534 -0.059670132 0.997905791 0.024970351 -0.356414586 0.185046226 -0.013523372 0.982636750 0.007493368
0.979930937 0.064693362 -0.188547552 -0.191073522 -0.061250012 0.997832954 0.024038441 -0.369094312 0.189694077 -0.012007474 0.981769800 0.013232034
0.979187310 0.062132485 -0.193214178 -0.205109537 -0.059262469 0.998029768 0.020604141 -0.384432763 0.194113702 -0.008724967 0.980940223 0.018195566
0.978577733 0.060101900 -0.196909443 -0.218487903 -0.058173846 0.998185098 0.015566498 -0.399276465 0.197487637 -0.003778048 0.980298102 0.023498407
0.978135109 0.061832462 -0.198565885 -0.231959745 -0.061445560 0.998077452 0.008115820 -0.415071845 0.198685959 0.004262622 0.980053961 0.029048147
0.977827609 0.065604754 -0.198869705 -0.245640457 -0.067495026 0.997715890 -0.002733449 -0.431754619 0.198236138 0.016095558 0.980022132 0.034377001
0.977664530 0.071819775 -0.197519720 -0.260065347 -0.075928681 0.997024596 -0.013298406 -0.449305624 0.195976913 0.027998790 0.980208695 0.038702920
0.977636337 0.078602485 -0.195061296 -0.274943084 -0.083304338 0.996395588 -0.016006097 -0.467674762 0.193100095 0.031897590 0.980660439 0.041892778
0.977533162 0.086078852 -0.192404017 -0.291714907 -0.090090990 0.995858967 -0.012185470 -0.489433229 0.190558359 0.029245570 0.981240153 0.042452253
0.977476418 0.094430901 -0.188739538 -0.308560222 -0.097075365 0.995265484 -0.004795295 -0.511437833 0.187393129 0.023009244 0.982015491 0.042060830
0.977425396 0.100020595 -0.186106220 -0.326815635 -0.101606019 0.994824171 0.001024201 -0.537334681 0.185245410 0.017908428 0.982529104 0.039543308
0.977772534 0.096313223 -0.186238244 -0.347013205 -0.096935511 0.995273888 0.005783723 -0.566395342 0.185915098 0.012397933 0.982487619 0.035115343
0.977952302 0.089508496 -0.188672990 -0.368603200 -0.089346401 0.995956421 0.009381503 -0.599017262 0.188749790 0.007682587 0.981995165 0.028924262
0.977363706 0.082862325 -0.194664001 -0.391756594 -0.082028560 0.996553421 0.012354615 -0.633372486 0.195016801 0.003893056 0.980792165 0.021496620
0.975968421 0.080584668 -0.202464223 -0.415560156 -0.079498194 0.996743500 0.013506191 -0.667933166 0.202893287 0.002913924 0.979196548 0.013332604
0.974390626 0.077988178 -0.210904464 -0.443291754 -0.076356143 0.996954083 0.015883621 -0.705388546 0.211500809 0.000626998 0.977377653 0.004440876
0.972644687 0.077755123 -0.218898177 -0.468871474 -0.076054409 0.996972084 0.016198289 -0.735380709 0.219494879 0.000892992 0.975613236 -0.002565795
0.970984399 0.076232940 -0.226666704 -0.494642526 -0.074836224 0.997086585 0.014761902 -0.761900723 0.227131680 0.002629301 0.973860502 -0.008884986
0.969060242 0.075397655 -0.235026389 -0.521384299 -0.074126676 0.997147024 0.014250848 -0.785380781 0.235430330 0.003611792 0.971884549 -0.014222196
0.966301978 0.076122880 -0.245898023 -0.549059868 -0.074728265 0.997090936 0.015011745 -0.807572424 0.246325418 0.003869655 0.969179451 -0.019633723
0.962301791 0.078380808 -0.260445178 -0.576979458 -0.076818839 0.996913671 0.016187632 -0.828857064 0.260910153 0.004429707 0.965352952 -0.025183171
0.957566619 0.080993570 -0.276597589 -0.605307639 -0.079466574 0.996696889 0.016744543 -0.849676490 0.277040154 0.005946249 0.960839927 -0.030801542
0.952870369 0.084312797 -0.291426420 -0.633539557 -0.082576886 0.996417105 0.018274426 -0.870331585 0.291923046 0.006651927 0.956418693 -0.036394954
0.948725641 0.091868192 -0.302456528 -0.662027299 -0.089606255 0.995747805 0.021377645 -0.890467882 0.303134352 0.006820471 0.952923417 -0.041524149
0.945170522 0.095967717 -0.312158376 -0.693774581 -0.090117790 0.995379329 0.033148568 -0.913085163 0.313897163 -0.003200029 0.949451625 -0.045889072
0.941569507 0.104638703 -0.320152551 -0.721926868 -0.092913143 0.994329572 0.051729027 -0.930941939 0.323749989 -0.018960100 0.945952654 -0.049725033
0.938565791 0.112596780 -0.326214939 -0.750543475 -0.092770502 0.992800891 0.075762823 -0.947387934 0.332397133 -0.040845271 0.942254663 -0.052998200
0.935920179 0.119130887 -0.331453204 -0.779363811 -0.092121117 0.991099656 0.096099749 -0.963585973 0.339951634 -0.059407860 0.938564658 -0.054814115
0.933431625 0.111894697 -0.340859205 -0.808457196 -0.078012273 0.990688443 0.111581743 -0.980225742 0.350170702 -0.077562734 0.933469057 -0.055303492
0.931019843 0.096197486 -0.352062643 -0.838591874 -0.061742753 0.992248654 0.107844725 -0.998467922 0.359708071 -0.078668267 0.929742634 -0.053285681
0.928751826 0.078327447 -0.362332433 -0.869004846 -0.047506202 0.994511664 0.093218505 -1.019371510 0.367645413 -0.069363818 0.927375615 -0.048850048
0.926851749 0.063571744 -0.370006084 -0.899465501 -0.038378000 0.996439815 0.075065523 -1.045035124 0.373460829 -0.055374518 0.925991714 -0.045326337
0.925679862 0.053064734 -0.374567628 -0.928909481 -0.033298798 0.997699440 0.059051100 -1.067259073 0.376839459 -0.042189766 0.925317287 -0.036513373
0.924920559 0.049766585 -0.376888871 -0.955680907 -0.034994990 0.998330832 0.045944393 -1.085492492 0.378546298 -0.029305691 0.925118327 -0.025816135
0.924259424 0.047319312 -0.378821075 -0.981320262 -0.036410879 0.998691440 0.035912178 -1.100637794 0.380024672 -0.019398961 0.924772918 -0.013103489
0.923689604 0.045722120 -0.380403697 -1.005772591 -0.037039503 0.998859823 0.030117970 -1.112876773 0.381347060 -0.013729692 0.924329996 0.001004439
0.922905028 0.042816877 -0.382639498 -1.029754162 -0.034317344 0.998989761 0.029014189 -1.122452974 0.383495241 -0.013646170 0.923442006 0.016339168
0.922286510 0.040195316 -0.384411156 -1.051983953 -0.030621311 0.999050319 0.030996816 -1.128892064 0.385291994 -0.016816771 0.922641456 0.032693807
0.922770202 0.045276802 -0.382681608 -1.072685599 -0.036629286 0.998882771 0.029857218 -1.134297729 0.383605897 -0.013533995 0.923397720 0.050852854
0.924028993 0.055080500 -0.378333986 -1.092005491 -0.048361991 0.998458207 0.027244966 -1.139824986 0.379251361 -0.006878153 0.925268114 0.068775989
0.925364316 0.062607244 -0.373873293 -1.109266520 -0.060665146 0.998013854 0.016972417 -1.145421624 0.374193311 0.006975405 0.927324533 0.086824380
0.925905168 0.070448644 -0.371128827 -1.129042149 -0.073686324 0.997266471 0.005468526 -1.157183766 0.370499581 0.022283781 0.928565264 0.113764212
0.926888943 0.071915142 -0.368381709 -1.145516515 -0.079990081 0.996773303 -0.006674683 -1.164097786 0.366713017 0.035653569 0.929650664 0.132290840
0.928019226 0.074338131 -0.365039885 -1.154165745 -0.086441703 0.996113479 -0.016903210 -1.164007306 0.362364590 0.047241170 0.930838406 0.136019200
0.928766310 0.074721441 -0.363056242 -1.169210196 -0.088944703 0.995780289 -0.022593491 -1.169523478 0.359836042 0.053276002 0.931493282 0.152427465
0.929527342 0.077499002 -0.360517502 -1.183804035 -0.093612731 0.995230973 -0.027422184 -1.174485326 0.356673002 0.059238695 0.932349265 0.167932108
0.930196524 0.081354365 -0.357932866 -1.197721839 -0.098551095 0.994678617 -0.030034799 -1.178726912 0.353584707 0.063212931 0.933264136 0.182231471
0.930514932 0.082045883 -0.356945962 -1.211308599 -0.100215122 0.994429171 -0.032673988 -1.182518125 0.352276713 0.066175014 0.933553457 0.195059165
0.930486977 0.081079163 -0.357239604 -1.224526286 -0.099852003 0.994407833 -0.034389347 -1.186231852 0.352453589 0.067669921 0.933379471 0.206444860
0.929130614 0.079773389 -0.361043662 -1.237269640 -0.099460267 0.994381130 -0.036246091 -1.189618230 0.356123537 0.069586851 0.931844234 0.215805441
0.927031517 0.077233166 -0.366943568 -1.249815941 -0.096373245 0.994760990 -0.034099244 -1.191537023 0.362387568 0.066974610 0.929618001 0.224256694
0.924888968 0.073557384 -0.373054624 -1.262050152 -0.090241157 0.995542049 -0.027431848 -1.193016887 0.369373739 0.059036292 0.927403748 0.231009394
0.922904372 0.065878212 -0.379351497 -1.273457885 -0.080660284 0.996471941 -0.023186803 -1.195236206 0.376485586 0.051997803 0.924962044 0.237888634
0.920855284 0.061953779 -0.384951055 -1.284306407 -0.074856773 0.997020662 -0.018607723 -1.195532560 0.382651329 0.045951210 0.922749400 0.242811233
0.918954492 0.055712689 -0.390408397 -1.294058800 -0.066878289 0.997647583 -0.015052117 -1.195790172 0.388651431 0.039942056 0.920518696 0.247195154
0.916749060 0.044608537 -0.396964997 -1.302354097 -0.054445136 0.998425007 -0.013538355 -1.195640564 0.395735830 0.034024090 0.917733908 0.250760108
0.914185584 0.030336760 -0.404158920 -1.309415102 -0.039878048 0.999088824 -0.015208919 -1.195527792 0.403329283 0.030020840 0.914562345 0.254584819
0.911409318 0.014399294 -0.411248952 -1.314282179 -0.024532672 0.999511302 -0.019372815 -1.195334673 0.410769016 0.027745599 0.911317170 0.257942230
0.908692181 -0.000327407 -0.417466670 -1.316685200 -0.011156006 0.999623537 -0.025067056 -1.194586396 0.417317718 0.027435498 0.908346415 0.261525959
0.906219125 -0.011320094 -0.422656745 -1.316896081 -0.001343650 0.999559343 -0.029652309 -1.192905545 0.422806174 0.027439393 0.905804634 0.265105873
0.904951692 -0.019523384 -0.425066322 -1.313691616 0.005972790 0.999431252 -0.033188224 -1.190621138 0.425472528 0.027494907 0.904553592 0.269092798
0.905501544 -0.025985381 -0.423546553 -1.307904720 0.012045359 0.999295056 -0.035556827 -1.184085250 0.424171925 0.027094994 0.905176282 0.272159934
0.907740772 -0.031374667 -0.418356687 -1.297664523 0.018220268 0.999207079 -0.035401631 -1.179214954 0.419135660 0.024512935 0.907592654 0.276464850
0.911750793 -0.038917899 -0.408895999 -1.284293056 0.027371829 0.999045134 -0.034053773 -1.172129750 0.409830838 0.019856324 0.911945403 0.281983584
0.917242587 -0.047261659 -0.395515323 -1.267952561 0.037356306 0.998766422 -0.032713182 -1.162355900 0.396573484 0.015230933 0.917876601 0.289166957
0.924003065 -0.054955781 -0.378415376 -1.248093486 0.047222488 0.998442948 -0.029693529 -1.149622440 0.379457980 0.009567200 0.925159514 0.297681987
0.931864798 -0.062900268 -0.357311517 -1.224744439 0.056329254 0.997997403 -0.028778967 -1.134464025 0.358406156 0.006691013 0.933541775 0.306741744
0.940866947 -0.069021322 -0.331670612 -1.198153019 0.061178185 0.997546077 -0.034044079 -1.118005037 0.333206505 0.011739944 0.942780793 0.316667229
0.950344026 -0.072285905 -0.302689523 -1.166855693 0.060349833 0.996992707 -0.048615556 -1.103190899 0.305293471 0.027934242 0.951848507 0.326863378
0.958578289 -0.076628931 -0.274327695 -1.132444859 0.062202387 0.996202588 -0.060920145 -1.090851307 0.277954221 0.041332889 0.959704638 0.334524989
0.966114819 -0.076733008 -0.246443108 -1.095192432 0.062039364 0.995832026 -0.066855341 -1.084626436 0.250545949 0.049300767 0.966848552 0.338510782
0.971785963 -0.074619383 -0.223749787 -1.054103851 0.061140850 0.995905817 -0.066583551 -1.077806830 0.227802128 0.051024713 0.972369611 0.340544134
0.976331949 -0.071816847 -0.204005480 -1.010650873 0.060180891 0.996217072 -0.062687732 -1.074509144 0.207735777 0.048926808 0.976960599 0.340334207
0.979550660 -0.071039990 -0.188238695 -0.964593589 0.062047187 0.996651649 -0.053250253 -1.073460340 0.191391304 0.040481642 0.980678678 0.336741477
0.981065094 -0.077613436 -0.177446991 -0.916315317 0.071180604 0.996564209 -0.042344853 -1.075942636 0.180123866 0.028912276 0.983218908 0.330227762
0.980973244 -0.091919377 -0.171003714 -0.866071761 0.087679833 0.995628238 -0.032197822 -1.082109928 0.173215732 0.016591623 0.984744132 0.321612269
0.980314612 -0.105215780 -0.167071566 -0.813785851 0.102936558 0.994438648 -0.022268463 -1.090775609 0.168485418 0.004632330 0.985693276 0.310919791
0.978823900 -0.120424539 -0.165534616 -0.758878052 0.120271310 0.992680252 -0.010986370 -1.102579832 0.165645987 -0.009155341 0.986142814 0.296560615
0.977663875 -0.131795183 -0.163717493 -0.699256897 0.133223757 0.991083384 -0.002271971 -1.117677927 0.162557110 -0.019589836 0.986504674 0.281314403
0.976485550 -0.141552389 -0.162600532 -0.635702968 0.144215167 0.989535511 0.004630339 -1.133642077 0.160243556 -0.027970918 0.986681104 0.264045060
0.977576137 -0.139200583 -0.158012971 -0.569326699 0.142694190 0.989706516 0.010927626 -1.152803779 0.154865339 -0.033230118 0.987376571 0.248831078
0.979587138 -0.131709754 -0.151860252 -0.499633044 0.135462940 0.990674913 0.014593676 -1.171377063 0.148522004 -0.034867212 0.988294244 0.234374717
0.982668459 -0.116449401 -0.144229889 -0.426955760 0.120387003 0.992548048 0.018851103 -1.187793374 0.140959889 -0.035887785 0.989364624 0.221019715
0.985062003 -0.103490591 -0.137631983 -0.352796972 0.107182160 0.994044840 0.019666830 -1.201920867 0.134777039 -0.034124739 0.990288138 0.208843738
0.987172127 -0.089864448 -0.131968170 -0.277309924 0.093475953 0.995391130 0.021418668 -1.212540627 0.129435182 -0.033479761 0.991022527 0.197134346
0.988882482 -0.077308707 -0.127022877 -0.200649023 0.080730475 0.996492982 0.022006804 -1.219826341 0.124876097 -0.032016762 0.991655648 0.186036199
0.990747869 -0.061250638 -0.121107601 -0.122114070 0.064192966 0.997726083 0.020541126 -1.224027634 0.119574048 -0.028125333 0.992426813 0.178996027
0.992068529 -0.045899063 -0.117018431 -0.043751646 0.048634745 0.998603582 0.020629499 -1.225481749 0.115908146 -0.026157040 0.992915452 0.171653226
0.993228555 -0.029572131 -0.112350211 0.035800036 0.032273494 0.999230206 0.022301594 -1.225524664 0.111604229 -0.025776515 0.993418396 0.169175759
0.993956625 -0.015361256 -0.108693622 0.114652172 0.017925633 0.999582648 0.022655027 -1.220803618 0.108300246 -0.024466516 0.993817091 0.164642513
0.994198918 -0.006350148 -0.107369177 0.192712128 0.008851004 0.999700129 0.022831645 -1.213614583 0.107192002 -0.023649521 0.993957043 0.161072791
0.994487822 0.001026497 -0.104847021 0.270253658 0.001385453 0.999736130 0.022929054 -1.203922272 0.104842894 -0.022947926 0.994224012 0.158879533
0.994944990 0.004245388 -0.100331776 0.347284347 -0.001847831 0.999710798 0.023977151 -1.191571474 0.100404553 -0.023670549 0.994665086 0.158130407
0.995576441 0.004892801 -0.093827412 0.424506038 -0.002561525 0.999685407 0.024950789 -1.177983522 0.093919978 -0.024600076 0.995275795 0.160472423
0.996468306 0.004529456 -0.083847448 0.500149667 -0.002420666 0.999678612 0.025234912 -1.161162615 0.083934799 -0.024942823 0.996159017 0.162652791
0.997436941 0.001351093 -0.071538664 0.575108171 0.000465471 0.999678016 0.025370000 -1.143974900 0.071549915 -0.025338275 0.997115135 0.165748537
0.998321533 -0.005740335 -0.057629731 0.649138689 0.007298958 0.999612272 0.026871523 -1.127287507 0.057453129 -0.027247058 0.997976303 0.169679821
0.999166548 -0.012020344 -0.039009362 0.709470809 0.013026612 0.999586225 0.025644744 -1.103043914 0.038684964 -0.026131531 0.998909712 0.189623192
0.999623895 -0.019532660 -0.019251000 0.782213688 0.020093678 0.999365926 0.029392963 -1.085932493 0.018664673 -0.029768730 0.999382555 0.194268540
0.999609292 -0.027713353 0.003633326 0.853879273 0.027550990 0.998860836 0.038961072 -1.068933368 -0.004708929 -0.038845751 0.999234140 0.200593933
0.998932123 -0.035200667 0.029926211 0.925040960 0.033667807 0.998168111 0.050267924 -1.051402926 -0.031640854 -0.049206693 0.998287320 0.206529632
0.997332990 -0.044185624 0.058091026 0.995385349 0.040539600 0.997220576 0.062511094 -1.033735275 -0.060691658 -0.059989389 0.996352255 0.213063806
0.994764984 -0.054017123 0.086745776 1.064063668 0.047576960 0.996072888 0.074667580 -1.016370296 -0.090438448 -0.070149593 0.993428349 0.222412616
0.991319776 -0.062934197 0.115431540 1.132426381 0.053327948 0.994995236 0.084501877 -0.999711335 -0.120171897 -0.077612653 0.989714622 0.231358409
0.987350464 -0.071090937 0.141722098 1.199540496 0.058429718 0.994081616 0.091584735 -0.983823240 -0.147394165 -0.082145445 0.985660732 0.245802388
0.983206928 -0.079748869 0.164147064 1.265188575 0.063798606 0.992914259 0.100254923 -0.968592465 -0.170979187 -0.088098988 0.981328011 0.257781684
0.978987038 -0.088437013 0.183747724 1.328574419 0.068489634 0.991320968 0.112213656 -0.954128742 -0.192076817 -0.097270906 0.976547420 0.272411168
0.975084424 -0.098424181 0.198804125 1.391698837 0.074486762 0.989419281 0.124503940 -0.940150619 -0.208954826 -0.106593579 0.972098589 0.287690550
0.971594751 -0.108067721 0.210535169 1.453293085 0.079808652 0.987155557 0.138399586 -0.926701486 -0.222787499 -0.117665783 0.967739880 0.306153595
0.968472540 -0.116972335 0.219951034 1.513697743 0.085037969 0.985104740 0.149456277 -0.915235281 -0.234157056 -0.126040116 0.963993967 0.326123923
0.965746164 -0.125151530 0.227313459 1.573856831 0.090167493 0.983268976 0.158277944 -0.905784726 -0.243319005 -0.132360026 0.960872889 0.348429263
0.963243663 -0.134704381 0.232414275 1.633606434 0.097791515 0.981658101 0.163658664 -0.898755670 -0.250196904 -0.134915039 0.958748877 0.374214858
0.960442305 -0.154639781 0.231596991 1.692928791 0.118119396 0.979350150 0.164076537 -0.893256724 -0.252187312 -0.130229950 0.958875239 0.402536750
0.957581997 -0.171977565 0.231215060 1.752265811 0.138056025 0.978101611 0.155749202 -0.889584005 -0.252937198 -0.117222011 0.960355043 0.433600098
0.955352783 -0.184388414 0.230872110 1.812914491 0.154630885 0.977844536 0.141100422 -0.887671411 -0.251774311 -0.099100724 0.962698698 0.467492282
0.954273283 -0.187529370 0.232798785 1.871307015 0.162230298 0.978980422 0.123606890 -0.887378395 -0.251085371 -0.080187738 0.964637816 0.501052439
0.954295814 -0.184511289 0.235106617 1.933536649 0.164592400 0.981086493 0.101875842 -0.886873662 -0.249457151 -0.058522936 0.966615856 0.537714243
0.955551028 -0.178043932 0.234994769 1.996668935 0.161832899 0.983000755 0.086715601 -0.885823369 -0.246439219 -0.044831298 0.968120813 0.575416028
0.958316982 -0.167412817 0.231519982 2.060000420 0.153862447 0.985201418 0.075528495 -0.884617150 -0.240738258 -0.036758013 0.969893754 0.614370406
0.962090969 -0.156507015 0.223352805 2.123166323 0.144785821 0.987121701 0.068028405 -0.883329332 -0.231123313 -0.033111196 0.972360849 0.653407633
0.966931403 -0.137876883 0.214554444 2.186533451 0.127863571 0.989978969 0.059937727 -0.881619215 -0.220668420 -0.030521978 0.974871218 0.692232192
0.972242117 -0.114841200 0.203854665 2.249070644 0.105578430 0.992845118 0.055783462 -0.878695011 -0.208802357 -0.032712381 0.977410614 0.730575979
0.977169156 -0.096556298 0.189254642 2.311771393 0.086911343 0.994488955 0.058635775 -0.875736296 -0.193873316 -0.040848698 0.980175734 0.772070229
0.981826842 -0.079529427 0.172311112 2.369969606 0.069495477 0.995558500 0.063511148 -0.872134447 -0.176596805 -0.050382111 0.982993007 0.807571173
0.985499442 -0.069371544 0.154849604 2.430384159 0.058808316 0.995684624 0.071789779 -0.869713366 -0.159161523 -0.061642345 0.985326231 0.847935796
0.988477290 -0.059151970 0.139332950 2.489910603 0.048036650 0.995487809 0.081832223 -0.868571699 -0.143544793 -0.074196212 0.986858547 0.888692021
0.990828216 -0.052343048 0.124577992 2.548091412 0.041149668 0.995019794 0.090787426 -0.868513167 -0.128709659 -0.084828392 0.988047540 0.931306481
0.992744267 -0.044334695 0.111773044 2.604980707 0.033304602 0.994561017 0.098687515 -0.869504631 -0.115540385 -0.094248906 0.988821328 0.974496245
0.994223356 -0.032902911 0.102162957 2.661285639 0.021986738 0.994102299 0.106194369 -0.871966660 -0.105054528 -0.103334703 0.989083171 1.020279408
0.995323837 -0.020729274 0.094344087 2.716452837 0.010161159 0.993751943 0.111147530 -0.875869870 -0.096058629 -0.109669141 0.989315629 1.067332745
0.996130645 -0.008583749 0.087464541 2.769728422 -0.001295088 0.993677020 0.112268947 -0.881563842 -0.087875187 -0.111947812 0.989821017 1.116355658
0.996591389 0.005593398 0.082306564 2.821248770 -0.014497221 0.994047046 0.107982934 -0.890003741 -0.081212610 -0.108808070 0.990739763 1.172673464
0.996488094 0.024202656 0.080160499 2.870580196 -0.032157470 0.994519591 0.099481933 -0.899672806 -0.077313468 -0.101710327 0.991805255 1.225414038
0.995897949 0.043143287 0.079535708 2.917443752 -0.050204240 0.994763017 0.089028597 -0.911031783 -0.075278193 -0.092656434 0.992848396 1.279569626
0.995069385 0.059423510 0.079408534 2.961546659 -0.065645121 0.994775414 0.078183137 -0.923513055 -0.074347742 -0.083010428 0.993771434 1.335335493
0.994245768 0.072406873 0.078946568 3.002779245 -0.077718079 0.994760633 0.066416651 -0.937465608 -0.073723920 -0.072170049 0.994663894 1.392173171
0.993635595 0.081422634 0.077837333 3.039513826 -0.085788615 0.994822025 0.054493014 -0.952692688 -0.072997332 -0.060823757 0.995475709 1.449493289
0.992967248 0.089692928 0.077273704 3.072583914 -0.092963539 0.994873106 0.039815139 -0.969155967 -0.073306389 -0.046718765 0.996214628 1.507716179
0.992797196 0.093161263 0.075330377 3.101715326 -0.095083900 0.995218456 0.022344504 -0.986970961 -0.072888538 -0.029346265 0.996908247 1.566040516
0.992990434 0.094543457 0.070933171 3.126309872 -0.094634160 0.995509923 -0.002088274 -1.006152630 -0.070812114 -0.004639065 0.997478902 1.623548865
0.993108332 0.097259909 0.065393694 3.141550779 -0.095851824 0.995097935 -0.024343085 -1.026767612 -0.067440741 0.017907213 0.997562587 1.684067607
0.992641628 0.104755886 0.060736004 3.157785416 -0.102070875 0.993724525 -0.045750465 -1.046327114 -0.065147489 0.039214436 0.997104824 1.739520311
0.991496563 0.116217762 0.058548849 3.170230865 -0.112245888 0.991412640 -0.067095354 -1.065480232 -0.065843746 0.059952945 0.996027231 1.792612076
0.989422619 0.132305324 0.059482895 3.178905964 -0.126816750 0.988002717 -0.088137247 -1.084312081 -0.070430286 0.079661556 0.994330764 1.843361855
0.987271607 0.147073954 0.060531352 3.183279276 -0.139945000 0.984170377 -0.108738728 -1.102790236 -0.075565793 0.098883606 0.992225707 1.891049147
0.985685229 0.157229304 0.060856767 3.181894064 -0.148066580 0.979922891 -0.133519337 -1.121875882 -0.080628090 0.122597180 0.989175916 1.934867859
0.984142661 0.166290879 0.061730273 3.177893400 -0.154625267 0.974798322 -0.160808310 -1.144228578 -0.086915515 0.148713246 0.985053360 1.985488415
0.983152568 0.172353998 0.060869902 3.165965557 -0.157998636 0.968765676 -0.191126823 -1.163558602 -0.091910139 0.178289473 0.979676187 2.019918203
0.983006179 0.173724905 0.059317306 3.148349762 -0.156963572 0.962986052 -0.219135299 -1.182387710 -0.095191002 0.206100687 0.973889709 2.048523903
0.984034121 0.168695375 0.056733370 3.124922752 -0.150244400 0.958237708 -0.243325070 -1.200666189 -0.095411867 0.230916306 0.968284190 2.070541859
0.988421202 0.143275812 0.049955696 3.096445084 -0.125983849 0.958412766 -0.256072283 -1.217443109 -0.084567145 0.246813655 0.965365946 2.085024595
0.993149996 0.109044641 0.041980814 3.061791420 -0.095000386 0.962729752 -0.253231883 -1.233058929 -0.068029754 0.247509047 0.966494322 2.091836929
0.996520758 0.075076625 0.036191594 3.023606777 -0.064687699 0.970529497 -0.232138008 -1.245772004 -0.052553143 0.228989184 0.972009301 2.091901064
