1.000000000 0.000000000 0.000000000 0.000000000 0.000000000 1.000000000 0.000000000 0.000000954 0.000000000 0.000000000 1.000000000 0.000001907
0.999999702 -0.000630096 0.000457153 -0.001696654 0.000630703 0.999998927 -0.001326909 -0.005305379 -0.000456317 0.001327197 0.999998987 -0.003201180
0.999989092 -0.003232357 -0.003367471 -0.000045918 0.003180345 0.999877334 -0.015337924 -0.002324778 0.003416635 0.015327048 0.999876678 -0.003935394
0.999937057 -0.006670211 -0.009020107 0.003988019 0.006382062 0.999480069 -0.031605143 -0.011501260 0.009226229 0.031545591 0.999459743 -0.008368783
0.999871314 -0.012461982 -0.010103959 -0.002524217 0.011927706 0.998611212 -0.051316790 -0.010736880 0.010729435 0.051189668 0.998631299 -0.009085684
0.999742746 -0.019263547 -0.011975432 -0.005819156 0.018451210 0.997740924 -0.064595915 -0.018741725 0.013192724 0.064358331 0.997839630 -0.012529305
0.999580562 -0.023964040 -0.016262947 -0.006941848 0.022751991 0.997215927 -0.071012579 -0.024206284 0.017919416 0.070612781 0.997342825 -0.015261031
0.999503970 -0.027729791 -0.014928506 -0.017571539 0.026564423 0.996956646 -0.073292747 -0.027948499 0.016915465 0.072859824 0.997198761 -0.019278156
0.999378324 -0.029590473 -0.019165574 -0.011335411 0.028190937 0.997177899 -0.069580734 -0.037164073 0.021170413 0.068997189 0.997392178 -0.025734127
0.999471784 -0.026308168 -0.019078285 -0.012076783 0.025056086 0.997690260 -0.063137300 -0.037574846 0.020695247 0.062625922 0.997822464 -0.027628360
0.999525130 -0.024990592 -0.018028129 -0.018092630 0.024099492 0.998553753 -0.048058450 -0.046467811 0.019203063 0.047601156 0.998681843 -0.039258894
0.999492764 -0.026236510 -0.018050369 -0.021943942 0.025456591 0.998786509 -0.042159494 -0.048197713 0.019134585 0.041678611 0.998947799 -0.046093710
0.999526381 -0.025278691 -0.017548310 -0.026003605 0.024797730 0.999324977 -0.027104650 -0.059833352 0.018221634 0.026656654 0.999478579 -0.054998964
0.999517918 -0.026002442 -0.016963160 -0.030944139 0.025778765 0.999579549 -0.013274106 -0.063137844 0.017301185 0.012830419 0.999768019 -0.063068964
0.999586761 -0.023607502 -0.016402429 -0.035548296 0.023673320 0.999712408 0.003830189 -0.070402481 0.016307289 -0.004216906 0.999858141 -0.070481420
0.999796867 -0.015920021 -0.012361277 -0.042530965 0.016098734 0.999765337 0.014495174 -0.086119592 0.012127612 -0.014691231 0.999818504 -0.078716442
0.999966383 -0.004255076 -0.007008138 -0.047907423 0.004282189 0.999983370 0.003858335 -0.087253563 0.006991604 -0.003888216 0.999967992 -0.075475283
0.999980927 0.003577009 -0.005039253 -0.045416519 -0.003603589 0.999979615 -0.005275513 -0.102263458 0.005020279 0.005293571 0.999973416 -0.082690902
0.999799907 0.019589437 0.004043013 -0.060746714 -0.019513590 0.999647260 -0.018016115 -0.111997597 -0.004394513 0.017933618 0.999829531 -0.087059319
0.999569416 0.028902285 0.005060465 -0.059984356 -0.028753635 0.999212980 -0.027325878 -0.121343546 -0.005846262 0.027168607 0.999613762 -0.091664635
0.999161839 0.038798776 0.013046957 -0.078890771 -0.038397830 0.998821318 -0.029692201 -0.144075602 -0.014183599 0.029166339 0.999473929 -0.101258084
0.998977602 0.042242978 0.016103173 -0.090880744 -0.041732956 0.998654246 -0.030791381 -0.160143048 -0.017382221 0.030087868 0.999396086 -0.111088589
0.999040246 0.040360399 0.017016908 -0.104412533 -0.039923586 0.998883069 -0.025271975 -0.174409777 -0.018017890 0.024568345 0.999535739 -0.116132237
0.999255657 0.034947045 0.016336251 -0.120292820 -0.034672305 0.999257386 -0.016808821 -0.186062738 -0.016911536 0.016229892 0.999725282 -0.125422969
0.999343336 0.032205120 0.016605496 -0.136323795 -0.032033339 0.999431551 -0.010509223 -0.194061071 -0.016934507 0.009970393 0.999806881 -0.127531901
0.999501765 0.027349100 0.015754418 -0.155233383 -0.027270399 0.999614656 -0.005188885 -0.202969372 -0.015890257 0.004756670 0.999862432 -0.135207966
0.999731004 0.019032514 0.013255932 -0.175290138 -0.019048369 0.999817967 0.001070692 -0.212115288 -0.013233141 -0.001322907 0.999911547 -0.137358993
0.999875844 0.011541986 0.010726839 -0.196718007 -0.011552484 0.999932826 0.000917150 -0.222591951 -0.010715533 -0.001040958 0.999942064 -0.144393608
0.999965608 0.002877410 0.007776170 -0.219139963 -0.002858514 0.999992967 -0.002440016 -0.234638095 -0.007783136 0.002417704 0.999966800 -0.146310896
0.999977350 -0.004135818 0.005305470 -0.242093712 0.004182492 0.999952376 -0.008816727 -0.247929350 -0.005268753 0.008838717 0.999947071 -0.152873889
0.999958098 -0.008461256 0.003489898 -0.265654087 0.008518282 0.999824882 -0.016662963 -0.260177463 -0.003348297 0.016691994 0.999855101 -0.149170101
0.999941170 -0.010430999 0.002979693 -0.289762318 0.010498429 0.999666631 -0.023589587 -0.275043130 -0.002732637 0.023619482 0.999717295 -0.154846698
0.999908090 -0.013439181 0.001788251 -0.314560086 0.013484095 0.999515057 -0.028067568 -0.291787028 -0.001410178 0.028089100 0.999604404 -0.161246419
0.999875844 -0.015730241 0.000939110 -0.339000314 0.015751908 0.999387503 -0.031248430 -0.307461381 -0.000446989 0.031259343 0.999511182 -0.167254895
0.999885738 -0.014995731 0.001921739 -0.364399999 0.015050167 0.999361098 -0.032416943 -0.322652996 -0.001434396 0.032442164 0.999472558 -0.168582618
0.999824166 -0.018731641 0.000864482 -0.389603019 0.018749857 0.999294221 -0.032550845 -0.338382244 -0.000254141 0.032561328 0.999469697 -0.174700364
0.999775708 -0.021174476 0.000410467 -0.415516466 0.021176647 0.999249578 -0.032431256 -0.353535354 0.000276556 0.032432672 0.999473870 -0.177633718
0.999683678 -0.025139837 -0.000728335 -0.440800577 0.025104390 0.999187589 -0.031527210 -0.368430287 0.001520332 0.031498950 0.999502599 -0.183945164
0.999678850 -0.025339918 0.000167010 -0.466177911 0.025331488 0.999127507 -0.033204030 -0.377837837 0.000674523 0.033197600 0.999448597 -0.174632296
0.999647975 -0.026531860 -0.000082106 -0.491514176 0.026514929 0.999111414 -0.032761794 -0.392008722 0.000951264 0.032748085 0.999463201 -0.180560201
0.999639988 -0.026831502 0.000098743 -0.517395020 0.026819723 0.999077737 -0.033532035 -0.405608773 0.000801063 0.033522610 0.999437630 -0.183912933
0.999639034 -0.026858985 0.000652386 -0.543052912 0.026865657 0.999063671 -0.033912379 -0.418613762 0.000259076 0.033917662 0.999424577 -0.190152526
0.999610126 -0.027915189 0.000563517 -0.568965971 0.027918762 0.999082267 -0.032482691 -0.431076497 0.000343760 0.032485761 0.999472141 -0.193304315
0.999594867 -0.028454326 0.000710503 -0.594570100 0.028462451 0.999076962 -0.032172643 -0.444247246 0.000205604 0.032179832 0.999482095 -0.199732289
0.999529123 -0.030675849 0.000743424 -0.620911956 0.030684358 0.999081075 -0.029924683 -0.456756830 0.000175224 0.029933404 0.999551892 -0.203404725
0.999566615 -0.029401578 0.001441450 -0.646431446 0.029432397 0.999070644 -0.031488750 -0.470151305 -0.000514292 0.031517532 0.999503076 -0.209280789
0.999564648 -0.029431745 0.002084162 -0.670377791 0.029481899 0.999093533 -0.030706409 -0.480368912 -0.001178530 0.030754484 0.999526262 -0.203624740
0.999523640 -0.030800749 0.001938283 -0.695727766 0.030844960 0.999076903 -0.029899191 -0.493282288 -0.001015577 0.029944737 0.999551058 -0.209144071
0.999501824 -0.031480398 0.002250005 -0.721831679 0.031532932 0.999071419 -0.029359298 -0.505636573 -0.001323673 0.029415620 0.999566376 -0.213087663
0.999486029 -0.031974833 0.002289601 -0.747119486 0.032028440 0.999053061 -0.029448116 -0.518109679 -0.001345835 0.029506313 0.999563694 -0.218329862
0.999501050 -0.031482011 0.002555306 -0.772738636 0.031542830 0.999083579 -0.028931616 -0.530095518 -0.001642139 0.028997781 0.999578118 -0.221335083
0.999452770 -0.033019185 0.001976230 -0.797830462 0.033063695 0.999001205 -0.030056736 -0.543061376 -0.000981807 0.030105630 0.999546230 -0.226226225
0.999318123 -0.036913007 0.000852527 -0.822303236 0.036922149 0.998890698 -0.029224999 -0.553684354 0.000227202 0.029236548 0.999572515 -0.228727713
0.999196470 -0.040076800 -0.000454372 -0.847256243 0.040047728 0.998793840 -0.028409325 -0.566352427 0.001592378 0.028368302 0.999596298 -0.233962670
0.998972118 -0.045201845 -0.003392186 -0.873758912 0.045101210 0.998658121 -0.025451699 -0.583658397 0.004538098 0.025272546 0.999670327 -0.235201538
0.998549461 -0.053411514 -0.006791964 -0.898471236 0.053237766 0.998302817 -0.023604650 -0.596125066 0.008041197 0.023208823 0.999698281 -0.239452705
0.997915328 -0.063654356 -0.010636838 -0.922431111 0.063370742 0.997672915 -0.025156606 -0.607270837 0.012213413 0.024430100 0.999626935 -0.243088886
0.996741593 -0.079102211 -0.015780384 -0.945791781 0.078670301 0.996552825 -0.026334088 -0.618878067 0.017809069 0.025006834 0.999528646 -0.246754214
0.995059192 -0.096862115 -0.021792743 -0.967955947 0.096149720 0.994863331 -0.031657152 -0.631016135 0.024747182 0.029405374 0.999261200 -0.251081616
0.992727280 -0.116966262 -0.028485520 -0.988414526 0.115897775 0.992584705 -0.036651701 -0.643545985 0.032561302 0.033083737 0.998922050 -0.255444974
0.990256786 -0.134825870 -0.034835473 -1.005135417 0.133437529 0.990269184 -0.039513767 -0.655112624 0.039823972 0.034480415 0.998611629 -0.259352386
0.988312900 -0.147390068 -0.038907096 -1.020060301 0.145692110 0.988378465 -0.043379411 -0.666520476 0.044848628 0.037203975 0.998300791 -0.264009058
0.986188352 -0.159882888 -0.043243986 -1.032201886 0.157886818 0.986375272 -0.046212275 -0.676481366 0.050043348 0.038746353 0.997995198 -0.267090619
0.984646440 -0.168372348 -0.046067353 -1.040715694 0.165995434 0.984789789 -0.051328469 -0.687163234 0.054008950 0.042893421 0.997618735 -0.272492170
0.982873917 -0.177712217 -0.048757244 -1.045595169 0.174864784 0.982910156 -0.057531945 -0.697518289 0.058148120 0.048020720 0.997152328 -0.277424157
0.981769323 -0.183355927 -0.050096456 -1.046047449 0.180055380 0.981574237 -0.063969031 -0.707730234 0.060902495 0.053782698 0.996693671 -0.283873469
0.981010020 -0.187173113 -0.050848756 -1.043271303 0.183517382 0.980592430 -0.068991736 -0.716598392 0.062775299 0.058349952 0.996320486 -0.290189296
0.979981720 -0.191873178 -0.053108305 -1.036145806 0.187946901 0.979603529 -0.071083352 -0.725456297 0.065664068 0.059678841 0.996055543 -0.298317283
0.979101896 -0.195482850 -0.056088734 -1.025414228 0.191662133 0.979174852 -0.066949733 -0.732161462 0.068008199 0.054800522 0.996178567 -0.305413157
0.977729976 -0.200940907 -0.060554828 -1.010242939 0.197350860 0.978469312 -0.060418997 -0.739305377 0.071391687 0.047122914 0.996334612 -0.314488947
0.976618409 -0.205474958 -0.063217826 -0.991779149 0.202383116 0.977924407 -0.052008856 -0.747252405 0.072508775 0.037998583 0.996643662 -0.319663376
0.974004626 -0.215786755 -0.068927698 -0.968334854 0.212929159 0.975960374 -0.046502717 -0.753659666 0.077305369 0.030617148 0.996537268 -0.329764396
0.969755113 -0.231731564 -0.076651499 -0.939755142 0.228871018 0.972446978 -0.044328146 -0.759759009 0.084811747 0.025444143 0.996072054 -0.343314111
0.965695262 -0.245971695 -0.083250135 -0.906649470 0.243371144 0.969098866 -0.040222708 -0.765547216 0.090571254 0.018582199 0.995716572 -0.353839576
0.962565780 -0.256298482 -0.088193923 -0.868116796 0.253939152 0.966504693 -0.037196867 -0.771996379 0.094773337 0.013408543 0.995408595 -0.362377286
0.961419225 -0.260186106 -0.089309938 -0.823593557 0.257924527 0.965486825 -0.036195695 -0.777144253 0.095645182 0.011764018 0.995345950 -0.372033477
0.961991906 -0.258535326 -0.087926403 -0.773970425 0.256296694 0.965925395 -0.036058351 -0.782212436 0.094252706 0.012152599 0.995474160 -0.380689085
0.965554953 -0.246374339 -0.083686143 -0.717932761 0.244476020 0.969114482 -0.032382037 -0.785935998 0.089079559 0.010807387 0.995965898 -0.389470428
0.972820461 -0.219576761 -0.073527798 -0.661636412 0.218279764 0.975557387 -0.025333270 -0.792196989 0.077293187 0.008595093 0.996971369 -0.393928915
0.980287194 -0.187577173 -0.062063154 -0.595712125 0.186657533 0.982214272 -0.020349845 -0.794742763 0.064776480 0.008364137 0.997864723 -0.401248842
0.987425983 -0.150420681 -0.048616294 -0.527035177 0.149827108 0.988588333 -0.015652142 -0.797561049 0.050415907 0.008171293 0.998694897 -0.408101141
0.991671085 -0.122982830 -0.038258001 -0.455489874 0.122682512 0.992394447 -0.010109704 -0.800465345 0.039210349 0.005331913 0.999216735 -0.415003210
0.994358599 -0.101792596 -0.029819950 -0.383484185 0.101562314 0.994787157 -0.009141782 -0.805510700 0.030595072 0.006061627 0.999513507 -0.420592844
0.995919108 -0.086908177 -0.024332847 -0.309679687 0.086753473 0.996202707 -0.007344653 -0.808960974 0.024878759 0.005203722 0.999676943 -0.426608354
0.996198833 -0.084166981 -0.022445826 -0.235988200 0.084047474 0.996442378 -0.006217068 -0.813556850 0.022889243 0.004306920 0.999728739 -0.431075096
0.995556772 -0.091047570 -0.024022525 -0.161845177 0.090914100 0.995836914 -0.006593079 -0.817776382 0.024522802 0.004379798 0.999689698 -0.435805917
0.994943976 -0.097117044 -0.025588546 -0.095871948 0.096971013 0.995263338 -0.006890090 -0.821350217 0.026136488 0.004373906 0.999648809 -0.444596231
0.993138969 -0.112935647 -0.030340325 -0.020469841 0.112729594 0.993589997 -0.008423562 -0.825634897 0.031097163 0.004945516 0.999504149 -0.448603898
0.991785944 -0.123452753 -0.033467129 0.055861197 0.123133153 0.992324054 -0.011456139 -0.829982579 0.034624524 0.007241125 0.999374151 -0.451922446
0.990796089 -0.130757794 -0.035007246 0.134197906 0.130264655 0.991349757 -0.016025476 -0.833917916 0.036799878 0.011317773 0.999258578 -0.454891086
0.990212262 -0.135060519 -0.035189942 0.213541687 0.134279460 0.990660131 -0.023697317 -0.837026000 0.038061842 0.018740088 0.999099672 -0.457410395
0.991262197 -0.127991602 -0.031897489 0.295739710 0.127066776 0.991454959 -0.029513916 -0.840519190 0.035402458 0.025202917 0.999055266 -0.459927469
0.991960883 -0.123055518 -0.029511662 0.378342420 0.122000694 0.991904855 -0.035221558 -0.843317330 0.033606969 0.031337965 0.998943686 -0.462806493
0.993317425 -0.112763360 -0.024595631 0.463722855 0.111573711 0.992722332 -0.045317110 -0.846638322 0.029526742 0.042270046 0.998669803 -0.464827418
0.994519651 -0.102956228 -0.018184312 0.548564196 0.101725288 0.993058503 -0.059048761 -0.847660124 0.024137523 0.056875352 0.998089433 -0.472092271
0.995613098 -0.093099773 -0.009323772 0.636161804 0.092184544 0.993093729 -0.072573237 -0.850210547 0.016015930 0.071395360 0.997319520 -0.475053638
0.996109664 -0.088114247 0.001165798 0.724332333 0.087897152 0.992537200 -0.084522314 -0.851752698 0.006290523 0.084295966 0.996420920 -0.478556514
0.996546805 -0.081769079 0.014430513 0.813081145 0.082751304 0.992351055 -0.091605686 -0.853025973 -0.006829622 0.092483498 0.995690823 -0.483601481
0.996548772 -0.077626273 0.029405672 0.900322378 0.080030262 0.992530525 -0.092078060 -0.851590455 -0.022038352 0.094113618 0.995317519 -0.489379376
0.996056497 -0.075932816 0.045888096 0.989325285 0.079777524 0.992853582 -0.088754006 -0.848883569 -0.038820818 0.092064835 0.994996011 -0.496641397
0.995087326 -0.075964779 0.063487157 1.074834585 0.080973148 0.993464887 -0.080441579 -0.845625699 -0.056961533 0.085187152 0.994735420 -0.504735470
0.993577600 -0.078431629 0.081559792 1.162899733 0.083970003 0.994223475 -0.066848427 -0.839214623 -0.075845629 0.073267668 0.994424105 -0.513886273
0.991364717 -0.084325127 0.100425683 1.250280499 0.089884080 0.994584799 -0.052172080 -0.835264444 -0.095482446 0.060748227 0.993575752 -0.518533468
0.988725662 -0.090000682 0.119672298 1.336363554 0.094922550 0.994830847 -0.036072686 -0.826790154 -0.115807131 0.047025591 0.992157876 -0.528828025
0.985552430 -0.095297091 0.140017569 1.420603991 0.099625789 0.994730115 -0.024222322 -0.819034696 -0.136971384 0.037821729 0.989852667 -0.538016796
0.981655538 -0.102352597 0.160861164 1.504383445 0.105735771 0.994314551 -0.012591209 -0.808920145 -0.158657849 0.029369008 0.986896753 -0.547481358
0.977028489 -0.108191058 0.183603093 1.587344766 0.112353340 0.993591070 -0.012389462 -0.798178434 -0.181085959 0.032733273 0.982922375 -0.553061128
0.971949339 -0.114928044 0.205197439 1.669240355 0.119982548 0.992699564 -0.012319550 -0.783799767 -0.202283546 0.036594089 0.978643060 -0.561044157
0.966972470 -0.120146655 0.224786714 1.749954820 0.124990262 0.992130458 -0.007389151 -0.767125189 -0.222129956 0.035241254 0.974379957 -0.564911008
0.962167740 -0.125660554 0.241749212 1.829661131 0.130118325 0.991495311 -0.002497621 -0.746243358 -0.239379361 0.033859134 0.970335543 -0.571785092
0.957807839 -0.129795134 0.256431937 1.910689235 0.133063078 0.991096675 0.004643236 -0.736266375 -0.254751503 0.029674288 0.966551125 -0.559555829
0.953855395 -0.135931849 0.267735660 1.987952352 0.138219774 0.990347207 0.010376119 -0.710116625 -0.266561687 0.027109038 0.963436544 -0.564186931
0.950611949 -0.137575284 0.278226495 2.064352989 0.138814345 0.990199566 0.015341545 -0.683913291 -0.277610362 0.024037974 0.960392952 -0.561736047
0.947793841 -0.141168803 0.285933822 2.139457941 0.142564714 0.989655495 0.016040441 -0.653536439 -0.285240382 0.025561038 0.958115101 -0.563618183
0.945555985 -0.144049123 0.291845381 2.212763786 0.143803254 0.989352465 0.022413621 -0.622238576 -0.291966617 0.020774985 0.956202865 -0.560409963
0.943713665 -0.149095401 0.295254260 2.285744429 0.145938709 0.988748729 0.032831080 -0.588568211 -0.296827227 0.012105886 0.954854488 -0.559853733
0.942371130 -0.151258603 0.298424959 2.357987165 0.143920854 0.988493800 0.046548802 -0.559771061 -0.302032113 -0.000916675 0.953297317 -0.552679121
0.941752672 -0.147431165 0.302268058 2.429794788 0.135205179 0.988931715 0.061103068 -0.528744817 -0.307930976 -0.016675770 0.951262534 -0.551358700
0.941558897 -0.143703133 0.304657668 2.500816822 0.127114505 0.989145160 0.073713794 -0.502860904 -0.311943561 -0.030679474 0.949605167 -0.545768023
0.941579461 -0.142366141 0.305221289 2.570249081 0.120120913 0.988619626 0.090565719 -0.477944613 -0.314641267 -0.048611365 0.947965086 -0.544398129
0.941952348 -0.137728274 0.306197166 2.637146950 0.110691078 0.988391817 0.104062945 -0.459025800 -0.316975176 -0.064129040 0.946263313 -0.538368225
0.942529678 -0.129888713 0.307842016 2.704235792 0.099724233 0.988709688 0.111840449 -0.443297058 -0.318893194 -0.074713640 0.944841266 -0.533791602
0.942965388 -0.127451584 0.307526171 2.769031525 0.096702054 0.988843560 0.113300882 -0.435374022 -0.318535686 -0.077100404 0.944770098 -0.525345385
0.943796575 -0.126895711 0.305197448 2.833111763 0.096257150 0.988865733 0.113486052 -0.428274512 -0.316200167 -0.077730313 0.945502758 -0.516757131
0.944488287 -0.127291098 0.302884161 2.895650864 0.097343639 0.988922060 0.112059519 -0.424730748 -0.313793004 -0.076355055 0.946416318 -0.503172278
0.945262492 -0.130834639 0.298933238 2.957518339 0.101119265 0.988451362 0.112866104 -0.420602828 -0.310247749 -0.076460183 0.947575927 -0.489068478
0.946031988 -0.128836721 0.297362775 3.026801109 0.099984959 0.988851726 0.110341504 -0.416618228 -0.308263749 -0.074654788 0.948367119 -0.465925097
0.947010458 -0.123483047 0.296518296 3.086377621 0.095260054 0.989590645 0.107869908 -0.414692134 -0.306751817 -0.073907584 0.948915720 -0.446446389
0.947849572 -0.114030346 0.297621131 3.144573450 0.087465510 0.991019666 0.101142585 -0.414571911 -0.306481719 -0.069836378 0.949311256 -0.423520029
0.948453546 -0.100995466 0.300392717 3.201523781 0.077165544 0.992930293 0.090193659 -0.416004837 -0.307378203 -0.062364522 0.949541628 -0.398842424
0.948858559 -0.084196717 0.304266959 3.259595633 0.063316151 0.994950831 0.077870831 -0.416265368 -0.309287161 -0.054623395 0.949398637 -0.366253346
0.949021816 -0.067707375 0.307852775 3.312577724 0.048929140 0.996462762 0.068321802 -0.420451760 -0.311389714 -0.049775910 0.948977768 -0.338427454
0.948667943 -0.050412044 0.312230319 3.363368511 0.032851771 0.997581542 0.061251909 -0.424179256 -0.314563066 -0.047850408 0.948029757 -0.307745457
0.948263347 -0.037959106 0.315207541 3.410992861 0.021858197 0.998276651 0.054460522 -0.430386305 -0.316731572 -0.044753049 0.947458863 -0.276376426
0.948174655 -0.028666684 0.316453934 3.455889702 0.013193863 0.998615086 0.050929684 -0.435431719 -0.317475677 -0.044114988 0.947239697 -0.241211489
0.947669387 -0.021763168 0.318510830 3.496880770 0.006719667 0.998812497 0.048253622 -0.443494767 -0.319182754 -0.043588195 0.946690261 -0.207054511
0.947126567 -0.013966080 0.320556074 3.539471865 -0.000954014 0.998925269 0.046340231 -0.450660199 -0.320858747 -0.044195879 0.946095347 -0.163977027
0.947068393 -0.009058230 0.320904106 3.573373079 -0.005326294 0.999020934 0.043918811 -0.460660547 -0.320987731 -0.043303348 0.946092844 -0.126727462
0.946612239 -0.004348184 0.322345167 3.605492353 -0.010056131 0.999024153 0.043007310 -0.470566720 -0.322217613 -0.043952789 0.945644736 -0.084227055
0.946724474 -0.003731660 0.322023064 3.632062912 -0.011124418 0.998957157 0.044281080 -0.482679069 -0.321852475 -0.045504302 0.945695698 -0.043830004
0.946439266 -0.001144280 0.322879881 3.655315161 -0.014012972 0.998905957 0.044615526 -0.494618416 -0.322577685 -0.046750393 0.945387781 -0.000881646
0.947110236 -0.006618757 0.320840150 3.673817158 -0.008738737 0.998884559 0.046402920 -0.509024918 -0.320789427 -0.046752419 0.945995986 0.042494066
0.949222386 -0.027693391 0.313384742 3.688685656 0.013683494 0.998809755 0.046817053 -0.523448050 -0.314308256 -0.040151592 0.948471487 0.087818958
0.950810611 -0.047834106 0.306057304 3.699542284 0.037951633 0.998550594 0.038162660 -0.541933775 -0.307439178 -0.024670091 0.951247871 0.133253783
0.951634228 -0.062641837 0.300779462 3.709567070 0.057609621 0.998011410 0.025580140 -0.559874058 -0.301783741 -0.007015144 0.953350604 0.180880040
0.952097893 -0.080217257 0.295084447 3.716461182 0.080939010 0.996671021 0.009788226 -0.580197752 -0.294887275 0.014564494 0.955421031 0.227488413
0.952002347 -0.099303387 0.289534718 3.722690582 0.106144674 0.994318664 -0.007980959 -0.603965640 -0.287097245 0.038330458 0.957134247 0.283761263
0.951581538 -0.111595146 0.286424786 3.727259874 0.125533700 0.991613925 -0.030710496 -0.624266684 -0.280595690 0.065179497 0.957610428 0.329847872
0.951138198 -0.113570422 0.287119985 3.731312990 0.134580314 0.989404857 -0.054462805 -0.644226789 -0.277892530 0.090442345 0.956345081 0.377855241
0.950767040 -0.105755858 0.291303486 3.734790087 0.133802474 0.987929881 -0.078047886 -0.662977278 -0.279533416 0.113182485 0.953441560 0.420777828
0.950499952 -0.097901702 0.294898450 3.736614704 0.131453276 0.986649394 -0.096140459 -0.683224976 -0.281549096 0.130146861 0.950679719 0.465668678
0.949978948 -0.089180902 0.299310565 3.738201618 0.126939937 0.985887349 -0.109143987 -0.699776292 -0.285352945 0.141678944 0.947892785 0.503494024
0.949628830 -0.081237189 0.302664220 3.737422228 0.123477630 0.984679461 -0.123124316 -0.716354012 -0.288024962 0.154294655 0.945110977 0.539427340
0.949434340 -0.077042587 0.304366320 3.735473633 0.124243937 0.982485473 -0.138872921 -0.732567906 -0.288336366 0.169666380 0.942377567 0.570392013
0.948994517 -0.070054494 0.307411462 3.731635094 0.121854104 0.980735421 -0.152674735 -0.748378515 -0.290793747 0.182346821 0.939248979 0.598299682
0.948810041 -0.068187229 0.308399171 3.725872040 0.124222822 0.978290796 -0.165878922 -0.763245642 -0.290393263 0.195697784 0.936682522 0.621412694
0.948244631 -0.064695761 0.310880363 3.718895197 0.125007898 0.976024628 -0.178182408 -0.778274536 -0.291899264 0.207823023 0.933597565 0.641853809
0.947954178 -0.065204024 0.311658889 3.709123611 0.128504813 0.973897398 -0.187110528 -0.791457474 -0.291323453 0.217421874 0.931589186 0.655418217
0.947330832 -0.067379266 0.313088447 3.694612741 0.132200718 0.972711205 -0.190672144 -0.810836196 -0.291697294 0.222020105 0.930386901 0.673145413
0.946786821 -0.073192015 0.313428938 3.680933475 0.137310028 0.972589493 -0.187658280 -0.820897043 -0.291102588 0.220709324 0.930884898 0.676738799
0.946307957 -0.081462637 0.312833935 3.665162325 0.142240539 0.973940849 -0.176654652 -0.830270529 -0.290290982 0.211667374 0.933235288 0.677438319
0.945949793 -0.093983069 0.310396880 3.648271799 0.148532584 0.976359665 -0.157034755 -0.836344838 -0.288300365 0.194651037 0.937546730 0.672432303
0.945378661 -0.102700442 0.309373289 3.628752470 0.150358319 0.979464829 -0.134316966 -0.842268288 -0.289225847 0.173497245 0.941406965 0.665886939
0.944956005 -0.109160602 0.308451086 3.609951496 0.151061952 0.981772661 -0.115337618 -0.845960975 -0.290238529 0.155584201 0.944221973 0.653581560
0.944469929 -0.110730514 0.309378833 3.588268757 0.149174914 0.983386099 -0.103434302 -0.852498412 -0.292785496 0.143842161 0.945296824 0.642692804
0.944134533 -0.107505903 0.311532468 3.568161488 0.144498572 0.984626472 -0.098137252 -0.856061161 -0.296192795 0.137670770 0.945154250 0.625098228
0.943930864 -0.109763034 0.311362475 3.545710325 0.145529017 0.984878957 -0.093993478 -0.860162854 -0.296337336 0.134035617 0.945631325 0.607306480
0.943752587 -0.110826567 0.311526090 3.523180962 0.143647209 0.986024201 -0.084390216 -0.861024380 -0.297819585 0.124393336 0.946482837 0.585780084
0.943604350 -0.113944985 0.310849398 3.498857260 0.143213183 0.987000525 -0.072938293 -0.861388385 -0.298497587 0.113342628 0.947656393 0.563071012
0.943715811 -0.116548270 0.309543192 3.474311113 0.141763300 0.988069952 -0.060173921 -0.860503852 -0.298837185 0.100668944 0.948979497 0.538329184
0.943948686 -0.116350926 0.308906764 3.449263096 0.138294548 0.989126265 -0.050038368 -0.859584868 -0.299725801 0.089953765 0.949775100 0.513327479
0.944126487 -0.119490609 0.307159871 3.423142672 0.139354482 0.989287198 -0.043487899 -0.857075572 -0.298672944 0.083862178 0.950663745 0.486440510
0.944321096 -0.121343523 0.305832297 3.397134304 0.139643580 0.989449203 -0.038600009 -0.854737043 -0.297921687 0.079158321 0.951302588 0.460267514
0.944543123 -0.121819578 0.304956228 3.370036125 0.140402704 0.989299059 -0.039679192 -0.851497054 -0.296859235 0.080295384 0.951539397 0.431406319
0.944631577 -0.119688392 0.305525601 3.343768597 0.139314055 0.989306450 -0.043177933 -0.847834229 -0.297090530 0.083351240 0.951204419 0.402959794
0.945017934 -0.112962700 0.306888521 3.315716743 0.132771194 0.990152478 -0.044383734 -0.842512965 -0.298852742 0.082689375 0.950709999 0.372948915
0.945583522 -0.105445787 0.307819784 3.286969185 0.125426933 0.991044819 -0.045806471 -0.836328328 -0.300233126 0.081922740 0.950341403 0.343063414
0.945782185 -0.096801333 0.310041159 3.257502556 0.115337528 0.992438972 -0.041977547 -0.829226315 -0.303633481 0.075460993 0.949795961 0.312388957
0.946114004 -0.093023106 0.310185492 3.226424694 0.109134540 0.993412077 -0.034957916 -0.821540773 -0.304890156 0.066926114 0.950033128 0.280569494
0.946309626 -0.087784529 0.311114103 3.194474459 0.100711912 0.994583666 -0.025699906 -0.813369334 -0.307172924 0.055652961 0.950025022 0.248971671
0.946614802 -0.086333871 0.310591131 3.162152529 0.096430913 0.995189846 -0.017271414 -0.805897892 -0.307606012 0.046299964 0.950386703 0.216091692
0.946895897 -0.085931361 0.309845150 3.127569914 0.094053671 0.995502532 -0.011341644 -0.798554003 -0.307476997 0.039881431 0.950719416 0.183833361
0.947450817 -0.095567957 0.305292934 3.092964172 0.101339445 0.994847178 -0.003074490 -0.790616393 -0.303425997 0.033851139 0.952253520 0.152015060
0.947715282 -0.109826632 0.299622864 3.055320024 0.113365404 0.993537545 0.005602916 -0.784272671 -0.298301905 0.028656892 0.954041302 0.119448416
0.948443651 -0.121769182 0.292620748 3.017775774 0.122894295 0.992312253 0.014608447 -0.778540015 -0.292149991 0.022106130 0.956116974 0.087091170
0.949947357 -0.130786449 0.283716172 2.978926659 0.130135298 0.991268933 0.021228474 -0.772817254 -0.284015447 0.016755555 0.958673298 0.054988679
0.952181578 -0.138285607 0.272447050 2.939045906 0.135730058 0.990341604 0.028300274 -0.766534150 -0.273729146 0.010032247 0.961754501 0.022389416
0.955633283 -0.141686454 0.258244127 2.899771214 0.136433735 0.989910722 0.038244180 -0.758622468 -0.261057287 -0.001314210 0.965322435 -0.008320831
0.959844947 -0.140977427 0.242534503 2.861588717 0.133555874 0.989932775 0.046860371 -0.748642862 -0.246699110 -0.012586784 0.969010353 -0.036292966
0.964347303 -0.140043244 0.224548876 2.823409319 0.131173864 0.989886582 0.054018378 -0.736756861 -0.229842842 -0.022637531 0.972964466 -0.062217236
0.969228745 -0.134584606 0.206113085 2.788928747 0.124203525 0.990282416 0.062563457 -0.719929516 -0.212530240 -0.035038337 0.976526082 -0.082859665
0.973945141 -0.127061158 0.187846467 2.751145363 0.116497412 0.990976214 0.066290841 -0.704330325 -0.194574371 -0.042680021 0.979958773 -0.104008362
0.978913963 -0.111058436 0.171445414 2.715946913 0.100894667 0.992643476 0.066926450 -0.688238978 -0.177616909 -0.048217308 0.982917786 -0.122387871
0.983510673 -0.098789461 0.151484057 2.679249287 0.090168379 0.993946016 0.062777683 -0.674670815 -0.156768754 -0.048083451 0.986464143 -0.139824912
0.987855017 -0.080877148 0.132670015 2.644647360 0.073557250 0.995533288 0.059184384 -0.660409510 -0.136864096 -0.048706751 0.989391685 -0.155855119
0.991541266 -0.062713698 0.113635153 2.609079361 0.056787297 0.996888757 0.054662921 -0.648124814 -0.116709724 -0.047747508 0.992017627 -0.169795439
0.994301021 -0.043906871 0.097147539 2.573917627 0.039119612 0.997950196 0.050646655 -0.636087298 -0.099172145 -0.046557650 0.993980527 -0.183233351
0.996163011 -0.035177365 0.080136150 2.538159132 0.031205231 0.998246968 0.050291885 -0.626123786 -0.081764802 -0.047598246 0.995514393 -0.194270045
0.997470558 -0.031510480 0.063714780 2.502531052 0.027917942 0.998011649 0.056509651 -0.616673589 -0.065368734 -0.054587930 0.996366918 -0.203812093
0.998329222 -0.030187745 0.049269121 2.466151476 0.027043577 0.997629285 0.063280739 -0.608825266 -0.051062617 -0.061842598 0.996778846 -0.210949317
0.998970151 -0.030115971 0.033935465 2.431165218 0.027550710 0.996901393 0.073678531 -0.602328181 -0.036049217 -0.072667710 0.996704519 -0.213941112
0.999418557 -0.029653642 0.016828127 2.393958330 0.028207995 0.996358275 0.080463976 -0.599254727 -0.019152895 -0.079942510 0.996615469 -0.218139395
0.999668479 -0.025738753 -0.000667490 2.357642651 0.025702447 0.996056139 0.084920630 -0.600189209 -0.001520893 -0.084909633 0.996387482 -0.220799193
0.999559641 -0.021437330 -0.020516135 2.320114851 0.023145853 0.995937169 0.087025568 -0.605549514 0.018567186 -0.087462112 0.995994806 -0.221764535
0.999038696 -0.013367169 -0.041748695 2.285102129 0.016909886 0.996178150 0.085692488 -0.620470762 0.040443674 -0.086316071 0.995446563 -0.221984148
0.997893274 -0.005035596 -0.064680807 2.247907400 0.010568541 0.996283174 0.085487425 -0.634146154 0.064009927 -0.085990906 0.994237542 -0.219480425
0.996022224 0.004688108 -0.088981897 2.211784601 0.002490944 0.996759713 0.080397859 -0.654884815 0.089070484 -0.080299705 0.992783189 -0.216868386
0.993373215 0.016109616 -0.113798678 2.174858809 -0.007985855 0.997409642 0.071485490 -0.676924288 0.114655510 -0.070102990 0.990928710 -0.211807504
0.989393413 0.018409830 -0.144089594 2.138799906 -0.010012240 0.998220146 0.058789942 -0.706654608 0.144915447 -0.056723718 0.987816751 -0.207129478
0.984200954 0.022469733 -0.175623283 2.101646662 -0.014462615 0.998802364 0.046740409 -0.737185717 0.176463202 -0.043461982 0.983347237 -0.199991792
0.977379024 0.024774553 -0.210039169 2.065745115 -0.018448969 0.999316871 0.032022573 -0.772495627 0.210689038 -0.027423184 0.977168441 -0.191245496
0.969013691 0.032292515 -0.244887024 2.029651642 -0.028444001 0.999410272 0.019236803 -0.807633519 0.245363802 -0.011675159 0.969360769 -0.181850702
0.958934605 0.042728852 -0.280390143 1.994671583 -0.042420078 0.999074101 0.007172897 -0.844596803 0.280437052 0.005015833 0.959859312 -0.172675207
0.946713626 0.048787337 -0.318360001 1.959769845 -0.052204471 0.998633981 -0.002205023 -0.880337894 0.317817539 0.018707339 0.947967350 -0.161764920
0.932656825 0.056505300 -0.356312305 1.925994515 -0.063219130 0.997973561 -0.007215452 -0.916098416 0.355182558 0.029255293 0.934339046 -0.150997281
0.916821122 0.064972319 -0.393976718 1.893286228 -0.075076826 0.997124851 -0.010270942 -0.951069653 0.392176658 0.038995136 0.919063032 -0.138807029
0.899170518 0.082341090 -0.429781795 1.867446423 -0.094894826 0.995456636 -0.007817090 -0.994721413 0.427185476 0.047812961 0.902898967 -0.137785405
0.880135119 0.098686561 -0.464352369 1.838165760 -0.113896370 0.993481338 -0.004739800 -1.027051687 0.460857630 0.057059705 0.885637879 -0.125169545
0.859898150 0.121247299 -0.495857090 1.810720325 -0.141175061 0.989980817 -0.002750125 -1.058330297 0.490555555 0.072367474 0.868399799 -0.115640059
0.838472962 0.139926359 -0.526672363 1.782714844 -0.167183235 0.985916793 -0.004220609 -1.089127421 0.518664598 0.091589645 0.850057900 -0.101554215
0.816180825 0.157785237 -0.555835128 1.756147265 -0.193156689 0.981154621 -0.005107783 -1.117090821 0.544554234 0.111532129 0.831276894 -0.089865118
0.793804526 0.167666316 -0.584604502 1.728065729 -0.210624039 0.977550924 -0.005631112 -1.143636584 0.570536494 0.127601743 0.811298907 -0.074633926
0.771060348 0.180027768 -0.610783041 1.705996394 -0.229902342 0.973207831 -0.003379539 -1.173727393 0.593810380 0.143026277 0.791790843 -0.070089251
0.749053359 0.194202900 -0.633406878 1.678396463 -0.253244400 0.967398047 -0.002876602 -1.193262458 0.612197995 0.162561476 0.773813546 -0.053319037
0.725910723 0.206506193 -0.656055510 1.655238032 -0.276072770 0.961132288 -0.002933331 -1.211870551 0.629950345 0.183248401 0.754706979 -0.043561563
0.702412009 0.216331393 -0.678098917 1.627454996 -0.296858758 0.954917133 -0.002858929 -1.224553466 0.646909833 0.203307718 0.734965146 -0.027867422
0.676879466 0.221712932 -0.701909959 1.604465485 -0.313241661 0.949671149 -0.002097845 -1.236717224 0.666118562 0.221287414 0.712262630 -0.018963546
0.649262190 0.220764905 -0.727819681 1.576009512 -0.318673700 0.947858989 0.003230520 -1.242674232 0.690583587 0.229839534 0.685760975 -0.006063998
0.618949533 0.217219904 -0.754796028 1.551084042 -0.316529095 0.948488176 0.013400905 -1.246954679 0.718826056 0.230620384 0.655822754 0.001859903
0.585665941 0.216375679 -0.781138182 1.522254944 -0.315203935 0.948655248 0.026450798 -1.246720076 0.746754169 0.230726525 0.623797536 0.013265222
0.549623191 0.213748351 -0.807605207 1.499647737 -0.315445364 0.948249459 0.036293298 -1.242759705 0.773568809 0.234807611 0.588605821 0.018052846
0.511711001 0.210621461 -0.832940936 1.471869707 -0.318557650 0.946894169 0.043732695 -1.235610962 0.797917962 0.242961138 0.551631212 0.028594017
0.470730782 0.207942471 -0.857422054 1.455088139 -0.323072731 0.944955349 0.051801860 -1.229040861 0.820997298 0.252624929 0.512000084 0.030213177
0.429474354 0.203371480 -0.879881740 1.429464936 -0.331761599 0.941715717 0.055729099 -1.215961695 0.839932203 0.267976731 0.471913576 0.039982677
0.388388574 0.197755769 -0.900026143 1.410449624 -0.341580331 0.938017607 0.058701076 -1.198543668 0.855848849 0.284632385 0.431864798 0.045550048
0.347945988 0.188754678 -0.918316603 1.387931347 -0.350445151 0.934701502 0.059340402 -1.179800630 0.869552732 0.301172316 0.391373754 0.055141032
0.310883939 0.181264997 -0.933002770 1.372560263 -0.364706099 0.929250717 0.059013069 -1.155768037 0.877690494 0.321925581 0.354997575 0.060725212
0.275122106 0.177261114 -0.944926620 1.354737401 -0.377581894 0.923805714 0.063363329 -1.134099245 0.884160519 0.339354515 0.321089923 0.070298970
0.241299629 0.188094720 -0.952047765 1.348866224 -0.392469227 0.916144609 0.081528753 -1.114501476 0.887548625 0.353976578 0.294886708 0.072736800
0.208056688 0.202620924 -0.956899822 1.337324381 -0.403026223 0.909158647 0.104882732 -1.089965105 0.891225159 0.363834143 0.270818055 0.079089344
0.175638139 0.218362033 -0.959932029 1.333308220 -0.413569391 0.901238859 0.129340142 -1.064785957 0.893371046 0.374281377 0.248599768 0.079822838
0.143276095 0.229657069 -0.962668002 1.326147437 -0.420750916 0.894556880 0.150786936 -1.040357828 0.895790517 0.383439243 0.224797010 0.081931889
0.110776544 0.242909998 -0.963702917 1.324261427 -0.424514920 0.888325691 0.175112993 -1.015018225 0.898618698 0.389707834 0.201524615 0.078661323
0.078758538 0.253838331 -0.964034975 1.320647955 -0.429480106 0.881332934 0.196975023 -0.989615321 0.899635613 0.398520321 0.178430974 0.076526701
0.045052767 0.263230652 -0.963680327 1.324859381 -0.425144702 0.877994418 0.219949603 -0.965774477 0.904003441 0.399794281 0.151467204 0.068820834
0.009766161 0.270318359 -0.962721586 1.323014975 -0.411428720 0.878584325 0.242520183 -0.940871954 0.911389709 0.393722743 0.119797111 0.061418653
-0.026509285 0.275876403 -0.960827470 1.325292349 -0.393851399 0.880538821 0.263690025 -0.915805817 0.918791771 0.385413498 0.085311830 0.051109910
-0.064689398 0.282772988 -0.957003057 1.324620843 -0.378605634 0.880354166 0.285717130 -0.891728520 0.923294723 0.380809605 0.050109804 0.041656852
-0.105154634 0.285919130 -0.952466846 1.327132463 -0.366375268 0.879268527 0.304394573 -0.866635680 0.924506307 0.380968660 0.012294471 0.030318618
-0.148751616 0.292430997 -0.944646716 1.327242374 -0.355673194 0.875523567 0.327039897 -0.842379689 0.922697067 0.384633124 -0.026225686 0.020380020
-0.193997264 0.303127497 -0.932994604 1.335650444 -0.349332541 0.867373228 0.354443848 -0.815008879 0.916696191 0.394686460 -0.062375665 0.010147691
-0.240190029 0.316312850 -0.917744458 1.335825562 -0.343193054 0.856693506 0.385090560 -0.791124403 0.908034861 0.407458454 -0.097212791 0.001749277
-0.287345409 0.328220248 -0.899835527 1.343458295 -0.342540741 0.842112064 0.416549087 -0.772894740 0.894482195 0.427923799 -0.129548192 -0.006718278
-0.334823728 0.333808631 -0.881172538 1.341379881 -0.342560202 0.828041911 0.443845928 -0.749574423 0.877807379 0.450464725 -0.162898540 -0.014742494
-0.382059216 0.330017626 -0.863202810 1.341856003 -0.344001055 0.816150665 0.464285880 -0.725052238 0.857726097 0.474327415 -0.198291421 -0.024058700
-0.428826809 0.313339323 -0.847305417 1.336175799 -0.351569980 0.806096852 0.476032019 -0.703998923 0.832169771 0.502022326 -0.235515237 -0.033067107
-0.474263310 0.286927044 -0.832314551 1.337631106 -0.361444473 0.798592091 0.481257349 -0.685440481 0.802765548 0.529078066 -0.275034785 -0.042903304
-0.518322706 0.257242918 -0.815578341 1.330002308 -0.371430278 0.791320205 0.485645890 -0.664987504 0.770312667 0.554651618 -0.314611554 -0.053424597
-0.560544372 0.234454349 -0.794242501 1.327382803 -0.372605801 0.785115719 0.494730413 -0.644043863 0.739563942 0.573257744 -0.352733135 -0.065491319
-0.601459622 0.212944746 -0.770000696 1.320373058 -0.373358846 0.777171731 0.506564260 -0.622757316 0.706292987 0.592164397 -0.387932658 -0.078646183
-0.640097857 0.192987368 -0.743660271 1.319248199 -0.371204495 0.769779027 0.519275904 -0.602017879 0.672667801 0.608437419 -0.421096206 -0.092354774
-0.676734447 0.173769727 -0.715426326 1.312981844 -0.364770234 0.764951050 0.530841470 -0.579991996 0.639510274 0.620204806 -0.454282761 -0.108399391
-0.711245060 0.153231069 -0.686039984 1.310342789 -0.354680538 0.764384031 0.538441122 -0.558937192 0.606903851 0.626288593 -0.489316225 -0.126858830
-0.743248582 0.131480336 -0.655968606 1.305217505 -0.346519560 0.763069034 0.545572937 -0.537734509 0.572281420 0.632802188 -0.521589518 -0.147035480
-0.774184227 0.117598109 -0.621940255 1.309410572 -0.330133349 0.763332784 0.555279255 -0.523454785 0.540047169 0.635211587 -0.552137136 -0.170138717
-0.803775907 0.108395539 -0.584974170 1.307817459 -0.307070136 0.766578794 0.563972414 -0.506927550 0.509560943 0.632935464 -0.582872629 -0.194924235
-0.831604838 0.101970933 -0.545926094 1.313166618 -0.280515403 0.771265149 0.571367860 -0.495239675 0.479316711 0.628292918 -0.612783432 -0.220682621
-0.857681274 0.095837124 -0.505171776 1.315174818 -0.255386293 0.773321271 0.580303431 -0.484763354 0.446274698 0.626729131 -0.638787746 -0.248298645
