0.993690372 -0.020175820 0.110328622 -2.760976315 0.025793361 0.998429656 -0.049728490 -2.800078869 -0.109152056 0.052260466 0.992650330 -1.075630188
0.993675470 -0.019363621 0.110607855 -2.760577917 0.024965977 0.998462439 -0.049492244 -2.799892664 -0.109479435 0.051940661 0.992631078 -1.076235056
0.993697345 -0.018561495 0.110549100 -2.760702610 0.024142267 0.998489261 -0.049359541 -2.799988270 -0.109465905 0.051717352 0.992644191 -1.076145411
0.993705869 -0.019018784 0.110394388 -2.760558605 0.024584759 0.998482466 -0.049278736 -2.800045252 -0.109289631 0.051682591 0.992665470 -1.075967550
0.993716121 -0.019833650 0.110158361 -2.760767221 0.025417220 0.998449862 -0.049515974 -2.799952984 -0.109005518 0.052004743 0.992679834 -1.076141596
0.993717015 -0.019082326 0.110282861 -2.760560751 0.024674401 0.998466015 -0.049566336 -2.799984217 -0.109167852 0.051976077 0.992663503 -1.075540900
0.993684649 -0.018607374 0.110655025 -2.760565042 0.024187658 0.998490930 -0.049302891 -2.799913406 -0.109570637 0.051668011 0.992635250 -1.076121211
0.993706644 -0.017137820 0.110695124 -2.760384083 0.022725565 0.998519719 -0.049415842 -2.799940825 -0.109684378 0.051620461 0.992625117 -1.075735688
0.993710041 -0.019367825 0.110296071 -2.760684490 0.024970047 0.998454988 -0.049639881 -2.800000429 -0.109164253 0.052081749 0.992658377 -1.075615883
0.993759573 -0.019390631 0.109845057 -2.760716677 0.024922460 0.998477280 -0.049213197 -2.800003767 -0.108723521 0.051643696 0.992729664 -1.075655103
0.993746400 -0.019628156 0.109921813 -2.760743618 0.025166079 0.998470783 -0.049221899 -2.800042629 -0.108787581 0.051680390 0.992720723 -1.075779676
0.993717670 -0.020175772 0.110082313 -2.761170626 0.025746154 0.998446345 -0.049417414 -2.800057173 -0.108914241 0.051941156 0.992693186 -1.076113462
0.993712544 -0.019284723 0.110288344 -2.760623455 0.024877449 0.998461246 -0.049560849 -2.799985886 -0.109162875 0.051992927 0.992663205 -1.075386405
0.993708789 -0.020159582 0.110165425 -2.760794163 0.025728395 0.998449445 -0.049364030 -2.800130606 -0.108999453 0.051887847 0.992686629 -1.075488091
0.993759155 -0.020177180 0.109707035 -2.761227608 0.025734024 0.998443842 -0.049473964 -2.800035477 -0.108538069 0.051988408 0.992731929 -1.076055527
0.993796408 -0.019427609 0.109504603 -2.760676622 0.024963699 0.998466372 -0.049413636 -2.800036430 -0.108376674 0.051840737 0.992757261 -1.075523615
0.993714571 -0.019234132 0.110278472 -2.760225773 0.024818782 0.998466015 -0.049494319 -2.800078154 -0.109157324 0.051920205 0.992667615 -1.074463844
0.993686736 -0.020320842 0.110334516 -2.760857105 0.025925776 0.998432398 -0.049604729 -2.800034285 -0.109153539 0.052152067 0.992655873 -1.075715542
0.993724763 -0.020648574 0.109930746 -2.760800123 0.026208797 0.998436272 -0.049376950 -2.800254107 -0.108739279 0.051948249 0.992712021 -1.075314045
0.993747175 -0.020632442 0.109730728 -2.761174679 0.026171532 0.998442054 -0.049280535 -2.800094604 -0.108542986 0.051844213 0.992738962 -1.075905561
0.993727386 -0.019535979 0.110109866 -2.760582924 0.025102412 0.998463750 -0.049396005 -2.799999714 -0.108975708 0.051850189 0.992691219 -1.075488806
0.993759871 -0.020418543 0.109656081 -2.760462046 0.025943443 0.998452187 -0.049195759 -2.799976826 -0.108481839 0.051733628 0.992751420 -1.075934649
0.993726254 -0.020740958 0.109899722 -2.761276722 0.026298447 0.998434603 -0.049362887 -2.800120831 -0.108703859 0.051943388 0.992716134 -1.075883627
0.993674934 -0.020133242 0.110475197 -2.760948420 0.025719717 0.998448968 -0.049377818 -2.800082922 -0.109309718 0.051906887 0.992651522 -1.075585723
0.993682861 -0.020599401 0.110317864 -2.760967255 0.026198274 0.998428226 -0.049545504 -2.800013781 -0.109123863 0.052122653 0.992660701 -1.075766444
0.993746340 -0.019568887 0.109932780 -2.760670662 0.025113724 0.998469114 -0.049282338 -2.800019979 -0.108800083 0.051734965 0.992716491 -1.075600266
0.993690014 -0.018796830 0.110574834 -2.760837317 0.024380153 0.998483419 -0.049360175 -2.799997330 -0.109479330 0.051744547 0.992641330 -1.075784206
0.993694842 -0.018789003 0.110532686 -2.760651350 0.024401525 0.998468757 -0.049645387 -2.799930096 -0.109430656 0.052029535 0.992631793 -1.075562358
0.993667483 -0.018240079 0.110870503 -2.760350466 0.023862515 0.998484135 -0.049598169 -2.799924135 -0.109797768 0.051929738 0.992596447 -1.075227261
0.993683577 -0.019041376 0.110590808 -2.760609627 0.024656864 0.998463094 -0.049633507 -2.799888134 -0.109475754 0.052046824 0.992625892 -1.075454831
0.993674517 -0.018439434 0.110774487 -2.760499001 0.024075940 0.998470843 -0.049762435 -2.799970388 -0.109687507 0.052114666 0.992598951 -1.075610995
0.993694425 -0.018005932 0.110667072 -2.760495186 0.023588656 0.998503149 -0.049345642 -2.800012827 -0.109612904 0.051644973 0.992631733 -1.075642228
0.993680120 -0.018458515 0.110720985 -2.760616302 0.024068512 0.998481750 -0.049547184 -2.800083160 -0.109638311 0.051898938 0.992615700 -1.075424910
0.993718565 -0.019833695 0.110136241 -2.760713100 0.025445241 0.998435974 -0.049781397 -2.800132751 -0.108976632 0.052271143 0.992669046 -1.075430870
0.993700802 -0.019086754 0.110428259 -2.760634422 0.024699809 0.998459339 -0.049687214 -2.799909830 -0.109309763 0.052101783 0.992641330 -1.075584531
0.993690848 -0.018593006 0.110601731 -2.760578632 0.024199937 0.998477399 -0.049570296 -2.799851179 -0.109511666 0.051934104 0.992627859 -1.075751424
0.993715286 -0.018866505 0.110335685 -2.760432720 0.024460874 0.998471022 -0.049571350 -2.799916506 -0.109231748 0.051958717 0.992657423 -1.075424194
0.993672788 -0.016915957 0.111032553 -2.760398388 0.022497391 0.998535037 -0.049209639 -2.799970150 -0.110037468 0.051396221 0.992597699 -1.075536847
0.993676007 -0.017496178 0.110913590 -2.760497332 0.023082642 0.998517990 -0.049285397 -2.799965858 -0.109886900 0.051533893 0.992607236 -1.075692177
0.993691981 -0.018923566 0.110535577 -2.760632277 0.024524320 0.998471439 -0.049531389 -2.800099850 -0.109429300 0.051929753 0.992637157 -1.075655580
0.993696213 -0.019203518 0.110449605 -2.760597944 0.024807949 0.998461366 -0.049593609 -2.799869537 -0.109327294 0.052021008 0.992643595 -1.075620890
0.993671715 -0.019057909 0.110694520 -2.760582447 0.024673441 0.998465180 -0.049583692 -2.800041676 -0.109579660 0.052001130 0.992616832 -1.075617194
0.993694544 -0.019260701 0.110454626 -2.760307550 0.024873797 0.998456061 -0.049667373 -2.800116062 -0.109327458 0.052101620 0.992639363 -1.075305939
0.993644059 -0.020205196 0.110739477 -2.760533333 0.025924146 0.998390138 -0.050449099 -2.800308943 -0.109541871 0.052999277 0.992568195 -1.075583696
0.993602931 -0.019308275 0.111267202 -2.760197401 0.025075389 0.998400748 -0.050667096 -2.800206661 -0.110110961 0.053133044 0.992498100 -1.075421095
0.993542612 -0.022110300 0.111284561 -2.760722876 0.027816067 0.998362660 -0.049983125 -2.800659895 -0.109997205 0.052755859 0.992530823 -1.075439692
0.993484974 -0.022740752 0.111671254 -2.760872841 0.028386384 0.998384058 -0.049228795 -2.800684690 -0.110371307 0.052078009 0.992525101 -1.075210094
0.993534267 -0.021099396 0.111554660 -2.761123419 0.026881192 0.998358071 -0.050581764 -2.800945520 -0.110304259 0.053253438 0.992470145 -1.075787663
0.993852258 -0.023760891 0.108134471 -2.761559963 0.029654680 0.998142064 -0.053226590 -2.801500797 -0.106668852 0.056106061 0.992710352 -1.077383518
0.993767917 -0.021716880 0.109332889 -2.761318922 0.027717510 0.998174131 -0.053666789 -2.802178144 -0.107967794 0.056362767 0.992555380 -1.078528523
0.993338108 -0.015515628 0.114186935 -2.760541439 0.021756446 0.998324752 -0.053612716 -2.802587271 -0.113163806 0.055739857 0.992011607 -1.078734517
0.993045509 -0.010972705 0.117218874 -2.759769201 0.017193459 0.998489082 -0.052190918 -2.804456949 -0.116469093 0.053843353 0.991733730 -1.079904437
0.992714882 -0.009044573 0.120147243 -2.759438515 0.015136089 0.998640239 -0.049885008 -2.806970596 -0.119532689 0.051340152 0.991501927 -1.081570506
0.991810977 -0.009290076 0.127376020 -2.758718967 0.015288743 0.998815298 -0.046197657 -2.811705351 -0.126795948 0.047766764 0.990778029 -1.083709359
0.991108656 -0.011053678 0.132595107 -2.758500338 0.016517537 0.999055982 -0.040178183 -2.815641880 -0.132025823 0.042011093 0.990355611 -1.085833669
0.991201401 -0.014401898 0.131576434 -2.759092569 0.018690884 0.999331474 -0.031420231 -2.818182468 -0.131035969 0.033603057 0.990807950 -1.088169575
0.990612268 -0.018655600 0.135422796 -2.757859945 0.021757314 0.999532938 -0.021460004 -2.820841551 -0.134959191 0.024204981 0.990555465 -1.089049578
0.999340355 0.012664567 0.034035988 -2.047690630 -0.013013431 0.999864817 0.010047960 -2.604169369 -0.033904135 -0.010484257 0.999370098 -0.773849130
0.999166369 0.013440473 0.038547829 -2.046011209 -0.013874851 0.999843001 0.011023238 -2.612146378 -0.038393617 -0.011548894 0.999195933 -0.777926981
0.998914599 0.013626051 0.044541802 -2.044815063 -0.014109616 0.999844670 0.010560113 -2.623372316 -0.044390995 -0.011177118 0.998951733 -0.782888591
0.998420477 0.012504306 0.054774448 -2.043138981 -0.013243979 0.999825656 0.013161857 -2.638987780 -0.054600321 -0.013866499 0.998412013 -0.787985325
0.997809589 0.009978321 0.065394312 -2.043607712 -0.011234554 0.999758840 0.018870614 -2.658937216 -0.065190241 -0.019563958 0.997681081 -0.795054376
0.997391343 0.005362927 0.071984455 -2.043557405 -0.007167038 0.999666035 0.024827652 -2.684390306 -0.071827263 -0.025278799 0.997096717 -0.799133480
0.996790767 0.005349363 0.079872020 -2.044638634 -0.007555670 0.999597490 0.027346404 -2.712860584 -0.079693578 -0.027862130 0.996429920 -0.807583570
0.996274710 0.006607905 0.085982554 -2.046256065 -0.008932900 0.999603987 0.026683707 -2.743634224 -0.085772179 -0.027352378 0.995939255 -0.817388475
0.995355606 0.013759637 0.095278278 -2.048346996 -0.016214224 0.999555051 0.025036165 -2.775803089 -0.094891399 -0.026464751 0.995135784 -0.827273905
0.994113743 0.021519465 0.106182769 -2.049246788 -0.024008540 0.999464810 0.022218980 -2.806272507 -0.105647802 -0.024637487 0.994098365 -0.833429575
0.992585182 0.030246379 0.117727660 -2.051578045 -0.032362495 0.999346435 0.016104305 -2.836321115 -0.117163621 -0.019794853 0.992915332 -0.843178689
0.990855753 0.038031712 0.129454538 -2.053544283 -0.038782835 0.999242246 0.003285327 -2.865605831 -0.129231498 -0.008275898 0.991579890 -0.849618256
0.990110517 0.042606574 0.133662999 -2.057209015 -0.041344997 0.999070406 -0.012201237 -2.894784212 -0.134058595 0.006554276 0.990951717 -0.859799206
0.989845455 0.045206115 0.134767845 -2.058906794 -0.041570529 0.998694897 -0.029671136 -2.918215275 -0.135933265 0.023767468 0.990432858 -0.866275370
0.989663064 0.046305809 0.135730445 -2.060195923 -0.040194426 0.998065650 -0.047427073 -2.938249111 -0.137664050 0.041481219 0.989609957 -0.872189522
0.989416361 0.041747306 0.138969004 -2.059299946 -0.033639390 0.997619927 -0.060190238 -2.953592777 -0.141151041 0.054878376 0.988465846 -0.873442531
0.989725471 0.032091282 0.139332965 -2.058504343 -0.022718826 0.997403145 -0.068343811 -2.958803892 -0.141164377 0.064476125 0.987884343 -0.872957349
0.989664316 0.025108067 0.141188249 -2.057497978 -0.015564853 0.997543752 -0.068294749 -2.957023144 -0.142556205 0.065391302 0.987624288 -0.870941103
0.989324033 0.022920683 0.143918782 -2.055310249 -0.014145944 0.997994483 -0.061700039 -2.947237730 -0.145044357 0.059005462 0.987664163 -0.866877854
0.988824010 0.025545852 0.146882534 -2.051812410 -0.018252498 0.998542547 -0.050789651 -2.927402258 -0.147965938 0.047541056 0.987849116 -0.859426975
0.988553226 0.028263813 0.148201630 -2.047626019 -0.023317305 0.999114931 -0.035009068 -2.902740479 -0.149059966 0.031152662 0.988337338 -0.850058556
0.989148796 0.026193274 0.144563258 -2.041786909 -0.024327325 0.999596536 -0.014660455 -2.871592045 -0.144888937 0.010984536 0.989386976 -0.840544701
0.989909589 0.025023082 0.139473483 -2.036650181 -0.026712021 0.999590635 0.010250314 -2.837017536 -0.139159903 -0.013872503 0.990172744 -0.829416394
0.990753114 0.017930033 0.134487167 -2.032210588 -0.023075206 0.999056339 0.036796976 -2.797396898 -0.133700475 -0.039560039 0.990231872 -0.818716764
0.991646171 0.010195301 0.128584266 -2.029851198 -0.018457416 0.997828424 0.063227534 -2.758207560 -0.127660424 -0.065072671 0.989680946 -0.807142019
0.991925597 0.003356713 0.126776695 -2.030507565 -0.014222130 0.996288180 0.084897630 -2.728420258 -0.126021147 -0.086015172 0.988291502 -0.800856233
0.992606640 -0.007072963 0.121169575 -2.028715372 -0.004836699 0.995202780 0.097714081 -2.698794842 -0.121279426 -0.097577706 0.987810671 -0.794039249
0.992876410 -0.012222137 0.118520513 -2.027503490 -0.000330494 0.994438589 0.105317675 -2.675121546 -0.119148582 -0.104606606 0.987350523 -0.789779961
0.993004739 -0.015043636 0.117112212 -2.026802778 0.002153051 0.993992448 0.109427273 -2.655041218 -0.118054844 -0.108409658 0.987071633 -0.785740733
0.993128657 -0.013932671 0.116195366 -2.025485277 0.000411674 0.993297517 0.115585007 -2.640444040 -0.117026970 -0.114742942 0.986477971 -0.786077678
0.993192077 -0.010523043 0.116011821 -2.024664640 -0.004018622 0.992223382 0.124405198 -2.628997087 -0.116418757 -0.124024473 0.985426128 -0.783397853
0.993192434 -0.008717123 0.116158754 -2.023950338 -0.007640284 0.990173697 0.139634237 -2.628126383 -0.116234556 -0.139571145 0.983366370 -0.785181344
0.992990255 -0.009420183 0.117820345 -2.024022102 -0.008786557 0.988177598 0.153061673 -2.638113976 -0.117869295 -0.153023973 0.981167912 -0.789287925
0.992645562 -0.009208740 0.120706066 -2.024238586 -0.009854645 0.987646341 0.156389400 -2.657181263 -0.120655045 -0.156428769 0.980292022 -0.795370936
0.992010951 -0.004894717 0.126056790 -2.024846554 -0.013762927 0.989083230 0.146713674 -2.685975790 -0.125398785 -0.147276491 0.981114030 -0.799919426
0.991304755 0.003602075 0.131536573 -2.025924444 -0.020715959 0.991431773 0.128972605 -2.721208096 -0.129944980 -0.130576059 0.982885659 -0.809243858
0.990327954 0.013935501 0.138044909 -2.027030468 -0.028575933 0.994098544 0.104649141 -2.759965181 -0.135771915 -0.107581735 0.984881818 -0.817560017
0.989504755 0.022463474 0.142743722 -2.029228210 -0.034119695 0.996231377 0.079742797 -2.803829670 -0.140414461 -0.083776243 0.986542106 -0.828168154
0.988080025 0.031817548 0.150617123 -2.031573772 -0.040792078 0.997547626 0.056874804 -2.845045567 -0.148438126 -0.062340841 0.986954808 -0.839258075
0.986881554 0.034127939 0.157797605 -2.032179356 -0.040173870 0.998569548 0.035283994 -2.886016369 -0.156367719 -0.041160461 0.986840904 -0.844610512
0.985930145 0.037809249 0.162825719 -2.034519911 -0.040458042 0.999096930 0.012981348 -2.927931070 -0.162187859 -0.019386310 0.986569464 -0.855400324
0.985946119 0.034728438 0.163414240 -2.037105083 -0.034150071 0.999396563 -0.006347992 -2.962555170 -0.163536072 0.000678170 0.986537099 -0.862109244
0.986446083 0.028273791 0.161631525 -2.039273977 -0.024943285 0.999433398 -0.022598103 -2.990957022 -0.162178874 0.018260188 0.986592412 -0.868901134
0.986645639 0.024512520 0.161026478 -2.040768862 -0.019360403 0.999251604 -0.033487163 -3.010257006 -0.161726832 0.029922426 0.986381829 -0.873873532
0.986901045 0.018840395 0.160222992 -2.040205479 -0.012667975 0.999140918 -0.039458588 -3.022179604 -0.160828754 0.036912017 0.986291826 -0.876850247
0.986679256 0.015995055 0.161889628 -2.040580988 -0.009976286 0.999230862 -0.037923120 -3.027675867 -0.162371680 0.035802901 0.986079931 -0.877491593
0.986947656 0.014314041 0.160403818 -2.039323807 -0.009003835 0.999388635 -0.033783335 -3.019158125 -0.160789341 0.031898137 0.986473143 -0.873775125
0.987194538 0.015375070 0.158778414 -2.039587975 -0.011455217 0.999607325 -0.025573401 -3.000808239 -0.159109250 0.023427079 0.986983001 -0.868863225
0.987041414 0.018422086 0.159404591 -2.037705660 -0.016175129 0.999750853 -0.015382086 -2.978024960 -0.159648255 0.012604366 0.987093508 -0.857527256
0.986890852 0.017318392 0.160457104 -2.036130667 -0.017021565 0.999849916 -0.003224331 -2.946195602 -0.160488874 0.000450832 0.987037539 -0.845723510
0.986307025 0.021967497 0.163449854 -2.034654856 -0.024416137 0.999617517 0.012986937 -2.910417795 -0.163102061 -0.016799921 0.986466169 -0.833248854
0.986320317 0.018043177 0.163849562 -2.031364202 -0.023740927 0.999177217 0.032882772 -2.865896702 -0.163121432 -0.036322884 0.985937119 -0.818241656
0.986436963 0.016202781 0.163338974 -2.029758215 -0.025986437 0.997981787 0.057940245 -2.825148582 -0.162070528 -0.061398998 0.984867156 -0.806938529
0.986358285 0.011645511 0.164200380 -2.027971983 -0.025764108 0.996122658 0.084118456 -2.785629034 -0.162584111 -0.087201416 0.982833803 -0.796176910
0.986992836 0.004140828 0.160710916 -2.026818991 -0.022053936 0.993704677 0.109838933 -2.748497963 -0.159244373 -0.111954555 0.980870724 -0.788656235
0.987747729 -0.002446455 0.156039700 -2.025876760 -0.018761035 0.990764081 0.134292975 -2.714676380 -0.154927060 -0.135575041 0.978579104 -0.782538772
0.988760650 -0.013022472 0.148938999 -2.025312901 -0.010280241 0.987919569 0.154626086 -2.687723875 -0.149153367 -0.154419318 0.976682127 -0.779094994
0.989431977 -0.022182215 0.143291086 -2.025084019 -0.002442564 0.985538721 0.169432670 -2.669131279 -0.144977301 -0.167992085 0.975069344 -0.777008295
0.989706159 -0.025873460 0.140756086 -2.024795771 0.000322887 0.983923137 0.178592190 -2.658844471 -0.143113956 -0.176708356 0.973803163 -0.777299762
0.989813030 -0.024734255 0.140208393 -2.025079966 -0.001536507 0.982880533 0.184237719 -2.658029318 -0.142365068 -0.182576329 0.972829938 -0.779318511
0.989790618 -0.019924508 0.141129673 -2.025107861 -0.006912569 0.982304990 0.187160805 -2.668215990 -0.142361462 -0.186225578 0.972138524 -0.783395052
0.989886761 -0.020453403 0.140377566 -2.026420355 -0.006106848 0.982490122 0.186214626 -2.689644575 -0.141728297 -0.185188651 0.972429037 -0.790215969
0.989932179 -0.018626595 0.140311673 -2.028046846 -0.007035505 0.983602643 0.180211976 -2.721026897 -0.141367659 -0.179384783 0.973568857 -0.799377918
0.990115404 -0.014787196 0.139473185 -2.029853821 -0.008567075 0.986193478 0.165375382 -2.760139704 -0.139992997 -0.164935589 0.976318717 -0.810457051
0.989673913 -0.008628509 0.143077105 -2.031270027 -0.012144110 0.989549935 0.143678129 -2.804605484 -0.142821670 -0.143932045 0.979227006 -0.821207643
0.988838434 -0.005287759 0.148897886 -2.032388210 -0.012649123 0.992782533 0.119259797 -2.851924658 -0.148453832 -0.119812094 0.981634617 -0.833082020
0.986982524 -0.000233450 0.160827458 -2.032747030 -0.015121508 0.995434284 0.094244160 -2.899756432 -0.160115153 -0.095449291 0.982472658 -0.844485164
0.985242724 0.000094976 0.171163142 -2.033945560 -0.012119289 0.997528672 0.069207087 -2.945190907 -0.170733571 -0.070260152 0.982809007 -0.857458174
0.983616352 -0.001150364 0.180270642 -2.035063267 -0.006931994 0.998998761 0.044198193 -2.986068726 -0.180140972 -0.044723704 0.982623518 -0.867757142
0.983326972 -0.008631714 0.181641340 -2.037210703 0.004994259 0.999777913 0.020473354 -3.019851446 -0.181777716 -0.019224837 0.983151674 -0.876289904
0.983766615 -0.015406749 0.178789958 -2.039274693 0.015537403 0.999879062 0.000669545 -3.044359922 -0.178778663 0.002119255 0.983887017 -0.882915080
0.984405637 -0.014758852 0.175293207 -2.039448500 0.017490374 0.999748349 -0.014047809 -3.058459759 -0.175041765 0.016894685 0.984416068 -0.887003303
0.984518707 -0.012472371 0.174835369 -2.038422585 0.016881853 0.999575257 -0.023756213 -3.061730146 -0.174464807 0.026339982 0.984311044 -0.886887074
0.984491885 -0.009355260 0.175180450 -2.036916256 0.014992815 0.999410450 -0.030885631 -3.054967642 -0.174788222 0.033033103 0.984051764 -0.883270681
0.984794736 -0.006274020 0.173608691 -2.035455704 0.012445588 0.999327779 -0.034482986 -3.038308144 -0.173275650 0.036119327 0.984210849 -0.876769304
0.985405803 -0.006479052 0.170098156 -2.034015894 0.012365631 0.999359846 -0.033570386 -3.013585091 -0.169771761 0.035183825 0.984855115 -0.867468178
0.985446990 -0.001604247 0.169975445 -2.032018900 0.005920904 0.999672592 -0.024891920 -2.981258631 -0.169879869 0.025536075 0.985133886 -0.856069863
0.985572815 0.004050047 0.169203386 -2.030096531 -0.002518904 0.999953926 -0.009262800 -2.943199635 -0.169233099 0.008702958 0.985537648 -0.843911350
0.984843075 0.011862232 0.173041508 -2.027773380 -0.014329470 0.999812603 0.013015782 -2.900524139 -0.172854677 -0.015298096 0.984828532 -0.830474496
0.983772337 0.016312355 0.178678051 -2.024693251 -0.024033541 0.998864532 0.041133750 -2.856261730 -0.177804187 -0.044760514 0.983047366 -0.816299677
0.983090043 0.013709841 0.182608768 -2.023399115 -0.026960922 0.997162759 0.070281804 -2.812392235 -0.181127116 -0.074016646 0.980670452 -0.804456830
0.983640909 0.006836220 0.180010751 -2.022726059 -0.024768762 0.994921267 0.097561225 -2.773110151 -0.178429559 -0.100423858 0.978814542 -0.794433296
0.984742761 -0.000078804 0.174016520 -2.023114204 -0.020926043 0.992689550 0.118868023 -2.735477448 -0.172753736 -0.120695904 0.977542162 -0.787598670
0.986018956 -0.005458527 0.166543767 -2.022930145 -0.017401503 0.990625441 0.135493323 -2.702350855 -0.165722087 -0.136497095 0.976680458 -0.782456160
0.987298429 -0.008103092 0.158669829 -2.023151159 -0.016139347 0.988416970 0.150901943 -2.675740719 -0.158054739 -0.151546091 0.975731790 -0.780758858
0.987751722 -0.007665935 0.155845240 -2.022565603 -0.018697385 0.985780537 0.166994542 -2.657204390 -0.154909357 -0.167863041 0.973563075 -0.780034602
0.987982035 -0.006841420 0.154417336 -2.021613121 -0.022044078 0.982571483 0.184573442 -2.649656057 -0.152988821 -0.185759217 0.970612168 -0.781713307
0.988080800 -0.008063905 0.153724790 -2.020590544 -0.023124628 0.979519248 0.200018197 -2.653813839 -0.152189314 -0.201188982 0.967657685 -0.784585893
0.988499284 -0.012763312 0.150685996 -2.020240307 -0.018912686 0.978175044 0.206919894 -2.671617508 -0.150038272 -0.207390055 0.966683984 -0.790397823
0.989408076 -0.013501320 0.144531429 -2.020733833 -0.016202811 0.979171515 0.202387154 -2.700378895 -0.144253552 -0.202585310 0.968581498 -0.798951566
0.989802241 -0.000366235 0.142447650 -2.019863129 -0.026691256 0.981808305 0.187989339 -2.737933397 -0.139925152 -0.189874396 0.971786320 -0.808013320
0.988355875 0.020902338 0.150717318 -2.017889023 -0.045740113 0.985520303 0.163271427 -2.780762911 -0.145122230 -0.168264091 0.975000858 -0.817216158
0.986796856 0.033580385 0.158443585 -2.017514706 -0.054806247 0.989791870 0.131561249 -2.828533649 -0.152408287 -0.138507932 0.978563905 -0.828268886
0.985392034 0.041010261 0.165289730 -2.019096375 -0.057480559 0.993708074 0.096126124 -2.876319170 -0.160307586 -0.104222864 0.981549323 -0.839404106
0.983826339 0.042402435 0.174033865 -2.022078276 -0.053421345 0.996820152 0.059124831 -2.923850775 -0.170973435 -0.067465685 0.982963085 -0.850979507
0.981814623 0.047473397 0.183810428 -2.024526119 -0.052945774 0.998284996 0.024976570 -2.965399981 -0.182309464 -0.034254350 0.982644320 -0.860925794
0.980025291 0.048824809 0.192786485 -2.026629925 -0.049186260 0.998785377 -0.002913738 -2.999838829 -0.192694575 -0.006626907 0.981236398 -0.868749797
0.978919089 0.048397798 0.198431537 -2.028728247 -0.044441696 0.998715281 -0.024344891 -3.025455475 -0.199354842 0.015013046 0.979812384 -0.875842929
0.978253543 0.049367309 0.201451793 -2.029531479 -0.042257614 0.998327851 -0.039444141 -3.040541649 -0.203062192 0.030073501 0.978703916 -0.879779696
0.978657186 0.047502480 0.199933916 -2.029364824 -0.038650520 0.998101711 -0.047949314 -3.045380354 -0.201832086 0.039198391 0.978635430 -0.881076753
0.979189098 0.045360066 0.197816133 -2.026140213 -0.036328994 0.998135507 -0.049048278 -3.038168669 -0.199672133 0.040841077 0.979011238 -0.877258956
0.980180264 0.038907357 0.194249630 -2.024458170 -0.030799186 0.998530507 -0.044589180 -3.022498608 -0.195699036 0.037722703 0.979938209 -0.870398104
0.980545402 0.033213694 0.193462059 -2.021982193 -0.026945179 0.999025941 -0.034944177 -2.998347044 -0.194434240 0.029051483 0.980485260 -0.860038936
0.980198801 0.027615258 0.196080849 -2.019837856 -0.024045845 0.999499381 -0.020561535 -2.966636658 -0.196550503 0.015439462 0.980372131 -0.845643282
0.980101764 0.023976862 0.197042346 -2.018377066 -0.023865294 0.999710858 -0.002941071 -2.928815365 -0.197055876 -0.001819924 0.980390549 -0.830460846
0.980755866 0.022178438 0.193974450 -2.015145302 -0.025431853 0.999574304 0.014297986 -2.886845827 -0.193574771 -0.018955963 0.980902374 -0.815102696
0.983082652 0.011341775 0.182810888 -2.013282299 -0.016785514 0.999459743 0.028258163 -2.845284939 -0.182391629 -0.030848686 0.982741892 -0.800638378
0.985483646 0.000879426 0.169768035 -2.012113094 -0.007854680 0.999151886 0.040419735 -2.804579973 -0.169588506 -0.041166462 0.984654784 -0.787093043
0.987339675 -0.009320094 0.158346295 -2.011161566 0.001343924 0.998727977 0.050404277 -2.765889168 -0.158614635 -0.049553338 0.986096263 -0.774465144
0.988591194 -0.015513768 0.149822474 -2.010783434 0.006718409 0.998233378 0.059033882 -2.730402708 -0.150473624 -0.057353806 0.986948967 -0.764296591
0.989748836 -0.021388054 0.141208321 -2.011732578 0.011872794 0.997622430 0.067886367 -2.698649406 -0.142324537 -0.065513924 0.987649560 -0.756152451
0.990550816 -0.021401942 0.135465965 -2.012063503 0.011388533 0.997173429 0.074266091 -2.671206713 -0.136672512 -0.072021574 0.987994671 -0.747990549
0.991238892 -0.020526040 0.130476683 -2.012642384 0.010575166 0.997013032 0.076505750 -2.649759293 -0.131657302 -0.074455664 0.988495171 -0.740965068
0.991750836 -0.017328842 0.127003923 -2.013084173 0.007377850 0.996894121 0.078407273 -2.633247614 -0.127968177 -0.076823458 0.988798440 -0.734644055
0.992281616 -0.011389118 0.123480797 -2.012785912 0.001509035 0.996808708 0.079813100 -2.622297287 -0.123995736 -0.079010732 0.989132106 -0.729320049
0.993365526 -0.006384360 0.114822179 -2.012753963 -0.002750820 0.996852934 0.079225443 -2.614893675 -0.114966631 -0.079015680 0.990221798 -0.725905538
0.994416952 -0.003402608 0.105467185 -2.013039112 -0.004613789 0.997122109 0.075671367 -2.610020638 -0.105421141 -0.075735502 0.991539478 -0.723271966
0.995212436 -0.003198885 0.097683318 -2.014385223 -0.003759125 0.997471869 0.070963249 -2.605079412 -0.097663365 -0.070990711 0.992684305 -0.720900476
0.995562434 -0.001813510 0.094085902 -2.015213728 -0.004275099 0.997910380 0.064471394 -2.602148056 -0.094006225 -0.064587519 0.993474364 -0.718633473
0.995775521 0.003278343 0.091762364 -2.015946865 -0.008626355 0.998282492 0.057945348 -2.599247456 -0.091414794 -0.058492132 0.994093537 -0.716680050
0.996062934 0.006312982 0.088424020 -2.015936375 -0.011028701 0.998536587 0.052944176 -2.595178604 -0.087960385 -0.053710930 0.994674861 -0.714719415
0.996333420 0.007797762 0.085199311 -2.015792131 -0.012077942 0.998684287 0.049837913 -2.591457605 -0.084698588 -0.050684210 0.995116711 -0.712701559
0.996329129 0.009308005 0.085097663 -2.015044928 -0.013477871 0.998729408 0.048558526 -2.587580681 -0.084537558 -0.049527213 0.995188653 -0.711370826
0.999605596 0.026028134 0.010544718 -2.225979328 -0.026168164 0.999568164 0.013366655 -2.506245852 -0.010192255 -0.013637320 0.999855042 -1.219330311
0.999714375 0.018952738 0.014557869 -2.224675179 -0.019037656 0.999802411 0.005716892 -2.504554987 -0.014446641 -0.005992407 0.999877691 -1.222571015
0.999761224 0.010508673 0.019159956 -2.224387884 -0.010433832 0.999937534 -0.004001928 -2.504268885 -0.019200815 0.003801061 0.999808431 -1.224754810
0.999633968 0.010206291 0.025055908 -2.223332882 -0.009814921 0.999828696 -0.015693435 -2.505458117 -0.025211785 0.015441769 0.999562860 -1.221763253
0.999476254 0.009714437 0.030868791 -2.222304106 -0.008840867 0.999560058 -0.028311010 -2.506116867 -0.031130236 0.028023276 0.999122441 -1.223694682
0.999371529 0.007400185 0.034667473 -2.221660852 -0.006213708 0.999395430 -0.034208097 -2.506084442 -0.034899663 0.033971183 0.998813272 -1.224953771
0.999168277 0.007657756 0.040051688 -2.220021725 -0.006406020 0.999489844 -0.031288501 -2.505049467 -0.040270854 0.031005904 0.998707592 -1.224765420
0.999137282 0.005043198 0.041222457 -2.219110727 -0.003736258 0.999489784 -0.031720348 -2.504535913 -0.041361395 0.031538963 0.998646319 -1.224938512
0.999156475 0.000614745 0.041060902 -2.218904495 0.000724467 0.999468446 -0.032592420 -2.504083872 -0.041059114 0.032594677 0.998624921 -1.226055145
0.999184608 -0.002401569 0.040303934 -2.218918562 0.003728332 0.999452472 -0.032876141 -2.504557133 -0.040202912 0.032999597 0.998646438 -1.224668741
0.999177277 -0.000557457 0.040551964 -2.219130754 0.001878252 0.999468684 -0.032539640 -2.504319429 -0.040512282 0.032589037 0.998647451 -1.225398064
0.999196112 -0.002848263 0.039988436 -2.218523264 0.004170866 0.999445677 -0.033030272 -2.504026175 -0.039872192 0.033170506 0.998654068 -1.224343777
0.999200940 -0.002873646 0.039865725 -2.218227148 0.004187832 0.999449193 -0.032921068 -2.504170895 -0.039749160 0.033061713 0.998662591 -1.224561334
0.999221444 -0.005389503 0.039082576 -2.218748331 0.006684199 0.999430597 -0.033072557 -2.504287720 -0.038882080 0.033308048 0.998688519 -1.224707961
0.999225318 -0.005242817 0.039003924 -2.218822002 0.006530428 0.999435365 -0.032958549 -2.504408121 -0.038809106 0.033187728 0.998695374 -1.224118829
0.999226689 -0.005407583 0.038946506 -2.219755888 0.006692895 0.999434650 -0.032947607 -2.504550219 -0.038746323 0.033182792 0.998697937 -1.225157738
0.999222755 -0.004956487 0.039106548 -2.219234943 0.006247861 0.999436855 -0.032969166 -2.504582882 -0.038921110 0.033187870 0.998691022 -1.226721168
0.999230742 -0.005308083 0.038855150 -2.219130993 0.006583316 0.999441385 -0.032766160 -2.504600525 -0.038659520 0.032996748 0.998707473 -1.227224231
0.999226391 -0.005410735 0.038953368 -2.219218493 0.006692424 0.999437928 -0.032848321 -2.504697323 -0.038753737 0.033083603 0.998700976 -1.226568341
0.999222636 -0.005409597 0.039049137 -2.219227791 0.006693861 0.999438465 -0.032832950 -2.504709959 -0.038849596 0.033068821 0.998697758 -1.226492405
0.999227047 -0.005403511 0.038936540 -2.219737291 0.006685819 0.999436975 -0.032878693 -2.504612684 -0.038736962 0.033113603 0.998700619 -1.224866033
0.999232471 -0.005806820 0.038740274 -2.219867706 0.007083891 0.999433219 -0.032909568 -2.504722357 -0.038527217 0.033158738 0.998707235 -1.223629475
0.999228299 -0.005820694 0.038845446 -2.219920635 0.007100080 0.999434114 -0.032879014 -2.504736900 -0.038632084 0.033129442 0.998704135 -1.223721147
0.999225974 -0.005512456 0.038949199 -2.219724655 0.006792406 0.999438643 -0.032806475 -2.504695654 -0.038746491 0.033045638 0.998702526 -1.225215316
0.999233007 -0.005772394 0.038730290 -2.219879389 0.007047554 0.999434829 -0.032868769 -2.504916191 -0.038518671 0.033116516 0.998708963 -1.223687768
0.999227822 -0.005618017 0.038887449 -2.219749451 0.006894802 0.999438882 -0.032776989 -2.504667997 -0.038681485 0.033019803 0.998705864 -1.224726319
0.999229550 -0.005787462 0.038817611 -2.219819307 0.007063093 0.999436796 -0.032805957 -2.504630804 -0.038605887 0.033054851 0.998707652 -1.223999739
0.999225736 -0.005793551 0.038915522 -2.219948292 0.007075338 0.999434233 -0.032881159 -2.504613400 -0.038703009 0.033131037 0.998701334 -1.223582983
0.999225914 -0.005375530 0.038969908 -2.219981909 0.006663579 0.999433219 -0.032998241 -2.504697323 -0.038770434 0.033232376 0.998695374 -1.223974943
0.999226153 -0.005583959 0.038935289 -2.219835520 0.006864866 0.999436975 -0.032842673 -2.504620552 -0.038729973 0.033084542 0.998701870 -1.224844575
0.999230087 -0.005474411 0.038848750 -2.219693661 0.006749835 0.999439955 -0.032775659 -2.504711390 -0.038647562 0.033012647 0.998707414 -1.224753857
0.999224842 -0.005179209 0.039024260 -2.219646692 0.006467497 0.999435782 -0.032958921 -2.504372358 -0.038831543 0.033185761 0.998694539 -1.224834800
0.999225378 -0.005255416 0.039000940 -2.219719887 0.006544007 0.999434412 -0.032986235 -2.504358292 -0.038805526 0.033215906 0.998694539 -1.224996328
0.999225736 -0.005393913 0.038971841 -2.219721317 0.006681067 0.999433875 -0.032973409 -2.504464149 -0.038771927 0.033208251 0.998696148 -1.224421620
0.999225080 -0.005464720 0.038979337 -2.219740391 0.006753808 0.999431968 -0.033016436 -2.504531384 -0.038776770 0.033254109 0.998694420 -1.224348068
0.999225736 -0.005640059 0.038937971 -2.219641924 0.006920633 0.999436915 -0.032831497 -2.504823923 -0.038730875 0.033075549 0.998702109 -1.224834561
0.999220073 -0.005299407 0.039129972 -2.219722033 0.006587276 0.999438345 -0.032857385 -2.505142689 -0.038933873 0.033089515 0.998693764 -1.223672390
0.999220610 -0.005295511 0.039116990 -2.219511747 0.006582457 0.999438763 -0.032844733 -2.504949808 -0.038921107 0.033076618 0.998694718 -1.224664688
0.999221206 -0.005366772 0.039091367 -2.219505310 0.006654967 0.999436557 -0.032898195 -2.504815102 -0.038892787 0.033132724 0.998693943 -1.224596620
0.999218225 -0.005144268 0.039198376 -2.219557285 0.006435519 0.999438345 -0.032886807 -2.504905701 -0.039007179 0.033113357 0.998690128 -1.224465370
0.999229074 -0.005719361 0.038839493 -2.219656944 0.006993144 0.999439418 -0.032739829 -2.504972458 -0.038630467 0.032986198 0.998708963 -1.224907517
0.999217331 -0.005732326 0.039138921 -2.219766855 0.007021129 0.999434948 -0.032871272 -2.504950047 -0.038928375 0.033120345 0.998692930 -1.224820256
0.999217629 -0.005779778 0.039125070 -2.219768286 0.007073051 0.999430418 -0.032997541 -2.504955292 -0.038912065 0.033248454 0.998689353 -1.224343538
0.999217212 -0.005730824 0.039142039 -2.219784737 0.007020295 0.999434471 -0.032885779 -2.505004406 -0.038931441 0.033134822 0.998692334 -1.224271894
0.999221861 -0.005881254 0.039000899 -2.219635725 0.007162342 0.999436617 -0.032789718 -2.504760265 -0.038786083 0.033043545 0.998701036 -1.224917054
0.999225974 -0.005572909 0.038941037 -2.219471216 0.006850581 0.999439955 -0.032754377 -2.505011559 -0.038736690 0.032995790 0.998704553 -1.224826813
0.999226213 -0.005691273 0.038917821 -2.219606638 0.006969536 0.999437988 -0.032788802 -2.504943848 -0.038709339 0.033034671 0.998704314 -1.224916101
0.999225974 -0.005616442 0.038935207 -2.219823599 0.006896440 0.999437511 -0.032819141 -2.505420208 -0.038728982 0.033062253 0.998702645 -1.225279093
0.999226272 -0.005667234 0.038919788 -2.219861507 0.006946701 0.999437213 -0.032818291 -2.505505562 -0.038711894 0.033063266 0.998703241 -1.225376248
0.999223590 -0.005484257 0.039015330 -2.219771385 0.006768472 0.999437034 -0.032860093 -2.505501509 -0.038813151 0.033098653 0.998698175 -1.225374818
0.999224663 -0.005669031 0.038960632 -2.219910383 0.006949577 0.999437392 -0.032811251 -2.505486250 -0.038752709 0.033056568 0.998701930 -1.225463986
0.999222934 -0.005646180 0.039007857 -2.219907761 0.006928335 0.999437511 -0.032812536 -2.505413532 -0.038800649 0.033057295 0.998700023 -1.225476027
0.999224365 -0.005706404 0.038962934 -2.219868183 0.006990055 0.999434590 -0.032889076 -2.505315065 -0.038753223 0.033135921 0.998699248 -1.225505233
0.999223590 -0.005667810 0.038988110 -2.219823122 0.006952907 0.999434292 -0.032905027 -2.505250454 -0.038779553 0.033150561 0.998697758 -1.225475788
0.999223769 -0.005763582 0.038969807 -2.219765902 0.007045703 0.999435663 -0.032843504 -2.505151987 -0.038758516 0.033092577 0.998700500 -1.225533962
0.999225497 -0.005641402 0.038943298 -2.219739676 0.006926836 0.999432921 -0.032952257 -2.504544973 -0.038735315 0.033196487 0.998697937 -1.223921657
0.999226272 -0.005672982 0.038918540 -2.219766378 0.006957511 0.999432802 -0.032949943 -2.504529715 -0.038709544 0.033195224 0.998698950 -1.223901629
0.999228537 -0.005750664 0.038849827 -2.219871759 0.007035437 0.999430120 -0.033014905 -2.504262447 -0.038637828 0.033262763 0.998699486 -1.224253893
0.999226213 -0.005784849 0.038903862 -2.219892740 0.007073311 0.999428213 -0.033063456 -2.504274368 -0.038690351 0.033313051 0.998695791 -1.224179268
0.999225676 -0.005787748 0.038917486 -2.219768524 0.007079403 0.999425828 -0.033134110 -2.504409075 -0.038703371 0.033383965 0.998692930 -1.224332452
0.999226809 -0.005833860 0.038881846 -2.219774961 0.007123737 0.999426067 -0.033118695 -2.504454136 -0.038666323 0.033370070 0.998694837 -1.224340558
0.999226689 -0.005878822 0.038878229 -2.219708681 0.007168892 0.999425471 -0.033126600 -2.504503965 -0.038661148 0.033379696 0.998694718 -1.224488735
0.999227107 -0.005891495 0.038864601 -2.219568968 0.007183778 0.999423087 -0.033195499 -2.504655361 -0.038646605 0.033449035 0.998692930 -1.224717736
0.999228954 -0.005914965 0.038813032 -2.219610214 0.007202278 0.999425709 -0.033111487 -2.504688501 -0.038594887 0.033365499 0.998697758 -1.224763155
0.999230266 -0.005860916 0.038788874 -2.219567537 0.007144356 0.999428749 -0.033032369 -2.504713535 -0.038573112 0.033284064 0.998701274 -1.224854946
0.999229789 -0.005908536 0.038793396 -2.219803572 0.007196204 0.999424875 -0.033137698 -2.504229546 -0.038575288 0.033391338 0.998697639 -1.223167539
0.996765792 0.025093393 -0.076343030 -0.875759721 -0.027140768 0.999296069 -0.025899690 -2.223121405 0.075639382 0.027887933 0.996745169 -1.311768651
0.996767700 0.025080502 -0.076322459 -0.875744760 -0.027115647 0.999300659 -0.025746537 -2.223161221 0.075623356 0.027732851 0.996750712 -1.311875939
0.996746421 0.025585558 -0.076432653 -0.875719070 -0.027644742 0.999279499 -0.026005568 -2.222984314 0.075712211 0.028033918 0.996735573 -1.312195897
0.996749520 0.025381764 -0.076460041 -0.875866532 -0.027444715 0.999283791 -0.026051795 -2.223126888 0.075744040 0.028065538 0.996732235 -1.311429620
0.996738493 0.025505831 -0.076562956 -0.875768244 -0.027564557 0.999283016 -0.025953926 -2.223155022 0.075846091 0.027979702 0.996726871 -1.311882734
0.996728957 0.025290005 -0.076757789 -0.875292242 -0.027358543 0.999287009 -0.026017951 -2.222337723 0.076045066 0.028032826 0.996710241 -1.311611414
0.996704280 0.025500471 -0.077008270 -0.875466526 -0.027570954 0.999283135 -0.025943941 -2.222428083 0.076291479 0.027981630 0.996692836 -1.312438250
0.996664405 0.025191244 -0.077623516 -0.875585377 -0.027262285 0.999296963 -0.025737252 -2.222489119 0.076920584 0.027767599 0.996650457 -1.311280131
0.996694982 0.025389120 -0.077165544 -0.875441134 -0.027443904 0.999293268 -0.025685379 -2.222508907 0.076458886 0.027718211 0.996687412 -1.312530279
0.996713996 0.025295090 -0.076950088 -0.875388026 -0.027348138 0.999294400 -0.025744373 -2.222529173 0.076244593 0.027764218 0.996702492 -1.312280059
0.996723711 0.025536936 -0.076744162 -0.875369430 -0.027580295 0.999289572 -0.025684580 -2.223037004 0.076033734 0.027717058 0.996719956 -1.311577201
0.996732533 0.025536556 -0.076630235 -0.875151157 -0.027571056 0.999291718 -0.025610000 -2.223519325 0.075921968 0.027639095 0.996730626 -1.310190439
0.996742606 0.025315823 -0.076572053 -0.875504613 -0.027364289 0.999291956 -0.025822124 -2.222526312 0.075864129 0.027833352 0.996729612 -1.310729265
0.996754646 0.025025446 -0.076510765 -0.875509024 -0.027067393 0.999301434 -0.025768766 -2.222442389 0.075812437 0.027756086 0.996735692 -1.311241150
0.996746540 0.025226051 -0.076550722 -0.875243723 -0.027272372 0.999294937 -0.025804799 -2.222377300 0.075845793 0.027808562 0.996731699 -1.311571360
0.996757686 0.025253018 -0.076396443 -0.875468493 -0.027294775 0.999294400 -0.025800629 -2.222256660 0.075690992 0.027802197 0.996743679 -1.311610937
0.996748924 0.025133669 -0.076549791 -0.875052094 -0.027181786 0.999296665 -0.025831865 -2.221957922 0.075846709 0.027828643 0.996731102 -1.312595487
0.996750057 0.025277317 -0.076487474 -0.875312984 -0.027328745 0.999291062 -0.025893530 -2.222038507 0.075778730 0.027899684 0.996734262 -1.311683297
0.996749580 0.024911297 -0.076614030 -0.875397444 -0.026956437 0.999304235 -0.025776660 -2.222222805 0.075918593 0.027758116 0.996727586 -1.311354041
0.996748090 0.024956357 -0.076618724 -0.875440598 -0.027010582 0.999299765 -0.025892710 -2.222230911 0.075918891 0.027878026 0.996724188 -1.311599374
