0.999993861 -0.000365369 0.003480303 -2.000582457 0.000426179 0.999846995 -0.017487898 2.586461306 -0.003473381 0.017489273 0.999841034 0.188147053
0.999994099 -0.000427820 0.003415107 -2.000560760 0.000487075 0.999849021 -0.017368838 2.586424589 -0.003407161 0.017370399 0.999843299 0.188112363
0.999993622 -0.000352093 0.003561439 -2.001121759 0.000414007 0.999848545 -0.017398780 2.586133003 -0.003554773 0.017400144 0.999842286 0.188462764
0.999993801 -0.000582832 0.003475159 -2.000880003 0.000643451 0.999847233 -0.017467821 2.586194038 -0.003464448 0.017469948 0.999841392 0.188540906
0.999993622 -0.000437687 0.003544276 -2.000503302 0.000499381 0.999848068 -0.017424518 2.586492538 -0.003536111 0.017426176 0.999841928 0.187905431
0.999992728 -0.000277012 0.003799357 -2.000817299 0.000342956 0.999849141 -0.017366996 2.586320639 -0.003793973 0.017368173 0.999841988 0.188264862
0.999993145 -0.000565591 0.003655054 -2.000914812 0.000629495 0.999846578 -0.017506164 2.586399317 -0.003644592 0.017508343 0.999840081 0.189033240
0.999993622 -0.000440605 0.003549356 -2.000804663 0.000502384 0.999848068 -0.017423622 2.586385727 -0.003541140 0.017425295 0.999841869 0.188140810
0.999993563 -0.000273188 0.003571294 -2.000479937 0.000335314 0.999848425 -0.017406849 2.586324930 -0.003565997 0.017407933 0.999842107 0.187644750
0.999994159 -0.000016367 0.003415629 -2.000481367 0.000075319 0.999851048 -0.017259995 2.586393118 -0.003414838 0.017260151 0.999845207 0.187728256
0.999993324 -0.000742363 0.003585871 -2.001053810 0.000804815 0.999847472 -0.017446343 2.586312771 -0.003572372 0.017449111 0.999841392 0.188849062
0.999993145 -0.000680638 0.003636213 -2.001406193 0.000744100 0.999846935 -0.017480120 2.586275101 -0.003623759 0.017482705 0.999840617 0.189375922
0.999993384 -0.000425000 0.003604737 -2.000440121 0.000487489 0.999849319 -0.017352328 2.586512566 -0.003596819 0.017353971 0.999842942 0.187828109
0.999993920 -0.000842958 0.003390578 -2.000647545 0.000901979 0.999847472 -0.017443493 2.586617708 -0.003375356 0.017446443 0.999842107 0.188479036
0.999992788 -0.000413809 0.003781130 -2.000871897 0.000480060 0.999846101 -0.017537585 2.586528063 -0.003773291 0.017539272 0.999839067 0.188140303
0.999992907 -0.000325382 0.003754569 -2.001312733 0.000391553 0.999844372 -0.017636981 2.586505651 -0.003748245 0.017638326 0.999837399 0.189078405
0.999993622 -0.000401470 0.003548645 -2.000696182 0.000462898 0.999849796 -0.017326372 2.586585522 -0.003541156 0.017327903 0.999843597 0.187998563
0.999993384 -0.000311886 0.003623837 -2.000509977 0.000374300 0.999851406 -0.017235314 2.586472273 -0.003617923 0.017236559 0.999844909 0.187945619
0.999993742 -0.000063523 0.003541347 -2.000237703 0.000124541 0.999851525 -0.017232658 2.586455345 -0.003539726 0.017232990 0.999845207 0.187861100
0.999993622 -0.000562208 0.003530256 -2.000848770 0.000623187 0.999850214 -0.017295832 2.586489439 -0.003520004 0.017297922 0.999844193 0.188927382
0.999993384 -0.000500421 0.003602559 -2.000943899 0.000563092 0.999848187 -0.017416235 2.586540699 -0.003593297 0.017418150 0.999841809 0.188111082
0.999993384 -0.000679373 0.003578478 -2.001033545 0.000741569 0.999848187 -0.017408069 2.586656332 -0.003566108 0.017410606 0.999842048 0.188715383
0.999993324 -0.000190156 0.003651181 -2.001138687 0.000253859 0.999847651 -0.017454816 2.586703300 -0.003647305 0.017455624 0.999840975 0.189275593
0.999993742 -0.000213362 0.003529077 -2.000972748 0.000275106 0.999846756 -0.017504567 2.586489201 -0.003524802 0.017505428 0.999840558 0.188715294
0.999993384 -0.000511314 0.003600497 -2.001015663 0.000574140 0.999847233 -0.017469721 2.586544991 -0.003591015 0.017471673 0.999840915 0.188165873
0.999993682 -0.000393710 0.003526973 -2.000410557 0.000455240 0.999847412 -0.017461915 2.586441040 -0.003519560 0.017463408 0.999841332 0.188302845
0.999993682 -0.000537142 0.003506790 -2.000652313 0.000598592 0.999845862 -0.017545585 2.586519718 -0.003496825 0.017547574 0.999839902 0.188744992
0.999993324 -0.000671581 0.003598527 -2.001508713 0.000734580 0.999845982 -0.017534291 2.586547375 -0.003586197 0.017536817 0.999839783 0.189326257
0.999993503 -0.000547996 0.003558973 -2.000835419 0.000610210 0.999846637 -0.017503316 2.586500645 -0.003548835 0.017505376 0.999840498 0.188216284
0.999993861 -0.000708867 0.003428022 -2.000562906 0.000768512 0.999847770 -0.017429572 2.586455345 -0.003415145 0.017432101 0.999842227 0.188498825
0.999993622 -0.000604032 0.003516122 -2.000886202 0.000665385 0.999847114 -0.017474147 2.586439133 -0.003505029 0.017476374 0.999841154 0.188112378
0.999993443 -0.000520017 0.003583822 -2.000924349 0.000582304 0.999848425 -0.017400946 2.586427689 -0.003574230 0.017402921 0.999842167 0.188166231
0.999993742 -0.000582208 0.003497217 -2.000633717 0.000642991 0.999848306 -0.017404426 2.586513042 -0.003486553 0.017406564 0.999842405 0.188230753
0.999993324 -0.000868393 0.003545128 -2.000438213 0.000930054 0.999847651 -0.017428808 2.586598873 -0.003529453 0.017431989 0.999841809 0.188784331
0.999993384 -0.000806196 0.003541343 -2.000666380 0.000867922 0.999847114 -0.017463354 2.586592913 -0.003526723 0.017466312 0.999841213 0.188921556
0.999993563 -0.000393092 0.003559437 -2.000789881 0.000455008 0.999848306 -0.017410865 2.586414576 -0.003552053 0.017412374 0.999842107 0.187895581
0.999993801 -0.000699372 0.003444053 -2.000689983 0.000759075 0.999848962 -0.017364440 2.586553335 -0.003431389 0.017366948 0.999843299 0.188279331
0.999993682 -0.000705417 0.003480448 -2.000697136 0.000765879 0.999848306 -0.017401114 2.586550236 -0.003467645 0.017403670 0.999842525 0.188306227
0.999993622 -0.000824694 0.003476351 -2.000701904 0.000885346 0.999846816 -0.017481819 2.586608171 -0.003461401 0.017484784 0.999841154 0.188618630
0.999993622 -0.001065749 0.003408297 -2.000901222 0.001125094 0.999846995 -0.017457524 2.586549997 -0.003389170 0.017461246 0.999841809 0.188819870
0.999993742 -0.000718491 0.003464818 -2.000741482 0.000778548 0.999848962 -0.017363220 2.586567402 -0.003451820 0.017365810 0.999843240 0.188241884
0.999993682 -0.000713702 0.003475331 -2.000725269 0.000773951 0.999848902 -0.017365949 2.586506367 -0.003462412 0.017368531 0.999843180 0.188220531
0.999993682 -0.000734794 0.003473538 -2.000620127 0.000795412 0.999846876 -0.017482109 2.586409807 -0.003460161 0.017484762 0.999841154 0.188301176
0.999993563 -0.000945969 0.003453114 -2.000656605 0.001006382 0.999845743 -0.017535748 2.586366653 -0.003435993 0.017539112 0.999840260 0.188274890
0.999994040 -0.000681328 0.003376926 -2.000649691 0.000740268 0.999846876 -0.017483378 2.586458683 -0.003364497 0.017485773 0.999841452 0.188130364
0.999993980 -0.000827441 0.003371841 -2.000667810 0.000886304 0.999846578 -0.017493153 2.586385965 -0.003356849 0.017496036 0.999841273 0.188105151
0.999993622 -0.000904175 0.003458407 -2.000651598 0.000964721 0.999845624 -0.017545547 2.586247206 -0.003442009 0.017548773 0.999840081 0.188202769
0.999993503 -0.000989116 0.003461356 -2.000682116 0.001049648 0.999845803 -0.017530270 2.586246490 -0.003443482 0.017533790 0.999840319 0.188231483
0.999993622 -0.000887343 0.003463337 -2.000681400 0.000947788 0.999846578 -0.017490422 2.586350918 -0.003447286 0.017493593 0.999841034 0.188080490
0.999993622 -0.000888828 0.003457041 -2.000715494 0.000948949 0.999847651 -0.017428422 2.586416006 -0.003441023 0.017431593 0.999842107 0.188047931
0.999993086 -0.001119633 0.003545946 -2.000968456 0.001181424 0.999846637 -0.017471941 2.586738348 -0.003525840 0.017476009 0.999841094 0.188064173
0.999993086 -0.001099409 0.003557701 -2.000945330 0.001161352 0.999846935 -0.017455937 2.586801529 -0.003537965 0.017459949 0.999841332 0.188041806
0.999993742 -0.001008176 0.003399658 -2.000771284 0.001067035 0.999848783 -0.017356183 2.586494207 -0.003381646 0.017359700 0.999843597 0.188114017
0.999993920 -0.000884015 0.003366286 -2.000696421 0.000942661 0.999847114 -0.017459989 2.586631775 -0.003350336 0.017463055 0.999841869 0.188034594
0.999993861 -0.000932034 0.003377653 -2.000368118 0.000991323 0.999844730 -0.017594351 2.587105036 -0.003360730 0.017597592 0.999839485 0.187500760
0.999994516 -0.000835649 0.003201074 -2.000500202 0.000891700 0.999845624 -0.017548880 2.586873055 -0.003185915 0.017551636 0.999840856 0.187829912
0.999994457 -0.000728229 0.003242330 -2.000560522 0.000785295 0.999844193 -0.017634071 2.586772203 -0.003228983 0.017636519 0.999839246 0.188142776
0.999994755 -0.000809993 0.003139715 -2.000459909 0.000865185 0.999844432 -0.017617151 2.586835146 -0.003124957 0.017619774 0.999839902 0.188053533
0.999993563 -0.001068403 0.003431250 -2.000060081 0.001128835 0.999843419 -0.017658904 2.586858988 -0.003411846 0.017662663 0.999838173 0.187674850
0.999993801 -0.001352312 0.003252171 -1.999886274 0.001409479 0.999843419 -0.017640403 2.586861134 -0.003227806 0.017644877 0.999839127 0.187421083
0.999994040 -0.000690732 0.003380883 -2.000099182 0.000750264 0.999844134 -0.017639017 2.586810112 -0.003368172 0.017641449 0.999838710 0.188015044
0.999985099 -0.000372538 0.005441549 -2.105104685 0.000481111 0.999800563 -0.019965032 2.823625326 -0.005433026 0.019967353 0.999785900 0.151114479
0.999995649 0.000266717 0.002945624 -2.105577707 -0.000223658 0.999893248 -0.014608653 2.820258617 -0.002949206 0.014607931 0.999888957 0.148673162
0.999996424 -0.002229006 -0.001469779 -2.106064558 0.002206551 0.999883473 -0.015106673 2.814104795 0.001503280 0.015103376 0.999884784 0.147115424
0.999971688 -0.004255123 -0.006207375 -2.107681274 0.004119481 0.999755979 -0.021703258 2.803402901 0.006298211 0.021677073 0.999745190 0.145731866
0.999895394 -0.007083710 -0.012612166 -2.108137369 0.006672323 0.999453783 -0.032366838 2.791001797 0.012834555 0.032279301 0.999396503 0.138540149
0.999779701 -0.009420283 -0.018755589 -2.108493328 0.008604877 0.999034107 -0.043091286 2.775330067 0.019143403 0.042920407 0.998895049 0.130623460
0.999612689 -0.011478840 -0.025351640 -2.108390331 0.010221804 0.998738170 -0.049168848 2.756001234 0.025884051 0.048890665 0.998468697 0.126450002
0.999330997 -0.014040427 -0.033769581 -2.108150721 0.012344791 0.998677611 -0.049906690 2.736529350 0.034425635 0.049456421 0.998182833 0.117717586
0.998870254 -0.020303722 -0.042964160 -2.107922316 0.018326130 0.998776436 -0.045932516 2.715508223 0.043844193 0.045093261 0.998020172 0.111853018
0.998357594 -0.026925711 -0.050567832 -2.107491493 0.025013262 0.998961627 -0.038079008 2.693512201 0.051540624 0.036751598 0.997994423 0.102412447
0.997617722 -0.035685509 -0.059037920 -2.108372450 0.033770137 0.998880386 -0.033129010 2.671147108 0.060154047 0.031056369 0.997705877 0.096120082
0.996982753 -0.039547566 -0.066793807 -2.107603073 0.037300278 0.998706162 -0.034564044 2.649356365 0.068074308 0.031968329 0.997167945 0.089852385
0.996867657 -0.034600634 -0.071117528 -2.106936455 0.031686161 0.998627245 -0.041708827 2.624752283 0.072463058 0.039324738 0.996595562 0.079958893
0.996654391 -0.028981753 -0.076420613 -2.107831717 0.025090653 0.998363197 -0.051394608 2.602100849 0.077785037 0.049305219 0.995750189 0.074393086
0.996019542 -0.027369218 -0.084829167 -2.108303070 0.022168847 0.997851551 -0.061651107 2.577867031 0.086334258 0.059525143 0.994486392 0.064431421
0.994919896 -0.033673923 -0.094870791 -2.109066486 0.026932670 0.997079611 -0.071462803 2.553333044 0.097000167 0.068544634 0.992921233 0.055399664
0.993595660 -0.045468315 -0.103442028 -2.109159231 0.037116244 0.995999873 -0.081281230 2.528600693 0.106723964 0.076921299 0.991308808 0.052819267
0.992361844 -0.057381019 -0.109203562 -2.108304501 0.047582105 0.994776011 -0.090313874 2.503835917 0.113815382 0.084427901 0.989908099 0.046249706
0.991793513 -0.063550264 -0.110936917 -2.106658459 0.052667987 0.993751168 -0.098410718 2.481504202 0.116497718 0.091760285 0.988943040 0.038590651
0.991459787 -0.067956716 -0.111307442 -2.103773355 0.056379236 0.992972910 -0.104049012 2.463890076 0.117596105 0.096884981 0.988324046 0.032363679
0.991452157 -0.068579234 -0.110993356 -2.099273205 0.056655832 0.992618978 -0.107227191 2.447174072 0.117527664 0.100022212 0.988019645 0.022659665
0.991375864 -0.068223163 -0.111890428 -2.096602678 0.056003775 0.992470145 -0.108933881 2.437413931 0.118479721 0.101728141 0.987731695 0.019347148
0.991640627 -0.067479350 -0.109979175 -2.095819473 0.055238079 0.992308199 -0.110784501 2.434056520 0.116608895 0.103783369 0.987740517 0.020648101
0.992419362 -0.064334102 -0.104713574 -2.090314865 0.052224755 0.992045403 -0.114536196 2.434078455 0.111249194 0.108199298 0.987884879 0.016871255
0.993831038 -0.057407457 -0.094890937 -2.086621284 0.045893531 0.991790354 -0.119355433 2.440634727 0.100963801 0.114264257 0.988306642 0.018534133
0.994470000 -0.055028263 -0.089449838 -2.082128525 0.043779369 0.991417766 -0.123183355 2.454601526 0.095460728 0.118586093 0.988344371 0.028746266
0.994762242 -0.053779844 -0.086923867 -2.081661463 0.042770598 0.991373301 -0.123893782 2.472738504 0.092836991 0.119527072 0.988480926 0.039246939
0.995127976 -0.050259002 -0.084819250 -2.079516649 0.039829560 0.991918802 -0.120460130 2.491209984 0.090188019 0.116494931 0.989087999 0.044268422
0.995560706 -0.044095132 -0.083153322 -2.076106071 0.034740176 0.993238509 -0.110771663 2.511840820 0.087475568 0.107391156 0.990361154 0.049180422
0.996134520 -0.035976827 -0.080135681 -2.074627161 0.028161628 0.994924366 -0.096604355 2.535705090 0.083204456 0.093974181 0.992091656 0.056600936
0.996600688 -0.027537115 -0.077645428 -2.072037220 0.021368846 0.996631086 -0.079182252 2.561726093 0.079564296 0.077253893 0.993831635 0.064821400
0.997078657 -0.019304691 -0.073901929 -2.066366196 0.014822559 0.998044491 -0.060724851 2.586904049 0.074929692 0.059452038 0.995414972 0.072553039
0.997350752 -0.013185493 -0.071537331 -2.063475609 0.009882742 0.998877406 -0.046327293 2.610749960 0.072067872 0.045497574 0.996361494 0.080702387
0.997525811 -0.007807503 -0.069865972 -2.060579062 0.005328133 0.999351799 -0.035603758 2.634455681 0.070098653 0.035143416 0.996920824 0.087717772
0.997606337 -0.003351616 -0.069067553 -2.058373451 0.001325784 0.999568164 -0.029356159 2.657742262 0.069136113 0.029194321 0.997179985 0.095130816
0.997600615 -0.000648788 -0.069228798 -2.055986166 -0.001203871 0.999642313 -0.026716311 2.679805279 0.069221377 0.026735552 0.997242987 0.100902691
0.997736752 0.005367957 -0.067026563 -2.054123878 -0.007236704 0.999590933 -0.027669093 2.700270414 0.066850625 0.028091522 0.997367442 0.104190536
0.997974336 0.014805324 -0.061870575 -2.051869154 -0.016599670 0.999453425 -0.028588912 2.718911648 0.061413489 0.029558031 0.997674644 0.107557677
0.997968674 0.025719559 -0.058283746 -2.050356627 -0.027338384 0.999257505 -0.027149782 2.734420300 0.057542190 0.028688014 0.997930825 0.109602377
0.997751713 0.037563175 -0.055502426 -2.050371408 -0.038876772 0.998984337 -0.022779986 2.749337196 0.054590363 0.024886526 0.998198628 0.117399752
0.997296333 0.048070479 -0.055581294 -2.048565626 -0.048988987 0.998682380 -0.015282026 2.750702381 0.054773442 0.017963579 0.998337209 0.111908734
0.996841788 0.055161100 -0.057128970 -2.048519373 -0.055599783 0.998434424 -0.006116837 2.749355793 0.056702118 0.009273877 0.998348057 0.110284761
0.996512890 0.056236297 -0.061640054 -2.048779488 -0.056215040 0.998416543 0.002080393 2.740789413 0.061659440 0.001391960 0.998096287 0.106339425
0.996225715 0.054753888 -0.067351967 -2.048855543 -0.054433372 0.998495698 0.006586276 2.725264788 0.067611277 -0.002895223 0.997707546 0.100608937
0.996030629 0.051292788 -0.072746038 -2.047210932 -0.050957311 0.998679936 0.006461317 2.701396942 0.072981432 -0.002728728 0.997329593 0.087514080
0.995784402 0.044860985 -0.080006063 -2.046940088 -0.044750247 0.998993158 0.003177468 2.676857233 0.080068052 0.000416219 0.996789336 0.079046018
0.995564163 0.037643392 -0.086226374 -2.046766758 -0.038059052 0.999270439 -0.003181149 2.649977446 0.086043715 0.006448731 0.996270478 0.070692450
0.995346963 0.030330095 -0.091457412 -2.047595739 -0.031643935 0.999415338 -0.012949542 2.624537230 0.091011181 0.015783360 0.995724797 0.067663707
0.995129466 0.025675369 -0.095174290 -2.045685768 -0.028345378 0.999238610 -0.026808709 2.590201855 0.094413497 0.029375888 0.995099545 0.050574545
0.994913042 0.021654580 -0.098382413 -2.045826912 -0.025941011 0.998759627 -0.042500790 2.560555220 0.097340047 0.044836733 0.994240701 0.042551849
0.995016336 0.017899856 -0.098092504 -2.046234846 -0.023677044 0.998032808 -0.058051333 2.531591892 0.096860431 0.060084566 0.993482709 0.035418272
0.995482743 0.013529542 -0.093973979 -2.046981335 -0.020271901 0.997258365 -0.071167365 2.503531694 0.092753470 0.072750911 0.993027747 0.029240061
0.996358395 0.012170753 -0.084390759 -2.046977520 -0.019074148 0.996491969 -0.081485607 2.477696180 0.083102971 0.082798548 0.993095338 0.023698287
0.997280300 0.014637994 -0.072233818 -2.048758268 -0.021100448 0.995760560 -0.089530423 2.455686331 0.070617042 0.090811089 0.993361235 0.019906027
0.998205185 0.018041197 -0.057104796 -2.049884558 -0.023461290 0.995132208 -0.095715307 2.437186003 0.055100001 0.096883260 0.993769407 0.016909484
0.998748779 0.020615369 -0.045561235 -2.051399708 -0.025062196 0.994742692 -0.099291615 2.422161818 0.043274771 0.100309245 0.994014740 0.014961110
0.998713255 0.018159453 -0.047350612 -2.053090572 -0.022877846 0.994614005 -0.101091862 2.409025192 0.045259807 0.102045059 0.993749619 0.009311752
0.998524666 0.015923766 -0.051912762 -2.054828644 -0.021205867 0.994471550 -0.102842659 2.401114941 0.049988121 0.103791788 0.993342042 0.008461887
0.998092353 0.013911190 -0.060150590 -2.056294203 -0.020213166 0.994217396 -0.105466329 2.398122549 0.058335606 0.106480978 0.992601991 0.007931034
0.997897983 0.015929401 -0.062816456 -2.057107925 -0.022763439 0.993712127 -0.109626539 2.400579214 0.060675189 0.110826023 0.991985917 0.009767130
0.997937262 0.021900665 -0.060345866 -2.056454897 -0.028687935 0.993065417 -0.114008941 2.408220768 0.057430521 0.115504973 0.991645277 0.013396475
0.997802377 0.027156495 -0.060439747 -2.057386398 -0.034113314 0.992519438 -0.117224112 2.421326399 0.056804229 0.119028300 0.991264641 0.020434419
0.997580826 0.031743515 -0.061845567 -2.057848692 -0.038893227 0.992243826 -0.118065499 2.438456535 0.057618070 0.120185249 0.991078019 0.028478665
0.997269452 0.036678225 -0.064096197 -2.058142662 -0.043925568 0.992325246 -0.115590364 2.458736181 0.059364624 0.118090197 0.991226792 0.037569784
0.996896684 0.040128551 -0.067725442 -2.057797909 -0.047312766 0.993019342 -0.108046696 2.481127501 0.062916912 0.110915676 0.991836250 0.046626508
0.996458948 0.044406030 -0.071398325 -2.058211088 -0.051094506 0.994188190 -0.094758905 2.505882263 0.066775508 0.098071419 0.992936552 0.056255005
0.995916009 0.046563555 -0.077350952 -2.058603048 -0.052479412 0.995703161 -0.076296568 2.531257629 0.073465951 0.080044299 0.994080305 0.065075710
0.995458305 0.045349844 -0.083702996 -2.058393240 -0.050002508 0.997269094 -0.054351844 2.557375669 0.081009567 0.058290355 0.995007396 0.074634217
0.994751811 0.042484220 -0.093080394 -2.061026335 -0.045648430 0.998440623 -0.032132313 2.581052780 0.091570131 0.036212645 0.995139956 0.079777792
0.994282424 0.039407283 -0.099244885 -2.061951399 -0.040877111 0.999081910 -0.012819705 2.604244232 0.098648585 0.016803252 0.994980454 0.086654499
0.994064689 0.035957351 -0.102676757 -2.061154604 -0.035961695 0.999351501 0.001809411 2.624738455 0.102675237 0.001893758 0.994713128 0.092653535
0.994111001 0.033871438 -0.102937244 -2.061748981 -0.033131141 0.999411464 0.008893472 2.645236015 0.103177898 -0.005430670 0.994648099 0.099831425
0.994413733 0.031351786 -0.100788862 -2.062162161 -0.030323239 0.999471426 0.011721211 2.663254976 0.101103067 -0.008599489 0.994838774 0.106037751
0.995018244 0.028557306 -0.095515601 -2.061929226 -0.027721213 0.999565005 0.010069259 2.678448200 0.095761605 -0.007371288 0.995377004 0.112184972
0.995701671 0.024102157 -0.089427456 -2.061997890 -0.023761993 0.999705791 0.004866626 2.690970898 0.089518443 -0.002720733 0.995981455 0.117569521
0.996406972 0.022704119 -0.081594288 -2.061970234 -0.022948934 0.999734521 -0.002063717 2.701711893 0.081525773 0.003928804 0.996663511 0.122418813
0.997067511 0.024045937 -0.072651051 -2.061506271 -0.024808668 0.999646008 -0.009614356 2.711188555 0.072394140 0.011388538 0.997311056 0.125604257
0.997606635 0.027676992 -0.063364156 -2.058781624 -0.028632581 0.999488831 -0.014222709 2.718536854 0.062938116 0.016002949 0.997889102 0.127874926
0.997883379 0.031036364 -0.057144638 -2.053203583 -0.031939097 0.999377966 -0.014952153 2.723166943 0.056645032 0.016745653 0.998253942 0.128331676
0.998040617 0.033903029 -0.052587859 -2.044716597 -0.034648325 0.999310732 -0.013325799 2.725839138 0.052099824 0.015121771 0.998527408 0.127808750
0.998352289 0.032639775 -0.047195319 -2.033912420 -0.033123646 0.999406040 -0.009506868 2.726445436 0.046856988 0.011054484 0.998840451 0.126320630
0.998809040 0.026730584 -0.040816743 -2.020146132 -0.026949288 0.999625206 -0.004817314 2.724867344 0.040672679 0.005911559 0.999155045 0.124241546
0.999227941 0.019599879 -0.034049407 -2.004079103 -0.019666271 0.999805272 -0.001616025 2.721184015 0.034011103 0.002284402 0.999418855 0.121610634
0.999555409 0.013371647 -0.026650256 -1.986397862 -0.013421117 0.999908507 -0.001678249 2.716363668 0.026625378 0.002035179 0.999643385 0.117979392
0.999800622 0.008332104 -0.018146576 -1.968320012 -0.008433386 0.999949276 -0.005511910 2.711426020 0.018099731 0.005663848 0.999820173 0.112651572
0.999927878 0.002455600 -0.011758718 -1.948313951 -0.002600711 0.999920487 -0.012341438 2.706034184 0.011727477 0.012371128 0.999854684 0.107749805
0.999982893 -0.003845313 -0.004405264 -1.926812172 0.003754164 0.999782503 -0.020515695 2.700772762 0.004483195 0.020498805 0.999779820 0.101963148
0.999931753 -0.011201167 0.003324441 -1.904186845 0.011294876 0.999496460 -0.029653091 2.696196556 -0.002990618 0.029688615 0.999554694 0.096044771
0.999708891 -0.021815810 0.010306578 -1.879987597 0.022192925 0.999030709 -0.038014639 2.693778515 -0.009467268 0.038232308 0.999224007 0.090833522
0.999369740 -0.030521618 0.018125646 -1.854674697 0.031339712 0.998416722 -0.046710994 2.691248894 -0.016671252 0.047249604 0.998744011 0.084950164
0.998930037 -0.038565736 0.025524868 -1.827298045 0.039941255 0.997644186 -0.055774514 2.689492464 -0.023313751 0.056734327 0.998117089 0.078530386
0.998474717 -0.043652773 0.033803314 -1.798086286 0.045780532 0.996836901 -0.064964339 2.688578129 -0.030860519 0.066412777 0.997314870 0.072322525
0.998010874 -0.045831792 0.043287046 -1.770756721 0.048907973 0.996138990 -0.072905265 2.688364267 -0.039778531 0.074877329 0.996399045 0.070320860
0.997504830 -0.047723226 0.052024551 -1.738784313 0.051712491 0.995592177 -0.078243606 2.689193964 -0.048061199 0.080738701 0.995575905 0.063014030
0.996964514 -0.044774346 0.063694321 -1.705386162 0.049953483 0.995363951 -0.082190722 2.690891027 -0.059718993 0.085122988 0.994579196 0.055730116
0.996423244 -0.041335981 0.073702648 -1.672036767 0.047541965 0.995285273 -0.084540099 2.693250895 -0.069860607 0.087741688 0.993690550 0.048247259
0.995935559 -0.040582005 0.080408446 -1.640365839 0.047304507 0.995380640 -0.083544686 2.695487261 -0.076646604 0.087008804 0.993254662 0.041640099
0.995391607 -0.042655505 0.085884273 -1.608853340 0.049496338 0.995631933 -0.079165332 2.698245764 -0.082132295 0.083051465 0.993154943 0.033422455
0.994456947 -0.046310015 0.094396710 -1.578030944 0.053142346 0.996045530 -0.071198374 2.700967789 -0.090726227 0.075820178 0.992985427 0.026208159
0.992951035 -0.052363813 0.106331125 -1.548449159 0.059117660 0.996361554 -0.061389834 2.703032494 -0.102729648 0.067243144 0.992433846 0.019273695
0.990832388 -0.059188738 0.121440776 -1.522554517 0.065855145 0.996492445 -0.051632397 2.705137014 -0.117958762 0.059156552 0.991254866 0.023037132
0.988361955 -0.067923158 0.136114120 -1.495722532 0.074486732 0.996263266 -0.043717008 2.705531836 -0.132636100 0.053346921 0.989728153 0.016882300
0.985627532 -0.075685114 0.151030153 -1.471046209 0.082510039 0.995809615 -0.039437197 2.704906702 -0.147412479 0.051331893 0.987742186 0.011169357
0.982526541 -0.082211375 0.166981757 -1.448990464 0.089941993 0.995172858 -0.039260954 2.703543425 -0.162948012 0.053593598 0.985177994 0.006549882
0.978951097 -0.084368907 0.185840487 -1.432208896 0.093821310 0.994674921 -0.042653952 2.702056170 -0.181252211 0.059191931 0.981653690 0.009519571
0.975314379 -0.083321281 0.204498038 -1.417476892 0.095011003 0.994317889 -0.048009064 2.699635267 -0.199335888 0.066253491 0.977688968 0.007456936
0.971886098 -0.079617575 0.221581846 -1.407810450 0.093777314 0.994121313 -0.054116994 2.696978569 -0.215970576 0.073374897 0.973638952 0.006960798
0.969013214 -0.076219752 0.234955087 -1.402941704 0.092558801 0.993939817 -0.059300099 2.694427013 -0.229011372 0.079209737 0.970195651 0.007182445
0.966996610 -0.073578015 0.243934140 -1.404907346 0.091455430 0.993828535 -0.062775806 2.693067074 -0.237809792 0.083013088 0.967757881 0.018264107
0.965862453 -0.072534710 0.248693362 -1.408773184 0.091090396 0.993789077 -0.063920461 2.689141035 -0.242512301 0.084391944 0.966470778 0.010578472
0.965497196 -0.071896471 0.250292033 -1.420860052 0.090592511 0.993830681 -0.063980818 2.687705994 -0.244147912 0.084447876 0.966054022 0.023476712
0.965978980 -0.070981972 0.248688877 -1.435980797 0.089449503 0.993949056 -0.063749820 2.685082674 -0.242659003 0.083826080 0.966483235 0.027272183
0.967373013 -0.068019912 0.244054824 -1.457500339 0.086223125 0.994173825 -0.064683437 2.683725357 -0.238233149 0.083616182 0.967601836 0.041639738
0.969410598 -0.064136028 0.236916944 -1.479560971 0.081773803 0.994504392 -0.065376602 2.680907965 -0.231421933 0.082750373 0.969327748 0.046885040
0.971678913 -0.062896430 0.227780864 -1.505227447 0.079500929 0.994748294 -0.064462230 2.677703857 -0.222530201 0.080745384 0.971576273 0.055295724
0.974301279 -0.066469818 0.215218097 -1.532236814 0.081375211 0.994806230 -0.061144412 2.673264027 -0.210036039 0.077086493 0.974649966 0.061702311
0.977075219 -0.071824148 0.200412855 -1.560165167 0.084992588 0.994698763 -0.057884287 2.667558908 -0.195192948 0.073590904 0.978000045 0.071126245
0.979225278 -0.075872935 0.188045755 -1.589467883 0.087929629 0.994516611 -0.056613971 2.661766768 -0.182719156 0.071972623 0.980527222 0.076530397
0.980821133 -0.075593442 0.179653779 -1.618747950 0.087329522 0.994470298 -0.058330026 2.655800343 -0.174250975 0.072900400 0.981999040 0.082996890
0.982352018 -0.072550938 0.172397539 -1.648243308 0.084369436 0.994489014 -0.062236249 2.650341988 -0.166932151 0.075682983 0.983059406 0.089143209
0.984203994 -0.070739508 0.162291050 -1.678566456 0.082443029 0.994371712 -0.066543348 2.647347927 -0.156670392 0.078871988 0.984496653 0.100568742
0.986188948 -0.069220990 0.150465444 -1.707609057 0.080319896 0.994379640 -0.068976991 2.643823624 -0.144845113 0.080109708 0.986206055 0.106846631
0.988120973 -0.067366488 0.138125509 -1.735018730 0.077505238 0.994574785 -0.069382921 2.641094446 -0.132702053 0.079264179 0.987981439 0.114277132
0.990199625 -0.066228151 0.122957692 -1.760966182 0.075079694 0.994800985 -0.068804577 2.638211966 -0.117761627 0.077361882 0.990023911 0.123284735
0.992147446 -0.064641804 0.107074201 -1.785409689 0.072241545 0.995019317 -0.068685256 2.635332584 -0.102100968 0.075881101 0.991875708 0.136581704
0.993567824 -0.062102158 0.094690494 -1.805832982 0.068825454 0.995206952 -0.069471136 2.631731272 -0.089922331 0.075541407 0.993079782 0.149817184
0.994381964 -0.059568256 0.087499514 -1.822764754 0.065995589 0.995182693 -0.072497837 2.627684116 -0.082759440 0.077865116 0.993523002 0.164676338
0.994723260 -0.055229310 0.086460039 -1.836636782 0.061823267 0.995224118 -0.075543627 2.623208761 -0.081874892 0.080490246 0.993387043 0.180692032
0.994804978 -0.052169796 0.087414734 -1.851292133 0.058886413 0.995359361 -0.076106168 2.619806767 -0.083038636 0.080858342 0.993260562 0.201687649
0.994452357 -0.053144954 0.090774938 -1.861154556 0.059884362 0.995517194 -0.073207773 2.614115715 -0.086477384 0.078237645 0.993176997 0.218466073
0.993755758 -0.057998296 0.095318615 -1.869360328 0.064669408 0.995555997 -0.068455100 2.607862473 -0.090924740 0.074191853 0.993090272 0.235372469
0.992875397 -0.066054247 0.099173114 -1.875980616 0.072622307 0.995294631 -0.064145006 2.601358414 -0.094469413 0.070890181 0.993000567 0.252353609
0.992096484 -0.071935974 0.102809504 -1.882823467 0.078612931 0.994948089 -0.062436316 2.594490290 -0.097798705 0.070025004 0.992739618 0.270493031
0.991281569 -0.073165730 0.109579407 -1.886438727 0.080347657 0.994797885 -0.062621675 2.587319613 -0.104427598 0.070880167 0.992003441 0.284718126
0.990267813 -0.074345425 0.117653608 -1.889159918 0.082254991 0.994563282 -0.063858964 2.580696821 -0.112266332 0.072915070 0.990999341 0.296509832
0.989429176 -0.080682099 0.120500281 -1.891285777 0.088927850 0.993935168 -0.064688973 2.574308872 -0.114550233 0.074720986 0.990603387 0.303782225
0.988517940 -0.090740308 0.120824210 -1.895716310 0.099152043 0.992912889 -0.065519594 2.568959951 -0.114022650 0.076747261 0.990509331 0.308764189
0.987641931 -0.100470155 0.120288014 -1.897722960 0.108913168 0.991871774 -0.065789625 2.563300610 -0.112700388 0.078077540 0.990556657 0.307132721
0.986998498 -0.109338745 0.117809221 -1.900281429 0.117508739 0.990957141 -0.064773701 2.557776451 -0.109661609 0.077775158 0.990921497 0.300647557
0.986578047 -0.113868371 0.117037572 -1.903954864 0.121753350 0.990586400 -0.062567309 2.553099155 -0.108811386 0.075977251 0.991154671 0.290086806
0.986420989 -0.110153273 0.121819235 -1.910258770 0.118241131 0.991093099 -0.061266050 2.552248716 -0.113985546 0.074838161 0.990659654 0.277511388
0.986688375 -0.096240535 0.131086886 -1.916347265 0.104879886 0.992632926 -0.060663942 2.553003550 -0.124282829 0.073604785 0.989513040 0.263298392
0.986685932 -0.079627953 0.141810820 -1.923903346 0.088797905 0.994268239 -0.059544753 2.557172060 -0.136256561 0.071344472 0.988101244 0.249046668
0.986655653 -0.066908069 0.148438498 -1.932813644 0.076196112 0.995416880 -0.057787545 2.564118385 -0.143891737 0.068326838 0.987231791 0.233904034
0.986416698 -0.056966979 0.154067695 -1.942630887 0.066002518 0.996347547 -0.054178003 2.573349237 -0.150418609 0.063610941 0.986573815 0.219182491
0.986562788 -0.050644360 0.155335292 -1.952606559 0.058667220 0.997146726 -0.047503941 2.584818363 -0.152486280 0.055978708 0.986718953 0.204105780
0.986753464 -0.046492919 0.155421987 -1.963369489 0.052825004 0.997923255 -0.036860235 2.599317074 -0.153385475 0.044582129 0.987160206 0.189436838
0.987128496 -0.044577889 0.153590888 -1.973357677 0.048416093 0.998599291 -0.021338852 2.615128517 -0.152424514 0.028500458 0.987904072 0.177259564
0.987690628 -0.046705242 0.149284616 -1.980683684 0.047455389 0.998872280 -0.001464773 2.630396843 -0.149047866 0.008531101 0.988793194 0.168372944
0.988363981 -0.048779637 0.144073516 -1.989106297 0.046566412 0.998740196 0.018696157 2.647089005 -0.144804001 -0.011769623 0.989390373 0.160356209
0.988843977 -0.046991996 0.141348213 -1.995991230 0.042431071 0.998482227 0.035111617 2.663936615 -0.142783642 -0.028722357 0.989337087 0.154132187
0.988999367 -0.044014975 0.141219422 -2.002417088 0.037926555 0.998243213 0.045520045 2.679834127 -0.142974898 -0.039663330 0.988931239 0.150240332
0.989219606 -0.041395240 0.140467137 -2.006420851 0.034841165 0.998200595 0.048802778 2.692994356 -0.142234594 -0.043382622 0.988881826 0.148116931
0.989450216 -0.040548153 0.139083192 -2.012240410 0.034597687 0.998390496 0.044938598 2.706073046 -0.140681520 -0.039652545 0.989260554 0.147590429
0.989397943 -0.039891738 0.139643580 -2.016964912 0.035314668 0.998759508 0.035103634 2.717755079 -0.140870690 -0.029799998 0.989579380 0.149250299
0.989446580 -0.041531257 0.138818651 -2.021704197 0.038786866 0.998996019 0.022417963 2.728266716 -0.139610320 -0.016797036 0.990064025 0.151604369
0.989319324 -0.041301671 0.139790654 -2.025217295 0.040096555 0.999130487 0.011427538 2.736964464 -0.140141070 -0.005700362 0.990115166 0.152663514
0.989315987 -0.040870629 0.139941067 -2.028040648 0.040667415 0.999163449 0.004312628 2.744264841 -0.140000254 0.001424489 0.990150452 0.156448081
0.989299417 -0.041293405 0.139934167 -2.029991150 0.041447356 0.999139011 0.001815208 2.749874353 -0.139888659 0.004004118 0.990159154 0.161523238
0.989131749 -0.040728215 0.141278341 -2.030892134 0.040697258 0.999166667 0.003109635 2.753839254 -0.141287252 0.002673801 0.989965022 0.168123692
0.989038765 -0.041718539 0.141640112 -2.030733585 0.041156661 0.999128938 0.006895429 2.756191015 -0.141804412 -0.000990412 0.989894211 0.173562795
0.988574803 -0.044627458 0.143973067 -2.030652046 0.043443695 0.998991311 0.011356998 2.758171558 -0.144334689 -0.004972521 0.989516437 0.181697980
0.987768769 -0.048532203 0.148180559 -2.030042410 0.046916984 0.998795331 0.014378431 2.759810925 -0.148699865 -0.007250381 0.988855779 0.190058812
0.986667514 -0.052236214 0.154138163 -2.029039860 0.050510429 0.998609483 0.015094117 2.761118650 -0.154712275 -0.007107292 0.987933993 0.199487910
0.985732734 -0.056193557 0.158660665 -2.027451754 0.054562461 0.998403311 0.014621336 2.762477875 -0.159228966 -0.005755814 0.987224877 0.207983896
0.984782338 -0.060830828 0.162798509 -2.025637150 0.059274074 0.998137772 0.014407310 2.764167070 -0.163371757 -0.004538334 0.986554146 0.216546357
0.983693123 -0.062027935 0.168820679 -2.023285627 0.060515899 0.998067737 0.014091915 2.765812874 -0.169368565 -0.003645785 0.985546052 0.224827886
0.982847631 -0.063966438 0.172970742 -2.021050930 0.062454939 0.997947156 0.014172567 2.766993046 -0.173522234 -0.003126599 0.984825015 0.233119652
0.982408166 -0.068244539 0.173829913 -2.019304991 0.066697501 0.997664452 0.014732651 2.767780781 -0.174429357 -0.002879457 0.984665453 0.238588184
0.982143641 -0.073023766 0.173382133 -2.017186403 0.071560517 0.997328162 0.014684087 2.768554449 -0.173991174 -0.002014569 0.984745145 0.244147703
0.981481910 -0.074683420 0.176396325 -2.014680386 0.073033817 0.997203767 0.015834881 2.769715309 -0.177085683 -0.002658751 0.984191835 0.248756617
0.980968297 -0.075974524 0.178687125 -2.012309313 0.073490024 0.997085392 0.020492308 2.771131277 -0.179723203 -0.006970586 0.983692527 0.252806038
0.980500162 -0.078263313 0.180261821 -2.011075497 0.074442923 0.996835709 0.027872564 2.772919655 -0.181872815 -0.013909837 0.983223677 0.254749894
0.980207443 -0.080768630 0.180747986 -2.010053873 0.075555712 0.996507525 0.035553798 2.775063992 -0.182988375 -0.021193556 0.982886612 0.257716864
0.979973972 -0.082094863 0.181415156 -2.008462191 0.075827315 0.996268213 0.041229799 2.777249575 -0.184122905 -0.026647909 0.982541919 0.260883868
0.980025828 -0.082711056 0.180854365 -2.007483721 0.076031834 0.996153057 0.043569326 2.779261827 -0.183762297 -0.028948374 0.982544363 0.263606399
0.980561674 -0.083353065 0.177626193 -2.007393360 0.076845594 0.996105909 0.043217942 2.780640602 -0.180536836 -0.028728068 0.983148575 0.264194548
0.980745077 -0.083847076 0.176376656 -2.007083893 0.078011453 0.996158659 0.039776474 2.781785250 -0.179034278 -0.025251180 0.983518720 0.265385896
0.980783939 -0.084011473 0.176082194 -2.006872177 0.079073958 0.996258140 0.034885105 2.782744646 -0.178354084 -0.020291233 0.983757138 0.267227352
0.981106877 -0.084107250 0.174227461 -2.007042170 0.080155104 0.996342540 0.029610114 2.783848763 -0.176080659 -0.015085468 0.984260142 0.268326432
0.981045306 -0.079814300 0.176577851 -2.007200003 0.077196866 0.996780694 0.021654608 2.784534931 -0.177737728 -0.007612895 0.984048426 0.268733263
0.999583066 0.023932327 -0.016154563 -1.852462292 -0.023875754 0.999708116 0.003685881 3.562037468 0.016238062 -0.003298642 0.999862731 0.387804508
0.999623895 0.022320831 -0.015932655 -1.853366375 -0.022390669 0.999740422 -0.004218574 3.561988354 0.015834356 0.004573730 0.999864161 0.388308644
0.999598026 0.023293354 -0.016160728 -1.853133798 -0.023316182 0.999727368 -0.001225610 3.562304020 0.016127774 0.001601924 0.999868631 0.387765497
0.999575853 0.024605161 -0.015578918 -1.853085995 -0.024632076 0.999695420 -0.001538085 3.562241793 0.015536329 0.001921173 0.999877453 0.388278872
0.999627888 0.021987271 -0.016143696 -1.853011727 -0.022068270 0.999744654 -0.004856565 3.562319040 0.016032791 0.005211022 0.999857903 0.388282657
0.999615431 0.022493450 -0.016216567 -1.853259325 -0.022567188 0.999735713 -0.004378439 3.562599421 0.016113793 0.004742717 0.999858916 0.388328075
0.999571681 0.024308180 -0.016297925 -1.853033781 -0.024374569 0.999695361 -0.003887136 3.562653303 0.016198471 0.004282726 0.999859631 0.388469577
0.999558985 0.024268910 -0.017113900 -1.852930665 -0.024338424 0.999696314 -0.003865244 3.562752008 0.017014896 0.004280065 0.999846101 0.388145119
0.999597311 0.022671893 -0.017065024 -1.853225231 -0.022735983 0.999735117 -0.003570960 3.562556744 0.016979543 0.003957512 0.999848008 0.387999982
0.999569774 0.024427559 -0.016235821 -1.853062868 -0.024485927 0.999694347 -0.003405860 3.562551260 0.016147662 0.003801944 0.999862373 0.388162374
0.999597192 0.022867708 -0.016807429 -1.853319883 -0.022936473 0.999729276 -0.003909942 3.562575579 0.016713466 0.004293870 0.999851108 0.388061225
0.999579906 0.024030656 -0.016202223 -1.853126884 -0.024088144 0.999704182 -0.003362410 3.562522411 0.016116630 0.003751279 0.999863088 0.387963176
0.999593556 0.023129113 -0.016666967 -1.853151202 -0.023193136 0.999724329 -0.003658366 3.562556028 0.016577758 0.004043438 0.999854386 0.388012916
0.999601543 0.022735205 -0.016728396 -1.853147984 -0.022800237 0.999733150 -0.003707238 3.562602520 0.016639648 0.004087172 0.999853194 0.388017327
0.999582589 0.023729742 -0.016479021 -1.852934003 -0.023793433 0.999710143 -0.003679781 3.562646627 0.016386924 0.004070337 0.999857426 0.387926102
0.999590278 0.023197627 -0.016769055 -1.853196263 -0.023263102 0.999722481 -0.003720017 3.562591791 0.016678106 0.004108593 0.999852479 0.387852013
0.999587238 0.023610113 -0.016367719 -1.852986932 -0.023673663 0.999712884 -0.003699784 3.562601566 0.016275667 0.004085741 0.999859214 0.388062418
0.999618113 0.022106927 -0.016580436 -1.853339672 -0.022168800 0.999747932 -0.003557195 3.562511921 0.016497619 0.003923405 0.999856234 0.387886733
0.999592900 0.023502648 -0.016175276 -1.853109837 -0.023559332 0.999716938 -0.003322833 3.562479496 0.016092600 0.003702559 0.999863625 0.387982190
0.999617517 0.022110485 -0.016612340 -1.853187680 -0.022169195 0.999748588 -0.003358311 3.562513828 0.016533911 0.003725308 0.999856353 0.387798399
0.999600470 0.022943201 -0.016508637 -1.853113294 -0.023006542 0.999728620 -0.003657187 3.562637091 0.016420251 0.004035532 0.999857008 0.388088614
0.999597669 0.022845132 -0.016810635 -1.853115678 -0.022907609 0.999731362 -0.003533446 3.562481165 0.016725397 0.003917115 0.999852419 0.388210416
0.999598026 0.023050115 -0.016508166 -1.853154540 -0.023108520 0.999727309 -0.003355979 3.562507153 0.016426310 0.003736109 0.999858081 0.388031244
0.999606550 0.022794766 -0.016344849 -1.853209853 -0.022854822 0.999732673 -0.003496994 3.562535286 0.016260765 0.003869176 0.999860287 0.388054699
0.999604821 0.022568993 -0.016759416 -1.853164554 -0.022633772 0.999737024 -0.003685736 3.562541485 0.016671827 0.004063608 0.999852777 0.388027728
0.999594867 0.023241805 -0.016427571 -1.853133559 -0.023306375 0.999721348 -0.003750063 3.562603474 0.016335836 0.004131411 0.999858022 0.387787789
0.999595881 0.022774670 -0.017011270 -1.853040814 -0.022842612 0.999731839 -0.003810278 3.562714100 0.016919930 0.004197320 0.999848008 0.387965977
0.999600828 0.022962920 -0.016459208 -1.853128672 -0.023025244 0.999728382 -0.003607020 3.562558651 0.016371910 0.003984557 0.999858022 0.388038129
