1.000000000 0.000000000 0.000000000 -0.000000119 0.000000000 1.000000000 0.000000000 0.000000000 0.000000000 0.000000000 1.000000000 -0.000000089
0.999996483 0.000363532 -0.002630194 -0.001140112 -0.000349404 0.999985516 0.005370105 -0.003136041 0.002632109 -0.005369167 0.999982119 -0.001778770
0.999968112 -0.002820692 -0.007473887 -0.001985230 0.002852227 0.999987066 0.004212155 -0.010724820 0.007461909 -0.004233338 0.999963224 -0.006016596
0.999915719 -0.005026526 -0.011969013 -0.002385918 0.004994800 0.999983966 -0.002679077 -0.020971585 0.011982288 0.002619069 0.999924779 -0.010788998
0.999814808 -0.006694974 -0.018042441 -0.004921432 0.006471387 0.999901891 -0.012422309 -0.031012481 0.018123839 0.012303249 0.999760032 -0.011853564
0.999658108 -0.009218345 -0.024467256 -0.004896319 0.008648277 0.999691010 -0.023303667 -0.047498241 0.024674516 0.023084102 0.999428988 -0.017633570
0.999465346 -0.011187005 -0.030722063 -0.004529399 0.010274063 0.999505639 -0.029714916 -0.065832093 0.031039294 0.029383387 0.999086201 -0.024311773
0.999122441 -0.014332130 -0.039356116 -0.004120355 0.013142412 0.999453723 -0.030323660 -0.087175623 0.039769221 0.029779816 0.998765051 -0.032611530
0.998630106 -0.019615466 -0.048509710 -0.003997942 0.018365161 0.999490976 -0.026087118 -0.108091757 0.048996724 0.025160493 0.998481989 -0.040211156
0.998101473 -0.025885401 -0.055887066 -0.003709326 0.024861986 0.999511659 -0.018930579 -0.129384384 0.056349799 0.017505175 0.998257637 -0.047905840
0.997309744 -0.034123458 -0.064876042 -0.003700498 0.033282712 0.999347985 -0.013996492 -0.151745439 0.065311350 0.011799588 0.997795165 -0.055755489
0.996733129 -0.037400916 -0.071583621 -0.003402484 0.036406621 0.999222279 -0.015145151 -0.174125433 0.072094388 0.012489555 0.997319639 -0.062670060
0.996494949 -0.033855971 -0.076496057 -0.003267167 0.032220040 0.999227047 -0.022520024 -0.196476892 0.077199362 0.019976385 0.996815503 -0.068132125
0.996256590 -0.027599089 -0.081921652 -0.003905644 0.025017798 0.999162793 -0.032370392 -0.219279885 0.082746461 0.030199718 0.996112943 -0.073648810
0.995600164 -0.026354745 -0.089920662 -0.004592658 0.022557184 0.998820782 -0.042990461 -0.242761016 0.090947635 0.040772952 0.995020628 -0.079701826
0.994461536 -0.032400459 -0.099982373 -0.005293841 0.027210247 0.998231888 -0.052845608 -0.266680121 0.101517819 0.049832378 0.993584871 -0.086259045
0.992978692 -0.045606744 -0.109148398 -0.004813981 0.039043967 0.997341394 -0.061527845 -0.298254162 0.111664295 0.056834254 0.992119431 -0.097903900
0.991704822 -0.057843119 -0.114785716 -0.004010789 0.049910761 0.996239781 -0.070817813 -0.321601987 0.118450418 0.064501330 0.990862787 -0.104848713
0.991090417 -0.064306952 -0.116637699 -0.002459577 0.055246711 0.995317340 -0.079316884 -0.342760533 0.121192150 0.072166353 0.990002275 -0.110778779
0.990725040 -0.068697631 -0.117237218 -0.000601132 0.058915969 0.994641364 -0.084955804 -0.359564364 0.122445248 0.077260695 0.989463449 -0.115066670
0.990864635 -0.068501860 -0.116166979 0.001306057 0.058397267 0.994383872 -0.088263951 -0.372130692 0.121560812 0.080673791 0.989300132 -0.117588080
0.990794003 -0.068113223 -0.116994865 0.002442645 0.057709340 0.994257212 -0.090123527 -0.380246311 0.122461595 0.082542159 0.989034832 -0.119037502
0.991059721 -0.067328230 -0.115184590 0.004594114 0.056828741 0.994124055 -0.092129789 -0.383193821 0.120710701 0.084760331 0.989062488 -0.119654790
0.991807818 -0.063950211 -0.110578693 0.015232529 0.053578541 0.994096339 -0.094349608 -0.399957985 0.115959547 0.087652028 0.989378870 -0.140877485
0.993280411 -0.057254128 -0.100578189 0.017875064 0.047217511 0.993918419 -0.099481843 -0.390827239 0.105662256 0.094064318 0.989943147 -0.135156155
0.994024992 -0.054655924 -0.094482996 0.019630926 0.044846945 0.993670642 -0.102992117 -0.377582222 0.099514104 0.098139465 0.990184605 -0.127621442
0.994297504 -0.053719316 -0.092123352 0.022434838 0.044099513 0.993656158 -0.103453614 -0.362051696 0.097096391 0.098801069 0.990358829 -0.122232504
0.994674206 -0.049621936 -0.090337619 0.025712200 0.040507790 0.994155705 -0.100067705 -0.339763552 0.094775215 0.095875382 0.990871131 -0.112551235
0.995132267 -0.043384433 -0.088484623 0.028631929 0.035274215 0.995203495 -0.091245532 -0.317058355 0.092018835 0.087680146 0.991889477 -0.103963986
0.995677352 -0.035255224 -0.085928053 0.031468693 0.028629333 0.996607721 -0.077158161 -0.292597204 0.088356793 0.074364565 0.993309140 -0.095622152
0.996118963 -0.027024021 -0.083766133 0.033227179 0.022051031 0.997970700 -0.059734553 -0.261732787 0.085210413 0.057655588 0.994693458 -0.080910213
0.996729434 -0.017316708 -0.078934252 0.036114883 0.014050332 0.999029279 -0.041750196 -0.236260384 0.079580605 0.040504593 0.996005177 -0.076316230
0.996956885 -0.012512879 -0.076944508 0.039012995 0.010468280 0.999582827 -0.026918581 -0.211522922 0.077249236 0.026031187 0.996671915 -0.065524928
0.997135401 -0.007144247 -0.075299039 0.041750103 0.005899576 0.999842465 -0.016739193 -0.187894627 0.075406775 0.016247012 0.997020483 -0.059177574
0.997209072 -0.002691546 -0.074610889 0.043990046 0.001906514 0.999942124 -0.010590900 -0.164171949 0.074635074 0.010419095 0.997156501 -0.051907927
0.997234583 0.001371794 -0.074305452 0.046308614 -0.001945507 0.999968827 -0.007649180 -0.143033192 0.074292637 0.007772589 0.997206211 -0.050356697
0.997343779 0.005863475 -0.072601497 0.048779078 -0.006450745 0.999948323 -0.007857127 -0.121809654 0.072551683 0.008304590 0.997330070 -0.043022994
0.997619927 0.015503749 -0.067187026 0.050343007 -0.016176350 0.999824226 -0.009478387 -0.101839550 0.067028269 0.010542669 0.997695386 -0.036668908
0.997610211 0.027493307 -0.063388012 0.052454580 -0.028039465 0.999576807 -0.007742521 -0.087468125 0.063148327 0.009501384 0.997958899 -0.039004818
0.997410297 0.038240224 -0.060913127 0.053595666 -0.038505621 0.999253273 -0.003188680 -0.076610208 0.060745705 0.005525920 0.998137951 -0.036358938
0.996950388 0.048675086 -0.060997274 0.053932343 -0.048503023 0.998813808 0.004299233 -0.071661778 0.061134186 -0.001327569 0.998128653 -0.037132721
0.996402204 0.057691619 -0.062083360 0.054405097 -0.056959070 0.998285174 0.013506752 -0.074696220 0.062756121 -0.009921947 0.997979581 -0.042055316
0.996047437 0.058861636 -0.066519298 0.054337114 -0.057536833 0.998108387 0.021661056 -0.083926216 0.067668475 -0.017748130 0.997550011 -0.047204647
0.995735943 0.057458390 -0.072169788 0.054469287 -0.055702452 0.998105884 0.026113756 -0.100128666 0.073533542 -0.021982372 0.997050464 -0.053972948
0.995591044 0.052101124 -0.078000009 0.055041090 -0.050218146 0.998402059 0.025912020 -0.121270321 0.079225421 -0.021880761 0.996616542 -0.059546098
0.995318711 0.045670159 -0.085175656 0.055311363 -0.043905362 0.998782754 0.022479840 -0.146348119 0.086098634 -0.018634938 0.996112347 -0.068127617
0.995077193 0.038451429 -0.091339357 0.055976331 -0.037136909 0.999181330 0.016048502 -0.173776746 0.091881670 -0.012577437 0.995690525 -0.077300474
0.994828880 0.031270977 -0.096631423 0.056313999 -0.030858908 0.999507189 0.005756237 -0.202364177 0.096763805 -0.002744530 0.995303571 -0.085842967
0.994579911 0.026482165 -0.100546129 0.058504846 -0.027333535 0.999601185 -0.007099056 -0.237042651 0.100318022 0.009808859 0.994907081 -0.101042017
0.994367123 0.021884477 -0.103706717 0.056728289 -0.024377128 0.999442160 -0.022829240 -0.266648412 0.103149250 0.025228718 0.994345903 -0.106736511
0.994478524 0.018158041 -0.103357330 0.055616416 -0.022243794 0.999010384 -0.038515922 -0.295028597 0.102555677 0.040602315 0.993898273 -0.112499207
0.994979262 0.013833384 -0.099120587 0.054076947 -0.019030232 0.998482525 -0.051677410 -0.322190076 0.098255292 0.053304236 0.993732631 -0.117298342
0.995909452 0.012568271 -0.089478277 0.052849934 -0.018195504 0.997888207 -0.062354192 -0.346010387 0.088505633 0.063727230 0.994035006 -0.120049156
0.996895730 0.015182583 -0.077255115 0.050199073 -0.020644071 0.997305632 -0.070394188 -0.367393821 0.075978190 0.071770534 0.994523168 -0.122093722
0.997869968 0.018652551 -0.062511072 0.054511514 -0.023403715 0.996821225 -0.076156214 -0.393416524 0.060891856 0.077456996 0.995134473 -0.136995569
0.998474956 0.021236660 -0.050958719 0.052386232 -0.025268124 0.996489048 -0.079819314 -0.406960785 0.049084712 0.080985211 0.995505929 -0.137698263
0.998446941 0.018510541 -0.052545648 0.050041039 -0.022772977 0.996395469 -0.081715420 -0.417562723 0.050843652 0.082785130 0.995269597 -0.138520941
0.998233676 0.016304588 -0.057129167 0.048405509 -0.021055425 0.996279418 -0.083570428 -0.423938543 0.055554032 0.084625699 0.994862914 -0.138865098
0.997763336 0.014378936 -0.065280288 0.046819944 -0.020006659 0.996060431 -0.086390890 -0.425356209 0.063780904 0.087503709 0.994120240 -0.138474435
0.997551501 0.016398009 -0.067985721 0.045451730 -0.022547130 0.995623827 -0.090690747 -0.421151876 0.066201054 0.092001572 0.993555784 -0.135998115
0.997615874 0.022223160 -0.065335229 0.044464376 -0.028389953 0.995069683 -0.095027976 -0.415057331 0.062901288 0.096656285 0.993328214 -0.130484611
0.997474551 0.027457796 -0.065502949 0.044753112 -0.033829346 0.994588017 -0.098235548 -0.403164476 0.062451117 0.100203380 0.993005097 -0.124566570
0.997247100 0.032131232 -0.066826932 0.043637291 -0.038687237 0.994310558 -0.099246018 -0.384495795 0.063257836 0.101558156 0.992816389 -0.115260877
0.996860683 0.038945884 -0.068935096 0.044960871 -0.045492709 0.994331360 -0.096101657 -0.366971195 0.064801559 0.098936006 0.992981613 -0.108687200
0.996476531 0.042333797 -0.072404027 0.044227466 -0.048706375 0.994871974 -0.088642158 -0.342966437 0.068280175 0.091856368 0.993428528 -0.098554187
0.996011376 0.046682768 -0.076039530 0.043892935 -0.052424587 0.995777845 -0.075353220 -0.317445636 0.072200783 0.079039007 0.994253457 -0.088974886
0.995439053 0.048981555 -0.081865437 0.042936821 -0.053740688 0.996928036 -0.056977518 -0.291873485 0.078823097 0.061117150 0.995013356 -0.079882741
0.994933844 0.048438512 -0.088093102 0.042405136 -0.051713653 0.998038471 -0.035282753 -0.265984625 0.086211264 0.039659619 0.995487213 -0.071622066
0.994238019 0.044935785 -0.097321711 0.040496189 -0.046396397 0.998841166 -0.012796225 -0.240456343 0.096633919 0.017237870 0.995170712 -0.064282812
0.993751168 0.041994676 -0.103416793 0.039737258 -0.041546971 0.999115527 0.006480407 -0.217171907 0.103597470 -0.002143259 0.994616985 -0.057412069
0.993509173 0.039397683 -0.106711268 0.039836325 -0.037418332 0.999089658 0.020488556 -0.195129186 0.107421324 -0.016362611 0.994078934 -0.051133238
0.993588865 0.036622319 -0.106957912 0.039622590 -0.033806648 0.999035478 0.028021213 -0.176001221 0.107880950 -0.024225678 0.993868589 -0.044936009
0.993863940 0.033878732 -0.105293222 0.041026048 -0.030738864 0.999037206 0.031301778 -0.160370007 0.106252305 -0.027873114 0.993948460 -0.041650094
0.994503975 0.031081738 -0.099978559 0.041193817 -0.028253881 0.999163091 0.029577620 -0.144548073 0.100814216 -0.026590280 0.994549870 -0.035315521
0.995227396 0.026695644 -0.093860514 0.040874485 -0.024522493 0.999405563 0.024230860 -0.131160691 0.094451584 -0.021813523 0.995290458 -0.029842369
0.995974422 0.025308039 -0.085991189 0.040676180 -0.023913849 0.999565959 0.017204914 -0.120058984 0.086389288 -0.015079275 0.996147335 -0.025037380
0.996680677 0.026326289 -0.077036120 0.041296404 -0.025643939 0.999622762 0.009833583 -0.110986516 0.077265941 -0.007825431 0.996979833 -0.021011261
0.997251391 0.029956961 -0.067765757 0.044012532 -0.029675657 0.999546289 0.005154206 -0.103687122 0.067889422 -0.003129046 0.997687936 -0.018830061
0.997532189 0.033477299 -0.061715517 0.049273886 -0.033262074 0.999436498 0.004511684 -0.099307209 0.061831776 -0.002447764 0.998083591 -0.019254984
0.997709394 0.036349460 -0.057050053 0.057541311 -0.036065720 0.999331415 0.005995694 -0.096521653 0.057229850 -0.003924409 0.998353302 -0.019560561
0.998041451 0.034987077 -0.051857606 0.068832859 -0.034524381 0.999355912 0.009791845 -0.096381687 0.052166790 -0.007982315 0.998606503 -0.023587927
0.998545766 0.029085968 -0.045390550 0.082479864 -0.028457150 0.999490738 0.014438889 -0.098001942 0.045787405 -0.013126207 0.998864949 -0.025886215
0.999012709 0.022073217 -0.038553342 0.098223805 -0.021411408 0.999617636 0.017495500 -0.101595670 0.038924783 -0.016652746 0.999103367 -0.029073820
0.999391198 0.015868440 -0.031072062 0.115714394 -0.015333626 0.999731481 0.017375361 -0.106270760 0.031339437 -0.016888335 0.999366105 -0.032971825
0.999687374 0.010657637 -0.022618523 0.134433687 -0.010354242 0.999855399 0.013488577 -0.111658916 0.022759007 -0.013250162 0.999653161 -0.037698869
0.999859154 0.004728447 -0.016103506 0.154394969 -0.004621562 0.999967098 0.006668116 -0.117318995 0.016134504 -0.006592753 0.999848068 -0.043153808
0.999960482 -0.001513454 -0.008759040 0.175989851 0.001498781 0.999997437 -0.001681564 -0.122393735 0.008761562 0.001668370 0.999960244 -0.049712300
0.999959946 -0.008888629 -0.001062396 0.198469117 0.008876651 0.999902368 -0.010793466 -0.127418548 0.001158232 0.010783603 0.999941170 -0.055783290
0.999807537 -0.018642183 0.006117005 0.221689671 0.018758755 0.999632120 -0.019588070 -0.130797297 -0.005749591 0.019699046 0.999789417 -0.060696915
0.999526322 -0.027337514 0.014134284 0.246753648 0.027729854 0.999213338 -0.028350281 -0.133633032 -0.013348140 0.028728792 0.999498129 -0.066890389
0.999147534 -0.035348497 0.021323252 0.275060117 0.036128901 0.998647153 -0.037397161 -0.136151180 -0.019972473 0.038135670 0.999072969 -0.074786603
0.998738885 -0.040450782 0.029738136 0.303875953 0.041812263 0.998034298 -0.046683144 -0.136946276 -0.027791310 0.047867689 0.998466969 -0.080699228
0.998279274 -0.043884963 0.038892500 0.334232867 0.045963250 0.997468412 -0.054259747 -0.136963397 -0.036412857 0.055954009 0.997769117 -0.086871646
0.997812867 -0.045798369 0.047665313 0.366340220 0.048610806 0.997036815 -0.059620406 -0.136476457 -0.044793554 0.061807055 0.997082472 -0.092801243
0.997316599 -0.042759791 0.059424348 0.398724347 0.046539858 0.996879816 -0.063754998 -0.134430841 -0.056512780 0.066349514 0.996194780 -0.100106798
0.996805429 -0.039312985 0.069522940 0.432186753 0.043929603 0.996840715 -0.066172153 -0.132360697 -0.066701867 0.069014877 0.995383263 -0.106801905
0.996384382 -0.038622860 0.075673476 0.464559734 0.043568056 0.996945024 -0.064826705 -0.130192503 -0.072938502 0.067889266 0.995023131 -0.109323725
0.995864749 -0.040638797 0.081252135 0.495591283 0.045628786 0.997122884 -0.060530357 -0.127301037 -0.078558482 0.063987486 0.994853854 -0.116744310
0.994976342 -0.044180185 0.089834079 0.525773585 0.049041741 0.997408152 -0.052649271 -0.124534920 -0.087275192 0.056790400 0.994564176 -0.123853512
0.993531644 -0.050149195 0.101882048 0.554856777 0.054755270 0.997576654 -0.042926386 -0.122230664 -0.099482425 0.048227303 0.993869901 -0.129994124
0.991478503 -0.057305705 0.116989046 0.583117723 0.061561052 0.997554719 -0.033087566 -0.121061042 -0.114806876 0.040007576 0.992581844 -0.135769784
0.989087403 -0.065952480 0.131743446 0.609110534 0.069853306 0.997238815 -0.025205437 -0.120650902 -0.129717305 0.034133092 0.990963340 -0.138220802
0.986431837 -0.073617145 0.146740213 0.633402824 0.077528626 0.996766627 -0.021109380 -0.120975621 -0.144711748 0.032199532 0.988949776 -0.143069819
0.983415902 -0.080083802 0.162725985 0.654745340 0.084608302 0.996191800 -0.021055825 -0.122110642 -0.160420060 0.034474604 0.986446619 -0.145927653
0.979904890 -0.082421988 0.181639880 0.672980070 0.088308528 0.995790660 -0.024548074 -0.123862736 -0.178851992 0.040095128 0.983058691 -0.148272857
0.976465404 -0.081539586 0.199666157 0.690088093 0.089189440 0.995574534 -0.029607754 -0.128467202 -0.196368322 0.046719063 0.979416549 -0.139810130
0.973089933 -0.077831127 0.216883019 0.699193478 0.087614648 0.995509148 -0.035850398 -0.130489081 -0.213118747 0.053887792 0.975539088 -0.139333442
0.970262587 -0.074396603 0.230338186 0.703091085 0.086111166 0.995432615 -0.041216075 -0.132639602 -0.226219803 0.059825107 0.972237408 -0.137149200
0.968300641 -0.071933135 0.239205912 0.701961875 0.084988713 0.995378494 -0.044705946 -0.135026723 -0.234884575 0.063618600 0.969939113 -0.133064017
0.967154145 -0.070602916 0.244188711 0.695398986 0.084314309 0.995369971 -0.046148393 -0.137140140 -0.239799902 0.065221205 0.968629062 -0.129123554
0.966809690 -0.070173398 0.245671958 0.685588002 0.083950162 0.995405376 -0.046048600 -0.140116706 -0.241311818 0.065144435 0.968258679 -0.121977143
0.967257261 -0.069187202 0.244185492 0.669419765 0.082802378 0.995507121 -0.045927603 -0.142383501 -0.239910796 0.064642943 0.968640327 -0.115902074
0.968656659 -0.066338696 0.239381343 0.649175107 0.079733796 0.995721519 -0.046702903 -0.144398808 -0.235258937 0.064325862 0.969801724 -0.109766610
0.970633328 -0.062398210 0.232330337 0.625657737 0.075406283 0.996019602 -0.047527205 -0.146557778 -0.228439972 0.063650653 0.971475065 -0.102435902
0.972858906 -0.061112579 0.223183334 0.600339532 0.073248506 0.996229053 -0.046501406 -0.149949923 -0.219499886 0.061587155 0.973666668 -0.093923703
0.975406587 -0.064645745 0.210720107 0.572907507 0.075340502 0.996225178 -0.043118324 -0.154426634 -0.207137272 0.057933655 0.976595044 -0.086490236
0.978129864 -0.069952533 0.195879102 0.543957472 0.079214737 0.996060848 -0.039847631 -0.159551740 -0.192320049 0.054492671 0.979818106 -0.079532400
0.980229080 -0.073991641 0.183510780 0.514738500 0.082378089 0.995857418 -0.038495149 -0.165206179 -0.179902256 0.052851330 0.982263684 -0.072865300
0.981783926 -0.073683940 0.175131440 0.485874146 0.081907533 0.995829165 -0.040192019 -0.170589343 -0.171439499 0.053804461 0.983724356 -0.065944783
0.983337760 -0.070909247 0.167388156 0.457920432 0.079213202 0.995910048 -0.043456472 -0.174878657 -0.163622066 0.055991739 0.984932840 -0.057289466
0.985128403 -0.069145113 0.157292739 0.428047597 0.077511504 0.995850444 -0.047685545 -0.178965852 -0.153342828 0.059168380 0.986400068 -0.050734449
0.987047970 -0.067635454 0.145470783 0.398729086 0.075630032 0.995874465 -0.050140977 -0.182255819 -0.141479328 0.060493506 0.988091171 -0.044195868
0.988904178 -0.065712854 0.133230418 0.370839477 0.072992221 0.996052861 -0.050505273 -0.184827164 -0.129385710 0.059669659 0.989797413 -0.036523920
0.990906775 -0.064557254 0.118051432 0.345013618 0.070852622 0.996236503 -0.049927860 -0.187435880 -0.114383943 0.057838112 0.991751492 -0.027207589
0.992777884 -0.062944032 0.102128193 0.321476787 0.068294026 0.996423542 -0.049759891 -0.190094456 -0.098630846 0.056375261 0.993525922 -0.014520592
0.994125485 -0.060378082 0.089827366 0.300371468 0.065093629 0.996599257 -0.050524499 -0.193006843 -0.086471312 0.056074884 0.994674981 -0.000289105
0.994896472 -0.057826646 0.082686581 0.281688929 0.062379777 0.996613026 -0.053583436 -0.196113542 -0.079307981 0.058467939 0.995134056 0.015763709
0.995220602 -0.053514067 0.081683204 0.267408103 0.058245491 0.996691763 -0.056683462 -0.199740946 -0.078379616 0.061170232 0.995045125 0.033217672
0.995315313 -0.050830826 0.082241170 0.253230125 0.055605613 0.996833146 -0.056848228 -0.202738330 -0.079091080 0.061154984 0.994989812 0.053955622
0.994977295 -0.051749520 0.085686795 0.243272126 0.056510121 0.996935368 -0.054096565 -0.207459748 -0.082624726 0.058667019 0.994852424 0.071253210
0.994303107 -0.056582004 0.090331845 0.234901771 0.061223567 0.996897578 -0.049465586 -0.213012278 -0.087252744 0.054714222 0.994682491 0.088456802
0.993461549 -0.064609438 0.094126165 0.227422327 0.069089994 0.996588469 -0.045144062 -0.219088882 -0.090888321 0.051352065 0.994536221 0.106348492
0.992709935 -0.070462838 0.097785555 0.220839754 0.074988693 0.996239364 -0.043402757 -0.225227654 -0.094359539 0.050419156 0.994260609 0.123800144
0.991918564 -0.071667224 0.104696490 0.216336474 0.076576903 0.996107876 -0.043647714 -0.231842294 -0.101160891 0.051312312 0.993545949 0.140461653
0.990958631 -0.072813921 0.112690344 0.212894127 0.078296952 0.995913267 -0.045014367 -0.238277078 -0.108952135 0.053430684 0.992609978 0.153124884
0.990128279 -0.079203926 0.115640320 0.210842982 0.084985681 0.995322227 -0.045946769 -0.244058236 -0.111460216 0.055320963 0.992227912 0.160259828
0.989231467 -0.089218885 0.116022162 0.207303748 0.095164001 0.994363546 -0.046742879 -0.249998525 -0.111197866 0.057280660 0.992146134 0.163979530
0.988393843 -0.098193459 0.115912169 0.204935819 0.104212217 0.993441701 -0.047046285 -0.253784478 -0.110532343 0.058579724 0.992144644 0.163928628
0.987753212 -0.107036553 0.113520019 0.201856896 0.112843327 0.992547154 -0.046005365 -0.259071589 -0.107749723 0.058251921 0.992470026 0.158341452
0.987348318 -0.111565001 0.112678856 0.198267847 0.117125295 0.992143095 -0.043974787 -0.262982070 -0.106887504 0.056615978 0.992657900 0.147661060
0.987204492 -0.107811235 0.117490619 0.193094820 0.113487773 0.992620230 -0.042727064 -0.264278650 -0.112017110 0.055514093 0.992154419 0.135635436
0.987468719 -0.093856469 0.126872063 0.187160686 0.099904120 0.994103372 -0.042161871 -0.263425648 -0.122166783 0.054308567 0.991022646 0.121419422
0.987483680 -0.077246770 0.137509763 0.179286495 0.083628967 0.995642900 -0.041248344 -0.258856028 -0.133724332 0.052231863 0.989641190 0.104831278
0.987463832 -0.064536884 0.144049361 0.169837102 0.070900530 0.996701598 -0.039484289 -0.252624989 -0.141026035 0.049202483 0.988782465 0.089622170
0.987258017 -0.054589663 0.149470836 0.159967199 0.060569819 0.997523546 -0.035749886 -0.245266631 -0.147149116 0.044347782 0.988119662 0.075385086
0.987416267 -0.048160385 0.150630847 0.150742918 0.053122755 0.998164117 -0.029093029 -0.233297080 -0.148953184 0.036728855 0.988161922 0.060184915
0.987521946 -0.043887541 0.151242569 0.138387084 0.047207482 0.998715103 -0.018429186 -0.219592720 -0.150239423 0.025339007 0.988324881 0.048185933
0.987874508 -0.041880291 0.149499297 0.128924921 0.042799864 0.999079347 -0.002937549 -0.204397589 -0.149238646 0.009300480 0.988757491 0.036008216
0.988404334 -0.043811116 0.145387217 0.120160051 0.041815516 0.998984873 0.016755279 -0.188435525 -0.145973697 -0.010481551 0.989232957 0.026089646
0.989052951 -0.045775920 0.140281275 0.112078182 0.040980145 0.998478770 0.036888417 -0.171811774 -0.141756490 -0.030735852 0.989424288 0.017832782
0.989507854 -0.043910850 0.137644485 0.105553366 0.036865231 0.997896433 0.053326130 -0.155589953 -0.139696524 -0.047692329 0.989045143 0.012025950
0.989652038 -0.040845767 0.137551874 0.099806488 0.032318078 0.997447610 0.063669540 -0.139758870 -0.139801413 -0.058565274 0.988446116 0.008139594
0.989845753 -0.038365770 0.136870146 0.093873143 0.029372666 0.997311711 0.067130946 -0.125177592 -0.139077723 -0.062429044 0.988311708 0.006244828
0.990073442 -0.037466038 0.135465458 0.088194273 0.029095221 0.997573256 0.063253865 -0.112118550 -0.137506589 -0.058684576 0.988760889 0.004716698
0.990002751 -0.036852892 0.136148632 0.083309747 0.029814366 0.998129070 0.053380195 -0.100101851 -0.137861133 -0.048787352 0.989249289 0.006689070
0.990139365 -0.038432874 0.134710714 0.079089224 0.033196986 0.998611569 0.040901516 -0.089967221 -0.136095628 -0.036026213 0.990040421 0.006341387
0.989995778 -0.038284805 0.135803729 0.075256281 0.034528945 0.998956144 0.029905893 -0.080774665 -0.136806905 -0.024917550 0.990284324 0.008533694
0.989991367 -0.037869323 0.135952324 0.072293095 0.035092067 0.999124706 0.022767792 -0.073458798 -0.136695534 -0.017769070 0.990453720 0.011695852
0.989967883 -0.038258504 0.136014193 0.070612252 0.035833221 0.999152899 0.020235816 -0.067995109 -0.136673152 -0.015158983 0.990500212 0.015939314
0.989811063 -0.037626125 0.137325510 0.069763750 0.034998164 0.999156058 0.021502217 -0.064101271 -0.138018653 -0.016476994 0.990292549 0.022220662
0.989707410 -0.038673613 0.137780815 0.069475658 0.035515081 0.999048591 0.025310317 -0.061133280 -0.138628572 -0.020156512 0.990139306 0.029178388
0.989251196 -0.041555997 0.140196919 0.069553971 0.037738685 0.998843849 0.029778933 -0.058895588 -0.141272336 -0.024167998 0.989675701 0.036879960
0.988486528 -0.045398828 0.144337535 0.070268959 0.041098621 0.998621881 0.032637618 -0.057107039 -0.145620346 -0.026329774 0.988990128 0.045245588
0.987471700 -0.048970792 0.150005162 0.070799373 0.044442479 0.998453617 0.033394687 -0.056747053 -0.151408553 -0.026309708 0.988121092 0.053165305
0.986506164 -0.053073253 0.154883131 0.072608553 0.048549060 0.998280406 0.032850843 -0.054006886 -0.156360313 -0.024888130 0.987386465 0.063696332
0.985574186 -0.057720281 0.159097090 0.074388839 0.053183801 0.998051524 0.032629341 -0.052117355 -0.160670474 -0.023697248 0.986723602 0.072141439
0.984589040 -0.058737699 0.164724991 0.075270623 0.054113317 0.998008192 0.032425709 -0.053728364 -0.166301504 -0.023012184 0.985806406 0.077640072
0.983744442 -0.060634099 0.169027761 0.078294203 0.055964269 0.997911453 0.032260519 -0.050170377 -0.170630828 -0.022276592 0.985083163 0.086507499
0.983338892 -0.064899966 0.169801593 0.079446435 0.060169354 0.997647047 0.032864191 -0.051472001 -0.171534926 -0.022099786 0.984930158 0.091720670
0.983077109 -0.069652759 0.169433907 0.081486180 0.065004654 0.997344613 0.032834116 -0.050623864 -0.171270981 -0.021264477 0.984994471 0.096986361
0.982428372 -0.071302511 0.172483236 0.083864748 0.066411622 0.997213900 0.033969659 -0.049401451 -0.174424797 -0.021917865 0.984426558 0.101401716
0.981928945 -0.072497092 0.174813375 0.085863493 0.066762365 0.997026861 0.038473345 -0.047871720 -0.177082852 -0.026107140 0.983849645 0.104727060
0.981484652 -0.074763060 0.176347226 0.087460265 0.067679942 0.996652901 0.045852724 -0.046001710 -0.179185063 -0.033068579 0.983259439 0.107561238
0.981197476 -0.077254638 0.176870733 0.088611946 0.068778932 0.996192694 0.053568967 -0.043995023 -0.180335790 -0.040396757 0.982775211 0.110261582
0.981037438 -0.078238308 0.177325457 0.093178883 0.068737730 0.995882034 0.059110742 -0.043259036 -0.181219965 -0.045800898 0.982375503 0.108920701
0.981081188 -0.078810751 0.176829249 0.094074935 0.068914682 0.995729208 0.061433699 -0.041154925 -0.180915684 -0.048085313 0.982322395 0.111135885
0.981611729 -0.079418987 0.173582837 0.094476685 0.069765404 0.995694518 0.061034322 -0.039610732 -0.177682772 -0.047801934 0.982926130 0.112675518
0.981776476 -0.079920039 0.172417283 0.094776087 0.070946202 0.995815337 0.057606064 -0.038360097 -0.176299661 -0.044323929 0.983338118 0.113968797
0.981825531 -0.080056921 0.172074035 0.094806977 0.071990415 0.996015906 0.052628145 -0.037397400 -0.175601706 -0.039283976 0.983677208 0.115148656
0.982140064 -0.080092847 0.170253024 0.094650865 0.073022932 0.996203244 0.047400072 -0.036320843 -0.173403010 -0.034121133 0.984259725 0.116111323
0.982071757 -0.075785883 0.172602266 0.094545178 0.070000671 0.996769726 0.039370261 -0.035567719 -0.175028414 -0.026582150 0.984204471 0.116487280
0.982092142 -0.074049242 0.173239082 0.093551703 0.069261290 0.997034907 0.033530030 -0.035747364 -0.175208300 -0.020930815 0.984308898 0.116210327
0.982653320 -0.070395604 0.171571940 0.092798814 0.066049412 0.997337282 0.030916981 -0.036197376 -0.173291504 -0.019048452 0.984686375 0.116770752
0.982612133 -0.066546716 0.173334613 0.092407323 0.061956976 0.997573316 0.031762563 -0.035189580 -0.175027683 -0.020470990 0.984350681 0.117280737
0.982474208 -0.064757235 0.174788401 0.091763802 0.061113071 0.997788072 0.026157232 -0.034852516 -0.176095650 -0.015016949 0.984258533 0.117680579
0.982343614 -0.064888380 0.175472438 0.091005787 0.062621675 0.997867167 0.018430175 -0.034752168 -0.176294088 -0.007116389 0.984311819 0.117827855
0.982428014 -0.064788729 0.175035924 0.090843834 0.062008258 0.997848034 0.021313660 -0.034457184 -0.176040143 -0.010085464 0.984331310 0.117687717
0.982387841 -0.063463069 0.175745636 0.091154754 0.060720861 0.997935057 0.020942686 -0.034366131 -0.176711828 -0.009902414 0.984212816 0.117531188
0.982302547 -0.064953290 0.175677970 0.091236413 0.062850557 0.997869313 0.017512895 -0.034435950 -0.176441178 -0.006161506 0.984291911 0.117536448
0.982375324 -0.064556874 0.175417185 0.091212228 0.062361382 0.997891188 0.018005393 -0.034216996 -0.176209629 -0.006748797 0.984329522 0.117252670
0.982515275 -0.062568560 0.175353572 0.091319337 0.060310535 0.998014033 0.018181987 -0.033996042 -0.176142946 -0.007288414 0.984337628 0.117113866
0.982662916 -0.062229633 0.174645662 0.091345884 0.059963033 0.998034120 0.018230360 -0.033859614 -0.175436795 -0.007442017 0.984462559 0.117166452
0.982589543 -0.064308621 0.174304739 0.091033183 0.061990436 0.997901201 0.018717188 -0.033933375 -0.175142601 -0.007586089 0.984513879 0.117093153
0.982543588 -0.063157089 0.174983785 0.091215238 0.060816854 0.997973561 0.018709727 -0.033941559 -0.175810859 -0.007741160 0.984393537 0.117099836
0.982522726 -0.064074844 0.174767062 0.091114648 0.061791603 0.997917950 0.018480508 -0.034063771 -0.175587341 -0.007358382 0.984436333 0.117247649
0.982533276 -0.063468724 0.174928725 0.091176219 0.061150342 0.997954905 0.018617179 -0.033921469 -0.175752580 -0.007595049 0.984405100 0.117034830
0.982530177 -0.063785031 0.174831256 0.091111988 0.061490875 0.997935951 0.018513506 -0.033886615 -0.175651267 -0.007439551 0.984424353 0.117031261
0.982509792 -0.063936129 0.174890503 0.091160566 0.061658751 0.997927129 0.018430240 -0.033915088 -0.175706342 -0.007324361 0.984415352 0.117083676
0.982492268 -0.063636079 0.175098151 0.091198757 0.061340585 0.997945487 0.018496409 -0.033947263 -0.175915450 -0.007431956 0.984377205 0.117016576
0.982497156 -0.064283565 0.174834132 0.091061927 0.062028810 0.997905910 0.018336363 -0.033896644 -0.175646752 -0.007170673 0.984427154 0.116923705
0.982501924 -0.063123368 0.175229475 0.091253735 0.060845912 0.997978568 0.018344767 -0.033832461 -0.176033244 -0.007361772 0.984356701 0.117035106
0.982478917 -0.064467989 0.174868718 0.091104589 0.062219817 0.997894406 0.018314246 -0.034010276 -0.175681189 -0.007113063 0.984421432 0.116967298
0.982521474 -0.063502267 0.174982965 0.091354482 0.061195161 0.997953355 0.018554591 -0.033904992 -0.175803095 -0.007522172 0.984396636 0.117190324
0.982507110 -0.064103596 0.174844384 0.091227286 0.061807927 0.997915685 0.018549377 -0.033865113 -0.175669044 -0.007418126 0.984421313 0.117124371
0.982491970 -0.063925639 0.174994484 0.091241911 0.061633140 0.997927248 0.018509559 -0.033896890 -0.175815001 -0.007400034 0.984395385 0.117145911
0.982487142 -0.063928992 0.175020412 0.091240801 0.061644241 0.997927368 0.018465359 -0.033913601 -0.175838128 -0.007352977 0.984391630 0.117159247
0.982504010 -0.064054094 0.174879745 0.091214016 0.061783426 0.997919917 0.018403441 -0.033866379 -0.175694779 -0.007276786 0.984417796 0.117085204
0.982557535 -0.063588031 0.174749225 0.091351241 0.061264329 0.997947037 0.018665370 -0.033949032 -0.175577372 -0.007633907 0.984436035 0.117062993
0.982552111 -0.064187519 0.174560368 0.091294259 0.061908845 0.997910857 0.018473586 -0.033928242 -0.175381452 -0.007344430 0.984473169 0.117117301
0.982560754 -0.063511387 0.174759001 0.091332592 0.061159026 0.997950613 0.018818900 -0.034065779 -0.175596058 -0.007802621 0.984431386 0.116865121
0.982554793 -0.063981675 0.174620807 0.091214254 0.061641432 0.997921288 0.018798420 -0.034060162 -0.175460577 -0.007706601 0.984456301 0.116869137
0.982555151 -0.063621968 0.174750164 0.091321491 0.061266217 0.997943461 0.018847995 -0.034066793 -0.175589934 -0.007812912 0.984432399 0.116860405
0.982570231 -0.064109370 0.174487010 0.091426186 0.061809361 0.997914851 0.018589638 -0.033994280 -0.175314948 -0.007480695 0.984483957 0.116991282
0.982544839 -0.063899741 0.174706936 0.091359504 0.061584402 0.997927666 0.018647689 -0.033945307 -0.175536454 -0.007562970 0.984443903 0.116858147
0.982549310 -0.063820057 0.174710765 0.091322757 0.061504878 0.997932732 0.018639648 -0.033945717 -0.175539181 -0.007568809 0.984443367 0.116805404
0.982536256 -0.063970439 0.174729109 0.091238402 0.061669134 0.997923791 0.018574268 -0.034008998 -0.175554544 -0.007474500 0.984441340 0.116793305
0.982525349 -0.063810237 0.174849197 0.091157220 0.061525244 0.997934759 0.018463587 -0.033937909 -0.175666258 -0.007383300 0.984422088 0.116897002
0.982533991 -0.063895725 0.174769238 0.091124929 0.061632864 0.997930169 0.018350398 -0.033937912 -0.175580010 -0.007258361 0.984438419 0.116851121
0.982560217 -0.063807487 0.174653888 0.091279417 0.061536197 0.997935355 0.018394813 -0.033953294 -0.175467014 -0.007326476 0.984458029 0.116904616
0.982553720 -0.063909404 0.174653187 0.091252059 0.061654173 0.997929513 0.018313676 -0.033974905 -0.175461993 -0.007226073 0.984459698 0.116803177
0.982604623 -0.063577890 0.174487978 0.091364428 0.061273985 0.997948289 0.018564900 -0.033827249 -0.175310314 -0.007550382 0.984484255 0.117099650
0.982596874 -0.063667908 0.174498618 0.091255978 0.061383352 0.997943461 0.018463649 -0.033934195 -0.175315291 -0.007431015 0.984484315 0.117048122
0.982585132 -0.063693523 0.174555272 0.091241963 0.061415881 0.997942209 0.018424669 -0.033931654 -0.175369591 -0.007383343 0.984474957 0.117012881
0.982583880 -0.063719310 0.174553081 0.091238894 0.061446644 0.997940779 0.018399075 -0.033918403 -0.175365999 -0.007352934 0.984475851 0.116990015
0.982573748 -0.063758820 0.174595803 0.091230303 0.061498001 0.997938812 0.018334242 -0.033935186 -0.175404906 -0.007277451 0.984469473 0.116892114
0.982574880 -0.063622832 0.174639001 0.091247573 0.061317675 0.997945547 0.018569263 -0.033974513 -0.175461635 -0.007537233 0.984457433 0.116749257
0.982549369 -0.063782968 0.174724147 0.091198035 0.061497353 0.997936308 0.018470015 -0.033943854 -0.175541654 -0.007402630 0.984444201 0.116966844
0.982450366 -0.064854249 0.174886137 0.091146208 0.062460143 0.997863412 0.019164976 -0.034081478 -0.175755411 -0.007905226 0.984402120 0.117634386
0.982444048 -0.064760663 0.174956441 0.091126934 0.062370248 0.997869670 0.019132879 -0.034122296 -0.175822794 -0.007884906 0.984390259 0.117673799
0.982443631 -0.064855538 0.174923539 0.091109268 0.062469494 0.997863770 0.019118251 -0.034109119 -0.175789773 -0.007855222 0.984396398 0.117626444
0.982438564 -0.064842597 0.174956739 0.091109239 0.062458441 0.997864664 0.019105056 -0.034091894 -0.175821960 -0.007842021 0.984390736 0.117578551
0.982439697 -0.064821936 0.174958199 0.091148391 0.062447123 0.997866452 0.019050866 -0.034105252 -0.175819814 -0.007790693 0.984391510 0.117568269
0.982423306 -0.065010719 0.174980313 0.091115132 0.062640317 0.997854471 0.019041725 -0.034081530 -0.175842822 -0.007746212 0.984387755 0.117616311
0.982414544 -0.064847000 0.175090015 0.091116153 0.062467750 0.997864723 0.019071940 -0.034029480 -0.175952911 -0.007799073 0.984367669 0.117496885
0.982390702 -0.065064140 0.175143242 0.091105022 0.062709711 0.997851908 0.018949846 -0.034041282 -0.175999969 -0.007632971 0.984360576 0.117508017
0.982384682 -0.065045252 0.175184026 0.091149703 0.062692046 0.997853220 0.018939510 -0.034107041 -0.176039860 -0.007623241 0.984353542 0.117505774
0.982527673 -0.064886861 0.174439296 0.091127679 0.062530644 0.997862637 0.018975539 -0.034117918 -0.175297722 -0.007736191 0.984485090 0.117544435
0.982440054 -0.064887591 0.174931929 0.091117620 0.062528022 0.997862875 0.018972475 -0.034108955 -0.175789163 -0.007701172 0.984397709 0.117557958
0.982428074 -0.065163404 0.174896494 0.091089033 0.062803239 0.997845054 0.019001571 -0.034112662 -0.175757810 -0.007683612 0.984403431 0.117600374
0.982390881 -0.065050915 0.175147310 0.091069154 0.062725440 0.997853994 0.018786583 -0.034064434 -0.175993517 -0.007469576 0.984362960 0.117513552
0.982198477 -0.065433957 0.176081151 0.091139376 0.063090913 0.997829199 0.018878309 -0.034062102 -0.176934212 -0.007433124 0.984194636 0.117647722
0.982301235 -0.065327078 0.175546885 0.091106229 0.062963679 0.997834861 0.019005362 -0.034056753 -0.176408350 -0.007615915 0.984287620 0.117658213
0.982309520 -0.065519750 0.175428510 0.091132462 0.063193455 0.997823834 0.018820368 -0.034072410 -0.176279843 -0.007401493 0.984312236 0.117602393
0.982315540 -0.065507121 0.175399542 0.091372482 0.063174613 0.997824371 0.018855209 -0.034121647 -0.176253080 -0.007440966 0.984316766 0.117995411
0.982400060 -0.065575659 0.174899876 0.091079809 0.063226461 0.997818768 0.018976217 -0.034057446 -0.175762773 -0.007583936 0.984403312 0.117852561
0.982370198 -0.065567240 0.175070629 0.091191150 0.063235730 0.997820199 0.018869039 -0.034075018 -0.175926194 -0.007465661 0.984375060 0.117966555
0.982381940 -0.065542892 0.175013825 0.091160692 0.063208669 0.997821629 0.018884571 -0.034097098 -0.175870344 -0.007489471 0.984384835 0.117928073
0.982380450 -0.065725379 0.174953714 0.091101564 0.063380666 0.997809291 0.018961947 -0.034086853 -0.175816730 -0.007539166 0.984394073 0.117867664
0.982273698 -0.065824799 0.175514817 0.091242529 0.063475095 0.997803032 0.018974319 -0.034119256 -0.176378191 -0.007497157 0.984293938 0.117816739
0.982239068 -0.065905072 0.175678641 0.091184057 0.063525595 0.997796655 0.019140264 -0.034143068 -0.176553011 -0.007640223 0.984261453 0.117824614
0.982388914 -0.065575935 0.174962416 0.091039956 0.063208066 0.997817993 0.019078040 -0.034101211 -0.175831720 -0.007683020 0.984390259 0.117847793
0.982352555 -0.065540485 0.175179496 0.091191880 0.063179515 0.997820795 0.019026734 -0.034050316 -0.176044777 -0.007623204 0.984352648 0.118103564
0.982471526 -0.065463856 0.174539849 0.091108911 0.063121483 0.997826040 0.018943975 -0.034077104 -0.175400540 -0.007594703 0.984467864 0.117965505
0.982475281 -0.065349892 0.174561322 0.091144852 0.062999219 0.997833073 0.018979659 -0.034048494 -0.175423384 -0.007649822 0.984463394 0.117876858
0.982528090 -0.065088846 0.174361855 0.091241822 0.062732033 0.997849524 0.019000052 -0.034095626 -0.175223589 -0.007730011 0.984498322 0.117824890
0.982481360 -0.065250218 0.174564511 0.091174446 0.062894225 0.997839332 0.019000588 -0.034077913 -0.175427109 -0.007688625 0.984462380 0.117700383
0.982406259 -0.065039665 0.175065130 0.091142833 0.062673941 0.997852921 0.019014305 -0.034121215 -0.175925940 -0.007707752 0.984373212 0.117569409
0.982353628 -0.065330654 0.175251961 0.091122270 0.062930122 0.997832716 0.019226233 -0.034131739 -0.176128209 -0.007858332 0.984335899 0.117652610
0.982372999 -0.065097645 0.175230011 0.091251001 0.062702730 0.997848034 0.019175254 -0.034117412 -0.176101193 -0.007849852 0.984340787 0.117618054
0.982352138 -0.065357640 0.175250173 0.091227777 0.062983438 0.997832119 0.019081499 -0.034119241 -0.176117390 -0.007706895 0.984338999 0.117641367
0.982364953 -0.065206975 0.175234437 0.091224492 0.062808454 0.997840822 0.019204855 -0.034135163 -0.176108360 -0.007859973 0.984339416 0.117600292
0.982398093 -0.065158367 0.175066650 0.091215961 0.062730759 0.997842491 0.019370988 -0.034121230 -0.175951123 -0.008047961 0.984366000 0.117615692
0.982401788 -0.065221146 0.175022557 0.091316827 0.062822580 0.997839689 0.019215982 -0.034131605 -0.175897732 -0.007882447 0.984376907 0.117760047
0.982408941 -0.065094575 0.175029516 0.091284513 0.062706828 0.997848392 0.019143969 -0.034131836 -0.175899088 -0.007831661 0.984377027 0.117606089
0.982427776 -0.065263383 0.174860805 0.091234513 0.062881134 0.997837543 0.019135641 -0.034140173 -0.175731540 -0.007803939 0.984407187 0.117586695
0.982425213 -0.065171137 0.174909770 0.091206983 0.062779561 0.997843146 0.019177644 -0.034119472 -0.175782353 -0.007859845 0.984397709 0.117695205
0.982452691 -0.065112717 0.174777091 0.091180377 0.062722646 0.997846842 0.019170064 -0.034136105 -0.175648987 -0.007871199 0.984421372 0.117615782
0.982439637 -0.065012977 0.174887776 0.091161646 0.062615007 0.997853041 0.019200467 -0.034096181 -0.175760567 -0.007912701 0.984401166 0.117472209
0.982431293 -0.065075621 0.174911201 0.091159061 0.062675819 0.997848928 0.019215230 -0.034104712 -0.175785393 -0.007914940 0.984396696 0.117593586
