0.999895394 -0.014373388 -0.001597096 0.373720288 -0.007547110 -0.424412966 -0.905437410 0.360655606 0.012336374 0.905354798 -0.424476981 -0.012071699
0.999908626 -0.013518351 0.000106031 0.372960538 -0.005518318 -0.415307164 -0.909664631 0.344996959 0.012341200 0.909580946 -0.415343761 0.005548120
0.999909222 -0.013472239 -0.000034767 0.372061491 -0.005471697 -0.403748512 -0.914853871 0.328616738 0.012311091 0.914771020 -0.403785586 0.023354024
0.999856651 -0.016917039 -0.000702486 0.370665759 -0.007320901 -0.394535542 -0.918851733 0.311238915 0.015267092 0.918725133 -0.394602776 0.043466687
0.999833524 -0.018247016 -0.000157436 0.369286597 -0.007222384 -0.387793303 -0.921718121 0.294149965 0.016757552 0.921565771 -0.387860537 0.063115865
0.999732137 -0.023115512 -0.001129446 0.368052781 -0.009903827 -0.383206367 -0.923609793 0.276241481 0.020916902 0.923373640 -0.383332610 0.082377404
0.999675453 -0.025395624 -0.002003031 0.366624355 -0.011502743 -0.379838943 -0.924981296 0.259868920 0.022729645 0.924704134 -0.380007744 0.102026850
0.999646187 -0.026394639 -0.003285279 0.365433902 -0.012964451 -0.375663877 -0.926665425 0.246700823 0.023224836 0.926380157 -0.375873208 0.120884478
0.999680221 -0.024986966 -0.003885268 0.365399987 -0.012886221 -0.371183515 -0.928470314 0.231390595 0.021757506 0.928223431 -0.371386766 0.139890596
0.999801099 -0.019642582 -0.003449464 0.364459842 -0.010356961 -0.363583207 -0.931504190 0.219633132 0.017042980 0.931354702 -0.363714337 0.153548375
0.999820471 -0.017954681 -0.006056241 0.364729434 -0.012003276 -0.352823019 -0.935613215 0.209874213 0.014661856 0.935517967 -0.352975130 0.165911958
0.999885082 -0.014257979 -0.005153614 0.362079412 -0.009678943 -0.338692307 -0.940847576 0.202080652 0.011669095 0.940789282 -0.338791370 0.180787340
0.999876380 -0.014253171 -0.006637459 0.359402150 -0.010883188 -0.322733164 -0.946427464 0.192938015 0.011347464 0.946382761 -0.322848439 0.192472145
0.999560297 -0.026084641 -0.014098603 0.363523513 -0.021610333 -0.315316439 -0.948740602 0.186773181 0.020302035 0.948628187 -0.315741539 0.235486105
0.999895394 -0.014373388 -0.001597096 0.373720288 -0.007547110 -0.424412966 -0.905437410 0.360655606 0.012336374 0.905354798 -0.424476981 -0.012071699
0.999947011 -0.010142411 0.001766147 0.373440564 -0.002783958 -0.431556344 -0.902081907 0.379403353 0.009911476 0.902029216 -0.431561708 -0.029934287
0.999968648 -0.003468151 0.007119798 0.373231381 0.004861453 -0.440888286 -0.897549093 0.402383924 0.006251869 0.897555530 -0.440857649 -0.051620543
0.999900222 0.001407466 0.014055450 0.373986125 0.013170872 -0.452517986 -0.891657948 0.427131861 0.005105366 0.891754150 -0.452491403 -0.077371895
0.999659956 0.008246533 0.024738595 0.373924315 0.025736783 -0.464724422 -0.885081410 0.455988795 0.004197775 0.885417104 -0.464778662 -0.106984019
0.999255300 0.015111722 0.035502434 0.373725504 0.038403209 -0.478679657 -0.877149403 0.481371433 0.003739057 0.877859652 -0.478903532 -0.131398618
0.999000430 0.020151906 0.039900187 0.373894364 0.044653706 -0.490681767 -0.870193958 0.512989521 0.002042230 0.871105790 -0.491091251 -0.164245307
0.998963594 0.021221565 0.040265892 0.372740656 0.045472950 -0.503745317 -0.862654805 0.537352443 0.001976866 0.863591790 -0.504188299 -0.186641991
0.999082267 0.019877950 0.037940294 0.374117821 0.042755462 -0.515838027 -0.855618775 0.567432046 0.002563095 0.856455743 -0.516214490 -0.201623082
0.999063551 0.017411355 0.039609335 0.369223982 0.042823795 -0.528648734 -0.847759843 0.576360464 0.006178776 0.848662138 -0.528899312 -0.222300828
0.999063909 0.014471424 0.040766712 0.371213347 0.042129092 -0.539471984 -0.840949059 0.606531799 0.009822770 0.841879249 -0.539576650 -0.253675938
0.999137223 0.007819870 0.040787954 0.373204470 0.038269583 -0.554846287 -0.831072390 0.621272802 0.016132165 0.831916273 -0.554666877 -0.265377998
0.999154687 0.005329900 0.040762115 0.376214623 0.036513582 -0.570618272 -0.820403337 0.645981550 0.018886939 0.821198225 -0.570330501 -0.265761554
0.999201298 0.004760677 0.039675206 0.377552241 0.034962587 -0.584930420 -0.810329914 0.638842702 0.019349508 0.811069846 -0.584629774 -0.276781976
0.999895394 -0.014373388 -0.001597096 0.373720288 -0.007547110 -0.424412966 -0.905437410 0.360655606 0.012336374 0.905354798 -0.424476981 -0.012071699
0.999865711 -0.016381597 -0.000441357 0.373423457 -0.007167049 -0.412909985 -0.910743713 0.346924543 0.014737194 0.910624623 -0.412971973 0.005739778
0.999825776 -0.018401336 -0.003128382 0.374051243 -0.010248702 -0.401136279 -0.915961206 0.329882622 0.015600001 0.915833652 -0.401255012 0.028257221
0.999723852 -0.023017745 -0.004733687 0.373760134 -0.013367659 -0.391364217 -0.920139015 0.311779231 0.019326927 0.919948161 -0.391563892 0.051692963
0.999780655 -0.019930810 -0.006439071 0.374380410 -0.013621246 -0.385163426 -0.922747791 0.291227341 0.015911017 0.922633111 -0.385350347 0.077058882
0.999695599 -0.022869296 -0.009255907 0.375150174 -0.017290182 -0.381810427 -0.924079120 0.270065427 0.017599037 0.923957884 -0.382089615 0.102696896
0.999608099 -0.023368815 -0.015413793 0.374223679 -0.023131704 -0.379377723 -0.924952745 0.251074314 0.015767399 0.924946785 -0.379769564 0.131172121
0.999539316 -0.024521025 -0.017885480 0.372742802 -0.025778538 -0.374849796 -0.926727057 0.232203558 0.016019925 0.926761150 -0.375309229 0.158336803
0.999374390 -0.027981799 -0.021629419 0.371099353 -0.030371744 -0.365664721 -0.930251122 0.213191599 0.018120985 0.930326104 -0.366285801 0.184087098
0.999335587 -0.031510979 -0.018315533 0.370169878 -0.028269989 -0.352968097 -0.935208201 0.192975283 0.023004530 0.935104609 -0.353624344 0.210813925
0.999287009 -0.034277093 -0.015827188 0.370148957 -0.026492665 -0.337941527 -0.940794289 0.171672434 0.026899027 0.940542877 -0.338608742 0.234440893
0.999428213 -0.031534955 -0.012196615 0.367231756 -0.021664947 -0.320332289 -0.947057486 0.161111414 0.025958445 0.946780205 -0.320832372 0.253520638
0.999428272 -0.030810604 -0.013924507 0.363613933 -0.022658275 -0.304651141 -0.952194631 0.144011199 0.025095573 0.951965749 -0.305175066 0.271320641
0.999294877 -0.032028824 -0.019593854 0.364000350 -0.028029103 -0.289125800 -0.956880689 0.134099603 0.024982672 0.956755161 -0.289819717 0.280883312
0.999263644 -0.031271808 -0.022230269 0.356528729 -0.030140115 -0.281262755 -0.959157288 0.134082437 0.023742037 0.959121048 -0.281998158 0.296583652
0.999250412 -0.029246610 -0.025362412 0.359755039 -0.032390881 -0.272869349 -0.961505771 0.137464970 0.021200160 0.961606503 -0.273612022 0.290698469
1.000000000 0.000000000 0.000000000 0.000000000 0.000000000 1.000000000 0.000000000 0.000000089 0.000000000 0.000000000 1.000000000 0.000000061
0.999999642 -0.000343569 -0.000777605 -0.001274204 0.000333558 0.999917567 -0.012837684 -0.022785459 0.000781952 0.012837419 0.999917269 -0.008644370
0.999998689 -0.001578416 -0.000315440 -0.002268564 0.001568853 0.999597907 -0.028311558 -0.049462240 0.000360001 0.028311025 0.999599099 -0.018903745
0.999994397 0.002128620 0.002586952 -0.002609411 -0.002020105 0.999146819 -0.041249573 -0.078428470 -0.002672550 0.041244119 0.999145508 -0.029146135
0.999978721 0.002288492 0.006108514 -0.002619869 -0.001972446 0.998683751 -0.051252492 -0.109894179 -0.006217765 0.051239349 0.998667061 -0.041156411
0.999910116 0.006752447 0.011583224 -0.000478774 -0.006080482 0.998350084 -0.057097275 -0.140804380 -0.011949658 0.057021711 0.998301446 -0.050271273
0.999818981 0.007406911 0.017526550 -0.000550437 -0.006313079 0.998077095 -0.061662555 -0.172639877 -0.017949576 0.061540745 0.997943163 -0.065126754
0.999783158 0.006438441 0.019802961 0.001495974 -0.005108411 0.997773647 -0.066495262 -0.203376040 -0.020186998 0.066379689 0.997590184 -0.077724122
0.999706984 0.002432678 0.024082892 0.003454175 -0.000665935 0.997324467 -0.073098749 -0.234123871 -0.024196282 0.073061287 0.997033894 -0.087869748
0.999521077 -0.003651325 0.030728294 0.005535857 0.006197336 0.996515870 -0.083172999 -0.261072904 -0.030317539 0.083323605 0.996061265 -0.101366289
0.999134958 -0.008373157 0.040733770 0.002684315 0.012271524 0.995265484 -0.096416213 -0.290657490 -0.039733604 0.096832670 0.994507253 -0.109019935
0.998833358 -0.013353150 0.046406809 0.010229297 0.018499646 0.993501604 -0.112304367 -0.320568234 -0.044605624 0.113031857 0.992589593 -0.122531123
0.998580217 -0.013626305 0.051496770 0.006786944 0.020166567 0.991478205 -0.128702238 -0.343051344 -0.049304191 0.129558012 0.990345299 -0.142747551
0.998457968 -0.012946079 0.053982355 0.014954293 0.020670949 0.989201188 -0.145099193 -0.365060180 -0.051520944 0.145991325 0.987943411 -0.146143988
0.998479247 -0.010842115 0.054052107 0.016065139 0.019173091 0.987557530 -0.156084985 -0.374997705 -0.051687270 0.156883955 0.986263573 -0.154204324
0.998340249 -0.010456117 0.056633975 0.017884532 0.019493582 0.986686110 -0.161463559 -0.385348767 -0.054191675 0.162299573 0.985252321 -0.148315102
0.998138905 -0.005812448 0.060703900 0.017778985 0.015590979 0.986686885 -0.161882445 -0.382264495 -0.058954809 0.162527606 0.984941185 -0.147841305
0.998109519 -0.001919406 0.061430827 0.019307600 0.011720542 0.987113893 -0.159589455 -0.371940464 -0.060332909 0.160007760 0.985270262 -0.142662451
0.998209655 -0.000036183 0.059811741 0.018537419 0.009353071 0.987791955 -0.155497655 -0.356528223 -0.059075929 0.155778691 0.986023843 -0.135068893
0.998323262 -0.000090216 0.057884373 0.019377418 0.008892450 0.988367200 -0.151826367 -0.335019082 -0.057197317 0.152086541 0.986710787 -0.125894859
0.998392522 0.001153399 0.056666479 0.019019701 0.007215065 0.989072680 -0.147252217 -0.310015410 -0.056217104 0.147424355 0.987474382 -0.115939394
0.998648643 -0.000094028 0.051970143 0.019553661 0.007551591 0.989647686 -0.143319443 -0.281963825 -0.051418658 0.143518224 0.988310993 -0.103224531
0.998906195 0.003291375 0.046642780 0.023289494 0.003176186 0.990439355 -0.137912437 -0.248902604 -0.046650767 0.137909725 0.989345551 -0.085430481
0.999004722 0.004798081 0.044345461 0.020645343 0.001122860 0.991177201 -0.132538721 -0.214175045 -0.044590138 0.132456616 0.990185320 -0.074905269
0.998963892 0.009562423 0.044493977 0.020969016 -0.004012709 0.992375672 -0.123184420 -0.185550258 -0.045332681 0.122878246 0.991385818 -0.063912101
0.998803854 0.006509682 0.048460919 0.014309727 -0.000412117 0.992183745 -0.124784611 -0.083078191 -0.048894446 0.124615379 0.990999699 -0.019865127
0.999146819 -0.004204386 0.041085348 0.003585418 0.009237851 0.992350876 -0.123103335 0.030824168 -0.040253505 0.123377845 0.991542995 0.029371370
0.999265373 0.001944532 0.038275000 0.023335936 0.000767859 0.997495651 -0.070723899 -0.091679484 -0.038316671 0.070701338 0.996761322 -0.022967432
0.999422073 -0.006516491 0.033362057 0.023811081 0.008107632 0.998824894 -0.047782246 -0.063900657 -0.033011477 0.048025120 0.998300493 -0.012344504
0.999406576 -0.014042811 0.031452384 0.022800993 0.014939845 0.999482989 -0.028469307 -0.036102068 -0.031036336 0.028922306 0.999099731 -0.002446297
0.999396503 -0.014435506 0.031595696 0.022256825 0.014853441 0.999804735 -0.013033094 -0.012685825 -0.031401385 0.013494533 0.999415755 0.006194668
0.999437213 -0.008230720 0.032520171 0.022692684 0.008320607 0.999961913 -0.002629706 0.008003614 -0.032497291 0.002898814 0.999467611 0.013943215
0.999536574 0.000147808 0.030441057 0.021702927 -0.000264330 0.999992669 0.003823783 0.024175411 -0.030440267 -0.003830057 0.999529243 0.018330608
0.999706089 0.002243315 0.024140159 0.021055827 -0.002398709 0.999976575 0.006410118 0.035109796 -0.024125213 -0.006466139 0.999688029 0.021190295
0.999845684 0.004065553 0.017089797 0.019042902 -0.004163482 0.999975085 0.005698609 0.041092694 -0.017066205 -0.005768883 0.999837697 0.021109207
0.999932766 0.003636798 0.011011167 0.017543629 -0.003701568 0.999975920 0.005867498 0.038905412 -0.010989563 -0.005907863 0.999922156 0.019150577
0.999966204 0.004607418 0.006812900 0.016466459 -0.004650544 0.999969184 0.006327828 0.028805397 -0.006783535 -0.006359297 0.999956787 0.015566461
0.999965370 0.006103164 0.005661090 0.015690699 -0.006135944 0.999964416 0.005791103 0.012769493 -0.005625545 -0.005825638 0.999967217 0.007450236
0.999968469 0.005927633 0.005289095 0.015212701 -0.005940302 0.999979496 0.002382705 -0.008519114 -0.005274863 -0.002414049 0.999983191 0.000771019
0.999970078 0.005501196 0.005441593 0.014894110 -0.005491315 0.999983251 -0.001829183 -0.033498585 -0.005451564 0.001799247 0.999983549 -0.007343873
0.999920905 0.009657347 0.008055973 0.014946382 -0.009619582 0.999942601 -0.004713486 -0.062514775 -0.008101030 0.004635618 0.999956429 -0.017457563
0.999759853 0.015189393 0.015796747 0.016089844 -0.015056786 0.999850690 -0.008479900 -0.094537653 -0.015923195 0.008240015 0.999839246 -0.027450869
0.999543607 0.019796317 0.022818364 0.016945725 -0.019457513 0.999698520 -0.014975443 -0.128229871 -0.023107942 0.014524619 0.999627471 -0.038024642
0.999403358 0.022275280 0.026395071 0.018148476 -0.021576036 0.999416292 -0.026486561 -0.163075864 -0.026969660 0.025901258 0.999300659 -0.048077855
0.999328017 0.021187967 0.029910356 0.018909417 -0.020010324 0.999033451 -0.039137356 -0.199715227 -0.030710686 0.038512543 0.998786092 -0.059163004
0.999196649 0.019139064 0.035210691 0.018759008 -0.017129472 0.998254776 -0.056515582 -0.235725179 -0.036230899 0.055867039 0.997780621 -0.070879474
0.998923719 0.017194865 0.043078709 0.019063210 -0.013844857 0.996943414 -0.076890670 -0.270289898 -0.044269163 0.076211490 0.996108472 -0.081284977
0.998580813 0.017897535 0.050160550 0.017518807 -0.012930900 0.995137274 -0.097645558 -0.306730062 -0.051664248 0.096858360 0.993956387 -0.095822200
0.998153448 0.017138876 0.058275186 0.016001374 -0.010208724 0.993055582 -0.117202260 -0.334063441 -0.059879214 0.116390921 0.991396785 -0.110328771
0.997940421 0.017469786 0.061722793 0.017765841 -0.009029416 0.990877151 -0.134465590 -0.359042794 -0.063508786 0.133631334 0.988994062 -0.121356294
0.997918248 0.013300082 0.063105643 0.020440657 -0.003889272 0.989133894 -0.146966025 -0.386343509 -0.064374596 0.146414652 0.987126470 -0.127586469
0.998037100 0.011249764 0.061607216 0.027439727 -0.001488976 0.987717927 -0.156240493 -0.393046081 -0.062608220 0.155842066 0.985795856 -0.152628139
0.997880697 0.005939069 0.064798281 0.016432164 0.004376446 0.987445354 -0.157900438 -0.422017604 -0.064922541 0.157849386 0.985326648 -0.149476811
0.997686327 0.002425898 0.067942157 0.019005539 0.008492222 0.987089038 -0.159947082 -0.411042809 -0.067452982 0.160154000 0.984784663 -0.152544469
0.997437656 0.000635612 0.071538389 0.017437363 0.010490147 0.987852812 -0.155037895 -0.417413294 -0.070767939 0.155391082 0.985314906 -0.146083131
0.997457981 -0.002366138 0.071217693 0.021216927 0.013335411 0.987989008 -0.153947636 -0.390028596 -0.069998033 0.154506013 0.985509098 -0.144962892
0.997033119 -0.002511404 0.076932847 0.016193293 0.013771680 0.989161015 -0.146187767 -0.388315260 -0.075731829 0.146813527 0.986260831 -0.130426496
0.996617198 -0.006022494 0.081962623 0.018841844 0.017627619 0.989764869 -0.141615003 -0.368601710 -0.080270849 0.142580748 0.986522853 -0.116360985
0.996157050 -0.000605325 0.087583005 0.021820601 0.012495730 0.990728974 -0.135277361 -0.346530378 -0.086689129 0.135851920 0.986929178 -0.104588293
0.995751560 0.005139833 0.091936782 0.024868706 0.006833919 0.991562188 -0.129451483 -0.323595494 -0.091826394 0.129529804 0.987314522 -0.093919203
0.995454431 0.013777744 0.094237298 0.026546255 -0.002004229 0.992292106 -0.123904549 -0.298291624 -0.095218047 0.123152457 0.987809181 -0.081302404
0.995337784 0.017096568 0.094923131 0.028866168 -0.005937657 0.993159235 -0.116616890 -0.273108214 -0.096267529 0.115509570 0.988630414 -0.069125041
0.995877683 0.020376032 0.088388026 0.030587859 -0.010809308 0.994157910 -0.107392885 -0.248970613 -0.090059891 0.105994768 0.990279913 -0.059367750
0.996337593 0.021673381 0.082714558 0.031525392 -0.013584183 0.995178521 -0.097134680 -0.223462552 -0.084420994 0.095655322 0.991828203 -0.049646493
0.997199595 0.023575217 0.070972718 0.031244764 -0.017579611 0.996315122 -0.083947197 -0.209486172 -0.072690271 0.082464442 0.993939519 -0.045352519
0.997952521 0.026364604 0.058272440 0.030473398 -0.022037307 0.997037411 -0.073693708 -0.173308983 -0.060042705 0.072258651 0.995576978 -0.043772593
0.998710692 0.022515524 0.045497257 0.030645994 -0.019776028 0.998015046 -0.059790466 -0.156004608 -0.046753157 0.058813620 0.997173548 -0.042508911
0.999304533 0.017628508 0.032858532 0.030238580 -0.016145455 0.998862565 -0.044865943 -0.141604006 -0.033612076 0.044304222 0.998452485 -0.045205753
0.999644339 0.010963057 0.024310740 0.030040720 -0.010240651 0.999508083 -0.029643513 -0.127609670 -0.024623765 0.029384013 0.999264836 -0.046069644
0.999882162 0.002905381 0.015074670 0.029580694 -0.002700944 0.999904335 -0.013564301 -0.119822204 -0.015112638 0.013521987 0.999794364 -0.048579108
0.999965072 -0.004012849 0.007330576 0.028770875 0.003977254 0.999980271 0.004863700 -0.114279099 -0.007349949 -0.004834375 0.999961317 -0.052711900
0.999959648 -0.008661042 0.002391770 0.027326774 0.008600273 0.999666631 0.024345635 -0.113113120 -0.002601831 -0.024324084 0.999700725 -0.057323571
0.999909997 -0.013213870 0.002333855 0.026995085 0.013092470 0.998854101 0.046033610 -0.112078674 -0.002939463 -0.045998912 0.998937190 -0.061735254
0.999812841 -0.017489746 0.008273187 0.026881129 0.016864028 0.997372150 0.070458494 -0.111585908 -0.009483748 -0.070305787 0.997480392 -0.064662516
0.999574661 -0.020023813 0.021201368 0.027311299 0.017903822 0.995234609 0.095851593 -0.111512929 -0.023019649 -0.095431246 0.995169818 -0.067861304
0.999128759 -0.025045680 0.033382326 0.026342260 0.020953955 0.992824018 0.117734507 -0.112154059 -0.036091514 -0.116932437 0.992483854 -0.069965407
0.998591781 -0.031191345 0.042913102 0.024337104 0.025050446 0.990274429 0.136853859 -0.113285780 -0.046764404 -0.135586157 0.989661276 -0.073278747
0.998250008 -0.036707696 0.046362434 0.022274936 0.029152911 0.987603843 0.154236227 -0.114463612 -0.051449370 -0.152614713 0.986945629 -0.077351242
0.998091459 -0.039400939 0.047550652 0.019484663 0.030597385 0.984372616 0.173419654 -0.114699021 -0.053640459 -0.171633750 0.983699441 -0.082444705
0.997809172 -0.045875113 0.047669142 0.018301077 0.035855871 0.980525792 0.193089530 -0.114954099 -0.055598825 -0.190957293 0.980022490 -0.087448396
0.997597933 -0.049683891 0.048269309 0.017264098 0.038259380 0.976089478 0.213975549 -0.114006996 -0.057746299 -0.211614817 0.975645721 -0.093000583
0.997270346 -0.056190208 0.047900870 0.016549077 0.043490462 0.971283257 0.233917594 -0.112848684 -0.059669189 -0.231195837 0.971075714 -0.099033482
0.997246146 -0.057091709 0.047336154 0.016921064 0.043328252 0.966521144 0.252902180 -0.111077309 -0.060190015 -0.250154704 0.966333151 -0.104734272
0.997317195 -0.056451049 0.046601694 0.018376457 0.041840959 0.961986899 0.269871294 -0.110214300 -0.060064737 -0.267197430 0.961768031 -0.110509016
0.997587323 -0.054331828 0.043215569 0.021155620 0.039986636 0.958558440 0.282075912 -0.109462224 -0.056750346 -0.279667288 0.958418310 -0.115254015
0.997891605 -0.050413117 0.040875737 0.024404895 0.036462203 0.956480801 0.289508134 -0.109844834 -0.053691860 -0.287407309 0.956302404 -0.119580291
0.997828841 -0.051985219 0.040436774 0.028743900 0.038007006 0.955942869 0.291081876 -0.112072289 -0.053787202 -0.288912982 0.955843210 -0.121747017
0.997917473 -0.051727112 0.038535390 0.033571865 0.038554903 0.957284331 0.286566257 -0.114285417 -0.051712569 -0.284483731 0.957285106 -0.122859001
0.998000205 -0.052991852 0.034458973 0.037325040 0.041293621 0.959312797 0.279309452 -0.116442434 -0.047858059 -0.277327955 0.959582627 -0.123048745
0.998157918 -0.052330166 0.030698111 0.042021971 0.042091265 0.961715460 0.270798296 -0.118038088 -0.043693766 -0.269007355 0.962146521 -0.121993549
0.998316467 -0.050347872 0.028798312 0.045783769 0.041009307 0.963812888 0.263406515 -0.118918926 -0.041018143 -0.261782050 0.964254975 -0.120189123
0.998626053 -0.045187067 0.026536610 0.047625132 0.036835592 0.965483367 0.257846802 -0.119369335 -0.037271995 -0.256515056 0.965821326 -0.117853820
0.998858452 -0.041977853 0.022797059 0.048655812 0.034853928 0.966807246 0.253118455 -0.119883783 -0.032665730 -0.252034962 0.967166662 -0.116039954
0.999179423 -0.035922654 0.018710561 0.049732029 0.030080207 0.967482626 0.251142591 -0.120978057 -0.027123850 -0.250373691 0.967769265 -0.113552131
0.999320328 -0.033055972 0.016315330 0.050713975 0.027877396 0.967263103 0.252239764 -0.121978402 -0.024119247 -0.251613498 0.967527211 -0.111204088
0.999476016 -0.028440118 0.015456503 0.051506869 0.023508251 0.966027558 0.257367641 -0.123364642 -0.022250975 -0.256869406 0.966189921 -0.108572774
0.999570251 -0.025632495 0.014223248 0.054692082 0.021023104 0.964958429 0.261559308 -0.124223709 -0.020429261 -0.261147857 0.965082586 -0.106225371
0.999618888 -0.024464944 0.012787006 0.058573585 0.020221205 0.964275002 0.264130354 -0.125109136 -0.018792124 -0.263771117 0.964402199 -0.103495434
0.999591112 -0.025489004 0.012957525 0.064480811 0.021136513 0.963876009 0.265511304 -0.125546888 -0.019257065 -0.265128881 0.964020669 -0.100385308
0.999505460 -0.028079811 0.014154964 0.071998060 0.023303740 0.963655591 0.266129345 -0.126462832 -0.021113373 -0.265667886 0.963833392 -0.097058266
0.999428630 -0.029923277 0.015717993 0.081906192 0.024623377 0.963133097 0.267896116 -0.128104538 -0.023154849 -0.267356038 0.963319600 -0.093520842
0.999328256 -0.032140680 0.017607786 0.092790820 0.026220053 0.962724626 0.269209504 -0.129104212 -0.025604025 -0.268566966 0.962920666 -0.089881077
0.999167264 -0.036573265 0.018087726 0.105550833 0.030292589 0.961922884 0.271637172 -0.130461901 -0.027333654 -0.270863026 0.962229729 -0.086934291
0.998972952 -0.041351572 0.018524047 0.120160505 0.034714058 0.961205184 0.273641229 -0.131571025 -0.029120907 -0.272717118 0.961653411 -0.083952338
0.998780251 -0.045137189 0.020017615 0.135837704 0.037894934 0.960613549 0.275291800 -0.133199900 -0.031655088 -0.274197459 0.961152315 -0.081773475
0.998524427 -0.048998162 0.023412049 0.152736649 0.040694304 0.960626900 0.274845362 -0.134856313 -0.035957161 -0.273487091 0.961203337 -0.079042621
0.998159468 -0.054366782 0.026869401 0.170966908 0.045118719 0.961804628 0.269992858 -0.136479184 -0.040521756 -0.268283635 0.962487340 -0.076313674
0.997740865 -0.059655435 0.030893560 0.190425947 0.049432494 0.963332295 0.263718218 -0.139277279 -0.045492988 -0.261595279 0.964104950 -0.074351437
0.997078180 -0.066721261 0.037193272 0.208698958 0.055028286 0.965088367 0.256078780 -0.141257316 -0.052980687 -0.253283858 0.965940118 -0.071016788
0.996473551 -0.071289793 0.044251770 0.227209643 0.057932571 0.966051280 0.251771241 -0.143562183 -0.060698196 -0.248319775 0.966774523 -0.068465501
0.995817840 -0.076906621 0.049316768 0.246350646 0.062224314 0.966179609 0.250250071 -0.144655138 -0.066894740 -0.246134803 0.966924369 -0.066186383
0.995170653 -0.080581404 0.056053258 0.263554186 0.063942470 0.965438485 0.252665520 -0.144396052 -0.074476115 -0.247861147 0.965928674 -0.063439928
0.994396687 -0.083706342 0.064564109 0.280411094 0.064150669 0.963254869 0.260815650 -0.144150719 -0.084023610 -0.255212396 0.963227212 -0.062436186
0.993414283 -0.086897656 0.074678682 0.297727197 0.063518062 0.960122526 0.272268534 -0.141589984 -0.095360182 -0.265731990 0.959318995 -0.059804562
0.992325485 -0.092884354 0.081625223 0.312129766 0.066415630 0.957176149 0.281785071 -0.139599770 -0.104303136 -0.274201334 0.955999196 -0.057552479
0.992033243 -0.095582798 0.082060598 0.327223241 0.068132401 0.954991400 0.288703024 -0.137295991 -0.105962209 -0.280812025 0.953895509 -0.057398550
0.991966367 -0.095024586 0.083504945 0.336864293 0.066755801 0.953926206 0.292520821 -0.136194348 -0.107454225 -0.284596384 0.952606142 -0.055568274
0.992107689 -0.094616741 0.082280159 0.346177667 0.066652998 0.953761160 0.293081880 -0.134458125 -0.106206074 -0.285284579 0.952540278 -0.054551259
0.992199838 -0.095090307 0.080605626 0.352649987 0.067786686 0.954228759 0.291294396 -0.133008569 -0.104615480 -0.283558249 0.953231514 -0.053005274
0.992275298 -0.096542433 0.077905960 0.357041806 0.070322037 0.955082595 0.287875086 -0.131977335 -0.102198787 -0.280172795 0.954493880 -0.051950712
0.992517233 -0.096719615 0.074530579 0.359347373 0.071834631 0.956093073 0.284122944 -0.130918890 -0.098738424 -0.276643038 0.955886662 -0.051254980
0.992400765 -0.098995365 0.073079810 0.359648049 0.074747257 0.956782818 0.281032860 -0.130018905 -0.097742453 -0.273434699 0.956911623 -0.051167365
0.992283106 -0.100365460 0.072807737 0.358034164 0.076242119 0.956948876 0.280064344 -0.129260913 -0.097782068 -0.272352099 0.957216263 -0.051396091
0.992139280 -0.099045597 0.076482654 0.354919732 0.073843755 0.956812263 0.281171560 -0.128966302 -0.101028338 -0.273313582 0.956604898 -0.052516870
0.992067814 -0.097877912 0.078875855 0.349430084 0.072071292 0.956983507 0.281048536 -0.129591703 -0.102991343 -0.273134530 0.956446707 -0.053919345
0.992076695 -0.098000817 0.078610703 0.341335267 0.072349913 0.957200050 0.280238301 -0.130677044 -0.102709755 -0.272330433 0.956706226 -0.056074928
0.992300570 -0.096935228 0.077091746 0.331444561 0.071849436 0.957543314 0.279192567 -0.131706342 -0.100882284 -0.271503925 0.957135499 -0.058641613
0.992521763 -0.097217828 0.073818669 0.319224209 0.073035538 0.957503319 0.279021919 -0.131113201 -0.097807527 -0.271543920 0.957443237 -0.061778277
0.993165314 -0.093984827 0.069206379 0.305984378 0.070952192 0.956969500 0.281380862 -0.130210400 -0.092673920 -0.274547368 0.957097352 -0.064891316
0.993646204 -0.091901839 0.064970888 0.291326612 0.069858715 0.956221461 0.284183621 -0.129277304 -0.088243552 -0.277839184 0.956565976 -0.067738280
0.994045556 -0.090729848 0.060345381 0.274931312 0.069908619 0.955822349 0.285510838 -0.128354639 -0.083583817 -0.279592097 0.956473708 -0.070214242
0.994472623 -0.089506045 0.054889165 0.256774306 0.070309445 0.955950260 0.284983605 -0.127973452 -0.077979065 -0.279549152 0.956959546 -0.072884351
0.994992733 -0.086539820 0.050002642 0.237647712 0.068963572 0.956566036 0.283241004 -0.127908662 -0.072342448 -0.278374404 0.957744360 -0.075961806
0.995524585 -0.083191410 0.044832397 0.217270970 0.067462727 0.957827568 0.279311925 -0.128241643 -0.066178061 -0.275037378 0.959153235 -0.079386547
0.996067464 -0.079454899 0.039198309 0.196062565 0.065760314 0.959509969 0.273890764 -0.128940612 -0.059373133 -0.270235986 0.960961699 -0.083475776
0.996648312 -0.074329212 0.034166500 0.174441040 0.062499225 0.961323738 0.268236011 -0.129883245 -0.052782841 -0.265201598 0.962747157 -0.087424979
0.996993423 -0.071353316 0.030213274 0.151972458 0.060935821 0.962840796 0.263105303 -0.131250858 -0.047864012 -0.260473162 0.964293897 -0.091262862
0.997273326 -0.068890817 0.026456080 0.128777057 0.059665330 0.963684201 0.260293663 -0.132693455 -0.043427154 -0.258005440 0.965166986 -0.095107436
0.997550309 -0.066140354 0.022777103 0.104991332 0.057954293 0.963760316 0.260398507 -0.133454949 -0.039174519 -0.258440614 0.965232491 -0.098792084
0.997980118 -0.061089184 0.017430253 0.080833718 0.054333035 0.962963283 0.264101535 -0.134792954 -0.032918442 -0.262621015 0.964337349 -0.102216773
0.998263299 -0.057560246 0.012535920 0.056477670 0.052099425 0.961961269 0.268171996 -0.134038389 -0.027495114 -0.267053157 0.963289499 -0.105137698
0.998592317 -0.052227255 0.009259686 0.032149620 0.047792722 0.961673379 0.270000428 -0.132077768 -0.023006175 -0.269177824 0.962815702 -0.106960200
0.998826146 -0.047853187 0.007508550 0.008233409 0.044039078 0.961678028 0.270621300 -0.131104723 -0.020170899 -0.269972980 0.962656617 -0.109264217
0.998914659 -0.046274468 0.005305752 -0.014813500 0.043146275 0.962213695 0.268855363 -0.129711866 -0.017546406 -0.268334657 0.963165939 -0.110749714
0.998989522 -0.044909265 0.001749412 -0.038534418 0.042824481 0.962981761 0.266143262 -0.128293723 -0.013636949 -0.265799403 0.963931918 -0.112745792
0.999105930 -0.042276379 -0.000160163 -0.061894916 0.040825266 0.963814139 0.263430417 -0.126639053 -0.010982515 -0.263201416 0.964678407 -0.114532538
0.999207616 -0.039700620 -0.002824137 -0.085199289 0.039062478 0.964591503 0.260839760 -0.125009894 -0.007631361 -0.260743380 0.965377986 -0.116309240
0.999278545 -0.037608292 -0.005297353 -0.108222932 0.037694465 0.965025961 0.259430259 -0.123077258 -0.004644645 -0.259442776 0.965747297 -0.118259683
0.999285221 -0.035846788 -0.012003727 -0.130876154 0.037735399 0.964879155 0.259969831 -0.120630488 0.002263063 -0.260236979 0.965542138 -0.119918227
0.999272704 -0.032714620 -0.019592490 -0.152072087 0.036725767 0.963938355 0.263579309 -0.117809623 0.010263056 -0.264107168 0.964438736 -0.121420100
0.999219537 -0.028843539 -0.026989188 -0.171646878 0.035064109 0.962284267 0.269776791 -0.114792325 0.018189952 -0.270512611 0.962544560 -0.122965150
0.999053478 -0.025482552 -0.035253052 -0.189682186 0.034228932 0.960656106 0.275623441 -0.111387081 0.026842469 -0.276569247 0.960619032 -0.124236003
0.998704731 -0.024360647 -0.044670269 -0.206343621 0.035885885 0.959624767 0.278984696 -0.108564205 0.036070451 -0.280226380 0.959255993 -0.125295043
0.998301506 -0.022895236 -0.053571340 -0.221166834 0.036926169 0.959907174 0.277875274 -0.106494218 0.045061495 -0.279381484 0.959122241 -0.126159772
0.997997224 -0.021077398 -0.059642501 -0.233350456 0.036595855 0.961433589 0.272591591 -0.105943009 0.051596783 -0.274228334 0.960279465 -0.127139971
0.997672379 -0.019494550 -0.065343276 -0.245453998 0.036211595 0.963444233 0.265450448 -0.105654694 0.057779767 -0.267198771 0.961907625 -0.132866323
0.997288346 -0.019412182 -0.070987150 -0.252421707 0.037194878 0.965273082 0.258581489 -0.105888732 0.063502356 -0.260520667 0.963377595 -0.134147733
0.997139931 -0.018178333 -0.073358536 -0.255733728 0.036328938 0.966436505 0.254323989 -0.106878534 0.066273183 -0.256261617 0.964332879 -0.133536711
0.997174978 -0.016365694 -0.073309079 -0.256038308 0.034479797 0.966806173 0.253173798 -0.107241012 0.066732302 -0.254986256 0.964639187 -0.134081230
0.997360170 -0.014014392 -0.071247995 -0.253444910 0.031802010 0.966394246 0.255089700 -0.107107647 0.065278724 -0.256682158 0.964288831 -0.135751337
0.997673869 -0.014070780 -0.066699728 -0.247881755 0.030830979 0.965808690 0.257416070 -0.107344314 0.060797136 -0.258873701 0.963995934 -0.137269005
0.998025537 -0.013582066 -0.061323140 -0.239118218 0.029050656 0.965449989 0.258964092 -0.107783884 0.055687156 -0.260234267 0.963938296 -0.138724342
0.998458624 -0.014463868 -0.053583212 -0.227516785 0.027873680 0.965538919 0.258761823 -0.108625390 0.047993980 -0.259856522 0.964453816 -0.139841035
0.998818755 -0.014186203 -0.046474352 -0.213527337 0.025663573 0.966167212 0.256636530 -0.109861493 0.041261300 -0.257526070 0.965389967 -0.141216725
0.999148011 -0.014243671 -0.038734354 -0.197478354 0.023623005 0.966976285 0.253769219 -0.111195646 0.033840597 -0.254468024 0.966488957 -0.142243877
0.999346852 -0.014897831 -0.032922488 -0.179594934 0.022690978 0.967759728 0.250850916 -0.112760603 0.028123926 -0.251434147 0.967465758 -0.143190116
0.999517322 -0.016588150 -0.026265984 -0.160431743 0.022618430 0.968169332 0.249272048 -0.113961659 0.021294961 -0.249745846 0.968077242 -0.143529177
0.999624610 -0.018346151 -0.020348802 -0.140176266 0.022852415 0.968009174 0.249871969 -0.114698976 0.015113640 -0.250243187 0.968065023 -0.143587843
0.999639928 -0.022254283 -0.014991662 -0.119165681 0.025324890 0.967135012 0.252998978 -0.115193225 0.008868651 -0.253287524 0.967350364 -0.143155217
0.999566197 -0.026075535 -0.013693616 -0.095973834 0.028727449 0.965700746 0.258063555 -0.116157852 0.006494789 -0.258345008 0.966030896 -0.142478347
0.999457002 -0.030683912 -0.012006566 -0.073372073 0.032766335 0.963923097 0.264156371 -0.116000265 0.003468056 -0.264406353 0.964405119 -0.141137213
0.999393106 -0.033466965 -0.009662863 -0.050241411 0.034832925 0.962338626 0.269612700 -0.115918279 0.000275827 -0.269785672 0.962920368 -0.138465360
0.999374568 -0.034759697 -0.006498918 -0.026496302 0.035215918 0.961604714 0.272169560 -0.115749836 -0.003211140 -0.272228211 0.962227345 -0.136103079
0.999353111 -0.035470616 -0.005935296 -0.002902756 0.035745990 0.961546659 0.272305429 -0.115688503 -0.003951777 -0.272341430 0.962192535 -0.133341685
0.999295235 -0.036714584 -0.007816674 0.020142373 0.037459545 0.961950719 0.270643055 -0.115937777 -0.002417289 -0.270745099 0.962648034 -0.130584955
0.999225855 -0.038108278 -0.009768818 0.042711604 0.039330844 0.962208509 0.269458383 -0.116572358 -0.000868956 -0.269633979 0.962962508 -0.127790093
0.999089539 -0.041452799 -0.010086861 0.064508446 0.042637151 0.962057829 0.269493550 -0.117195994 -0.001467119 -0.269678265 0.962949395 -0.124934517
0.999006450 -0.043549780 -0.009463819 0.085330546 0.044484209 0.961549461 0.271005064 -0.117692009 -0.002702281 -0.271156818 0.962531388 -0.121996932
0.998936355 -0.045381971 -0.008162760 0.106335320 0.045881100 0.960646987 0.273956716 -0.117711321 -0.004591166 -0.274039865 0.961707354 -0.117725447
0.998888850 -0.046818431 -0.005390997 0.124651499 0.046467643 0.959352493 0.278358608 -0.117764622 -0.007860444 -0.278299838 0.960462093 -0.114041284
0.998771727 -0.049537078 -0.001074691 0.140216380 0.047840349 0.958462000 0.281179458 -0.116409145 -0.012898756 -0.280885488 0.959654629 -0.110508643
0.998615503 -0.052533608 0.002702453 0.153239638 0.049631666 0.957984388 0.282493621 -0.114443935 -0.017429318 -0.281968385 0.959265351 -0.107029155
0.998406529 -0.056251660 0.004492622 0.164069086 0.052689165 0.957755506 0.282715887 -0.112043515 -0.020206068 -0.282028645 0.959193170 -0.102809273
0.998287797 -0.057553988 0.010439886 0.174047038 0.052336428 0.958575845 0.279987991 -0.108733788 -0.026121845 -0.278962195 0.959946752 -0.098402470
0.997886717 -0.061119389 0.022056160 0.183238626 0.052788358 0.960485399 0.273278683 -0.106661350 -0.037887245 -0.271536857 0.961682022 -0.092700705
0.997085392 -0.066143930 0.038022883 0.191630691 0.053931609 0.963573277 0.261950254 -0.104972005 -0.053964250 -0.259136140 0.964332044 -0.086799361
0.996226907 -0.069415875 0.052090716 0.197995916 0.054681752 0.968141258 0.244361132 -0.104004160 -0.067393713 -0.240590721 0.968284130 -0.080760449
0.995518506 -0.069534235 0.064092621 0.202578008 0.053527638 0.973059058 0.224256188 -0.103442840 -0.077959388 -0.219820470 0.972420335 -0.075563975
0.994701862 -0.068604305 0.076561637 0.206399202 0.051722642 0.977602124 0.204006940 -0.103881016 -0.088842578 -0.198966116 0.975971043 -0.070848629
0.993597507 -0.069043569 0.089425996 0.209615409 0.051726036 0.981707811 0.183232576 -0.105359025 -0.100441232 -0.177433789 0.978993773 -0.066485323
0.992488623 -0.070495762 0.099983379 0.212321877 0.053190231 0.984647155 0.166255116 -0.107094474 -0.110168636 -0.159688175 0.981000781 -0.062586755
0.991192460 -0.073930249 0.109871641 0.215327054 0.056267228 0.986159742 0.155958205 -0.109166384 -0.119881019 -0.148402423 0.981633961 -0.058746561
0.989790022 -0.081670582 0.116814606 0.218381569 0.062928662 0.985753417 0.155981258 -0.111064889 -0.127889484 -0.147037700 0.980828345 -0.054834358
0.988263607 -0.089348823 0.123902395 0.222928628 0.068447635 0.984127939 0.163728639 -0.113215372 -0.136564776 -0.153326228 0.978693604 -0.049525727
0.986145258 -0.099275179 0.132898539 0.228660956 0.075722463 0.982212067 0.171829909 -0.115965664 -0.147592992 -0.159385830 0.976121128 -0.042094938
0.983961284 -0.108659282 0.141468585 0.235252932 0.082367361 0.980213761 0.179990664 -0.119005769 -0.158227116 -0.165451452 0.973442316 -0.033400163
0.981769800 -0.117792800 0.149174184 0.242234126 0.088603392 0.977953672 0.189092845 -0.122462809 -0.168159217 -0.172428310 0.970562160 -0.023652583
0.979967058 -0.125605136 0.154557347 0.248969510 0.093504056 0.975365698 0.199796751 -0.126295313 -0.175845444 -0.181342497 0.967570841 -0.013854077
0.979058743 -0.129446968 0.157122508 0.255143374 0.095106542 0.973239660 0.209187314 -0.130380303 -0.179996505 -0.189863279 0.965170026 -0.003151441
0.978986740 -0.131442517 0.155909508 0.259461671 0.095809445 0.971383154 0.217336759 -0.134876966 -0.180015177 -0.197832212 0.963564694 0.008575114
0.979081154 -0.136406243 0.150974795 0.262140453 0.100482114 0.969353437 0.224181235 -0.140361995 -0.176927641 -0.204321355 0.962782145 0.021200707
0.980414331 -0.136316940 0.142145723 0.262841761 0.101406567 0.968129039 0.229004040 -0.146578476 -0.168832541 -0.210104331 0.962991059 0.034171000
0.982216120 -0.133678928 0.131838471 0.261274338 0.101043209 0.968187690 0.228916630 -0.153725073 -0.158245713 -0.211524233 0.964476943 0.047993578
0.984740734 -0.126987502 0.118995182 0.257238150 0.098160014 0.969921887 0.222746819 -0.161359087 -0.143702090 -0.207667291 0.967586696 0.062063254
0.987402439 -0.117533624 0.105935052 0.250760496 0.092985541 0.972722232 0.212520957 -0.168832928 -0.128023744 -0.199993283 0.971397221 0.076361343
0.990259886 -0.105432525 0.090935700 0.242081746 0.085425466 0.975830376 0.201140538 -0.175815165 -0.109944575 -0.191413179 0.975332320 0.090472020
0.992789626 -0.092066720 0.076762237 0.231146872 0.075893924 0.978459716 0.191980928 -0.181824580 -0.092783816 -0.184770882 0.978392005 0.104439676
0.995011568 -0.079527751 0.060227416 0.217805550 0.067092568 0.980262935 0.185965493 -0.187487140 -0.073828124 -0.180996999 0.980708659 0.117433563
0.996985018 -0.067003749 0.039132457 0.201259345 0.058758400 0.981312037 0.183232501 -0.192004934 -0.050678413 -0.180380687 0.982290447 0.128990561
0.998328447 -0.056045961 0.014110436 0.181876406 0.052532341 0.981753528 0.182757676 -0.196093678 -0.024095800 -0.181710929 0.983056724 0.138020620
0.998834193 -0.045896888 -0.014957441 0.159051508 0.047875285 0.981533885 0.185200468 -0.198335305 0.006181110 -0.185700640 0.982586920 0.144323930
0.998504937 -0.034195010 -0.042644974 0.133669302 0.041699242 0.980938256 0.189792722 -0.200960696 0.035342123 -0.191287220 0.980897605 0.149893299
0.997293711 -0.022702586 -0.069927096 0.106255367 0.035995066 0.980111778 0.195154458 -0.200328946 0.064105853 -0.197143346 0.978276491 0.150180742
0.995140612 -0.010481315 -0.097904466 0.077349186 0.030037342 0.979237676 0.200477898 -0.197488859 0.093770467 -0.202444494 0.974793971 0.145624503
0.992288351 0.002343588 -0.123928942 0.047043152 0.023356374 0.978375375 0.205514297 -0.193911359 0.121730663 -0.206823960 0.970775723 0.138218194
0.988881409 0.017205564 -0.147707552 0.016419547 0.014220988 0.977789938 0.209104419 -0.189172640 0.148024708 -0.208880007 0.966673613 0.127425745
0.984597683 0.026089648 -0.172877848 -0.014436908 0.011210663 0.977347493 0.211343750 -0.183586165 0.174475610 -0.210026637 0.962001622 0.113046989
0.980278015 0.029965226 -0.195338279 -0.044398259 0.012443452 0.977117240 0.212337226 -0.177837506 0.197231144 -0.210580200 0.957473695 0.096300706
0.975405991 0.031143397 -0.218204573 -0.072608255 0.016496111 0.976876855 0.213165447 -0.171205059 0.219797686 -0.211522385 0.952337801 0.076814152
0.971757114 0.034017976 -0.233518586 -0.097452588 0.017987777 0.975998521 0.217033044 -0.163646087 0.235296831 -0.215103880 0.947821558 0.056612227
0.969497323 0.038763285 -0.242017344 -0.117690280 0.016396506 0.974945843 0.221837327 -0.154567733 0.244552955 -0.219038919 0.944571733 0.036106586
0.968247056 0.041431747 -0.246538058 -0.133938670 0.015863806 0.974000931 0.225988016 -0.144365773 0.249491379 -0.222723261 0.942416251 0.015788585
0.968398869 0.045508340 -0.245219454 -0.146327451 0.012441231 0.973173618 0.229735434 -0.132174879 0.249095991 -0.225526363 0.941854060 -0.009997048
0.970170379 0.044048276 -0.238388747 -0.153036341 0.013068556 0.972421467 0.232864231 -0.120162830 0.242071599 -0.229033381 0.942838848 -0.029824439
