1.000000000 0.000000000 0.000000000 0.000003815 0.000000000 1.000000000 0.000000000 0.000000000 0.000000000 0.000000000 1.000000000 0.000003815
0.999986827 0.001405042 0.004932697 0.002012873 -0.001421916 0.999993145 0.003419051 -0.001812200 -0.004927860 -0.003426020 0.999981999 -0.000949249
0.999971032 0.001047315 0.007537865 0.004382203 -0.001095918 0.999978602 0.006446593 -0.004670123 -0.007530951 -0.006454667 0.999950826 -0.003357826
0.999939680 0.000005162 0.010982400 0.008008604 -0.000108151 0.999956012 0.009377065 -0.009301435 -0.010981869 -0.009377687 0.999895751 -0.005368572
0.999864876 -0.000712285 0.016421482 0.012391949 0.000528269 0.999937057 0.011207432 -0.015022464 -0.016428430 -0.011197244 0.999802351 -0.007214251
0.999767900 -0.001220163 0.021508412 0.017258406 0.000945608 0.999917984 0.012770574 -0.022550283 -0.021522230 -0.012747272 0.999687076 -0.010316726
0.999648929 -0.001363267 0.026460832 0.022479035 0.000992219 0.999901056 0.014030627 -0.030845452 -0.026477342 -0.013999446 0.999551356 -0.012584519
0.999528944 -0.001469169 0.030655786 0.027789932 0.000961617 0.999862313 0.016564673 -0.039299853 -0.030675903 -0.016527390 0.999392748 -0.014713823
0.999380589 0.000395997 0.035188701 0.033270244 -0.001156758 0.999765992 0.021601731 -0.047657218 -0.035171915 -0.021629056 0.999147177 -0.017719537
0.999253273 0.001222288 0.038619272 0.038396686 -0.002302628 0.999606907 0.027942035 -0.054839622 -0.038569935 -0.028010096 0.998863280 -0.020962814
0.999176800 0.000169390 0.040567253 0.044112954 -0.001549786 0.999420702 0.033998303 -0.062354993 -0.040537994 -0.034033187 0.998598218 -0.024298206
0.998950720 -0.000768632 0.045791861 0.047927916 -0.001002302 0.999252796 0.038638044 -0.070483305 -0.045787346 -0.038643401 0.998203516 -0.026670851
0.998611212 -0.000774087 0.052679032 0.051148392 -0.001229010 0.999277711 0.037981551 -0.079816274 -0.052670382 -0.037993547 0.997888923 -0.029380385
0.998168468 0.004090670 0.060357060 0.054252483 -0.006222175 0.999361992 0.035169367 -0.091979608 -0.060174685 -0.035480503 0.997557104 -0.032944541
0.997771263 0.005802669 0.066474356 0.056601807 -0.007939472 0.999458730 0.031925842 -0.106607862 -0.066253118 -0.032382458 0.997277260 -0.038007595
0.997549593 0.005363096 0.069756731 0.058726598 -0.007622194 0.999453664 0.032159630 -0.123328306 -0.069546148 -0.032612529 0.997045517 -0.041822702
0.997213662 0.006256052 0.074335217 0.060521878 -0.009166553 0.999201953 0.038877297 -0.142365038 -0.074032679 -0.039450374 0.996475220 -0.046099853
0.996769786 0.008043456 0.079907805 0.062520064 -0.011712885 0.998892963 0.045558743 -0.162749425 -0.079452902 -0.046347529 0.995760560 -0.050301217
0.995943129 0.012088444 0.089169100 0.064202517 -0.016313449 0.998770773 0.046806376 -0.184335351 -0.088493675 -0.048071142 0.994916081 -0.054084878
0.994875789 0.018129352 0.099465862 0.065407805 -0.022517025 0.998814046 0.043168504 -0.207390681 -0.098565280 -0.045186978 0.994104147 -0.057969790
0.994194686 0.018789109 0.105943091 0.065753050 -0.022459872 0.999184251 0.033562396 -0.230768874 -0.105226062 -0.035747025 0.993805647 -0.061391249
0.993268669 0.024473766 0.113218077 0.066291161 -0.026994569 0.999419451 0.020785566 -0.253363818 -0.112643652 -0.023701925 0.993352711 -0.065333568
0.992186964 0.031466112 0.120726429 0.066084735 -0.032913618 0.999408007 0.010014226 -0.275305599 -0.120339848 -0.013909527 0.992635310 -0.067930549
0.990999520 0.039716098 0.127837986 0.065816060 -0.040249903 0.999188364 0.001594007 -0.295127660 -0.127670914 -0.006725126 0.991793811 -0.071826123
0.990375280 0.042949855 0.131575480 0.065361947 -0.042914324 0.999073923 -0.003106926 -0.316320628 -0.131587073 -0.002569450 0.991301298 -0.078479901
0.989924490 0.043946713 0.134603918 0.064208277 -0.043470502 0.999033749 -0.006476291 -0.333916456 -0.134758472 0.000559739 0.990878344 -0.082810290
0.989486635 0.044337112 0.137660667 0.065187633 -0.043713551 0.999015570 -0.007551095 -0.346709043 -0.137859955 0.001454072 0.990450680 -0.085822806
0.988935232 0.043767825 0.141744554 0.066025488 -0.043510042 0.999040902 -0.004918942 -0.356209219 -0.141823888 -0.001302797 0.989891052 -0.090763807
0.988625109 0.039417628 0.145143658 0.067372777 -0.039816704 0.999206960 -0.000155569 -0.358075052 -0.145034701 -0.005625342 0.989410579 -0.091708243
0.988592088 0.035922986 0.146270886 0.069184303 -0.037246380 0.999286115 0.006317975 -0.352194577 -0.145939514 -0.011693962 0.989224374 -0.090392664
0.988774180 0.031965993 0.145958185 0.073986262 -0.034498207 0.999294400 0.014850110 -0.336016893 -0.145380497 -0.019718699 0.989179313 -0.085249379
0.989445448 0.025442436 0.142654881 0.075457297 -0.029504169 0.999215186 0.026429502 -0.315187544 -0.141870484 -0.030359464 0.989419580 -0.081092514
0.989962816 0.017846217 0.140196815 0.076640688 -0.024002837 0.998814642 0.042346559 -0.289725989 -0.139274910 -0.045286641 0.989217699 -0.076024249
0.990042865 0.010284670 0.140389889 0.081464104 -0.019205743 0.997870207 0.062338855 -0.260570616 -0.139449745 -0.064414434 0.988131821 -0.068099111
0.990017235 0.002140630 0.140930206 0.082544580 -0.014292220 0.996255457 0.085268654 -0.231853083 -0.140219957 -0.086431645 0.986340702 -0.062710419
0.989942372 -0.005168005 0.141376883 0.083212450 -0.010356476 0.994003892 0.108853236 -0.203371912 -0.141091734 -0.109222591 0.983952999 -0.057901096
0.990137935 -0.013991294 0.139395341 0.086381108 -0.004600530 0.991216660 0.132167742 -0.175898239 -0.140020177 -0.131505594 0.981376886 -0.052169297
0.990660071 -0.021301685 0.134680644 0.086447880 0.000562388 0.988351822 0.152185366 -0.152206734 -0.136353657 -0.150688216 0.979132652 -0.048299175
0.990848124 -0.026345808 0.132385299 0.086731821 0.003644967 0.985631883 0.168868169 -0.131856874 -0.134932145 -0.166840181 0.976707578 -0.045619432
0.991527379 -0.029806601 0.126432031 0.088704057 0.006713105 0.983775139 0.179280251 -0.116120994 -0.129724413 -0.176912516 0.975640059 -0.044583533
0.992175162 -0.027919941 0.121692069 0.089142017 0.005074398 0.982888281 0.184132740 -0.103464343 -0.124750681 -0.182074413 0.975338995 -0.043898437
0.992374122 -0.021367729 0.121396281 0.089712940 -0.001471720 0.982735813 0.185008407 -0.095947169 -0.123253681 -0.183776200 0.975210130 -0.044015348
0.992551625 -0.012618477 0.121169321 0.090253130 -0.009968362 0.982873619 0.184010968 -0.094579905 -0.121416070 -0.183848247 0.975427091 -0.046051640
0.992678583 -0.004514298 0.120701633 0.090528272 -0.017797340 0.982927322 0.183131471 -0.099777102 -0.119467638 -0.183938846 0.975650549 -0.048545733
0.992943704 0.001492192 0.118577197 0.090497002 -0.023264777 0.982940674 0.182445511 -0.111798488 -0.116282105 -0.183916792 0.976039469 -0.052370172
0.993284822 0.005714126 0.115553707 0.089796662 -0.026677337 0.983176947 0.180696890 -0.129955366 -0.112577215 -0.182566151 0.976727188 -0.058743246
0.993373692 0.010190806 0.114476293 0.089443259 -0.030222714 0.984167099 0.174647480 -0.153382719 -0.110883996 -0.176950008 0.977953672 -0.064613774
0.993437588 0.012164585 0.113726765 0.088946857 -0.030784141 0.986073673 0.163435116 -0.180516660 -0.110154852 -0.165863559 0.979977131 -0.070701003
0.993347883 0.013704873 0.114333764 0.088312618 -0.030621350 0.988581359 0.147544116 -0.210221067 -0.111006156 -0.150063694 0.982424796 -0.077523097
0.993186712 0.015935928 0.115439303 0.087903813 -0.030636813 0.991465628 0.126717269 -0.240776375 -0.112434752 -0.129390597 0.985198736 -0.083307475
0.993066251 0.020162141 0.115814142 0.087605700 -0.032209229 0.994148195 0.103111260 -0.272210240 -0.113057472 -0.106126599 0.987904429 -0.088998593
0.992951334 0.024409456 0.115981825 0.088247634 -0.033519879 0.996447265 0.077261031 -0.301727921 -0.113683872 -0.080604136 0.990241885 -0.096376829
0.993021905 0.025398476 0.115162358 0.087862670 -0.031697646 0.998080611 0.053200804 -0.331933439 -0.113590091 -0.056479938 0.991921008 -0.102860674
0.992873490 0.026171010 0.116264090 0.087984644 -0.030079842 0.999035358 0.031993646 -0.359122068 -0.115314633 -0.035262849 0.992702901 -0.108866595
0.992799878 0.023753418 0.117406189 0.089346468 -0.025550896 0.999577880 0.013828374 -0.382549703 -0.117028162 -0.016728641 0.992987692 -0.114565812
0.992513061 0.024677441 0.119619548 0.089914836 -0.024757542 0.999693155 -0.000816620 -0.398621500 -0.119602993 -0.002150979 0.992819488 -0.117785960
0.992274702 0.023855444 0.121744916 0.090446189 -0.022750299 0.999686480 -0.010459717 -0.406834781 -0.121956259 0.007609180 0.992506325 -0.118934371
0.991854787 0.022488287 0.125372887 0.092885561 -0.020981440 0.999691069 -0.013326610 -0.410924017 -0.125633836 0.010587558 0.992020190 -0.119838618
0.991818547 0.021848025 0.125772372 0.094165429 -0.020952636 0.999744892 -0.008437778 -0.402361929 -0.125924632 0.005733482 0.992023230 -0.116530679
0.992076278 0.019448839 0.124122687 0.095096201 -0.019793384 0.999802887 0.001543168 -0.386515766 -0.124068208 -0.003987748 0.992265701 -0.111523710
0.992304265 0.019049641 0.122349098 0.097368300 -0.020928398 0.999681711 0.014088869 -0.362723082 -0.122041762 -0.016541015 0.992387116 -0.103584334
0.992493272 0.019271329 0.120771259 0.098052070 -0.022595413 0.999400914 0.026214933 -0.337719202 -0.120193720 -0.028747020 0.992334187 -0.096836977
0.992504537 0.020712068 0.120439701 0.098434396 -0.025454393 0.998954594 0.037970748 -0.310758352 -0.119527347 -0.040751856 0.991994202 -0.090062194
0.993059754 0.018440273 0.116156287 0.099705644 -0.024506751 0.998397052 0.051017083 -0.284410417 -0.115029328 -0.053509623 0.991919816 -0.083339028
0.993602157 0.015569102 0.111858636 0.098558366 -0.023157049 0.997493625 0.066859521 -0.255963266 -0.110537335 -0.069022082 0.991472363 -0.077321231
0.994017541 0.010715818 0.108693480 0.097097598 -0.020246794 0.996005476 0.086966179 -0.227296233 -0.107327387 -0.088646598 0.990263939 -0.071465425
0.994445026 0.004697423 0.105152585 0.096206583 -0.016160553 0.993972719 0.108429790 -0.198795110 -0.104009457 -0.109526783 0.988527119 -0.064585119
0.994745135 -0.002136431 0.102359720 0.093981534 -0.010985320 0.991783261 0.127457097 -0.172215581 -0.101790957 -0.127911791 0.986548126 -0.059523966
0.994874954 -0.007136703 0.100860678 0.091871306 -0.007272852 0.989871502 0.141779721 -0.147794470 -0.100850947 -0.141786635 0.984746456 -0.055104453
0.995229781 -0.012627620 0.096737862 0.090719230 -0.002232521 0.988380194 0.151985615 -0.126862183 -0.097533002 -0.151476592 0.983637214 -0.049660515
0.995518982 -0.010869793 0.093934804 0.089868560 -0.004277783 0.987177610 0.159568444 -0.110497020 -0.094464809 -0.159255251 0.982707560 -0.046919204
0.995427489 -0.003758878 0.095446430 0.089872010 -0.012262952 0.985927939 0.166720331 -0.100409642 -0.094729982 -0.167128444 0.981373668 -0.045674276
0.995358646 -0.001060751 0.096229173 0.089274243 -0.015662104 0.984822094 0.172858849 -0.099454224 -0.094951980 -0.173563704 0.980234563 -0.045461282
0.995361090 0.003873545 0.096131392 0.089377254 -0.021280710 0.983303845 0.180722699 -0.104641683 -0.093826331 -0.181930080 0.978824854 -0.047608323
0.995501935 0.004722385 0.094623588 0.088962212 -0.022252921 0.982470930 0.185083076 -0.118407413 -0.092090882 -0.186356202 0.978156745 -0.051806848
0.995594203 0.006582106 0.093535021 0.089149602 -0.023866165 0.982468128 0.184896633 -0.136862174 -0.090678170 -0.186314330 0.978296697 -0.058040623
0.995328009 0.009406499 0.096092030 0.089055240 -0.026518360 0.983601749 0.178393781 -0.162017331 -0.092838228 -0.180108517 0.979255855 -0.064159900
0.994474828 0.013021694 0.104164459 0.089722522 -0.030515933 0.985285699 0.168169066 -0.190806270 -0.100441910 -0.170418575 0.980239213 -0.069759130
0.992916584 0.021139357 0.116918035 0.090823971 -0.039225705 0.987193167 0.154631630 -0.221242502 -0.112151869 -0.158122495 0.981029689 -0.074819684
0.991626203 0.025784025 0.126541346 0.091316812 -0.043526225 0.989262700 0.139516219 -0.253836781 -0.121585347 -0.143855795 0.982101083 -0.080846459
0.990505278 0.032590054 0.133556008 0.090843067 -0.049419828 0.990962327 0.124704912 -0.287488908 -0.128284842 -0.130121186 0.983164012 -0.088094778
0.990664184 0.020863932 0.134718657 0.090157785 -0.036117379 0.993074834 0.111794099 -0.324231714 -0.131453246 -0.115616098 0.984557271 -0.096069142
0.990228236 0.017569588 0.138345227 0.089241154 -0.032302238 0.993949711 0.104978688 -0.358019978 -0.135663763 -0.108421721 0.984804571 -0.103381954
0.989932179 0.008008785 0.141315594 0.087812386 -0.022218421 0.994813085 0.099263571 -0.390910804 -0.139787629 -0.101404019 0.984975457 -0.110956520
0.989704251 0.002102784 0.143112287 0.087462470 -0.015504818 0.995582998 0.092596427 -0.421000779 -0.142285451 -0.093862012 0.985365272 -0.118719086
0.989799142 -0.005425953 0.142366424 0.086058699 -0.006551025 0.996484220 0.083524451 -0.446546167 -0.142319098 -0.083605081 0.986283660 -0.125768214
0.990126550 -0.005704838 0.140060201 0.085245200 -0.004500691 0.997362554 0.072440609 -0.463664532 -0.140104070 -0.072355732 0.987489522 -0.131264687
0.990019441 0.001507946 0.140922755 0.085820630 -0.010188928 0.998091877 0.060899805 -0.471469462 -0.140562028 -0.061727840 0.988145709 -0.135284498
0.989346921 0.011816576 0.145096645 0.087112188 -0.019433051 0.998499930 0.051187806 -0.470898390 -0.144274130 -0.053462170 0.988092482 -0.135142669
0.988624334 0.022695147 0.148683757 0.088422805 -0.029580910 0.998581767 0.044264730 -0.462154120 -0.147468299 -0.048159387 0.987893581 -0.132479951
0.987941921 0.030286280 0.151833981 0.089589752 -0.037202723 0.998385608 0.042920195 -0.446608126 -0.150288969 -0.048051298 0.987473726 -0.128872469
0.987592876 0.035061825 0.153071657 0.090133555 -0.042397957 0.998090148 0.044927079 -0.423577815 -0.151204094 -0.050859589 0.987193286 -0.122014582
0.986670792 0.042017620 0.157210916 0.091187164 -0.050105248 0.997597575 0.047838341 -0.395648807 -0.154823184 -0.055077787 0.986405730 -0.113684542
0.986091495 0.043631796 0.160374150 0.093046673 -0.052451368 0.997311294 0.051176354 -0.365336835 -0.157710031 -0.058876410 0.985728741 -0.105032019
0.984796047 0.046441820 0.167391643 0.094399288 -0.056408603 0.996875942 0.055284917 -0.333751619 -0.164301172 -0.063886695 0.984339178 -0.095704310
0.984276175 0.044367563 0.170973361 0.094991989 -0.055470426 0.996612489 0.060716782 -0.301086992 -0.167700350 -0.069246046 0.983403087 -0.086913042
0.984442472 0.035532098 0.172077015 0.096961185 -0.048497025 0.996244013 0.071734689 -0.267883718 -0.168881819 -0.078963898 0.982468128 -0.077544220
0.986253798 0.024316352 0.163438722 0.095971458 -0.038604070 0.995648146 0.084820032 -0.234541669 -0.160664961 -0.089963481 0.982900500 -0.070533283
0.987695396 0.013438365 0.155811295 0.095332786 -0.029359918 0.994520009 0.100338914 -0.202453226 -0.153609052 -0.103678890 0.982677460 -0.064740941
0.988965809 0.003025422 0.148112878 0.096893542 -0.020488091 0.992977202 0.116518222 -0.172243446 -0.146720186 -0.118267097 0.982082546 -0.058788642
0.989911079 -0.006490179 0.141541153 0.096682332 -0.012322593 0.991221905 0.131632954 -0.145812988 -0.141153008 -0.132049084 0.981141627 -0.054389864
0.990144372 -0.015809216 0.139155120 0.096774362 -0.004740186 0.989256084 0.146116301 -0.124274999 -0.139970034 -0.145335868 0.979431391 -0.050479051
0.990339160 -0.020361934 0.137163281 0.098805264 -0.001928430 0.987042069 0.160450265 -0.108093388 -0.138653010 -0.159164682 0.977467120 -0.045158420
0.990404785 -0.021687549 0.136484504 0.099195100 -0.002265449 0.984928787 0.172945648 -0.101036593 -0.138178289 -0.171595395 0.975428998 -0.045348290
0.990735114 -0.021906981 0.134029865 0.099715583 -0.002851579 0.983330905 0.181802571 -0.102937840 -0.135778457 -0.180500388 0.974157989 -0.048036423
0.991333365 -0.022212468 0.129478678 0.099421553 -0.002371117 0.982415915 0.186690569 -0.113586806 -0.131348774 -0.185379595 0.973848999 -0.052378692
0.991761684 -0.020092376 0.126510918 0.099402860 -0.003831591 0.982526839 0.186081380 -0.133091241 -0.128039181 -0.185033113 0.974355519 -0.058818042
0.992239833 -0.017108873 0.123155929 0.098803587 -0.005416450 0.983600199 0.180281281 -0.158849493 -0.124220602 -0.179549336 0.975874603 -0.066814870
0.992169619 -0.006507625 0.124728218 0.097880147 -0.015473142 0.984544158 0.174451560 -0.187706098 -0.123935699 -0.175015479 0.976734102 -0.074728206
0.991450846 0.002008254 0.130465478 0.097704545 -0.023778081 0.985919535 0.165521368 -0.221521959 -0.128296047 -0.167208508 0.977538466 -0.083354071
0.990547061 0.008071669 0.136935443 0.097249746 -0.029714011 0.987190962 0.156751573 -0.257160217 -0.133916199 -0.159338713 0.978098989 -0.091615491
0.990016282 0.008898903 0.140671775 0.094922259 -0.030042034 0.988395333 0.148903161 -0.294688344 -0.137714252 -0.151642621 0.978794813 -0.101198480
0.990175903 0.008951747 0.139540464 0.092766292 -0.029240914 0.989140034 0.144037917 -0.327885926 -0.136735678 -0.146703169 0.979684412 -0.108889163
0.990314305 0.007534188 0.138639241 0.090373002 -0.026947457 0.989969194 0.138689712 -0.358818561 -0.136203676 -0.141082391 0.980583668 -0.116197877
0.990179002 0.005623718 0.139692172 0.088569440 -0.023777444 0.991407633 0.128629461 -0.386897385 -0.137768522 -0.130687729 0.981804729 -0.122150600
0.989714861 0.002012758 0.143039942 0.086668223 -0.018335229 0.993438840 0.112885237 -0.414025277 -0.141874224 -0.114346862 0.983258128 -0.127532825
0.989253223 -0.003248799 0.146176189 0.084868550 -0.010276674 0.995735645 0.091678269 -0.437610269 -0.145850688 -0.092195235 0.985001326 -0.131654263
0.989477098 -0.011008792 0.144269973 0.082917951 0.000969666 0.997583449 0.069472030 -0.456325382 -0.144686133 -0.068601087 0.987096667 -0.134523287
0.989140391 -0.011072783 0.146556124 0.081742130 0.003720224 0.998724818 0.050348219 -0.467243463 -0.146926716 -0.049256232 0.987920225 -0.135551602
0.988815963 -0.006744178 0.148988158 0.081488259 0.001293810 0.999327362 0.036649242 -0.469596595 -0.149135113 -0.036046594 0.988159597 -0.134904370
0.988286853 0.003338655 0.152571261 0.082478926 -0.008231300 0.999471486 0.031447571 -0.463899374 -0.152385622 -0.032335076 0.987792015 -0.132598355
0.987711132 0.012438338 0.155794814 0.083702058 -0.017880267 0.999276161 0.033577520 -0.449480444 -0.155264392 -0.035950545 0.987218559 -0.128353611
0.987642944 0.016698785 0.155828670 0.084505394 -0.023333013 0.998893142 0.040842202 -0.428604573 -0.154974177 -0.043973465 0.986939371 -0.122574888
0.987616897 0.017766431 0.155875549 0.085183583 -0.025870394 0.998408258 0.050116185 -0.404094785 -0.154737040 -0.053528156 0.986504555 -0.115712292
0.987330437 0.016669590 0.157799676 0.085979804 -0.026352458 0.997882187 0.059469681 -0.376126558 -0.156474158 -0.062874638 0.985678792 -0.107309528
0.986527741 0.018246299 0.162573457 0.087636836 -0.029984562 0.997093141 0.070044294 -0.346857965 -0.160822839 -0.073975325 0.984207153 -0.098412640
0.985388517 0.019311234 0.169223428 0.090555288 -0.033491917 0.996122777 0.081349179 -0.316771060 -0.166996360 -0.085828170 0.982214689 -0.089388609
0.985244572 0.018808208 0.170115694 0.091833957 -0.035240605 0.994938970 0.094098315 -0.286732197 -0.167484924 -0.098704830 0.980921090 -0.080714427
0.985208869 0.014627913 0.170732275 0.093131192 -0.033293322 0.993703544 0.106980748 -0.257535160 -0.168092355 -0.111082621 0.979492545 -0.072672516
0.986344695 -0.002046624 0.164681211 0.093879193 -0.017639728 0.992857993 0.117990762 -0.230905414 -0.163746551 -0.119284496 0.979264140 -0.063912101
0.987764418 -0.019164968 0.154771358 0.093416825 -0.000579407 0.991962612 0.126530200 -0.206614733 -0.155952334 -0.125071704 0.979814231 -0.057302535
0.988849938 -0.035569511 0.144604966 0.092984676 0.016259979 0.991038620 0.132582471 -0.185158119 -0.148024991 -0.128752902 0.980566800 -0.052064467
0.989409506 -0.044669848 0.138106436 0.093262635 0.025792245 0.990431726 0.135571837 -0.167527899 -0.142840981 -0.130573988 0.981094718 -0.046985626
0.989184678 -0.048151746 0.138546214 0.094012283 0.029098235 0.990226507 0.136399314 -0.152765438 -0.143760011 -0.130892649 0.980918050 -0.042978346
0.989172399 -0.044934329 0.139710173 0.094667830 0.025308300 0.989940464 0.139202774 -0.141427219 -0.144559726 -0.134159714 0.980358958 -0.039905790
0.989217579 -0.037596177 0.141545415 0.094813287 0.016744021 0.989184082 0.145720467 -0.136553481 -0.145493001 -0.141779199 0.979147792 -0.038742408
0.989027262 -0.029474396 0.144762963 0.095196038 0.006552792 0.987683475 0.156327859 -0.135974467 -0.147587657 -0.153663918 0.977039039 -0.038822882
0.989253104 -0.022830307 0.144419730 0.094977692 -0.001836810 0.985715866 0.168406829 -0.142712250 -0.146201611 -0.166862264 0.975080550 -0.041021217
0.989543617 -0.019637940 0.142890915 0.093183078 -0.006071322 0.984138489 0.177298129 -0.156719610 -0.144106224 -0.176311761 0.973728716 -0.045070522
0.990251839 -0.019316394 0.137942627 0.090279646 -0.005920177 0.983605623 0.180235684 -0.176614642 -0.139162645 -0.179295361 0.973902941 -0.051166218
0.990930319 -0.018584002 0.133085668 0.086818270 -0.005112083 0.984460294 0.175533012 -0.201464131 -0.134279668 -0.174621329 0.975436509 -0.058506489
0.991139054 -0.019588012 0.131375968 0.082246497 -0.002487878 0.986155570 0.165803999 -0.231495798 -0.132804930 -0.164661676 0.977368593 -0.066428490
0.991262138 -0.019594613 0.130443275 0.079264402 -0.000356174 0.988503814 0.151195332 -0.262555629 -0.131906301 -0.149920657 0.979859471 -0.074008375
0.991201520 -0.021162122 0.130658910 0.076838620 0.003425505 0.990906954 0.134505421 -0.295228422 -0.132317230 -0.132874399 0.982260942 -0.081586733
0.991317391 -0.021389961 0.129739448 0.076666586 0.006563148 0.993499279 0.113648929 -0.328834236 -0.131326988 -0.111810662 0.985013485 -0.090528034
0.991390765 -0.023372874 0.128833652 0.074627765 0.011807452 0.995888650 0.089813359 -0.362688392 -0.130403161 -0.087518938 0.987590730 -0.098936588
0.991266787 -0.023441575 0.129771411 0.072935142 0.015292964 0.997868717 0.063436225 -0.396026194 -0.130981863 -0.060897637 0.989512622 -0.107292727
0.990685642 -0.022864111 0.134235680 0.069149308 0.018262178 0.999205828 0.035414398 -0.427835882 -0.134938806 -0.032633096 0.990316391 -0.116894417
0.990148067 -0.018957604 0.138735086 0.067922480 0.017863177 0.999798775 0.009129611 -0.456121922 -0.138880253 -0.006561418 0.990287423 -0.124566287
0.989716828 -0.013229071 0.142427474 0.066867143 0.015085059 0.999814689 -0.011959190 -0.479805797 -0.142242879 0.013984739 0.989732981 -0.131703973
0.989451945 -0.007781480 0.144652352 0.066332556 0.011528711 0.999618828 -0.025084909 -0.496107101 -0.144402012 0.026487965 0.989164531 -0.138797373
0.988967776 -0.003175496 0.148096949 0.065925613 0.007774615 0.999504924 -0.030486245 -0.505658209 -0.147926837 0.031301308 0.988502860 -0.142413482
0.988287151 0.002712373 0.152581513 0.066065252 0.001493708 0.999622226 -0.027444750 -0.506976604 -0.152598321 0.027351208 0.987909734 -0.143580824
0.987214565 0.006881608 0.159248546 0.066739589 -0.003707177 0.999788642 -0.020222316 -0.497327328 -0.159354046 0.019373400 0.987031400 -0.140901849
0.986445725 0.011256875 0.163701206 0.067755781 -0.010040350 0.999915481 -0.008256899 -0.484320521 -0.163780332 0.006501365 0.986475408 -0.136935696
0.985959172 0.011990551 0.166555405 0.068917073 -0.012733141 0.999913156 0.003391349 -0.465570688 -0.166500270 -0.005464504 0.986026287 -0.130659521
0.985831797 0.013653190 0.167180479 0.070769250 -0.016310271 0.999761403 0.014530717 -0.442044228 -0.166942209 -0.017051602 0.985819221 -0.123554192
0.985532761 0.014265601 0.168883488 0.073265105 -0.018779188 0.999507070 0.025158985 -0.414931744 -0.168441340 -0.027966497 0.985314846 -0.115212470
0.985122800 0.013560847 0.171315983 0.076471642 -0.020135198 0.999123573 0.036696393 -0.387138039 -0.170668200 -0.039599936 0.984532475 -0.106667556
0.984291673 0.014721721 0.175935015 0.080565967 -0.023778599 0.998491943 0.049481671 -0.360889912 -0.174941227 -0.052887883 0.983157396 -0.098349467
0.983911574 0.014334260 0.178080067 0.084331244 -0.025792455 0.997730672 0.062195424 -0.336031109 -0.176784411 -0.065787919 0.982048512 -0.092495359
0.984595001 0.014670534 0.174234018 0.087269969 -0.027839815 0.996915221 0.073382132 -0.313736409 -0.172619984 -0.077102326 0.981966197 -0.089301258
0.985640883 0.013225589 0.168336347 0.089738652 -0.027557246 0.996161103 0.083088025 -0.294301659 -0.166591242 -0.086533844 0.982221603 -0.085876949
0.987593591 0.008123568 0.156821236 0.090528674 -0.023025237 0.995358407 0.093442164 -0.276202500 -0.155334249 -0.095893733 0.983196676 -0.085145712
0.989227712 0.000266432 0.146384746 0.090724379 -0.016100481 0.994129360 0.106993213 -0.259706318 -0.145496875 -0.108197510 0.983424604 -0.084799811
0.990747094 -0.009864581 0.135362208 0.090347245 -0.007235101 0.992098212 0.125254974 -0.249792367 -0.135528177 -0.125075355 0.982847035 -0.085267954
0.991312921 -0.015781570 0.130574197 0.090162233 -0.002804622 0.990013003 0.140948355 -0.237347156 -0.131494522 -0.140090138 0.981368423 -0.085900605
0.991205275 -0.019743877 0.130852282 0.090161592 -0.000664204 0.988052607 0.154115424 -0.227535024 -0.132331789 -0.152846918 0.979349852 -0.086654596
0.991418540 -0.020163905 0.129161417 0.089868128 -0.001343924 0.986408174 0.164307818 -0.220327124 -0.130718976 -0.163071409 0.977916300 -0.088222958
0.991960943 -0.023722239 0.124300845 0.089098111 0.002049952 0.985155344 0.171653047 -0.215229586 -0.126527637 -0.170018300 0.977284253 -0.091335654
0.993081093 -0.025225926 0.114688948 0.087632984 0.004553634 0.984192312 0.177044421 -0.211574748 -0.117342085 -0.175297230 0.977497697 -0.095990755
0.994529605 -0.024627548 0.101510569 0.086795256 0.005885703 0.983476877 0.180937991 -0.206469417 -0.104289353 -0.179350719 0.978241801 -0.100705616
0.995418429 -0.024513543 0.092418917 0.085651614 0.006966348 0.982601404 0.185596332 -0.205902904 -0.095360585 -0.184102193 0.978270292 -0.105577864
0.995792329 -0.024663385 0.088257164 0.084818222 0.007282116 0.981353164 0.192075267 -0.206454813 -0.091348678 -0.190624371 0.977403581 -0.110024102
0.995742381 -0.022455949 0.089402460 0.084079772 0.004192050 0.979901135 0.199439809 -0.207597688 -0.092084177 -0.198215887 0.975823224 -0.114500627
0.995591700 -0.021643477 0.091261603 0.083095491 0.001988329 0.977662802 0.210170075 -0.209451959 -0.093771882 -0.209062144 0.973396063 -0.118652672
0.995272398 -0.020564079 0.094921179 0.082309574 -0.001416881 0.974149525 0.225899741 -0.211081639 -0.097112842 -0.224966273 0.969514966 -0.122796759
0.995034516 -0.017142717 0.098043211 0.081521034 -0.008080425 0.967890561 0.251242042 -0.210963517 -0.099202074 -0.250786722 0.962945998 -0.128127784
0.994956672 -0.016953574 0.098862424 0.081143208 -0.012210239 0.957811892 0.287136376 -0.209287584 -0.099559590 -0.286895394 0.952774346 -0.133188412
0.995055020 -0.021035988 0.097071931 0.080560841 -0.012634010 0.942570806 0.333767414 -0.206128195 -0.098518297 -0.333343327 0.937644064 -0.138569832
0.995144486 -0.029286869 0.093966477 0.079921290 -0.009546944 0.921480477 0.388307273 -0.202596992 -0.097960584 -0.387318969 0.916726649 -0.145203918
0.995017052 -0.037363157 0.092439659 0.079586096 -0.007768759 0.895259500 0.445477337 -0.197994336 -0.099401928 -0.443975657 0.890508235 -0.150856420
0.994540393 -0.044887878 0.094204262 0.079802461 -0.007878345 0.867878616 0.496713847 -0.194031358 -0.104054302 -0.494744152 0.862786710 -0.155710042
0.993807971 -0.055221051 0.096417859 0.080113731 -0.005000249 0.844651461 0.535293281 -0.192115590 -0.110998943 -0.532460868 0.839145243 -0.158874810
0.993293881 -0.061972968 0.097604334 0.080134600 -0.002981842 0.830192685 0.557468593 -0.191527382 -0.115578383 -0.554021180 0.824440539 -0.160658717
0.992644072 -0.069255598 0.099304840 0.079664677 0.001140773 0.825544894 0.564335287 -0.192793757 -0.121063977 -0.560070813 0.819551229 -0.160928100
0.992402792 -0.071288645 0.100272827 0.078830980 0.002980199 0.828708529 0.559672534 -0.195621476 -0.122995235 -0.555121720 0.822625041 -0.161983773
0.992180526 -0.072083905 0.101890497 0.078183666 0.004579421 0.836834133 0.547437429 -0.198458776 -0.124726869 -0.542690158 0.830620646 -0.161676303
0.992233038 -0.070117846 0.102747656 0.077510469 0.004544616 0.845875263 0.533361375 -0.200682625 -0.124309860 -0.528751791 0.839624047 -0.161943376
0.992300272 -0.068809956 0.102982372 0.076470435 0.005073439 0.853356421 0.521303296 -0.202574044 -0.123751521 -0.516766906 0.847134888 -0.163667858
0.992526710 -0.068972819 0.100665160 0.075454272 0.007384436 0.857374668 0.514639854 -0.203053400 -0.121803917 -0.510050416 0.851476610 -0.165224642
0.992688358 -0.068377808 0.099469885 0.074410602 0.007741485 0.858441353 0.512853265 -0.202851057 -0.120456845 -0.508333445 0.852694154 -0.167147145
0.992463946 -0.073340908 0.098165192 0.072060488 0.012509678 0.857563555 0.514225900 -0.202765077 -0.121896677 -0.509122670 0.852018356 -0.170369163
0.992298663 -0.077109136 0.096940704 0.069364652 0.015775837 0.854911089 0.518534660 -0.201727852 -0.122859441 -0.513011932 0.849543571 -0.173402265
0.991955459 -0.081521474 0.096843317 0.066134922 0.019446217 0.854083955 0.519771576 -0.200775832 -0.125084862 -0.513707042 0.848798513 -0.176272839
0.991547644 -0.084315091 0.098611340 0.061702978 0.021497767 0.856314421 0.516007304 -0.200271443 -0.127949506 -0.509525895 0.850889087 -0.179429635
0.991104901 -0.083186947 0.103879735 0.058143482 0.019069478 0.861279607 0.507773459 -0.200302958 -0.131709620 -0.501275837 0.855204761 -0.182153165
0.990320623 -0.083295822 0.111026272 0.054704789 0.017166268 0.867271364 0.497539729 -0.201219335 -0.137732878 -0.490817934 0.860306621 -0.184800982
0.989404857 -0.086417556 0.116661847 0.051142029 0.018391531 0.871683538 0.489724010 -0.203523844 -0.144012958 -0.482389718 0.864037275 -0.186604142
0.988798261 -0.089047410 0.119785599 0.048326865 0.019584589 0.873005092 0.487317741 -0.205033734 -0.147967815 -0.479512990 0.864969850 -0.189859211
0.988510191 -0.089902639 0.121511959 0.045734372 0.019015741 0.871471226 0.490077853 -0.205489367 -0.149953470 -0.482136309 0.863167763 -0.193699092
0.989085019 -0.086646467 0.119177066 0.042865068 0.016205121 0.867886961 0.496497393 -0.205345899 -0.146451965 -0.489146888 0.859818101 -0.197260991
0.989661455 -0.082761705 0.117135346 0.040182009 0.012615759 0.863779306 0.503712356 -0.203978747 -0.142867178 -0.497026980 0.855893195 -0.201061532
0.990031540 -0.077359177 0.117699347 0.037984125 0.006801344 0.860943675 0.508654892 -0.202841967 -0.140681624 -0.502783835 0.852887511 -0.204007670
0.989899397 -0.072700456 0.121711865 0.034217127 0.001034580 0.862189293 0.506585121 -0.201085150 -0.141767636 -0.501342416 0.853555918 -0.205936313
0.989954352 -0.070934191 0.122305945 0.031646185 -0.000009473 0.865007877 0.501758277 -0.201275289 -0.141387418 -0.496718943 0.856317639 -0.206789225
0.990643620 -0.069204122 0.117626332 0.029079637 0.001780353 0.868375182 0.495904624 -0.202183351 -0.136462420 -0.491055369 0.860373557 -0.207178473
0.991202235 -0.070219867 0.112192914 0.027138840 0.006115802 0.871054590 0.491148144 -0.202823594 -0.132214516 -0.486140996 0.863820732 -0.207115903
0.991814315 -0.069815293 0.106911801 0.025165360 0.008918252 0.873117924 0.487427443 -0.203589171 -0.127376497 -0.482484072 0.866593540 -0.207341477
0.992222726 -0.070481546 0.102598108 0.023199894 0.011895990 0.874167502 0.485478848 -0.203308105 -0.123905234 -0.480482668 0.868207335 -0.207631245
0.992714286 -0.067628063 0.099723659 0.022082971 0.010744834 0.874024630 0.485762835 -0.202610910 -0.120012127 -0.481152177 0.868383408 -0.207274377
0.992880702 -0.066417530 0.098876551 0.021431971 0.010021288 0.873744011 0.486282855 -0.201875448 -0.118690506 -0.481830031 0.868189156 -0.206781998
0.993105531 -0.064279646 0.098028027 0.021227170 0.008511096 0.873580158 0.486605853 -0.201089919 -0.116914190 -0.482416660 0.868104398 -0.206166670
0.993255436 -0.064778104 0.096163400 0.020685915 0.009902084 0.873738348 0.486295432 -0.201003388 -0.115522943 -0.482063383 0.868486822 -0.205049530
0.993429542 -0.063683577 0.095090322 0.020830737 0.009508066 0.873932481 0.485954314 -0.200641066 -0.114049830 -0.481857270 0.868795872 -0.204289645
0.993527889 -0.063848138 0.093945660 0.021341264 0.010229588 0.874002695 0.485813439 -0.200418547 -0.113127045 -0.481708169 0.868999124 -0.203581974
0.993452311 -0.064056143 0.094601065 0.022761257 0.010121902 0.874126673 0.485592455 -0.200535491 -0.113798499 -0.481455415 0.869051576 -0.203155145
0.993377626 -0.064160116 0.095312104 0.026128657 0.009905877 0.874294102 0.485295504 -0.200486287 -0.114467427 -0.481137544 0.869139731 -0.202676043
0.993232965 -0.065381438 0.095987231 0.031600334 0.010534061 0.873794556 0.486181110 -0.200533167 -0.115660340 -0.481879979 0.868570328 -0.202170834
0.993183017 -0.065075345 0.096709065 0.039436541 0.009553628 0.872309148 0.488861412 -0.200946718 -0.116173021 -0.484604925 0.866984367 -0.202031419
0.992794335 -0.066995852 0.099352561 0.050131086 0.009365097 0.869951844 0.493047774 -0.201064020 -0.119464092 -0.488564610 0.864310682 -0.201371849
0.992388368 -0.068995006 0.102004841 0.063171886 0.009267991 0.867809534 0.496810526 -0.201739013 -0.122798219 -0.492083639 0.861843526 -0.200395286
0.991729140 -0.072520196 0.105896778 0.078124352 0.010308249 0.867412090 0.497483671 -0.203179583 -0.127933756 -0.492277443 0.860985398 -0.199349463
0.990800023 -0.076624691 0.111552604 0.095617130 0.011526372 0.869058967 0.494574308 -0.205283493 -0.134842396 -0.488738418 0.861946821 -0.196932793
0.989594281 -0.081741117 0.118412808 0.115052499 0.013507105 0.872102439 0.489136875 -0.207875311 -0.143250689 -0.482447624 0.864131689 -0.193906665
0.988390207 -0.087072790 0.124511354 0.135925725 0.016270753 0.875441313 0.483050495 -0.210138723 -0.151062936 -0.475416511 0.866694391 -0.190677330
0.987088919 -0.092197061 0.130977541 0.158320203 0.018334638 0.877388060 0.479430944 -0.212518319 -0.159120262 -0.470839530 0.867750466 -0.187630296
0.985591114 -0.099091992 0.137079820 0.181789666 0.021542449 0.877364993 0.479339689 -0.214668006 -0.167767778 -0.469479889 0.866857886 -0.184595227
0.983893037 -0.106010944 0.143931061 0.207120270 0.023649473 0.875289381 0.483020961 -0.215863183 -0.177186817 -0.471837103 0.863698244 -0.179434404
0.982204139 -0.110527262 0.151851207 0.232612073 0.022547875 0.872052431 0.488892764 -0.218089119 -0.186458200 -0.476768583 0.859025657 -0.176635534
0.981017828 -0.111198947 0.158867329 0.258570731 0.018570170 0.869358063 0.493833661 -0.220689535 -0.193026364 -0.481509447 0.854920745 -0.174031794
0.980040729 -0.113713920 0.163062438 0.284911603 0.018332671 0.868447959 0.495441318 -0.223060250 -0.197949812 -0.482563317 0.853199005 -0.170564458
0.979052305 -0.116417214 0.167043656 0.310322195 0.019517776 0.870297730 0.492139161 -0.226254448 -0.202671170 -0.478569686 0.854339242 -0.167848587
0.977682471 -0.119458370 0.172819734 0.335661113 0.020922519 0.873880744 0.485689908 -0.229195327 -0.209043562 -0.471234709 0.856877267 -0.165100917
0.976280093 -0.118563883 0.181162447 0.361846626 0.017734222 0.877712309 0.478859723 -0.230898723 -0.215783983 -0.464288414 0.858995676 -0.161393642
0.974936664 -0.117981791 0.188623548 0.386119723 0.014575813 0.879862130 0.475005418 -0.231991231 -0.222004712 -0.460350841 0.859529495 -0.158845916
0.973655283 -0.125652239 0.190281227 0.407213449 0.020248953 0.878822863 0.476718366 -0.232068032 -0.227124229 -0.460306346 0.858214796 -0.156886935
0.972087741 -0.136148751 0.191073105 0.425945371 0.027804583 0.875515044 0.482390195 -0.231019035 -0.232964203 -0.463612884 0.854863048 -0.153814971
0.970249653 -0.138420135 0.198633954 0.444536537 0.023820370 0.871037602 0.490638435 -0.229693726 -0.240931883 -0.471310258 0.848421216 -0.152552202
0.968103707 -0.140850604 0.207210928 0.461372703 0.019945193 0.867724061 0.496645927 -0.228614017 -0.249754786 -0.476671875 0.842856169 -0.151468679
0.966351926 -0.141664311 0.214697912 0.475886285 0.017043602 0.868104339 0.496089131 -0.227948859 -0.256658316 -0.475737482 0.841308713 -0.149630249
0.965721846 -0.142416969 0.217022330 0.487660110 0.018380996 0.871474504 0.490096211 -0.228272840 -0.258927464 -0.469307542 0.844219744 -0.147523731
0.965140581 -0.148409188 0.215588421 0.496280462 0.027279120 0.876251400 0.481081396 -0.227669522 -0.260306567 -0.458430141 0.849754274 -0.145390153
0.965130210 -0.151213840 0.213677332 0.503368497 0.033573266 0.881040931 0.471847087 -0.226359203 -0.259608299 -0.448220044 0.855396032 -0.143008515
0.965457737 -0.149750620 0.213227808 0.508734465 0.035215911 0.885830581 0.462670535 -0.224717841 -0.258168906 -0.439179868 0.860505581 -0.142338976
0.965852797 -0.151347071 0.210291415 0.512204468 0.040046934 0.889101326 0.455955058 -0.223233059 -0.255977839 -0.431963950 0.864802003 -0.141674310
0.965831578 -0.155220687 0.207547441 0.514157891 0.045759559 0.890364766 0.452942252 -0.220691219 -0.255098939 -0.427968621 0.867045224 -0.139597416
0.965424955 -0.162705392 0.203670338 0.514215529 0.053292371 0.887987077 0.456770003 -0.218381569 -0.255175561 -0.430123091 0.865955889 -0.139195114
0.964505732 -0.165997639 0.205361739 0.514218509 0.052635953 0.882954955 0.466497630 -0.215830266 -0.258762658 -0.439130217 0.860352576 -0.139200211
0.963157475 -0.166293159 0.211362883 0.513360858 0.046680529 0.877359092 0.477558374 -0.214221850 -0.264855832 -0.450097382 0.852797627 -0.138830289
0.961574495 -0.169339612 0.216098577 0.510414064 0.044809837 0.873366177 0.484998614 -0.214031041 -0.270862639 -0.456678957 0.847394705 -0.139148429
0.960756898 -0.170673952 0.218669951 0.505640447 0.044077799 0.872223735 0.487116873 -0.215208426 -0.273867279 -0.458362401 0.845517933 -0.139516667
0.960872889 -0.171174467 0.217767358 0.498333037 0.045723028 0.873427093 0.484803617 -0.216813356 -0.273189902 -0.455877662 0.847079039 -0.139790475
0.961664915 -0.167902499 0.216816336 0.489130169 0.043866891 0.874651611 0.482763171 -0.218030795 -0.270695895 -0.454745352 0.848487139 -0.140505761
0.962717056 -0.162503809 0.216260001 0.477371335 0.039511062 0.875350058 0.481872529 -0.218876451 -0.267609328 -0.455362231 0.849135160 -0.141417414
0.964061558 -0.158238903 0.213414431 0.462679952 0.037458409 0.876212299 0.480467349 -0.219510674 -0.263024986 -0.455205947 0.850650012 -0.141748980
0.965059340 -0.155942470 0.210576341 0.445372462 0.037044026 0.876754045 0.479510188 -0.219899550 -0.259399652 -0.454955220 0.851896465 -0.141940221
0.965878844 -0.155367553 0.207217291 0.425636858 0.038042918 0.876515031 0.479868919 -0.220243752 -0.256185114 -0.455612093 0.852517903 -0.142196268
0.966649771 -0.154363051 0.204353169 0.404127449 0.037989985 0.875537395 0.481654525 -0.220440313 -0.253268510 -0.457827866 0.852202296 -0.142046005
0.967915416 -0.155312896 0.197528943 0.379904538 0.041524876 0.874161005 0.483857691 -0.221144095 -0.247821435 -0.460130930 0.852563262 -0.142771035
0.969702423 -0.155885860 0.188087329 0.353865921 0.046072435 0.872821748 0.485859632 -0.222105607 -0.239905342 -0.462473631 0.853559375 -0.143614978
0.971502244 -0.156255841 0.178234547 0.326812983 0.051463630 0.873060703 0.484888107 -0.222273767 -0.231376171 -0.461897284 0.856221914 -0.143471286
0.973191321 -0.153900325 0.170919165 0.299254090 0.052790742 0.872764826 0.485277951 -0.222570866 -0.223856673 -0.463245332 0.857491672 -0.143324539
0.975059152 -0.147260785 0.166053787 0.271600276 0.049316909 0.873226166 0.484813273 -0.222096652 -0.216396496 -0.464532375 0.858709633 -0.142682046
0.976738811 -0.143293172 0.159525409 0.243204713 0.049489137 0.874495745 0.482501924 -0.221396118 -0.208643511 -0.463383555 0.861245394 -0.141523346
0.978479266 -0.139793545 0.151776582 0.213776022 0.051114079 0.876829028 0.478077561 -0.220749140 -0.199914277 -0.460031062 0.865104437 -0.139367849
0.980382144 -0.137593850 0.141133934 0.183758870 0.055620577 0.880051196 0.471610308 -0.220058009 -0.189095765 -0.454508364 0.870439529 -0.136310056
0.982182443 -0.135604948 0.130111381 0.154127121 0.060368441 0.883306265 0.464893162 -0.219009236 -0.177970007 -0.448755264 0.875754178 -0.134014070
