1.000000000 0.000000000 0.000000000 0.000000000 0.000000000 1.000000000 0.000000000 -0.000000238 0.000000000 0.000000000 1.000000000 0.000000253
0.999999702 -0.000630096 0.000457153 -0.001696654 0.000630703 0.999998927 -0.001326909 -0.005306571 -0.000456317 0.001327197 0.999998987 -0.003202835
0.999988914 -0.002645663 -0.003895753 0.001688805 0.002601876 0.999933898 -0.011202116 -0.015190311 0.003925132 0.011191855 0.999929667 -0.003504991
0.999935389 -0.006040432 -0.009627420 0.006159026 0.005777958 0.999617040 -0.027061606 -0.025526715 0.009787198 0.027004233 0.999587417 -0.008942454
0.999869883 -0.012155904 -0.010607035 -0.002980335 0.011612363 0.998687625 -0.049881924 -0.010148019 0.011199473 0.049752261 0.998698771 -0.011174917
0.999722660 -0.019009858 -0.013901235 -0.003606924 0.018103689 0.997872114 -0.062637568 -0.019513167 0.015062385 0.062368531 0.997939527 -0.016135212
0.999608397 -0.022981152 -0.015964899 -0.008107202 0.021804709 0.997286320 -0.070317827 -0.022060821 0.017537560 0.069942184 0.997396886 -0.017678991
0.999397695 -0.029178932 -0.018784523 -0.008572613 0.027680263 0.996752083 -0.075624481 -0.019116716 0.020930152 0.075058967 0.996959388 -0.025247898
0.999381065 -0.029664252 -0.018906802 -0.013098965 0.028262723 0.997109950 -0.070519082 -0.033054911 0.020944055 0.069941081 0.997331262 -0.028590437
0.999460161 -0.026655504 -0.019205911 -0.013569118 0.025383314 0.997647047 -0.063687429 -0.033529155 0.020858342 0.063165545 0.997785091 -0.030056642
0.999458611 -0.027451757 -0.018135376 -0.017939288 0.026471253 0.998282790 -0.052256595 -0.035091847 0.019538768 0.051748235 0.998468995 -0.037675638
0.999439955 -0.028288171 -0.017876692 -0.023034079 0.027430575 0.998540521 -0.046522692 -0.036904640 0.019166645 0.046006270 0.998757243 -0.045766108
0.999534905 -0.025150564 -0.017246809 -0.027801709 0.024644688 0.999277234 -0.028942177 -0.054397292 0.017962255 0.028503673 0.999432266 -0.057705838
0.999560297 -0.025147645 -0.015709430 -0.034932517 0.024906753 0.999571979 -0.015346114 -0.057124935 0.016088624 0.014948094 0.999758840 -0.069083169
0.999649763 -0.021899587 -0.014858888 -0.040179070 0.021988289 0.999741197 0.005832716 -0.072690502 0.014727308 -0.006157394 0.999872565 -0.076999277
0.999834061 -0.014763977 -0.010668758 -0.047765788 0.014891308 0.999817610 0.011955684 -0.078247696 0.010490300 -0.012112573 0.999871612 -0.082825139
0.999956429 -0.005584149 -0.007481266 -0.047434784 0.005603215 0.999981105 0.002529982 -0.080962993 0.007466997 -0.002571790 0.999968827 -0.085380413
0.999981463 0.002938188 -0.005335853 -0.045872033 -0.002965689 0.999982297 -0.005153381 -0.099678531 0.005320617 0.005169110 0.999972463 -0.093346484
0.999866366 0.016342536 -0.000459493 -0.050768498 -0.016348023 0.999718368 -0.017201722 -0.110653423 0.000178244 0.017206933 0.999851942 -0.099507459
0.999595344 0.028055584 0.004694558 -0.059820078 -0.027933637 0.999314666 -0.024288088 -0.124600604 -0.005372757 0.024147123 0.999693990 -0.105674118
0.999158442 0.038901992 0.012999806 -0.078810647 -0.038503975 0.998820543 -0.029579965 -0.143007740 -0.014135192 0.029054528 0.999477863 -0.109656967
0.999120116 0.040258855 0.011758033 -0.079657547 -0.039875783 0.998718202 -0.031174857 -0.159098521 -0.012998026 0.030678567 0.999444783 -0.118031375
0.999139130 0.039102312 0.013855414 -0.096059740 -0.038724352 0.998896599 -0.026570659 -0.170363605 -0.014879100 0.026011243 0.999550939 -0.124765299
0.999367118 0.033439860 0.012129216 -0.107885167 -0.033214718 0.999280453 -0.018311411 -0.182335019 -0.012732819 0.017896954 0.999758780 -0.131412700
0.999347210 0.031986184 0.016792571 -0.136929989 -0.031824179 0.999445140 -0.009827603 -0.194319263 -0.017097602 0.009286778 0.999810696 -0.134540945
0.999542594 0.026443694 0.014676245 -0.152810141 -0.026420183 0.999649346 -0.001793632 -0.208729580 -0.014718529 0.001405063 0.999890685 -0.138786063
0.999817133 0.017051153 0.008657043 -0.163959101 -0.017058324 0.999854207 0.000755009 -0.210574627 -0.008642907 -0.000902546 0.999962270 -0.144848660
0.999940515 0.008863753 0.006360095 -0.185263783 -0.008865684 0.999960661 0.000275462 -0.219677255 -0.006357404 -0.000331833 0.999979734 -0.148756713
0.999962986 0.002950069 0.008084001 -0.220306650 -0.002940155 0.999994934 -0.001238007 -0.234580711 -0.008087613 0.001214193 0.999966562 -0.150260061
0.999973178 -0.007322667 0.000095540 -0.228037804 0.007323251 0.999925613 -0.009751815 -0.244166762 -0.000024123 0.009752253 0.999952435 -0.155820385
0.999911726 -0.012372499 -0.004842381 -0.244560078 0.012282493 0.999759018 -0.018195374 -0.255926996 0.005066336 0.018134290 0.999822736 -0.161039785
0.999852359 -0.015893755 -0.006526364 -0.265405476 0.015733389 0.999589860 -0.023929317 -0.273261607 0.006904013 0.023823101 0.999692321 -0.166281074
0.999913692 -0.012958060 0.002175766 -0.315730929 0.013011849 0.999554574 -0.026858935 -0.290729016 -0.001826757 0.026884926 0.999636889 -0.162217662
0.999808013 -0.018694062 -0.005870485 -0.321193308 0.018480223 0.999230981 -0.034581818 -0.297744930 0.006512446 0.034466691 0.999384642 -0.170388564
0.999832809 -0.017975155 -0.003359184 -0.349150151 0.017848898 0.999247193 -0.034445751 -0.315573782 0.003975823 0.034380037 0.999400914 -0.172102511
0.999745727 -0.021685226 -0.006184013 -0.370035440 0.021459488 0.999174595 -0.034491345 -0.330713660 0.006926861 0.034349866 0.999385893 -0.176019803
0.999793291 -0.020311067 0.000905065 -0.416848153 0.020329414 0.999306917 -0.031183412 -0.351938665 -0.000271069 0.031195367 0.999513268 -0.172831401
0.999684989 -0.025041390 -0.001684464 -0.438300639 0.024976753 0.999201775 -0.031177109 -0.364629865 0.002463837 0.031125216 0.999512434 -0.178664535
0.999697804 -0.024561971 0.000993575 -0.483413339 0.024580929 0.999222457 -0.030826246 -0.384706497 -0.000235649 0.030841352 0.999524236 -0.178706303
0.999670684 -0.025075033 0.005460232 -0.514683902 0.025223881 0.999256670 -0.029152557 -0.399948537 -0.004725172 0.029280685 0.999560058 -0.181729093
0.999654830 -0.026272150 -0.000068399 -0.518915117 0.026257725 0.999185681 -0.030634951 -0.409534365 0.000873189 0.030622579 0.999530613 -0.187927216
0.999650359 -0.026440365 0.000272056 -0.544603765 0.026436398 0.999187291 -0.030427476 -0.424267143 0.000532679 0.030424030 0.999536932 -0.193179205
0.999625802 -0.027352761 0.000332266 -0.570374906 0.027350888 0.999204993 -0.029004965 -0.438190341 0.000461364 0.029003199 0.999579191 -0.198329344
0.999610364 -0.027908800 0.000424220 -0.595856130 0.027909612 0.999208689 -0.028339183 -0.452629656 0.000367028 0.028339980 0.999598265 -0.203960180
0.999539316 -0.030349920 0.000249813 -0.620778620 0.030344492 0.999123096 -0.028847776 -0.456689686 0.000625934 0.028842065 0.999583781 -0.202872336
0.999575019 -0.029139115 0.000857408 -0.646209836 0.029151721 0.999124050 -0.030022660 -0.471404612 0.000018176 0.030034894 0.999548852 -0.208113894
0.999565482 -0.029447462 0.001304721 -0.671610951 0.029472928 0.999144435 -0.029013045 -0.485693783 -0.000449244 0.029038891 0.999578178 -0.212629929
0.999523044 -0.030861642 0.001101883 -0.696950614 0.030880343 0.999137282 -0.027768750 -0.500099421 -0.000243943 0.027789533 0.999613762 -0.217439592
0.999516070 -0.031070059 0.001516107 -0.722568035 0.031100525 0.999116004 -0.028283261 -0.506385982 -0.000636004 0.028316725 0.999598801 -0.218582779
0.999498487 -0.031633921 0.001445196 -0.747700989 0.031661958 0.999108255 -0.027932948 -0.520292342 -0.000560279 0.027964694 0.999608755 -0.223044604
0.999516010 -0.031055823 0.001802484 -0.772752166 0.031093482 0.999143600 -0.027298898 -0.533554614 -0.000953151 0.027341731 0.999625683 -0.227311134
0.999467790 -0.032600589 0.001158465 -0.797742784 0.032620274 0.999073029 -0.028090024 -0.547685206 -0.000241640 0.028112864 0.999604702 -0.231608137
0.999349296 -0.036069244 0.000160898 -0.823748171 0.036059596 0.998956919 -0.028014753 -0.553676665 0.000849741 0.028002325 0.999607503 -0.233017102
0.999228060 -0.039265972 -0.001222593 -0.848600447 0.039219167 0.998871267 -0.026795449 -0.567531586 0.002273362 0.026726814 0.999640167 -0.237355500
0.998941362 -0.045824751 -0.004023799 -0.872708321 0.045711935 0.998649597 -0.024685640 -0.587231159 0.005149579 0.024475571 0.999687195 -0.241209552
0.998509467 -0.054064959 -0.007470770 -0.897171497 0.053885385 0.998294771 -0.022447241 -0.600787222 0.008671639 0.022011219 0.999720097 -0.244029686
0.997980416 -0.062594794 -0.010817458 -0.923230231 0.062311307 0.997748315 -0.024810636 -0.601909816 0.012346118 0.024086477 0.999633670 -0.248738080
0.996819437 -0.078090191 -0.015904181 -0.946546316 0.077671140 0.996654093 -0.025452388 -0.614768028 0.017838549 0.024136139 0.999549508 -0.250966161
0.995159447 -0.095797218 -0.021922614 -0.968632579 0.095104761 0.994993508 -0.030708266 -0.627548397 0.024754625 0.028474675 0.999287963 -0.253294468
0.992850125 -0.115902372 -0.028551981 -0.988863170 0.114874713 0.992751360 -0.035334136 -0.641118288 0.032440327 0.031801600 0.998967588 -0.255632699
0.990424573 -0.133546412 -0.034993023 -1.006475449 0.132200837 0.990482509 -0.038305622 -0.651239514 0.039775558 0.033312719 0.998653173 -0.263342083
0.988502622 -0.146100298 -0.038952127 -1.021251917 0.144472077 0.988626301 -0.041783940 -0.663857698 0.044613741 0.035676043 0.998367071 -0.265747726
0.986239314 -0.159462482 -0.043632284 -1.033069015 0.157519132 0.986496270 -0.044865154 -0.675426066 0.050197393 0.037374862 0.998039722 -0.268662483
0.984712303 -0.167908102 -0.046352353 -1.041304946 0.165607572 0.984938920 -0.049693257 -0.686984122 0.053998139 0.041257262 0.997688353 -0.271563798
0.983027756 -0.176762894 -0.049105052 -1.046510339 0.173909977 0.983090818 -0.057339117 -0.692871690 0.058410157 0.047826089 0.997146368 -0.282497436
0.981944025 -0.182363078 -0.050295450 -1.046824098 0.179084674 0.981786489 -0.063434936 -0.704120517 0.060947582 0.053282414 0.996717811 -0.286303908
0.981175423 -0.186194122 -0.051249303 -1.042619586 0.182564080 0.980824232 -0.068221852 -0.714702427 0.062969066 0.057581324 0.996352971 -0.291945666
0.980150700 -0.190887451 -0.053540133 -1.034843802 0.187010139 0.979863763 -0.069958501 -0.724645674 0.065816239 0.058557324 0.996112049 -0.297795653
0.979309320 -0.194330141 -0.056471236 -1.026201963 0.190571889 0.979470313 -0.065728404 -0.731071651 0.068084911 0.053606614 0.996238291 -0.309742957
0.977938592 -0.199782804 -0.061015841 -1.010309219 0.196286842 0.978782237 -0.058794465 -0.739318490 0.071467340 0.045520771 0.996403694 -0.316554040
0.976282477 -0.206556261 -0.064861894 -0.990216792 0.203341156 0.977680743 -0.052845884 -0.747054040 0.074329868 0.038403418 0.996493995 -0.324451417
0.973643601 -0.216859475 -0.070640892 -0.965985119 0.213913396 0.975721955 -0.046986256 -0.754658818 0.079115286 0.030636836 0.996394575 -0.332302153
0.970105290 -0.230101317 -0.077130504 -0.940028310 0.227249891 0.972840846 -0.044024631 -0.755172193 0.085165836 0.025180630 0.996048570 -0.350803822
0.966057777 -0.244351983 -0.083812408 -0.906209946 0.241806239 0.969522476 -0.039444685 -0.762321770 0.090896405 0.017839484 0.995700538 -0.359016746
0.962942243 -0.254674047 -0.088788405 -0.867365301 0.252379924 0.966944814 -0.036360931 -0.768810511 0.095113665 0.012605065 0.995386600 -0.368123263
0.961807430 -0.258529067 -0.089939766 -0.822368026 0.256361544 0.965944529 -0.035070933 -0.775167584 0.095943682 0.010674385 0.995329499 -0.375958860
0.962370098 -0.256889194 -0.088610247 -0.774136007 0.254773349 0.966381311 -0.034608193 -0.781006217 0.094521761 0.010730360 0.995464981 -0.386959136
0.965913773 -0.244695291 -0.084467828 -0.717579246 0.242936864 0.969557345 -0.030663367 -0.785876751 0.089399591 0.009097822 0.995954275 -0.393590778
0.972374558 -0.220891595 -0.075462624 -0.655640841 0.219443440 0.975249469 -0.027075652 -0.789951921 0.079575673 0.009767901 0.996780992 -0.400305152
0.979873478 -0.188967407 -0.064337552 -0.587128520 0.187935293 0.981939733 -0.021788288 -0.793448269 0.067292869 0.009258471 0.997690320 -0.403811306
0.987397552 -0.150261968 -0.049672589 -0.524595439 0.149598569 0.988603473 -0.016835000 -0.791714787 0.051636152 0.009191893 0.998623669 -0.414275110
0.991641402 -0.122814350 -0.039547089 -0.452575147 0.122471593 0.992411196 -0.010985434 -0.795870662 0.040596146 0.006050216 0.999157310 -0.419133991
0.994340658 -0.101639390 -0.030921301 -0.379313558 0.101382151 0.994799495 -0.009780115 -0.800412238 0.031754538 0.006589898 0.999473989 -0.423648030
0.995902598 -0.086748168 -0.025550114 -0.305017531 0.086578861 0.996215522 -0.007662082 -0.805051625 0.026118090 0.005418588 0.999644160 -0.427401334
0.996196449 -0.083907545 -0.023498883 -0.233056694 0.083779186 0.996463835 -0.006396487 -0.809920847 0.023952501 0.004403440 0.999703407 -0.434125125
0.995548368 -0.090796396 -0.025288567 -0.158380687 0.090659276 0.995860636 -0.006519299 -0.815278649 0.025775816 0.004197635 0.999658942 -0.436333805
0.994842231 -0.097660318 -0.027410816 -0.083134577 0.097501174 0.995210171 -0.007086880 -0.819935381 0.027971629 0.004377741 0.999599159 -0.437954307
0.993035734 -0.113429137 -0.031840771 -0.008095928 0.113219984 0.993535280 -0.008302459 -0.825191736 0.032576673 0.004639627 0.999458492 -0.441349953
0.991765678 -0.123283185 -0.034671936 0.058712050 0.122902475 0.992334723 -0.012913532 -0.822951555 0.035998184 0.008545930 0.999315321 -0.463732809
0.990770519 -0.130590841 -0.036329459 0.137231961 0.130037591 0.991359770 -0.017206294 -0.827879012 0.038262550 0.012323294 0.999191701 -0.464490414
0.990190983 -0.134884670 -0.036440436 0.217393279 0.134046748 0.990670979 -0.024545239 -0.833415747 0.039411258 0.019419754 0.999034345 -0.465388149
0.991242826 -0.127803504 -0.033224836 0.299670964 0.126826346 0.991470337 -0.030027663 -0.838071406 0.036779083 0.025550922 0.998996735 -0.465531200
0.991945386 -0.122859776 -0.030819379 0.380640030 0.121749476 0.991920888 -0.035638060 -0.838307917 0.034948871 0.031598765 0.998889446 -0.471962959
0.993305326 -0.112546504 -0.026033826 0.466146201 0.111297294 0.992754936 -0.045283362 -0.842963338 0.030941695 0.042082712 0.998634875 -0.471521914
0.994433582 -0.103449710 -0.019999906 0.552626491 0.102117099 0.993023276 -0.058964983 -0.847301662 0.025960281 0.056594424 0.998059690 -0.471484780
0.995541990 -0.093688257 -0.010890589 0.640950203 0.092658915 0.993045926 -0.072622873 -0.850838602 0.017618764 0.071290009 0.997300029 -0.472591311
0.996105969 -0.088163801 -0.000096646 0.723036289 0.087828211 0.992408812 -0.086087100 -0.846906006 0.007685677 0.085743390 0.996287584 -0.486763507
0.996564448 -0.081817426 0.012855649 0.811938584 0.082659192 0.992264748 -0.092618071 -0.849272013 -0.005178435 0.093362518 0.995618701 -0.488814831
0.996583164 -0.077676125 0.028079413 0.900238514 0.079975359 0.992443919 -0.093053736 -0.849435270 -0.020639189 0.094981439 0.995265067 -0.493867159
0.996116877 -0.075960152 0.044511385 0.988860071 0.079700403 0.992806077 -0.089352891 -0.847928166 -0.037403919 0.092553496 0.995004952 -0.499307692
0.995152891 -0.076247044 0.062105726 1.076560855 0.081232421 0.993303597 -0.082153663 -0.840548396 -0.055425871 0.086800456 0.994682670 -0.513982773
0.993671000 -0.078647725 0.080202959 1.164193511 0.084185444 0.994115293 -0.068173654 -0.835414469 -0.074369289 0.074494101 0.994444489 -0.520945728
0.991475046 -0.084743232 0.098974116 1.250543237 0.090373293 0.994450986 -0.053851213 -0.828806579 -0.093861379 0.062336747 0.993631840 -0.529879570
0.988870621 -0.090434611 0.118137702 1.336423397 0.095453084 0.994726419 -0.037524395 -0.821370363 -0.114121184 0.048383377 0.992287993 -0.538130403
0.985746741 -0.095553085 0.138466462 1.421168804 0.100107074 0.994629264 -0.026290273 -0.814962089 -0.135210678 0.039777022 0.990018129 -0.546498537
0.981886148 -0.102741450 0.159197360 1.505278826 0.106363520 0.994223356 -0.014377858 -0.805572808 -0.156800538 0.031050209 0.987142086 -0.553776026
0.977280498 -0.108606339 0.182009548 1.588921905 0.113050908 0.993487835 -0.014193606 -0.795004547 -0.179282755 0.034447476 0.983194292 -0.560767770
0.972242296 -0.115430340 0.203521013 1.671346784 0.120762572 0.992583573 -0.013935723 -0.781693816 -0.200403005 0.038126618 0.978971422 -0.566478372
0.967322171 -0.120446235 0.223115399 1.751272082 0.125686005 0.992025733 -0.009381224 -0.763463438 -0.220206276 0.037117146 0.974746883 -0.573031127
0.962523103 -0.125951171 0.240178213 1.830855608 0.130857915 0.991390824 -0.004525496 -0.742738962 -0.237540469 0.035785109 0.970718265 -0.579677522
0.958260477 -0.129683807 0.254792124 1.909505963 0.134108886 0.990966618 0.000004269 -0.719281137 -0.252491027 0.034165792 0.966995835 -0.585271895
0.954337120 -0.135809213 0.266076088 1.986568570 0.139334917 0.990229070 0.005674085 -0.693170905 -0.264246881 0.031658694 0.963935316 -0.589772701
0.950781643 -0.137926742 0.277471513 2.074088573 0.139805332 0.990092278 0.013103493 -0.671331644 -0.276529759 0.026333436 0.960644484 -0.565253317
0.947977185 -0.141498998 0.285161793 2.148717165 0.143584803 0.989543319 0.013691395 -0.640900970 -0.284117281 0.027965769 0.958381593 -0.567114592
0.945771575 -0.144365102 0.290989518 2.221533298 0.144823760 0.989253640 0.020081507 -0.608292997 -0.290761530 0.023149675 0.956515491 -0.566976309
0.943935454 -0.149389789 0.294395238 2.293393850 0.146974340 0.988671601 0.030446004 -0.574635804 -0.295608550 0.014529482 0.955198646 -0.566654623
0.942856312 -0.150946617 0.297047317 2.371220589 0.144248813 0.988541484 0.044474725 -0.554356873 -0.300356925 0.000915449 0.953826427 -0.557066679
0.942239761 -0.147078812 0.300918758 2.441689014 0.135555506 0.989014804 0.058943920 -0.523455262 -0.306282520 -0.014748111 0.951826394 -0.556097209
0.942046523 -0.143356591 0.303310394 2.512724161 0.127450883 0.989249110 0.071711048 -0.496106505 -0.310329795 -0.028897969 0.950189650 -0.554668784
0.942092001 -0.141984224 0.303814411 2.581461906 0.120481670 0.988763869 0.088488445 -0.471109182 -0.312964678 -0.046760187 0.948612988 -0.553389609
0.942396164 -0.137417182 0.304968834 2.651967049 0.111020885 0.988532960 0.102357186 -0.454116762 -0.315537393 -0.062603109 0.946845829 -0.540570438
0.943016708 -0.129511222 0.306506723 2.718549252 0.100051180 0.988881111 0.110018045 -0.438202381 -0.317347258 -0.073082507 0.945489109 -0.536882401
0.943417490 -0.127086654 0.306288183 2.783495903 0.097018465 0.989013433 0.111533843 -0.428456366 -0.317097604 -0.075507365 0.945382357 -0.529816568
0.944270849 -0.126499504 0.303892136 2.847186089 0.096565306 0.989044607 0.111650951 -0.421301901 -0.314686656 -0.076083310 0.946141481 -0.521730244
0.944929183 -0.126916647 0.301663756 2.914547205 0.097497620 0.989058018 0.110717893 -0.418151438 -0.312414885 -0.075209066 0.946963847 -0.502403438
0.945724070 -0.130399361 0.297660828 2.975844145 0.101253673 0.988605440 0.111386761 -0.413837612 -0.308793843 -0.075201884 0.948151350 -0.489054173
0.946420133 -0.128654182 0.296204418 3.036178589 0.100344516 0.988971174 0.108935624 -0.411153793 -0.306952685 -0.073376372 0.948891938 -0.472026259
0.947398424 -0.123258747 0.295370072 3.095146179 0.095598735 0.989719272 0.106380001 -0.409062356 -0.305445701 -0.072547242 0.949441850 -0.452748746
0.948255897 -0.113793686 0.296414852 3.157004595 0.087814361 0.991147459 0.099576116 -0.407688946 -0.305121958 -0.068394154 0.949854136 -0.424819291
0.948853254 -0.100691572 0.299230129 3.213460445 0.077457860 0.993055642 0.088547871 -0.408928871 -0.306068212 -0.060841214 0.950063467 -0.400433540
0.949277878 -0.084168620 0.302964061 3.268148661 0.063963272 0.995052099 0.076026320 -0.412370145 -0.307864040 -0.052791536 0.949964643 -0.373548329
0.949434400 -0.067679070 0.306584179 3.320571661 0.049575001 0.996556282 0.066467203 -0.416661292 -0.310026824 -0.047907341 0.949519992 -0.345539242
0.949072063 -0.049911059 0.311080545 3.378147602 0.032970034 0.997684598 0.059484776 -0.418778539 -0.313329190 -0.046199005 0.948520124 -0.308025420
0.948649645 -0.037467625 0.314101994 3.425144196 0.021964882 0.998366058 0.052751757 -0.425107539 -0.315565228 -0.043143719 0.947922587 -0.276478887
0.948563099 -0.028232004 0.315326869 3.469451189 0.013369430 0.998699546 0.049198300 -0.432158709 -0.316305757 -0.042451948 0.947706997 -0.243052468
0.948035121 -0.021343248 0.317449033 3.510294199 0.006891465 0.998890877 0.046578262 -0.440417320 -0.318091094 -0.041970138 0.947130680 -0.208425328
0.947543085 -0.013466378 0.319344252 3.552341938 -0.000749694 0.999015689 0.044351794 -0.445524395 -0.319627196 -0.042264648 0.946600318 -0.166183844
0.947466195 -0.008637320 0.319739252 3.585975409 -0.005096288 0.999100804 0.042090908 -0.455934048 -0.319815308 -0.041509196 0.946570218 -0.128644228
0.947062373 -0.003877705 0.321026146 3.616605043 -0.009767615 0.999116182 0.040883962 -0.466591060 -0.320900917 -0.041855324 0.946187496 -0.089369498
0.947196662 -0.003308632 0.320636183 3.642927408 -0.010811018 0.999048769 0.042246155 -0.478874177 -0.320470959 -0.043481819 0.946259856 -0.048983302
0.946892679 -0.000615179 0.321549118 3.668391943 -0.013739400 0.999007463 0.042370837 -0.489098728 -0.321256042 -0.044538531 0.945944428 -0.002797723
0.947574615 -0.006139065 0.319475591 3.686677933 -0.008462504 0.998982608 0.044296574 -0.503601432 -0.319422483 -0.044677872 0.946558595 0.040467061
0.949713528 -0.027218968 0.311934799 3.701222897 0.013983074 0.998907506 0.044590469 -0.519666553 -0.312807709 -0.037986364 0.949056566 0.085678771
0.951313972 -0.047394607 0.304557920 3.712263823 0.038236838 0.998621225 0.035966955 -0.538292646 -0.305842638 -0.022570537 0.951814532 0.131505817
0.952004313 -0.062240850 0.299689651 3.722375870 0.057754043 0.998046756 0.023815230 -0.557417154 -0.300586581 -0.005363912 0.953739464 0.184833020
0.952444732 -0.079876937 0.294055700 3.729201317 0.081082292 0.996674418 0.008110357 -0.577949405 -0.293725610 0.016118044 0.955753863 0.231586426
0.952439010 -0.098941214 0.288219601 3.734776974 0.106399141 0.994270325 -0.010285136 -0.598828435 -0.285550565 0.040462282 0.957509100 0.279320538
0.952020586 -0.111281373 0.285084605 3.739354610 0.125771075 0.991511226 -0.032972403 -0.619606137 -0.278995335 0.067245804 0.957935095 0.325884402
0.951563239 -0.113327220 0.285804778 3.743209362 0.134709314 0.989288390 -0.056231149 -0.640614212 -0.276370794 0.092008047 0.956636667 0.376219064
0.951211691 -0.105552979 0.289922297 3.746535301 0.133915961 0.987779081 -0.079743415 -0.659710884 -0.277962029 0.114678085 0.953722179 0.419798315
0.950963914 -0.097666889 0.293477148 3.749655724 0.131598502 0.986432552 -0.098146081 -0.677774668 -0.279909819 0.131954536 0.950914562 0.461260855
0.950469017 -0.088948593 0.297820181 3.751334906 0.127066895 0.985647380 -0.111144900 -0.694702148 -0.283659488 0.143482864 0.948129714 0.499667168
0.950072706 -0.080969170 0.301340014 3.749498367 0.123577937 0.984416604 -0.125109956 -0.713116229 -0.286514074 0.156102523 0.945273340 0.539272070
0.949926794 -0.076775320 0.302893698 3.747759342 0.124309786 0.982188702 -0.140898779 -0.729705572 -0.286681235 0.171496168 0.942551315 0.570548415
0.949481070 -0.069845229 0.305953205 3.744275331 0.121965677 0.980405986 -0.154688448 -0.744675279 -0.289154112 0.184189558 0.939395607 0.597958744
0.949308038 -0.067998037 0.306904644 3.738810062 0.124342382 0.977923453 -0.167942584 -0.759264350 -0.288709491 0.197590500 0.936805665 0.621052086
0.948622465 -0.064598113 0.309745967 3.728390455 0.125085086 0.975757182 -0.179587364 -0.779203296 -0.290635824 0.209105194 0.933705449 0.645067453
0.948357761 -0.065134451 0.310443282 3.718881369 0.128618240 0.973587334 -0.188640103 -0.792032659 -0.289956689 0.218826964 0.931686580 0.658820927
0.947813451 -0.067151077 0.311673582 3.707367420 0.132377148 0.972208261 -0.193099529 -0.803393066 -0.290044785 0.224280775 0.930361331 0.668168902
0.947296500 -0.072954126 0.311940700 3.693890095 0.137478709 0.972081423 -0.190150753 -0.813132584 -0.289359480 0.223014340 0.930878997 0.672225118
0.946783900 -0.081177697 0.311465055 3.676655054 0.142382905 0.973474503 -0.179093689 -0.824453354 -0.288664848 0.213910311 0.933228254 0.675260186
0.946448267 -0.093667559 0.308969349 3.659731627 0.148697734 0.975912154 -0.159638524 -0.830014110 -0.286573976 0.197032630 0.937578559 0.670304656
0.945894241 -0.102372155 0.307902604 3.642282486 0.150508717 0.979092360 -0.136840478 -0.834085107 -0.287456423 0.175778642 0.941525698 0.662096858
0.945507705 -0.108803861 0.306882501 3.623776913 0.151224598 0.981435895 -0.117960490 -0.837175071 -0.288350940 0.157940730 0.944409072 0.650062203
0.944950104 -0.110382244 0.308034182 3.599377155 0.149303272 0.983123720 -0.105717964 -0.847307503 -0.291166306 0.145888701 0.945483327 0.639362633
0.944687724 -0.107120201 0.309984535 3.579443216 0.144601718 0.984371662 -0.100512661 -0.850060999 -0.294373065 0.139777377 0.945413530 0.621850371
0.944478095 -0.109332062 0.309850991 3.558349609 0.145646691 0.984616160 -0.096530229 -0.852085114 -0.294530451 0.136299461 0.945872247 0.602205753
0.944374025 -0.110368527 0.309800684 3.536254883 0.143774003 0.985771596 -0.087082691 -0.851846099 -0.295781553 0.126779914 0.946805239 0.580411434
0.944091618 -0.113610916 0.309489220 3.510190487 0.143377244 0.986813128 -0.075119004 -0.856168509 -0.296873659 0.115292937 0.947931230 0.560046375
0.944268823 -0.116170943 0.307994723 3.486092567 0.141938031 0.987897813 -0.062542088 -0.854306459 -0.297001719 0.102772705 0.949330151 0.534963608
0.944446802 -0.115978226 0.307521135 3.461019278 0.138491884 0.988979101 -0.052348174 -0.852459252 -0.298060745 0.092029251 0.950100243 0.509553373
0.944654167 -0.119109526 0.305681914 3.435268164 0.139563635 0.989150047 -0.045871798 -0.849357843 -0.296901494 0.085995063 0.951028049 0.482712984
0.944820881 -0.121056616 0.304399043 3.408691645 0.139844447 0.989340365 -0.040610395 -0.848910928 -0.296238095 0.080938064 0.951678514 0.456551552
0.945061386 -0.121532373 0.303461581 3.381809950 0.140638605 0.989176750 -0.041834325 -0.845150530 -0.295092911 0.082214408 0.951924860 0.427558750
0.945148885 -0.119146228 0.304134369 3.354267836 0.139420420 0.989175498 -0.045757823 -0.840876222 -0.295390368 0.085650496 0.951529562 0.397545606
0.945529819 -0.112419531 0.305508137 3.326259613 0.132906631 0.990011752 -0.047038130 -0.835039794 -0.297168612 0.085080005 0.951026917 0.367116868
0.946088850 -0.104994245 0.306418151 3.298317432 0.125544608 0.990921795 -0.048088741 -0.830460846 -0.298587412 0.083965361 0.950681567 0.338274240
0.946283400 -0.096348159 0.308649957 3.268865108 0.115491889 0.992319107 -0.044321850 -0.822850645 -0.302008927 0.077587597 0.950142503 0.306931704
0.946636736 -0.092562452 0.308724999 3.237973452 0.109289438 0.993310034 -0.037295926 -0.815336406 -0.303207457 0.069046080 0.950419843 0.275847644
0.946828723 -0.087306127 0.309666008 3.206112146 0.100880146 0.994502723 -0.028062616 -0.807121634 -0.305513650 0.057809640 0.950431228 0.243838549
0.947155893 -0.085825741 0.309078783 3.173089266 0.096581414 0.995131314 -0.019638250 -0.799371839 -0.305888504 0.048451744 0.950833678 0.210329950
0.947424531 -0.085431851 0.308363676 3.138575554 0.094223462 0.995456755 -0.013704288 -0.792123556 -0.305791914 0.042038865 0.951169848 0.177470595
0.947972655 -0.094832256 0.303899109 3.102154255 0.101356372 0.994833708 -0.005728059 -0.785219193 -0.301785886 0.036232151 0.952687025 0.144867122
0.948241413 -0.109078325 0.298228323 3.064651012 0.113367997 0.993548751 0.002931993 -0.778870881 -0.296624184 0.031029303 0.954490066 0.112161905
0.948931456 -0.121163033 0.291287780 3.029314041 0.122959681 0.992336631 0.012201702 -0.771265209 -0.290533960 0.024238070 0.956557631 0.082199320
0.950431526 -0.130180866 0.282370001 2.990136862 0.130191088 0.991310418 0.018811934 -0.765653908 -0.282365292 0.018882602 0.959121108 0.049604412
0.952660501 -0.137690693 0.271070480 2.950660944 0.135781467 0.990400732 0.025880078 -0.760028243 -0.272031844 0.012151415 0.962211549 0.017723687
0.956085742 -0.141078517 0.256898671 2.911013126 0.136460617 0.989998043 0.035809513 -0.752252758 -0.259381145 0.000819582 0.965774715 -0.013331693
0.960305810 -0.140355676 0.241066575 2.874138594 0.133561969 0.990046322 0.044378933 -0.740648508 -0.244895905 -0.010420017 0.969493389 -0.042302430
0.964772522 -0.139408365 0.223112643 2.835370064 0.131136820 0.990023375 0.051544975 -0.728889525 -0.228072524 -0.020470891 0.973428905 -0.068917744
0.969640672 -0.133740142 0.204720661 2.797362566 0.124110475 0.990498722 0.059236191 -0.714648247 -0.210697815 -0.032029845 0.977026343 -0.092994153
0.974322617 -0.126242414 0.186435759 2.759699106 0.116372637 0.991204798 0.063011460 -0.699440181 -0.192750752 -0.039697468 0.980444431 -0.114614457
0.979250312 -0.110285945 0.170017257 2.726911545 0.100637056 0.992837489 0.064388521 -0.681780338 -0.175900653 -0.045942448 0.983335257 -0.129001006
0.983804166 -0.098054960 0.150048450 2.690379858 0.089884147 0.994124115 0.060316492 -0.668588400 -0.155081108 -0.045852643 0.986837089 -0.147183150
0.988114893 -0.080084264 0.131207630 2.654299974 0.073178053 0.995708942 0.056645263 -0.655877411 -0.135180995 -0.046370510 0.989735246 -0.163316876
0.991755366 -0.061969932 0.112164974 2.618321419 0.056393754 0.997041762 0.052224915 -0.644279361 -0.115069538 -0.045468938 0.992316246 -0.177984059
0.994484246 -0.043110158 0.095616736 2.584832907 0.038643505 0.998095453 0.048084613 -0.629453599 -0.097507559 -0.044124428 0.994256139 -0.189313710
0.996304870 -0.034424398 0.078686766 2.548711538 0.030715290 0.998381138 0.047871768 -0.620439827 -0.080207340 -0.045277990 0.995749295 -0.200753078
0.997591019 -0.030667558 0.062222913 2.512812138 0.027319383 0.998169065 0.053964630 -0.611278534 -0.063763946 -0.052134737 0.996602297 -0.211697862
0.998425961 -0.029376928 0.047776308 2.476414442 0.026449542 0.997799993 0.060791358 -0.603891969 -0.049457062 -0.059432007 0.997006416 -0.220081806
0.999061167 -0.029197078 0.032004531 2.443293095 0.026872795 0.997129023 0.070792675 -0.598370194 -0.033979584 -0.069866166 0.996977508 -0.221889347
0.999474585 -0.028784389 0.014901565 2.406202555 0.027542783 0.996595144 0.077714682 -0.595793486 -0.017087797 -0.077263415 0.996864259 -0.227203235
0.999689579 -0.024773192 -0.002644810 2.369155407 0.024906684 0.996317327 0.082045339 -0.596763432 0.000602546 -0.082085751 0.996625066 -0.230333775
0.999536633 -0.020500503 -0.022500176 2.331879854 0.022327058 0.996200264 0.084181808 -0.602372885 0.020688910 -0.084645160 0.996196330 -0.232283533
0.998985529 -0.012452182 -0.043277185 2.296175480 0.016017167 0.996418238 0.083030753 -0.615048707 0.042088266 -0.083639689 0.995606840 -0.229968816
0.997800112 -0.004106198 -0.066167444 2.259152651 0.009596880 0.996513426 0.082878903 -0.629362464 0.065596431 -0.083331570 0.994360566 -0.228825897
0.995877385 0.005545711 -0.090540133 2.222339392 0.001495657 0.996989787 0.077518195 -0.647446573 0.090697490 -0.077334031 0.992871284 -0.225272492
0.993174136 0.016930850 -0.115405671 2.185746908 -0.009037180 0.997604549 0.068582423 -0.669782579 0.116290383 -0.067071341 0.990948021 -0.221114531
0.989164889 0.018177018 -0.145679012 2.149803877 -0.010055245 0.998363554 0.056294851 -0.701443315 0.146463886 -0.054220051 0.987728953 -0.215636492
0.983926058 0.022175748 -0.177194029 2.113017559 -0.014562245 0.998918653 0.044152696 -0.732086420 0.177981526 -0.040862646 0.983185053 -0.209247589
0.977039695 0.024499089 -0.211644113 2.076866627 -0.018663235 0.999389708 0.029527955 -0.766571820 0.212238342 -0.024900019 0.976900637 -0.203061253
0.968637228 0.031965714 -0.246414512 2.041289806 -0.028742554 0.999447882 0.016666865 -0.801911831 0.246811241 -0.009061564 0.969021201 -0.195397779
0.958491266 0.042633273 -0.281916529 2.006247282 -0.042914957 0.999065280 0.005178167 -0.842533827 0.281873792 0.007135208 0.959424973 -0.185462207
0.946258485 0.048624702 -0.319735169 1.972047329 -0.052763447 0.998597801 -0.004288974 -0.878180146 0.319078267 0.020928808 0.947497249 -0.176471606
0.932086468 0.056330275 -0.357829124 1.939889908 -0.063851990 0.997916698 -0.009229695 -0.913214803 0.356563717 0.031450972 0.933741450 -0.166505486
0.916182578 0.064727597 -0.395499527 1.908610940 -0.075772174 0.997048676 -0.012350397 -0.947705448 0.393532872 0.041283071 0.918383121 -0.156299055
0.898867071 0.081336588 -0.430606961 1.875941873 -0.095234632 0.995396495 -0.010778094 -0.986116350 0.427748024 0.050696768 0.902475238 -0.147588283
0.879758477 0.097537011 -0.465308040 1.848145247 -0.114306033 0.993414342 -0.007880880 -1.018220663 0.461474985 0.060120784 0.885113716 -0.137062728
0.859510005 0.120197535 -0.496784806 1.821773052 -0.141707867 0.989892304 -0.005669903 -1.050046802 0.491081953 0.075271651 0.867855251 -0.124896690
0.837985694 0.138742164 -0.527760029 1.795953155 -0.167758659 0.985801697 -0.007213671 -1.080714822 0.519265890 0.094581261 0.849362910 -0.112382419
0.814945817 0.158444047 -0.557457387 1.767210364 -0.195441544 0.980690539 -0.006977599 -1.114720702 0.545587599 0.114636704 0.830176234 -0.104235992
0.792388856 0.168160647 -0.586380363 1.741567016 -0.212901503 0.977044821 -0.007504176 -1.140768409 0.571658015 0.130787477 0.810001135 -0.090576947
0.770276785 0.179351211 -0.611969590 1.716172099 -0.231681287 0.972769856 -0.006521992 -1.163579464 0.594135880 0.146805644 0.790854394 -0.076151565
0.748424172 0.193656877 -0.634317160 1.691136241 -0.255223453 0.966863751 -0.005952202 -1.183488131 0.612145662 0.166347384 0.773050010 -0.062947631
0.724803865 0.206660986 -0.657229543 1.665012836 -0.278482378 0.960427701 -0.005115680 -1.205048919 0.630164266 0.186734676 0.753673136 -0.052368924
0.701172769 0.216361597 -0.679370582 1.639746666 -0.299271822 0.954154789 -0.005002856 -1.217828751 0.647142231 0.206824332 0.733778298 -0.037967995
0.676120222 0.221221969 -0.702796102 1.614230275 -0.315382540 0.948952973 -0.004705884 -1.226343632 0.665879369 0.224831372 0.711375833 -0.025583088
0.648423076 0.220208406 -0.728735805 1.588722944 -0.320894718 0.947114646 0.000668369 -1.231783390 0.690343499 0.233414054 0.684794724 -0.014303699
0.617521644 0.217584401 -0.755859852 1.563400149 -0.319283336 0.947584271 0.011927031 -1.241852522 0.718836069 0.233968228 0.654624820 -0.007918745
0.584091783 0.216675982 -0.782232821 1.538230181 -0.318065166 0.947738588 0.025021873 -1.240452886 0.746773899 0.234185964 0.622483432 0.001342177
0.548039377 0.214114711 -0.808583856 1.511599779 -0.318294525 0.947340906 0.035125218 -1.236615181 0.773525357 0.238117784 0.587331653 0.011164457
0.510038137 0.210890636 -0.833898246 1.486557961 -0.321438640 0.945970297 0.042631462 -1.228477120 0.797833502 0.246303424 0.550269365 0.020283669
0.469997466 0.208050489 -0.857798040 1.466119528 -0.325673521 0.944130063 0.050549202 -1.223473787 0.820389688 0.255604088 0.511495233 0.022673041
0.428669870 0.203263044 -0.880298913 1.443160057 -0.334389925 0.940862715 0.054413028 -1.209570765 0.839300573 0.271037877 0.471288621 0.031592488
0.387481809 0.197829813 -0.900400639 1.422814369 -0.344240099 0.937103748 0.057752378 -1.192889929 0.855193973 0.287575990 0.431211591 0.039731860
0.347003937 0.188643485 -0.918695748 1.403565288 -0.353136927 0.933750272 0.058350101 -1.173017740 0.868839800 0.304177701 0.390632033 0.048572540
0.310646534 0.181872934 -0.932963669 1.386869907 -0.366799265 0.928436339 0.058858126 -1.154834986 0.876902044 0.323926240 0.355126321 0.052247107
0.274610996 0.177753836 -0.944982767 1.371487379 -0.379724234 0.922934353 0.063259006 -1.131708384 0.883401632 0.341461211 0.320945323 0.060558021
0.240914702 0.187781766 -0.952207088 1.360129356 -0.394746184 0.915246427 0.080619425 -1.108294964 0.886642933 0.356457621 0.294622421 0.068518817
0.207454264 0.202301234 -0.957098126 1.351437330 -0.405302078 0.908233881 0.104122236 -1.083516359 0.890333056 0.366313279 0.270410120 0.074663401
0.175486207 0.218237519 -0.959988117 1.343994856 -0.415693820 0.900353909 0.128691673 -1.057869673 0.892414331 0.376477480 0.248719692 0.071496010
0.142714083 0.229477108 -0.962794363 1.340153098 -0.422776937 0.893677175 0.150335565 -1.033525229 0.894925892 0.385592282 0.224557996 0.073221326
0.110463977 0.242705792 -0.963790298 1.337203145 -0.426632851 0.887416482 0.174574867 -1.007588148 0.897653699 0.391900361 0.201573849 0.072194934
0.078337312 0.253579974 -0.964137316 1.336190343 -0.431575477 0.880416155 0.196494251 -0.981983066 0.898669124 0.400705129 0.178408325 0.069849730
0.044866085 0.263122797 -0.963718653 1.335610628 -0.427304804 0.877041698 0.219564274 -0.958284736 0.902993798 0.401950598 0.151783049 0.059901834
0.009416819 0.270116925 -0.962781489 1.336479187 -0.413563848 0.877671480 0.242193520 -0.933279872 0.910426438 0.395890892 0.119975448 0.052755594
-0.026745677 0.275711775 -0.960868299 1.338201761 -0.396010518 0.879648030 0.263429344 -0.908731878 0.917856514 0.387559474 0.085658014 0.042609811
-0.064850450 0.282511830 -0.957069278 1.340743780 -0.380786180 0.879509926 0.285419375 -0.884080350 0.922386289 0.382948309 0.050539970 0.032679677
-0.105449915 0.285776913 -0.952476919 1.341704726 -0.368577778 0.878364325 0.304346204 -0.858921528 0.923596799 0.383154988 0.012707531 0.021996021
-0.148935914 0.292243570 -0.944675684 1.345430851 -0.357871145 0.874642551 0.326999545 -0.834291816 0.921817064 0.386774004 -0.025680184 0.011955500
-0.194305539 0.303010225 -0.932968557 1.349879980 -0.351480007 0.866439641 0.354604214 -0.809828162 0.915809691 0.396821290 -0.061851978 0.001831532
-0.240401387 0.316132486 -0.917751431 1.353861094 -0.345349550 0.855758667 0.385241151 -0.785454154 0.907160997 0.409557462 -0.096549392 -0.007209420
-0.288168311 0.328381330 -0.899513841 1.354488969 -0.344748110 0.840794623 0.417388499 -0.764900982 0.893368959 0.430383682 -0.129081607 -0.014395595
-0.335518837 0.333990246 -0.880839407 1.356459856 -0.344721407 0.826657176 0.444752961 -0.741549909 0.876695335 0.452867061 -0.162225604 -0.022572517
-0.382871866 0.330141336 -0.862795472 1.355725169 -0.346035331 0.814712703 0.465298623 -0.719383180 0.856544733 0.476707429 -0.197690010 -0.031115890
-0.429545641 0.313446939 -0.846901357 1.353550196 -0.353534222 0.804602981 0.477103323 -0.698685169 0.830965936 0.504346132 -0.234799504 -0.040043592
-0.475045919 0.286905855 -0.831875324 1.349423885 -0.363326937 0.797060311 0.482377917 -0.677864552 0.801451802 0.531394362 -0.274399638 -0.050063968
-0.519031286 0.257326216 -0.815101027 1.344921589 -0.373204440 0.789684057 0.486947209 -0.658017516 0.768976569 0.556940198 -0.313835382 -0.060454488
-0.561255217 0.234440774 -0.793744504 1.340439320 -0.374276072 0.783481121 0.496059299 -0.637406170 0.738180339 0.575495362 -0.351987362 -0.072399378
-0.602153182 0.212960482 -0.769453943 1.336094260 -0.374912143 0.775470793 0.508021593 -0.616653085 0.704877555 0.594384432 -0.387110710 -0.085367799
-0.640869141 0.193220496 -0.742935419 1.331233144 -0.372577429 0.767880797 0.521100044 -0.595933914 0.671172976 0.610757709 -0.420121551 -0.101271868
-0.677454829 0.174095064 -0.714665294 1.327935696 -0.366024464 0.762968004 0.532828331 -0.574786723 0.638029575 0.622551918 -0.453153372 -0.117042899
-0.711993217 0.153445676 -0.685215354 1.325104356 -0.355772913 0.762475133 0.540423274 -0.553975105 0.605385303 0.628558755 -0.488285303 -0.133972287
-0.743939757 0.131684244 -0.655143619 1.323278904 -0.347520500 0.761149585 0.547613859 -0.533672452 0.570774436 0.635067463 -0.520486474 -0.152859926
-0.774619341 0.117397986 -0.621436298 1.322432399 -0.331432313 0.761520267 0.556991577 -0.515977919 0.538626015 0.637420297 -0.550978899 -0.176643491
-0.804165363 0.108172506 -0.584480166 1.323825836 -0.308318764 0.764769852 0.565744340 -0.500402689 0.508190751 0.635158122 -0.581649899 -0.200024486
-0.832022548 0.101795316 -0.545322239 1.326286077 -0.281513274 0.769561410 0.573171437 -0.487128317 0.478005111 0.630406916 -0.611635685 -0.226686001
-0.857988596 0.095682837 -0.504678786 1.330341101 -0.256368428 0.771617115 0.582136035 -0.476876438 0.445119202 0.628849626 -0.637508631 -0.253709435
