1.000000000 0.000000000 0.000000000 0.000000000 0.000000000 1.000000000 0.000000000 0.000000358 0.000000000 0.000000000 1.000000000 0.000000179
0.999999583 0.000842827 0.000285671 0.000466637 -0.000842893 0.999999642 0.000229230 0.000146583 -0.000285477 -0.000229470 0.999999940 -0.000565509
0.999999225 0.001260217 0.000137234 0.000336531 -0.001260262 0.999999166 0.000322276 0.000440992 -0.000136828 -0.000322449 0.999999940 0.000318548
0.999999583 0.000906263 -0.000028073 0.000458251 -0.000906252 0.999999523 0.000419144 0.000392866 0.000028452 -0.000419118 0.999999940 0.000499381
0.999999940 0.000260427 -0.000317628 0.000231682 -0.000260361 0.999999940 0.000209303 0.000311170 0.000317683 -0.000209220 0.999999940 0.000448027
0.999999762 0.000657184 -0.000180655 0.000661546 -0.000657137 0.999999762 0.000258188 0.000371254 0.000180825 -0.000258069 0.999999940 0.000068068
0.999998689 0.001581791 0.000367769 0.000528256 -0.001581933 0.999998689 0.000387454 0.000298909 -0.000367156 -0.000388035 0.999999881 0.000441331
0.999995589 0.002941787 0.000369277 0.000663424 -0.002941963 0.999995530 0.000477265 0.000363479 -0.000367872 -0.000478349 0.999999821 0.000407211
0.999999881 0.000483492 -0.000084998 0.000294959 -0.000483474 0.999999881 0.000206368 0.000139649 0.000085098 -0.000206327 1.000000000 0.000377770
0.999999702 0.000604591 -0.000515692 0.000150779 -0.000604285 0.999999642 0.000594922 0.000145331 0.000516052 -0.000594611 0.999999702 -0.000076465
0.999999583 0.000819408 -0.000456180 0.000363954 -0.000819213 0.999999583 0.000427354 0.000160981 0.000456530 -0.000426980 0.999999821 0.000532039
0.999999881 -0.000016280 -0.000540042 0.000121964 0.000016379 1.000000000 0.000183729 0.000146938 0.000540039 -0.000183737 0.999999821 0.000572929
0.999999702 0.000770546 -0.000153042 0.000392944 -0.000770487 0.999999642 0.000387937 0.000116794 0.000153341 -0.000387819 0.999999940 0.000394031
0.999999702 0.000732795 -0.000114269 0.000452800 -0.000732713 0.999999464 0.000713241 0.000017062 0.000114792 -0.000713157 0.999999762 0.000720900
0.999999583 0.000289952 -0.000852546 0.000275512 -0.000289770 0.999999940 0.000213025 0.000116957 0.000852608 -0.000212778 0.999999642 0.000436814
0.999999404 0.000610775 -0.000905109 0.000307173 -0.000610457 0.999999762 0.000350862 0.000183559 0.000905323 -0.000350309 0.999999523 0.000349691
0.999999523 0.000951853 -0.000136434 0.000428346 -0.000951800 0.999999464 0.000392623 0.000224856 0.000136808 -0.000392493 0.999999940 0.000500500
0.999999940 -0.000321708 -0.000078635 0.000266570 0.000321739 0.999999881 0.000389519 0.000113509 0.000078509 -0.000389545 0.999999940 0.000295296
0.999999821 -0.000381772 -0.000477221 0.000196529 0.000381913 0.999999881 0.000295619 0.000221764 0.000477109 -0.000295802 0.999999821 0.000671206
0.999999762 0.000150564 -0.000656286 0.000132351 -0.000150193 0.999999821 0.000565001 0.000202120 0.000656371 -0.000564903 0.999999642 0.000521393
0.999999702 0.000743893 -0.000296154 0.000373354 -0.000743787 0.999999642 0.000357769 0.000183481 0.000296420 -0.000357548 0.999999881 0.000492290
0.999999762 0.000401025 -0.000540951 0.000241296 -0.000400812 0.999999821 0.000395399 -0.000077660 0.000541110 -0.000395182 0.999999762 0.000250685
0.999999821 -0.000192511 -0.000584878 0.000061146 0.000192692 0.999999940 0.000309192 0.000134213 0.000584818 -0.000309305 0.999999762 0.000582034
0.999999940 0.000336744 -0.000053491 0.000212859 -0.000336730 0.999999881 0.000260960 -0.000017168 0.000053579 -0.000260941 0.999999940 0.000379664
1.000000000 -0.000133622 -0.000109716 0.000190702 0.000133645 1.000000000 0.000204112 0.000003245 0.000109689 -0.000204126 1.000000000 0.000293961
0.999999702 0.000704038 -0.000379127 0.000211386 -0.000703829 0.999999583 0.000550466 -0.000041249 0.000379514 -0.000550198 0.999999762 0.000051879
0.999998748 0.001589777 -0.000023761 0.000440194 -0.001589772 0.999998689 0.000214291 0.000050662 0.000024102 -0.000214253 1.000000000 0.000338107
0.999998927 0.001462527 0.000215079 0.000445287 -0.001462561 0.999998927 0.000157935 -0.000038976 -0.000214847 -0.000158249 0.999999940 0.000240666
0.999996841 0.002374032 0.000838044 0.000525915 -0.002374265 0.999997139 0.000277634 0.000193831 -0.000837382 -0.000279623 0.999999583 0.000401777
0.999998629 0.001587250 0.000492443 0.000436504 -0.001587396 0.999998689 0.000297799 0.000081966 -0.000491970 -0.000298580 0.999999821 0.000270426
0.999998808 0.001515118 0.000190601 0.000517005 -0.001515107 0.999998868 -0.000058211 0.000032576 -0.000190689 0.000057923 1.000000000 0.000331633
0.999998212 0.001892810 0.000018329 0.000480866 -0.001892816 0.999998152 0.000335190 0.000023798 -0.000017694 -0.000335224 0.999999940 0.000258263
0.999998927 0.001469878 -0.000102028 0.000546247 -0.001469808 0.999998689 0.000679213 0.000028757 0.000103027 -0.000679062 0.999999762 0.000125355
0.999999642 -0.000307370 -0.000781612 0.000312181 0.000307649 0.999999881 0.000356931 -0.000214556 0.000781502 -0.000357171 0.999999642 0.000142365
0.999999523 0.000940974 -0.000104372 0.000358135 -0.000940960 0.999999523 0.000134456 0.000049841 0.000104498 -0.000134358 1.000000000 0.000157327
0.999999046 0.001375501 0.000022080 0.000452627 -0.001375505 0.999999046 0.000173423 0.000018728 -0.000021842 -0.000173453 1.000000000 0.000219558
0.999998808 0.001549815 0.000030077 0.000438075 -0.001549827 0.999998748 0.000392514 0.000213487 -0.000029468 -0.000392560 0.999999940 0.000243418
0.999994457 0.003269973 0.000640998 0.000716624 -0.003270148 0.999994636 0.000272821 0.000239891 -0.000640103 -0.000274915 0.999999762 0.000411198
0.999996543 0.002586545 0.000415147 0.000614433 -0.002586641 0.999996603 0.000230766 0.000180285 -0.000414549 -0.000231839 0.999999881 0.000087352
0.999999642 0.000858882 0.000047425 0.000341767 -0.000858890 0.999999642 0.000162623 0.000000222 -0.000047285 -0.000162664 1.000000000 0.000127687
0.999999464 0.001030443 0.000129087 0.000314924 -0.001030484 0.999999404 0.000314989 0.000182986 -0.000128762 -0.000315121 0.999999940 0.000178537
0.999999523 0.000986530 0.000169000 0.000261845 -0.000986540 0.999999523 0.000064313 0.000011593 -0.000168937 -0.000064480 1.000000000 0.000288051
0.999999702 0.000720143 -0.000137204 0.000432424 -0.000720152 0.999999762 -0.000065717 -0.000030255 0.000137156 0.000065816 1.000000000 0.000334588
0.999999940 -0.000238901 0.000262986 0.000467878 0.000239053 0.999999821 -0.000577078 -0.000234959 -0.000262848 0.000577141 0.999999821 0.000334342
0.999999821 0.000125872 0.000615728 0.000702229 -0.000125988 1.000000000 0.000187887 -0.000635960 -0.000615704 -0.000187964 0.999999821 0.000269994
0.999995351 -0.003018246 0.000480073 0.000232121 0.003017862 0.999995112 0.000796751 -0.000849200 -0.000482476 -0.000795298 0.999999583 0.000287616
0.999995291 -0.002987956 0.000738412 0.000178591 0.002987156 0.999994934 0.001082887 -0.000735052 -0.000741644 -0.001080676 0.999999166 0.000274458
0.999998569 -0.001588901 0.000527270 0.000187960 0.001589038 0.999998689 -0.000258893 -0.000799605 -0.000526858 0.000259730 0.999999821 -0.000238879
0.999982715 -0.005131491 -0.002880157 -0.000141987 0.005124824 0.999984205 -0.002317295 -0.001947729 0.002892003 0.002302494 0.999993145 -0.001534120
0.999993682 -0.003125146 -0.001705620 0.000233366 0.003120346 0.999991179 -0.002809591 -0.002661414 0.001714385 0.002804252 0.999994576 -0.002645568
0.999988019 0.003677313 0.003229662 0.000993395 -0.003666319 0.999987483 -0.003403395 -0.003247046 -0.003242137 0.003391513 0.999988973 -0.003200073
0.999942482 0.008513076 0.006525313 0.001576673 -0.008499514 0.999961674 -0.002103234 -0.004507094 -0.006542968 0.002047651 0.999976516 -0.004248622
0.999893904 0.010896346 0.009668287 0.002160695 -0.010894600 0.999940634 -0.000233221 -0.007657534 -0.009670254 0.000127864 0.999953210 -0.005373159
0.999793887 0.011046801 0.017033072 0.002976011 -0.011104053 0.999933004 0.003270364 -0.012052731 -0.016995804 -0.003458826 0.999849558 -0.007236434
0.999691069 0.010209123 0.022662701 0.003469680 -0.010421332 0.999902785 0.009265560 -0.016888633 -0.022565903 -0.009498873 0.999700248 -0.008498825
0.999731481 0.007806458 0.021818994 0.003182465 -0.008201303 0.999803185 0.018065909 -0.019693231 -0.021673666 -0.018240003 0.999598682 -0.010829456
0.999651849 0.004666390 0.025968486 0.004153958 -0.005392748 0.999594152 0.027971391 -0.022178745 -0.025827421 -0.028101694 0.999271333 -0.011376994
0.999547482 0.001010800 0.030062644 0.005552708 -0.002131531 0.999302924 0.037271194 -0.023955617 -0.030004015 -0.037318408 0.998852909 -0.012008598
0.999380350 -0.000513287 0.035194557 0.007416132 -0.001019575 0.999051929 0.043522190 -0.027371354 -0.035183530 -0.043531109 0.998432338 -0.013218855
0.999168813 0.001951053 0.040717252 0.009727621 -0.003861725 0.998892128 0.046899628 -0.032278053 -0.040580638 -0.047017884 0.998069406 -0.015439674
0.999037564 0.001443359 0.043839242 0.011893038 -0.003548638 0.998841882 0.047982920 -0.041060913 -0.043719213 -0.048092309 0.997885644 -0.020501209
0.998765528 0.001400959 0.049653895 0.013219376 -0.003773522 0.998853624 0.047720555 -0.052236766 -0.049530119 -0.047849011 0.997625828 -0.025256692
0.998204529 0.000249993 0.059897024 0.014518701 -0.003269975 0.998727441 0.050326869 -0.068037204 -0.059808221 -0.050432369 0.996935070 -0.029590316
0.997528791 -0.002503289 0.070214018 0.015068254 -0.001449218 0.998419344 0.056184925 -0.088172063 -0.070243686 -0.056147836 0.995948434 -0.034988090
0.997007549 -0.006542264 0.077027127 0.014678955 0.001778544 0.998089969 0.061751582 -0.113787226 -0.077283993 -0.061429799 0.995114863 -0.041486833
0.996357679 -0.006431957 0.085029535 0.013777211 0.000943792 0.997921944 0.064427458 -0.142656937 -0.085267238 -0.064112537 0.994293272 -0.049354300
0.995815039 -0.005065430 0.091251157 0.012600233 -0.000738758 0.997984052 0.063460954 -0.174534544 -0.091388650 -0.063262783 0.993803799 -0.056333140
0.994967043 0.001860323 0.100185439 0.011296062 -0.008091444 0.998054147 0.061825536 -0.205783993 -0.099875480 -0.062325016 0.993046045 -0.064863682
0.993743479 0.009620216 0.111271746 0.009965500 -0.016278157 0.998120368 0.059082188 -0.236796066 -0.110494219 -0.060523838 0.992032230 -0.073015571
0.992233992 0.018471574 0.123006165 0.008608391 -0.025225533 0.998245001 0.053578414 -0.267626435 -0.121800601 -0.056265220 0.990958571 -0.080539957
0.990500510 0.026679628 0.134895861 0.006886543 -0.032502145 0.998624325 0.041146308 -0.298130840 -0.133612514 -0.045139842 0.990005076 -0.087685153
0.989877343 0.030281458 0.138657510 0.004548043 -0.034123164 0.999094486 0.025413029 -0.326280862 -0.137762398 -0.029887214 0.990014255 -0.094681643
0.989595652 0.033065345 0.140025526 0.003613599 -0.034523647 0.999371886 0.007997647 -0.351630569 -0.139673114 -0.012748627 0.990115583 -0.099934213
0.989367127 0.034397203 0.141313732 0.002029484 -0.033362705 0.999396384 -0.009683960 -0.371671289 -0.141561538 0.004866384 0.989917517 -0.104760677
0.988890469 0.030875657 0.145404041 0.000922270 -0.027914856 0.999360204 -0.022359535 -0.385443568 -0.146001369 0.018052198 0.989119649 -0.104161240
0.989055693 0.021536790 0.145962328 -0.000110086 -0.017319568 0.999396741 -0.030102165 -0.391526431 -0.146522582 0.027244715 0.988832057 -0.105090745
0.988877535 0.014903674 0.147983640 0.001312194 -0.010560825 0.999491394 -0.030089350 -0.389778823 -0.148356825 0.028191851 0.988532007 -0.102406964
0.988521516 0.012730237 0.150542706 0.003286098 -0.009249823 0.999674022 -0.023796821 -0.378578693 -0.150796562 0.022131177 0.988317072 -0.098254152
0.988042712 0.014720699 0.153476059 0.008040655 -0.012995662 0.999840677 -0.012236983 -0.360429645 -0.153631747 0.010096138 0.988076568 -0.090657301
0.987832487 0.017340386 0.154551879 0.012108654 -0.017987462 0.999834299 0.002789253 -0.333660930 -0.154477909 -0.005535311 0.987980723 -0.082500912
0.988413334 0.016760444 0.150858119 0.016916664 -0.020418586 0.999533057 0.022732515 -0.301713139 -0.150406674 -0.025549430 0.988294005 -0.072256692
0.989200354 0.015723791 0.145723641 0.020604039 -0.022825558 0.998625040 0.047191247 -0.265582234 -0.144781262 -0.050007820 0.988199174 -0.062645644
0.990007222 0.008905269 0.140735060 0.023883238 -0.019517368 0.997051954 0.074205525 -0.228442445 -0.139659345 -0.076210789 0.987262487 -0.053282093
0.990888357 0.001621958 0.134676039 0.026279051 -0.015317693 0.994796872 0.100720257 -0.191594183 -0.133811951 -0.101865456 0.985757470 -0.045273468
0.991185725 -0.008167254 0.132227704 0.028185589 -0.008118473 0.992477417 0.122158431 -0.158181563 -0.132230714 -0.122155182 0.983663142 -0.038456872
0.991793931 -0.017799955 0.126601517 0.029317360 0.000557580 0.990853071 0.134944141 -0.127868667 -0.127845496 -0.133766204 0.982731998 -0.033064663
0.992145479 -0.024478931 0.122670688 0.031752858 0.006741217 0.989703596 0.142973199 -0.104987711 -0.124907456 -0.141023263 0.982095003 -0.029244961
0.992309093 -0.028007463 0.120574571 0.032769255 0.010015563 0.989039540 0.147310957 -0.084540829 -0.123378821 -0.144970372 0.981713414 -0.025999013
0.992465019 -0.026362900 0.119658522 0.033795614 0.007796246 0.988187373 0.153052092 -0.069286540 -0.122279935 -0.150965959 0.980946958 -0.024176538
0.992499232 -0.023264321 0.120016925 0.034670319 0.003517944 0.986754537 0.162182271 -0.060228612 -0.122200303 -0.160543561 0.979434967 -0.023870438
0.992479861 -0.020758830 0.120635055 0.035211165 -0.000952589 0.984175563 0.177193612 -0.059358533 -0.122404404 -0.175976008 0.976754606 -0.025752053
0.992268026 -0.020465583 0.122414373 0.035581522 -0.003259639 0.981673837 0.190541044 -0.068682961 -0.124070518 -0.189466819 0.974016845 -0.028623234
0.991857648 -0.019850932 0.125795007 0.035393726 -0.004969854 0.980990946 0.193989992 -0.088493437 -0.127254635 -0.193035632 0.972904682 -0.033542372
0.991355538 -0.016401481 0.130173743 0.034945063 -0.008095861 0.982618093 0.185461909 -0.117220618 -0.130952924 -0.184912562 0.973991096 -0.038979877
0.990745485 -0.008881597 0.135441795 0.033394553 -0.013950469 0.985909402 0.166697577 -0.153361425 -0.135013863 -0.167044356 0.976661384 -0.048104014
0.989794731 0.001901055 0.142487898 0.032764602 -0.022428920 0.989526153 0.142600775 -0.193061978 -0.140724406 -0.144341350 0.979470372 -0.055441622
0.988911271 0.011616508 0.148052469 0.030716926 -0.029128153 0.992743790 0.116667718 -0.232302710 -0.145622894 -0.119686514 0.982073903 -0.061184272
0.987551391 0.020944469 0.155895904 0.029552359 -0.035922341 0.994934440 0.093888208 -0.275175124 -0.153139755 -0.098319575 0.983301342 -0.068957224
0.986142993 0.025552316 0.163917795 0.027487068 -0.037809327 0.996680737 0.072096527 -0.317456067 -0.161531493 -0.077295110 0.983835876 -0.077254020
0.985237181 0.027252713 0.169011712 0.025336903 -0.036186151 0.998093307 0.050003577 -0.357429981 -0.167326719 -0.055381265 0.984344780 -0.084404327
0.985236764 0.023772225 0.169538796 0.023527769 -0.029409006 0.999092400 0.030814087 -0.392702669 -0.168652415 -0.035345137 0.985041678 -0.090740204
0.985625207 0.017673869 0.168019518 0.021049477 -0.020472188 0.999678850 0.014937026 -0.422080725 -0.167701557 -0.018162036 0.985670507 -0.096844479
0.985867143 0.012616277 0.167053282 0.019908605 -0.013785219 0.999887943 0.005839645 -0.448953837 -0.166960895 -0.008059980 0.985930562 -0.104847565
0.986013949 0.007515647 0.166493133 0.019506814 -0.007621904 0.999970973 -0.000000746 -0.460805267 -0.166488305 -0.001268259 0.986042619 -0.106624432
0.985760152 0.005006076 0.168082982 0.020491837 -0.005097755 0.999987006 0.000113947 -0.462481320 -0.168080240 -0.000969170 0.985772848 -0.105497159
0.986003757 0.003420010 0.166687861 0.021151925 -0.004261179 0.999979913 0.004688985 -0.454145670 -0.166668490 -0.005333644 0.985998571 -0.101733007
0.986319005 0.004278553 0.164792359 0.022272119 -0.006424244 0.999901354 0.012489799 -0.436185658 -0.164722651 -0.013377592 0.986249208 -0.095367126
0.986212730 0.007405826 0.165316686 0.023426715 -0.011266521 0.999684989 0.022427823 -0.409734935 -0.165098503 -0.023981150 0.985985518 -0.086630329
0.986071110 0.006209851 0.166208148 0.025036654 -0.012111737 0.999330640 0.034519013 -0.377266914 -0.165882528 -0.036051270 0.985486329 -0.076146148
0.985558212 0.010728764 0.168996781 0.026737405 -0.019543674 0.998528600 0.050583515 -0.338719994 -0.168205410 -0.053155813 0.984317720 -0.064476252
0.985563815 0.006858238 0.169165432 0.030094735 -0.019046020 0.997327864 0.070529528 -0.298317999 -0.168229699 -0.072733276 0.983060837 -0.051315691
0.985716343 0.004946230 0.168341234 0.031153956 -0.021283982 0.995212793 0.095386133 -0.256742984 -0.167063549 -0.097606644 0.981102824 -0.041341927
0.985627532 0.000274609 0.168932885 0.032669026 -0.021099679 0.992368162 0.121491514 -0.217297107 -0.167610258 -0.123309813 0.978111207 -0.032422211
0.986242115 -0.007285184 0.165146574 0.033423286 -0.017314935 0.988980353 0.147030756 -0.179801375 -0.164397851 -0.147867426 0.975247979 -0.026308691
0.986988842 -0.013963533 0.160181180 0.034224991 -0.013857956 0.985127449 0.171265498 -0.146582142 -0.160190359 -0.171256915 0.972116292 -0.021581342
0.987946630 -0.024558548 0.152834281 0.034500103 -0.005207206 0.981503069 0.191375494 -0.119465344 -0.154707208 -0.189864606 0.969544768 -0.019205326
0.988546371 -0.033793397 0.147085071 0.034472853 0.002800845 0.978547752 0.206001103 -0.100609981 -0.150891244 -0.203229696 0.967434525 -0.018154785
0.988801479 -0.037463550 0.144458011 0.034520153 0.005588811 0.976594985 0.215013981 -0.090288296 -0.149132147 -0.211798787 0.965867937 -0.018727703
0.988940358 -0.036520630 0.143746972 0.034753587 0.003886959 0.975258172 0.221034780 -0.088712990 -0.148262739 -0.218031481 0.964614153 -0.019742105
0.988969743 -0.031688210 0.144688264 0.034707557 -0.001527050 0.974613667 0.223888025 -0.099089094 -0.148109779 -0.221639439 0.963815033 -0.023772061
0.989065349 -0.032198701 0.143919915 0.033467192 -0.000697296 0.974843264 0.222890332 -0.120469086 -0.147476137 -0.220553473 0.964161277 -0.029705312
0.989121318 -0.030291747 0.143949538 0.032071527 -0.001660839 0.976206124 0.216838196 -0.152049914 -0.147092819 -0.214718357 0.965535998 -0.038041700
0.989326656 -0.026362302 0.143310130 0.030067205 -0.003180137 0.979357779 0.202109396 -0.191062346 -0.145679951 -0.200407952 0.968820930 -0.047555324
0.988907933 -0.020099815 0.147163704 0.028886026 -0.006876887 0.983542740 0.180544764 -0.235788643 -0.148370698 -0.179554164 0.972494960 -0.057932299
0.987962782 -0.016396705 0.153820485 0.026836077 -0.007915073 0.987705886 0.156123042 -0.281647772 -0.154489309 -0.155461252 0.975686848 -0.066051200
0.986058295 -0.011221649 0.166021600 0.026687738 -0.010830939 0.991279423 0.131330669 -0.329841375 -0.166047558 -0.131297857 0.977337778 -0.075865418
0.984337807 -0.011040071 0.175946668 0.027937531 -0.007893519 0.994276226 0.106548019 -0.377817512 -0.176115885 -0.106268086 0.978616536 -0.087287106
0.982589722 -0.012109496 0.185393512 0.026981037 -0.003103607 0.996664464 0.081549123 -0.418946743 -0.185762644 -0.080704719 0.979274750 -0.096259214
0.982177377 -0.019518081 0.186940193 0.025464112 0.008837519 0.998289227 0.057797521 -0.452633619 -0.187748462 -0.055115335 0.980669558 -0.103871576
0.982514441 -0.026127549 0.184344113 0.023596756 0.019453490 0.999091387 0.037920792 -0.477208078 -0.185167402 -0.033671591 0.982129991 -0.109446712
0.983154595 -0.025245940 0.181023896 0.023392798 0.021397648 0.999502301 0.023180250 -0.490896046 -0.181519002 -0.018916283 0.983205497 -0.113127112
0.983279943 -0.022862267 0.180659458 0.024408959 0.020781625 0.999694228 0.013401568 -0.493962198 -0.180910602 -0.009423096 0.983454406 -0.112800196
0.983271599 -0.019877866 0.181057468 0.027025593 0.019009542 0.999798000 0.006530010 -0.487602264 -0.181150690 -0.002978954 0.983450830 -0.108693019
0.983614922 -0.016730415 0.179504126 0.028483355 0.016493132 0.999859989 0.002814326 -0.470403135 -0.179526091 0.000192372 0.983753204 -0.102927439
0.984250128 -0.016923359 0.175969660 0.029781526 0.016529439 0.999856532 0.003704209 -0.445681661 -0.176007092 -0.000737188 0.984388649 -0.094740443
0.984365106 -0.012081339 0.175725356 0.031442225 0.010064383 0.999872923 0.012364613 -0.412753254 -0.175852403 -0.010402726 0.984361589 -0.084775947
0.984597206 -0.006508227 0.174716979 0.032806449 0.001636558 0.999606252 0.028012812 -0.374511123 -0.174830496 -0.027295403 0.984220147 -0.073656090
0.983974040 0.001063053 0.178308487 0.034781076 -0.010195091 0.998681784 0.050306387 -0.331900984 -0.178019971 -0.051318049 0.982687831 -0.062599115
0.982952535 0.005308389 0.183782920 0.036583468 -0.020080049 0.996703327 0.078608215 -0.287687987 -0.182759777 -0.080958515 0.979818642 -0.050966024
0.982279480 0.002576796 0.187404409 0.037842561 -0.023138722 0.993923306 0.107615151 -0.243571162 -0.185988322 -0.110044457 0.976370096 -0.040460374
0.982819557 -0.004152947 0.184522405 0.037981983 -0.021026436 0.990718901 0.134290457 -0.202922523 -0.183367535 -0.135863125 0.973610580 -0.031383459
0.983929157 -0.011135086 0.178211808 0.037339006 -0.016962983 0.987710834 0.155369148 -0.164735645 -0.177751780 -0.155895248 0.971648574 -0.025635220
0.985199928 -0.016783588 0.170585632 0.037582759 -0.013077467 0.984934390 0.172433332 -0.130378619 -0.170909703 -0.172112122 0.970137775 -0.019685635
0.986509264 -0.019448884 0.162546009 0.036925111 -0.011560563 0.982162297 0.187679559 -0.103637621 -0.163296729 -0.187026739 0.968687356 -0.018916585
0.987005770 -0.019078394 0.159548342 0.037620462 -0.013992304 0.978949964 0.203620285 -0.085785888 -0.160074592 -0.203206837 0.965962291 -0.019204052
0.987282038 -0.018275645 0.157924592 0.038410164 -0.017301511 0.975118816 0.221006721 -0.078398600 -0.158034295 -0.220928311 0.962401092 -0.021107912
0.987391174 -0.019568538 0.157085001 0.039519586 -0.018350175 0.971490979 0.236365423 -0.082300700 -0.157231987 -0.236267671 0.958882511 -0.024171311
0.987775087 -0.024248667 0.153988063 0.039935112 -0.014094174 0.969889224 0.243138313 -0.100319199 -0.155247152 -0.242336303 0.957690716 -0.029332587
0.988691926 -0.024903221 0.147878855 0.039800674 -0.011226354 0.971056461 0.238586113 -0.128988326 -0.149540275 -0.237548307 0.959796071 -0.036022540
0.989226162 -0.011662928 0.145930186 0.041090153 -0.021588108 0.974302113 0.224208161 -0.166652903 -0.144795015 -0.224942937 0.963553369 -0.043691348
0.987955332 0.009547479 0.154444382 0.042997345 -0.040730622 0.978942692 0.200030610 -0.209917217 -0.149282411 -0.203911915 0.967540562 -0.051358994
0.986447692 0.022394136 0.162540510 0.043615922 -0.050110638 0.984429181 0.168487743 -0.257840008 -0.156236485 -0.174349353 0.972210109 -0.060676478
0.984985232 0.030251011 0.169967681 0.041747905 -0.053342849 0.989681602 0.132984415 -0.307293564 -0.164190978 -0.140054241 0.976435423 -0.071943440
0.983378768 0.032081515 0.178709328 0.039553214 -0.049890712 0.994123518 0.096069291 -0.354022801 -0.174577117 -0.103388429 0.979200542 -0.080928721
0.981296957 0.037428599 0.188826472 0.037951481 -0.049942944 0.996828556 0.061956156 -0.395677298 -0.185908675 -0.070227936 0.980054080 -0.089004926
0.979397357 0.038908463 0.198158786 0.036037955 -0.046546791 0.998336196 0.034033716 -0.430624515 -0.196504876 -0.042556189 0.979578912 -0.096416011
0.978251934 0.038402155 0.203834206 0.034929343 -0.041825347 0.999046624 0.012511071 -0.455728561 -0.203159422 -0.020764414 0.978925467 -0.102722079
0.977528572 0.039432794 0.207081914 0.034255873 -0.039741233 0.999206424 -0.002671955 -0.470988065 -0.207022935 -0.005617777 0.978319943 -0.106055200
0.977898002 0.037353750 0.205718622 0.035022657 -0.035875570 0.999296665 -0.010912126 -0.474941939 -0.205981538 0.003290674 0.978550315 -0.105579168
0.978388071 0.035318516 0.203738376 0.035891756 -0.033620298 0.999365091 -0.011791560 -0.468966365 -0.204025492 0.004686977 0.978954375 -0.102526493
0.979336321 0.028810875 0.200175822 0.037089225 -0.027905619 0.999583602 -0.007343013 -0.453225017 -0.200304031 0.001605250 0.979732454 -0.096336156
0.979658663 0.023034588 0.199344575 0.039323926 -0.023971424 0.999710023 0.002287016 -0.428691834 -0.199234098 -0.007019069 0.979926765 -0.086832561
0.979281783 0.017469555 0.201747298 0.042443812 -0.021262735 0.999635279 0.016649675 -0.396982819 -0.201382846 -0.020594422 0.979296088 -0.074368529
0.979223788 0.013429707 0.202337459 0.045497712 -0.020761715 0.999200761 0.034157753 -0.359158903 -0.201717004 -0.037648953 0.978720009 -0.061159544
0.979916334 0.011525691 0.199075758 0.048537076 -0.022201110 0.998427391 0.051476214 -0.317639410 -0.198169410 -0.054862086 0.978631198 -0.048368867
0.982210040 0.000633774 0.187784627 0.049569976 -0.013147909 0.997772336 0.065402836 -0.275447935 -0.187324867 -0.066708297 0.980030298 -0.035487901
0.984567046 -0.009864183 0.174729571 0.050917923 -0.003763814 0.996985853 0.077492215 -0.234775573 -0.174967304 -0.076953925 0.981562316 -0.023129392
0.986367404 -0.019936865 0.163345903 0.050713848 0.005643308 0.996148050 0.087505691 -0.195700824 -0.164461285 -0.085390948 0.982680440 -0.012114470
0.987608552 -0.026095958 0.154752344 0.050163191 0.011241628 0.995308518 0.096096784 -0.159671098 -0.156534076 -0.093166336 0.983268619 -0.002225415
0.988770366 -0.031820007 0.146015778 0.048900235 0.016567107 0.994385719 0.104511276 -0.126971856 -0.148521557 -0.100918591 0.983746290 0.005503941
0.989602745 -0.031883366 0.140249476 0.048138376 0.016317170 0.993712187 0.110769562 -0.099393949 -0.142899320 -0.107329391 0.983900487 0.012441976
0.990331829 -0.031015858 0.135206833 0.047518034 0.015696201 0.993478775 0.112931795 -0.077408120 -0.137827799 -0.109717719 0.984360456 0.018902324
0.990894496 -0.027742999 0.131751180 0.047058880 0.012551794 0.993313730 0.114761792 -0.061470352 -0.134054095 -0.112063117 0.984617352 0.024897315
0.991509736 -0.021776076 0.128195971 0.047347508 0.006799300 0.993211389 0.116124362 -0.050246112 -0.129854441 -0.114266798 0.984926879 0.029961891
0.992688060 -0.016910497 0.119517401 0.045902852 0.002976552 0.993266404 0.115814447 -0.041278746 -0.120671093 -0.114611879 0.986054063 0.032805536
0.993811309 -0.013888845 0.110209875 0.045856569 0.001444825 0.993684888 0.112197302 -0.036083255 -0.111072175 -0.111343719 0.987555325 0.035112083
0.994636536 -0.013659338 0.102526024 0.044791933 0.002590128 0.994220018 0.107330330 -0.032067262 -0.103399485 -0.106489114 0.988922954 0.037186734
0.995011747 -0.012219889 0.099006601 0.044199742 0.002182242 0.994897842 0.100863837 -0.028791968 -0.099734001 -0.100144647 0.989961684 0.039312005
0.995282948 -0.007072660 0.096756749 0.043523308 -0.002100833 0.995533943 0.094380975 -0.025446378 -0.096992157 -0.094139040 0.990823090 0.041752692
0.995619237 -0.003946765 0.093416959 0.043150928 -0.004417603 0.996007323 0.089162171 -0.022107113 -0.093395874 -0.089184254 0.991626620 0.043469675
0.995905280 -0.002040132 0.090379842 0.042790961 -0.005753444 0.996288300 0.085886911 -0.020144297 -0.090219595 -0.086055219 0.992197037 0.044561613
0.995919466 -0.000462321 0.090245038 0.043375622 -0.007195252 0.996396720 0.084509321 -0.016491896 -0.089958936 -0.084813811 0.992327571 0.045718554
0.996043503 -0.003800863 0.088785447 0.043470968 -0.003172714 0.996927083 0.078271233 -0.012087544 -0.088810109 -0.078243248 0.992970645 0.045457922
0.995922446 -0.004696506 0.090091005 0.044777997 -0.001064187 0.997962832 0.063788690 -0.011980297 -0.090207055 -0.063624464 0.993888617 0.045340985
0.995453298 -0.007988156 0.094915368 0.045127954 0.002889777 0.998551250 0.053731497 -0.011787241 -0.095207073 -0.053212915 0.994034231 0.044975363
0.994943678 -0.014225923 0.099422038 0.045764372 0.009651120 0.998878896 0.046344403 -0.011132695 -0.099969864 -0.045150537 0.993965507 0.044339389
0.994355321 -0.022126326 0.103768349 0.046458900 0.018377477 0.999148309 0.036945160 -0.010996313 -0.104497433 -0.034829620 0.993915081 0.042862136
0.993672490 -0.020599583 0.110411026 0.047568031 0.017913042 0.999520183 0.025269222 -0.011252714 -0.110878579 -0.023131534 0.993564725 0.041501734
0.992946684 -0.020276181 0.116814874 0.047942292 0.018907484 0.999739110 0.012813181 -0.011473880 -0.117044203 -0.010514131 0.993071020 0.039734285
0.992478907 -0.022337057 0.120360479 0.048467197 0.021656759 0.999741256 0.006957444 -0.011680284 -0.120484740 -0.004298499 0.992705882 0.038528789
0.991808653 -0.022148205 0.125797465 0.049698412 0.021038888 0.999727249 0.010140195 -0.010575734 -0.125987753 -0.007410495 0.992004097 0.038212217
0.991575062 -0.024359196 0.127222165 0.050506402 0.023279265 0.999679327 0.009968732 -0.010034407 -0.127424195 -0.006923108 0.991824150 0.037788920
0.991541505 -0.028944336 0.126521572 0.050970066 0.028049476 0.999567389 0.008849041 -0.009536568 -0.126722977 -0.005225327 0.991924405 0.037135769
0.991538167 -0.032207824 0.125756413 0.050549358 0.031368226 0.999470472 0.008651467 -0.009817570 -0.125968456 -0.004633505 0.992023408 0.036584739
0.991571605 -0.030190853 0.125993177 0.051318645 0.029281070 0.999530077 0.009067062 -0.009788960 -0.126207724 -0.005301426 0.991989672 0.038075875
0.991557896 -0.032454625 0.125537321 0.050989266 0.031612605 0.999462366 0.008694205 -0.009943313 -0.125751987 -0.004652247 0.992050827 0.037542481
0.991543174 -0.032931957 0.125529483 0.051096611 0.032111105 0.999447644 0.008557523 -0.009605212 -0.125741974 -0.004454263 0.992052972 0.038413212
0.991570175 -0.035183687 0.124702640 0.050771400 0.034393448 0.999372363 0.008484880 -0.009725831 -0.124922894 -0.004124401 0.992157876 0.037872229
0.991575658 -0.034836572 0.124756224 0.050802920 0.034020875 0.999383569 0.008663528 -0.009715333 -0.124981128 -0.004346228 0.992149591 0.038268130
0.991596997 -0.035132669 0.124503419 0.050555747 0.034320064 0.999373317 0.008666282 -0.009703770 -0.124729872 -0.004320493 0.992181301 0.037931092
0.991600156 -0.034911346 0.124540679 0.050612621 0.034081738 0.999380410 0.008786359 -0.009887211 -0.124770261 -0.004467992 0.992175579 0.038624596
0.991614819 -0.035031158 0.124389797 0.050522808 0.034193885 0.999375939 0.008860322 -0.009918817 -0.124622554 -0.004532657 0.992193878 0.038215023
0.991595089 -0.035129506 0.124519616 0.050402351 0.034306291 0.999373078 0.008749873 -0.010047733 -0.124748930 -0.004404525 0.992178559 0.038321558
0.991585374 -0.035259068 0.124559991 0.050449405 0.034433275 0.999368429 0.008777013 -0.010062808 -0.124790795 -0.004414149 0.992173254 0.037861165
0.991591156 -0.035177849 0.124537051 0.050623283 0.034361519 0.999371648 0.008697556 -0.009994264 -0.124764755 -0.004345139 0.992176831 0.039030280
0.991591990 -0.035314161 0.124491744 0.050588105 0.034485821 0.999366403 0.008803194 -0.009973653 -0.124723740 -0.004435977 0.992181599 0.038673136
0.991594017 -0.035264950 0.124489531 0.050520990 0.034435485 0.999368072 0.008809105 -0.009915279 -0.124721512 -0.004448199 0.992181838 0.038379468
0.991590500 -0.035377868 0.124485783 0.050429855 0.034548491 0.999364138 0.008815616 -0.009950248 -0.124718510 -0.004440686 0.992182255 0.037907105
0.991597116 -0.035213437 0.124479644 0.050526351 0.034374040 0.999369562 0.008885304 -0.009986009 -0.124714039 -0.004531774 0.992182374 0.038636632
0.991601110 -0.035405211 0.124393217 0.050474301 0.034563720 0.999362707 0.008917100 -0.010019477 -0.124629654 -0.004542714 0.992192924 0.038194049
0.991604984 -0.035230227 0.124412380 0.050384529 0.034389205 0.999368846 0.008901721 -0.009943066 -0.124647476 -0.004548548 0.992190659 0.037953131
0.991604984 -0.035274118 0.124399886 0.050326835 0.034429729 0.999367237 0.008931714 -0.009944197 -0.124636218 -0.004573678 0.992191970 0.037427820
0.991615653 -0.035295032 0.124308489 0.050443444 0.034458674 0.999366760 0.008872462 -0.010023519 -0.124542929 -0.004514567 0.992203951 0.038321473
0.991607487 -0.035246771 0.124387622 0.050372563 0.034409691 0.999368429 0.008872319 -0.009995104 -0.124621779 -0.004517719 0.992194057 0.037904032
0.991625428 -0.035146959 0.124272518 0.050844673 0.034302637 0.999371588 0.008927985 -0.010084763 -0.124508224 -0.004590342 0.992207944 0.038715307
0.991616666 -0.035186481 0.124331407 0.050877031 0.034348074 0.999370456 0.008881182 -0.010120970 -0.124565639 -0.004536184 0.992201030 0.038318876
0.991601944 -0.035127267 0.124465644 0.050710976 0.034276441 0.999372125 0.008971395 -0.009934834 -0.124702632 -0.004629814 0.992183387 0.038382709
0.991599619 -0.035096701 0.124492720 0.050711099 0.034243200 0.999373078 0.008989716 -0.009952476 -0.124730185 -0.004651169 0.992179811 0.037948754
0.991598427 -0.035256598 0.124457106 0.050581396 0.034403559 0.999367535 0.008997332 -0.010110377 -0.124695599 -0.004639973 0.992184222 0.038216945
0.991598308 -0.035411954 0.124413781 0.050501417 0.034553312 0.999361873 0.009053280 -0.010152871 -0.124654986 -0.004678308 0.992189109 0.037860639
0.991569400 -0.035284873 0.124679804 0.050478797 0.034442980 0.999366999 0.008902270 -0.010117823 -0.124915004 -0.004532875 0.992157102 0.038080946
0.991572499 -0.035291638 0.124653652 0.050428092 0.034435805 0.999366283 0.009014400 -0.010159267 -0.124892786 -0.004645883 0.992159367 0.037685096
0.991590381 -0.035273645 0.124516211 0.050470605 0.034432974 0.999367416 0.008897820 -0.010111242 -0.124751307 -0.004535530 0.992177665 0.038467724
0.991590202 -0.035165351 0.124548145 0.050484415 0.034316678 0.999370873 0.008953560 -0.010140317 -0.124784641 -0.004604185 0.992173195 0.038109973
0.991595387 -0.035402983 0.124439478 0.050229065 0.034547701 0.999362290 0.009024987 -0.010061866 -0.124679640 -0.004650037 0.992186129 0.037785687
0.991588235 -0.035318471 0.124520488 0.050250966 0.034468025 0.999365449 0.008978203 -0.010080907 -0.124758579 -0.004610706 0.992176414 0.037368778
0.991588712 -0.035533115 0.124455802 0.050299667 0.034692131 0.999358237 0.008918703 -0.010083701 -0.124692835 -0.004526048 0.992185056 0.038074154
0.991591215 -0.035441801 0.124461956 0.050222605 0.034590639 0.999361098 0.008993767 -0.010003600 -0.124701194 -0.004612922 0.992183626 0.037665248
0.991593182 -0.035647199 0.124387324 0.050412606 0.034777857 0.999353170 0.009154091 -0.010122865 -0.124633178 -0.004751209 0.992191494 0.037742946
0.991585672 -0.035479262 0.124495357 0.050333463 0.034619123 0.999359429 0.009066270 -0.010147268 -0.124737278 -0.004680064 0.992178798 0.037398513
0.991576791 -0.035490692 0.124562718 0.050630704 0.034629777 0.999359071 0.009070597 -0.010075838 -0.124804802 -0.004680614 0.992170274 0.038152795
0.991576195 -0.035423964 0.124586612 0.050615288 0.034564227 0.999361455 0.009056193 -0.010074243 -0.124827862 -0.004673665 0.992167413 0.037845541
0.991591513 -0.035414264 0.124467477 0.050715040 0.034560159 0.999361932 0.009015287 -0.010156659 -0.124707326 -0.004637867 0.992182732 0.038237292
0.991587520 -0.035223074 0.124553524 0.050706130 0.034373507 0.999368846 0.008964035 -0.010104142 -0.124790646 -0.004607284 0.992172420 0.037859943
0.991571486 -0.035460986 0.124613486 0.050571207 0.034610145 0.999360502 0.008986781 -0.010089402 -0.124852471 -0.004598145 0.992164671 0.038155954
0.991564929 -0.035439108 0.124672048 0.050462473 0.034587640 0.999361277 0.008988242 -0.010079815 -0.124910943 -0.004600314 0.992157280 0.037824187
0.991570950 -0.035684694 0.124553740 0.050514162 0.034833182 0.999352515 0.009008317 -0.010136320 -0.124794558 -0.004593783 0.992171943 0.037861977
0.991570532 -0.035641409 0.124569647 0.050456952 0.034790441 0.999354124 0.009000666 -0.010110957 -0.124809988 -0.004590962 0.992170036 0.037569243
0.991640627 -0.036713544 0.123697005 0.051564004 0.035897117 0.999316514 0.008823293 -0.010073406 -0.123936392 -0.004309171 0.992280781 0.038465671
0.991645992 -0.036621030 0.123681791 0.051620975 0.035801124 0.999319792 0.008845948 -0.010084519 -0.123921610 -0.004344102 0.992282510 0.038056422
0.991647482 -0.036651779 0.123660609 0.051442802 0.035829622 0.999318600 0.008866580 -0.009998760 -0.123901322 -0.004361809 0.992284954 0.037941519
0.991648316 -0.036720935 0.123633154 0.051405642 0.035901699 0.999316156 0.008848467 -0.010064537 -0.123873524 -0.004335929 0.992288530 0.037640356
0.991641104 -0.036743570 0.123684190 0.051367581 0.035926301 0.999315441 0.008832312 -0.010057791 -0.123924054 -0.004314968 0.992282331 0.037683126
0.991641283 -0.036740288 0.123684086 0.051312290 0.035931431 0.999315798 0.008764749 -0.010070784 -0.123921476 -0.004247340 0.992282927 0.037342731
0.991643965 -0.036789544 0.123647988 0.051377971 0.035977565 0.999313891 0.008794047 -0.010076937 -0.123886690 -0.004272011 0.992287159 0.037374593
0.991642296 -0.036840089 0.123646267 0.051349912 0.036028862 0.999312103 0.008791219 -0.010007891 -0.123885073 -0.004262910 0.992287397 0.036940061
0.991641164 -0.036845464 0.123653755 0.051369347 0.036047336 0.999312341 0.008686380 -0.010113708 -0.123888776 -0.004156383 0.992287397 0.037416320
0.991647661 -0.036875572 0.123592354 0.051379275 0.036068831 0.999310911 0.008759335 -0.010053788 -0.123830192 -0.004228343 0.992294431 0.037147466
0.991655588 -0.036850739 0.123536162 0.051202238 0.036037538 0.999311566 0.008811563 -0.010101316 -0.123775832 -0.004286098 0.992300928 0.036946483
0.991648555 -0.036880054 0.123583794 0.051243488 0.036068976 0.999310613 0.008794667 -0.010005175 -0.123822942 -0.004263678 0.992295146 0.036741637
0.991646469 -0.036854055 0.123608336 0.051151622 0.036045190 0.999311626 0.008774513 -0.010104439 -0.123846620 -0.004245729 0.992292285 0.037067268
0.991648316 -0.036890402 0.123582624 0.051167626 0.036084890 0.999310434 0.008750730 -0.010014773 -0.123820223 -0.004218182 0.992295682 0.037023276
0.991652668 -0.036837090 0.123563930 0.051146820 0.036023211 0.999312103 0.008815172 -0.010146603 -0.123803660 -0.004290420 0.992297471 0.036959607
0.991652787 -0.036847640 0.123559892 0.051185954 0.036041256 0.999311924 0.008755895 -0.010041096 -0.123797506 -0.004229554 0.992298484 0.036884904
0.991648614 -0.036825489 0.123599745 0.051384311 0.036030252 0.999313116 0.008663793 -0.010130297 -0.123833902 -0.004138109 0.992294312 0.037461929
0.991652787 -0.036904693 0.123542704 0.051493365 0.036113434 0.999310374 0.008638757 -0.010033350 -0.123776309 -0.004105098 0.992301643 0.037561636
0.991651356 -0.036956549 0.123538621 0.051261347 0.036148563 0.999307871 0.008776207 -0.010099476 -0.123777457 -0.004237195 0.992300928 0.037245527
0.991648912 -0.036882035 0.123580739 0.051284138 0.036105677 0.999311686 0.008516667 -0.010032006 -0.123809785 -0.003983579 0.992297947 0.037306234
0.991649508 -0.037037496 0.123529151 0.051115364 0.036227535 0.999304831 0.008797387 -0.010396830 -0.123769119 -0.004248768 0.992301941 0.037134200
0.991646945 -0.037054390 0.123544969 0.051165927 0.036242716 0.999304175 0.008811626 -0.010270827 -0.123785518 -0.004260417 0.992299855 0.037366211
0.991645575 -0.036968317 0.123581767 0.051348764 0.036166374 0.999307692 0.008726992 -0.010178313 -0.123818830 -0.004184578 0.992296040 0.037421070
0.991639674 -0.037009653 0.123616599 0.051343638 0.036215585 0.999306440 0.008665276 -0.010032624 -0.123851560 -0.004115983 0.992292225 0.037619952
0.991632342 -0.037041292 0.123665757 0.051486079 0.036241405 0.999305069 0.008712228 -0.010162712 -0.123902537 -0.004157506 0.992285669 0.037511159
0.991635382 -0.037071593 0.123632349 0.051681578 0.036288939 0.999304533 0.008577140 -0.010037718 -0.123864330 -0.004018909 0.992291033 0.037629828
0.991708219 -0.036840145 0.123116083 0.051494908 0.036054444 0.999312758 0.008604392 -0.010203919 -0.123348467 -0.004094166 0.992354989 0.037394270
0.991699636 -0.036815230 0.123192787 0.051739287 0.036020402 0.999313414 0.008673665 -0.009972901 -0.123427525 -0.004164217 0.992344856 0.037505135
0.991680503 -0.037102237 0.123260781 0.051319636 0.036311671 0.999303043 0.008654859 -0.010200384 -0.123495981 -0.004107050 0.992336571 0.037300374
0.991662681 -0.037061408 0.123416446 0.051548906 0.036269173 0.999304533 0.008660504 -0.009971936 -0.123651586 -0.004112086 0.992317200 0.037452407
0.991619527 -0.037428059 0.123652317 0.051539261 0.036641821 0.999291241 0.008627297 -0.010314330 -0.123887576 -0.004024150 0.992288113 0.037368577
