1.000000000 0.000000000 0.000000000 0.000000477 0.000000000 1.000000000 0.000000000 -0.000000477 0.000000000 0.000000000 1.000000000 0.000001036
0.999984443 0.003441743 0.004386041 -0.000074544 -0.003460189 0.999985158 0.004204938 0.019242831 -0.004371504 -0.004220049 0.999981523 0.007118855
0.999969780 0.004473844 0.006356271 -0.000656815 -0.004563424 0.999889493 0.014149371 0.041905366 -0.006292267 -0.014177949 0.999879718 0.013446369
0.999969363 0.004605490 0.006325813 -0.000919312 -0.004773261 0.999630272 0.026767600 0.065646879 -0.006200196 -0.026796974 0.999621689 0.021686159
0.999980271 0.001263938 0.006152637 -0.001469582 -0.001488522 0.999327600 0.036635466 0.090616360 -0.006102195 -0.036643900 0.999309778 0.027942216
0.999977767 -0.000295514 0.006660797 -0.002789998 0.000004521 0.999047101 0.043645054 0.117113642 -0.006667348 -0.043644056 0.999024868 0.035574045
0.999972522 -0.004234080 0.006080284 -0.003243814 0.003932022 0.998797953 0.048858859 0.142121106 -0.006279848 -0.048833609 0.998787165 0.043003913
0.999963760 -0.006936542 0.004933987 -0.003729172 0.006667448 0.998592913 0.052609682 0.166598111 -0.005291973 -0.052574880 0.998602986 0.049249575
0.999966860 -0.007040449 0.004087491 -0.004438118 0.006795558 0.998344421 0.057115939 0.189748183 -0.004482846 -0.057086270 0.998359203 0.055058286
0.999974728 -0.005746187 0.004183837 -0.005309942 0.005473728 0.998032928 0.062452957 0.211363792 -0.004534474 -0.062428482 0.998039126 0.059921529
0.999987662 -0.000387860 0.004952355 -0.006080581 0.000037507 0.997508287 0.070549637 0.231149390 -0.004967378 -0.070548579 0.997495949 0.064645797
0.999996781 0.000554018 0.002482289 -0.006919036 -0.000755177 0.996649742 0.081784517 0.249335259 -0.002428663 -0.081786126 0.996646941 0.066841796
0.999991238 0.003153600 0.002750643 -0.007602659 -0.003404457 0.995322168 0.096551731 0.265144378 -0.002433290 -0.096560255 0.995324194 0.068619996
0.999992073 0.003796918 0.001209973 -0.008062037 -0.003909820 0.993514955 0.113634229 0.277549893 -0.000770666 -0.113638058 0.993521929 0.070803307
0.999995828 0.002814665 0.000618204 -0.009023097 -0.002871352 0.991400957 0.130827859 0.284154981 -0.000244652 -0.130829081 0.991404891 0.071497329
0.999996305 0.002391160 -0.001272628 -0.010200507 -0.002182492 0.989531159 0.144302770 0.283089995 0.001604356 -0.144299462 0.989532769 0.069144733
0.999988139 0.002759934 -0.004008881 -0.011077286 -0.002128602 0.988725066 0.149727315 0.273082703 0.004376919 -0.149717003 0.988719225 0.065137073
0.999983907 0.003683351 -0.004319191 -0.011667384 -0.003006135 0.989061177 0.147475287 0.255114824 0.004815147 -0.147459939 0.989056289 0.060508832
0.999985337 0.005153495 -0.001661293 -0.012947421 -0.004872041 0.990249991 0.139216393 0.229202345 0.002362546 -0.139206260 0.990260601 0.054527905
0.999894083 0.013848434 0.004482959 -0.014349301 -0.014313621 0.991418839 0.129937619 0.197312459 -0.002645058 -0.129988015 0.991512060 0.046960868
0.999753654 0.019242978 0.011062863 -0.013886965 -0.020401480 0.992984891 0.116467923 0.162629426 -0.008744068 -0.116664931 0.993132830 0.041678410
0.999478757 0.024517104 0.021003079 -0.013282882 -0.026502527 0.994618952 0.100153811 0.125007406 -0.018434577 -0.100658245 0.994750261 0.034102496
0.998962164 0.032721799 0.031684071 -0.013717716 -0.035324577 0.995719373 0.085411541 0.085499503 -0.028753623 -0.086442120 0.995841861 0.026905870
0.998650253 0.037375122 0.036065642 -0.014749142 -0.039837502 0.996739745 0.070162743 0.046857171 -0.033325721 -0.071504802 0.996883392 0.018762654
0.998627663 0.037981361 0.036059063 -0.016426397 -0.039934620 0.997682512 0.055089589 0.012960725 -0.033883121 -0.056453992 0.997830093 0.010965331
0.998754919 0.036623672 0.033872534 -0.017570442 -0.038040683 0.998385549 0.042180933 -0.020929066 -0.032273028 -0.043416947 0.998535633 0.004103193
0.998795509 0.034691315 0.034699980 -0.018508911 -0.035698075 0.998946786 0.028827004 -0.052249786 -0.033663388 -0.030031003 0.998981953 -0.003069039
0.998979449 0.028186539 0.035292350 -0.020248599 -0.028672075 0.999500036 0.013327736 -0.082572252 -0.034899041 -0.014326040 0.999288142 -0.012379089
0.999047518 0.024583919 0.036051061 -0.020033104 -0.024500733 0.999696016 -0.002747472 -0.108469397 -0.036107648 0.001861578 0.999346197 -0.018668771
0.999157727 0.019735713 0.035976443 -0.019888768 -0.019014668 0.999613583 -0.020275371 -0.130909905 -0.036362689 0.019574216 0.999146938 -0.024719257
0.999152362 0.021467796 0.035123594 -0.018915834 -0.020223675 0.999168515 -0.035401106 -0.146357611 -0.035854377 0.034660771 0.998755753 -0.030354416
0.999110460 0.021686640 0.036166683 -0.018891824 -0.020020775 0.998749852 -0.045803495 -0.155196190 -0.037114792 0.045038663 0.998295546 -0.034593571
0.998823464 0.026808135 0.040410634 -0.017934881 -0.024843752 0.998521328 -0.048352890 -0.155168369 -0.041647132 0.047292046 0.998012543 -0.036359183
0.998551369 0.032583844 0.042818267 -0.015563322 -0.030707542 0.998569548 -0.043770526 -0.145380273 -0.044183228 0.042392273 0.998123586 -0.034083247
0.998250186 0.037858170 0.045424093 -0.014368912 -0.036357094 0.998779595 -0.033429161 -0.128735647 -0.046634223 0.031719178 0.998408318 -0.031090189
0.998259723 0.035331208 0.047214415 -0.014979661 -0.034378875 0.999191701 -0.020832770 -0.107302397 -0.047912296 0.019173335 0.998667538 -0.026642535
0.998436689 0.032738131 0.045303889 -0.011030568 -0.032418523 0.999444187 -0.007771843 -0.078591965 -0.045533143 0.006291008 0.998943031 -0.016445888
0.998626769 0.028038999 0.044253245 -0.009942908 -0.028171027 0.999600351 0.002362540 -0.049018655 -0.044169314 -0.003605955 0.999017537 -0.008424932
0.998572230 0.031446461 0.043180920 -0.007913386 -0.031882945 0.999446869 0.009456837 -0.018087031 -0.042859651 -0.010820069 0.999022484 -0.000183511
0.998797297 0.027803840 0.040384941 -0.004876399 -0.028348142 0.999513984 0.012968251 0.014582299 -0.040004745 -0.014097492 0.999100029 0.010081837
0.999022603 0.027774638 0.034386609 -0.003634842 -0.028344071 0.999467194 0.016184399 0.047262043 -0.033918772 -0.017143236 0.999277532 0.017212693
0.999131560 0.026420856 0.032218475 -0.002487872 -0.027099883 0.999415815 0.020824384 0.080182701 -0.031649452 -0.021679416 0.999263883 0.024323614
0.999351263 0.021963293 0.028543413 -0.000653624 -0.022823485 0.999284208 0.030168243 0.113633946 -0.027860388 -0.030800130 0.999137223 0.032572638
0.999268055 0.019462379 0.032932997 -0.000163462 -0.020891441 0.998829722 0.043620251 0.144856542 -0.032045506 -0.044276342 0.998505235 0.039060671
0.999188960 0.016273508 0.036832199 0.000026326 -0.018458055 0.998041511 0.059769709 0.173848912 -0.035787404 -0.060401086 0.997532427 0.045387216
0.999041319 0.016850753 0.040404815 -0.000289809 -0.019926043 0.996835113 0.076959051 0.200540513 -0.038980123 -0.077690385 0.996215224 0.052021641
0.999037683 0.018359087 0.039832130 -0.000802427 -0.022039779 0.995325625 0.094027124 0.222174048 -0.037919693 -0.094814532 0.994772494 0.055680748
0.999193370 0.017166875 0.036303286 -0.002218424 -0.021016903 0.993876398 0.108480491 0.237601519 -0.034218710 -0.109155975 0.993435502 0.057276327
0.999286115 0.017968047 0.033232633 -0.004154072 -0.021814417 0.992623329 0.119260609 0.247416377 -0.030844605 -0.119900420 0.992306650 0.060425241
0.999338388 0.018487008 0.031322055 -0.005497884 -0.022308482 0.991726160 0.126418039 0.246978045 -0.028725810 -0.127033129 0.991482437 0.059646141
0.999424398 0.018540379 0.028409196 -0.007137154 -0.022049017 0.991446316 0.128639236 0.237213269 -0.025781171 -0.129191592 0.991284430 0.057158090
0.999513507 0.017344669 0.025921097 -0.008793650 -0.020439606 0.992027998 0.124349192 0.217739791 -0.023557657 -0.124818519 0.991899908 0.051189061
0.999537706 0.017355148 0.024963669 -0.010869976 -0.020038847 0.993549109 0.111617900 0.193859190 -0.022865489 -0.112066545 0.993437588 0.045169767
0.999549627 0.016426433 0.025114158 -0.012468248 -0.018771239 0.995187223 0.096177183 0.166412890 -0.023413440 -0.096605293 0.995047331 0.038109712
0.999409914 0.020040495 0.027895484 -0.013763908 -0.022275744 0.996360898 0.082272597 0.136994034 -0.026145186 -0.082845442 0.996219397 0.033362348
0.999290705 0.020708103 0.031452347 -0.014710465 -0.022932816 0.997133493 0.072102986 0.105262809 -0.029869072 -0.072773136 0.996901155 0.026130455
0.998990774 0.025062177 0.037273899 -0.014866996 -0.027475078 0.997461259 0.065697446 0.073233828 -0.035532750 -0.066655248 0.997143149 0.018609803
0.998721957 0.026569160 0.042994391 -0.014977369 -0.029191995 0.997675598 0.061572764 0.039982554 -0.041258518 -0.062749162 0.997176170 0.011436982
0.998649836 0.025348086 0.045343090 -0.014796176 -0.027911682 0.997993708 0.056828182 0.007862918 -0.043811630 -0.058017056 0.997353792 0.003240015
0.998540580 0.021591466 0.049502596 -0.013997056 -0.024069961 0.998457551 0.050031099 -0.024940884 -0.048345998 -0.051149610 0.997520089 -0.004057269
0.998360813 0.015187071 0.055181760 -0.011285697 -0.017430661 0.999031246 0.040407047 -0.057000313 -0.054514635 -0.041302666 0.997658372 -0.012537839
0.997878730 0.010614298 0.064229347 -0.009354687 -0.012377445 0.999555707 0.027115420 -0.089380689 -0.063912995 -0.027852897 0.997566700 -0.019185912
0.997491837 0.005909361 0.070534743 -0.007857010 -0.006694091 0.999918222 0.010894258 -0.119129173 -0.070464604 -0.011339098 0.997449815 -0.026284663
0.997234702 0.005811474 0.074089348 -0.006159742 -0.005367725 0.999966443 -0.006187094 -0.145073637 -0.074122816 0.005772293 0.997232437 -0.033426974
0.996960700 0.005666433 0.077699974 -0.005203411 -0.003905411 0.999732494 -0.022797637 -0.165228873 -0.077808365 0.022424895 0.996716082 -0.039545182
0.996957064 0.008540045 0.077483475 -0.004407451 -0.005954249 0.999419570 -0.033542097 -0.178070292 -0.077724949 0.032978676 0.996429265 -0.044140939
0.996799469 0.010825410 0.079205923 -0.002729751 -0.007809978 0.999236465 -0.038282011 -0.183730438 -0.079559870 0.037540894 0.996122956 -0.046102203
0.996420860 0.015350497 0.083125524 -0.001649286 -0.012171130 0.999179840 -0.038620390 -0.180451408 -0.083650194 0.037470430 0.995790422 -0.045523576
0.996263802 0.019281035 0.084182583 -0.001037230 -0.016270569 0.999208391 -0.036301959 -0.169410110 -0.084815882 0.034796629 0.995788872 -0.042563334
0.996382356 0.020603152 0.082447954 0.000591639 -0.017967759 0.999307632 -0.032579694 -0.152219921 -0.083062120 0.030980427 0.996062696 -0.037681647
0.996534944 0.020347297 0.080648199 0.001068966 -0.018109400 0.999433041 -0.028383905 -0.130116776 -0.081180006 0.026825061 0.996338427 -0.030583981
0.996637940 0.021442696 0.079076238 0.002388302 -0.019627441 0.999527335 -0.023662074 -0.103382662 -0.079546236 0.022030456 0.996587694 -0.022194276
0.997030497 0.019523298 0.074491456 0.004593365 -0.018173764 0.999659002 -0.018751748 -0.074329138 -0.074832156 0.017342273 0.997045338 -0.012557493
0.997282386 0.023192421 0.069928497 0.006579624 -0.022390448 0.999674499 -0.012230678 -0.041636344 -0.070189387 0.010631708 0.997477055 -0.003948709
0.997465193 0.024189480 0.066918701 0.008368985 -0.023851637 0.999698460 -0.005843056 -0.008377181 -0.067039862 0.004232124 0.997741342 0.005142422
0.997411847 0.027731564 0.066336930 0.010555933 -0.027985029 0.999604166 0.002894513 0.025358353 -0.066230401 -0.004743462 0.997793078 0.014995772
0.996986389 0.030497134 0.071330748 0.012558860 -0.031560007 0.999406278 0.013821121 0.059858821 -0.070866890 -0.016030667 0.997356951 0.024992626
0.997492611 0.026780715 0.065508023 0.013232495 -0.028837996 0.999113679 0.030663565 0.093898624 -0.064628765 -0.032475799 0.997380793 0.033280216
0.997893393 0.018601514 0.062151127 0.013229091 -0.021857735 0.998401105 0.052129649 0.125178456 -0.061082065 -0.053378314 0.996704459 0.042849153
0.998271286 0.010537171 0.057822105 0.013505301 -0.014890627 0.997043371 0.075384147 0.154741541 -0.056856807 -0.076114841 0.995476663 0.049101967
0.998363197 0.004668011 0.057001207 0.013806975 -0.010127256 0.995342851 0.095864780 0.181818411 -0.056288246 -0.096285127 0.993760943 0.054460660
0.998367488 0.003834035 0.056988090 0.014088263 -0.010153233 0.993766904 0.111014791 0.206261382 -0.056207240 -0.111412175 0.992183506 0.060242616
0.998245120 0.009719772 0.058414105 0.014810185 -0.016753692 0.992491484 0.121160813 0.227787167 -0.056797851 -0.121926837 0.990912616 0.063967176
0.998315275 0.016217180 0.055710535 0.014792036 -0.023208808 0.991600037 0.127242580 0.244835943 -0.053179052 -0.128321186 0.990305841 0.066008948
0.998566210 0.019301420 0.049929529 0.013292750 -0.025606437 0.991327524 0.128895566 0.257626057 -0.047008649 -0.129989281 0.990400434 0.067975089
0.998861194 0.021606371 0.042537965 0.011660589 -0.026936714 0.991276383 0.129017755 0.262669533 -0.039379276 -0.130016670 0.990729511 0.067373224
0.999105752 0.021342294 0.036498874 0.010230146 -0.025888326 0.991306365 0.129001841 0.260242820 -0.033428371 -0.129831389 0.990972400 0.066116340
0.999214649 0.022540394 0.032588858 0.009157621 -0.026604936 0.991128564 0.130216673 0.248676121 -0.029364612 -0.130981430 0.990949869 0.061593693
0.999219060 0.024111092 0.031304304 0.008240939 -0.027982626 0.991145790 0.129795760 0.231906727 -0.027897611 -0.130570382 0.991046488 0.058353081
0.999232948 0.024035256 0.030916823 0.007168937 -0.027776014 0.991527617 0.126891643 0.209711984 -0.027605010 -0.127653062 0.991434634 0.053954531
0.999201059 0.024523126 0.031556550 0.005416742 -0.028200528 0.992138088 0.121929437 0.184514895 -0.028318362 -0.122721940 0.992036998 0.048651274
0.999042451 0.027544418 0.033991870 0.004950166 -0.031387638 0.992485523 0.118267864 0.155172929 -0.030478818 -0.119221538 0.992399752 0.043364178
0.998544216 0.034078922 0.041810066 0.005344032 -0.038656097 0.992721260 0.114062332 0.122794680 -0.037618622 -0.115512498 0.992593408 0.038199764
0.998074353 0.038969371 0.048258923 0.006261125 -0.043993961 0.993192315 0.107859097 0.087371320 -0.043727189 -0.109774508 0.992994189 0.031636983
0.997811794 0.040953293 0.051908072 0.006002106 -0.045886248 0.994156718 0.097708307 0.051415998 -0.047603283 -0.099876367 0.993860483 0.025598470
0.997691929 0.039469063 0.055254534 0.005422784 -0.044041961 0.995479345 0.084150039 0.014463563 -0.051683426 -0.086389326 0.994919956 0.019546878
0.997468770 0.037809104 0.060220886 0.003579341 -0.041776367 0.996941864 0.066042528 -0.020756973 -0.057539713 -0.068391174 0.995997906 0.012016028
0.997078359 0.035590764 0.067587644 0.002864738 -0.038702410 0.998223364 0.045301154 -0.056708064 -0.065855265 -0.047784604 0.996684372 0.005521378
0.996603310 0.036337152 0.073901765 0.002350879 -0.038214475 0.998977721 0.024149176 -0.092525572 -0.072948702 -0.026891265 0.996973097 -0.000862573
0.996091783 0.035392042 0.080923386 0.003383173 -0.035822477 0.999350667 0.003872951 -0.122879520 -0.080733769 -0.006756690 0.996712804 -0.010137397
0.995798528 0.035750311 0.084304072 0.002225869 -0.034796480 0.999312997 -0.012756950 -0.150747538 -0.084702216 0.009769867 0.996358395 -0.017621735
0.995791197 0.031416915 0.086098321 0.000486825 -0.029265361 0.999229848 -0.026139071 -0.174062505 -0.086853214 0.023509359 0.995943666 -0.024666298
0.995972931 0.028592292 0.084972881 -0.000012782 -0.025640022 0.999035954 -0.035634406 -0.192076236 -0.085909836 0.033312194 0.995745838 -0.031868178
0.995966554 0.022450410 0.086870931 -0.001495628 -0.019009538 0.999009371 -0.040235616 -0.203224167 -0.087688185 0.038421951 0.995406747 -0.035482522
0.995692968 0.019936537 0.090542950 -0.002364389 -0.016418053 0.999087036 -0.039439790 -0.207451344 -0.091246583 0.037783384 0.995111287 -0.036151912
0.995391607 0.017002720 0.094374016 -0.002698927 -0.013541075 0.999216080 -0.037200063 -0.200519815 -0.094932541 0.035750702 0.994841516 -0.033968363
0.995363235 0.015939090 0.094857752 -0.002757953 -0.012910589 0.999389827 -0.032455340 -0.190962613 -0.095317185 0.031080181 0.994961619 -0.030318748
0.994901896 0.014508110 0.099798553 -0.002106109 -0.011896325 0.999572277 -0.026716089 -0.175507009 -0.100143470 0.025392650 0.994648933 -0.024612634
0.994326591 0.015180608 0.105281584 0.000130700 -0.013104582 0.999706388 -0.020382646 -0.155452967 -0.105560087 0.018887337 0.994233549 -0.017401468
0.993528485 0.021446057 0.111540280 0.002693214 -0.020006485 0.999701679 -0.014009720 -0.132125631 -0.111807458 0.011687526 0.993661165 -0.009156044
0.992841303 0.026834650 0.116387501 0.005477559 -0.026028136 0.999625564 -0.008444164 -0.107102998 -0.116570517 0.005354365 0.993167996 -0.000559485
0.992270947 0.035716701 0.118838705 0.009118075 -0.035668392 0.999360442 -0.002534117 -0.080623984 -0.118853219 -0.001724255 0.992910326 0.008369065
0.992009759 0.039641168 0.119771533 0.011670904 -0.040469993 0.999170661 0.004494716 -0.054355323 -0.119494028 -0.009305956 0.992791295 0.016296210
0.992611051 0.042910520 0.113499016 0.013436784 -0.044754472 0.998903394 0.013747381 -0.027891787 -0.112784654 -0.018725390 0.993443012 0.022383492
0.993089318 0.044848777 0.108453624 0.015518422 -0.047777459 0.998556077 0.024556741 -0.002872051 -0.107195683 -0.029568676 0.993798137 0.028933233
0.994239390 0.046053164 0.096783817 0.016592961 -0.049769484 0.998099387 0.036340211 0.021714896 -0.094926283 -0.040947746 0.994641781 0.031256001
0.995474994 0.044971194 0.083708666 0.017229654 -0.049181875 0.997590244 0.048937641 0.044006217 -0.081306167 -0.052833147 0.995287895 0.031017885
0.996635437 0.040676605 0.071156137 0.017358927 -0.045182910 0.996995866 0.062910721 0.062005475 -0.068383373 -0.065914094 0.995479286 0.029812846
0.997664452 0.035054237 0.058624763 0.017112181 -0.039579868 0.996174634 0.077907138 0.077088051 -0.055669528 -0.080045544 0.995235443 0.026324257
0.998302042 0.029009335 0.050512314 0.017206600 -0.033662163 0.995017827 0.093842454 0.088169642 -0.047538348 -0.095383473 0.994304836 0.022653269
0.998940587 0.020889187 0.041004553 0.017628871 -0.025338074 0.993478894 0.111164823 0.091787502 -0.038415015 -0.112086028 0.992955685 0.019498646
0.999338150 0.014109321 0.033529785 0.017163865 -0.018347405 0.991388917 0.129658952 0.096515976 -0.031411659 -0.130188331 0.990991592 0.014380610
0.999568522 0.008252713 0.028189812 0.016577156 -0.012346593 0.988865912 0.148296088 0.098766118 -0.026652098 -0.148580164 0.988541126 0.009098787
0.999585330 0.002579185 0.028680226 0.015382124 -0.007383107 0.985642552 0.168683842 0.100463487 -0.027833385 -0.168825641 0.985252857 0.005186907
0.999387503 -0.002577730 0.034898724 0.015254059 -0.004193334 0.981275499 0.192563727 0.100500561 -0.034741644 -0.192592129 0.980663717 0.001786904
0.998819411 -0.005172214 0.048301715 0.015534539 -0.005444550 0.976131499 0.217112049 0.100102790 -0.048271779 -0.217118695 0.974950910 -0.000828416
0.998098552 -0.010454529 0.060745522 0.014290349 -0.004335207 0.971164286 0.238371968 0.099294461 -0.061485946 -0.238182068 0.969272316 -0.003588315
0.997360528 -0.016431972 0.070724674 0.012383231 -0.002301876 0.966410220 0.256994188 0.097488180 -0.072571971 -0.256478667 0.963821590 -0.006619026
0.996955216 -0.022178747 0.074755348 0.009907012 0.000851092 0.961734653 0.273981333 0.095767170 -0.077971376 -0.273083508 0.958825231 -0.010481688
0.996789992 -0.026030028 0.075711310 0.007507050 0.002765689 0.956301212 0.292370319 0.095034935 -0.080013216 -0.291222394 0.953303397 -0.015070942
0.996555209 -0.032244682 0.076406822 0.005944433 0.006839628 0.950135589 0.311762154 0.094324559 -0.082649514 -0.310165584 0.947083116 -0.019819658
0.996325552 -0.037493825 0.077004269 0.005040280 0.009862189 0.943329811 0.331710100 0.094444774 -0.085077509 -0.329731822 0.940233350 -0.025176017
0.996051908 -0.044156291 0.077011749 0.004199940 0.014350927 0.936198890 0.351177633 0.094944872 -0.087605014 -0.348685980 0.933136344 -0.031571750
0.996044576 -0.044962309 0.076639749 0.004429718 0.013508083 0.929120302 0.369530767 0.095909759 -0.087822504 -0.367033869 0.926052570 -0.037835110
0.996125460 -0.044116341 0.076077744 0.005696338 0.011429152 0.922678947 0.385399759 0.096441038 -0.087197751 -0.383037031 0.919608176 -0.043771371
0.996400774 -0.042751361 0.073197342 0.008048806 0.010150686 0.917469263 0.397677153 0.096024178 -0.084157549 -0.395502836 0.914601028 -0.048960332
0.996657908 -0.041618042 0.070292056 0.011214654 0.009638509 0.914388776 0.404722452 0.094655111 -0.081118017 -0.402692318 0.911733925 -0.052631546
0.996612847 -0.043150242 0.070006132 0.015447412 0.011056077 0.913856804 0.405886114 0.092513502 -0.081489667 -0.403737307 0.911238492 -0.054471835
0.996758401 -0.042743031 0.068159431 0.020061396 0.011838087 0.915895522 0.401242167 0.090182140 -0.079577222 -0.399134606 0.913432539 -0.055545218
0.997027516 -0.043638591 0.063496731 0.024255699 0.015115608 0.918908596 0.394180894 0.088332385 -0.075549193 -0.392049372 0.916836739 -0.055222072
0.997274637 -0.043123785 0.059863728 0.028927732 0.016686488 0.922204256 0.386342943 0.086560950 -0.071867153 -0.384291112 0.920410514 -0.053758655
0.997463584 -0.040905409 0.058250226 0.032364868 0.015791735 0.925154328 0.379262656 0.085764475 -0.069404341 -0.377380818 0.923453689 -0.052179404
0.997796297 -0.035955355 0.055764858 0.034421504 0.012530477 0.927435517 0.373773187 0.085803248 -0.065157458 -0.372250766 0.925842285 -0.050216340
0.998115957 -0.032849826 0.051821396 0.035607133 0.011401858 0.929195166 0.369413555 0.085708946 -0.060287356 -0.368126690 0.927819014 -0.048101291
0.998506010 -0.026340637 0.047874175 0.036792364 0.006940130 0.930179179 0.367040247 0.084703527 -0.054199636 -0.366159648 0.928972304 -0.045275800
0.998690486 -0.023495894 0.045445386 0.037750106 0.005113726 0.929697275 0.368289083 0.084177464 -0.050903734 -0.367574424 0.928599954 -0.042921558
0.998863578 -0.019183556 0.043629814 0.039359629 0.001544915 0.927970946 0.372649401 0.083465643 -0.047635939 -0.372158498 0.926945984 -0.040679421
0.998929679 -0.016108863 0.043359332 0.041995157 -0.001439094 0.926119864 0.377226561 0.082447104 -0.046232633 -0.376885206 0.925105453 -0.037943244
0.999013722 -0.015091022 0.041759666 0.046110049 -0.001909133 0.925005615 0.379948705 0.081834838 -0.044361737 -0.379653662 0.924064457 -0.035345692
0.998972535 -0.016477564 0.042218752 0.051832069 -0.000890133 0.924249649 0.381787717 0.081244923 -0.045311600 -0.381433010 0.923285306 -0.032408133
0.998892725 -0.018746898 0.043149959 0.059296161 0.000790075 0.923733532 0.383034915 0.080152474 -0.047039781 -0.382576674 0.922725499 -0.029293863
0.998751283 -0.021067582 0.045298893 0.068863630 0.002028774 0.923089623 0.384579509 0.079139970 -0.049917098 -0.384007365 0.921979725 -0.025763324
0.998610437 -0.023967938 0.046933871 0.079934038 0.003987370 0.922402859 0.386208653 0.078011848 -0.052548561 -0.385484815 0.921216667 -0.022385074
0.998427033 -0.028435443 0.048320305 0.092185877 0.007460614 0.921560884 0.388162166 0.077024885 -0.055567663 -0.387191087 0.920323491 -0.019094819
0.998254716 -0.033003338 0.048972141 0.106462479 0.011288398 0.920612037 0.390315264 0.075825050 -0.057966050 -0.389081270 0.919377923 -0.016490579
0.998065114 -0.036899276 0.050044883 0.122470386 0.014379033 0.920027077 0.391590923 0.074573651 -0.060492065 -0.390113622 0.918777466 -0.014298915
0.997733593 -0.041307293 0.053116869 0.139747322 0.017291430 0.920281112 0.390875518 0.072943285 -0.065028459 -0.389071167 0.918909669 -0.012390158
0.997340977 -0.045789897 0.056694105 0.157993957 0.020329939 0.921882272 0.386936367 0.070747584 -0.069983065 -0.384754896 0.920361876 -0.010097358
0.996786356 -0.051100671 0.061690591 0.176891387 0.023815257 0.924328566 0.380853713 0.068131067 -0.076484255 -0.378160596 0.922575057 -0.007516000
0.996078134 -0.056780718 0.067855425 0.194655508 0.027387433 0.927116871 0.373770297 0.065843351 -0.084132858 -0.370446026 0.925035894 -0.004602539
0.995301962 -0.061630026 0.074670590 0.213727444 0.029859247 0.929034650 0.368785948 0.063849784 -0.092099853 -0.364823788 0.926510274 -0.002338299
0.994501173 -0.066971563 0.080511957 0.232426256 0.032867156 0.929547310 0.367235035 0.062830940 -0.099433973 -0.362569481 0.926637053 -0.000358380
0.993738353 -0.070667893 0.086545631 0.250220209 0.033824664 0.928504586 0.369777143 0.062757507 -0.106489390 -0.364534378 0.925080895 0.001789948
0.992721677 -0.074260309 0.094810978 0.267705321 0.033257578 0.925689936 0.376818329 0.063909367 -0.115748212 -0.370922536 0.921422184 0.003129339
0.991569102 -0.076829657 0.104345217 0.284299642 0.030673619 0.921547115 0.387053013 0.065502711 -0.125896186 -0.380589187 0.916134298 0.004155233
0.990358114 -0.082748234 0.111101575 0.298843592 0.032215562 0.917580366 0.396242976 0.067190349 -0.134733021 -0.388843238 0.911398888 0.006388633
0.989955544 -0.085959919 0.112244941 0.311530262 0.033780128 0.914748371 0.402609468 0.069049060 -0.137284145 -0.394773841 0.908463955 0.007380752
0.989848852 -0.085564621 0.113480978 0.322850823 0.032380752 0.913238287 0.406137109 0.070934013 -0.138386130 -0.398339748 0.906738520 0.008171350
0.990009725 -0.085176140 0.112364396 0.331963599 0.032385092 0.912973940 0.406730592 0.072789773 -0.137229502 -0.399028301 0.906611562 0.009547783
0.990157247 -0.085558280 0.110762909 0.338897020 0.033629492 0.913647413 0.405114204 0.074201621 -0.135859117 -0.397401839 0.907531857 0.010366202
0.990340233 -0.086871423 0.108072378 0.343482971 0.036390431 0.914928079 0.401973128 0.075163864 -0.133798420 -0.394157350 0.909251332 0.010931554
0.990700185 -0.086845279 0.104742639 0.346028835 0.038214743 0.916422904 0.398382664 0.076230206 -0.130586207 -0.390675068 0.911219120 0.011581436
0.990662217 -0.088990413 0.103291348 0.346420705 0.041184731 0.917540431 0.395504028 0.077067018 -0.129970059 -0.387556881 0.912637651 0.011425117
0.990568936 -0.090304770 0.103045069 0.344840556 0.042626865 0.917860568 0.394607395 0.077792905 -0.130215928 -0.386493355 0.913053513 0.010956982
0.990290701 -0.089040771 0.106752403 0.341631234 0.039864615 0.917583466 0.395539373 0.077896342 -0.133173376 -0.387443334 0.912223935 0.010249983
0.990138233 -0.087870926 0.109110020 0.336151898 0.037878469 0.917743623 0.395363003 0.077102594 -0.134875923 -0.387331098 0.912021458 0.008790398
0.990166128 -0.087967545 0.108778469 0.328096241 0.038214292 0.918067276 0.394578427 0.075887077 -0.134576052 -0.386541277 0.912400782 0.006744749
0.990414739 -0.086899482 0.107364491 0.318092138 0.037907399 0.918457031 0.393700004 0.074561298 -0.132821992 -0.385856390 0.912947536 0.004433041
0.990828454 -0.087181218 0.103239343 0.306014866 0.039663307 0.918014050 0.394559354 0.074402437 -0.129173324 -0.386845857 0.913052320 0.001401029
0.991567671 -0.084017828 0.098663829 0.292687297 0.038199313 0.917024732 0.396996796 0.075084224 -0.123831980 -0.389880300 0.912501514 -0.001594571
0.992134929 -0.082028255 0.094549634 0.277902573 0.037626654 0.915855706 0.399740607 0.076052383 -0.119383849 -0.393039018 0.911738932 -0.003665633
0.992655575 -0.080890819 0.089953236 0.261537671 0.038223386 0.915196896 0.401190281 0.076988935 -0.114777528 -0.394805431 0.911567211 -0.005837033
0.993237555 -0.079655625 0.084463850 0.243394539 0.039315492 0.915293038 0.400865257 0.077417433 -0.109240338 -0.394833684 0.912235141 -0.008168172
0.993869126 -0.076574624 0.079752639 0.223772764 0.038540956 0.916036069 0.399239987 0.077666163 -0.103627950 -0.393718570 0.913371205 -0.010666844
0.994538605 -0.073104456 0.074489616 0.203527570 0.037814792 0.917613566 0.395670831 0.077208251 -0.097277977 -0.390693128 0.915366530 -0.013570571
0.995234191 -0.069192551 0.068711564 0.182393029 0.036972031 0.919774532 0.390701711 0.076356545 -0.090232790 -0.386299312 0.917949319 -0.016890861
0.995919645 -0.063886747 0.063737869 0.160138890 0.034485318 0.922099888 0.385412216 0.075540364 -0.083395407 -0.381641567 0.920540571 -0.020392962
0.996364057 -0.060763501 0.059719853 0.137761295 0.033542864 0.924115837 0.380637437 0.074025147 -0.078316920 -0.377250284 0.922793984 -0.023401825
0.996738076 -0.058200635 0.055909969 0.114636980 0.032817282 0.925201178 0.378055304 0.072596438 -0.073731028 -0.374987274 0.924093246 -0.026279453
0.997097492 -0.055404365 0.052220657 0.090504542 0.031597584 0.925165176 0.378247201 0.071721613 -0.069269285 -0.375499308 0.924230516 -0.029362923
0.997591913 -0.050604612 0.047429856 0.066633947 0.028796904 0.924327195 0.380512744 0.071692444 -0.063096404 -0.378230602 0.923558593 -0.032098997
0.997979879 -0.047204413 0.042519808 0.042475846 0.027263246 0.922725499 0.384492427 0.072659120 -0.057383850 -0.382556468 0.922148407 -0.034575131
0.998371303 -0.041899890 0.038719442 0.018376794 0.023640430 0.921508074 0.387638956 0.073590890 -0.051922310 -0.386092275 0.920997739 -0.037445318
0.998614192 -0.037526473 0.036898103 -0.005172065 0.020274110 0.921310186 0.388299465 0.074850984 -0.048566107 -0.387013257 0.920794249 -0.039076883
0.998751223 -0.035898484 0.034746140 -0.028975410 0.019689888 0.922023952 0.386631846 0.076391153 -0.045916267 -0.385464907 0.921579361 -0.040520914
0.998917282 -0.034457311 0.031256165 -0.053262930 0.019821368 0.923065841 0.384130955 0.077812165 -0.042087618 -0.383095503 0.922749400 -0.042916529
0.999066234 -0.031739861 0.029312124 -0.076774985 0.018164400 0.924154758 0.381586313 0.079552807 -0.039200433 -0.380697548 0.923868358 -0.044404082
0.999222934 -0.029086977 0.026597816 -0.100134850 0.016836453 0.925152063 0.379223168 0.081326872 -0.035637479 -0.378480673 0.924922884 -0.045889005
0.999344707 -0.026967824 0.024142239 -0.123166934 0.015851196 0.925707877 0.377906948 0.083292134 -0.032539986 -0.377276629 0.925528765 -0.047972299
0.999529779 -0.025228487 0.017428067 -0.145730451 0.016756544 0.925412655 0.378590316 0.085780025 -0.025679413 -0.378120273 0.925400257 -0.049503796
0.999705613 -0.022187218 0.009818061 -0.166939437 0.016750883 0.923906624 0.382251143 0.088753365 -0.017552061 -0.381974161 0.924006343 -0.050902128
0.999827147 -0.018428000 0.002476415 -0.186759472 0.016025709 0.921602964 0.387802929 0.091492936 -0.009428703 -0.387696177 0.921738982 -0.054738071
0.999867558 -0.015228804 -0.005735340 -0.204842061 0.016256940 0.919129491 0.393620014 0.094847612 -0.000722842 -0.393661141 0.919255376 -0.055804942
0.999784112 -0.014205394 -0.015164247 -0.221507668 0.019059772 0.917606950 0.397031784 0.097817272 0.008274825 -0.397235096 0.917679608 -0.056732301
0.999629617 -0.012645565 -0.024099080 -0.236283854 0.021159906 0.918003917 0.396006525 0.100509122 0.017115323 -0.396369755 0.917931437 -0.058549695
0.999486744 -0.010642163 -0.030215371 -0.248703957 0.021620110 0.920094371 0.391099602 0.101312771 0.023638848 -0.391552120 0.919852257 -0.059112806
0.999312758 -0.009024491 -0.035952322 -0.258711040 0.022168260 0.922845483 0.384531945 0.101594344 0.029708235 -0.385064691 0.922411323 -0.059694517
0.999087870 -0.008783022 -0.041788910 -0.266364306 0.023927240 0.925704062 0.377490968 0.101865001 0.035368655 -0.378146559 0.925069869 -0.062132396
0.998997211 -0.007433839 -0.044150699 -0.269950688 0.023402117 0.927386761 0.373371333 0.101343431 0.038169194 -0.374030143 0.926630735 -0.062943958
0.999013484 -0.005577776 -0.044056490 -0.270276189 0.021594685 0.927901983 0.372198343 0.100838862 0.038804062 -0.372782528 0.927107036 -0.063848779
0.999120891 -0.003219071 -0.041798756 -0.267908961 0.018628243 0.927298605 0.373858720 0.100228719 0.037556447 -0.374308676 0.926543355 -0.065764494
0.999301314 -0.003317974 -0.037228089 -0.262081712 0.017085992 0.926435947 0.376064539 0.099603191 0.033241671 -0.376437843 0.925845325 -0.066743091
0.999487281 -0.002839664 -0.031891689 -0.253188848 0.014676671 0.925882518 0.377526343 0.098810405 0.028455909 -0.377800822 0.925449491 -0.067802884
0.999701083 -0.003700181 -0.024167867 -0.241556183 0.012545682 0.926059961 0.377167881 0.097541951 0.020985303 -0.377358317 0.925829530 -0.069820598
0.999847770 -0.003311253 -0.017129323 -0.227442637 0.009495558 0.926946342 0.375073761 0.095896989 0.014636000 -0.375179321 0.926836729 -0.071059622
0.999949813 -0.003228380 -0.009486160 -0.211272866 0.006527833 0.928109944 0.372249067 0.094072461 0.007602438 -0.372292280 0.928084373 -0.072045192
0.999987483 -0.003928865 -0.003089583 -0.193275064 0.004792487 0.929204702 0.369534403 0.091639742 0.001419005 -0.369544595 0.929211915 -0.073542327
0.999978423 -0.005523981 0.003552032 -0.174226493 0.003829350 0.929826140 0.367979199 0.089893959 -0.005335482 -0.367957681 0.929827213 -0.073965877
0.999929011 -0.007243853 0.009459655 -0.154050082 0.003247773 0.929602146 0.368550271 0.088445798 -0.011463440 -0.368493408 0.929559708 -0.074050657
0.999828041 -0.011212816 0.014770121 -0.132362455 0.004924820 0.928438008 0.371454805 0.087677278 -0.017878195 -0.371318191 0.928333580 -0.073850535
0.999752760 -0.015407877 0.016030263 -0.110617109 0.008237459 0.926330149 0.376622558 0.087114528 -0.020652272 -0.376397431 0.926228106 -0.073160216
0.999637723 -0.020176781 0.017814895 -0.087934971 0.011830157 0.923866272 0.382532567 0.086943753 -0.024176857 -0.382183224 0.923770249 -0.071904391
0.999530077 -0.023138843 0.020106621 -0.063982613 0.013541076 0.921732664 0.387589484 0.086822934 -0.027501300 -0.387135059 0.921612799 -0.070146091
0.999429643 -0.024503170 0.023236383 -0.039971612 0.013505930 0.920715332 0.390001178 0.086743906 -0.030950356 -0.389464915 0.920521140 -0.068432979
0.999400496 -0.025202297 0.023739200 -0.016230678 0.013949409 0.920651913 0.390135258 0.086562492 -0.031687841 -0.389570206 0.920451522 -0.066344857
0.999412060 -0.026458587 0.021806573 0.007337010 0.015915155 0.921324730 0.388468057 0.086734176 -0.030369250 -0.387892574 0.921204150 -0.062559143
0.999416888 -0.027789775 0.019839203 0.029881679 0.017938875 0.921727180 0.387423754 0.085947618 -0.029052751 -0.386841953 0.921688259 -0.060269307
0.999324739 -0.031124866 0.019527482 0.051581327 0.021133350 0.921633184 0.387486339 0.085154749 -0.030057633 -0.386811972 0.921668649 -0.057873689
0.999243081 -0.033257540 0.020180311 0.072421722 0.022798024 0.920982659 0.388935983 0.084486470 -0.031520769 -0.388181508 0.921043754 -0.055219114
0.999126375 -0.035532687 0.021998476 0.092170700 0.024095777 0.919884801 0.391447723 0.084683731 -0.034145251 -0.390575647 0.919937372 -0.052651342
0.998988032 -0.037275039 0.025168292 0.110209934 0.024345836 0.918680072 0.394251525 0.085565582 -0.037817344 -0.393239796 0.918657899 -0.049915269
0.998760879 -0.039973069 0.029645175 0.125516400 0.024940627 0.917520046 0.396906734 0.087195814 -0.043065622 -0.395675540 0.917380095 -0.046752248
0.998516619 -0.043016981 0.033378460 0.138896689 0.026193630 0.916947544 0.398147136 0.089340501 -0.047733381 -0.396682233 0.916714072 -0.043849029
0.998287499 -0.046717394 0.035207294 0.150019646 0.028853107 0.916771472 0.398368597 0.091937393 -0.050887786 -0.396670580 0.916549444 -0.040465206
0.998036444 -0.047685903 0.040611837 0.160192996 0.027704347 0.917582512 0.396578938 0.095164470 -0.056175936 -0.394675106 0.917101860 -0.034933385
0.997334719 -0.051030234 0.052147418 0.169519812 0.026705779 0.920441628 0.389966637 0.097679958 -0.067898743 -0.387534648 0.919351220 -0.029957907
0.996129930 -0.055652238 0.068029709 0.177814648 0.025830118 0.925185263 0.378635764 0.099912539 -0.084012009 -0.375413179 0.923042238 -0.024141449
0.994930267 -0.058266401 0.081968062 0.183942154 0.024812402 0.932083964 0.361391544 0.101840302 -0.097458102 -0.357525587 0.928804278 -0.018356012
0.993917167 -0.057768434 0.093762904 0.188681439 0.022371784 0.939538240 0.341712505 0.102947474 -0.107834026 -0.337536305 0.935115576 -0.013328053
0.992778659 -0.056240294 0.105960377 0.192714259 0.019276675 0.946605504 0.321817458 0.102931283 -0.118401788 -0.317450941 0.940853834 -0.008753976
0.991366565 -0.056080557 0.118521318 0.196030036 0.017907793 0.953358054 0.301310092 0.101930127 -0.129890889 -0.296586305 0.946131587 -0.004267559
0.990030289 -0.057093762 0.128764391 0.199090123 0.018266005 0.958487511 0.284548849 0.100502543 -0.139665037 -0.279359967 0.949974597 -0.000580714
0.988544166 -0.060257442 0.138381511 0.202275470 0.020216443 0.961449027 0.274239004 0.098684750 -0.149571717 -0.268299818 0.951653063 0.003174995
0.986992300 -0.068365589 0.145507097 0.205524758 0.026166219 0.961321712 0.274182349 0.097050793 -0.158623755 -0.266808480 0.950605989 0.008112834
0.985324085 -0.076294757 0.152694508 0.210058689 0.030635962 0.959068179 0.281513214 0.095434129 -0.167922422 -0.272703826 0.947330296 0.013104092
0.983039558 -0.086441115 0.161744118 0.215837777 0.036544919 0.956594110 0.289123088 0.093460284 -0.179715604 -0.278308481 0.943528831 0.020164486
0.980704069 -0.096032649 0.170285657 0.222949117 0.041876759 0.954009056 0.296838373 0.091339275 -0.190960243 -0.283979625 0.939622164 0.029025078
0.978357673 -0.105398268 0.178065926 0.230001509 0.046874434 0.951070011 0.305399150 0.089064121 -0.201541692 -0.290442854 0.935427129 0.038691111
0.976610482 -0.112095445 0.183484629 0.236945182 0.049606819 0.947795510 0.314996570 0.086715586 -0.209215596 -0.298526853 0.931187749 0.049043007
0.975636601 -0.116254166 0.186059579 0.243745178 0.050766304 0.944676042 0.324052393 0.083857909 -0.213438466 -0.306711793 0.927562356 0.060498156
0.975578010 -0.118509896 0.184940368 0.248646647 0.051495217 0.941898465 0.331926972 0.080552898 -0.213531673 -0.314297110 0.924998164 0.072134584
0.975845754 -0.123686746 0.180074140 0.251509428 0.056529593 0.939177573 0.338747501 0.076558515 -0.211020187 -0.320385814 0.923484385 0.085049413
0.977342010 -0.124019474 0.171527863 0.252401114 0.058609914 0.937246978 0.343704849 0.072044119 -0.203390062 -0.325863928 0.923279583 0.099684179
0.979412794 -0.121405780 0.161280066 0.250790775 0.059499949 0.937061369 0.344057798 0.066750944 -0.192899913 -0.327378452 0.924993515 0.114078112
0.982260168 -0.114552401 0.148467734 0.246735856 0.058339722 0.939115345 0.338613153 0.060977854 -0.178217277 -0.323944628 0.929138541 0.128816545
0.985238135 -0.104872726 0.135305196 0.240639329 0.055118047 0.942626953 0.329266459 0.055366572 -0.162073404 -0.316948146 0.934492469 0.144226387
0.988433719 -0.092442617 0.120221481 0.231963724 0.049747393 0.946516097 0.318798512 0.050390650 -0.143262133 -0.309130460 0.940167189 0.159110188
0.991233051 -0.078830130 0.106032118 0.221143901 0.042322829 0.949668527 0.310384423 0.046320986 -0.125163004 -0.303175718 0.944679141 0.173728883
0.993781686 -0.066149235 0.089566864 0.207730845 0.035844538 0.951639354 0.305119216 0.042154558 -0.105418749 -0.300011396 0.948092878 0.187611863
0.996213019 -0.053554345 0.068494648 0.191395804 0.030369218 0.952496231 0.303032428 0.039394937 -0.081469595 -0.299804717 0.950515568 0.199462578
0.998143852 -0.042584352 0.043536089 0.171904758 0.027416505 0.952547967 0.303151339 0.037006624 -0.054379717 -0.301395029 0.951947391 0.209108084
0.999365747 -0.032606997 0.014311867 0.149880409 0.026666701 0.951638639 0.306060106 0.035380170 -0.023599425 -0.305484325 0.951904595 0.218082801
0.999685109 -0.021125833 -0.013542559 0.124787487 0.024290228 0.950138867 0.310879678 0.036186427 0.006299720 -0.311110705 0.950352788 0.221838653
0.999121189 -0.009790226 -0.040754691 0.097490855 0.022198897 0.948367059 0.316397041 0.037750944 0.035552807 -0.317023724 0.947750986 0.222052857
0.997632742 0.002247727 -0.068730146 0.068315543 0.020047350 0.946545422 0.321947068 0.039782453 0.065779850 -0.322562784 0.944259644 0.219539344
0.995389104 0.014960618 -0.094745710 0.037506290 0.016928993 0.944855511 0.327049702 0.042983275 0.094413877 -0.327145666 0.940245569 0.212326214
0.992506027 0.029777635 -0.118511833 0.006440185 0.011168730 0.943687737 0.330649018 0.046978831 0.121684112 -0.329494774 0.936283171 0.201557010
0.988844335 0.038571797 -0.143871948 -0.023687690 0.011649637 0.942904353 0.332859874 0.051077109 0.148496494 -0.330822647 0.931936264 0.188471183
0.985136747 0.042446855 -0.166444853 -0.054008488 0.015782718 0.942520559 0.333775222 0.055466928 0.171045408 -0.331441164 0.927841723 0.171918005
0.980918229 0.043633424 -0.189461187 -0.082772046 0.022685960 0.942146301 0.334433377 0.060407650 0.193092629 -0.332349896 0.923178613 0.152517051
