1.000000000 0.000000000 0.000000000 0.000000000 0.000000000 1.000000000 0.000000000 0.000000030 0.000000000 0.000000000 1.000000000 0.000000000
0.999996066 -0.002774160 -0.000444465 0.000500357 0.002778354 0.999948800 0.009729868 -0.000527864 0.000417450 -0.009731064 0.999952555 0.001102221
0.999986291 -0.005191159 0.000691987 -0.000994745 0.005177836 0.999823928 0.018035708 -0.002039239 -0.000785492 -0.018031878 0.999837101 0.000124158
0.999957263 -0.009238470 0.000405435 -0.001541775 0.009228177 0.999745846 0.020568395 -0.013323286 -0.000595353 -0.020563776 0.999788344 -0.001635832
0.999944329 -0.010494830 0.001107350 -0.003514250 0.010473575 0.999788225 0.017713945 -0.021699207 -0.001293021 -0.017701361 0.999842465 -0.000090494
0.999893785 -0.014427623 0.002063419 -0.004076011 0.014399769 0.999812722 0.012930748 -0.027879056 -0.002249592 -0.012899662 0.999914289 -0.000845730
0.999822617 -0.018701643 0.002230237 -0.008224840 0.018676426 0.999766827 0.010836315 -0.041974910 -0.002432375 -0.010792741 0.999938786 -0.002053391
0.999776065 -0.020970307 0.002839389 -0.010255428 0.020948391 0.999752104 0.007540553 -0.052469224 -0.002996813 -0.007479384 0.999967515 -0.001887740
0.999779105 -0.020294217 0.005468819 -0.013869138 0.020260679 0.999776006 0.006119673 -0.069186322 -0.005591788 -0.006007519 0.999966323 -0.004683570
0.999772966 -0.020127663 0.006992477 -0.016859250 0.020130998 0.999797285 -0.000406855 -0.077383205 -0.006982871 0.000547528 0.999975443 -0.001695280
0.999750137 -0.020682611 0.008478867 -0.020661281 0.020704869 0.999782383 -0.002545732 -0.090533264 -0.008424370 0.002720650 0.999960840 -0.001244517
0.999771237 -0.018983262 0.009854123 -0.025205089 0.019012945 0.999814928 -0.002927538 -0.103831142 -0.009796726 0.003114225 0.999947190 -0.001809174
0.999840438 -0.015213481 0.009360049 -0.029441003 0.015222271 0.999883771 -0.000868575 -0.116395466 -0.009345748 0.001010918 0.999955833 -0.002749497
0.999859989 -0.016200231 0.004195891 -0.035372578 0.016189111 0.999865353 0.002671112 -0.129000992 -0.004238599 -0.002602810 0.999987602 -0.004098550
0.999834180 -0.017196456 -0.005992664 -0.041503519 0.017213324 0.999848008 0.002774621 -0.144814670 0.005944040 -0.002877314 0.999978185 -0.005228651
0.999733210 -0.013564903 -0.018693773 -0.049665883 0.013628608 0.999901712 0.003284651 -0.161853567 0.018647378 -0.003538545 0.999819875 -0.010832972
0.999395609 -0.008847411 -0.033618279 -0.057551764 0.009099302 0.999931633 0.007347113 -0.181602418 0.033550978 -0.007648576 0.999407768 -0.015357167
0.998733878 -0.003245294 -0.050200537 -0.065583043 0.003924668 0.999901950 0.013440559 -0.202443004 0.050151996 -0.013620561 0.998648703 -0.019618630
0.997650921 0.004434544 -0.068358764 -0.072828345 -0.003186102 0.999826312 0.018361311 -0.221543550 0.068428323 -0.018100381 0.997491837 -0.022671567
0.996091068 0.014793096 -0.087084562 -0.080658652 -0.012667624 0.999609470 0.024909250 -0.240631670 0.087419033 -0.023708727 0.995889485 -0.025308127
0.994118512 0.024717864 -0.105439238 -0.089630879 -0.021964628 0.999388814 0.027194001 -0.257779151 0.106046982 -0.024718124 0.994053841 -0.027102292
0.991986692 0.032765266 -0.122019954 -0.099009179 -0.029866394 0.999228299 0.025511522 -0.272928447 0.122761674 -0.021662794 0.992199719 -0.027705438
0.989882648 0.039495502 -0.136280730 -0.107767135 -0.036550257 0.999042451 0.024047563 -0.286454409 0.137099996 -0.018823171 0.990378380 -0.025021173
0.987932980 0.044073440 -0.148478806 -0.117316917 -0.041030385 0.998881578 0.023497485 -0.299420178 0.149348348 -0.017121799 0.988636374 -0.022565970
0.986384094 0.050684568 -0.156452835 -0.132129237 -0.048218828 0.998646080 0.019518072 -0.305451632 0.157230288 -0.011708343 0.987492561 -0.014346367
0.984701991 0.054188866 -0.165606692 -0.141437680 -0.052187432 0.998502374 0.016416248 -0.316315621 0.166248247 -0.007522524 0.986055255 -0.007639307
0.983115554 0.060310509 -0.172761396 -0.151730433 -0.058822948 0.998174131 0.013722030 -0.326411068 0.173273548 -0.003328008 0.984868109 0.000148043
0.981776953 0.065803856 -0.178280264 -0.164883330 -0.064701870 0.997832537 0.011994742 -0.334392369 0.178683162 -0.000241096 0.983906627 0.001990945
0.980603039 0.066423289 -0.184406161 -0.177285865 -0.065727986 0.997788608 0.009887596 -0.344196558 0.184655130 0.002424838 0.982800364 0.009589872
0.979614615 0.067752890 -0.189115763 -0.190154031 -0.067298599 0.997693777 0.008830284 -0.354534954 0.189277887 0.004076949 0.981915116 0.017245453
0.978930771 0.065480262 -0.193408608 -0.205585793 -0.065496951 0.997832775 0.006314990 -0.375665367 0.193402946 0.006485735 0.981097996 0.021821745
0.978335619 0.063381463 -0.197084278 -0.219410270 -0.064393654 0.997923732 0.001274924 -0.389035672 0.196755886 0.011443671 0.980385721 0.029055383
0.977900088 0.065014191 -0.198707312 -0.233352721 -0.067614742 0.997691453 -0.006322663 -0.403073639 0.197837532 0.019618476 0.980038464 0.036644265
0.977555573 0.068749622 -0.199144527 -0.246556371 -0.073575377 0.997146010 -0.016925476 -0.423669845 0.197412565 0.031197730 0.979823947 0.037004523
0.977373183 0.074883454 -0.197823614 -0.260947913 -0.081902675 0.996260047 -0.027530037 -0.439614117 0.195022225 0.043109402 0.979850948 0.043157063
0.977318466 0.081660479 -0.195397601 -0.276083291 -0.089237168 0.995550096 -0.030276902 -0.455868423 0.192055687 0.047026902 0.980256617 0.048366986
0.977164388 0.089394003 -0.192765296 -0.292597622 -0.096218720 0.995012224 -0.026318936 -0.481503725 0.189451069 0.044265553 0.980891883 0.044251956
0.977087796 0.097680494 -0.189097628 -0.309588104 -0.103092238 0.994490802 -0.018973365 -0.501764536 0.186202541 0.038033143 0.981774986 0.045518074
0.977028251 0.103210300 -0.186449513 -0.328132033 -0.107556686 0.994109690 -0.013320234 -0.525542021 0.183976486 0.033068135 0.982374251 0.044895783
0.977401197 0.099412218 -0.186558574 -0.348197728 -0.102756709 0.994671702 -0.008319127 -0.558535397 0.184737504 0.027301267 0.982408643 0.036281735
0.977608562 0.092611246 -0.188956752 -0.369934559 -0.095212393 0.995445788 -0.004715242 -0.588972688 0.187659517 0.022600684 0.981974065 0.031309880
0.977045655 0.085846364 -0.194967076 -0.393052518 -0.087886810 0.996128798 -0.001822823 -0.621255636 0.194055840 0.018916015 0.980808079 0.025284052
0.975660264 0.083545960 -0.202748984 -0.417524338 -0.085404433 0.996346295 -0.000419264 -0.659754753 0.201973170 0.017724719 0.979230642 0.013755735
0.973873973 0.082131863 -0.211716339 -0.442452729 -0.083714411 0.996488690 0.001493455 -0.690590024 0.211095586 0.016269270 0.977330029 0.006996089
0.972130299 0.081842475 -0.219691873 -0.467853606 -0.083504714 0.996505916 0.001725379 -0.718227029 0.219065458 0.016668014 0.975567758 0.001174024
0.970473647 0.080477387 -0.227385849 -0.496134281 -0.082437336 0.996595860 0.000880334 -0.752510428 0.226682633 0.017890740 0.973804355 -0.010494557
0.968544900 0.079588823 -0.235767692 -0.522461176 -0.081795983 0.996649027 0.000420061 -0.773995697 0.235011071 0.018878002 0.971809328 -0.015068581
0.965777457 0.080237545 -0.246649206 -0.549397230 -0.082507037 0.996589839 0.001137159 -0.793674886 0.245899320 0.019252051 0.969104171 -0.019220091
0.961750150 0.082437754 -0.261229217 -0.578230202 -0.084672868 0.996405125 0.002707416 -0.818977714 0.260513306 0.019515168 0.965273023 -0.027891191
0.956994355 0.084994517 -0.277376473 -0.606106400 -0.087500833 0.996158779 0.003353690 -0.838128805 0.276596069 0.021061208 0.960755467 -0.032645032
0.952265501 0.088234246 -0.292241514 -0.634176314 -0.090774953 0.995859444 0.004883108 -0.856839597 0.291462362 0.021878194 0.956332088 -0.037054233
0.948095024 0.095748574 -0.303229302 -0.662960231 -0.097833231 0.995167851 0.008345822 -0.880826771 0.302563161 0.021753272 0.952881098 -0.044892952
0.944104850 0.101004153 -0.313790083 -0.690858841 -0.099797204 0.994807720 0.019951845 -0.898508966 0.314176023 0.012478737 0.949282765 -0.048403569
0.940468252 0.109647274 -0.321709394 -0.718838871 -0.102695733 0.993965328 0.038555045 -0.914620280 0.323995471 -0.003221612 0.946053147 -0.051265314
0.937466562 0.117784031 -0.327541351 -0.749236286 -0.102677681 0.992711127 0.063102350 -0.937578261 0.332586408 -0.025525162 0.942727327 -0.059897695
0.934816480 0.124311008 -0.332663357 -0.778179049 -0.102092825 0.991261899 0.083528012 -0.952401459 0.340139985 -0.044120818 0.939339221 -0.060810890
0.932383418 0.117039546 -0.341998428 -0.808252037 -0.088107690 0.991179347 0.098997615 -0.967687130 0.350568444 -0.062171049 0.934471250 -0.060174566
0.930065095 0.101344667 -0.353140414 -0.838459909 -0.071863107 0.992817163 0.095654175 -0.989057600 0.360297918 -0.063586846 0.930667579 -0.060747899
0.927846849 0.083420187 -0.363512456 -0.868921936 -0.057708580 0.995038271 0.081046894 -1.008847356 0.368469775 -0.054221321 0.928057194 -0.055871479
0.925954938 0.068610430 -0.371348917 -0.898599207 -0.048735447 0.996844590 0.062655635 -1.029332757 0.374476016 -0.039918438 0.926376939 -0.048598729
0.924509645 0.058961749 -0.376570612 -0.927194655 -0.044598199 0.997910261 0.046756357 -1.053849220 0.378540486 -0.026432335 0.925207257 -0.042624656
0.923752606 0.055591725 -0.378933609 -0.953647017 -0.046251170 0.998360693 0.033715557 -1.070961833 0.380186737 -0.013618714 0.924809515 -0.031288873
0.923079431 0.053091958 -0.380927354 -0.978793919 -0.047667608 0.998582840 0.023667846 -1.084521890 0.381644100 -0.003689406 0.924301982 -0.017661054
0.922485173 0.051524356 -0.382578611 -1.004545808 -0.048230961 0.998670340 0.018201500 -1.102800250 0.383007765 0.001661518 0.923743665 -0.010041602
0.921704113 0.048577502 -0.384839952 -1.027783275 -0.045480177 0.998817980 0.017152108 -1.110814333 0.385218263 0.001693417 0.922823966 0.005764335
0.921092987 0.045963291 -0.386620104 -1.050004125 -0.041845825 0.998942196 0.019064637 -1.116158247 0.387087405 -0.001381867 0.922042012 0.023014527
0.921571136 0.050996426 -0.384845465 -1.070519924 -0.047724996 0.998697340 0.018054038 -1.124415636 0.385264844 0.001728668 0.922804475 0.037704024
0.922774315 0.060798958 -0.380514264 -1.089834452 -0.059412464 0.998114705 0.015400325 -1.128930211 0.380733192 0.008396263 0.924646795 0.057119340
0.924057484 0.068241194 -0.376112878 -1.107935786 -0.071606442 0.997420192 0.005042830 -1.134439111 0.375486732 0.022272240 0.926560104 0.077039480
0.925239742 0.073508613 -0.372193366 -1.124642015 -0.082102530 0.996597350 -0.007270495 -1.142560124 0.370392472 0.037284963 0.928126752 0.093355745
0.926203489 0.074921273 -0.369505048 -1.141128540 -0.088298969 0.995905101 -0.019399827 -1.149534464 0.366538525 0.050595097 0.929026186 0.112102792
0.927337885 0.077012971 -0.366215050 -1.156746507 -0.094467923 0.995077133 -0.029954627 -1.156000853 0.362105310 0.062373631 0.930047989 0.130125120
0.928389847 0.077767305 -0.363379389 -1.169360995 -0.097212948 0.994630098 -0.035505064 -1.158196449 0.358666927 0.068287715 0.930964470 0.143944696
0.929128647 0.080472954 -0.360893339 -1.183853149 -0.101764090 0.993989825 -0.040351655 -1.163182259 0.355477124 0.074217856 0.931733727 0.159584224
0.929777026 0.084301353 -0.358340591 -1.197636724 -0.106635273 0.993368447 -0.042989068 -1.167482018 0.352340192 0.078181989 0.932600617 0.174135566
0.930116773 0.085008189 -0.357290357 -1.210804105 -0.108265996 0.993077159 -0.045566101 -1.171408653 0.350943416 0.081064194 0.932881176 0.186166897
0.930092871 0.083995707 -0.357591957 -1.224091530 -0.107849978 0.993043303 -0.047258101 -1.174748182 0.351134807 0.082520701 0.932681441 0.197937667
0.928735614 0.082622200 -0.361419022 -1.237225652 -0.107432887 0.993000925 -0.049064450 -1.177510142 0.354835629 0.084396191 0.931111693 0.208120406
0.926600814 0.079993479 -0.367439806 -1.248588562 -0.104290746 0.993448913 -0.046719104 -1.181876183 0.361295462 0.081610531 0.928873122 0.214428157
0.924473226 0.076295286 -0.373534828 -1.261254191 -0.098210737 0.994362891 -0.039964128 -1.182992101 0.368380100 0.073630899 0.926754892 0.221609265
0.922467113 0.068865918 -0.379884005 -1.273500204 -0.089068048 0.995380580 -0.035838719 -1.184078932 0.375661075 0.066895567 0.924339652 0.227727115
0.920370698 0.064843781 -0.385633230 -1.282755494 -0.083233960 0.996042550 -0.031166743 -1.185054898 0.382086158 0.060782742 0.922125578 0.232684746
0.918492079 0.058554985 -0.391080022 -1.293015003 -0.075271465 0.996782780 -0.027538216 -1.185254455 0.388209343 0.054730795 0.919944584 0.237637281
0.916331291 0.047389962 -0.397606730 -1.302191854 -0.062853694 0.997685552 -0.025941538 -1.185026646 0.395457149 0.048762098 0.917189121 0.242129833
0.913856983 0.033335451 -0.404665560 -1.310624599 -0.048618291 0.998437524 -0.027545705 -1.186439872 0.403115004 0.044846982 0.914049804 0.248198003
0.911118865 0.017362829 -0.411777824 -1.315908194 -0.033309478 0.998946011 -0.031581022 -1.186356902 0.410795480 0.042490169 0.910736918 0.251604617
0.908430934 0.002603459 -0.418026805 -1.318652868 -0.019958910 0.999110341 -0.037151080 -1.185855508 0.417558193 0.042092551 0.907674730 0.254830122
0.905943573 -0.008431997 -0.423314542 -1.318612456 -0.010173701 0.999079466 -0.041673589 -1.184557915 0.423276275 0.042060595 0.905023813 0.258845031
0.904714108 -0.016594790 -0.425695896 -1.314779043 -0.002921346 0.998975873 -0.045151439 -1.181844354 0.426009238 0.042092752 0.903739095 0.262404263
0.905188262 -0.022939011 -0.424391359 -1.307622194 0.003017353 0.998864114 -0.047554418 -1.178391576 0.425000161 0.041765161 0.904229283 0.266313076
0.907421410 -0.028403234 -0.419260800 -1.298422933 0.009347536 0.998830557 -0.047435544 -1.174279928 0.420117795 0.039124973 0.906625748 0.271901459
0.911460340 -0.035958469 -0.409813374 -1.284915924 0.018666279 0.998761535 -0.046119444 -1.167448640 0.410964221 0.034386352 0.911002755 0.277746171
0.916980207 -0.044361793 -0.396458507 -1.268197894 0.028905893 0.998574197 -0.044878360 -1.157842278 0.397884130 0.029692579 0.916955054 0.284956783
0.923864424 -0.051931050 -0.379180282 -1.248892426 0.038758580 0.998353064 -0.042296100 -1.142594934 0.380752295 0.024379376 0.924355626 0.291564167
0.931757867 -0.059895966 -0.358105868 -1.225636482 0.048190650 0.997974336 -0.041531358 -1.127580762 0.359868020 0.021439817 0.932756841 0.301070154
0.940768242 -0.066065088 -0.332551509 -1.198939562 0.053422380 0.997463942 -0.047028702 -1.111819267 0.334815115 0.026477415 0.941911757 0.311428547
0.950296581 -0.069345750 -0.303525180 -1.168288469 0.053001478 0.996682167 -0.061769344 -1.096469998 0.306801587 0.042611912 0.950819135 0.321635723
0.958548844 -0.073792383 -0.275206804 -1.133755922 0.055325374 0.995701373 -0.074282676 -1.085367799 0.279505312 0.055977657 0.958510995 0.329780430
0.966053486 -0.073695295 -0.247607887 -1.095506430 0.054788522 0.995091498 -0.082408205 -1.076381683 0.252465606 0.066044658 0.965349257 0.335286915
0.971740484 -0.071596071 -0.224932075 -1.055169821 0.054258216 0.995125711 -0.082345679 -1.067587018 0.229731321 0.067814216 0.970888615 0.336105287
0.976294041 -0.068849787 -0.205206245 -1.011132956 0.053692359 0.995463610 -0.078544997 -1.065219641 0.209683150 0.065665014 0.975561917 0.336549759
0.979513049 -0.068090267 -0.189520344 -0.964748561 0.055874620 0.996045530 -0.069074862 -1.065237880 0.193474218 0.057070352 0.979444087 0.333986044
0.981090009 -0.074699141 -0.178556442 -0.916694164 0.065163948 0.996147096 -0.058690883 -1.064023137 0.182252645 0.045945600 0.982177675 0.322639108
0.981045723 -0.089026980 -0.172114789 -0.866391778 0.081817187 0.995463967 -0.048553322 -1.070624590 0.175656617 0.033551078 0.983879626 0.314919621
0.980415285 -0.102373324 -0.168242529 -0.813627779 0.097238310 0.994516075 -0.038503829 -1.079938889 0.171261653 0.021390121 0.984993339 0.304819435
0.978982866 -0.117612116 -0.166613042 -0.758691490 0.114644207 0.993029952 -0.027354594 -1.090770960 0.168668956 0.007678459 0.985642850 0.288993418
0.977858722 -0.129020005 -0.164760798 -0.699438095 0.127702475 0.991637945 -0.018609699 -1.106216431 0.165784091 -0.002842708 0.986157954 0.275048018
0.976837218 -0.138583183 -0.163045138 -0.636625886 0.138368100 0.990299046 -0.012730803 -1.124585986 0.163227707 -0.010124318 0.986536503 0.260337770
0.977926672 -0.136259660 -0.158406839 -0.570030153 0.136948124 0.990556121 -0.006613428 -1.141749501 0.157812014 -0.015226072 0.987351775 0.242826149
0.979910493 -0.128783852 -0.152283296 -0.500349104 0.129856259 0.991528511 -0.002924588 -1.161307454 0.151369885 -0.016909102 0.988332570 0.228577986
0.982950568 -0.113545366 -0.144622430 -0.428300291 0.114942364 0.993371308 0.001313406 -1.178923726 0.143514648 -0.017914254 0.989486039 0.215730682
0.985294640 -0.100707911 -0.138030469 -0.353862196 0.102041014 0.994776785 0.002597752 -1.192129135 0.137047887 -0.016644318 0.990424573 0.204258740
0.987369835 -0.087089188 -0.132349148 -0.278493285 0.088442557 0.996071696 0.004370519 -1.203722358 0.131448612 -0.016020615 0.991193533 0.193559304
0.989039898 -0.074557617 -0.127441108 -0.201786458 0.075817749 0.997108877 0.005058912 -1.211858153 0.126695484 -0.014665764 0.991833210 0.184185550
0.990859151 -0.058563858 -0.121525176 -0.123371132 0.059425347 0.998226702 0.003473704 -1.215710044 0.121106245 -0.010663627 0.992582262 0.176471442
0.992141008 -0.043215137 -0.117425308 -0.044885337 0.043935921 0.999028027 0.003555404 -1.216991186 0.117157519 -0.008686651 0.993075371 0.169878975
0.993314624 -0.026533801 -0.112347491 0.033850897 0.027173579 0.999622047 0.004166920 -1.215122581 0.112194471 -0.007191946 0.993660271 0.164480299
0.993995011 -0.012388756 -0.108721830 0.113473490 0.012963116 0.999905527 0.004577625 -1.211418033 0.108654849 -0.005959510 0.994061649 0.162170932
0.994207859 -0.003403686 -0.107420303 0.191213354 0.003940195 0.999980807 0.004782640 -1.204337716 0.107401960 -0.005178195 0.994202197 0.159801081
0.994475245 0.003952362 -0.104896784 0.268316448 -0.003458961 0.999982059 0.004885182 -1.194580078 0.104914218 -0.004495358 0.994471133 0.158521160
0.994967401 0.006598854 -0.099981770 0.333100617 -0.006082824 0.999966562 0.005465220 -1.178614140 0.100014493 -0.004829544 0.994974256 0.163194716
0.995599151 0.007220839 -0.093435749 0.409003258 -0.006663255 0.999958098 0.006278168 -1.164001465 0.093477175 -0.005627953 0.995605528 0.164272100
0.996489823 0.006834814 -0.083434321 0.484323949 -0.006315370 0.999958992 0.006488118 -1.147218466 0.083475240 -0.005938426 0.996492147 0.166597754
0.997454584 0.003619384 -0.071212411 0.559643447 -0.003138327 0.999971509 0.006865974 -1.131877065 0.071235240 -0.006625009 0.997437537 0.173842281
0.998349190 -0.003492622 -0.057330154 0.633486331 0.003976517 0.999957383 0.008328597 -1.114989758 0.057298623 -0.008542822 0.998320520 0.178199276
0.999163866 -0.009287175 -0.039815627 0.706751466 0.009727558 0.999893486 0.010881148 -1.097694039 0.039710328 -0.011259358 0.999147773 0.182777032
0.999655962 -0.016836694 -0.020110929 0.780044675 0.017134422 0.999744773 0.014724897 -1.082429767 0.019857878 -0.015064420 0.999689341 0.190742195
0.999682546 -0.025041422 0.002787382 0.851736248 0.024966756 0.999395370 0.024198545 -1.064858794 -0.003391663 -0.024121271 0.999703288 0.196270734
0.999044836 -0.032551061 0.029152153 0.922688127 0.031512376 0.998876035 0.035407294 -1.046942592 -0.030271931 -0.034454819 0.998947680 0.202119678
0.997497201 -0.041633140 0.057149295 0.993526697 0.038925763 0.998103082 0.047696643 -1.030504107 -0.059026647 -0.045352690 0.997225642 0.213753328
0.994973242 -0.051517345 0.085873276 1.063130379 0.046471551 0.997130632 0.059757479 -1.012577534 -0.088705420 -0.055466428 0.994512379 0.220980734
0.991574228 -0.060460262 0.114564806 1.131809235 0.052713305 0.996189237 0.069486491 -0.995477021 -0.118329391 -0.062861927 0.990982592 0.229372829
0.987664163 -0.068424352 0.140845969 1.199027896 0.058084227 0.995394409 0.076264188 -0.982143879 -0.145415619 -0.067142472 0.987089753 0.246689454
0.983561695 -0.077108040 0.163281187 1.264842629 0.063854620 0.994339168 0.084924556 -0.966945291 -0.168905243 -0.073102288 0.982917607 0.258179754
0.979388475 -0.085647911 0.182927877 1.329341531 0.068777889 0.992937803 0.096665300 -0.952215493 -0.189915180 -0.082091488 0.978362501 0.270952880
0.975503206 -0.095689252 0.198083445 1.391890883 0.075072199 0.991190672 0.109111220 -0.938919961 -0.206779227 -0.091567785 0.974093258 0.290027916
0.972051799 -0.105363354 0.209794715 1.453672290 0.080661833 0.989120305 0.123022914 -0.926162660 -0.220474318 -0.102662221 0.969974995 0.306939125
0.968970478 -0.114261441 0.219181463 1.514497757 0.086094491 0.987228930 0.134040415 -0.915422916 -0.231697932 -0.111010894 0.966432929 0.326112986
0.966259360 -0.122479022 0.226587117 1.574036241 0.091396600 0.985501051 0.142948940 -0.906107605 -0.240810066 -0.117416456 0.963443756 0.351574570
0.963784039 -0.132061481 0.231689721 1.633522034 0.099164724 0.983952045 0.148339733 -0.899625421 -0.247561544 -0.119992025 0.961413145 0.376950562
0.961025596 -0.152065843 0.230880588 1.692541957 0.119579822 0.981613398 0.148780882 -0.895273030 -0.249259979 -0.115373582 0.961539626 0.404820800
0.958215117 -0.169429898 0.230472013 1.752032280 0.139529437 0.980202675 0.140478760 -0.892290115 -0.249710575 -0.102451243 0.962885439 0.437775463
0.956013083 -0.181900948 0.230110824 1.812447429 0.156130910 0.979694664 0.125783667 -0.891450047 -0.248318523 -0.084323421 0.965001285 0.471031427
0.954998910 -0.184936583 0.231895477 1.873982906 0.163630068 0.980576515 0.108143218 -0.891142428 -0.247390896 -0.065331586 0.966710687 0.505902886
0.955016315 -0.181936532 0.234185591 1.936367154 0.165978551 0.982345104 0.086308695 -0.890899062 -0.245753780 -0.043556429 0.968353212 0.543378174
0.956256747 -0.175520539 0.234020501 1.999646425 0.163211018 0.984024048 0.071125373 -0.890612781 -0.242765754 -0.029819399 0.969626546 0.581088006
0.958988786 -0.164945588 0.230507076 2.063173294 0.155195370 0.986063778 0.059938520 -0.890248835 -0.237181276 -0.021706743 0.971222878 0.619784117
0.962699175 -0.154093400 0.222408459 2.124377728 0.146009222 0.987892032 0.052447051 -0.889570951 -0.227797285 -0.018017048 0.973541856 0.659375906
0.967487216 -0.135482505 0.213571891 2.188345432 0.128939256 0.990660667 0.044341452 -0.888653636 -0.217584744 -0.015361992 0.975920558 0.698118329
0.972754717 -0.112483010 0.202720985 2.252030134 0.106504366 0.993499279 0.040198930 -0.886861086 -0.205924854 -0.017513033 0.978411078 0.737026155
0.977589965 -0.094694667 0.188018098 2.314483166 0.087726720 0.995124876 0.045060858 -0.890525281 -0.191368505 -0.027556831 0.981131375 0.781271458
0.982194006 -0.077475496 0.171150565 2.376322985 0.069916956 0.996310651 0.049766954 -0.888494015 -0.174374849 -0.036914479 0.983987153 0.821220279
0.985835314 -0.067337558 0.153604776 2.437245846 0.059022751 0.996566296 0.058068708 -0.886799991 -0.156987548 -0.048180006 0.986424625 0.861661792
0.988744378 -0.057090737 0.138293877 2.495563745 0.048021436 0.996525288 0.068053879 -0.885542810 -0.141698584 -0.060646821 0.988050342 0.902819216
0.991068304 -0.050290938 0.123508893 2.554215670 0.040955331 0.996189833 0.076996803 -0.886265635 -0.126910537 -0.071250737 0.989351809 0.945196331
0.992957115 -0.042297836 0.110666350 2.612002850 0.032956813 0.995842934 0.084915638 -0.888291895 -0.113798052 -0.080670372 0.990223348 0.988992333
0.994391501 -0.030834731 0.101167187 2.668641329 0.021452468 0.995476842 0.092550866 -0.891168296 -0.103563368 -0.089861505 0.990555167 1.037584782
0.995456219 -0.018687017 0.093368970 2.723831177 0.009532692 0.995185494 0.097544938 -0.896229804 -0.094742261 -0.096211657 0.990841687 1.085211158
0.996234953 -0.006601115 0.086442776 2.777211428 -0.001974110 0.995111108 0.098741859 -0.903221905 -0.086671971 -0.098540738 0.991351426 1.134470820
0.996655762 0.007340233 0.081384368 2.824101686 -0.015070650 0.995383799 0.094783589 -0.911964297 -0.080312945 -0.095693126 0.992165625 1.183260560
0.996522725 0.025913376 0.079189427 2.873726845 -0.032749340 0.995732307 0.086282685 -0.922426522 -0.076615594 -0.088576064 0.993118465 1.235553145
0.995907903 0.044812065 0.078481629 2.920905590 -0.050784197 0.995826602 0.075830922 -0.934540391 -0.074755952 -0.079506233 0.994027317 1.289267182
0.995042503 0.061102912 0.078465760 2.964918852 -0.066271454 0.995679080 0.065047748 -0.948146582 -0.074152112 -0.069925316 0.994792402 1.347077250
0.994198203 0.074024081 0.078041025 3.005328655 -0.078303367 0.995505035 0.053276021 -0.963081360 -0.073746525 -0.059077796 0.995525599 1.403077245
0.993580997 0.082993649 0.076868840 3.042003870 -0.086346082 0.995406210 0.041361749 -0.979142547 -0.073082961 -0.047733575 0.996182919 1.459829926
0.992902875 0.091228135 0.076297656 3.075578451 -0.093494527 0.995262444 0.026672563 -0.996448219 -0.073502898 -0.033616677 0.996728241 1.519115090
0.992733717 0.094651282 0.074302554 3.104513645 -0.095591992 0.995378077 0.009200059 -1.014628530 -0.073088333 -0.016235936 0.997193277 1.577018738
0.992930830 0.095967159 0.069847606 3.128933907 -0.095127746 0.995348215 -0.015254180 -1.034403324 -0.070986591 0.008501901 0.997441053 1.634253740
0.993010163 0.098765329 0.064623334 3.146105289 -0.096464470 0.994617939 -0.037812497 -1.055224895 -0.068010084 0.031314339 0.997193098 1.689341187
0.992538333 0.106197581 0.059914153 3.162560225 -0.102667496 0.992951810 -0.059212208 -1.075420141 -0.065780059 0.052619152 0.996445775 1.743949533
0.991383612 0.117605269 0.057685014 3.175305605 -0.112797141 0.990349650 -0.080525257 -1.095226526 -0.066598527 0.073324718 0.995081961 1.796514630
0.989291131 0.133664504 0.058625087 3.183134317 -0.127293095 0.986657023 -0.101510763 -1.115113258 -0.071411237 0.092961133 0.993105590 1.847888708
0.987134755 0.148360506 0.059616718 3.187728882 -0.140298232 0.982552707 -0.122092351 -1.133969426 -0.076690249 0.112157479 0.990726650 1.894423366
0.985560060 0.158427089 0.059767943 3.187076330 -0.148302794 0.977978170 -0.146850020 -1.153351545 -0.081716761 0.135865778 0.987351418 1.937280655
0.984090745 0.167452618 0.059371904 3.180479288 -0.154867247 0.972266555 -0.175253749 -1.174580932 -0.087072015 0.163270831 0.982731462 1.979202628
0.983117878 0.173394367 0.058426358 3.168774843 -0.158128187 0.965800762 -0.205485567 -1.194085121 -0.092058264 0.192777678 0.976914585 2.012909651
0.982992589 0.174671277 0.056705773 3.151279926 -0.157055214 0.959619164 -0.233376682 -1.212858796 -0.095180139 0.220501602 0.970731556 2.040643215
0.983791590 0.170634195 0.055118699 3.120648861 -0.151134655 0.954458296 -0.257230729 -1.233099103 -0.096500859 0.244731098 0.964776814 2.066103220
0.988207340 0.145345598 0.048176147 3.090781212 -0.127202392 0.954386175 -0.270123333 -1.250158787 -0.085239880 0.260809749 0.961619735 2.079922676
0.992990434 0.111130953 0.040247548 3.055881977 -0.096464455 0.958761513 -0.267340630 -1.265356064 -0.068297617 0.261584252 0.962761223 2.086118937
0.996425271 0.077141076 0.034436662 3.018448353 -0.066347852 0.966934979 -0.246241197 -1.278480053 -0.052293319 0.243076161 0.968596637 2.086702108
0.998773098 0.041191846 0.027487975 2.977500200 -0.034388974 0.976327538 -0.213546127 -1.288673043 -0.035633627 0.212338835 0.976546168 2.079815388
0.999714673 0.010098936 0.021646490 2.935057640 -0.006247044 0.985227644 -0.171135783 -1.296707273 -0.023055011 0.170951724 0.985009611 2.067489147
0.999765396 -0.014461550 0.016124172 2.892495632 0.016390642 0.991798341 -0.126757294 -1.303312659 -0.014158821 0.126991838 0.991802692 2.051711798
0.999318182 -0.035163213 0.011257804 2.849222183 0.036016550 0.995497108 -0.087683044 -1.309362173 -0.008123894 0.088028722 0.996084809 2.031902313
0.998738348 -0.049391542 0.009067765 2.806359053 0.049845401 0.996978641 -0.059573323 -1.315558910 -0.006097949 0.059950151 0.998182774 2.009863615
0.998059213 -0.061631851 0.008903233 2.767714262 0.062020436 0.996649683 -0.053318318 -1.324170232 -0.005587299 0.053767022 0.998537898 1.989680052
0.997609198 -0.068208911 0.011112660 2.726657629 0.068767510 0.995720506 -0.061739206 -1.332341433 -0.006853940 0.062355787 0.998030424 1.965905190
0.997133672 -0.074516363 0.013103611 2.686502934 0.075324319 0.994001329 -0.079294704 -1.340542793 -0.007116253 0.080054440 0.996765077 1.940671802
0.997102201 -0.074098088 0.017222913 2.649154663 0.075402655 0.992646396 -0.094697155 -1.348069787 -0.010079385 0.095721401 0.995357156 1.914262652
0.996890962 -0.076515466 0.018808402 2.611182928 0.078065574 0.991498828 -0.104095146 -1.353001833 -0.010683621 0.105239794 0.994389474 1.884824038
0.997057557 -0.073824309 0.020643359 2.574265003 0.075541161 0.992021084 -0.100934207 -1.354807377 -0.013027250 0.102196634 0.994678915 1.853355527
0.996722043 -0.078763179 0.018481242 2.539947748 0.080113344 0.992729723 -0.089830592 -1.356441021 -0.011271535 0.091016725 0.995785594 1.821670175
0.996365428 -0.082964845 0.019306993 2.505175591 0.084244795 0.993285537 -0.079288654 -1.355835199 -0.012599187 0.080626987 0.996664703 1.786435723
0.995537460 -0.092207156 0.020074483 2.471808672 0.093353488 0.993397892 -0.066676602 -1.354425073 -0.013793889 0.068253085 0.997572660 1.749528050
0.994533777 -0.101595171 0.024104718 2.441330910 0.102774538 0.993229270 -0.054157522 -1.352385283 -0.018439367 0.056338836 0.998241425 1.711830974
0.993500710 -0.109109811 0.032424506 2.411974907 0.110458158 0.992941678 -0.043195155 -1.346702576 -0.027482627 0.046495970 0.998540342 1.673552632
0.992383361 -0.114944436 0.044306681 2.384316921 0.116560422 0.992538452 -0.035792481 -1.337827921 -0.039861940 0.040684264 0.998376608 1.635561109
0.990905046 -0.120856464 0.059168391 2.359193325 0.123004451 0.991819978 -0.034103923 -1.327181220 -0.054562710 0.041071720 0.997665286 1.600601792
0.989226997 -0.124743715 0.076608762 2.335132360 0.127789155 0.991140127 -0.036209747 -1.312975883 -0.071413085 0.045609429 0.996403515 1.563754320
0.987416267 -0.123462036 0.098824218 2.313001871 0.128774151 0.990448296 -0.049288802 -1.296902537 -0.091794983 0.061394565 0.993883491 1.526883602
0.985540330 -0.113786533 0.125550255 2.295071840 0.122612745 0.990327358 -0.064945288 -1.280995846 -0.116945952 0.079400264 0.989959240 1.495780826
0.982677460 -0.104884431 0.152788281 2.275885820 0.118425727 0.989539564 -0.082381926 -1.263551831 -0.142549455 0.099048920 0.984819233 1.456099868
0.978861332 -0.094928637 0.181160286 2.257511377 0.113456473 0.989010572 -0.094793059 -1.245560646 -0.170170859 0.113343067 0.978874445 1.414407015
0.973797798 -0.091440380 0.208222285 2.239086866 0.114569128 0.988180339 -0.101850666 -1.226606846 -0.196447894 0.123037793 0.972764075 1.371239781
0.967623591 -0.092347376 0.234896854 2.220600605 0.118864976 0.987726092 -0.101332344 -1.207356215 -0.222655967 0.125972569 0.966723979 1.324660063
0.959991157 -0.097780772 0.262404203 2.201996565 0.126272500 0.987534583 -0.093971767 -1.186912537 -0.249944583 0.123346485 0.960371494 1.275885105
0.950883567 -0.106916718 0.290498257 2.183343887 0.134468213 0.987957537 -0.076538987 -1.164324164 -0.278816640 0.111842446 0.953809500 1.226462960
0.940155029 -0.119894795 0.318957359 2.163827419 0.143716976 0.988244236 -0.052141432 -1.140698433 -0.308956295 0.094860613 0.946333706 1.173968554
0.927344203 -0.132070974 0.350128531 2.144239902 0.151850954 0.987962365 -0.029523334 -1.116622090 -0.342014670 0.080545634 0.936236262 1.119848967
0.912339687 -0.146197423 0.382443041 2.128327847 0.161345914 0.986868262 -0.007647326 -1.092769980 -0.376302868 0.068682574 0.923947453 1.072509527
0.894907117 -0.159847975 0.416641176 2.108357906 0.171350658 0.985160172 0.009919664 -1.064902306 -0.412043929 0.062514558 0.909016907 1.017777801
0.874788523 -0.172037795 0.452932686 2.088293552 0.181087479 0.983181536 0.023692563 -1.034402370 -0.449391097 0.061294451 0.891229868 0.963323951
0.852156997 -0.186740324 0.488831848 2.069750071 0.193273380 0.980423808 0.037610870 -1.001543641 -0.486285836 0.062427815 0.871566892 0.913817942
0.827263415 -0.200809628 0.524700642 2.048763275 0.204762310 0.977468908 0.051253587 -0.965226471 -0.523170829 0.065038688 0.849742532 0.860699952
0.800144434 -0.214743838 0.560048163 2.027470827 0.217476591 0.974044740 0.062775716 -0.926411688 -0.558992684 0.071567729 0.826078236 0.808333278
0.771463037 -0.230167180 0.593184531 2.007782698 0.230960965 0.969990194 0.076000087 -0.885674238 -0.592875898 0.078371219 0.801471233 0.763071060
0.742339253 -0.245093092 0.623587847 1.985781431 0.241022989 0.966074288 0.092781313 -0.841339588 -0.625172257 0.081423782 0.776227951 0.712779403
0.712893128 -0.261172712 0.650824249 1.963100195 0.249671400 0.961776376 0.112473883 -0.793922424 -0.655322492 0.082310326 0.750851154 0.663199008
0.683714867 -0.277566642 0.674900591 1.937722564 0.257101446 0.957161665 0.133193016 -0.746488631 -0.682958901 0.082451865 0.725788414 0.620159864
0.656072199 -0.290865690 0.696395338 1.914912343 0.262313098 0.953101635 0.150960565 -0.696461856 -0.707644761 0.083632573 0.701601386 0.572613358
0.631102026 -0.298251957 0.716069877 1.892511606 0.266510457 0.950302601 0.160926104 -0.649565816 -0.728479564 0.089279301 0.679225087 0.525254905
0.609080195 -0.309300721 0.730311096 1.869325638 0.273077130 0.946302950 0.173030734 -0.608506680 -0.744614065 0.094041675 0.660837352 0.484105766
0.590000510 -0.325477391 0.738893688 1.847098112 0.287937075 0.939795196 0.184057668 -0.570512295 -0.754315317 0.104160771 0.648196697 0.436900020
0.573782921 -0.338064909 0.745979488 1.826239824 0.303303421 0.933783352 0.189883322 -0.537525594 -0.760776103 0.117306322 0.638325155 0.389642000
0.560182452 -0.346642107 0.752352893 1.804972410 0.316635996 0.928868294 0.192211598 -0.511961102 -0.765465438 0.130548418 0.630095124 0.346789122
0.549029350 -0.349026769 0.759438694 1.786383390 0.327045411 0.925896764 0.189093947 -0.488796830 -0.769160688 0.144552797 0.622492075 0.299172699
0.541184604 -0.349188685 0.764974833 1.769118309 0.331489325 0.924629033 0.187552705 -0.469421595 -0.772809267 0.152080342 0.616147280 0.250680625
0.536453128 -0.346810222 0.769376814 1.749951243 0.332687378 0.924738288 0.184873596 -0.456942856 -0.775588214 0.156785920 0.611458123 0.200296164
0.535618544 -0.347507179 0.769643784 1.733626366 0.329909742 0.925083399 0.188096538 -0.443093777 -0.777349591 0.153164998 0.610137761 0.149725854
0.537867367 -0.355754673 0.764288783 1.718070507 0.328412414 0.923398733 0.198695958 -0.432593226 -0.776430249 0.144129843 0.613500297 0.098121881
0.540440440 -0.367763132 0.756752551 1.704670072 0.333798677 0.919322968 0.208383560 -0.431183368 -0.772335827 0.139984071 0.619598150 0.047417462
0.544167936 -0.382328004 0.746797621 1.691832423 0.334854811 0.915132523 0.224509999 -0.426751763 -0.769255221 0.127897605 0.626010120 -0.005950093
0.546745896 -0.401441991 0.734787941 1.681031227 0.343297422 0.907893956 0.240573213 -0.423499584 -0.763685703 0.120718405 0.634201288 -0.058857679
0.549357653 -0.422499478 0.720902503 1.674613237 0.352201164 0.899446666 0.258747041 -0.423370749 -0.757733881 0.111758009 0.642922699 -0.109324217
0.551657140 -0.438334674 0.709603548 1.670315266 0.363908857 0.892014682 0.268104702 -0.423560053 -0.750496387 0.110329099 0.651600122 -0.160718858
0.553235054 -0.449183792 0.701544702 1.669918418 0.371076614 0.886879861 0.275220484 -0.424154758 -0.745810449 0.108065218 0.657334566 -0.211412013
0.555213213 -0.448553830 0.700384021 1.675492883 0.373810798 0.886836767 0.271635771 -0.426896930 -0.742969632 0.110995345 0.660057783 -0.260383010
0.558964252 -0.441389591 0.701950312 1.684439421 0.367289931 0.890766323 0.267644346 -0.428698719 -0.743409157 0.108215667 0.660024405 -0.309832573
0.563694537 -0.429514050 0.705525517 1.697167635 0.352870107 0.897519529 0.264464319 -0.430144697 -0.746814132 0.099881724 0.657489538 -0.358707428
0.568287134 -0.420556068 0.707235754 1.713130116 0.338243425 0.902935624 0.265138865 -0.428596854 -0.750094116 0.088542812 0.655377030 -0.407229841
0.572185993 -0.411661506 0.709322214 1.731339455 0.322870314 0.908121943 0.266588241 -0.428950548 -0.753895164 0.076481044 0.652527928 -0.453818738
0.575224757 -0.409153759 0.708314776 1.751720190 0.305412173 0.910721481 0.278046519 -0.427862287 -0.758841276 0.056388676 0.648829997 -0.499206781
0.575455904 -0.412365317 0.706261516 1.775253296 0.295668721 0.910064757 0.290451646 -0.425419480 -0.762515903 0.041677341 0.645625651 -0.540496945
0.575065136 -0.416467488 0.704169631 1.801034451 0.287098050 0.908721507 0.302985042 -0.423946798 -0.766077518 0.027929604 0.642141104 -0.581318736
0.572777390 -0.426787704 0.699841738 1.829546571 0.289938778 0.904058218 0.314028978 -0.423417330 -0.766721368 0.023042545 0.641566396 -0.619435191
0.567489982 -0.440917283 0.695375562 1.861897707 0.304725021 0.897038043 0.320102155 -0.421912491 -0.764916897 0.030243546 0.643418670 -0.653051674
0.561937094 -0.452679664 0.692320704 1.896669865 0.319084734 0.890813947 0.323474109 -0.422264993 -0.763159037 0.039136797 0.645024538 -0.685896397
0.556620955 -0.454481691 0.695427656 1.935590982 0.330258280 0.889156342 0.316749871 -0.423068166 -0.762300968 0.053361103 0.645019412 -0.716463804
0.552734494 -0.451146185 0.700679541 1.981236458 0.335932553 0.890073299 0.308088988 -0.420834512 -0.762649298 0.065089636 0.643528819 -0.741198897
0.549570322 -0.445903450 0.706500292 2.027390003 0.341118127 0.891717196 0.297454029 -0.421096712 -0.762634277 0.077528112 0.642167032 -0.768181741
0.548140585 -0.435459912 0.714084446 2.076921225 0.339606762 0.896103740 0.285771519 -0.420938700 -0.764335811 0.085864931 0.639075935 -0.793874562
0.547339618 -0.424318790 0.721368790 2.125844240 0.334329188 0.901036263 0.276328832 -0.420620292 -0.767230988 0.089928918 0.635035038 -0.821590483
0.547771335 -0.414831489 0.726540685 2.180868626 0.329486042 0.905199707 0.268425882 -0.419896513 -0.769015908 0.092349038 0.632523656 -0.844578445
0.548660815 -0.408423126 0.729494214 2.237812757 0.322865367 0.908371985 0.265741050 -0.418270767 -0.771186948 0.089726701 0.630253792 -0.866480827
0.548605204 -0.407617897 0.729986310 2.296015978 0.326434761 0.908233523 0.261824697 -0.416530490 -0.769722462 0.094654493 0.631322324 -0.887863755
0.547204375 -0.409335405 0.730076730 2.356559992 0.342889577 0.905333340 0.250596017 -0.416266739 -0.763540566 0.113208421 0.635759175 -0.907185376
0.545048714 -0.407864362 0.732508540 2.419412851 0.360340029 0.902842999 0.234583795 -0.416276455 -0.757018566 0.136092514 0.639063239 -0.925918221
0.541821718 -0.401242226 0.738534927 2.484252453 0.369487792 0.902941108 0.219490722 -0.415488690 -0.754922509 0.153954789 0.637487233 -0.945481002
0.539862275 -0.389160991 0.746393025 2.551016808 0.364067256 0.907435656 0.209798843 -0.412126839 -0.758949220 0.158474743 0.631571054 -0.965168238
0.538533092 -0.378917336 0.752598107 2.618879795 0.354621232 0.912149251 0.205493331 -0.407163769 -0.764346778 0.156222254 0.625594676 -0.985088646
0.537581325 -0.377857745 0.753810167 2.689865351 0.341481984 0.914943814 0.215099573 -0.400737226 -0.770971060 0.141779065 0.620888352 -1.002233148
0.536887944 -0.382587701 0.751916289 2.758558750 0.330680877 0.915376306 0.229644105 -0.392988354 -0.776145339 0.125351146 0.617968917 -1.022179365
0.536632657 -0.388975710 0.748814702 2.828198433 0.319651037 0.914986134 0.246218741 -0.384924918 -0.780928135 0.107230298 0.615347862 -1.041666508
0.536294103 -0.397521526 0.744557083 2.900342464 0.314518601 0.912731409 0.260766983 -0.376513124 -0.783241093 0.094329275 0.614520311 -1.057136774
0.537166595 -0.398264468 0.743530333 2.972226620 0.302283883 0.913851380 0.271108925 -0.369486034 -0.787449300 0.079126582 0.611279428 -1.074961782
0.538727999 -0.393115073 0.745139420 3.045506954 0.286083668 0.917266488 0.277089089 -0.363244355 -0.792419255 0.063896529 0.606620908 -1.091469765
0.541269064 -0.374376565 0.752907693 3.124159575 0.261024088 0.925987780 0.272787601 -0.356605589 -0.799308598 0.048875563 0.598929763 -1.102101684
0.543204069 -0.352887303 0.761839807 3.200218201 0.233989492 0.935061812 0.266286165 -0.351916134 -0.806336343 0.033614755 0.590501308 -1.114029527
