1.000000000 0.000000000 0.000000000 0.000000477 0.000000000 1.000000000 0.000000000 0.000000119 0.000000000 0.000000000 1.000000000 -0.000000954
0.999998510 0.000959579 -0.001428275 0.023063511 -0.000960715 0.999999225 -0.000794988 0.006466895 0.001427511 0.000796359 0.999998689 -0.002466011
0.999999821 0.000318861 0.000494595 0.000235746 -0.000318223 0.999999106 -0.001287788 0.000065408 -0.000495006 0.001287630 0.999999046 0.000341145
0.999999821 -0.000557075 -0.000068110 0.000299200 0.000557044 0.999999762 -0.000456413 -0.000033501 0.000068364 0.000456375 0.999999881 0.000748345
0.999999940 0.000392241 -0.000069253 0.001071082 -0.000392246 0.999999940 -0.000075114 0.000162763 0.000069224 0.000075141 1.000000000 -0.000601444
0.999999821 0.000597906 -0.000064784 -0.001080922 -0.000597909 0.999999821 -0.000045450 -0.001271003 0.000064757 0.000045488 1.000000000 0.004247980
0.999999404 0.001062579 -0.000086886 0.001067831 -0.001062602 0.999999404 -0.000261282 0.000156833 0.000086608 0.000261374 0.999999940 -0.000285730
0.999999464 0.001026323 -0.000006057 -0.000266344 -0.001026325 0.999999464 -0.000208611 -0.000739910 0.000005843 0.000208617 1.000000000 0.002289528
0.999999881 0.000473660 -0.000201689 0.000925213 -0.000473637 0.999999881 0.000111370 0.000312188 0.000201742 -0.000111274 1.000000000 -0.000006286
1.000000000 0.000144482 -0.000163877 0.000463479 -0.000144469 1.000000000 0.000077521 0.000222530 0.000163888 -0.000077497 1.000000000 0.004120316
0.999999940 0.000028953 -0.000256798 0.000482048 -0.000028893 1.000000000 0.000234032 -0.000245441 0.000256804 -0.000234025 0.999999940 0.000105324
0.999999881 0.000479504 0.000052644 -0.000595751 -0.000479513 0.999999881 0.000169714 0.000313044 -0.000052562 -0.000169739 1.000000000 -0.001287308
1.000000000 -0.000094506 -0.000210993 0.000769554 0.000094582 0.999999940 0.000360397 0.000275030 0.000210959 -0.000360416 0.999999940 0.000168387
0.999999940 0.000341428 0.000218282 -0.000107859 -0.000341596 0.999999642 0.000769304 0.000889846 -0.000218020 -0.000769379 0.999999702 -0.000939708
0.999999702 0.000698608 0.000347808 0.000501504 -0.000698994 0.999999166 0.001112953 -0.000300378 -0.000347030 -0.001113196 0.999999344 0.000234287
0.999999940 0.000108601 0.000379329 0.000228252 -0.000109264 0.999998450 0.001747553 -0.000405550 -0.000379139 -0.001747594 0.999998391 0.000267136
0.999999821 -0.000535817 0.000172349 0.000493896 0.000535517 0.999998331 0.001735982 0.000108012 -0.000173279 -0.001735890 0.999998450 -0.000284945
0.999999404 0.000731361 0.000792547 -0.002464871 -0.000732653 0.999998391 0.001630551 -0.001716617 -0.000791354 -0.001631131 0.999998331 0.006220229
0.999999940 0.000128632 0.000260214 0.000612558 -0.000129016 0.999998927 0.001476841 0.000137871 -0.000260023 -0.001476875 0.999998868 -0.000750429
0.999999881 0.000194907 0.000379321 0.000246233 -0.000195363 0.999999285 0.001201848 -0.000198708 -0.000379086 -0.001201922 0.999999225 0.000956041
0.999999762 0.000428376 0.000492054 0.000755847 -0.000428985 0.999999166 0.001238001 0.000121400 -0.000491523 -0.001238212 0.999999106 -0.000953721
0.999999881 -0.000185862 0.000420791 0.000728074 0.000185237 0.999998868 0.001485170 0.000072507 -0.000421067 -0.001485092 0.999998808 -0.001323156
0.999999821 -0.000404574 0.000466443 0.000761476 0.000403807 0.999998569 0.001643136 0.000008853 -0.000467107 -0.001642948 0.999998569 -0.001147970
0.999999762 -0.000389526 0.000525548 0.000827453 0.000388644 0.999998510 0.001677780 -0.000054099 -0.000526201 -0.001677575 0.999998450 -0.001488599
0.999999762 -0.000416350 0.000499956 0.000983658 0.000415202 0.999997258 0.002293911 -0.000451363 -0.000500910 -0.002293703 0.999997258 -0.001441297
0.999999762 -0.000336606 0.000637696 0.001078726 0.000335155 0.999997377 0.002275018 -0.000528206 -0.000638461 -0.002274804 0.999997199 -0.001670423
0.999998868 -0.001156106 0.000974001 0.000919897 0.001153050 0.999994457 0.003132528 -0.000520943 -0.000977617 -0.003131401 0.999994636 -0.001480239
0.999996603 -0.002210781 0.001385385 0.000869468 0.002205258 0.999989688 0.003975543 -0.000703714 -0.001394160 -0.003972474 0.999991119 -0.001622614
0.999996483 -0.001901618 0.001833023 0.000856303 0.001893972 0.999989510 0.004163588 -0.000763024 -0.001840922 -0.004160102 0.999989629 -0.001341150
0.999993563 -0.002182185 0.002851203 0.000741600 0.002168403 0.999985993 0.004828235 -0.000691862 -0.002861699 -0.004822021 0.999984264 -0.001649179
0.999991179 -0.003418844 0.002432530 0.000025422 0.003408308 0.999984860 0.004322303 -0.000649759 -0.002447270 -0.004313975 0.999987721 0.000118232
0.999995291 -0.001440711 0.002713725 0.000331640 0.001430579 0.999992013 0.003732045 -0.000529544 -0.002719081 -0.003728145 0.999989331 -0.000258054
0.999995351 -0.001491461 0.002651565 0.000304878 0.001481491 0.999991834 0.003758042 -0.000512955 -0.002657149 -0.003754097 0.999989450 -0.000230537
0.999997437 -0.000172424 0.002257124 0.000277629 0.000165533 0.999995351 0.003052674 -0.000620789 -0.002257640 -0.003052293 0.999992788 -0.000427111
0.999958217 0.008113093 0.004219129 0.000676843 -0.008127150 0.999961436 0.003325442 -0.000741472 -0.004191986 -0.003359593 0.999985576 -0.001583006
0.999904752 0.012229815 0.006399856 0.000397462 -0.012242733 0.999923110 0.001983198 -0.001611248 -0.006375110 -0.002061361 0.999977529 -0.002294913
0.999926686 0.010580092 0.005886787 0.000608469 -0.010563855 0.999940336 -0.002782598 -0.003817303 -0.005915876 0.002720207 0.999978781 -0.001886933
0.999977410 -0.006704002 -0.000490900 0.000698718 0.006696913 0.999889851 -0.013243178 -0.007677110 0.000579628 0.013239590 0.999912202 -0.003684010
0.999203086 -0.039260108 -0.007200366 0.000648972 0.039008718 0.998718500 -0.032243561 -0.014904937 0.008457025 0.031936992 0.999454081 -0.007528065
0.996931970 -0.077476762 -0.011132913 0.002097877 0.076726817 0.995436072 -0.056745291 -0.022904981 0.015478544 0.055717006 0.998326600 -0.010585214
0.993674397 -0.111183934 -0.015789073 0.003381768 0.109741084 0.991231382 -0.073601782 -0.031175299 0.023833960 0.071403503 0.997162700 -0.009551592
0.992242694 -0.123092853 -0.017393585 0.004322538 0.121584274 0.990064144 -0.070641764 -0.035468142 0.025916260 0.067978986 0.997350097 -0.012368595
0.993515015 -0.111983918 -0.019685237 0.003218207 0.110855065 0.992513061 -0.051273499 -0.037068345 0.025279662 0.048758786 0.998490632 -0.015667055
0.996143043 -0.085152268 -0.021168286 0.002773022 0.084549099 0.996028066 -0.027921274 -0.037880156 0.023461765 0.026023824 0.999385953 -0.017222377
0.998373032 -0.053230505 -0.020440850 0.001752361 0.053042691 0.998545885 -0.009623479 -0.039520171 0.020923391 0.008523583 0.999744773 -0.018068114
0.999427557 -0.028536038 -0.018171933 0.001559391 0.028528819 0.999592781 -0.000656523 -0.042823061 0.018183265 0.000137723 0.999834657 -0.020061158
0.999719203 -0.018212777 -0.015159226 0.001873155 0.018159546 0.999828458 -0.003641800 -0.048272084 0.015222953 0.003365493 0.999878466 -0.022800086
0.999666750 -0.020724030 -0.015392265 0.001704777 0.020536313 0.999714017 -0.012255193 -0.055281844 0.015641840 0.011935008 0.999806404 -0.025436478
0.999568582 -0.023543786 -0.017560016 0.001148925 0.023335882 0.999656260 -0.011952149 -0.063161738 0.017835379 0.011537213 0.999774396 -0.028349385
0.999613464 -0.018842140 -0.020442700 0.000253035 0.018837789 0.999822497 -0.000405335 -0.071235538 0.020446708 0.000020083 0.999790967 -0.032324340
0.999662757 -0.011173401 -0.023441790 -0.001237878 0.011464497 0.999858379 0.012320360 -0.081496999 0.023300810 -0.012584953 0.999649286 -0.035985440
0.999676704 -0.003486810 -0.025185117 -0.002481601 0.003930329 0.999837697 0.017582353 -0.094311200 0.025119724 -0.017675657 0.999528170 -0.041138135
0.999596715 -0.006073910 -0.027740764 -0.003324108 0.006342287 0.999933839 0.009596722 -0.110592231 0.027680637 -0.009768791 0.999569058 -0.047642883
0.999375105 -0.018249774 -0.030270539 -0.004444841 0.018027442 0.999808609 -0.007601556 -0.129333228 0.030403472 0.007051106 0.999512851 -0.054115925
0.998949766 -0.030881159 -0.033848040 -0.004975763 0.030098744 0.999273300 -0.023386374 -0.149081796 0.034545638 0.022343028 0.999153316 -0.058438759
0.998549283 -0.036753919 -0.039350722 -0.006151721 0.035536941 0.998881459 -0.031191928 -0.168277919 0.040453132 0.029748274 0.998738468 -0.065757878
0.998440444 -0.033059247 -0.044986553 -0.007149227 0.031669796 0.999009550 -0.031255953 -0.187390313 0.045975298 0.029782493 0.998498499 -0.073001303
0.998297095 -0.028860871 -0.050695214 -0.008482434 0.027295459 0.999137104 -0.031304564 -0.206428856 0.051554944 0.029867506 0.998223424 -0.080853291
0.997826219 -0.034885526 -0.055909224 -0.009110067 0.032667868 0.998661518 -0.040100228 -0.226839975 0.057233304 0.038186621 0.997630239 -0.088735454
0.996894836 -0.051231630 -0.059799850 -0.009814182 0.048072055 0.997429848 -0.053130172 -0.248414963 0.062368102 0.050090492 0.996795475 -0.096807249
0.995799184 -0.064952396 -0.064537704 -0.010405216 0.060887747 0.996150017 -0.063069575 -0.269370377 0.068385750 0.058875080 0.995920241 -0.105513208
0.995033920 -0.069532946 -0.071222685 -0.011371573 0.064851403 0.995705903 -0.066060610 -0.288843364 0.075510241 0.061113659 0.995270491 -0.114103422
0.995310426 -0.059757058 -0.076067291 -0.012839835 0.055001732 0.996487498 -0.063146219 -0.307007909 0.079573534 0.058666259 0.995101154 -0.121482208
0.996052980 -0.044116572 -0.077020340 -0.013771633 0.039754465 0.997566402 -0.057279047 -0.324204713 0.079359852 0.053991068 0.995382845 -0.130136698
0.996432722 -0.036743980 -0.075972043 -0.015036422 0.032408889 0.997817695 -0.057527971 -0.341212213 0.077920057 0.054860581 0.995449007 -0.135235578
0.996482790 -0.037983578 -0.074694537 -0.015417344 0.032934155 0.997161448 -0.067708299 -0.359642118 0.077054314 0.065010160 0.994905174 -0.143757999
0.995906770 -0.050442204 -0.075002253 -0.015289889 0.044355012 0.995749235 -0.080721997 -0.378857017 0.078755230 0.077064849 0.993910789 -0.152051315
0.994045913 -0.074368358 -0.079636887 -0.015611037 0.066697508 0.993240654 -0.094997302 -0.397762030 0.086163387 0.089120105 0.992286980 -0.160765052
0.991819680 -0.094162777 -0.086180553 -0.017461898 0.085147783 0.991040707 -0.102899030 -0.414372534 0.095097691 0.094719201 0.990951419 -0.167853296
0.990867853 -0.099537298 -0.090957366 -0.016913645 0.089832351 0.990385771 -0.105195902 -0.428317189 0.100553803 0.096064322 0.990283072 -0.175627187
0.990087628 -0.103454210 -0.094993219 -0.016306998 0.092980541 0.989710689 -0.108753562 -0.438771278 0.105266824 0.098843038 0.989519536 -0.182115629
0.989985764 -0.108209752 -0.090657756 -0.014110020 0.096857645 0.987862825 -0.121431418 -0.446199477 0.102697492 0.111434482 0.988451123 -0.187378660
0.989955008 -0.114653245 -0.082727030 -0.010837954 0.102229550 0.984668314 -0.141341493 -0.453458607 0.097663939 0.131464556 0.986498237 -0.177237362
0.989647388 -0.121179447 -0.076899685 -0.008921592 0.107929841 0.981559992 -0.157769248 -0.453265458 0.094600044 0.147836164 0.984477162 -0.178639770
0.990344346 -0.118622571 -0.071741141 -0.010064865 0.105679184 0.980931401 -0.163111746 -0.442129880 0.089721881 0.153955251 0.983995795 -0.184061095
0.991416633 -0.109606221 -0.071270481 -0.009565497 0.097557858 0.983112574 -0.154829487 -0.432546020 0.087037176 0.146547541 0.985367119 -0.181089342
0.993250549 -0.091123104 -0.071762629 -0.006484164 0.080640778 0.987223387 -0.137430385 -0.419631511 0.083368830 0.130715802 0.987908423 -0.175386772
0.995115042 -0.068666786 -0.070928894 -0.006331547 0.060083568 0.991340339 -0.116766170 -0.404718846 0.078332625 0.111934111 0.990623415 -0.170347005
0.995982766 -0.053722624 -0.071639508 -0.009926855 0.046326924 0.993789375 -0.101175450 -0.391485691 0.076629996 0.097450159 0.992285907 -0.164549813
0.996324003 -0.046972886 -0.071638584 -0.009690445 0.040174194 0.994803071 -0.093556590 -0.376047194 0.075660914 0.090334646 0.993033290 -0.159529954
0.996418118 -0.048382774 -0.069354735 -0.008908771 0.041817568 0.994771361 -0.093173355 -0.359435409 0.073500089 0.089939371 0.993231416 -0.151103213
0.996526420 -0.049219981 -0.067175053 -0.007476036 0.042683758 0.994514883 -0.095489442 -0.342806876 0.071506582 0.092290461 0.993161261 -0.145603254
0.997320056 -0.039671242 -0.061472435 -0.004884910 0.033762015 0.994966328 -0.094351418 -0.329403937 0.064906038 0.092023127 0.993639231 -0.130224749
0.997523785 -0.036445610 -0.060150441 -0.004032533 0.031018026 0.995564342 -0.088822857 -0.310252607 0.063120835 0.086737156 0.994229555 -0.124513529
0.997671306 -0.033066891 -0.059653312 -0.002725522 0.028123856 0.996245384 -0.081879318 -0.290231436 0.062136829 0.080010965 0.994855404 -0.117547244
0.997794151 -0.027543198 -0.060400784 -0.001596942 0.022825424 0.996734738 -0.077452473 -0.269697189 0.062336847 0.075902946 0.995164752 -0.111095160
0.998012722 -0.022746587 -0.058764234 0.000821039 0.018152775 0.996822596 -0.077557601 -0.248784766 0.060341686 0.076336734 0.995254517 -0.103531010
0.998183250 -0.018496234 -0.057341930 0.002066343 0.014022864 0.996897161 -0.077455632 -0.226762623 0.058596645 0.076510809 0.995345414 -0.096536510
0.998605371 -0.007184146 -0.052303549 0.003731668 0.003165784 0.997063875 -0.076508828 -0.205618322 0.052699629 0.076236539 0.995696127 -0.088471301
0.998914719 0.003585391 -0.046438430 0.005538271 -0.006968789 0.997314751 -0.072902165 -0.183810502 0.046052348 0.073146664 0.996257365 -0.081433900
0.999085903 0.008148028 -0.041964043 0.006552388 -0.011148142 0.997359455 -0.071762353 -0.163238078 0.041268516 0.072164580 0.996538579 -0.074031934
0.999126256 0.013148304 -0.039671261 0.007900795 -0.015940815 0.997354865 -0.070916884 -0.145089105 0.038633887 0.071487315 0.996693015 -0.068378165
0.998905957 0.026336849 -0.038642704 0.009070018 -0.028822463 0.997453094 -0.065242857 -0.130110621 0.036825992 0.066285253 0.997120917 -0.063537031
0.998172641 0.044925980 -0.040410586 0.009228893 -0.047165655 0.997299671 -0.056292310 -0.119419187 0.037772477 0.058095433 0.997596204 -0.060834471
0.997108042 0.063418016 -0.041876599 0.009937137 -0.065236092 0.996917844 -0.043577690 -0.114027925 0.038983919 0.046183530 0.998171985 -0.059711244
0.996185958 0.074635997 -0.045199085 0.009122344 -0.076340720 0.996386051 -0.037241708 -0.116628908 0.042256165 0.040550198 0.998283565 -0.061501950
0.996011496 0.074739955 -0.048734590 0.008807112 -0.076723523 0.996242285 -0.040185049 -0.127259597 0.045548029 0.043763861 0.998003066 -0.065738000
0.996564090 0.062471449 -0.054381639 0.007922307 -0.065391377 0.996414781 -0.053680222 -0.145298377 0.050833188 0.057051871 0.997076273 -0.073027179
0.997037947 0.046720568 -0.061094448 0.007266268 -0.050938088 0.996287405 -0.069402292 -0.168520749 0.057625115 0.072308749 0.995716214 -0.082280986
0.997150302 0.038026076 -0.065156184 0.006228133 -0.043239761 0.995810449 -0.080572195 -0.193859681 0.061819367 0.083159931 0.994616926 -0.092783354
0.996867776 0.023685019 -0.075456418 0.007519605 -0.030065943 0.995962679 -0.084583603 -0.222403511 0.073148407 0.086587332 0.993555188 -0.110490434
0.996398628 0.007136547 -0.084491819 0.005998862 -0.015173389 0.995374620 -0.094863698 -0.250150681 0.083424017 0.095804080 0.991898179 -0.122217909
0.995415330 -0.018553667 -0.093830332 0.004585461 0.007866085 0.993562162 -0.113014631 -0.279040068 0.095323101 0.111758418 0.989152968 -0.134368300
0.993981481 -0.044537187 -0.100086272 0.003478425 0.030519247 0.990036964 -0.137460396 -0.307108164 0.105211213 0.133578524 0.985437632 -0.145625234
0.992346406 -0.066184029 -0.104251139 -0.000252751 0.049014304 0.985995948 -0.159403741 -0.329089373 0.113341190 0.153073937 0.981693506 -0.156856313
0.991124570 -0.078091986 -0.107581429 -0.003534190 0.059292726 0.983998656 -0.168020934 -0.351232439 0.118981071 0.160150886 0.979895532 -0.165409654
0.990643144 -0.080199793 -0.110427119 -0.007743993 0.062063500 0.985349119 -0.158856049 -0.369204015 0.121549480 0.150516167 0.981106818 -0.173314810
0.990242422 -0.080723345 -0.113594621 -0.013225952 0.063709125 0.987207115 -0.146161690 -0.382986814 0.123940080 0.137498483 0.982717156 -0.178790048
0.989775419 -0.085647643 -0.114057407 -0.010699806 0.069171771 0.987546980 -0.141302079 -0.398159444 0.124739230 0.131967783 0.983374119 -0.184966937
0.989094257 -0.093472354 -0.113822319 -0.015446131 0.075855561 0.985723257 -0.150318325 -0.405599147 0.126247913 0.140044928 0.982063591 -0.188714698
0.987883568 -0.107767828 -0.111678772 -0.018390935 0.088451557 0.982247353 -0.165428236 -0.409607351 0.127524018 0.153545663 0.979878247 -0.191166535
0.986468911 -0.117821224 -0.114005439 -0.020152550 0.096233048 0.979098201 -0.179181218 -0.409669220 0.132733867 0.165785611 0.977188230 -0.191713050
0.985709071 -0.118363671 -0.119865000 -0.019583963 0.094810717 0.977958262 -0.186033860 -0.405329227 0.139242619 0.172010794 0.975204468 -0.190531895
0.986886621 -0.103261918 -0.124063551 -0.016571663 0.079786405 0.980207860 -0.181181386 -0.397598654 0.140317202 0.168906912 0.975592911 -0.187190682
0.988830507 -0.083052732 -0.123759739 -0.010506960 0.061196007 0.983373642 -0.170971557 -0.386519909 0.135901719 0.161488280 0.977472365 -0.182811767
0.990067184 -0.072315946 -0.120570824 -0.002040447 0.052279033 0.985444307 -0.161760390 -0.375767887 0.130513683 0.153850347 0.979436696 -0.176791012
0.991889000 -0.065531105 -0.108912453 0.012208418 0.047855034 0.986336589 -0.157638952 -0.366293162 0.117754593 0.151148334 0.981472373 -0.167493179
0.993392289 -0.066027507 -0.093872912 0.026330253 0.050767053 0.986364782 -0.156547874 -0.355858713 0.102929406 0.150747806 0.983199179 -0.160822615
0.995578587 -0.060551945 -0.071810633 0.035145082 0.048969086 0.986962676 -0.153319046 -0.337564379 0.080158174 0.149124667 0.985564053 -0.156555012
0.997032881 -0.055069830 -0.053784572 0.054476522 0.046838809 0.988492131 -0.143838018 -0.324874043 0.061086766 0.140892029 0.988138556 -0.150772139
0.998097956 -0.049951356 -0.036129367 0.077674754 0.044702169 0.989997864 -0.133813262 -0.311920136 0.042452145 0.131943673 0.990347743 -0.142609105
0.998911679 -0.045015078 -0.012209633 0.100604929 0.043130752 0.991149783 -0.125546068 -0.299767077 0.017753042 0.124882817 0.992012680 -0.138858557
0.998746693 -0.048770130 0.011245763 0.126258940 0.049779668 0.991271675 -0.122075833 -0.289073378 -0.005193952 0.122482650 0.992457092 -0.137226924
0.997606456 -0.059955616 0.034448341 0.149759620 0.063668415 0.990808427 -0.119352415 -0.278807104 -0.026975859 0.121260017 0.992254138 -0.136629492
0.995827854 -0.076881915 0.049152981 0.177842230 0.082005054 0.990262151 -0.112499192 -0.277823418 -0.040025186 0.116060629 0.992435336 -0.131906673
0.993938684 -0.092509985 0.059395421 0.198913544 0.098336086 0.989692509 -0.104109101 -0.266990155 -0.049152073 0.109318770 0.992790759 -0.134127334
0.992069602 -0.103587046 0.071187325 0.219705403 0.110160172 0.989302635 -0.095629670 -0.255532652 -0.060519811 0.102713294 0.992868245 -0.136671871
0.990049720 -0.108993948 0.089004718 0.238991648 0.116807133 0.989259005 -0.087878689 -0.243927985 -0.078470476 0.097400665 0.992146909 -0.139547333
0.987958729 -0.109767489 0.109035067 0.256190002 0.119133256 0.989365458 -0.083446428 -0.232563019 -0.098715819 0.095431328 0.990529180 -0.140234768
0.986052096 -0.105066426 0.129082724 0.272393823 0.115615450 0.990294933 -0.077129677 -0.221585348 -0.119726226 0.090977833 0.988629699 -0.140173584
0.984197140 -0.104022913 0.143300995 0.283543676 0.114972375 0.990874171 -0.070354529 -0.215296328 -0.134674773 0.085718386 0.987175286 -0.137705669
0.982385278 -0.104934603 0.154621795 0.291428894 0.116594851 0.990824461 -0.068355732 -0.209387958 -0.146030173 0.085179769 0.985606194 -0.133958057
0.981244206 -0.105327502 0.161449611 0.291778624 0.117848277 0.990559936 -0.070020176 -0.209926471 -0.152550459 0.087733455 0.984393835 -0.120717168
0.981370687 -0.102052890 0.162778482 0.288604468 0.114481814 0.991034985 -0.068873383 -0.209999576 -0.154290453 0.086225487 0.984255850 -0.112872638
0.982670665 -0.093926594 0.159800261 0.280736983 0.105012372 0.992512167 -0.062385932 -0.212402493 -0.152743995 0.078085825 0.985176086 -0.102901742
0.984076500 -0.084048994 0.156618014 0.270386338 0.093968891 0.993939996 -0.057036396 -0.216321900 -0.150875047 0.070845395 0.986010969 -0.091936678
0.984273255 -0.080544382 0.157221898 0.257262349 0.090990201 0.994018257 -0.060402721 -0.223392680 -0.151416346 0.073758438 0.985714376 -0.079017863
0.983293116 -0.087484688 0.159627765 0.242507219 0.100632116 0.992000222 -0.076215088 -0.232847795 -0.151683122 0.091005459 0.984230757 -0.065857396
0.982190549 -0.095930949 0.161551908 0.226147994 0.111219943 0.989856243 -0.088400856 -0.244102672 -0.151432797 0.104794279 0.982896864 -0.051535405
0.981696844 -0.105507649 0.158554167 0.207152709 0.120432325 0.988844514 -0.087650657 -0.252928227 -0.147537589 0.105141416 0.983452082 -0.037354793
0.981646478 -0.114528500 0.152490884 0.186781093 0.128054753 0.988369286 -0.082024872 -0.262880772 -0.141323119 0.100046605 0.984895170 -0.015088024
0.981494069 -0.121673182 0.147868082 0.165645584 0.133980528 0.988041997 -0.076303743 -0.270268083 -0.136815742 0.094703116 0.986059189 -0.001911718
0.980939984 -0.129308209 0.145038307 0.144635111 0.141458020 0.986960232 -0.076805733 -0.278615475 -0.133215427 0.095858641 0.986440480 0.011195102
0.979957581 -0.139613539 0.142095700 0.123145804 0.151720017 0.985323668 -0.078219526 -0.285762012 -0.129089758 0.098210581 0.986757576 0.021255855
0.979518294 -0.149201855 0.135213584 0.100324355 0.161004320 0.983627021 -0.080965936 -0.292291582 -0.120919466 0.101077586 0.987502813 0.031143973
0.979483366 -0.153494403 0.130582467 0.077696428 0.164398208 0.983366549 -0.077223696 -0.297844112 -0.116557024 0.097106852 0.988425374 0.037656859
0.980118752 -0.153610483 0.125582710 0.054577537 0.163202897 0.984107077 -0.069986254 -0.303272009 -0.112836212 0.089090303 0.989611506 0.043136649
0.981077909 -0.153167814 0.118430577 0.031283248 0.161026627 0.985133231 -0.059857387 -0.307620138 -0.107501678 0.077795237 0.991156518 0.046438452
0.982269824 -0.148891881 0.113917381 0.005873121 0.155177161 0.986700058 -0.048405431 -0.310161859 -0.105195105 0.065224566 0.992310286 0.049342509
0.983291388 -0.142821595 0.112871535 -0.015684472 0.148328140 0.988047957 -0.041952103 -0.316026151 -0.105530821 0.057993166 0.992723525 0.050909031
0.983653843 -0.139522329 0.113835804 -0.036152691 0.145165399 0.988479197 -0.042847563 -0.322200686 -0.106546126 0.058672193 0.992575169 0.052075002
0.983511925 -0.139544532 0.115028664 -0.054523461 0.146117076 0.987962246 -0.050797366 -0.328071564 -0.106555492 0.066767469 0.992062509 0.052156277
0.983278275 -0.140496731 0.115864351 -0.072495528 0.147751570 0.987405717 -0.056563012 -0.331582993 -0.106458202 0.072736315 0.991653204 0.053196739
0.984297156 -0.133554086 0.115422569 -0.087878659 0.140468404 0.988613129 -0.053969935 -0.332404226 -0.106900357 0.069335677 0.991849244 0.053557836
0.985800564 -0.124542326 0.112634063 -0.102182277 0.130401075 0.990383923 -0.046209294 -0.331194222 -0.105795950 0.060240749 0.992561460 0.055564418
0.987239420 -0.116903536 0.108129084 -0.113179781 0.121774487 0.991768479 -0.039576173 -0.328108251 -0.102612421 0.052238524 0.993348777 0.055588834
0.988082230 -0.111153193 0.106482193 -0.123819418 0.115344144 0.992742717 -0.034024220 -0.322934210 -0.101927519 0.045900825 0.993732333 0.055897824
0.988556743 -0.107188731 0.106142141 -0.127092972 0.110702708 0.993465483 -0.027770262 -0.317291111 -0.102471896 0.039202701 0.993963122 0.054623328
0.988725305 -0.103955023 0.107775807 -0.125529021 0.107644863 0.993766725 -0.028987609 -0.311123997 -0.104090601 0.040262297 0.993752539 0.054106344
0.988297224 -0.104452625 0.111167677 -0.121303342 0.108846620 0.993469954 -0.034202985 -0.304210067 -0.106869154 0.045902938 0.993212938 0.052300669
0.987764895 -0.103550725 0.116609640 -0.114627428 0.108539455 0.993393660 -0.037259635 -0.296882778 -0.111981012 0.049460504 0.992478669 0.050116926
0.987328529 -0.097595684 0.125129983 -0.105010740 0.102633215 0.994122565 -0.034449168 -0.288676143 -0.121032454 0.046855137 0.991542101 0.046816025
0.987057090 -0.092191882 0.131221056 -0.093498535 0.096758567 0.994889736 -0.028848032 -0.280600786 -0.127890915 0.041171413 0.990933299 0.044101916
0.986685574 -0.090708733 0.134994641 -0.079901472 0.094090655 0.995384753 -0.018873326 -0.274028033 -0.132659629 0.031323772 0.990666568 0.039991669
0.985977888 -0.084571838 0.143858120 -0.065850243 0.087141246 0.996127903 -0.011643220 -0.270690382 -0.142316416 0.024015933 0.989529848 0.034082420
0.984538853 -0.084571846 0.153397784 -0.047029991 0.087821089 0.996030450 -0.014518716 -0.268234849 -0.151560977 0.027765799 0.988057852 0.029131688
0.981964886 -0.094206691 0.163921058 -0.027638340 0.099155173 0.994823098 -0.022254005 -0.265652746 -0.160975993 0.038106274 0.986222386 0.023788530
0.979345083 -0.107967705 0.170956716 -0.008810047 0.114557087 0.992989480 -0.029130913 -0.262032360 -0.166613027 0.048113517 0.984847784 0.017778957
0.977578044 -0.117883295 0.174484059 0.007800175 0.124562860 0.991822183 -0.027799934 -0.256253511 -0.169780001 0.048910834 0.984267473 0.009638693
0.977340817 -0.113710456 0.178535432 0.024352634 0.119607888 0.992564201 -0.022587856 -0.249818668 -0.174639404 0.043430276 0.983674169 0.001683278
0.977464437 -0.100686423 0.185541183 0.040112808 0.104426287 0.994477510 -0.010469903 -0.243318051 -0.183462352 0.029609334 0.982580721 -0.007839608
0.977532923 -0.089712597 0.190738067 0.055329036 0.090909220 0.995856106 0.002485466 -0.239141345 -0.190170631 0.014910222 0.981637836 -0.018834909
0.976524234 -0.082733415 0.198885918 0.074131571 0.082792006 0.996534467 0.008036273 -0.242434144 -0.198861539 0.008618549 0.979989707 -0.031912111
0.974538803 -0.077744119 0.210309356 0.092148893 0.079201914 0.996857464 0.001495270 -0.245443046 -0.209764689 0.015199704 0.977633774 -0.044057533
0.971808672 -0.079935305 0.221806705 0.110155508 0.085180245 0.996264875 -0.014166237 -0.246761233 -0.219845831 0.032660421 0.974987745 -0.056629956
0.968965590 -0.090696171 0.229956284 0.131327838 0.100101933 0.994538367 -0.029546969 -0.250794828 -0.226020560 0.051649064 0.972752333 -0.069050439
0.966734529 -0.101794362 0.234653488 0.156024575 0.114999950 0.992423058 -0.043261062 -0.255847842 -0.228471801 0.068807103 0.971115947 -0.081572995
0.964665413 -0.106434278 0.241023526 0.177526355 0.121125840 0.991526723 -0.046939354 -0.252624094 -0.233985320 0.074474946 0.969383478 -0.092786863
0.962546170 -0.102203265 0.251116276 0.198162347 0.117839903 0.991871774 -0.048000921 -0.247214541 -0.244169295 0.075794615 0.966766000 -0.101824395
0.960387945 -0.096571140 0.261398196 0.217291668 0.111962460 0.992710769 -0.044607025 -0.238438815 -0.255185068 0.072106831 0.964199781 -0.109988831
0.959142506 -0.094195448 0.266782403 0.237593621 0.108526714 0.993310034 -0.039460275 -0.233061209 -0.261280656 0.066801041 0.962948620 -0.117107071
0.957761049 -0.090366818 0.272997499 0.250157744 0.103332438 0.994083762 -0.033464029 -0.224617913 -0.268358350 0.060260043 0.961432517 -0.122840412
0.956051707 -0.092473105 0.278233409 0.257981062 0.104535371 0.994104028 -0.028800737 -0.220434487 -0.273929656 0.056620222 0.960081637 -0.127619207
0.953826964 -0.104717813 0.281510741 0.259726703 0.115605853 0.993044734 -0.022302929 -0.219509557 -0.277217239 0.053817425 0.959298849 -0.130825669
0.952674270 -0.116857260 0.280635148 0.258045107 0.127886906 0.991561055 -0.021249836 -0.223592088 -0.275783688 0.056133732 0.959579229 -0.133494779
0.953633845 -0.126878828 0.272917956 0.249807835 0.138624430 0.990051448 -0.024111243 -0.228913337 -0.267143637 0.060826398 0.961735129 -0.135180399
0.955717146 -0.134050801 0.261983067 0.238425836 0.146090850 0.988904238 -0.026941113 -0.236450404 -0.255464703 0.064021409 0.964696348 -0.136992395
0.958565235 -0.139077544 0.248616397 0.223135367 0.150709659 0.988173306 -0.028285861 -0.244259283 -0.241742164 0.064582735 0.968188941 -0.137948409
0.961887300 -0.146146804 0.231114641 0.206855208 0.158014625 0.986864984 -0.033598505 -0.254957825 -0.223168626 0.068837464 0.972346246 -0.133218795
0.964249313 -0.158059850 0.212697908 0.186363593 0.171129003 0.984248281 -0.044386327 -0.263897806 -0.202331856 0.079198264 0.976109326 -0.132233858
0.965075910 -0.173800126 0.196015269 0.167905062 0.188931599 0.980081677 -0.061194342 -0.268648595 -0.181475401 0.096090659 0.978689551 -0.129732326
0.964856505 -0.188366354 0.183221236 0.145638794 0.205734849 0.975269854 -0.080758035 -0.272437871 -0.163478062 0.115614906 0.979749024 -0.125012577
0.964727640 -0.197688878 0.173838034 0.123830907 0.216180205 0.971757293 -0.094624907 -0.271785319 -0.150222078 0.128867596 0.980217576 -0.117116198
0.965629280 -0.202014759 0.163554549 0.102470361 0.220014378 0.970306575 -0.100492984 -0.265881300 -0.138396978 0.133023322 0.981402636 -0.109331399
0.967777729 -0.197055429 0.156765446 0.083329611 0.213655800 0.972073257 -0.097081318 -0.255795807 -0.133257106 0.127446994 0.982852876 -0.098809063
0.970791936 -0.186019257 0.151524991 0.065435044 0.200858518 0.975547612 -0.089234173 -0.241813451 -0.131220579 0.117062911 0.984417319 -0.089598991
0.974131644 -0.173702866 0.144550353 0.043516528 0.186133325 0.979475200 -0.077348381 -0.223697305 -0.128147840 0.102253139 0.986469686 -0.071265183
0.977444410 -0.159810483 0.138068780 0.028902989 0.169743717 0.983448565 -0.063371703 -0.205641896 -0.125656083 0.085378632 0.988393188 -0.062464740
0.979994893 -0.148644745 0.132343382 0.016127251 0.156855047 0.986150682 -0.053882875 -0.187146872 -0.122501105 0.073563673 0.989738286 -0.053183638
0.981474340 -0.143775046 0.126636863 0.005286255 0.150595099 0.987525344 -0.045987509 -0.168739691 -0.118445247 0.064206444 0.990882576 -0.045383561
0.982660532 -0.135143101 0.126943544 -0.003635995 0.140974581 0.989280045 -0.038093936 -0.149510920 -0.120434582 0.055329215 0.991178155 -0.037360724
0.983681738 -0.124898046 0.129501730 -0.011085398 0.129329830 0.991251111 -0.026363079 -0.131262898 -0.125076026 0.042681318 0.991228700 -0.029830525
0.984893203 -0.111105502 0.132819265 -0.017332133 0.113794312 0.993421793 -0.012803990 -0.113529012 -0.130522966 0.027724642 0.991057575 -0.022566427
0.986019194 -0.095795646 0.136342704 -0.022259764 0.096263126 0.995350838 0.003175684 -0.096881755 -0.136013031 0.009993491 0.990656614 -0.015819218
0.986527741 -0.078926422 0.143295765 -0.026819414 0.077505030 0.996871710 0.015483044 -0.079122245 -0.144069523 -0.004168309 0.989558816 -0.010224426
0.986239016 -0.072201602 0.148726434 -0.029751029 0.070019163 0.997347832 0.019865220 -0.066995539 -0.149766296 -0.009178154 0.988678813 -0.004691625
0.985117853 -0.070520781 0.156747207 -0.032798301 0.068396978 0.997478962 0.018908899 -0.059255540 -0.157685503 -0.007906458 0.987457752 -0.011124999
0.983870447 -0.072198935 0.163665205 -0.034322489 0.070632868 0.997383893 0.015375704 -0.050721910 -0.164347142 -0.003567560 0.986396134 -0.007344140
0.982935488 -0.076661155 0.167215124 -0.033987552 0.074641511 0.997041762 0.018339122 -0.044841830 -0.168126360 -0.005544983 0.985749841 -0.006676509
0.982579291 -0.073484704 0.170698449 -0.035014056 0.070170835 0.997212231 0.025374785 -0.037321117 -0.172087237 -0.012954689 0.984996557 -0.004314322
0.982657790 -0.065507345 0.173471689 -0.037176602 0.059703074 0.997474432 0.038474374 -0.023891374 -0.175553918 -0.027450353 0.984087050 0.009288670
0.982883751 -0.055911180 0.175537810 -0.038098164 0.046840798 0.997364938 0.055399977 -0.017712839 -0.178172722 -0.046229407 0.982912660 0.010914458
0.983479142 -0.049128283 0.174227551 -0.039176065 0.037559021 0.996903062 0.069091387 -0.018491367 -0.177082315 -0.061406124 0.982278526 0.000171236
0.983806133 -0.043154214 0.173963100 -0.040150374 0.030809801 0.996852458 0.073047191 -0.015405769 -0.176567852 -0.066504508 0.982039154 0.001613489
0.983912170 -0.041566223 0.173750162 -0.040368360 0.029874407 0.997143328 0.069373690 -0.013052406 -0.176137418 -0.063066937 0.982343197 0.001674761
0.983119667 -0.049444165 0.176156074 -0.040094465 0.040719654 0.997774303 0.052804459 -0.013670592 -0.178374887 -0.044740092 0.982944906 0.002337511
0.982385874 -0.056238450 0.178199872 -0.039815176 0.049522445 0.997892976 0.041918129 -0.011855904 -0.180181816 -0.032354884 0.983101070 0.002598703
0.982208252 -0.060768068 0.177691326 -0.039874367 0.055281460 0.997833431 0.035671405 -0.010790891 -0.179474011 -0.025213711 0.983439565 0.003722995
0.981893301 -0.062251505 0.178914070 -0.040165357 0.057964560 0.997894585 0.029094554 -0.011296469 -0.180348575 -0.018197075 0.983434439 0.005079363
0.981673241 -0.060967658 0.180556446 -0.040566076 0.057898771 0.998075068 0.022223663 -0.011428272 -0.181563824 -0.011362378 0.983313501 0.005115251
0.981543183 -0.060991697 0.181253836 -0.036324460 0.059648350 0.998136640 0.012858281 -0.010984892 -0.181700334 -0.001809466 0.983352304 0.006135551
0.981606662 -0.059010264 0.181565970 -0.036329534 0.057788197 0.998256505 0.012018221 -0.010556340 -0.181958616 -0.001304797 0.983305335 0.006200187
0.981599450 -0.058842413 0.181659341 -0.040643636 0.057708859 0.998266935 0.011524035 -0.009280264 -0.182022631 -0.000828633 0.983294010 0.003288635
0.981611788 -0.059792213 0.181282178 -0.040849842 0.058741018 0.998210788 0.011166872 -0.009448807 -0.181625530 -0.000312835 0.983367741 0.003905416
0.981611133 -0.059166599 0.181490809 -0.041377094 0.058106612 0.998248041 0.011156742 -0.008978395 -0.181832939 -0.000405767 0.983329356 0.003591272
0.981593430 -0.060302295 0.181212634 -0.041677333 0.059263542 0.998180151 0.011146313 -0.009098426 -0.181555003 -0.000201844 0.983380795 0.004070834
0.981562793 -0.061247025 0.181061432 -0.040992964 0.060272608 0.998122633 0.010884082 -0.008545856 -0.181388125 0.000229634 0.983411551 0.004409420
0.981612027 -0.060629711 0.181002289 -0.040939197 0.059654981 0.998160303 0.010829272 -0.008728669 -0.181325883 0.000167544 0.983423054 0.004819484
0.981715739 -0.060062610 0.180628702 -0.036818597 0.058978260 0.998194456 0.011372929 -0.009988273 -0.180985674 -0.000511817 0.983485579 0.008573732
0.981776595 -0.059309326 0.180546686 -0.036820043 0.058235027 0.998239517 0.011249846 -0.010156099 -0.180896059 -0.000530693 0.983502090 0.008884197
0.981626570 -0.063542537 0.179921076 -0.042233430 0.062676556 0.997978687 0.010499762 -0.008006608 -0.180224583 0.000969985 0.983624995 0.005617042
0.981656015 -0.060709029 0.180737123 -0.041895587 0.059683010 0.998155475 0.011114857 -0.007978591 -0.181078538 -0.000124032 0.983468652 0.005658549
0.981680155 -0.062569983 0.179969653 -0.041889198 0.061623059 0.998040497 0.010853168 -0.008164127 -0.180296078 0.000435941 0.983612299 0.004612993
0.981690049 -0.061353587 0.180334121 -0.041702211 0.060384244 0.998116076 0.010865334 -0.008327994 -0.180661023 0.000222949 0.983545423 0.005014899
0.981681764 -0.062015329 0.180152640 -0.041757401 0.060970958 0.998075187 0.011334174 -0.008101501 -0.180508777 -0.000142474 0.983573377 0.005126275
0.981676280 -0.062255632 0.180099890 -0.041793797 0.061248492 0.998060226 0.011153156 -0.008177913 -0.180444881 0.000082057 0.983585119 0.005475785
0.981682241 -0.061360646 0.180374235 -0.041493580 0.060333710 0.998115659 0.011179492 -0.008249043 -0.180720329 -0.000092062 0.983534515 0.004421900
0.981662273 -0.062765114 0.179999113 -0.041691009 0.061753482 0.998028338 0.011223945 -0.008401111 -0.180348694 0.000097449 0.983602762 0.004645785
0.981669605 -0.061216526 0.180491909 -0.041334406 0.060184032 0.998124480 0.011196510 -0.007902777 -0.180838808 -0.000128543 0.983512759 0.004305849
0.981661141 -0.062573560 0.180072188 -0.041500065 0.061531894 0.998040378 0.011370260 -0.008039032 -0.180430800 -0.000081559 0.983587682 0.004595587
0.981681883 -0.061787605 0.180230290 -0.041473858 0.060780257 0.998089314 0.011111727 -0.008228532 -0.180572480 0.000046261 0.983561695 0.004263197
0.981683910 -0.062365431 0.180020228 -0.041467991 0.061361995 0.998053372 0.011142900 -0.008327449 -0.180364743 0.000107593 0.983599782 0.004504200
0.981667936 -0.062034871 0.180221260 -0.041547146 0.061034013 0.998073995 0.011098901 -0.008282226 -0.180562675 0.000104192 0.983563483 0.005111330
0.981671333 -0.062003177 0.180213675 -0.041478936 0.061003659 0.998075962 0.011088691 -0.008305961 -0.180554464 0.000108243 0.983564973 0.005337850
0.981675446 -0.062463749 0.180032343 -0.041638352 0.061560083 0.998046994 0.010607757 -0.007541798 -0.180343330 0.000669430 0.983603477 0.006553362
0.981676757 -0.062218841 0.180109993 -0.041535463 0.061300162 0.998062372 0.010667592 -0.007530016 -0.180424735 0.000568644 0.983588636 0.006671377
0.981691122 -0.062031750 0.180096164 -0.036831528 0.060933832 0.998074055 0.011627560 -0.010174475 -0.180470601 -0.000440721 0.983580291 0.010102980
0.981693208 -0.061764725 0.180176362 -0.036691759 0.060650960 0.998090565 0.011689382 -0.010253935 -0.180554315 -0.000547518 0.983564854 0.010278333
0.981708407 -0.062307976 0.179906473 -0.036787093 0.061225317 0.998056889 0.011569880 -0.010192512 -0.180277780 -0.000343417 0.983615696 0.010559949
0.981699646 -0.061891302 0.180097967 -0.036603913 0.060797922 0.998082817 0.011590052 -0.010178549 -0.180470020 -0.000428369 0.983580410 0.010643912
0.981685758 -0.062024914 0.180127814 -0.036864318 0.060971066 0.998074591 0.011386697 -0.009713289 -0.180487260 -0.000195573 0.983577311 0.011285869
0.981677413 -0.062047318 0.180165499 -0.036804102 0.060974829 0.998073161 0.011490257 -0.009774547 -0.180531293 -0.000294166 0.983569205 0.011401452
0.981684029 -0.062095504 0.180112824 -0.036719963 0.061015468 0.998070180 0.011535890 -0.009746424 -0.180481568 -0.000334931 0.983578324 0.011421600
0.981678128 -0.062270958 0.180084273 -0.036666330 0.061164547 0.998059154 0.011695648 -0.009869498 -0.180463061 -0.000466589 0.983581662 0.011567773
0.981670022 -0.062426072 0.180074900 -0.036703452 0.061388616 0.998049617 0.011333922 -0.009434762 -0.180431217 -0.000071625 0.983587623 0.012903430
0.981668055 -0.062495124 0.180061683 -0.036602098 0.061453398 0.998045266 0.011363456 -0.009480778 -0.180419877 -0.000089741 0.983589709 0.013053827
0.981656551 -0.062514327 0.180117831 -0.036850076 0.061470296 0.998044074 0.011377747 -0.009972538 -0.180476800 -0.000097144 0.983579218 0.011526917
0.981646597 -0.062604770 0.180140510 -0.036797687 0.061568856 0.998038411 0.011341732 -0.010015889 -0.180497184 -0.000042527 0.983575523 0.011662807
0.981649637 -0.062602438 0.180124700 -0.036818825 0.061556678 0.998038530 0.011395192 -0.010189288 -0.180484772 -0.000098208 0.983577788 0.012165969
0.981639743 -0.062729917 0.180134267 -0.036801718 0.061680254 0.998030543 0.011428043 -0.010190879 -0.180496365 -0.000107496 0.983575642 0.012364971
0.981651187 -0.062394056 0.180188522 -0.037028693 0.061356153 0.998051584 0.011333372 -0.009862036 -0.180544570 -0.000069745 0.983566821 0.011491702
0.981639266 -0.062375180 0.180260122 -0.036986742 0.061331175 0.998052776 0.011364850 -0.009929304 -0.180617988 -0.000100618 0.983553290 0.011935133
0.981636763 -0.062521033 0.180223286 -0.037025344 0.061471716 0.998043656 0.011407084 -0.009908758 -0.180583894 -0.000118978 0.983559608 0.011923666
0.981641114 -0.062476352 0.180214852 -0.036981542 0.061428607 0.998046458 0.011394477 -0.010103399 -0.180574685 -0.000114940 0.983561277 0.012411973
0.981638312 -0.062595971 0.180188671 -0.037803609 0.061499938 0.998038888 0.011668416 -0.011294487 -0.180565700 -0.000372572 0.983562827 0.010621541
0.981637418 -0.062643416 0.180177078 -0.037774701 0.061544351 0.998035908 0.011689270 -0.011417497 -0.180555448 -0.000385744 0.983564734 0.011069532
0.981675208 -0.062446296 0.180039659 -0.037023652 0.061364897 0.998048306 0.011575337 -0.010750446 -0.180411115 -0.000315107 0.983591259 0.009308936
0.981670618 -0.062624119 0.180002868 -0.036929194 0.061544783 0.998037159 0.011580309 -0.010856754 -0.180374742 -0.000289812 0.983597934 0.009663006
