1.000000000 0.000000000 0.000000000 0.000000000 0.000000000 1.000000000 0.000000000 0.000000000 0.000000000 0.000000000 1.000000000 -0.000000060
0.999999702 -0.000630096 0.000457153 -0.001696654 0.000630703 0.999998927 -0.001326909 -0.005306333 -0.000456317 0.001327197 0.999998987 -0.003203147
0.999988914 -0.002645663 -0.003895753 0.001688805 0.002601876 0.999933898 -0.011202116 -0.015190072 0.003925132 0.011191855 0.999929667 -0.003505304
0.999935389 -0.006040432 -0.009627420 0.006159026 0.005777958 0.999617040 -0.027061606 -0.025526477 0.009787198 0.027004233 0.999587417 -0.008942767
0.999870360 -0.012106745 -0.010613203 -0.002329503 0.011563540 0.998690784 -0.049829759 -0.011439050 0.011202585 0.049700573 0.998701334 -0.009360363
0.999723494 -0.018960785 -0.013908030 -0.002956538 0.018055074 0.997876287 -0.062585279 -0.020804426 0.015065160 0.062316865 0.997942686 -0.014320177
0.999609411 -0.022932136 -0.015972072 -0.007456935 0.021756226 0.997291028 -0.070265472 -0.023351934 0.017540144 0.069890529 0.997400463 -0.015863840
0.999398947 -0.029129967 -0.018791959 -0.007922172 0.027631972 0.996757388 -0.075572006 -0.020408196 0.020932436 0.075007327 0.996963263 -0.023432903
0.999391377 -0.029371392 -0.018820407 -0.012742580 0.027956650 0.997050762 -0.071472116 -0.033111691 0.020864135 0.070902459 0.997265041 -0.026107062
0.999469638 -0.026363220 -0.019117510 -0.013213023 0.025077306 0.997593462 -0.064640805 -0.033584390 0.020775644 0.064127102 0.997725427 -0.027573673
0.999468207 -0.027160503 -0.018043634 -0.017584454 0.026166506 0.998240411 -0.053210959 -0.035138510 0.019457120 0.052710526 0.998420238 -0.035193700
0.999449790 -0.027997464 -0.017783277 -0.022680631 0.027126197 0.998503923 -0.047477409 -0.036942068 0.019085918 0.046968892 0.998713970 -0.043285359
0.999542058 -0.024991510 -0.017061623 -0.027867787 0.024472984 0.999251664 -0.029952217 -0.053819016 0.017797405 0.029520951 0.999405682 -0.055744391
0.999567151 -0.024991123 -0.015522092 -0.035001170 0.024736946 0.999560177 -0.016356731 -0.056534033 0.015924038 0.015965683 0.999745727 -0.067123137
0.999655902 -0.021747040 -0.014668273 -0.040251616 0.021819847 0.999750316 0.004821840 -0.072090775 0.014559750 -0.005140241 0.999880791 -0.075054012
0.999838352 -0.014612552 -0.010477204 -0.047840293 0.014727136 0.999831676 0.010944170 -0.077640899 0.010315517 -0.011096700 0.999885201 -0.080884054
0.999959528 -0.005340239 -0.007243108 -0.047654983 0.005351628 0.999984443 0.001553967 -0.079494067 0.007234697 -0.001592666 0.999972582 -0.084307924
0.999981940 0.003183936 -0.005099574 -0.046098702 -0.003215178 0.999976039 -0.006129919 -0.098202184 0.005079934 0.006146204 0.999968231 -0.092292659
0.999862313 0.016591076 -0.000226188 -0.050999310 -0.016592447 0.999697030 -0.018179327 -0.109169848 -0.000075495 0.018180579 0.999834716 -0.098463207
0.999587178 0.028305672 0.004926092 -0.060055770 -0.028172560 0.999283671 -0.025266791 -0.123108782 -0.005637756 0.025117578 0.999668598 -0.104641348
0.999192059 0.038023066 0.013019537 -0.078596830 -0.037581455 0.998760641 -0.032631580 -0.134656236 -0.014244153 0.032115925 0.999382675 -0.108965427
0.999158502 0.039283030 0.011797485 -0.079412200 -0.038856231 0.998650610 -0.034455761 -0.150251538 -0.013135091 0.033968359 0.999336600 -0.117249459
0.999167025 0.038303845 0.014075803 -0.096332446 -0.037859820 0.998815596 -0.030562907 -0.160149142 -0.015229808 0.030004542 0.999433756 -0.124176800
0.999392569 0.032465946 0.012668871 -0.108632267 -0.032194402 0.999259293 -0.021079648 -0.174130186 -0.013343859 0.020658977 0.999697506 -0.130089760
0.999369502 0.031203927 0.016937191 -0.136894301 -0.030977102 0.999428988 -0.013493388 -0.184795216 -0.017348567 0.012960215 0.999765515 -0.134766489
0.999659777 0.023802804 0.010664380 -0.142551899 -0.023722792 0.999689937 -0.007567281 -0.194933504 -0.010841195 0.007311718 0.999914527 -0.141519636
0.999837935 0.016134452 0.007987252 -0.162354842 -0.016115576 0.999867201 -0.002421916 -0.202100411 -0.008025267 0.002292805 0.999965191 -0.145875424
0.999948621 0.008273851 0.005855809 -0.183697447 -0.008258199 0.999962270 -0.002691976 -0.211150125 -0.005877861 0.002643480 0.999979258 -0.148855507
0.999963343 0.002305356 0.008246685 -0.219834119 -0.002256282 0.999979734 -0.005955162 -0.222732931 -0.008260247 0.005936337 0.999948263 -0.149872363
0.999955952 -0.009293067 -0.001328848 -0.223127350 0.009268745 0.999807954 -0.017267516 -0.226434633 0.001489061 0.017254436 0.999850035 -0.156160980
0.999886155 -0.014096592 -0.005383640 -0.241753250 0.013963815 0.999615610 -0.023951918 -0.241850421 0.005719210 0.023874015 0.999698639 -0.160045236
0.999844491 -0.016730061 -0.005579561 -0.266106129 0.016557137 0.999421179 -0.029718447 -0.258607686 0.006073523 0.029621445 0.999542713 -0.164346218
0.999917686 -0.012587405 0.002480366 -0.313367307 0.012648047 0.999577403 -0.026173795 -0.289985865 -0.002149858 0.026203012 0.999654353 -0.155736655
0.999836266 -0.017555207 -0.004391076 -0.321527690 0.017400306 0.999299705 -0.033125654 -0.298148751 0.004969529 0.033043824 0.999441564 -0.163683146
0.999830842 -0.017926145 -0.004122355 -0.343695998 0.017776839 0.999271214 -0.033779223 -0.314551890 0.004724881 0.033700224 0.999420822 -0.166880205
0.999753535 -0.021361565 -0.006042750 -0.366666496 0.021140991 0.999181986 -0.034472678 -0.328246564 0.006774198 0.034336429 0.999387383 -0.170918509
0.999796331 -0.020120423 0.001553015 -0.414709836 0.020159118 0.999309063 -0.031224500 -0.349803507 -0.000923692 0.031249449 0.999511182 -0.167493626
0.999644876 -0.026282758 -0.004397677 -0.427519560 0.026115894 0.999064744 -0.034462374 -0.355865508 0.005299330 0.034335289 0.999396324 -0.179140002
0.999704182 -0.024251312 0.001864460 -0.489308327 0.024297521 0.999222815 -0.031038199 -0.378612608 -0.001110294 0.031074319 0.999516487 -0.170363143
0.999674857 -0.025496043 0.000365918 -0.489707023 0.025495134 0.999194443 -0.030991031 -0.392661214 0.000424526 0.030990282 0.999519587 -0.180719361
0.999671042 -0.025636386 0.000740664 -0.516511202 0.025646962 0.999160588 -0.031943873 -0.403343916 0.000078883 0.031952359 0.999489367 -0.179914504
0.999672711 -0.025554784 0.001184521 -0.542061388 0.025579732 0.999149263 -0.032348029 -0.416281223 -0.000356867 0.032367744 0.999475956 -0.184923589
0.999650836 -0.026393939 0.001252550 -0.567996919 0.026420165 0.999164641 -0.031177554 -0.428508401 -0.000428605 0.031199761 0.999513090 -0.190151468
0.999640226 -0.026787305 0.001365794 -0.593566597 0.026816772 0.999159992 -0.030986438 -0.441119373 -0.000534603 0.031011915 0.999518871 -0.195887446
0.999577522 -0.029014161 0.001719621 -0.621377647 0.029051529 0.999167562 -0.028639156 -0.452378333 -0.000887248 0.028677013 0.999588311 -0.195177898
0.999615669 -0.027621247 0.002369548 -0.646985471 0.027680427 0.999157250 -0.030308891 -0.465238541 -0.001530382 0.030362833 0.999537766 -0.200721681
0.999609530 -0.027793346 0.002879109 -0.672668636 0.027866671 0.999170423 -0.029697711 -0.477828473 -0.002051322 0.029766345 0.999554753 -0.205674678
0.999575019 -0.029025942 0.002697546 -0.698338926 0.029091988 0.999156773 -0.028973157 -0.490382373 -0.001854298 0.029039321 0.999576569 -0.211083755
0.999555469 -0.029637469 0.003235382 -0.723475397 0.029717689 0.999152720 -0.028473645 -0.500534773 -0.002388754 0.028557137 0.999589324 -0.209703296
0.999544322 -0.030011691 0.003230156 -0.749029815 0.030092038 0.999136388 -0.028652906 -0.512603462 -0.002367444 0.028737053 0.999584198 -0.215041563
0.999563932 -0.029303193 0.003640774 -0.774410069 0.029394869 0.999164879 -0.028380666 -0.523967624 -0.002806089 0.028475311 0.999590576 -0.219371915
0.999524534 -0.030687634 0.002990605 -0.799903989 0.030762985 0.999085724 -0.029686645 -0.536146700 -0.002076857 0.029764529 0.999554753 -0.224396005
0.999404490 -0.034487013 0.001132934 -0.822015643 0.034504425 0.999103963 -0.024510587 -0.558533251 -0.000286622 0.024535080 0.999698937 -0.227544576
0.999296963 -0.037491143 -0.000188927 -0.847483933 0.037475958 0.999012530 -0.023865562 -0.570490777 0.001083487 0.023841701 0.999715149 -0.232931793
0.999053776 -0.043451864 -0.001883255 -0.876602232 0.043383773 0.998679996 -0.027497375 -0.571219325 0.003075581 0.027389655 0.999620080 -0.235651866
0.998658597 -0.051517863 -0.005190862 -0.901818633 0.051368099 0.998348176 -0.025732912 -0.582855046 0.006507993 0.025431748 0.999655366 -0.239694983
0.998040199 -0.061764929 -0.010045030 -0.921370924 0.061521795 0.997842133 -0.022939144 -0.603238463 0.011440189 0.022276198 0.999686420 -0.244658530
0.996911228 -0.077082232 -0.015044217 -0.945524454 0.076706722 0.996761978 -0.024118084 -0.614234388 0.016854579 0.022889595 0.999595940 -0.248478651
0.995288908 -0.094657920 -0.020973274 -0.968194604 0.094016485 0.995127261 -0.029709879 -0.625320613 0.023683352 0.027598079 0.999338508 -0.251682192
0.993030965 -0.114598699 -0.027507361 -0.989268303 0.113620646 0.992913842 -0.034820292 -0.637024343 0.031302799 0.031452227 0.999014974 -0.255587608
0.990625620 -0.132346421 -0.033841632 -1.005072594 0.131062597 0.990656912 -0.037702523 -0.648072183 0.038515240 0.032913715 0.998715818 -0.257357121
0.988748133 -0.144756943 -0.037716512 -1.020835996 0.143175781 0.988817692 -0.041717086 -0.658808708 0.043333594 0.035847601 0.998417318 -0.261696666
0.986541927 -0.157966182 -0.042210400 -1.033861160 0.156064406 0.986716628 -0.045102280 -0.668481469 0.048774339 0.037907746 0.998090208 -0.266224384
0.985064149 -0.166248679 -0.044833314 -1.043349624 0.163973123 0.985175848 -0.050412286 -0.678053319 0.052549671 0.042307880 0.997721672 -0.271250844
0.983283699 -0.175683632 -0.047837637 -1.046356320 0.172948703 0.983318031 -0.056341778 -0.690467358 0.056937940 0.047126498 0.997264862 -0.277914435
0.982246339 -0.181108907 -0.048904821 -1.048057318 0.177928731 0.982021928 -0.063042492 -0.699804366 0.059443161 0.053221688 0.996811926 -0.284241110
0.981512129 -0.184817687 -0.049762890 -1.044730902 0.181280807 0.981069505 -0.068116933 -0.708433092 0.061410069 0.057836536 0.996435523 -0.290813297
0.980535209 -0.189350411 -0.051933389 -1.038248420 0.185541555 0.980113149 -0.070374429 -0.716353416 0.064226024 0.059368804 0.996167839 -0.298736125
0.979693353 -0.192878991 -0.054760084 -1.027486682 0.189188391 0.979713619 -0.066098385 -0.724124312 0.066398188 0.054396175 0.996309340 -0.304229170
0.978375077 -0.198203221 -0.059141129 -1.012986541 0.194724455 0.979035616 -0.059763301 -0.730389953 0.069746554 0.046954703 0.996459067 -0.313461900
0.976769388 -0.204867065 -0.062857792 -0.993847370 0.201638937 0.977966607 -0.054064959 -0.736431897 0.072548956 0.040134415 0.996556997 -0.322456867
0.974195778 -0.215053737 -0.068516329 -0.970954895 0.212037027 0.976047218 -0.048704207 -0.742111921 0.077349201 0.032919437 0.996460438 -0.332413971
0.970547974 -0.228875175 -0.075185277 -0.942495406 0.226111010 0.973128140 -0.043536384 -0.751701474 0.083129309 0.025253933 0.996218741 -0.342208117
0.966576219 -0.243001908 -0.081734374 -0.910177350 0.240479052 0.969847798 -0.039561603 -0.757011652 0.088883445 0.018583901 0.995868623 -0.352874488
0.963527322 -0.253237337 -0.086521335 -0.872591197 0.250936300 0.967307985 -0.036690298 -0.761890411 0.092984132 0.013640759 0.995574117 -0.362981319
0.962452888 -0.256972790 -0.087460704 -0.829126179 0.254749060 0.966340780 -0.035894118 -0.766445160 0.093740664 0.012265869 0.995521069 -0.372898310
0.963022590 -0.255305320 -0.086061895 -0.780247986 0.253115028 0.966778994 -0.035652503 -0.773049712 0.092305109 0.012550607 0.995651662 -0.381937355
0.966583550 -0.242975533 -0.081725769 -0.725422025 0.241102308 0.969965100 -0.032208573 -0.776063740 0.087097041 0.011428006 0.996134281 -0.391108304
0.973009944 -0.219055757 -0.072568387 -0.664757907 0.217484131 0.975633204 -0.028991073 -0.778665304 0.077150792 0.012426130 0.996941984 -0.399798274
0.980469882 -0.186901718 -0.061208982 -0.598991036 0.185733229 0.982299566 -0.024304520 -0.779007733 0.064668112 0.012461309 0.997829020 -0.408526301
0.987568736 -0.149798900 -0.047625862 -0.530228078 0.149044335 0.988647223 -0.019038437 -0.785477042 0.049937114 0.011703400 0.998683810 -0.410896480
0.991803706 -0.122210696 -0.037282571 -0.460016698 0.121774852 0.992462456 -0.013753704 -0.787775159 0.038682401 0.009100894 0.999210119 -0.418809056
0.994476378 -0.100917049 -0.028853403 -0.388494849 0.100575216 0.994843662 -0.013066620 -0.790506601 0.030023271 0.010092506 0.999498248 -0.426236570
0.996043563 -0.085840337 -0.022993874 -0.316210210 0.085598670 0.996265650 -0.011297442 -0.793371975 0.023877781 0.009284498 0.999671757 -0.433145076
0.996327758 -0.082981631 -0.021095645 -0.241665348 0.082780942 0.996515393 -0.010216258 -0.799583256 0.021869898 0.008432424 0.999725282 -0.437263042
0.995711088 -0.089712806 -0.022604974 -0.169012964 0.089483671 0.995928049 -0.010954196 -0.803150058 0.023495657 0.008884439 0.999684453 -0.443314075
0.995042920 -0.096418045 -0.024355277 -0.096117921 0.096156187 0.995297432 -0.011705658 -0.806527197 0.025369380 0.009305722 0.999634862 -0.448954463
0.993281782 -0.112050526 -0.028912967 -0.022585606 0.111699052 0.993650317 -0.013502757 -0.810146093 0.030242370 0.010182492 0.999490738 -0.454830915
0.991834641 -0.122869879 -0.034161996 0.059817508 0.122541100 0.992396057 -0.011564598 -0.828099906 0.035323169 0.007283921 0.999349415 -0.451890409
0.990882158 -0.129998848 -0.035396323 0.136371210 0.129488036 0.991445839 -0.016370254 -0.831352055 0.037221648 0.011637592 0.999239266 -0.456697166
0.990315259 -0.134188414 -0.035625432 0.215250790 0.133384973 0.990772307 -0.024055706 -0.835247815 0.038524691 0.019070836 0.999075651 -0.460629642
0.991390228 -0.126937881 -0.032128721 0.295799881 0.125988111 0.991576731 -0.030043490 -0.838173330 0.035671748 0.025736984 0.999032080 -0.464744985
0.992085576 -0.121945232 -0.029926784 0.380725026 0.120855242 0.992021739 -0.035873458 -0.839869916 0.034062617 0.031972729 0.998908162 -0.465433240
0.993460536 -0.111445658 -0.024820477 0.464512199 0.110224761 0.992838264 -0.046073060 -0.842780292 0.029777359 0.043035936 0.998629689 -0.469513685
0.994581997 -0.102294482 -0.018506737 0.550799847 0.101010881 0.993044913 -0.060486790 -0.845669985 0.024565486 0.058289688 0.997997403 -0.473723501
0.995689392 -0.092259057 -0.009532650 0.637476981 0.091305651 0.993059695 -0.074133284 -0.848035097 0.016305957 0.072943337 0.997202754 -0.478659868
0.996140420 -0.087772101 0.000580040 0.728661418 0.087506950 0.992572784 -0.084509455 -0.850914121 0.006841839 0.084234037 0.996422529 -0.470055938
0.996597588 -0.081225015 0.013992517 0.816539526 0.082169242 0.992396295 -0.091639422 -0.851772487 -0.006442710 0.092477374 0.995693922 -0.476964861
0.996610940 -0.076960646 0.029045954 0.903620303 0.079339348 0.992560923 -0.092347875 -0.850261807 -0.021722727 0.094339386 0.995303094 -0.484846592
0.996130466 -0.075041130 0.045747973 0.991056502 0.078889981 0.992891908 -0.089118317 -0.847086132 -0.038735256 0.092382535 0.994969845 -0.494564682
0.995134056 -0.075723834 0.063040607 1.080845356 0.080727525 0.993437529 -0.081024118 -0.843612552 -0.056491449 0.085718967 0.994716525 -0.499481201
0.993631780 -0.077970162 0.081342407 1.167249680 0.083548307 0.994209111 -0.067586012 -0.836763442 -0.075601675 0.073951624 0.994392037 -0.511308789
0.991434813 -0.083892010 0.100095868 1.253993273 0.089565165 0.994538128 -0.053590730 -0.828695774 -0.095053330 0.062096819 0.993533492 -0.522838831
0.988808990 -0.089402363 0.119431868 1.339401126 0.094502419 0.994809270 -0.037733141 -0.819572091 -0.115438506 0.048597474 0.992125094 -0.535266995
0.985624671 -0.096200213 0.138886794 1.426726580 0.100310817 0.994692802 -0.022890311 -0.818475902 -0.135947630 0.036493100 0.990043700 -0.526760697
0.981740654 -0.103178144 0.159810990 1.510384440 0.106363207 0.994261026 -0.011482821 -0.807209671 -0.157709062 0.028271161 0.987080872 -0.538641691
0.977122366 -0.108952135 0.182650879 1.593112111 0.112927020 0.993537068 -0.011472912 -0.794729650 -0.180220410 0.031836659 0.983110905 -0.550434828
0.972040057 -0.115613617 0.204381093 1.674633145 0.120505072 0.992644846 -0.011608210 -0.779303968 -0.201535776 0.035912607 0.978822589 -0.561474085
0.967104912 -0.120942704 0.223787680 1.757749915 0.125532627 0.992069185 -0.006343935 -0.766760826 -0.221245602 0.034227904 0.974617302 -0.553978205
0.962313831 -0.126375496 0.240793109 1.836758137 0.130605876 0.991433024 -0.001623780 -0.744663000 -0.238525033 0.033011578 0.970575094 -0.563971400
0.958017945 -0.130030736 0.255526274 1.914548039 0.133797482 0.991005123 0.002664094 -0.720043302 -0.253574282 0.031636521 0.966798425 -0.573143184
0.954110682 -0.136067763 0.266755372 1.990794301 0.138954356 0.990265489 0.008117482 -0.692588925 -0.265263170 0.029321842 0.963730097 -0.581368625
0.950533330 -0.137362272 0.278600127 2.067027092 0.139046490 0.990189612 0.013806021 -0.673182309 -0.277763397 0.025615288 0.960307956 -0.572422206
0.947778821 -0.140824527 0.286153376 2.140598059 0.142792970 0.989652336 0.014087470 -0.641481578 -0.285176218 0.027508875 0.958080292 -0.578263164
0.945512652 -0.143685341 0.292164922 2.214682341 0.144008666 0.989363670 0.020519400 -0.608662605 -0.292005718 0.022672927 0.956147790 -0.578814268
0.943685889 -0.148654878 0.295564950 2.286666632 0.146133959 0.988787293 0.030732721 -0.574215889 -0.296819448 0.014190034 0.954828203 -0.580988169
0.942741573 -0.150280520 0.297748446 2.363844156 0.143439189 0.988643289 0.044828903 -0.557115555 -0.301103890 0.000446718 0.953591228 -0.562487543
0.942167461 -0.146349803 0.301499873 2.434315443 0.134719476 0.989117682 0.059133936 -0.525382042 -0.306873113 -0.015096169 0.951630712 -0.564134717
0.941894948 -0.142560422 0.304155290 2.504460812 0.126558900 0.989357233 0.071798898 -0.497400969 -0.311153948 -0.029133469 0.949912906 -0.562490761
0.941940010 -0.141127422 0.304683596 2.572730303 0.119555213 0.988881171 0.088434108 -0.471618563 -0.313776344 -0.046873115 0.948339224 -0.562548339
0.942218721 -0.136772811 0.305805594 2.644516945 0.110170983 0.988592088 0.102703676 -0.456921577 -0.316364080 -0.063078433 0.946538389 -0.546299636
0.942843378 -0.128790140 0.307342619 2.710556269 0.099173076 0.988951683 0.110178530 -0.440189987 -0.318136901 -0.073400989 0.945199013 -0.544094265
0.943227410 -0.126286924 0.307203054 2.774934530 0.096087821 0.989099145 0.111579709 -0.429806948 -0.317945361 -0.075726561 0.945080042 -0.537824631
0.944082260 -0.125597149 0.304850817 2.838043928 0.095578477 0.989153743 0.111533083 -0.421875566 -0.315552592 -0.076159231 0.945846915 -0.530991018
0.944727421 -0.126004905 0.302676141 2.903236866 0.096656375 0.989207208 0.110121071 -0.419572175 -0.313285232 -0.074778825 0.946710348 -0.510315895
0.945531070 -0.129386961 0.298713982 2.963889360 0.100364707 0.988784373 0.110600322 -0.414447725 -0.309673965 -0.074595690 0.947912216 -0.498362154
0.946212113 -0.127605602 0.297320366 3.024006128 0.099440612 0.989157915 0.108065829 -0.411474347 -0.307886600 -0.072687477 0.948642373 -0.481143892
0.947193682 -0.122119598 0.296497822 3.082505703 0.094654761 0.989921451 0.105337769 -0.408802629 -0.306373358 -0.071710333 0.949206531 -0.462556541
0.948071301 -0.112730511 0.297409862 3.151428461 0.086582921 0.991241753 0.099715605 -0.411639363 -0.306046039 -0.068786889 0.949528396 -0.430235684
0.948667765 -0.099521875 0.300208122 3.207292080 0.076186329 0.993159115 0.088490456 -0.412274539 -0.306961149 -0.061076298 0.949760258 -0.406595707
0.949048638 -0.082955129 0.304015011 3.261579990 0.062667809 0.995143473 0.075908944 -0.415419430 -0.308835596 -0.052989330 0.949638188 -0.380243868
0.949181795 -0.066379413 0.307648629 3.313459158 0.048243843 0.996639848 0.066193014 -0.419238031 -0.311008722 -0.047987051 0.949194789 -0.352959484
0.948817551 -0.049114667 0.311982334 3.371260405 0.032044537 0.997707188 0.059611201 -0.422632426 -0.314194798 -0.046562828 0.948215961 -0.314797461
0.948389053 -0.036588646 0.314991236 3.417591572 0.021006078 0.998388112 0.052724443 -0.428455859 -0.316412628 -0.043386556 0.947628975 -0.284053147
0.948255837 -0.027291587 0.316332191 3.461138725 0.012372544 0.998718441 0.049075864 -0.435344517 -0.317266136 -0.042622641 0.947378218 -0.250866055
0.947702289 -0.020340767 0.318506896 3.501218796 0.005865678 0.998908520 0.046340134 -0.443251431 -0.319101810 -0.042048391 0.946787179 -0.216847152
0.947235346 -0.012643394 0.320289522 3.545474052 -0.001719245 0.999006987 0.044520248 -0.449526101 -0.320534378 -0.042721804 0.946272969 -0.173067689
0.947135746 -0.007734095 0.320739806 3.578278542 -0.006111416 0.999093115 0.042138275 -0.459546357 -0.320774853 -0.041870844 0.946229517 -0.136232451
0.946705401 -0.002914206 0.322087556 3.608031750 -0.010804353 0.999109030 0.040796824 -0.469859004 -0.321919471 -0.042102523 0.945830464 -0.097683869
0.946807563 -0.002270251 0.321792334 3.633458138 -0.011886922 0.999045908 0.042023107 -0.481766999 -0.321580738 -0.043612912 0.945877254 -0.058099035
0.946516335 0.000477494 0.322655588 3.660553932 -0.014836308 0.999005616 0.042044185 -0.491621763 -0.322314650 -0.044582523 0.945582211 -0.010800999
0.947176933 -0.004949454 0.320673317 3.677878141 -0.009615339 0.998993158 0.043819983 -0.505779028 -0.320567340 -0.044588659 0.946175694 0.031501614
0.949338675 -0.025985043 0.313178688 3.691805124 0.012818088 0.998948038 0.044029184 -0.521197319 -0.313993305 -0.037784256 0.948673069 0.075984053
0.950954795 -0.046070542 0.305879921 3.702004194 0.037031587 0.998690724 0.035291158 -0.539302409 -0.307105333 -0.022233076 0.951415777 0.120867491
0.951715589 -0.061322052 0.300794065 3.715653658 0.056707349 0.998100936 0.024057420 -0.561330378 -0.301698089 -0.005838590 0.953385651 0.178075433
0.952168524 -0.078871787 0.295219243 3.721592665 0.080008626 0.996760070 0.008246616 -0.581263721 -0.294913173 0.015767913 0.955393970 0.223794192
0.952188671 -0.097842529 0.289419472 3.727145910 0.105297849 0.994387805 -0.010261941 -0.601778150 -0.286791146 0.040246550 0.957147360 0.271327257
0.951786637 -0.110089310 0.286325842 3.731222391 0.124646030 0.991650283 -0.033061396 -0.622061729 -0.280295402 0.067156777 0.957561731 0.317180872
0.951370895 -0.111972481 0.286976665 3.736692905 0.133624002 0.989394903 -0.056941882 -0.642056584 -0.277557343 0.092519820 0.956243694 0.369532138
0.950992048 -0.104096755 0.291166663 3.739495993 0.132801607 0.987862229 -0.080572493 -0.660692573 -0.279245198 0.115291201 0.953273356 0.412270308
0.950741947 -0.096124329 0.294703007 3.742169619 0.130453676 0.986490250 -0.099089846 -0.678168058 -0.281196713 0.132653967 0.950437427 0.452760160
0.950212836 -0.087330088 0.299113750 3.743323803 0.125913084 0.985674143 -0.112215534 -0.694571495 -0.285028934 0.144290969 0.947596252 0.490147740
0.949823856 -0.079916261 0.302403778 3.741949081 0.122486658 0.984628737 -0.124512032 -0.717630029 -0.287804931 0.155304924 0.945012569 0.533175409
0.949639857 -0.075627528 0.304080009 3.739721537 0.123185717 0.982405305 -0.140374854 -0.733585238 -0.288113594 0.170763865 0.942247450 0.563307643
0.949188828 -0.068621486 0.307134539 3.735709190 0.120828792 0.980603814 -0.154325992 -0.748256683 -0.290587217 0.183595210 0.939069688 0.590360045
0.948992074 -0.066676199 0.308169335 3.729697466 0.123183683 0.978109658 -0.167712033 -0.762417614 -0.290240973 0.197118819 0.936431706 0.612599075
0.948376954 -0.063384548 0.310746729 3.721297026 0.124009848 0.975928068 -0.179404378 -0.782503366 -0.291894972 0.208678633 0.933408022 0.638657212
0.948076785 -0.063844845 0.311567396 3.711291313 0.127541989 0.973743200 -0.188566342 -0.794951439 -0.291347653 0.218513295 0.931326210 0.651409030
0.947538078 -0.065793246 0.312798470 3.699572325 0.131274208 0.972350180 -0.193137884 -0.806024909 -0.291442484 0.224067867 0.929975748 0.660033703
0.946994901 -0.071541391 0.313181281 3.685710430 0.136392891 0.972197294 -0.190340295 -0.815485120 -0.290856779 0.222966984 0.930423617 0.663100004
0.946511686 -0.079728544 0.312664390 3.668877363 0.141254127 0.973592162 -0.179347575 -0.827141345 -0.290108502 0.213919699 0.932778358 0.668377757
0.946165860 -0.092164442 0.310283571 3.651571274 0.147529483 0.976037621 -0.159954965 -0.832383990 -0.288106292 0.197119892 0.937090456 0.662284911
0.945603549 -0.100839674 0.309298128 3.633576155 0.149334610 0.979206979 -0.137305826 -0.836742461 -0.289020985 0.176025778 0.941000402 0.653934121
0.945194900 -0.107237183 0.308393925 3.614558697 0.150029615 0.981552899 -0.118511617 -0.839830399 -0.289996117 0.158284783 0.943847537 0.641156852
0.944718897 -0.109212704 0.309158146 3.591879606 0.148166090 0.983330607 -0.105392985 -0.851175010 -0.292494416 0.145373493 0.945152640 0.633163512
0.944400966 -0.105920322 0.311267972 3.571493387 0.143465593 0.984564960 -0.100246757 -0.853889406 -0.295845389 0.139329374 0.945020020 0.614784062
0.944190741 -0.108043879 0.311175883 3.549730301 0.144463032 0.984802842 -0.096404418 -0.855914950 -0.296030998 0.135977566 0.945450008 0.594360411
0.944041133 -0.109034516 0.311284095 3.527060270 0.142570570 0.985951364 -0.087025836 -0.855643749 -0.297422141 0.126535922 0.946323812 0.571652174
0.943824947 -0.112452641 0.310723096 3.502386093 0.142213389 0.987007976 -0.074770391 -0.860173583 -0.298278064 0.114759147 0.947555006 0.553955197
0.943958580 -0.114969939 0.309393227 3.477849960 0.140748084 0.988086402 -0.062251292 -0.858167768 -0.298550189 0.102309145 0.948894441 0.527863026
0.944150090 -0.114721686 0.308900446 3.452525377 0.137263387 0.989159107 -0.052182648 -0.856360555 -0.299565226 0.091668978 0.949661791 0.501910150
0.944346786 -0.117802799 0.307134539 3.426382303 0.138291776 0.989334643 -0.045742206 -0.853155553 -0.298470289 0.085670687 0.950566173 0.474210769
0.944540083 -0.119923778 0.305716187 3.400544882 0.138655633 0.989523292 -0.040228248 -0.852997243 -0.297688931 0.080386452 0.951272488 0.450547516
0.944762349 -0.120352551 0.304859579 3.373237371 0.139415339 0.989365339 -0.041467361 -0.849011779 -0.296626806 0.081678905 0.951494157 0.420614272
0.944832623 -0.117884696 0.305605233 3.344848633 0.138171643 0.989360571 -0.045544393 -0.844416499 -0.296984792 0.085257806 0.951068401 0.390002817
0.945177376 -0.111102752 0.307076365 3.316151142 0.131636262 0.990187228 -0.046916962 -0.838257849 -0.298850507 0.084767237 0.950527668 0.358706772
0.945775449 -0.103841983 0.307775229 3.289795399 0.124331303 0.991094887 -0.047671925 -0.834569812 -0.300084144 0.083353028 0.950264037 0.332339466
0.945930123 -0.095149748 0.310101092 3.259593010 0.114251636 0.992477596 -0.043985911 -0.826552868 -0.303583145 0.077037156 0.949685514 0.299997598
0.946269155 -0.091301143 0.310223728 3.228271484 0.108015358 0.993456900 -0.037095323 -0.818694830 -0.304807037 0.068611078 0.949939549 0.268241823
0.946433663 -0.086009711 0.311232448 3.195753574 0.099581465 0.994636774 -0.027949629 -0.810050547 -0.307159305 0.057445452 0.949922740 0.235292122
0.946739793 -0.084505849 0.310712993 3.163282633 0.095284514 0.995256186 -0.019647291 -0.802534103 -0.307578743 0.048207007 0.950300694 0.203325182
0.946995974 -0.084074557 0.310048580 3.128031254 0.092905641 0.995579302 -0.013799078 -0.794759274 -0.307517767 0.041872934 0.950620592 0.169412047
0.947551608 -0.093406558 0.305648744 3.091261625 0.099999726 0.994969666 -0.005948703 -0.787283480 -0.303555608 0.036201496 0.952125728 0.136225402
0.947842658 -0.107598484 0.300028175 3.053143978 0.111978441 0.993707180 0.002611239 -0.780320644 -0.298421115 0.031121641 0.953926802 0.102610268
0.948590457 -0.120079800 0.292842895 3.019790888 0.121712700 0.992484033 0.012709133 -0.775249720 -0.292167991 0.023586933 0.956076086 0.076173261
0.950105548 -0.129044190 0.283984154 2.980240345 0.128918216 0.991469026 0.019217230 -0.769001842 -0.284041375 0.018352333 0.958636403 0.042716302
0.952362359 -0.136509657 0.272710502 2.940345764 0.134485751 0.990569293 0.026193000 -0.762689710 -0.273714244 0.011730447 0.961739540 0.009905383
0.955815315 -0.139851078 0.258570731 2.900228977 0.135135725 0.990172386 0.036012959 -0.754179299 -0.261066079 0.000520401 0.965320826 -0.022142608
0.960012555 -0.139196888 0.242899477 2.863649845 0.132298425 0.990207434 0.044568479 -0.743320525 -0.246724665 -0.010651084 0.969027102 -0.049320061
0.964521229 -0.138215542 0.224933907 2.824244022 0.129855752 0.990188360 0.051618692 -0.730736434 -0.229861453 -0.020578366 0.973005772 -0.077003941
0.969387710 -0.132517219 0.206704170 2.785227776 0.122792810 0.990662456 0.059244014 -0.716320992 -0.212624907 -0.032048635 0.976608157 -0.101740927
0.974093795 -0.124971330 0.188476637 2.746641397 0.115012109 0.991369009 0.062926225 -0.700548589 -0.194713876 -0.039618954 0.980059624 -0.124320939
0.979068339 -0.109269544 0.171712890 2.716954708 0.099393666 0.992914975 0.065121323 -0.685254931 -0.177612081 -0.046691049 0.982992291 -0.134515822
0.983635545 -0.096996710 0.151831403 2.679391146 0.088632941 0.994198859 0.060932800 -0.671483934 -0.156860903 -0.046478406 0.986526430 -0.153787285
0.987963974 -0.078961514 0.133012146 2.642985344 0.071887977 0.995772600 0.057175118 -0.657961488 -0.136964500 -0.046924982 0.989463866 -0.170586646
0.991615176 -0.060782008 0.114039145 2.606233358 0.055067860 0.997095764 0.052607853 -0.645624220 -0.116905563 -0.045886856 0.992082417 -0.186202973
0.994351983 -0.042014062 0.097462520 2.575494289 0.037418269 0.998121440 0.048513025 -0.631715059 -0.099317655 -0.044592142 0.994056106 -0.195684463
0.996190250 -0.033280745 0.080606349 2.538482189 0.029462988 0.998407960 0.048098188 -0.622021317 -0.082078762 -0.045540038 0.995584846 -0.208199203
0.997499883 -0.029518308 0.064208068 2.502004623 0.026052745 0.998192489 0.054157421 -0.612161100 -0.065690644 -0.052349225 0.996465921 -0.219605818
0.998358071 -0.028196607 0.049861390 2.464779615 0.025143772 0.997831523 0.060828108 -0.604049087 -0.051468413 -0.059474532 0.996902108 -0.228842258
0.999029338 -0.028144769 0.033885241 2.432651997 0.025643941 0.997067571 0.072101757 -0.601615667 -0.035815164 -0.071162820 0.996821523 -0.227240771
0.999475241 -0.027646501 0.016879193 2.394629002 0.026234657 0.996545136 0.078800835 -0.598390400 -0.018999446 -0.078316666 0.996747494 -0.233518437
0.999719322 -0.023682833 -0.000584801 2.357284069 0.023649476 0.996258795 0.083121337 -0.598558307 -0.001385935 -0.083111845 0.996539235 -0.236633793
0.999605358 -0.019362273 -0.020352274 2.319293499 0.021028103 0.996150076 0.085104845 -0.603404880 0.018626098 -0.085499234 0.996164143 -0.239108264
0.999077499 -0.011428593 -0.041395530 2.285558701 0.014882747 0.996344447 0.084120236 -0.617398322 0.040282831 -0.084658720 0.995595396 -0.234840423
0.997933388 -0.003047724 -0.064184181 2.247710943 0.008431802 0.996448457 0.083781980 -0.630965889 0.063700877 -0.084150024 0.994414866 -0.234267384
0.996047378 0.006603614 -0.088577770 2.211246729 0.000362237 0.996922255 0.078395464 -0.648799539 0.088822849 -0.078117676 0.992979407 -0.231405407
0.993390143 0.018013783 -0.113364518 2.174327612 -0.010176331 0.997541368 0.069337621 -0.670599282 0.114334822 -0.067725673 0.991131067 -0.227928251
0.989413679 0.019278659 -0.143836424 2.138791084 -0.011091029 0.998283327 0.057509415 -0.703416526 0.144698218 -0.055305310 0.987929046 -0.220088154
0.984250128 0.023299534 -0.175239429 2.101600647 -0.015588611 0.998854041 0.045250885 -0.733494401 0.176092938 -0.041806452 0.983485401 -0.214439794
0.977425158 0.025651442 -0.209719047 2.064318419 -0.019671062 0.999339581 0.030552829 -0.767588258 0.210364267 -0.025737708 0.977284193 -0.208653122
0.969092429 0.033135947 -0.244462311 2.027825832 -0.029732812 0.999402940 0.017599106 -0.802421689 0.244899511 -0.009786609 0.969499052 -0.201644972
0.958952904 0.043890741 -0.280148000 1.994780779 -0.043804992 0.999018490 0.006570589 -0.844107032 0.280161411 0.005970994 0.959934354 -0.189449146
0.946837127 0.049895599 -0.317820519 1.959566951 -0.053645484 0.998555362 -0.003052102 -0.879290700 0.317209095 0.019939478 0.948145986 -0.181150973
0.932709813 0.057620998 -0.355994642 1.927185535 -0.064696774 0.997872949 -0.007991366 -0.914509952 0.354776978 0.030485332 0.934453845 -0.171556681
0.916920424 0.066054784 -0.393565297 1.895183682 -0.076615892 0.996998191 -0.011165055 -0.948847294 0.391646385 0.040390819 0.919228852 -0.161964640
0.899528325 0.082710311 -0.428961277 1.864010572 -0.095916942 0.995346665 -0.009218965 -0.987282038 0.426202655 0.049437370 0.903275847 -0.151144534
0.880558610 0.098921850 -0.463498682 1.835453033 -0.114973575 0.993347764 -0.006423265 -1.019247890 0.459780008 0.058946155 0.886074364 -0.141325831
0.860319138 0.121564299 -0.495048583 1.808661699 -0.142353654 0.989806354 -0.004331805 -1.050424337 0.489475667 0.074198700 0.868854523 -0.130082026
0.838903368 0.140137553 -0.525930345 1.782154560 -0.168422848 0.985696554 -0.006003406 -1.080691814 0.517566383 0.093614951 0.850506544 -0.118464038
0.815848589 0.159993559 -0.555691659 1.754626751 -0.195730418 0.980644882 -0.005019892 -1.115345716 0.544133008 0.112861231 0.831373334 -0.107696250
0.793417692 0.169746146 -0.584529340 1.728231311 -0.213177010 0.976997316 -0.005640261 -1.140928149 0.570126235 0.129083306 0.811352968 -0.094992042
0.771500587 0.181060970 -0.609921098 1.701454163 -0.232021302 0.972699165 -0.004732929 -1.164297581 0.592412829 0.145166159 0.792447984 -0.081449091
0.749523997 0.195179671 -0.632549345 1.675182939 -0.255394250 0.966827452 -0.004298545 -1.183660150 0.610727131 0.164771318 0.774508119 -0.067114398
0.725735784 0.208406895 -0.655647874 1.652022481 -0.278668046 0.960382223 -0.003186367 -1.205312252 0.629008532 0.185020566 0.755060077 -0.055598408
0.702215850 0.218147233 -0.677720308 1.625338078 -0.299447924 0.954107404 -0.003159419 -1.217947483 0.645928741 0.205160499 0.735313058 -0.041527048
0.677154422 0.222922623 -0.701261342 1.599872828 -0.315504551 0.948919296 -0.003008485 -1.225961447 0.664769709 0.223288327 0.712898016 -0.029694378
0.649563313 0.221853942 -0.727219582 1.573524237 -0.320983320 0.947082281 0.002220683 -1.231101632 0.689229488 0.231982857 0.686401308 -0.018919677
0.618478775 0.219648421 -0.754479051 1.550339341 -0.319442809 0.947502434 0.013981536 -1.241821289 0.717941761 0.232365593 0.656175256 -0.010710180
0.585231960 0.218671218 -0.780824244 1.524191856 -0.318149030 0.947657883 0.026938871 -1.240144610 0.745845020 0.232652977 0.624169707 -0.001986206
0.549223602 0.216025263 -0.807271183 1.497950673 -0.318328589 0.947261512 0.036913007 -1.235293031 0.772671044 0.236703932 0.589025378 0.006963521
0.511367381 0.212733835 -0.832614958 1.472551346 -0.321434051 0.945896924 0.044262238 -1.226497889 0.796984017 0.244996548 0.552080750 0.015305966
0.470963418 0.210271955 -0.856725991 1.453557372 -0.325458705 0.944080949 0.052799374 -1.223453164 0.819920957 0.253962278 0.513062358 0.020513266
0.429793477 0.205442905 -0.879244447 1.430179358 -0.334094465 0.940843225 0.056523420 -1.208842278 0.838843584 0.269457281 0.473005652 0.028602839
0.388568223 0.199936092 -0.899466753 1.408986807 -0.343879163 0.937111139 0.059748523 -1.192518950 0.854846239 0.286091447 0.432885468 0.037072062
0.348195136 0.190702528 -0.917819619 1.389037132 -0.352714568 0.933791757 0.060211092 -1.172480345 0.868534803 0.302763104 0.392405331 0.045640588
0.311649263 0.184155017 -0.932181239 1.374930382 -0.366155595 0.928550601 0.061023682 -1.154790521 0.876815319 0.322305351 0.356811464 0.050415695
0.275731027 0.180019766 -0.944227457 1.358755112 -0.379017740 0.923081994 0.065308437 -1.131472826 0.883356214 0.339871347 0.322753012 0.058492184
0.241974890 0.189915001 -0.951514959 1.347772360 -0.394017160 0.915392518 0.082504705 -1.107843995 0.886678576 0.354949057 0.296331704 0.066082418
0.208542824 0.204369292 -0.956422091 1.338812113 -0.404546618 0.908366144 0.105891377 -1.082868338 0.890422344 0.364834428 0.272110164 0.071900547
0.175442278 0.220993310 -0.959365547 1.332643509 -0.415146083 0.900208533 0.131447151 -1.057998061 0.892677963 0.375215411 0.249679089 0.070161045
0.142892003 0.232132673 -0.962131262 1.328454733 -0.422224283 0.893508673 0.152869016 -1.033540845 0.895158529 0.384391338 0.225687265 0.071746349
0.110494852 0.245223761 -0.963149190 1.325342059 -0.425975323 0.887246072 0.177029401 -1.006954670 0.897962213 0.390716881 0.202495396 0.070366919
0.078407109 0.255997866 -0.963492453 1.324019194 -0.430871278 0.880240202 0.198814467 -0.980970323 0.899000823 0.399552703 0.179319203 0.067752719
0.044870317 0.265813828 -0.962979615 1.324670911 -0.426465511 0.876798153 0.222153589 -0.958901286 0.903390229 0.400709450 0.152702630 0.059319258
0.009563804 0.272715867 -0.962047160 1.325159192 -0.412668586 0.877418935 0.244623542 -0.933524132 0.910831153 0.394667029 0.120932758 0.051914334
-0.026582122 0.278172076 -0.960163474 1.326658487 -0.395046771 0.879395604 0.265709430 -0.908643007 0.918276429 0.386372536 0.086514771 0.041969061
-0.064627767 0.284875810 -0.956383348 1.328848600 -0.379766285 0.879252315 0.287563711 -0.883625865 0.922822237 0.381786734 0.051362097 0.031998634
-0.105116725 0.288033068 -0.951833785 1.331060290 -0.367508411 0.878127873 0.306315184 -0.858039021 0.924060643 0.382005751 0.013548613 0.021641254
-0.148545146 0.294396132 -0.944068611 1.334365845 -0.356756121 0.874418974 0.328810751 -0.833021641 0.922312200 0.385645390 -0.024863124 0.011550426
-0.193881273 0.305045247 -0.932393432 1.338105202 -0.350320280 0.866235733 0.356246263 -0.807892501 0.916343689 0.395705789 -0.061083317 0.001775622
-0.239968777 0.318050742 -0.917201757 1.341468334 -0.344142139 0.855577946 0.386720330 -0.782963276 0.907734275 0.408448488 -0.095857382 -0.007131457
-0.287753463 0.330619425 -0.898826301 1.342686176 -0.343216091 0.840582967 0.419073939 -0.764902472 0.894092023 0.429081619 -0.128406763 -0.015463948
-0.335106134 0.336101621 -0.880193055 1.344004154 -0.343158871 0.826502144 0.446246803 -0.740971327 0.877465665 0.451586008 -0.161629677 -0.023534656
-0.382436633 0.332159758 -0.862213612 1.343700290 -0.344450951 0.814633071 0.466611743 -0.718614817 0.857377410 0.475439668 -0.197132826 -0.031754971
-0.429144144 0.315369934 -0.846390843 1.341367722 -0.351929694 0.804627478 0.478246987 -0.697509050 0.831854105 0.503106833 -0.234313130 -0.040473938
-0.474564314 0.289127201 -0.831381083 1.336992502 -0.361695737 0.797034979 0.483643919 -0.677709222 0.802474380 0.530227065 -0.273668289 -0.051611304
-0.518602133 0.259483874 -0.814690471 1.332288742 -0.371559918 0.789768040 0.488067389 -0.657405734 0.770062089 0.555818915 -0.313161612 -0.061802626
-0.560814977 0.236494571 -0.793446183 1.327745438 -0.372644216 0.783680439 0.496972084 -0.636288881 0.739339471 0.574382544 -0.351371408 -0.073856831
-0.601733327 0.214919314 -0.769238114 1.323223710 -0.373291254 0.775774479 0.508751035 -0.615048349 0.706095695 0.593282104 -0.386582017 -0.086803794
-0.640514135 0.195537090 -0.742635489 1.318213463 -0.370845914 0.768053472 0.522079766 -0.595888734 0.672469735 0.609802663 -0.419435024 -0.102893472
-0.677117348 0.176306710 -0.714442611 1.314678907 -0.364301860 0.763240337 0.533618093 -0.574250102 0.639371872 0.621594787 -0.452574492 -0.118696094
-0.711651206 0.155580401 -0.685089350 1.312529922 -0.354068458 0.762836397 0.541032493 -0.553001404 0.606785178 0.627594888 -0.487787366 -0.135214448
-0.743605256 0.133723795 -0.655110419 1.310896158 -0.345848858 0.761610925 0.548030555 -0.532240868 0.572223961 0.634087384 -0.520089746 -0.153920650
-0.774425507 0.119580515 -0.621261418 1.308819532 -0.329725474 0.761784077 0.557643414 -0.515956700 0.539950311 0.636698961 -0.550516367 -0.178522706
-0.803951025 0.110257514 -0.584385514 1.310361385 -0.306637228 0.765107334 0.566201806 -0.499941945 0.509545684 0.634392738 -0.581299782 -0.201749802
-0.831801176 0.103798829 -0.545282423 1.312550545 -0.279845595 0.769956291 0.573457778 -0.486192703 0.479367882 0.629597604 -0.611402988 -0.228353143
-0.857776642 0.097601242 -0.504671931 1.316516757 -0.254720181 0.772072375 0.582255960 -0.475473940 0.446472138 0.627995491 -0.637404680 -0.255290747
