1.000000000 0.000000000 0.000000000 -0.000000030 0.000000000 1.000000000 0.000000000 -0.000000149 0.000000000 0.000000000 1.000000000 -0.000000060
0.999984443 0.003441743 0.004386041 -0.000075051 -0.003460189 0.999985158 0.004204938 0.019243157 -0.004371504 -0.004220049 0.999981523 0.007117759
0.999969780 0.004473844 0.006356271 -0.000657322 -0.004563424 0.999889493 0.014149371 0.041905694 -0.006292267 -0.014177949 0.999879718 0.013445274
0.999972463 0.003981302 0.006263726 -0.000958580 -0.004149071 0.999626756 0.027003188 0.065544792 -0.006153880 -0.027028434 0.999615729 0.021175198
0.999979854 0.001401292 0.006194498 -0.001782376 -0.001627678 0.999325216 0.036693558 0.091029786 -0.006138900 -0.036702901 0.999307394 0.028783044
0.999977589 0.000031386 0.006696519 -0.002547909 -0.000325890 0.999032259 0.043982070 0.117085338 -0.006688658 -0.043983269 0.999009848 0.035348941
0.999971330 -0.004671548 0.005959366 -0.003466845 0.004373929 0.998788595 0.049012788 0.142147630 -0.006181112 -0.048985317 0.998780370 0.043298397
0.999963701 -0.006959859 0.004916871 -0.003877319 0.006692597 0.998602331 0.052427087 0.166996643 -0.005274883 -0.052392278 0.998612642 0.049526442
0.999965250 -0.007105191 0.004355395 -0.004552269 0.006844411 0.998338223 0.057218831 0.189951941 -0.004754708 -0.057187032 0.998352170 0.054837875
0.999976337 -0.005701435 0.003856090 -0.004999802 0.005448272 0.998014390 0.062750369 0.211233228 -0.004206200 -0.062727869 0.998021781 0.059470434
0.999989271 -0.000799071 0.004565708 -0.005925279 0.000473328 0.997482896 0.070906125 0.230831832 -0.004610874 -0.070903204 0.997472525 0.063654117
0.999997675 -0.000606431 0.002070924 -0.006792366 0.000434416 0.996626079 0.082074448 0.248975813 -0.002113709 -0.082073361 0.996624053 0.066612206
0.999992013 0.003047943 0.002573848 -0.007517330 -0.003282193 0.995323777 0.096539050 0.265124112 -0.002267566 -0.096546724 0.995325863 0.068218991
0.999992371 0.003748223 0.001103933 -0.007902551 -0.003849691 0.993463993 0.114080839 0.277409375 -0.000669117 -0.114084221 0.993470848 0.070185192
0.999997020 0.002389968 0.000437136 -0.009590573 -0.002426661 0.991352379 0.131204367 0.283951342 -0.000119782 -0.131205052 0.991355240 0.070357867
0.999997497 0.000016443 -0.002243926 -0.010195340 0.000306916 0.989573658 0.144027397 0.282381773 0.002222898 -0.144027725 0.989571154 0.068733722
0.999989867 0.001296669 -0.004309558 -0.010979803 -0.000638009 0.988767743 0.149458915 0.272648662 0.004454951 -0.149454653 0.988758564 0.064851359
0.999987960 0.002275808 -0.004340847 -0.012037100 -0.001606902 0.988940835 0.148301974 0.253615201 0.004630348 -0.148293212 0.988932610 0.059123527
0.999979854 0.006255283 -0.001074982 -0.013045845 -0.006041544 0.990014374 0.140837029 0.228064567 0.001945223 -0.140827700 0.990032196 0.053722009
0.999932289 0.011175613 0.003249891 -0.012911079 -0.011500322 0.991663218 0.128342435 0.197552532 -0.001788492 -0.128371105 0.991724610 0.046463963
0.999798059 0.017092284 0.010566395 -0.013360079 -0.018200535 0.993121743 0.115663067 0.163206115 -0.008516770 -0.115832031 0.993232310 0.040277362
0.999485016 0.024310630 0.020946255 -0.013850098 -0.026316945 0.994483352 0.101539582 0.124849387 -0.018362211 -0.102038532 0.994610965 0.031950198
0.998971105 0.032390080 0.031743623 -0.014223259 -0.035015583 0.995681226 0.085981466 0.086814113 -0.028821586 -0.087004520 0.995790899 0.024869114
0.998668015 0.036782246 0.036184274 -0.015533043 -0.039279122 0.996709526 0.070903428 0.046969689 -0.033457220 -0.072230272 0.996826649 0.017452288
0.998643458 0.037680190 0.035935994 -0.016559297 -0.039626081 0.997695923 0.055068772 0.012667666 -0.033778194 -0.056418072 0.997835696 0.010113404
0.998784006 0.036048099 0.033630274 -0.017021574 -0.037445076 0.998420775 0.041878160 -0.020829346 -0.032067537 -0.043086525 0.998556554 0.002881933
0.998840511 0.033995863 0.034087349 -0.017116457 -0.034967285 0.998987138 0.028318644 -0.051169734 -0.033090103 -0.029477749 0.999017596 -0.002514467
0.998977482 0.028636649 0.034984298 -0.017254135 -0.029086497 0.999499738 0.012417858 -0.079074554 -0.034611195 -0.013422731 0.999310732 -0.007631527
0.999034107 0.024952175 0.036169399 -0.019685466 -0.024874901 0.999687254 -0.002584972 -0.108799271 -0.036222588 0.001682765 0.999342322 -0.018192684
0.999146283 0.020203007 0.036034990 -0.019225163 -0.019487416 0.999608040 -0.020100130 -0.130708471 -0.036426950 0.019380743 0.999148369 -0.023911633
0.999125659 0.022148155 0.035459917 -0.019064249 -0.020898096 0.999160230 -0.035243537 -0.145601884 -0.036210719 0.034471679 0.998749435 -0.030318897
0.999091983 0.022210557 0.036357857 -0.017466305 -0.020527460 0.998729169 -0.046028886 -0.153132930 -0.037333980 0.045240756 0.998278260 -0.032577269
0.998812318 0.027185533 0.040434219 -0.016924117 -0.025224790 0.998517394 -0.048236329 -0.155173048 -0.041685604 0.047159094 0.998017192 -0.034772515
0.998550236 0.032441165 0.042952996 -0.015829746 -0.030557973 0.998573005 -0.043796707 -0.145665556 -0.044312518 0.042420659 0.998116672 -0.031827990
0.998241782 0.037839178 0.045623787 -0.014145853 -0.036322508 0.998774230 -0.033626124 -0.127994269 -0.046840250 0.031909831 0.998392582 -0.028444119
0.998268068 0.035048340 0.047248978 -0.012799386 -0.034069825 0.999191225 -0.021358708 -0.105234489 -0.047959354 0.019711951 0.998654783 -0.021460332
0.998416722 0.033226874 0.045387737 -0.010460786 -0.032910917 0.999428689 -0.007691036 -0.078900926 -0.045617357 0.006185107 0.998939812 -0.016296273
0.998609006 0.028548731 0.044328298 -0.009187771 -0.028684514 0.999585569 0.002429937 -0.048807267 -0.044240553 -0.003698093 0.999014080 -0.007984312
0.998554528 0.031957459 0.043215413 -0.007118396 -0.032396916 0.999429882 0.009507077 -0.018273454 -0.042886954 -0.010893380 0.999020517 0.000390668
0.998775482 0.028343350 0.040548906 -0.005358831 -0.028893951 0.999497175 0.013057564 0.013575939 -0.040158421 -0.014213192 0.999092221 0.008727659
0.999005795 0.028282108 0.034461241 -0.002880506 -0.028855773 0.999451280 0.016264476 0.047161013 -0.033982340 -0.017242711 0.999273658 0.017940003
0.999116302 0.026948692 0.032254469 -0.001816661 -0.027631858 0.999399126 0.020925473 0.080055065 -0.031671170 -0.021798234 0.999260604 0.025031012
0.999328554 0.022419408 0.028980244 -0.001782918 -0.023307014 0.999258041 0.030661944 0.112368457 -0.028271317 -0.031316798 0.999109626 0.031405203
0.999242187 0.019934414 0.033431102 -0.001455809 -0.021401869 0.998796642 0.044127308 0.143482223 -0.032511223 -0.044809356 0.998466372 0.037668962
0.999181926 0.016310278 0.037006553 0.000238298 -0.018517818 0.998019636 0.060116149 0.174101830 -0.035952758 -0.060752250 0.997505188 0.046848133
0.999033213 0.016904993 0.040581755 0.000220032 -0.020009449 0.996802866 0.077353932 0.200427368 -0.039144345 -0.078091167 0.996177435 0.051944084
0.999029577 0.018416289 0.040009327 -0.000247823 -0.022129335 0.995284736 0.094438210 0.222024471 -0.038081475 -0.095231950 0.994726419 0.055502512
0.999185026 0.017226076 0.036504388 -0.001654911 -0.021112075 0.993829191 0.108893566 0.237402886 -0.034403317 -0.109575503 0.993382931 0.057042591
0.999284446 0.018333359 0.033082537 -0.003334807 -0.022193922 0.992479444 0.120382495 0.246138960 -0.030626722 -0.121030591 0.992176175 0.059063897
0.999335229 0.018857712 0.031200964 -0.004784164 -0.022692854 0.991575658 0.127525538 0.245734945 -0.028533276 -0.128148794 0.991344392 0.058288369
0.999420226 0.018911643 0.028311346 -0.006515861 -0.022432940 0.991295159 0.129733011 0.235997021 -0.025611434 -0.130292907 0.991144717 0.055806115
0.999504268 0.017453333 0.026203690 -0.008622088 -0.020591678 0.991978168 0.124720670 0.217871904 -0.023816699 -0.125198424 0.991845787 0.051336508
0.999537647 0.016979566 0.025222121 -0.010797475 -0.019678691 0.993632197 0.110940360 0.195823252 -0.023177793 -0.111385413 0.993506968 0.046191331
0.999551356 0.016062973 0.025280271 -0.012430207 -0.018408960 0.995260775 0.095483705 0.168019697 -0.023626711 -0.095906243 0.995109916 0.039466556
0.999407232 0.020010188 0.028012887 -0.013552946 -0.022255607 0.996360242 0.082285650 0.138279557 -0.026264377 -0.082860313 0.996214986 0.032574315
0.999287724 0.020676997 0.031566571 -0.014469015 -0.022908192 0.997138679 0.072039656 0.106538154 -0.029986685 -0.072711475 0.996902108 0.025204377
0.998966038 0.025878029 0.037378587 -0.015439438 -0.028342439 0.997351646 0.066980623 0.071341850 -0.035546266 -0.067970775 0.997053862 0.017033121
0.998742580 0.026131321 0.042783793 -0.015651919 -0.028761540 0.997657776 0.062062234 0.038599003 -0.041061815 -0.063214719 0.997154891 0.009066921
0.998665631 0.024951544 0.045215163 -0.015451415 -0.027529817 0.997975826 0.057326879 0.006739483 -0.043693248 -0.058495145 0.997331023 0.000863983
0.998555005 0.021194858 0.049383476 -0.014691704 -0.023690080 0.998442948 0.050502520 -0.025971431 -0.048236191 -0.051599439 0.997502267 -0.006384433
0.998350024 0.015606764 0.055259448 -0.011764187 -0.017875649 0.999007225 0.040805452 -0.056789465 -0.054567743 -0.041725926 0.997637868 -0.011054970
0.997870028 0.011034821 0.064292960 -0.009955660 -0.012829850 0.999537408 0.027573900 -0.089077055 -0.063958950 -0.028340040 0.997550070 -0.017695017
0.997481167 0.006330740 0.070648879 -0.008282251 -0.007143665 0.999911070 0.011259821 -0.118551217 -0.070571318 -0.011736152 0.997437716 -0.024570173
0.997173309 0.006983681 0.074810565 -0.008388220 -0.006567456 0.999961555 -0.005808279 -0.145664066 -0.074848250 0.005300547 0.997180820 -0.032823086
0.996958613 0.006086046 0.077695064 -0.005259487 -0.004354695 0.999738872 -0.022433937 -0.165332228 -0.077811308 0.022027366 0.996724725 -0.037548624
0.996954978 0.008976024 0.077461027 -0.004479317 -0.006421409 0.999429226 -0.033165645 -0.178037897 -0.077714510 0.032567244 0.996443570 -0.041987527
0.996786177 0.011213385 0.079319492 -0.003844236 -0.008228311 0.999249160 -0.037860788 -0.183479100 -0.079684481 0.037086442 0.996129990 -0.044222735
0.996404648 0.015755162 0.083243847 -0.002875175 -0.012608275 0.999190748 -0.038194627 -0.180209011 -0.083778247 0.037007742 0.995796978 -0.043620121
0.996277452 0.019488480 0.083973177 -0.000297916 -0.016496945 0.999209404 -0.036172695 -0.169841856 -0.084611736 0.034652740 0.995811224 -0.041450731
0.996383011 0.020966180 0.082348824 -0.000077743 -0.018347599 0.999305665 -0.032427751 -0.152188376 -0.082971528 0.030799555 0.996075869 -0.036338981
0.996533334 0.020705661 0.080576606 0.000359119 -0.018483507 0.999430656 -0.028227055 -0.129906371 -0.081115194 0.026639862 0.996348679 -0.028968671
0.996610463 0.022036707 0.079258598 0.000131113 -0.020255720 0.999525487 -0.023204912 -0.102469832 -0.079732351 0.021520820 0.996583939 -0.019214839
0.997013092 0.020040954 0.074586980 0.003507869 -0.018724615 0.999657094 -0.018306069 -0.075150423 -0.074928276 0.016854778 0.997046471 -0.009719479
0.997261345 0.023737621 0.070045024 0.005444699 -0.022960294 0.999665737 -0.011881959 -0.042664662 -0.070303664 0.010241164 0.997473061 -0.000987025
0.997444808 0.024719326 0.067028470 0.007153227 -0.024416203 0.999687612 -0.005337866 -0.009503134 -0.067139484 0.003687646 0.997736812 0.007693395
0.997382641 0.028305549 0.066532880 0.009345680 -0.028585218 0.999586046 0.003255043 0.024562139 -0.066413209 -0.005148380 0.997778952 0.016508181
0.996986270 0.030708075 0.071241789 0.012575706 -0.031784791 0.999396265 0.014029215 0.059110373 -0.070767961 -0.016251341 0.997360408 0.027486362
0.997491241 0.027004287 0.065437153 0.013435963 -0.029075693 0.999099135 0.030911926 0.092747033 -0.064543441 -0.032737006 0.997377753 0.035717893
0.997889698 0.018974813 0.062097270 0.013609592 -0.022243397 0.998379707 0.052375760 0.124809496 -0.061002832 -0.053646486 0.996694922 0.042939380
0.998270214 0.010902168 0.057772636 0.013896581 -0.015265815 0.997018576 0.075636946 0.154276296 -0.056775786 -0.076388054 0.995460391 0.049143307
0.998368859 0.004969712 0.056876887 0.013919627 -0.010424592 0.995325148 0.096016288 0.181670412 -0.056133825 -0.096452594 0.993753433 0.055700812
0.998371065 0.004129086 0.056905352 0.014024529 -0.010446205 0.993746996 0.111165687 0.206240103 -0.056090511 -0.111579046 0.992171347 0.060544211
0.998248339 0.010052189 0.058302518 0.014866979 -0.017079838 0.992466092 0.121323459 0.227731317 -0.056643706 -0.122106738 0.990899324 0.064216807
0.998314798 0.016565315 0.055616431 0.014746692 -0.023552377 0.991568267 0.127427191 0.244805485 -0.053036615 -0.128522336 0.990287423 0.066242389
0.998551369 0.019688860 0.050075337 0.013675763 -0.026060369 0.991177559 0.129953474 0.256032556 -0.047074914 -0.131070197 0.990254819 0.067609064
0.998845875 0.021979941 0.042706411 0.011938459 -0.027372515 0.991122961 0.130099848 0.261142850 -0.039467718 -0.131118670 0.990580738 0.066820942
0.999091208 0.021764193 0.036647379 0.010428981 -0.026362270 0.991154611 0.130067542 0.259005874 -0.033492401 -0.130915448 0.990827620 0.065306194
0.999211073 0.022586176 0.032665804 0.009165046 -0.026664840 0.991107464 0.130364940 0.249302879 -0.029430877 -0.131133124 0.990927815 0.062962167
0.999224186 0.023840047 0.031347916 0.008290913 -0.027695514 0.991264582 0.128947452 0.232964531 -0.027999967 -0.129715607 0.991155803 0.058956955
0.999237299 0.023749486 0.030996133 0.007291139 -0.027477402 0.991650701 0.125991538 0.210503876 -0.027745102 -0.126747146 0.991546988 0.054395173
0.999217749 0.024225751 0.031258002 0.006196110 -0.027865661 0.992160261 0.121825933 0.184964061 -0.028061621 -0.122601658 0.992059171 0.049182482
0.999008656 0.028055146 0.034563772 0.004873715 -0.031973559 0.992427528 0.118597023 0.156332001 -0.030974783 -0.119584583 0.992340684 0.042840458
0.998530328 0.034537792 0.041764665 0.005678220 -0.039154150 0.992557645 0.115309261 0.121052697 -0.037471313 -0.116775058 0.992451251 0.036123395
0.998035550 0.039538033 0.048598051 0.005971485 -0.044617295 0.993115008 0.108313590 0.086441219 -0.043980949 -0.110269129 0.992928207 0.030870808
0.997766972 0.041569639 0.052278120 0.005727764 -0.046560083 0.994078994 0.098178856 0.050666906 -0.047887322 -0.100393690 0.993794680 0.024921119
0.997646630 0.040071111 0.055637486 0.004826908 -0.044693675 0.995421410 0.084490731 0.014578641 -0.051997110 -0.086778536 0.994869709 0.021253020
0.997494042 0.037915669 0.059732977 0.005256874 -0.041901276 0.996876180 0.066948719 -0.022794280 -0.057007980 -0.069283836 0.995966792 0.013509289
0.997110128 0.035690617 0.067063898 0.004722718 -0.038835052 0.998177826 0.046183437 -0.058758080 -0.065293372 -0.048654400 0.996679246 0.007208693
0.996678531 0.035882547 0.073105149 0.003918904 -0.037744686 0.998993099 0.024251331 -0.092740968 -0.072161339 -0.026930112 0.997029364 0.000138706
0.995974123 0.036730558 0.081770211 0.000476269 -0.037211947 0.999297857 0.004370420 -0.124702550 -0.081552267 -0.007395654 0.996641636 -0.007766546
0.995788217 0.036246970 0.084214255 0.001768711 -0.035329051 0.999299228 -0.012365135 -0.151527986 -0.084603444 0.009337847 0.996370971 -0.015452052
0.995787919 0.031902619 0.085957505 0.000199747 -0.029792652 0.999225140 -0.025718957 -0.174831629 -0.086711399 0.023049723 0.995966792 -0.022400156
0.995959044 0.029025370 0.084989116 -0.001670670 -0.026128193 0.999045551 -0.035005156 -0.192772254 -0.085924029 0.032643091 0.995766759 -0.028411251
0.995935500 0.023076007 0.087062851 -0.003772649 -0.019663224 0.999011993 -0.039855152 -0.202984259 -0.087896526 0.037981227 0.995405257 -0.031632289
0.995725691 0.019923082 0.090185210 -0.003231441 -0.016414413 0.999085486 -0.039481074 -0.209120661 -0.090889320 0.037831984 0.995142162 -0.034394141
0.995441973 0.017398991 0.093768619 -0.003619002 -0.014067393 0.999250054 -0.036074653 -0.205681890 -0.094325967 0.034591146 0.994940221 -0.032573141
0.995414495 0.016331404 0.094250813 -0.003952127 -0.013431923 0.999419272 -0.031316318 -0.195821702 -0.094707519 0.029906748 0.995055795 -0.029152706
0.994951785 0.014914359 0.099239938 -0.003491439 -0.012424315 0.999593437 -0.025662072 -0.180205360 -0.099582322 0.024299536 0.994732559 -0.023431530
0.994385362 0.015552023 0.104670644 -0.000525699 -0.013611680 0.999722481 -0.019226519 -0.160842121 -0.104940608 0.017693827 0.994321048 -0.016252758
0.993585110 0.021841131 0.110957690 0.001765440 -0.020538021 0.999706209 -0.012873774 -0.137464240 -0.111206271 0.010512339 0.993741751 -0.007796313
0.992890775 0.027264284 0.115864411 0.004351337 -0.026589872 0.999619305 -0.007362629 -0.112431720 -0.116021037 0.004229467 0.993237734 0.001060931
0.992309749 0.036195617 0.118368909 0.007204021 -0.036266942 0.999340951 -0.001552087 -0.085937895 -0.118347079 -0.002752726 0.992968500 0.009720732
0.992070615 0.040112101 0.119108833 0.011911375 -0.041061096 0.999141395 0.005523089 -0.059529696 -0.118785016 -0.010370033 0.992865860 0.016119411
0.992652118 0.043434873 0.112938717 0.014143518 -0.045386612 0.998860359 0.014766793 -0.033296812 -0.112168610 -0.019784193 0.993492246 0.022657912
0.993147075 0.045481715 0.107658304 0.015035156 -0.048499230 0.998495698 0.025576932 -0.007521930 -0.106333070 -0.030622998 0.993858874 0.027044699
0.994273663 0.046708103 0.096115768 0.015949121 -0.050499793 0.998023510 0.037401035 0.016864067 -0.094178870 -0.042040691 0.994667232 0.029092912
0.995510936 0.045600943 0.082937174 0.017081702 -0.049856104 0.997505128 0.049979087 0.039260481 -0.080451168 -0.053889651 0.995300710 0.030163880
0.996661603 0.041323420 0.070413478 0.017373860 -0.045853656 0.996896863 0.063984729 0.057504978 -0.067550905 -0.066999830 0.995463669 0.028450588
0.997686923 0.035724964 0.057832211 0.017096493 -0.040243279 0.996066093 0.078948542 0.072674446 -0.054784268 -0.081093282 0.995199740 0.024991514
0.998320699 0.029686812 0.049743716 0.017161567 -0.034313340 0.994895697 0.094895154 0.083668917 -0.046672676 -0.096442670 0.994243681 0.021365430
0.998936713 0.021458147 0.040804300 0.016349768 -0.025876628 0.993479013 0.111039624 0.091057003 -0.038155515 -0.111977428 0.992977977 0.018303137
0.999336421 0.014640342 0.033352584 0.015721804 -0.018847786 0.991393268 0.129553497 0.095643371 -0.031168820 -0.130096138 0.991011381 0.013445308
0.999567568 0.008843854 0.028044580 0.015111323 -0.012907600 0.988871157 0.148213521 0.098158024 -0.026421698 -0.148511425 0.988557637 0.007929507
0.999589860 0.003925854 0.028367378 0.014874598 -0.008679353 0.985500515 0.169450358 0.099236794 -0.027290829 -0.169627056 0.985130370 0.003492576
0.999399781 -0.001224078 0.034620304 0.014502058 -0.005495271 0.981119573 0.193324104 0.099172100 -0.034203302 -0.193398312 0.980523944 0.000370167
0.998836517 -0.003843748 0.048070904 0.014663655 -0.006727383 0.975965202 0.217822433 0.098771945 -0.047752786 -0.217892408 0.974803865 -0.002212143
0.998126268 -0.009069561 0.060511969 0.013691232 -0.005672593 0.970978796 0.239098400 0.097688600 -0.060924359 -0.238993645 0.969107985 -0.005099947
0.997392952 -0.015084928 0.070567138 0.011705495 -0.003618375 0.966221333 0.257688254 0.095914759 -0.072070681 -0.257271796 0.963647783 -0.008155265
0.996986032 -0.020820856 0.074735470 0.009821760 -0.000503568 0.961557865 0.274601996 0.095102496 -0.077579923 -0.273811996 0.958649218 -0.011092209
0.996828914 -0.024658473 0.075657383 0.007491768 0.001409546 0.956098318 0.293042779 0.094265819 -0.079561889 -0.292006850 0.953101218 -0.015765548
0.996602297 -0.030841349 0.076372162 0.006070226 0.005453488 0.949921131 0.312442273 0.093227014 -0.082183674 -0.310964197 0.946861744 -0.020774838
0.996376276 -0.036102857 0.077012241 0.005108763 0.008479986 0.943098426 0.332405567 0.093279868 -0.084630907 -0.330547988 0.939987063 -0.026298005
0.996119916 -0.042866610 0.076860383 0.004750646 0.013124457 0.935945094 0.351901263 0.093931265 -0.087021917 -0.349527091 0.932876229 -0.031465203
0.996108711 -0.043714806 0.076527692 0.004871699 0.012317767 0.928849161 0.370253265 0.095004782 -0.087268226 -0.367869854 0.925773203 -0.037698720
0.996191323 -0.042814940 0.075958371 0.006321914 0.010203814 0.922400296 0.386100531 0.095417842 -0.086594895 -0.383854926 0.919324040 -0.043665186
0.996462166 -0.041441515 0.073114425 0.008445190 0.008914681 0.917183161 0.398366183 0.095006891 -0.083568215 -0.396305054 0.914307773 -0.048727341
0.996717989 -0.040336803 0.070187084 0.011716867 0.008444576 0.914094448 0.405413479 0.093505085 -0.080510698 -0.403490216 0.911435008 -0.052536037
0.996673226 -0.041913290 0.069898225 0.015977301 0.009907406 0.913578033 0.406542748 0.091340736 -0.080897026 -0.404497772 0.910953999 -0.054324102
0.996822238 -0.041425221 0.068039544 0.020494401 0.010612485 0.915591538 0.401969522 0.089196816 -0.078948103 -0.399970084 0.913121641 -0.055070098
0.997091711 -0.042335697 0.063370012 0.024676530 0.013905620 0.918616891 0.394904613 0.087401845 -0.074931331 -0.392874956 0.916534007 -0.054759044
0.997325063 -0.041949321 0.059858210 0.029340040 0.015554134 0.921962261 0.386967212 0.084728569 -0.071420021 -0.385001034 0.920148551 -0.054296531
0.997518957 -0.039704159 0.058133889 0.033018522 0.014677749 0.924930871 0.379851907 0.084147729 -0.068851531 -0.378056198 0.923218846 -0.052549537
0.997843385 -0.034734000 0.055696767 0.035023250 0.011379737 0.927213609 0.374360025 0.084242061 -0.064645819 -0.372918844 0.925609231 -0.050304711
0.998156250 -0.031647429 0.051792841 0.036248751 0.010254868 0.928972900 0.370005608 0.084062040 -0.059823874 -0.368792295 0.927584708 -0.048097786
0.998536587 -0.025058232 0.047924690 0.037090898 0.005675759 0.929838419 0.367924303 0.082856633 -0.053781748 -0.367113858 0.928619921 -0.045669880
0.998715103 -0.022253629 0.045529846 0.037987862 0.003877069 0.929345369 0.369191200 0.082042299 -0.050528798 -0.368540317 0.928237498 -0.043296773
0.998884618 -0.017897729 0.043694761 0.039712064 0.000279434 0.927603543 0.373566002 0.081585877 -0.047217395 -0.373137087 0.926573932 -0.041156504
0.998952031 -0.014813025 0.043306608 0.042476181 -0.002657621 0.925811172 0.377976954 0.081057630 -0.045692723 -0.377695918 0.924801588 -0.038679849
0.999018431 -0.014061512 0.042005099 0.045955129 -0.002998359 0.924636304 0.380839527 0.079690926 -0.044194616 -0.380591631 0.923686564 -0.035667919
0.998973966 -0.015476238 0.042561155 0.051579013 -0.001992576 0.923866987 0.382708549 0.078838810 -0.045243736 -0.382400692 0.922888279 -0.032598689
0.998902380 -0.017673988 0.043378439 0.059300467 -0.000335569 0.923358798 0.383938074 0.078350969 -0.046839576 -0.383531213 0.922339320 -0.029547872
0.998764634 -0.020015571 0.045481212 0.068835564 0.000940708 0.922738671 0.385424972 0.077277698 -0.049681775 -0.384906054 0.921617627 -0.025944963
0.998626411 -0.022880442 0.047135442 0.079801261 0.002853149 0.922024667 0.387120605 0.075946070 -0.052317530 -0.386454403 0.920823455 -0.022955514
0.998463571 -0.027332669 0.048201974 0.092503630 0.006418942 0.921076596 0.389328539 0.074738972 -0.055039097 -0.388420939 0.919836879 -0.019918462
0.998297393 -0.031870812 0.048851915 0.106825836 0.010218131 0.920129836 0.391480118 0.073625170 -0.057426892 -0.390314430 0.918888927 -0.017451171
0.998113155 -0.035775341 0.049902879 0.122857615 0.013325246 0.919563711 0.392714977 0.072301149 -0.059938386 -0.391309023 0.918305337 -0.015316562
0.997785628 -0.040081684 0.053078260 0.139869720 0.016094625 0.919809520 0.392034918 0.070627764 -0.064535305 -0.390312523 0.918417811 -0.013388330
0.997398913 -0.044570491 0.056646958 0.158054724 0.019135945 0.921434045 0.388063282 0.068453424 -0.069492608 -0.385969907 0.919890225 -0.010927423
0.996854782 -0.049871616 0.061590485 0.177181304 0.022618622 0.923882365 0.382007539 0.065672137 -0.075953700 -0.379412949 0.922104597 -0.008668649
0.996151686 -0.056336705 0.067141429 0.196173728 0.027112972 0.926553905 0.375183672 0.062924303 -0.083346754 -0.371919423 0.924515724 -0.006200932
0.995370090 -0.061206393 0.074109167 0.214546114 0.029533504 0.928494275 0.370170444 0.061020941 -0.091466740 -0.366267890 0.926003098 -0.003648595
0.994578779 -0.066533722 0.079914123 0.233004749 0.032527432 0.929005206 0.368634343 0.059945591 -0.098767251 -0.364036500 0.926133096 -0.001585387
0.993825614 -0.070242479 0.085887410 0.251523077 0.033513688 0.927971840 0.371140361 0.060089014 -0.105770908 -0.365970373 0.924596250 -0.000056103
0.992823005 -0.073842078 0.094073266 0.269003123 0.032978870 0.925158322 0.378146082 0.061084200 -0.114955753 -0.372329682 0.920953751 0.001304144
0.991628945 -0.076179072 0.104253531 0.285087436 0.030186418 0.921814382 0.386454403 0.065936156 -0.125542149 -0.380072355 0.916397393 0.004702404
0.990440190 -0.082085937 0.110860623 0.299703777 0.031788029 0.917861342 0.395626187 0.067498870 -0.134230018 -0.388320029 0.911696136 0.006141065
0.990035474 -0.085279182 0.112058878 0.312585413 0.033321749 0.915045202 0.401972562 0.069585353 -0.136818826 -0.394233078 0.908768892 0.006638868
0.989927828 -0.084880859 0.113305718 0.323929906 0.031922944 0.913552284 0.405466646 0.071426265 -0.137927055 -0.397765666 0.907060444 0.007374121
0.990088224 -0.084474802 0.112202376 0.332877070 0.031901073 0.913277030 0.406087846 0.073244646 -0.136776045 -0.398483425 0.906919658 0.009184777
0.990235507 -0.084894970 0.110573538 0.339785308 0.033193089 0.913957715 0.404449731 0.074681334 -0.135395288 -0.396830231 0.907851279 0.010103430
0.990430295 -0.086155251 0.107819758 0.344649434 0.035927556 0.915238500 0.401307464 0.075544864 -0.133255541 -0.393593371 0.909575284 0.010449560
0.990793049 -0.086199909 0.104396679 0.347187281 0.037830316 0.916668177 0.397854656 0.076482303 -0.129992142 -0.390242249 0.911489487 0.010650995
0.990731239 -0.088438585 0.103103198 0.347410113 0.040833440 0.917816341 0.394899756 0.077644125 -0.129554167 -0.387029439 0.912920594 0.011543730
0.990639567 -0.089752704 0.102847837 0.345814645 0.042278629 0.918136299 0.394002855 0.078374535 -0.129791155 -0.385966539 0.913336754 0.011087786
0.990373015 -0.088424213 0.106500775 0.342502773 0.039481796 0.917864799 0.394924551 0.078648835 -0.132674202 -0.386917800 0.912519693 0.009691875
0.990219057 -0.087254554 0.108870730 0.336943448 0.037499309 0.918045223 0.394698411 0.077750653 -0.134387478 -0.386755317 0.912337840 0.008249678
0.990233839 -0.087389357 0.108628169 0.328864485 0.037819408 0.918323517 0.394019842 0.076457754 -0.134188935 -0.386063516 0.912660003 0.006678884
0.990492761 -0.086304650 0.107123971 0.318880945 0.037539069 0.918735147 0.393086016 0.075201832 -0.132343709 -0.385327518 0.913240314 0.004383047
0.990902603 -0.086579591 0.103034280 0.306797385 0.039275154 0.918300986 0.393929899 0.075153485 -0.128722772 -0.386299491 0.913347244 0.001221046
0.991637588 -0.083417922 0.098469809 0.293518633 0.037808601 0.917320490 0.396350384 0.075822011 -0.123391107 -0.389312923 0.912803411 -0.001619372
0.992186010 -0.081484556 0.094483979 0.278831363 0.037237387 0.916160405 0.399078310 0.076764174 -0.119081192 -0.392441571 0.912035763 -0.003823370
0.992700636 -0.080367967 0.089924417 0.262446553 0.037838716 0.915512145 0.400506824 0.077643372 -0.114514820 -0.394180745 0.911870539 -0.005829310
0.993287086 -0.079111889 0.084392391 0.244291589 0.038924333 0.915608048 0.400183499 0.078260608 -0.108929627 -0.394212186 0.912541032 -0.008391867
0.993924975 -0.076106846 0.079503730 0.224985301 0.038278058 0.916314304 0.398626268 0.078308262 -0.103188589 -0.393161356 0.913660944 -0.011035826
0.994579077 -0.072611168 0.074432001 0.204158559 0.037448369 0.917896926 0.395047903 0.078141727 -0.097005799 -0.390119016 0.915640235 -0.013750056
0.995263398 -0.068718694 0.068764277 0.182877392 0.036578588 0.920071363 0.390039355 0.077311859 -0.090071030 -0.385676593 0.918226957 -0.017029494
0.995964587 -0.063388310 0.063532747 0.161446780 0.034153201 0.922346711 0.384850681 0.076115444 -0.082994260 -0.381127834 0.920789599 -0.020289773
0.996407568 -0.060295880 0.059467431 0.139095217 0.033246711 0.924330533 0.380141735 0.074602939 -0.077888541 -0.376798987 0.923014581 -0.023304969
0.996768594 -0.057594016 0.055993296 0.114932746 0.032292329 0.925576031 0.377182037 0.073596492 -0.073549472 -0.374155074 0.924444973 -0.026907533
0.997127354 -0.054830819 0.052255001 0.090991877 0.031116316 0.925530374 0.377392769 0.072976917 -0.069056347 -0.374682665 0.924577832 -0.029808337
0.997620463 -0.050013956 0.047455512 0.067364730 0.028298166 0.924694538 0.379656732 0.072880119 -0.062869988 -0.377410412 0.923909485 -0.032427862
0.998006582 -0.046625368 0.042532008 0.043119337 0.026776135 0.923095286 0.383638024 0.073840648 -0.057148363 -0.381734431 0.922503591 -0.034793098
0.998384953 -0.041450463 0.038850613 0.019073082 0.023211122 0.921789765 0.386994630 0.074736461 -0.051853202 -0.385467857 0.921263158 -0.037010469
0.998623490 -0.037099510 0.037077121 -0.004596602 0.019845666 0.921598196 0.387637675 0.075936697 -0.048551373 -0.386368275 0.921065867 -0.038627505
0.998761892 -0.035443895 0.034905899 -0.028445553 0.019240513 0.922302604 0.385989308 0.077657193 -0.045874763 -0.384839773 0.921842635 -0.039950769
0.998928547 -0.033994339 0.031402387 -0.052338619 0.019368103 0.923355162 0.383458078 0.079295143 -0.042030960 -0.382439017 0.923024237 -0.041527241
0.999079883 -0.031218676 0.029406503 -0.076461248 0.017683545 0.924526989 0.380706072 0.080786102 -0.039072245 -0.379835784 0.924228430 -0.044047918
0.999233782 -0.028561480 0.026758991 -0.099758290 0.016324621 0.925541997 0.378292978 0.082680106 -0.035571177 -0.377566278 0.925299108 -0.045518957
0.999359071 -0.026406683 0.024168545 -0.122759484 0.015350902 0.926059723 0.377064645 0.084595069 -0.032338541 -0.376451969 0.925871551 -0.047197100
0.999543369 -0.024666689 0.017454034 -0.145388350 0.016249511 0.925761938 0.377757549 0.087177925 -0.025476309 -0.377301455 0.925740004 -0.048648149
0.999716878 -0.021640355 0.009892148 -0.166760564 0.016235420 0.924316049 0.381282479 0.089937925 -0.017394558 -0.381013900 0.924405694 -0.050987780
0.999835491 -0.017960561 0.002520432 -0.186251387 0.015581960 0.921785235 0.387387633 0.093380690 -0.009280996 -0.387284636 0.921913505 -0.052220903
0.999874949 -0.014756518 -0.005681499 -0.204524353 0.015801853 0.919311047 0.393214405 0.096598618 -0.000579410 -0.393254995 0.919429243 -0.053718954
0.999791980 -0.013735954 -0.015075766 -0.221172258 0.018590044 0.917792618 0.396624625 0.099593565 0.008388410 -0.396822393 0.917857051 -0.054780554
0.999636531 -0.012124624 -0.024078481 -0.236805260 0.020668745 0.918120027 0.395763040 0.102157682 0.017308459 -0.396116853 0.918036938 -0.056841612
0.999492705 -0.010153009 -0.030186843 -0.249237254 0.021151928 0.920215368 0.390840530 0.103050113 0.023810189 -0.391280770 0.919963241 -0.057769220
0.999317348 -0.008496776 -0.035952695 -0.259143829 0.021672862 0.922962666 0.384278864 0.103277519 0.029917864 -0.384795755 0.922516763 -0.057926148
0.999096811 -0.008186052 -0.041695781 -0.266224504 0.023353247 0.925565660 0.377866209 0.102949709 0.035498947 -0.378498673 0.924920857 -0.058455005
0.999008715 -0.006902318 -0.043976270 -0.270578653 0.022831880 0.927512765 0.373093456 0.103104711 0.038213342 -0.373727709 0.926750958 -0.061918467
0.999025404 -0.005049320 -0.043849517 -0.270985156 0.021014336 0.928032279 0.371906579 0.102740750 0.038815890 -0.372465611 0.927233934 -0.063028313
0.999124289 -0.002710008 -0.041753057 -0.268018186 0.018131211 0.927381992 0.373676181 0.101859152 0.037708368 -0.374105990 0.926618993 -0.063982286
0.999301553 -0.002812382 -0.037262291 -0.262280852 0.016625341 0.926498413 0.375931293 0.101221226 0.033466190 -0.376288205 0.925898075 -0.065052681
0.999494493 -0.002304712 -0.031707879 -0.253615946 0.014099197 0.926055729 0.377123296 0.100537613 0.028494105 -0.377379715 0.925620139 -0.067111850
0.999706745 -0.003163781 -0.024007697 -0.242041305 0.011981145 0.926195979 0.376852095 0.099496461 0.021043554 -0.377029240 0.925962269 -0.068271719
0.999851584 -0.002768099 -0.017005911 -0.227619320 0.008941228 0.927065492 0.374792725 0.097626276 0.014728131 -0.374889165 0.926952660 -0.069290034
0.999952316 -0.002693478 -0.009388603 -0.211465657 0.005993062 0.928208947 0.372011125 0.095820077 0.007712582 -0.372049630 0.928180814 -0.070234865
0.999988496 -0.003224289 -0.003545532 -0.193442196 0.004305120 0.929410160 0.369023293 0.093853846 0.002105416 -0.369034320 0.929413378 -0.071928874
0.999983609 -0.004817928 0.003101803 -0.174368232 0.003341107 0.930033922 0.367458582 0.092265949 -0.004655171 -0.367442191 0.930034697 -0.072379969
0.999938130 -0.006550582 0.008992986 -0.154192701 0.002781533 0.929818451 0.368008018 0.090746708 -0.010772510 -0.367960215 0.929779112 -0.072359949
0.999840558 -0.010538177 0.014416808 -0.133128271 0.004437964 0.928620219 0.371005058 0.089847319 -0.017297456 -0.370881915 0.928518951 -0.071843237
0.999747396 -0.015872806 0.015911942 -0.110018380 0.008730479 0.926646829 0.375831693 0.088898800 -0.020710254 -0.375597864 0.926551342 -0.071353711
0.999631047 -0.020629805 0.017667871 -0.087236151 0.012326534 0.924198747 0.381712943 0.088810764 -0.024203289 -0.381354302 0.924112082 -0.070024759
0.999521375 -0.023577811 0.020027228 -0.063812591 0.013999837 0.922051370 0.386814296 0.088656470 -0.027586367 -0.386348784 0.921940148 -0.068415344
0.999420524 -0.024928877 0.023177497 -0.039837763 0.013948416 0.921051800 0.389190227 0.088592276 -0.031049751 -0.388641387 0.920865774 -0.066642486
0.999391496 -0.025616361 0.023672787 -0.016068181 0.014384197 0.920981884 0.389339864 0.088277265 -0.031775676 -0.388762414 0.920789957 -0.064703003
0.999405086 -0.026794421 0.021715166 0.006989195 0.016282720 0.921605349 0.387786567 0.087852098 -0.030403329 -0.387202263 0.921493351 -0.062539048
0.999410093 -0.028110079 0.019729558 0.029472049 0.018296130 0.921978652 0.386808276 0.086881436 -0.029063441 -0.386219144 0.921949089 -0.060264688
0.999317825 -0.031430483 0.019389942 0.051181737 0.021487793 0.921874404 0.386892557 0.086055107 -0.030035309 -0.386211991 0.921920955 -0.057908785
0.999227107 -0.033726610 0.020192761 0.072990403 0.023251640 0.921291411 0.388177216 0.086160451 -0.031695317 -0.387407660 0.921363533 -0.053914018
0.999109864 -0.035978016 0.022024859 0.092672147 0.024524711 0.920206547 0.390664190 0.086436249 -0.034322739 -0.389776260 0.920269728 -0.051305678
0.998967946 -0.037737247 0.025276572 0.110664293 0.024759896 0.918996096 0.393488467 0.087197885 -0.038078241 -0.392456532 0.918982029 -0.048882660
0.998742044 -0.040516604 0.029542191 0.126381665 0.025517793 0.917844296 0.396119624 0.088633657 -0.043164551 -0.394867450 0.917723536 -0.046184674
0.998495877 -0.043446906 0.033441771 0.139489278 0.026603520 0.917269468 0.397377700 0.090949357 -0.047939945 -0.395890325 0.917045593 -0.042676251
0.998263001 -0.047157120 0.035315737 0.150502831 0.029256929 0.917093933 0.397596240 0.093654402 -0.051137336 -0.395872355 0.916880608 -0.039013293
0.998024404 -0.047955479 0.040589500 0.161093339 0.028002154 0.917862952 0.395908386 0.096114725 -0.056241576 -0.393989652 0.917392552 -0.035385478
0.997326076 -0.051296256 0.052052062 0.170437843 0.027038412 0.920718670 0.389289171 0.098553285 -0.067894384 -0.386840850 0.919643700 -0.030377205
0.996154189 -0.055509485 0.067790374 0.178655162 0.025848530 0.925457895 0.377967685 0.101090029 -0.083717927 -0.374761790 0.923333585 -0.023413436
0.994957566 -0.058190785 0.081689872 0.184974477 0.024908975 0.932329834 0.360750139 0.102914646 -0.097154237 -0.356896281 0.929078102 -0.017417485
0.993946910 -0.057721213 0.093476161 0.189774349 0.022495354 0.939757645 0.341100514 0.103706613 -0.107533664 -0.336933017 0.935367644 -0.012639228
0.992813468 -0.056186516 0.105662227 0.193753764 0.019396674 0.946806967 0.321217030 0.103680409 -0.118089795 -0.316859096 0.941092491 -0.008062891
0.991399944 -0.056040157 0.118261032 0.197001085 0.018031146 0.953548729 0.300698757 0.102698110 -0.129618853 -0.295980334 0.946358621 -0.003585003
0.990067184 -0.056977637 0.128532082 0.199876055 0.018310107 0.958669305 0.283932865 0.101367511 -0.139397591 -0.278759181 0.950190306 0.000285541
0.988568425 -0.060235672 0.138217762 0.203215942 0.020331033 0.961611509 0.273660183 0.099334240 -0.149395898 -0.267721713 0.951843441 0.004000363
0.987075806 -0.067980744 0.145120516 0.206391245 0.026013227 0.961524725 0.273483992 0.097762533 -0.158128604 -0.266174376 0.950866222 0.007930005
0.985350132 -0.076268405 0.152539477 0.211157396 0.030778784 0.959270597 0.280807078 0.096103735 -0.167743340 -0.271998286 0.947564840 0.013718785
0.983070731 -0.086394921 0.161579385 0.217043802 0.036680378 0.956800163 0.288423419 0.094125628 -0.179517493 -0.277613819 0.943771183 0.021005567
0.980728090 -0.095981412 0.170176283 0.223613694 0.042008154 0.954231441 0.296104193 0.092000395 -0.190808043 -0.283248901 0.939873576 0.029457888
0.978382349 -0.105338119 0.177965924 0.230726853 0.047010176 0.951307654 0.304637223 0.089617178 -0.201390252 -0.289685458 0.935694575 0.039228462
0.976650655 -0.112132780 0.183247879 0.238154948 0.049859487 0.947993517 0.314360261 0.087363735 -0.208967879 -0.297883511 0.931449294 0.049818743
0.975665569 -0.116225898 0.185925350 0.244584456 0.050935552 0.944895864 0.323384196 0.084488600 -0.213265702 -0.306044608 0.927822411 0.060982011
0.975604415 -0.118459336 0.184833556 0.249304831 0.051628627 0.942115784 0.331288874 0.081019610 -0.213378876 -0.313664198 0.925248206 0.072653025
0.975867689 -0.123643830 0.179984450 0.252284586 0.056652863 0.939382613 0.338157892 0.076964840 -0.210885406 -0.319800735 0.923717976 0.085704230
0.977374494 -0.124123611 0.171267077 0.253387988 0.058919348 0.937429607 0.343153417 0.072671071 -0.203144267 -0.325298429 0.923533082 0.100202039
0.979441464 -0.121534579 0.161008745 0.252016395 0.059833981 0.937249601 0.343486667 0.067378350 -0.192650884 -0.326791286 0.925252974 0.114822172
0.982292652 -0.114657409 0.148171633 0.247820735 0.058641098 0.939288974 0.338079065 0.061474852 -0.177939236 -0.323403627 0.929380298 0.129411757
0.985264838 -0.104924023 0.135070905 0.241496295 0.055343758 0.942816496 0.328685492 0.055806518 -0.161834076 -0.316366941 0.934730828 0.144502223
0.988450527 -0.092551745 0.119998671 0.232988760 0.050002240 0.946680009 0.318271428 0.050835688 -0.143056929 -0.308595389 0.940374196 0.160188779
0.991248071 -0.078970008 0.105787441 0.222268984 0.042597264 0.949817240 0.309891462 0.046839900 -0.124950871 -0.302673042 0.944868386 0.174962759
0.993806541 -0.066226140 0.089233816 0.208917961 0.036081959 0.951812029 0.304552168 0.042937580 -0.105103120 -0.299446195 0.948306561 0.188463032
0.996230066 -0.053644694 0.068175286 0.192718104 0.030598408 0.952661932 0.302488029 0.040075995 -0.081174880 -0.299261630 0.950711906 0.200354099
0.998099804 -0.043775026 0.043365177 0.172728494 0.028674942 0.952901721 0.301920652 0.037893854 -0.054539334 -0.300103426 0.952346265 0.210645914
0.999328434 -0.033718351 0.014342275 0.150027141 0.027745971 0.951994121 0.304856271 0.036927391 -0.023933012 -0.304253608 0.952290356 0.217670530
0.999661863 -0.022210736 -0.013521145 0.125009656 0.025307111 0.950507402 0.309669644 0.037855204 0.005973958 -0.309907109 0.950748086 0.221910864
0.999109268 -0.010885768 -0.040769644 0.097755589 0.023198102 0.948750019 0.315174878 0.039292194 0.035249278 -0.315839946 0.948157489 0.222614676
0.997630000 0.001090254 -0.068797790 0.068658046 0.021077581 0.946962953 0.320650697 0.041303728 0.065498553 -0.321340859 0.944695711 0.219593108
0.995396793 0.013786688 -0.094842538 0.038133297 0.017939553 0.945305169 0.325693578 0.044499602 0.094145373 -0.325895756 0.940706432 0.212951109
0.992528915 0.028620025 -0.118605264 0.006677343 0.012129212 0.944138229 0.329326481 0.048561808 0.121405087 -0.328304678 0.936737359 0.202007905
0.988899589 0.037454288 -0.143787250 -0.024798919 0.012469538 0.943375051 0.331493646 0.052989420 0.148061171 -0.329606920 0.932436168 0.187705025
0.985238016 0.041191388 -0.166160539 -0.053962965 0.016542137 0.943170071 0.331898481 0.056686450 0.170389012 -0.329747647 0.928565621 0.172715381
0.981046975 0.042336043 -0.189088583 -0.082922123 0.023405727 0.942803919 0.332525074 0.061550446 0.192351252 -0.330648482 0.923943996 0.153132960
