1.000000000 0.000000000 0.000000000 0.000000000 0.000000000 1.000000000 0.000000000 0.000000536 0.000000000 0.000000000 1.000000000 0.000000954
0.999999762 0.000444577 -0.000473252 0.002715627 -0.000444422 0.999999821 0.000327287 0.000496285 0.000473398 -0.000327076 0.999999821 -0.004049962
1.000000000 -0.000121775 -0.000071146 0.000010093 0.000121772 1.000000000 -0.000052613 -0.000030638 0.000071153 0.000052604 1.000000000 0.000468912
0.999999940 -0.000246633 -0.000081197 -0.000038442 0.000246632 0.999999940 -0.000017505 -0.000121457 0.000081201 0.000017485 1.000000000 0.000812266
1.000000000 0.000021664 -0.000177384 -0.000071664 -0.000021669 1.000000000 -0.000030430 0.000799690 0.000177383 0.000030434 1.000000000 0.000878823
1.000000000 0.000150965 -0.000172446 -0.000093126 -0.000150923 0.999999940 0.000244285 0.000515320 0.000172483 -0.000244259 0.999999940 0.001231421
1.000000000 0.000067244 0.000029045 -0.000203551 -0.000067253 0.999999940 0.000332917 -0.000461787 -0.000029023 -0.000332919 0.999999940 0.000387145
0.999999821 -0.000381809 -0.000422160 -0.000020863 0.000381801 0.999999940 -0.000018816 0.001166591 0.000422167 0.000018655 0.999999940 0.000650182
0.999999940 -0.000347185 -0.000082023 -0.000017030 0.000347209 0.999999881 0.000300468 0.000709933 0.000081919 -0.000300496 0.999999940 0.001149440
0.999999225 -0.001157924 -0.000426832 0.000398409 0.001157991 0.999999344 0.000158125 0.001200709 0.000426649 -0.000158619 0.999999881 0.000235006
0.999999821 -0.000511144 -0.000359193 0.000425419 0.000511178 0.999999881 0.000093518 0.001828080 0.000359146 -0.000093701 0.999999940 -0.001027365
0.999999642 -0.000832858 -0.000141670 -0.000134278 0.000832908 0.999999583 0.000353927 0.001399614 0.000141375 -0.000354045 0.999999940 0.000065231
0.999999940 -0.000288423 -0.000042884 0.000110340 0.000288431 0.999999940 0.000198574 0.000775244 0.000042827 -0.000198587 1.000000000 0.001470417
0.999999821 0.000375636 0.000433440 -0.000768949 -0.000375669 0.999999940 0.000076333 0.001281769 -0.000433411 -0.000076496 0.999999881 0.000656853
0.999999762 0.000331994 0.000558556 -0.001385043 -0.000331939 0.999999940 -0.000098551 0.001168790 -0.000558589 0.000098366 0.999999821 0.000905769
0.999999881 0.000116218 0.000460668 -0.001385928 -0.000116280 1.000000000 0.000135299 0.001482739 -0.000460652 -0.000135352 0.999999881 -0.001133353
0.999999881 -0.000432126 -0.000209643 -0.000318867 0.000432082 0.999999881 -0.000211347 0.001169230 0.000209735 0.000211257 0.999999940 0.001486959
0.999999464 -0.000808495 -0.000669397 -0.000371052 0.000808522 0.999999702 0.000039668 0.000840659 0.000669365 -0.000040209 0.999999762 0.001784632
0.999999821 -0.000544056 -0.000333678 -0.000765780 0.000544035 0.999999821 -0.000064243 0.000736067 0.000333713 0.000064061 0.999999940 0.002496293
0.999998868 -0.001384688 -0.000599346 -0.000613226 0.001384611 0.999999046 -0.000128920 0.000745982 0.000599524 0.000128090 0.999999821 0.002190065
0.999999583 -0.000839612 -0.000396876 -0.001241250 0.000839272 0.999999285 -0.000854655 0.001156354 0.000397594 0.000854322 0.999999583 0.001264592
0.999998510 -0.001530935 -0.000798703 -0.001369663 0.001530635 0.999998748 -0.000376016 0.001088020 0.000799278 0.000374793 0.999999583 0.001680760
0.999997854 -0.001831058 -0.000951087 -0.001202055 0.001830862 0.999998331 -0.000207104 0.001019613 0.000951464 0.000205362 0.999999523 0.001456291
0.999998093 -0.001774175 -0.000830062 -0.001163098 0.001773811 0.999998331 -0.000438500 0.001086563 0.000830838 0.000437027 0.999999583 0.001914466
0.999999106 -0.001318386 -0.000245316 -0.001502375 0.001318225 0.999998927 -0.000657880 0.000935229 0.000246183 0.000657556 0.999999762 0.001201400
0.999999940 0.000072588 0.000385522 -0.001335890 -0.000072291 0.999999702 -0.000768966 0.001968889 -0.000385577 0.000768938 0.999999642 0.002109439
0.999999881 -0.000133919 0.000497895 -0.001979003 0.000133693 0.999999881 0.000455503 0.001387421 -0.000497956 -0.000455436 0.999999762 -0.001188258
0.999998271 -0.001851349 -0.000043275 -0.001624628 0.001851362 0.999998212 0.000303640 0.000785860 0.000042713 -0.000303720 0.999999940 0.000588007
0.999998748 -0.001575825 -0.000069339 -0.001754119 0.001575829 0.999998748 0.000061133 0.000918415 0.000069242 -0.000061242 1.000000000 0.000782074
0.999999702 -0.000768489 0.000076531 -0.001865372 0.000768474 0.999999702 0.000193086 0.000805144 -0.000076679 -0.000193028 1.000000000 0.001490835
0.999999046 -0.001220138 -0.000624786 -0.001081453 0.001220469 0.999999106 0.000529446 0.000728846 0.000624139 -0.000530208 0.999999642 0.001664583
0.999998510 -0.001624885 -0.000606608 -0.001426990 0.001625262 0.999998510 0.000620724 0.000567965 0.000605598 -0.000621709 0.999999642 0.001440340
0.999999583 -0.000855341 0.000232424 -0.001431359 0.000855193 0.999999404 0.000636629 0.000766368 -0.000232969 -0.000636430 0.999999762 0.001223409
0.999999166 -0.000545762 0.001164179 -0.000925996 0.000545041 0.999999642 0.000619541 0.000940140 -0.001164517 -0.000618906 0.999999106 0.002055792
0.999999344 -0.001091111 0.000298557 -0.000455684 0.001091106 0.999999404 0.000017520 0.001320189 -0.000298576 -0.000017194 0.999999940 0.001052671
0.999999583 -0.000913643 0.000162320 -0.000126419 0.000913542 0.999999404 0.000622080 0.001279684 -0.000162888 -0.000621932 0.999999821 0.001550420
0.999999940 -0.000278127 0.000047991 -0.001023869 0.000278104 0.999999821 0.000469982 0.001361424 -0.000048122 -0.000469968 0.999999881 0.000848180
0.999999940 -0.000033807 -0.000392607 -0.001172305 0.000033992 0.999999881 0.000471999 0.001263553 0.000392591 -0.000472013 0.999999821 0.000604504
1.000000000 -0.000006682 -0.000206953 -0.001261940 0.000006714 1.000000000 0.000154138 0.001092169 0.000206952 -0.000154139 0.999999940 0.000331757
1.000000000 0.000158999 -0.000006323 -0.001606679 -0.000158999 1.000000000 -0.000046568 0.000188187 0.000006315 0.000046569 1.000000000 -0.000383322
0.999997497 -0.002245018 -0.000136752 -0.002057425 0.002245234 0.999996185 0.001596413 -0.001809683 0.000133167 -0.001596716 0.999998689 0.004448405
0.999997556 -0.002213088 -0.000012229 -0.002205494 0.002213102 0.999996603 0.001365320 -0.001803546 0.000009207 -0.001365344 0.999999046 0.004206877
0.999997437 -0.002258583 -0.000099291 -0.002349791 0.002258735 0.999996245 0.001557009 -0.001760090 0.000095774 -0.001557230 0.999998808 0.003955248
0.999997675 -0.002166441 -0.000023221 -0.002513283 0.002166473 0.999996603 0.001454991 -0.001692209 0.000020068 -0.001455038 0.999998927 0.003688621
0.999997497 -0.002245777 0.000032625 -0.002000166 0.002245727 0.999996424 0.001467142 -0.001807665 -0.000035920 -0.001467065 0.999998927 0.004586081
0.999997377 -0.002299183 0.000098813 -0.002246563 0.002299035 0.999996305 0.001468701 -0.001767604 -0.000102189 -0.001468470 0.999998927 0.004408425
0.999997556 -0.002191001 0.000219604 -0.002501087 0.002190676 0.999996543 0.001467780 -0.001736001 -0.000222819 -0.001467296 0.999998927 0.004210100
0.999997556 -0.002199945 0.000056249 -0.002773593 0.002199855 0.999996364 0.001551953 -0.001717552 -0.000059663 -0.001551825 0.999998808 0.003986838
0.999997854 -0.002066863 -0.000105837 -0.003079173 0.002067014 0.999996841 0.001450333 -0.001102204 0.000102839 -0.001450549 0.999998927 0.005831328
0.999997973 -0.002010504 -0.000011360 -0.003137080 0.002010519 0.999996841 0.001492606 -0.001114872 0.000008359 -0.001492626 0.999998868 0.005408869
0.999998033 -0.001990540 0.000042131 -0.003173043 0.001990478 0.999997020 0.001421538 -0.001155867 -0.000044960 -0.001421452 0.999998987 0.004943775
0.999997795 -0.002108676 0.000059303 -0.003253791 0.002108589 0.999996722 0.001433966 -0.001210508 -0.000062326 -0.001433838 0.999998987 0.004466069
0.999997556 -0.002221010 -0.000010288 -0.003079873 0.002221022 0.999996543 0.001387846 -0.001103374 0.000007206 -0.001387865 0.999999046 0.005638436
0.999997675 -0.002151153 -0.000025105 -0.003174254 0.002151187 0.999996662 0.001430871 -0.001115131 0.000022027 -0.001430921 0.999998987 0.005311816
0.999997675 -0.002168587 -0.000025642 -0.003265500 0.002168622 0.999996603 0.001444891 -0.001143056 0.000022509 -0.001444944 0.999998927 0.004936821
0.999997795 -0.002091161 0.000008614 -0.003341963 0.002091147 0.999996722 0.001481324 -0.001191259 -0.000011711 -0.001481303 0.999998927 0.004541126
0.999997497 -0.002225782 -0.000046260 -0.003085788 0.002225846 0.999996483 0.001451955 -0.001093245 0.000043028 -0.001452055 0.999998927 0.005035896
0.999997616 -0.002178157 -0.000021829 -0.003228764 0.002178187 0.999996543 0.001482080 -0.001125315 0.000018600 -0.001482124 0.999998927 0.004681174
0.999997139 -0.002400633 0.000028330 -0.003360576 0.002400595 0.999996305 0.001286822 -0.001448348 -0.000031419 -0.001286750 0.999999166 0.004176862
0.999999940 0.000325116 0.000263057 -0.001993420 -0.000325130 0.999999940 0.000051488 0.000529649 -0.000263040 -0.000051574 0.999999940 -0.002460798
0.999995768 -0.002910121 0.000147297 -0.002209133 0.002909907 0.999994755 0.001434590 -0.000248393 -0.000151471 -0.001434155 0.999998987 0.003513545
0.999995232 -0.003079564 0.000049420 -0.002409083 0.003079480 0.999993980 0.001615667 -0.000199276 -0.000054395 -0.001615507 0.999998689 0.003453394
0.999998212 -0.001877897 0.000020882 -0.003386509 0.001877859 0.999996781 0.001700503 -0.000930115 -0.000024075 -0.001700461 0.999998569 0.004766927
0.999999881 0.000433464 0.000059630 -0.001374158 -0.000433458 0.999999881 -0.000091593 0.001555472 -0.000059669 0.000091567 1.000000000 0.000541751
0.999997735 -0.002136459 -0.000044661 -0.003163390 0.002136535 0.999996126 0.001787325 -0.000977425 0.000040842 -0.001787416 0.999998391 0.005534833
0.999998271 -0.001873602 0.000059198 -0.003198833 0.001873498 0.999996781 0.001714413 -0.000891175 -0.000062410 -0.001714299 0.999998510 0.005609312
0.999998212 -0.001825020 -0.000431464 -0.003790398 0.001825631 0.999997318 0.001421371 -0.000979579 0.000428869 -0.001422156 0.999998868 0.005750726
0.999998450 -0.001742251 -0.000111786 -0.003936500 0.001742432 0.999997139 0.001638961 -0.001129284 0.000108930 -0.001639153 0.999998629 0.005941413
0.999993563 -0.003579260 -0.000339036 0.000397684 0.003580310 0.999988616 0.003149436 -0.000494638 0.000327759 -0.003150630 0.999994993 -0.006232508
0.999992728 -0.003793488 -0.000408478 -0.000105793 0.003794776 0.999987662 0.003198517 -0.000656324 0.000396339 -0.003200044 0.999994814 -0.006056719
0.999998450 -0.001726612 -0.000418230 -0.004985115 0.001727345 0.999996960 0.001756858 -0.001474024 0.000415195 -0.001757578 0.999998391 0.005667820
0.999998450 -0.001755165 -0.000203045 -0.005404126 0.001755473 0.999997318 0.001524242 -0.001492698 0.000200369 -0.001524596 0.999998808 0.005918662
0.999997318 -0.002300075 -0.000256989 -0.001591872 0.002300564 0.999995530 0.001920908 -0.002641867 0.000252570 -0.001921494 0.999998093 0.003085040
0.999997735 -0.002109232 -0.000356295 -0.001804515 0.002110037 0.999995172 0.002274189 -0.002706340 0.000351497 -0.002274936 0.999997377 0.003395532
0.999998093 -0.001932080 -0.000301940 -0.002105255 0.001932780 0.999995410 0.002333239 -0.002839102 0.000297430 -0.002333819 0.999997258 0.003790112
0.999997377 -0.002273045 -0.000327220 -0.002587262 0.002273701 0.999995351 0.002019281 -0.002795547 0.000322629 -0.002020020 0.999997914 0.004137167
0.999997616 -0.002144424 -0.000371753 -0.001867124 0.002145316 0.999994755 0.002416427 -0.003178893 0.000366569 -0.002417219 0.999997020 0.003167951
0.999997914 -0.002028347 -0.000226888 -0.001937382 0.002029020 0.999993443 0.003004349 -0.003243838 0.000220793 -0.003004803 0.999995470 0.003422047
0.999997914 -0.002005127 -0.000341102 -0.002308102 0.002006208 0.999992847 0.003199215 -0.003041624 0.000334684 -0.003199893 0.999994814 0.004115571
0.999994159 -0.003396215 -0.000407613 -0.000686062 0.003398049 0.999983728 0.004585503 -0.001475744 0.000392033 -0.004586861 0.999989390 -0.004701841
0.999998271 -0.001814471 -0.000345652 -0.001214358 0.001815447 0.999994278 0.002846198 -0.003547547 0.000340486 -0.002846820 0.999995887 0.002373131
0.999999225 -0.001247804 -0.000175579 -0.001285568 0.001248303 0.999995112 0.002871477 -0.003642670 0.000171995 -0.002871694 0.999995887 0.002613956
0.999998868 -0.001492634 -0.000194266 -0.002747920 0.001493169 0.999994993 0.002786001 -0.003946239 0.000190107 -0.002786288 0.999996126 0.004583984
0.999999166 -0.001302368 -0.000048718 -0.002403326 0.001302524 0.999993503 0.003353768 -0.003790490 0.000044349 -0.003353829 0.999994397 0.003547867
0.999999166 -0.001297617 -0.000079121 -0.001592313 0.001297921 0.999991298 0.003966578 -0.003849501 0.000073973 -0.003966678 0.999992132 0.001913209
0.999999344 -0.001136539 -0.000019497 -0.002108278 0.001136615 0.999989152 0.004513490 -0.004041639 0.000014367 -0.004513509 0.999989808 0.002419280
0.999999583 -0.000923623 -0.000103967 -0.003313712 0.000924235 0.999981284 0.006051908 -0.004551705 0.000098375 -0.006052001 0.999981701 0.006290809
0.999998808 -0.001519330 -0.000288052 -0.002835970 0.001521708 0.999963224 0.008442578 -0.004327426 0.000275215 -0.008443006 0.999964297 0.004791840
0.999999523 0.000853884 -0.000416845 -0.001294410 -0.000848690 0.999923944 0.012305020 -0.001828220 0.000427320 -0.012304661 0.999924183 0.000355293
0.999999285 -0.001178468 -0.000208750 -0.001718522 0.001182768 0.999758124 0.021961246 -0.003184070 0.000182819 -0.021961477 0.999758780 0.001105175
0.999988616 -0.004755724 0.000428071 -0.003940457 0.004740759 0.999539554 0.029971046 -0.006518824 -0.000570408 -0.029968677 0.999550700 0.004896500
0.999962091 -0.008706133 -0.000017972 -0.003668981 0.008702009 0.999420583 0.032905661 -0.011899270 -0.000268519 -0.032904573 0.999458432 0.005559711
0.999942183 -0.010717839 0.000882317 -0.006057806 0.010686919 0.999501944 0.029693538 -0.016942043 -0.001200128 -0.029682392 0.999558687 0.000948954
0.999894321 -0.014426840 0.001801200 -0.008381240 0.014377141 0.999581873 0.025086841 -0.025865784 -0.002162371 -0.025058294 0.999683678 0.001689843
0.999856770 -0.016629245 0.003152251 -0.010996155 0.016559646 0.999643385 0.020950578 -0.036493544 -0.003499518 -0.020895377 0.999775529 0.002452367
0.999801993 -0.019361541 0.004593564 -0.014583108 0.019281883 0.999673009 0.016794283 -0.049443282 -0.004917225 -0.016702384 0.999848425 0.005127724
0.999775827 -0.020167612 0.006450602 -0.017902661 0.020075276 0.999699414 0.014072136 -0.059069790 -0.006732465 -0.013939484 0.999880195 0.005023327
0.999783456 -0.019182634 0.008066623 -0.020955723 0.019108552 0.999775410 0.009162677 -0.071703568 -0.008240575 -0.009006551 0.999925494 0.005304881
0.999762774 -0.019596465 0.009503704 -0.024451526 0.019531339 0.999785423 0.006897787 -0.084722497 -0.009636837 -0.006710530 0.999931037 0.005471163
0.999776959 -0.017962826 0.011106630 -0.028401211 0.017894009 0.999820292 0.006264730 -0.097758308 -0.011217167 -0.006064591 0.999918699 0.005406180
0.999799669 -0.017084252 0.010429792 -0.034127783 0.016971894 0.999798000 0.010768060 -0.111522466 -0.010611650 -0.010588888 0.999887645 0.002979805
0.999828458 -0.017850261 0.004940517 -0.039752837 0.017778818 0.999741852 0.014145757 -0.124104045 -0.005191747 -0.014055493 0.999887764 0.002229667
0.999829054 -0.017874178 -0.004736314 -0.046112470 0.017939050 0.999740660 0.014027681 -0.138908938 0.004484352 -0.014110249 0.999890387 0.000556311
0.999731719 -0.015140097 -0.017527362 -0.053108357 0.015397829 0.999773920 0.014664224 -0.155779257 0.017301382 -0.014930175 0.999738812 -0.002213657
0.999412477 -0.011051639 -0.032443866 -0.061050832 0.011647264 0.999766052 0.018227410 -0.177335009 0.032234833 -0.018594582 0.999307334 -0.006660371
0.998780310 -0.005001453 -0.049121384 -0.068540938 0.006179458 0.999696255 0.023858991 -0.197177798 0.048987132 -0.024133433 0.998507798 -0.010530788
0.997743785 0.003000981 -0.067069426 -0.076395087 -0.001007587 0.999557316 0.029735433 -0.216668859 0.067128971 -0.029600764 0.997305095 -0.014314156
0.996258795 0.013349527 -0.085382409 -0.084638618 -0.010330289 0.999308944 0.035705946 -0.234596059 0.085800059 -0.034690343 0.995708227 -0.017330512
0.994312346 0.023272574 -0.103929304 -0.093076348 -0.019440882 0.999098837 0.037730381 -0.253394932 0.104713731 -0.035495311 0.993868768 -0.017779902
0.992191076 0.031581212 -0.120662823 -0.102100283 -0.027333818 0.998952627 0.036695357 -0.268478543 0.121695325 -0.033110630 0.992015064 -0.018047743
0.990140855 0.038839392 -0.134583086 -0.111438550 -0.034408823 0.998791516 0.035092626 -0.281565040 0.135783434 -0.030115796 0.990280747 -0.017985703
0.988192737 0.044092387 -0.146734521 -0.121183820 -0.039491162 0.998637021 0.034125671 -0.293008000 0.148039207 -0.027928021 0.988587081 -0.016169546
0.986482263 0.047410190 -0.156860009 -0.133515939 -0.042506404 0.998501301 0.034472309 -0.315850466 0.158259258 -0.027338766 0.987019062 -0.016860755
0.984898269 0.050976194 -0.165459454 -0.144072816 -0.046497449 0.998442471 0.030832577 -0.325066119 0.166773468 -0.022673510 0.985734522 -0.011753105
0.983341694 0.057823271 -0.172324106 -0.155221298 -0.053855918 0.998166859 0.027613655 -0.334028423 0.173604921 -0.017872985 0.984653175 -0.005961752
0.981901288 0.062851287 -0.178660452 -0.167125970 -0.058940567 0.997893095 0.027118735 -0.343647629 0.179988474 -0.016097575 0.983537018 0.000070052
0.980717480 0.063551225 -0.184809253 -0.177862212 -0.059953131 0.997888148 0.024998367 -0.355995715 0.186007634 -0.013436444 0.982456446 0.005444971
0.979745388 0.065024041 -0.189396128 -0.190717056 -0.061595254 0.997814059 0.023940492 -0.368095785 0.190538839 -0.011789683 0.981608868 0.011323607
0.978959620 0.062666744 -0.194192961 -0.204206899 -0.059846975 0.997999907 0.020359300 -0.381924987 0.195080414 -0.008309072 0.980752051 0.016685160
0.978370070 0.060683552 -0.197761357 -0.217952132 -0.058833864 0.998151720 0.015220895 -0.396797240 0.198319495 -0.003256606 0.980132043 0.022172013
0.978071928 0.062123880 -0.198786274 -0.232310161 -0.061595052 0.998062015 0.008849186 -0.416054398 0.198950782 0.003589110 0.980002940 0.027831413
0.977776945 0.065959387 -0.199001625 -0.246449351 -0.067723282 0.997702003 -0.002062539 -0.432917833 0.198408291 0.015493745 0.979996979 0.033208858
0.977595389 0.072225891 -0.197713524 -0.260717303 -0.076203533 0.997012973 -0.012574096 -0.450924009 0.196214765 0.027358849 0.980179191 0.037969608
0.977549970 0.079145640 -0.195274293 -0.275938809 -0.083694473 0.996376455 -0.015141153 -0.469224364 0.193368345 0.031144612 0.980631769 0.041586295
0.977441788 0.086479634 -0.192688569 -0.291643232 -0.090360135 0.995843589 -0.011425587 -0.489960462 0.190899596 0.028579209 0.981193423 0.041782942
0.977370679 0.094928868 -0.189037099 -0.308810234 -0.097423635 0.995235264 -0.003927562 -0.512209833 0.187763557 0.022255365 0.981962085 0.041708905
0.977324069 0.100554943 -0.186350271 -0.327515900 -0.102010325 0.994781733 0.001787378 -0.537972867 0.185557589 0.017262803 0.982481718 0.039564561
0.977675080 0.096894637 -0.186448082 -0.347969919 -0.097379938 0.995225549 0.006575957 -0.567240536 0.186195061 0.011727152 0.982442796 0.035583891
0.977843761 0.090117835 -0.188945264 -0.368876934 -0.089830525 0.995905817 0.010101640 -0.599977851 0.189082026 0.007095226 0.981935680 0.028100744
0.977270424 0.083518006 -0.194851846 -0.392372906 -0.082552992 0.996500790 0.013082580 -0.634352207 0.195262641 0.003300381 0.980745435 0.021079950
0.975866675 0.081316352 -0.202662021 -0.416788697 -0.080092654 0.996685624 0.014245830 -0.668702424 0.203148752 0.002329707 0.979145110 0.012978432
0.974087238 0.080036886 -0.211537614 -0.442220479 -0.078402810 0.996791482 0.016114911 -0.701446891 0.212148681 0.000887813 0.977236986 0.005237663
0.972365737 0.079211265 -0.219614282 -0.468288064 -0.077397123 0.996857643 0.016866114 -0.734806895 0.220260158 0.000597482 0.975440979 -0.001896783
0.970717788 0.077730067 -0.227299333 -0.494768947 -0.076239325 0.996971488 0.015344486 -0.761277735 0.227803677 0.002433979 0.973704040 -0.008082416
0.968774140 0.076971665 -0.235694662 -0.521583200 -0.075592920 0.997027516 0.014893831 -0.784623086 0.236140475 0.003388091 0.971713006 -0.014159884
0.966016531 0.077740498 -0.246512622 -0.549111307 -0.076254062 0.996966600 0.015585378 -0.806337655 0.246976465 0.003741852 0.969014287 -0.019722095
0.961982608 0.079706095 -0.261221021 -0.577447891 -0.077931874 0.996810973 0.017160941 -0.829515219 0.261755794 0.003848916 0.965126455 -0.025164125
0.957252085 0.082375810 -0.277277321 -0.605857015 -0.080639079 0.996586502 0.017681576 -0.850370884 0.277787358 0.005433661 0.960627198 -0.031149041
0.952514410 0.085769974 -0.292163908 -0.634274065 -0.083813436 0.996295869 0.019231535 -0.870797873 0.292731166 0.006168947 0.956174850 -0.036421973
0.948355138 0.093370922 -0.303157359 -0.662529588 -0.090884976 0.995611012 0.022331256 -0.890922487 0.303911895 0.006374488 0.952678800 -0.041313827
0.944338560 0.098659597 -0.313832819 -0.690295279 -0.092689447 0.995116889 0.033927679 -0.910934687 0.315647602 -0.002950231 0.948871911 -0.046619855
0.940717816 0.107403234 -0.321736842 -0.718764007 -0.095527560 0.994040132 0.052523218 -0.928491414 0.325460523 -0.018674793 0.945371211 -0.050734166
0.937690496 0.115470000 -0.327724397 -0.747524500 -0.095477320 0.992486894 0.076510318 -0.944623768 0.334096789 -0.040452749 0.941670299 -0.054650061
0.935044229 0.122085020 -0.332847595 -0.776773155 -0.094895080 0.990767658 0.096821487 -0.960481405 0.341595054 -0.058946773 0.937996864 -0.056933042
0.932637095 0.114388235 -0.342203707 -0.807258308 -0.080061398 0.990380585 0.112855755 -0.981398344 0.351821274 -0.077856161 0.932823777 -0.057466958
0.930305421 0.098738402 -0.353245795 -0.838181853 -0.063838705 0.991973341 0.109148875 -1.000181079 0.361187577 -0.078991041 0.929141521 -0.055911787
0.928043664 0.080980733 -0.363561749 -0.869579792 -0.049730424 0.994279623 0.094524503 -1.020542026 0.369136691 -0.069642782 0.926762104 -0.051938452
0.926189363 0.066287823 -0.371186227 -0.899929225 -0.040808432 0.996265471 0.076091021 -1.041637659 0.374843925 -0.055327173 0.925435543 -0.045595802
0.924581528 0.056524049 -0.376767904 -0.926328957 -0.036522623 0.997528374 0.060026884 -1.065123677 0.379229635 -0.041739196 0.924360693 -0.037727073
0.923892617 0.053249091 -0.378928661 -0.953622758 -0.038299695 0.998165727 0.046886425 -1.082802534 0.380730271 -0.028805170 0.924237370 -0.027437318
0.923173904 0.050850362 -0.381004155 -0.978773177 -0.039784856 0.998527825 0.036868796 -1.096405268 0.382318020 -0.018878117 0.923837960 -0.014399093
0.922619283 0.049256459 -0.382553846 -1.003225446 -0.040487736 0.998700738 0.030943878 -1.107217193 0.383581012 -0.013060682 0.923414886 -0.000242174
0.921845496 0.045905452 -0.384829342 -1.026855826 -0.037030425 0.998850226 0.030445561 -1.121061683 0.385784507 -0.013815709 0.922485471 0.012931477
0.921257257 0.043382227 -0.386526942 -1.049463272 -0.033536509 0.998919189 0.032182984 -1.126282930 0.387505352 -0.016686045 0.921716452 0.029740319
0.921734691 0.048504796 -0.384775758 -1.070822716 -0.039547104 0.998731613 0.031164464 -1.131127000 0.385799348 -0.013508602 0.922483802 0.047801968
0.922994494 0.058387663 -0.380357832 -1.090571404 -0.051444504 0.998271823 0.028404217 -1.135343313 0.381358951 -0.006649618 0.924403131 0.066851020
0.924246550 0.065903746 -0.376065135 -1.106846452 -0.063709669 0.997801006 0.018282417 -1.142420650 0.376443028 0.007061525 0.926412821 0.084461123
0.925483108 0.071202554 -0.372036666 -1.124357700 -0.074461125 0.997208059 0.005621102 -1.148611188 0.371398181 0.022500029 0.928201020 0.103762597
0.926449776 0.072768465 -0.369317651 -1.141368151 -0.080818340 0.996708632 -0.006350045 -1.155230045 0.367640018 0.035730641 0.929281533 0.122777075
0.927632034 0.074962281 -0.365895510 -1.157466769 -0.087191708 0.996046662 -0.016988155 -1.161385775 0.363175571 0.047661807 0.930500865 0.140951693
0.928489923 0.074989088 -0.363707453 -1.165763617 -0.088983707 0.995793402 -0.021849550 -1.167019844 0.360538989 0.052651122 0.931256950 0.149126634
0.929287195 0.077805199 -0.361070186 -1.180865765 -0.093729921 0.995237589 -0.026774192 -1.171957731 0.357267469 0.058723994 0.932154179 0.165142044
0.929928482 0.081711695 -0.358547360 -1.194725156 -0.098727241 0.994680882 -0.029374704 -1.175954223 0.354239970 0.062714763 0.933049262 0.179308534
0.930257559 0.082470067 -0.357518673 -1.208606124 -0.100486331 0.994421244 -0.032077171 -1.179841280 0.352878749 0.065765761 0.933354974 0.192485243
0.930229962 0.081275798 -0.357863843 -1.220321894 -0.099786021 0.994443774 -0.033531576 -1.184414625 0.353150129 0.066901885 0.933171511 0.202763811
0.928889871 0.079999015 -0.361612827 -1.233765244 -0.099439740 0.994412184 -0.035442829 -1.187272549 0.356756777 0.068881169 0.931654453 0.212897301
0.926794171 0.077515021 -0.367483288 -1.246814013 -0.096376330 0.994790256 -0.033225574 -1.189093351 0.362993330 0.066209957 0.929436445 0.221020460
0.924667537 0.073930643 -0.373529464 -1.259776354 -0.090341724 0.995555639 -0.026594931 -1.190100551 0.369903177 0.058336765 0.927237034 0.228186548
0.922550917 0.066449203 -0.380110949 -1.269448280 -0.081049450 0.996455729 -0.022515927 -1.191741467 0.377267569 0.051579874 0.924666822 0.233810127
0.920537949 0.062592767 -0.385606080 -1.280880809 -0.075327002 0.996996641 -0.017988808 -1.191993952 0.383321971 0.045605928 0.922488153 0.239063755
0.918623805 0.056406397 -0.391086578 -1.291398883 -0.067382038 0.997623503 -0.014386566 -1.192348838 0.389345646 0.039568044 0.920241475 0.243526429
0.916485012 0.045345850 -0.397490919 -1.300875545 -0.054984979 0.998404086 -0.012879345 -1.192231059 0.396272540 0.033659752 0.917515755 0.247633547
0.913930953 0.030669713 -0.404709309 -1.307730317 -0.039878096 0.999101639 -0.014340337 -1.191025496 0.403905898 0.029245112 0.914332986 0.251586169
0.911241889 0.014806936 -0.411605358 -1.313563585 -0.024574591 0.999527752 -0.018448383 -1.190738440 0.411137819 0.026925974 0.911175430 0.255193353
0.908452988 0.000117476 -0.417987049 -1.316596866 -0.011264686 0.999643624 -0.024201719 -1.190138221 0.417835236 0.026694616 0.908130586 0.257935971
0.906036854 -0.010851208 -0.423059732 -1.316704512 -0.001495692 0.999582887 -0.028841874 -1.188311577 0.423196226 0.026764566 0.905642688 0.260894507
0.904720485 -0.018961914 -0.425583452 -1.312632561 0.005730552 0.999460220 -0.032348841 -1.186040878 0.425967127 0.026827831 0.904340804 0.265913934
0.905245006 -0.025246717 -0.424139261 -1.306048393 0.011563588 0.999327242 -0.034804262 -1.182431817 0.424732625 0.026601812 0.904927909 0.269464970
0.907442212 -0.030573137 -0.419063121 -1.295613647 0.017650325 0.999242604 -0.034680538 -1.177418470 0.419806033 0.024073986 0.907294571 0.273964763
0.911437333 -0.038102057 -0.409670830 -1.282235265 0.026736964 0.999083161 -0.033436738 -1.170157671 0.410569251 0.019522140 0.911620438 0.279332906
0.916954935 -0.046828169 -0.396233290 -1.265881062 0.037210818 0.998797238 -0.031928673 -1.159334540 0.397251874 0.014532991 0.917594552 0.286163390
0.923716486 -0.054481748 -0.379182816 -1.246207714 0.046994310 0.998474658 -0.028981332 -1.146518946 0.380183399 0.008951095 0.924867809 0.294152290
0.931630671 -0.062334459 -0.358020544 -1.223201513 0.056013983 0.998037040 -0.028008882 -1.131452799 0.359063685 0.006039780 0.933293521 0.302604675
0.940635860 -0.068439156 -0.332445890 -1.196790457 0.060800090 0.997592986 -0.033339787 -1.115436077 0.333927423 0.011147860 0.942532837 0.312049121
0.950183511 -0.071707822 -0.303330332 -1.166205764 0.059936054 0.997049689 -0.047954366 -1.098767996 0.305874139 0.027385021 0.951678038 0.322505921
0.958428085 -0.076116100 -0.274994433 -1.132062316 0.061816137 0.996263623 -0.060311697 -1.087401628 0.278557658 0.040805332 0.959552288 0.329605490
0.965959132 -0.075878426 -0.247316480 -1.094251990 0.060718179 0.995810568 -0.068370931 -1.077732205 0.251468241 0.051026922 0.966519535 0.334809124
0.971660256 -0.073748358 -0.224582940 -1.053542614 0.059849463 0.995882571 -0.068087794 -1.071391344 0.228679597 0.052717034 0.972073317 0.336769193
0.976161301 -0.071466759 -0.204942867 -1.007899165 0.059413765 0.996155143 -0.064381629 -1.064956546 0.208756045 0.050670426 0.976654172 0.333826989
0.979399145 -0.070621558 -0.189182103 -0.962232411 0.061276950 0.996615112 -0.054803882 -1.064472318 0.192412078 0.042082373 0.980411470 0.330585003
0.980935037 -0.077114865 -0.178380936 -0.913773656 0.070329413 0.996550083 -0.044064328 -1.067920327 0.181163549 0.030678816 0.982974350 0.324888200
0.980851114 -0.091333933 -0.172015041 -0.863585770 0.086790986 0.995654225 -0.033764355 -1.074632645 0.174351335 0.018188454 0.984515488 0.316524595
0.980216980 -0.104820065 -0.167891204 -0.811643124 0.102215193 0.994470179 -0.024107039 -1.080796361 0.169489682 0.006469101 0.985510707 0.304237634
0.978720903 -0.119982682 -0.166461766 -0.756238341 0.119561203 0.992747009 -0.012587888 -1.093028545 0.166764766 -0.007582339 0.985967577 0.291382879
0.977598011 -0.131299958 -0.164506793 -0.697266281 0.132437155 0.991182983 -0.004084928 -1.108070016 0.163592696 -0.017793391 0.986367464 0.276508659
0.976574004 -0.140770897 -0.162747413 -0.634651244 0.142964259 0.989726245 0.001785133 -1.126285434 0.160824090 -0.025010377 0.986666143 0.261129290
0.977561831 -0.138856560 -0.158403546 -0.566711128 0.141977161 0.989833415 0.008501033 -1.143931150 0.155612707 -0.030799970 0.987337887 0.245436192
0.979572952 -0.131341994 -0.152269959 -0.497128129 0.134758085 0.990802288 0.012290226 -1.162898421 0.149255216 -0.032558784 0.988262534 0.231037423
0.982670784 -0.116043814 -0.144540682 -0.425347358 0.119646914 0.992680073 0.016460001 -1.179949880 0.141572580 -0.033468608 0.989361942 0.217115998
0.985073388 -0.103039980 -0.137888297 -0.351771951 0.106421039 0.994169652 0.017356917 -1.194840312 0.135295913 -0.031772051 0.990295708 0.204937652
0.987176836 -0.089474425 -0.132197499 -0.275361300 0.092777029 0.995505154 0.019025272 -1.204734921 0.129901022 -0.031046199 0.991040826 0.195256844
0.988900959 -0.076888755 -0.127133787 -0.199026853 0.080035448 0.996594906 0.019823130 -1.212430120 0.125176698 -0.029778320 0.991687477 0.186241731
0.990750134 -0.060841974 -0.121294588 -0.121039547 0.063499883 0.997816503 0.018165654 -1.216489673 0.119924501 -0.025699815 0.992450297 0.178329423
0.992077708 -0.045443054 -0.117118753 -0.042863268 0.047902036 0.998685002 0.018265594 -1.217356682 0.116134696 -0.023731116 0.992949903 0.171740428
0.993246794 -0.029061956 -0.112321936 0.038324855 0.031451825 0.999313772 0.019563520 -1.218064904 0.111676298 -0.022964133 0.993479252 0.170217872
0.993975818 -0.014827702 -0.108591855 0.116566837 0.017087705 0.999655724 0.019910976 -1.212995410 0.108259231 -0.021646615 0.993887007 0.165892601
0.994209945 -0.005812658 -0.107297629 0.194255874 0.008009088 0.999766886 0.020050883 -1.205283523 0.107156068 -0.020794142 0.994024754 0.163027868
0.994494557 0.001570256 -0.104776368 0.271177769 0.000537973 0.999798059 0.020089928 -1.195057034 0.104786754 -0.020035692 0.994292855 0.161114782
0.994941056 0.004735282 -0.100348517 0.348860532 -0.002595295 0.999766648 0.021445377 -1.185710311 0.100426644 -0.021076454 0.994721174 0.164285392
0.995580971 0.005393893 -0.093751922 0.424409240 -0.003335809 0.999750316 0.022095313 -1.170382857 0.093847692 -0.021684935 0.995350361 0.164992765
0.996477902 0.005064602 -0.083702981 0.499395341 -0.003189612 0.999741316 0.022519084 -1.153264403 0.083795384 -0.022172788 0.996236265 0.166502580
0.997453272 0.001909452 -0.071297824 0.573576152 -0.000302950 0.999745965 0.022536302 -1.135600686 0.071322739 -0.022457307 0.997200429 0.169218123
0.998317182 -0.005427869 -0.057735581 0.649558544 0.006860069 0.999672949 0.024636995 -1.122187376 0.057582971 -0.024991605 0.998027861 0.179905698
0.999134481 -0.011177749 -0.040066484 0.722327530 0.012270262 0.999556720 0.027126076 -1.104489326 0.039745513 -0.027594225 0.998828769 0.183576211
0.999616802 -0.018668212 -0.020437784 0.794827521 0.019295081 0.999335706 0.030917130 -1.086778522 0.019847039 -0.031299632 0.999312997 0.187956691
0.999636650 -0.026840167 0.002487934 0.866226256 0.026718335 0.998831630 0.040267345 -1.068500638 -0.003565810 -0.040186238 0.999185860 0.192529172
0.998997509 -0.034365688 0.028687842 0.938061774 0.032844257 0.998111069 0.051918846 -1.053420901 -0.030417878 -0.050924566 0.998239160 0.206204563
0.997437179 -0.043360539 0.056911368 1.007796407 0.039701939 0.997165382 0.063914023 -1.034958601 -0.059521388 -0.061490733 0.996331334 0.211879909
0.994911730 -0.053168468 0.085578941 1.077616453 0.046676382 0.996003032 0.076152839 -1.017010927 -0.089285813 -0.071770839 0.993416846 0.219088897
0.991508007 -0.062081452 0.114270739 1.145927072 0.052406136 0.994932175 0.085811406 -0.999706209 -0.119018935 -0.079094201 0.989736617 0.227142587
0.987535119 -0.071169071 0.140389979 1.198568821 0.058404651 0.993948042 0.093038775 -0.985203624 -0.146161824 -0.083679624 0.985715210 0.252501279
0.983428776 -0.079795823 0.162789822 1.264122844 0.063748240 0.992787659 0.101532459 -0.969170868 -0.169717580 -0.089472368 0.981422782 0.263013363
0.979229808 -0.088284463 0.182523534 1.327979445 0.068218946 0.991200030 0.113440380 -0.954832315 -0.190932348 -0.098632634 0.976635277 0.276580274
0.975349247 -0.098253876 0.197585583 1.390563369 0.074196711 0.989291430 0.125687391 -0.940871954 -0.207818985 -0.107928902 0.972194731 0.290792495
0.971871376 -0.108027436 0.209275171 1.453025937 0.079615556 0.986981690 0.139744386 -0.926635206 -0.221646979 -0.119152017 0.967819929 0.312821388
0.968759060 -0.116888583 0.218730316 1.513316870 0.084817901 0.984936297 0.150686502 -0.915389836 -0.233048961 -0.127426654 0.964080215 0.331500500
0.966053307 -0.125040099 0.226066381 1.573392987 0.089909315 0.983087540 0.159546822 -0.905616164 -0.242192805 -0.133805275 0.960957229 0.353870481
0.963547409 -0.134591803 0.231217295 1.632564783 0.097530372 0.981479108 0.164883479 -0.898474514 -0.249126911 -0.136322334 0.958828449 0.378779709
0.960750997 -0.154526830 0.230388775 1.691550732 0.117821716 0.979161143 0.165413186 -0.893131375 -0.251148522 -0.131776080 0.958936632 0.410404205
0.957876563 -0.171875060 0.230068326 1.750702739 0.137760520 0.977939665 0.157022327 -0.889987648 -0.251981169 -0.118713677 0.960423112 0.440687895
0.955635130 -0.184285671 0.229783133 1.810432315 0.154302150 0.977708101 0.142399639 -0.888203382 -0.250903040 -0.100626059 0.962767899 0.473969638
0.954593599 -0.187286884 0.231677860 1.871341109 0.161776096 0.978908181 0.124769032 -0.886973262 -0.250158966 -0.081623778 0.964758039 0.508524895
0.954603970 -0.184281796 0.234033182 1.934445381 0.164128900 0.981044471 0.103021890 -0.885713398 -0.248582020 -0.059933499 0.966754854 0.548077464
0.955843031 -0.177808478 0.233983353 1.996997237 0.161352560 0.982979417 0.087845385 -0.884832263 -0.245620474 -0.046212584 0.968263924 0.585318565
0.958594799 -0.167215660 0.230510071 2.060345888 0.153407797 0.985181212 0.076707318 -0.883269548 -0.239920869 -0.038169198 0.970041811 0.624134004
0.962354779 -0.156314299 0.222349033 2.123537540 0.144343659 0.987104297 0.069209650 -0.881704271 -0.230300143 -0.034509562 0.972507536 0.662699342
0.967177451 -0.137702495 0.213555098 2.185922146 0.127426028 0.989956319 0.061229587 -0.879723370 -0.219841689 -0.032007404 0.975010335 0.701815844
0.972489297 -0.114616409 0.202799469 2.248888969 0.105119944 0.992822886 0.057030633 -0.877015471 -0.207880616 -0.034143411 0.977558136 0.740586519
0.977458000 -0.096194901 0.187942564 2.311057806 0.086388774 0.994470716 0.059707638 -0.874007106 -0.192646950 -0.042125579 0.980363488 0.779868662
0.982060075 -0.078998618 0.171222702 2.372994900 0.068841852 0.995541930 0.064475141 -0.870885372 -0.175552830 -0.051531173 0.983120382 0.819487810
0.985694289 -0.068825051 0.153850108 2.432568550 0.058170259 0.995654643 0.072719373 -0.868193746 -0.158186495 -0.062729575 0.985414624 0.860594213
0.988663554 -0.058623642 0.138230547 2.492076874 0.047454998 0.995439410 0.082754932 -0.866842926 -0.142451540 -0.075257055 0.986936629 0.901469707
0.990985096 -0.051730733 0.123581879 2.550351381 0.040505033 0.994964123 0.091682844 -0.866557777 -0.127702355 -0.085850649 0.988089979 0.943652213
0.992882967 -0.043722786 0.110777602 2.607725859 0.032685101 0.994494081 0.099564977 -0.867679358 -0.114520922 -0.095235594 0.988845348 0.987380326
0.994413316 -0.032991387 0.100268498 2.669663191 0.021984190 0.993802667 0.108963020 -0.874707580 -0.103241935 -0.106149949 0.988975883 1.040662527
0.995495856 -0.020818282 0.092491105 2.724634171 0.010190085 0.993436575 0.113929398 -0.878734171 -0.094255865 -0.112473749 0.989174128 1.088300467
0.996285856 -0.008737808 0.085663266 2.777770996 -0.001183700 0.993354261 0.115090683 -0.884650528 -0.086099617 -0.114764616 0.989654481 1.137686014
0.996746480 0.005761150 0.080394283 2.828972578 -0.014650481 0.993776500 0.110424794 -0.892465174 -0.079257771 -0.111243345 0.990627646 1.188313842
0.996633291 0.024419622 0.078267589 2.879254341 -0.032366373 0.994264901 0.101930209 -0.901467383 -0.075329617 -0.104120277 0.991707802 1.243786216
0.996036589 0.043334089 0.077674009 2.926112175 -0.050403751 0.994528890 0.091497518 -0.912715971 -0.073284082 -0.095049940 0.992771327 1.297821760
0.995204568 0.059624676 0.077542275 2.969827652 -0.065871865 0.994561613 0.080672950 -0.925616026 -0.072310477 -0.085393935 0.993719816 1.352982044
0.994376361 0.072551817 0.077148184 3.010089636 -0.077915177 0.994573236 0.068944059 -0.939879954 -0.071727499 -0.074567355 0.994633019 1.409200668
0.993781149 0.081387617 0.075993620 3.046782255 -0.085835017 0.994665325 0.057212509 -0.954831541 -0.070931830 -0.063379630 0.995465577 1.468862176
0.993116260 0.089610010 0.075432986 3.079446077 -0.092993811 0.994754791 0.042603176 -0.971274853 -0.071219653 -0.049324710 0.996240377 1.526660562
0.992936969 0.093098700 0.073544651 3.107950211 -0.095159099 0.995147645 0.025019340 -0.988197565 -0.070858523 -0.031841069 0.996978045 1.584759951
0.993121982 0.094430402 0.069221303 3.131927013 -0.094696462 0.995506048 0.000564870 -1.007077098 -0.068856880 -0.007115997 0.997601151 1.642036319
0.993194580 0.097551979 0.063625075 3.153284788 -0.096318074 0.995103300 -0.022187818 -1.027374148 -0.065477990 0.015908577 0.997727215 1.702121973
0.992712796 0.105050512 0.059039701 3.169206381 -0.102568232 0.993769228 -0.043617599 -1.046645164 -0.063253887 0.037244149 0.997302294 1.756622910
0.991575956 0.116412252 0.056791939 3.181818008 -0.112684384 0.991506159 -0.064944722 -1.065994740 -0.063869916 0.057998061 0.996271491 1.809372663
0.989505708 0.132461399 0.057727519 3.190363169 -0.127262533 0.988136232 -0.085971251 -1.084625959 -0.068430521 0.077722490 0.994623780 1.859124422
0.987305522 0.146946400 0.060287304 3.184772015 -0.140010566 0.984404266 -0.106514454 -1.101302266 -0.074998997 0.096721455 0.992481768 1.906729698
0.985727012 0.157094404 0.060527690 3.183610201 -0.148156449 0.980215251 -0.131254345 -1.120167255 -0.079949491 0.120413393 0.989499211 1.949776411
0.984261274 0.166175783 0.060128223 3.177552223 -0.154831111 0.974917829 -0.159882784 -1.139224768 -0.085188724 0.148056716 0.985303044 1.989002109
0.983282804 0.172209799 0.059150063 3.165582418 -0.158248663 0.968903482 -0.190219492 -1.158225298 -0.090068363 0.177679151 0.979958057 2.022721529
0.983163416 0.173310637 0.057906579 3.148276567 -0.156963587 0.963253260 -0.217957869 -1.178016663 -0.093553111 0.205198988 0.974238753 2.053532362
0.984187067 0.168304071 0.055222407 3.124522448 -0.150325492 0.958515525 -0.242178231 -1.195847154 -0.093691111 0.230047345 0.968658984 2.074908972
0.988529205 0.143104106 0.048282262 3.094486237 -0.126311511 0.958615661 -0.255149782 -1.213088274 -0.082797110 0.246124402 0.965695322 2.088939190
0.993237138 0.108789951 0.040555045 3.060003996 -0.095167860 0.962943256 -0.252355576 -1.227909207 -0.066505961 0.246789396 0.966784358 2.094970703
0.996596694 0.074789353 0.034663562 3.022404671 -0.064806633 0.970740259 -0.231221601 -1.241458774 -0.050942231 0.228188261 0.972283423 2.096931696
