1.000000000 0.000000000 0.000000000 -0.000000001 0.000000000 1.000000000 0.000000000 0.000000119 0.000000000 0.000000000 1.000000000 -0.000000238
0.999984443 0.003441743 0.004386041 -0.000075023 -0.003460189 0.999985158 0.004204938 0.019243427 -0.004371504 -0.004220049 0.999981523 0.007117581
0.999969780 0.004473844 0.006356271 -0.000657293 -0.004563424 0.999889493 0.014149371 0.041905962 -0.006292267 -0.014177949 0.999879718 0.013445095
0.999972463 0.003981302 0.006263726 -0.000958552 -0.004149071 0.999626756 0.027003188 0.065545067 -0.006153880 -0.027028434 0.999615729 0.021175018
0.999981940 0.000329711 0.006002334 -0.002169969 -0.000550357 0.999322653 0.036795534 0.090749852 -0.005986136 -0.036798172 0.999304771 0.027419142
0.999978960 -0.001522907 0.006308057 -0.002849961 0.001243185 0.999025822 0.044112589 0.116699077 -0.006369092 -0.044103820 0.999006629 0.034889452
0.999967694 -0.005691185 0.005674686 -0.003692111 0.005406012 0.998781085 0.049061868 0.141442806 -0.005946990 -0.049029607 0.998779595 0.042642996
0.999957740 -0.008006993 0.004516925 -0.004064974 0.007759262 0.998594642 0.052426387 0.166567832 -0.004930355 -0.052389126 0.998614550 0.048499595
0.999956250 -0.008588579 0.003698133 -0.004728962 0.008364842 0.998352170 0.056771770 0.189713359 -0.004179628 -0.056738354 0.998380363 0.054384224
0.999963045 -0.008055172 0.003007842 -0.005092021 0.007851974 0.998022974 0.062358059 0.211232543 -0.003504201 -0.062332138 0.998049319 0.058941562
0.999990702 -0.000823234 0.004230491 -0.006328951 0.000523106 0.997514367 0.070461541 0.231263101 -0.004277982 -0.070458680 0.997505546 0.062035322
0.999997318 0.000250809 0.002304008 -0.007517516 -0.000438502 0.996646345 0.081828006 0.249232545 -0.002275758 -0.081828795 0.996643782 0.064265229
0.999991775 0.002984376 0.002736934 -0.008377213 -0.003234062 0.995347917 0.096291505 0.265737683 -0.002436832 -0.096299566 0.995349407 0.066380039
0.999990344 0.004142162 0.001467878 -0.009175477 -0.004282276 0.993497312 0.113775216 0.277894735 -0.000987057 -0.113780402 0.993505418 0.068448357
0.999997199 0.002334109 0.000377410 -0.009657397 -0.002363401 0.991443515 0.130515099 0.284277111 -0.000069544 -0.130515635 0.991446257 0.069113173
0.999997973 -0.000200996 -0.001988412 -0.011262868 0.000485501 0.989557683 0.144136578 0.282596558 0.001938678 -0.144137263 0.989555836 0.067103550
0.999987602 -0.000543337 -0.004949576 -0.011203736 0.001274649 0.988840282 0.148974195 0.272852242 0.004813397 -0.148978665 0.988828719 0.064032376
0.999983549 -0.000649743 -0.005701694 -0.011790358 0.001478388 0.989200771 0.146559492 0.254924595 0.005544894 -0.146565512 0.989185452 0.058987144
0.999991596 0.003172782 -0.002589759 -0.012664531 -0.002782511 0.990311325 0.138836965 0.229889616 0.003005167 -0.138828591 0.990311861 0.052681811
0.999922574 0.011927675 0.003547414 -0.013623099 -0.012284460 0.991647363 0.128392249 0.198795110 -0.001986363 -0.128425896 0.991717100 0.044879768
0.999799550 0.017071312 0.010458333 -0.013563802 -0.018166872 0.993126631 0.115626134 0.163575962 -0.008412560 -0.115792952 0.993237734 0.038659662
0.999465108 0.024704538 0.021429285 -0.014374576 -0.026759107 0.994466662 0.101587713 0.125102401 -0.018801033 -0.102106795 0.994595766 0.031189900
0.998936176 0.033118911 0.032087736 -0.014436407 -0.035789140 0.995602846 0.086568333 0.085223503 -0.029079592 -0.087624632 0.995729029 0.022869477
0.998598814 0.037938025 0.036892503 -0.016951695 -0.040512320 0.996600628 0.071735390 0.046452977 -0.034045592 -0.073129483 0.996741176 0.015411627
0.998403251 0.042133477 0.037625745 -0.019547760 -0.044261355 0.997355998 0.057636116 0.009226215 -0.035097852 -0.059209455 0.997628391 0.006182461
0.998560607 0.040432390 0.035241701 -0.020980306 -0.041985672 0.998126268 0.044509947 -0.024912260 -0.033376023 -0.045925528 0.998387158 -0.001488415
0.998596132 0.038765810 0.036096446 -0.022248721 -0.039879836 0.998733640 0.030671418 -0.050646652 -0.034861736 -0.032067880 0.998877525 -0.005131337
0.998768270 0.033169478 0.036901340 -0.024393393 -0.033802174 0.999289751 0.016655782 -0.087643757 -0.036322668 -0.017882613 0.999180079 -0.013052796
0.999031961 0.024155105 0.036764406 -0.023394419 -0.024011714 0.999702275 -0.004336829 -0.101575002 -0.036858216 0.003449855 0.999314547 -0.007015818
0.998940408 0.026117936 0.037893169 -0.025493247 -0.025454089 0.999515772 -0.017896919 -0.131455541 -0.038342252 0.016913420 0.999121547 -0.022397168
0.999140561 0.021663660 0.035339385 -0.017922416 -0.020418623 0.999171019 -0.035219301 -0.145991966 -0.036073066 0.034467448 0.998754561 -0.031831797
0.999101758 0.021771431 0.036354132 -0.017284481 -0.020098653 0.998750210 -0.045761496 -0.154080078 -0.037304990 0.044989720 0.998290658 -0.034596842
0.998812973 0.026997916 0.040542826 -0.016348140 -0.025016781 0.998504877 -0.048602052 -0.152631879 -0.041794367 0.047530107 0.997995079 -0.034886241
0.998578548 0.032077666 0.042567126 -0.013952834 -0.030207755 0.998580575 -0.043867640 -0.143803880 -0.043913879 0.042519428 0.998130083 -0.033988889
0.998252630 0.037839893 0.045384929 -0.013185201 -0.036331024 0.998774052 -0.033622604 -0.127019018 -0.046601564 0.031914975 0.998403609 -0.031051517
0.998263180 0.035356846 0.047122955 -0.011869774 -0.034388084 0.999183416 -0.021212904 -0.105050556 -0.047834493 0.019555593 0.998663843 -0.024791615
0.998434901 0.032552470 0.045476791 -0.010561789 -0.032209989 0.999447107 -0.008243638 -0.077463895 -0.045720000 0.006765929 0.998931408 -0.018748216
0.998655975 0.027338564 0.044032756 -0.008411444 -0.027451623 0.999621212 0.001964842 -0.046335261 -0.043962363 -0.003170972 0.999028146 -0.009859783
0.998644054 0.029848803 0.042651113 -0.005439089 -0.030246016 0.999504626 0.008698162 -0.015095955 -0.042370353 -0.009976393 0.999052167 0.001134144
0.998894870 0.025516925 0.039470546 -0.001373801 -0.025978146 0.999599576 0.011216701 0.023334244 -0.039168529 -0.012229676 0.999157786 0.007212034
0.999024868 0.027756367 0.034335930 -0.002074122 -0.028330855 0.999464750 0.016359454 0.047339354 -0.033863474 -0.017316269 0.999276459 0.017394956
0.999100804 0.027257597 0.032474875 -0.000870439 -0.027954349 0.999384403 0.021197807 0.079472505 -0.031877086 -0.022086561 0.999247730 0.023623459
0.999323666 0.022398844 0.029163266 -0.000977854 -0.023289002 0.999261856 0.030550111 0.113407843 -0.028457453 -0.031208634 0.999107718 0.032042559
0.999224663 0.020387353 0.033681594 0.000038562 -0.021859879 0.998794734 0.043945305 0.144843712 -0.032745071 -0.044647507 0.998466015 0.039114282
0.999149263 0.017021559 0.037564248 0.000435939 -0.019241568 0.998039782 0.059551399 0.175788537 -0.036476955 -0.060223531 0.997518182 0.047393404
0.999022663 0.016276883 0.041095480 -0.000224650 -0.019417016 0.996826053 0.077206016 0.200877041 -0.039708376 -0.077928513 0.996167839 0.052786209
0.999009132 0.018272944 0.040582109 -0.000794260 -0.022037774 0.995295048 0.094351098 0.222391292 -0.038667101 -0.095151946 0.994711518 0.056546800
0.999147654 0.017850785 0.037219077 -0.002159213 -0.021807956 0.993826330 0.108782619 0.237702876 -0.035047442 -0.109501570 0.993368566 0.060905851
0.999261677 0.017950058 0.033969048 -0.005615843 -0.021934696 0.992431521 0.120824642 0.245679304 -0.031543147 -0.121480532 0.992092490 0.060139593
0.999348700 0.017673818 0.031461284 -0.006826638 -0.021557195 0.991576016 0.127719551 0.245387763 -0.028938964 -0.128314584 0.991311193 0.059232492
0.999428153 0.018771458 0.028125327 -0.006455999 -0.022253066 0.991383493 0.129087389 0.236820504 -0.025459826 -0.129639447 0.991234303 0.057215329
0.999520242 0.016892690 0.025960766 -0.008562655 -0.019988108 0.992078424 0.124019593 0.218608171 -0.023660090 -0.124478996 0.991940081 0.052089695
0.999517620 0.018340847 0.025062229 -0.010709253 -0.021027999 0.993536949 0.111544222 0.195007041 -0.022854436 -0.112017423 0.993443370 0.045564767
0.999496400 0.018733179 0.025612852 -0.012919344 -0.021111688 0.995158374 0.095989965 0.167117983 -0.023690647 -0.096482359 0.995052695 0.038770229
0.999384105 0.020303218 0.028622217 -0.013906574 -0.022619283 0.996287346 0.083065242 0.138314426 -0.026829462 -0.083661497 0.996132970 0.032894809
0.999263823 0.021182010 0.031985581 -0.014850193 -0.023477355 0.997042358 0.073180161 0.104091652 -0.030340875 -0.073877223 0.996805668 0.025785046
0.998965740 0.025491808 0.037651762 -0.014591521 -0.027980704 0.997352004 0.067127235 0.070662640 -0.035840869 -0.068111323 0.997033715 0.017823556
0.998755813 0.025412599 0.042906497 -0.014810842 -0.028068310 0.997651935 0.062472135 0.038523845 -0.041218173 -0.063598722 0.997124016 0.009658779
0.998660624 0.024926094 0.045338634 -0.014364386 -0.027526436 0.997956455 0.057664126 0.006372802 -0.043808643 -0.058834903 0.997305989 0.001542501
0.998550177 0.020912420 0.049600929 -0.013631874 -0.023432586 0.998434722 0.050783869 -0.026659783 -0.048461273 -0.051872518 0.997477174 -0.005155640
0.998340130 0.015453745 0.055481352 -0.011674226 -0.017754499 0.998992383 0.041218437 -0.057680912 -0.054788470 -0.042135060 0.997608542 -0.010443823
0.997835755 0.011267833 0.064782672 -0.010268877 -0.013090510 0.999528348 0.027779963 -0.089997038 -0.064439096 -0.028567880 0.997512639 -0.017345961
0.997472584 0.006793305 0.070726685 -0.007252485 -0.007590007 0.999910653 0.011001866 -0.117090583 -0.070645623 -0.011510877 0.997435033 -0.022350265
0.997203529 0.006965003 0.074408442 -0.005931632 -0.006555555 0.999962032 -0.005745535 -0.143829897 -0.074445635 0.005241679 0.997211277 -0.031338345
0.996930957 0.007321940 0.077942602 -0.005398960 -0.005603250 0.999736786 -0.022246623 -0.164805755 -0.078084983 0.021741616 0.996709585 -0.039199904
0.996914208 0.010256392 0.077826068 -0.004395361 -0.007657300 0.999405324 -0.033621404 -0.174331293 -0.078124613 0.032921720 0.996399879 -0.040642276
0.996764600 0.012167469 0.079450130 -0.002926256 -0.009191943 0.999246418 -0.037710410 -0.182484344 -0.079849094 0.036858100 0.996125281 -0.045219712
0.996365368 0.016499614 0.083568968 -0.003424196 -0.013335656 0.999178112 -0.038278162 -0.179223537 -0.084131859 0.037024587 0.995766521 -0.044526603
0.996213973 0.020668490 0.084442690 -0.001475649 -0.017679526 0.999195695 -0.035992157 -0.168009877 -0.085118681 0.034362983 0.995778084 -0.039474685
0.996351540 0.022347433 0.082365960 0.000330697 -0.019720593 0.999274909 -0.032569114 -0.149630681 -0.083034068 0.030825984 0.996069849 -0.035084501
0.996541500 0.020560674 0.080512829 0.001734125 -0.018324923 0.999428391 -0.028410062 -0.131862208 -0.081050940 0.026836414 0.996348619 -0.028993942
0.996667922 0.021126414 0.078783020 0.003813408 -0.019341810 0.999540329 -0.023346927 -0.106798247 -0.079240039 0.021745328 0.996618390 -0.019773917
0.997095346 0.018400956 0.073907383 0.006319582 -0.017030548 0.999671936 -0.019129897 -0.077054359 -0.074235149 0.017815648 0.997081637 -0.009543777
0.997307420 0.022359861 0.069842726 0.006455769 -0.021541299 0.999690413 -0.012451421 -0.045531061 -0.070099518 0.010913391 0.997480333 -0.001410356
0.997402847 0.025783936 0.067251369 0.007431201 -0.025474606 0.999660611 -0.005453267 -0.010222058 -0.067369148 0.003725902 0.997721136 0.007879348
0.997376204 0.028663663 0.066476703 0.010198648 -0.028942803 0.999575794 0.003239613 0.024557348 -0.066355646 -0.005155135 0.997782707 0.017549615
0.996942461 0.031491786 0.071512111 0.011791725 -0.032589987 0.999367356 0.014242062 0.059088022 -0.071018361 -0.016529096 0.997338057 0.027683049
0.997491062 0.027023360 0.065431662 0.012575808 -0.029114507 0.999088407 0.031219332 0.093010060 -0.064528368 -0.033046015 0.997368574 0.035002269
0.997836053 0.019535938 0.062782079 0.012472684 -0.022841515 0.998366356 0.052372664 0.125698209 -0.061656363 -0.053693369 0.996652126 0.040781550
0.998213232 0.011309513 0.058671951 0.012527738 -0.015725376 0.997032642 0.075356722 0.155506536 -0.057645604 -0.076144710 0.995429039 0.047816772
0.998371184 0.004838972 0.056847021 0.013681078 -0.010281521 0.995343447 0.095842056 0.180229485 -0.056118533 -0.096270420 0.993771970 0.054145768
0.998377919 0.003971245 0.056796152 0.014016641 -0.010258727 0.993784845 0.110844195 0.204694420 -0.056002963 -0.111247048 0.992213547 0.058918241
0.998294175 0.009202579 0.057654813 0.014495735 -0.016151605 0.992490709 0.121248834 0.225955889 -0.056106068 -0.121973224 0.990946352 0.063512348
0.998352349 0.015741663 0.055179290 0.014389334 -0.022684665 0.991572261 0.127553195 0.243235186 -0.052706353 -0.128594756 0.990295649 0.067518078
0.998616159 0.018393040 0.049268950 0.013113422 -0.024693947 0.991140485 0.130501866 0.254597723 -0.046432126 -0.131537914 0.990223110 0.068419673
0.998875797 0.021193519 0.042402238 0.012317430 -0.026554149 0.991138875 0.130148232 0.259516895 -0.039268211 -0.131127864 0.990587473 0.066664718
0.999099672 0.021412896 0.036624119 0.010208361 -0.026031783 0.991081417 0.130690485 0.257109255 -0.033499025 -0.131526202 0.990746498 0.064653412
0.999241590 0.021874567 0.032214958 0.008826438 -0.025914678 0.991060674 0.130870938 0.247256234 -0.029064232 -0.131606519 0.990875900 0.063514881
0.999212623 0.024347486 0.031326238 0.007778247 -0.028237553 0.991056561 0.130420491 0.230322987 -0.027870664 -0.131202385 0.990963757 0.058092862
0.999225080 0.024486350 0.030816888 0.006786887 -0.028226668 0.991441607 0.127462819 0.208150804 -0.027432049 -0.128233895 0.991364479 0.053906925
0.999216855 0.024615796 0.030980276 0.005947026 -0.028241890 0.992048144 0.122649595 0.182297349 -0.027714806 -0.123428479 0.991966367 0.046276901
0.999030054 0.028358007 0.033686388 0.005106617 -0.032191999 0.992331028 0.119343303 0.152380556 -0.030043710 -0.120311983 0.992281437 0.040650647
0.998567462 0.034146622 0.041195713 0.006278426 -0.038680933 0.992631793 0.114829794 0.120977797 -0.036971129 -0.116258785 0.992530644 0.035846412
0.998076141 0.039188098 0.048044968 0.006226370 -0.044189434 0.993180275 0.107890055 0.085849106 -0.043489311 -0.109805569 0.993001223 0.030420706
0.997765899 0.041205764 0.052586567 0.005184359 -0.046260923 0.994026959 0.098845258 0.049388994 -0.048199471 -0.101057127 0.993712366 0.022803186
0.997647166 0.039729536 0.055872355 0.004670284 -0.044414707 0.995366633 0.085279256 0.012278852 -0.052225377 -0.087560162 0.994789302 0.016882818
0.997420609 0.038327970 0.060688473 0.004280882 -0.042434491 0.996790051 0.067889355 -0.024555754 -0.057891600 -0.070289530 0.995845318 0.015311217
0.997034669 0.036127117 0.067946546 0.003763588 -0.039377403 0.998112738 0.047120873 -0.060648955 -0.066115968 -0.049656700 0.996575594 0.009016059
0.996599138 0.036329351 0.073962115 0.003083061 -0.038282573 0.998950064 0.025163874 -0.094570972 -0.072970279 -0.027909756 0.996943533 0.001970847
0.996041954 0.035658777 0.081417680 0.002249540 -0.036190018 0.999332130 0.005058108 -0.125401899 -0.081182942 -0.007984595 0.996667206 -0.005068237
0.995828986 0.035416331 0.084085010 0.001740767 -0.034476783 0.999326050 -0.012600124 -0.152421772 -0.084474586 0.009648588 0.996378899 -0.018151451
0.995828390 0.031103425 0.085781239 0.000376383 -0.028968416 0.999241531 -0.026022727 -0.175322980 -0.086525567 0.023429224 0.995974123 -0.025301626
0.995995224 0.028150108 0.084859058 -0.001663612 -0.025234863 0.999060452 -0.035233218 -0.193917945 -0.085771143 0.032950711 0.995769858 -0.030777551
0.995982885 0.022003993 0.086797990 -0.003276927 -0.018602815 0.999034464 -0.039801165 -0.205055937 -0.087589972 0.038026594 0.995430529 -0.034066342
0.995709479 0.019500287 0.090456776 -0.003962679 -0.016024226 0.999110878 -0.038996253 -0.209044367 -0.091136791 0.037379440 0.995136619 -0.034394737
0.995424092 0.016961219 0.094038159 -0.004321281 -0.013670207 0.999275088 -0.035530996 -0.205681831 -0.094572634 0.034082886 0.994934380 -0.032397546
0.995393813 0.015931647 0.094537802 -0.004358405 -0.013067598 0.999439001 -0.030837435 -0.196078032 -0.094976060 0.029460009 0.995043516 -0.028370751
0.994933248 0.014499718 0.099486858 -0.003582131 -0.012055980 0.999611735 -0.025120849 -0.180536523 -0.099812478 0.023794157 0.994721711 -0.022479488
0.994350493 0.015194769 0.105053261 -0.001713186 -0.013284354 0.999733865 -0.018861102 -0.160647050 -0.105311885 0.017358983 0.994287729 -0.015224246
0.993559003 0.021492377 0.111259043 0.001428762 -0.020218238 0.999716580 -0.012567712 -0.137253493 -0.111497626 0.010237301 0.993711948 -0.007083793
0.992855787 0.027391942 0.116133623 0.004631620 -0.026755212 0.999617219 -0.007038353 -0.113551669 -0.116281964 0.003880890 0.993208647 -0.003704973
0.992289305 0.036276009 0.118515804 0.008179177 -0.036392655 0.999336898 -0.001180527 -0.087226115 -0.118480042 -0.003141680 0.992951453 0.004243681
0.992012382 0.040177379 0.119571112 0.010104730 -0.041180093 0.999134183 0.005925937 -0.061220232 -0.119229488 -0.010802552 0.992807984 0.012620883
0.992605209 0.043436382 0.113349989 0.011932926 -0.045451481 0.998850107 0.015253119 -0.035149414 -0.112557113 -0.020292249 0.993438005 0.019892745
0.993085265 0.045534167 0.108204924 0.013429430 -0.048610415 0.998480320 0.025962899 -0.009457572 -0.106858291 -0.031043259 0.993789554 0.025051381
0.994227707 0.046734534 0.096577227 0.014413208 -0.050583273 0.998004496 0.037793774 0.014916517 -0.094618231 -0.042460810 0.994607687 0.027515421
0.995452464 0.045753468 0.083552271 0.016064275 -0.050150272 0.997423053 0.051304974 0.037624888 -0.080989584 -0.055261835 0.995181799 0.031641975
0.996613443 0.041475415 0.071003348 0.016540576 -0.046131864 0.996802151 0.065248415 0.055918723 -0.068070084 -0.068302959 0.995339751 0.030212998
0.997650981 0.035817258 0.058392052 0.017012451 -0.040444531 0.995966613 0.080091961 0.070485644 -0.055287864 -0.082265459 0.995075703 0.022872729
0.998290062 0.029749583 0.050318200 0.017412912 -0.034483876 0.994783938 0.095999137 0.081583612 -0.047199804 -0.097570151 0.994108796 0.019525921
0.998912871 0.021481387 0.041371610 0.014663279 -0.025970802 0.993455291 0.111230172 0.090187907 -0.038711462 -0.112183712 0.992933154 0.015584540
0.999317169 0.014661211 0.033915594 0.014200138 -0.018946936 0.991370499 0.129713371 0.095214389 -0.031721167 -0.130267397 0.990971327 0.011050999
0.999552131 0.008856377 0.028585242 0.013552805 -0.013005484 0.988841593 0.148401916 0.097241066 -0.026951974 -0.148707211 0.988513887 0.005482015
0.999574602 0.003927796 0.028899111 0.013365796 -0.008776870 0.985467136 0.169639215 0.098334260 -0.027812816 -0.169820711 0.985082448 0.001154564
0.999381483 -0.001282044 0.035143085 0.013119454 -0.005544818 0.981090188 0.193471596 0.098428875 -0.034726575 -0.193546787 0.980476260 -0.002116576
0.998812079 -0.003910133 0.048570916 0.013206777 -0.006779252 0.975930929 0.217974439 0.098090462 -0.048254170 -0.218044773 0.974745095 -0.004625979
0.998091638 -0.009233753 0.061056316 0.012066519 -0.005652395 0.970944166 0.239239261 0.096973494 -0.061491355 -0.239127800 0.969039083 -0.007369506
0.997348189 -0.015288661 0.071153678 0.009920331 -0.003582160 0.966188014 0.257813573 0.095215723 -0.072689451 -0.257384777 0.963571131 -0.010365369
0.996938169 -0.021098077 0.075293839 0.007293672 -0.000403202 0.961511672 0.274763763 0.093523666 -0.078192890 -0.273952842 0.958559215 -0.014212007
0.996777654 -0.024959136 0.076232038 0.004791352 0.001517826 0.956057191 0.293176323 0.092651464 -0.080199622 -0.292115897 0.953014314 -0.018805081
0.996552765 -0.030887639 0.076996833 0.004525761 0.005307728 0.949943244 0.312377453 0.093651228 -0.082791224 -0.310891926 0.946832538 -0.023297625
0.996318758 -0.036200173 0.077707678 0.003465620 0.008348655 0.943130851 0.332316965 0.093888551 -0.085318431 -0.330444843 0.939961135 -0.028639575
0.996077418 -0.042913362 0.077383399 0.002880456 0.012984407 0.935947657 0.351899654 0.094299003 -0.087528005 -0.349514514 0.932833552 -0.034380786
0.996065438 -0.043758705 0.077063888 0.003137096 0.012160642 0.928853869 0.370246738 0.095421888 -0.087782606 -0.367852837 0.925731361 -0.040537938
0.996140838 -0.042959161 0.076537423 0.004453738 0.010115111 0.922408462 0.386083305 0.096042559 -0.087184586 -0.383819163 0.919283271 -0.046348765
0.996413767 -0.041617867 0.073671840 0.006622853 0.008859117 0.917204916 0.398317248 0.095675141 -0.084149294 -0.396236151 0.914284348 -0.051345248
0.996667564 -0.040546529 0.070779167 0.009809845 0.008404529 0.914134622 0.405323625 0.094364434 -0.081136160 -0.403378069 0.911429167 -0.055023134
0.996620834 -0.042147286 0.070501775 0.014114371 0.009884896 0.913621306 0.406446010 0.092100240 -0.081542522 -0.404375643 0.910950661 -0.056844488
0.996766806 -0.041813344 0.068612240 0.018810751 0.010752528 0.915660143 0.401809514 0.089770272 -0.079626493 -0.399772644 0.913149238 -0.057689894
0.997036278 -0.042785496 0.063937701 0.023030682 0.014110550 0.918690383 0.394726366 0.087968238 -0.075627513 -0.392654330 0.916571379 -0.057378773
0.997212470 -0.043210715 0.060828865 0.028226957 0.016428309 0.922389328 0.385912001 0.086162046 -0.072783425 -0.383836925 0.920527995 -0.053523473
0.997406960 -0.041011464 0.059139088 0.031808306 0.015588128 0.925345898 0.378803343 0.085593127 -0.070259392 -0.376899213 0.923585713 -0.051794030
0.997745156 -0.035992693 0.056649469 0.033891775 0.012267911 0.927627385 0.373305470 0.085910082 -0.065985866 -0.371768743 0.925977230 -0.049396176
0.998066545 -0.032902237 0.052731551 0.035081148 0.011146095 0.929389000 0.368933469 0.085868910 -0.061146855 -0.367632419 0.927958786 -0.047119606
0.998460412 -0.026285924 0.048845343 0.036252845 0.006553178 0.930319190 0.366692334 0.085305661 -0.055080608 -0.365807682 0.929059148 -0.044629849
0.998645306 -0.023485396 0.046432581 0.037161794 0.004760518 0.929843545 0.367924362 0.084554113 -0.051815886 -0.367204875 0.928695679 -0.042261496
0.998815954 -0.019229002 0.044687580 0.038646933 0.001208948 0.928096652 0.372337401 0.083518073 -0.048634071 -0.371842504 0.927020967 -0.040086824
0.998885095 -0.016174534 0.044350676 0.041265443 -0.001733642 0.926271200 0.376853704 0.082718588 -0.047176182 -0.376510441 0.925210416 -0.037761066
0.998967528 -0.015227308 0.042802174 0.045263808 -0.002162733 0.925145566 0.379606426 0.081774123 -0.045378622 -0.379307032 0.924157441 -0.035227008
0.998920739 -0.016657013 0.043357801 0.050957147 -0.001146062 0.924359620 0.381520689 0.080882207 -0.046433192 -0.381158590 0.923342884 -0.032249421
0.998854458 -0.018409491 0.044168673 0.058690649 0.000107354 0.923893094 0.382650703 0.079947367 -0.047851540 -0.382207602 0.922836721 -0.029008035
0.998710632 -0.020761361 0.046325605 0.068204917 0.001371613 0.923250675 0.384195685 0.078768559 -0.050746571 -0.383636773 0.922088742 -0.025638562
0.998570681 -0.023625765 0.047941934 0.079379536 0.003303241 0.922561646 0.385835618 0.078046471 -0.053345051 -0.385125786 0.921321034 -0.022101220
0.998405278 -0.028060813 0.048985112 0.092078313 0.006865888 0.921629429 0.388010383 0.076967806 -0.056034010 -0.387055278 0.920352340 -0.019065084
0.998235106 -0.032658115 0.049599767 0.106454521 0.010738514 0.920708418 0.390103459 0.075626820 -0.058406964 -0.388882339 0.919434130 -0.016481590
0.998048306 -0.036567871 0.050619282 0.122560933 0.013864976 0.920139432 0.391345412 0.074256562 -0.060887463 -0.389879793 0.918850660 -0.014358101
0.997718036 -0.040991653 0.053650305 0.139869392 0.016807754 0.920384347 0.390653461 0.072460905 -0.065392435 -0.388860255 0.918973088 -0.012129836
0.997322798 -0.045499559 0.057245478 0.158102244 0.019869458 0.922007322 0.386662275 0.070289984 -0.070373714 -0.384489685 0.920442939 -0.009686342
0.996764958 -0.050845478 0.062244035 0.176963925 0.023393456 0.924463928 0.380551130 0.067583524 -0.076891668 -0.377863914 0.922662735 -0.006974864
0.996045709 -0.057314985 0.067881450 0.195905417 0.027884349 0.927143335 0.373667926 0.065059826 -0.084352598 -0.370297521 0.925075352 -0.004320196
0.995319128 -0.061198864 0.074796252 0.214392886 0.029390428 0.928968966 0.368989021 0.063116550 -0.092065103 -0.365063518 0.926419258 -0.003787340
0.994522035 -0.066497967 0.080647029 0.232746094 0.032357201 0.929499269 0.367401809 0.062161088 -0.099392824 -0.362779707 0.926559210 -0.001689362
0.993766546 -0.070235297 0.086574093 0.251324028 0.033391826 0.928457320 0.369935155 0.062159874 -0.106362849 -0.364738286 0.925015092 -0.000083798
0.992756069 -0.073842287 0.094777301 0.268817306 0.032863770 0.925650001 0.376951098 0.063157618 -0.115565538 -0.371105731 0.921371341 0.001344279
0.991606712 -0.076424725 0.104284897 0.285319537 0.030302905 0.921505213 0.387181908 0.064541720 -0.125689343 -0.380772084 0.916086674 0.002509539
0.990411699 -0.082354404 0.110916473 0.299967498 0.031907402 0.917542934 0.396354467 0.066131286 -0.134412169 -0.389015049 0.911372960 0.004043417
0.990008235 -0.085580334 0.112070076 0.312551677 0.033482388 0.914709032 0.402723670 0.068048172 -0.136976734 -0.394947350 0.908434927 0.005503547
0.989892960 -0.085195847 0.113373697 0.323725820 0.032062434 0.913186491 0.406278759 0.070022427 -0.138144583 -0.398537427 0.906688452 0.006670807
0.990054131 -0.084847942 0.112221278 0.332917958 0.032116514 0.912912607 0.406889647 0.071849726 -0.136971965 -0.399238616 0.906557918 0.007885954
0.990199089 -0.085261710 0.110617258 0.340003371 0.033392087 0.913589060 0.405265391 0.073375210 -0.135612339 -0.397599697 0.907482088 0.009133879
0.990353048 -0.086446576 0.108295120 0.344793320 0.035909042 0.914948046 0.401970923 0.074638218 -0.133833423 -0.394204378 0.909225762 0.009852903
0.990720212 -0.086438090 0.104889944 0.347314805 0.037767395 0.916404188 0.398468286 0.075648718 -0.130564421 -0.390809149 0.911164701 0.010130994
0.990680397 -0.088630334 0.103426531 0.347780377 0.040788114 0.917528033 0.395573914 0.076617658 -0.129956588 -0.387668729 0.912592053 0.009817424
0.990589321 -0.089944631 0.103163652 0.346217543 0.042246208 0.917876840 0.394610435 0.077285379 -0.130184621 -0.386538595 0.913038850 0.009358038
0.990320921 -0.088619925 0.106822386 0.342929929 0.039446257 0.917598963 0.395545334 0.077445604 -0.133073315 -0.387503058 0.912213206 0.008357440
0.990170002 -0.087436721 0.109170280 0.337352693 0.037452955 0.917762995 0.395358443 0.076482549 -0.134761289 -0.387383342 0.912016213 0.006964368
0.990195394 -0.087544061 0.108853899 0.329243660 0.037785180 0.918065131 0.394624770 0.075127810 -0.134482026 -0.386642575 0.912371695 0.005085493
0.990451932 -0.086471900 0.107366413 0.319193661 0.037509494 0.918471515 0.393704385 0.073838525 -0.132657364 -0.385917991 0.912945390 0.002679570
0.990861952 -0.086809844 0.103230767 0.307127982 0.039322510 0.918028414 0.394559950 0.073555805 -0.129020467 -0.386895150 0.913053036 -0.000105203
0.991595268 -0.083701178 0.098655775 0.293808907 0.037911575 0.917042792 0.396982670 0.074282907 -0.123699486 -0.389905930 0.912508547 -0.002890532
0.992139339 -0.081591249 0.094880804 0.278792143 0.037093159 0.915883183 0.399727494 0.075639047 -0.119514003 -0.393065959 0.911710262 -0.005457359
0.992657781 -0.080485709 0.090291761 0.262384385 0.037721321 0.915240765 0.401137769 0.076564662 -0.114924558 -0.394786596 0.911556840 -0.007611209
0.993246794 -0.079226770 0.084758036 0.244300574 0.038803510 0.915316999 0.400860429 0.077012144 -0.109339349 -0.394864440 0.912209928 -0.009976366
0.993890107 -0.076220140 0.079831026 0.225006416 0.038173333 0.916013896 0.399326146 0.077059045 -0.103563018 -0.393838882 0.913326681 -0.012653334
0.994556725 -0.072769769 0.074575469 0.204524353 0.037464827 0.917598069 0.395740092 0.076702282 -0.097228214 -0.390792012 0.915329576 -0.015604643
0.995245814 -0.068876661 0.068860888 0.183318645 0.036619730 0.919778824 0.390724897 0.075934432 -0.090248615 -0.386345625 0.917928219 -0.018966811
0.995934308 -0.063611664 0.063784197 0.161469206 0.034209844 0.922096312 0.385445327 0.075001925 -0.083333984 -0.381696194 0.920523465 -0.022225989
0.996375978 -0.060524564 0.059764002 0.139002055 0.033305209 0.924127817 0.380629212 0.073522449 -0.078266993 -0.377259344 0.922794461 -0.025313871
0.996744931 -0.057981536 0.056014858 0.115578160 0.032576993 0.925222933 0.378022850 0.072118573 -0.073744573 -0.374967575 0.924100161 -0.028220931
0.997099876 -0.055239689 0.052348439 0.091645762 0.031401020 0.925195873 0.378188550 0.071411677 -0.069323577 -0.375447989 0.924247265 -0.031151433
0.997578084 -0.050372932 0.047963973 0.066764869 0.028415468 0.924553931 0.379990280 0.071422741 -0.063486502 -0.377707064 0.923746109 -0.033307325
0.997957051 -0.047053456 0.043216586 0.042256154 0.026888059 0.922946215 0.383988678 0.072255313 -0.057954580 -0.382042229 0.922325850 -0.035825342
0.998340189 -0.041929524 0.039481122 0.018250907 0.023390632 0.921643794 0.387331396 0.073486693 -0.052628148 -0.385764986 0.921094775 -0.037467245
0.998603046 -0.037440490 0.037285350 -0.004583836 0.020058259 0.921423197 0.388042510 0.074750088 -0.048884086 -0.386752546 0.920886993 -0.039065383
0.998740375 -0.035825528 0.035131272 -0.028570499 0.019487092 0.922139108 0.386367291 0.076283358 -0.046237733 -0.385196000 0.921675682 -0.040436517
0.998910725 -0.034958594 0.030907653 -0.051968765 0.020388464 0.922780395 0.384786546 0.077057369 -0.041972570 -0.383737266 0.922487974 -0.042058054
0.999054313 -0.031704027 0.029754579 -0.076507539 0.017975073 0.924278557 0.381295264 0.079893820 -0.039590113 -0.380399823 0.923974335 -0.043368887
0.999212623 -0.029621212 0.026395379 -0.099275693 0.017384170 0.924890697 0.379835516 0.080909148 -0.035664029 -0.379077584 0.924677372 -0.044820525
0.999332368 -0.026951607 0.024667464 -0.123219162 0.015649211 0.925841272 0.377588481 0.083988488 -0.033014771 -0.376950353 0.925644875 -0.046302833
0.999520004 -0.025227811 0.017981140 -0.146030262 0.016556550 0.925558746 0.378241807 0.086583547 -0.026184814 -0.377762526 0.925532162 -0.047610715
0.999707103 -0.021896875 0.010305177 -0.167912319 0.016308596 0.924173892 0.381623685 0.088391021 -0.017880142 -0.381343842 0.924260318 -0.052085094
0.999829471 -0.018226866 0.002958873 -0.187474772 0.015654255 0.921648681 0.387709469 0.091757290 -0.009793770 -0.387597054 0.921776891 -0.053248458
0.999873221 -0.015023290 -0.005279414 -0.205645442 0.015888600 0.919157147 0.393570513 0.095024809 -0.001060113 -0.393604487 0.919279277 -0.054284215
0.999794126 -0.014012121 -0.014675986 -0.222298861 0.018688079 0.917630970 0.396993876 0.098040052 0.007904414 -0.397186399 0.917703927 -0.055089105
0.999643505 -0.012499724 -0.023591597 -0.237222821 0.020826750 0.917963803 0.396117002 0.100537643 0.016704880 -0.396467119 0.917896926 -0.055797637
0.999503613 -0.010525775 -0.029694123 -0.249622256 0.021311842 0.920048952 0.391223371 0.101572476 0.023202119 -0.391662002 0.919816613 -0.056444664
0.999332488 -0.008937717 -0.035421520 -0.259652257 0.021885611 0.922824562 0.384598315 0.102141179 0.029250421 -0.385116816 0.922404170 -0.057122447
0.999114811 -0.008663418 -0.041165218 -0.266792387 0.023603113 0.925464153 0.378099263 0.102117777 0.034821302 -0.378736198 0.924849391 -0.057811409
0.999027371 -0.007373623 -0.043473549 -0.270276099 0.023115452 0.927165747 0.373937637 0.101787955 0.037549913 -0.374578863 0.926434398 -0.058731798
0.999045908 -0.005543893 -0.043318946 -0.270621359 0.021307666 0.927714527 0.372681886 0.101385415 0.038121503 -0.373249322 0.926947534 -0.059976213
0.999138892 -0.002829446 -0.041394446 -0.267898917 0.018127924 0.927179515 0.374178469 0.101016045 0.037321363 -0.374606669 0.926432371 -0.065125518
0.999320269 -0.002989244 -0.036743931 -0.262349933 0.016607249 0.926347494 0.376303822 0.100424014 0.032912783 -0.376658231 0.925767422 -0.066318199
0.999502420 -0.002451962 -0.031445861 -0.253163397 0.014159562 0.925748169 0.377875447 0.099494420 0.028184414 -0.378132701 0.925322294 -0.066646755
0.999712765 -0.003308743 -0.023737889 -0.241387695 0.012031592 0.925869226 0.377652556 0.098422207 0.020728625 -0.377829701 0.925643086 -0.067370921
0.999855936 -0.002928945 -0.016719695 -0.227272317 0.008995211 0.926747799 0.375576317 0.096904360 0.014394900 -0.375672579 0.926640630 -0.068482310
0.999954820 -0.002870251 -0.009063395 -0.211276948 0.006041908 0.927916527 0.372739166 0.095250919 0.007340219 -0.372777075 0.927891910 -0.069547646
0.999988914 -0.003420805 -0.003237154 -0.193585739 0.004375542 0.929075539 0.369864136 0.093323365 0.001742327 -0.369874209 0.929080248 -0.070785642
0.999981463 -0.005052248 0.003399156 -0.174305052 0.003445481 0.929718792 0.368254155 0.091606386 -0.005020770 -0.368235618 0.929718971 -0.072166331
0.999932945 -0.006900978 0.009296625 -0.153872192 0.002985988 0.929500520 0.368808657 0.089505084 -0.011186359 -0.368756205 0.929458857 -0.069178849
0.999833107 -0.010904584 0.014655996 -0.132775903 0.004675451 0.928322792 0.371745706 0.088565692 -0.017659228 -0.371615171 0.928218901 -0.069335125
0.999761760 -0.014925991 0.015926296 -0.109456524 0.007830488 0.926340699 0.376605421 0.088086128 -0.020374386 -0.376390964 0.926236868 -0.071953364
0.999648690 -0.019725185 0.017702300 -0.086733118 0.011457867 0.923903346 0.382454395 0.087888233 -0.023899198 -0.382117212 0.923804760 -0.070968613
0.999541759 -0.022663189 0.020066503 -0.063204698 0.013120616 0.921776056 0.387500584 0.087571405 -0.027278822 -0.387059748 0.921651065 -0.069680743
0.999441445 -0.024015853 0.023239298 -0.039563421 0.013054585 0.920705676 0.390039295 0.087699823 -0.030763680 -0.389518052 0.920504928 -0.067230284
0.999411225 -0.024739269 0.023774300 -0.015936768 0.013507581 0.920638680 0.390181899 0.087678619 -0.031540357 -0.389631033 0.920430779 -0.065071754
0.999425471 -0.025925633 0.021831982 0.007156847 0.015408629 0.921264529 0.388631225 0.087397859 -0.030188538 -0.388071537 0.921134710 -0.062901028
0.999431312 -0.027275998 0.019825470 0.029699326 0.017466486 0.921684325 0.387547314 0.086726017 -0.028843563 -0.386980653 0.921636581 -0.060668040
0.999317825 -0.031381994 0.019469054 0.051766682 0.021361766 0.921224236 0.388445109 0.084529743 -0.030125545 -0.387764245 0.921266198 -0.056423899
0.999234676 -0.033553541 0.020104861 0.072614238 0.023068944 0.920591056 0.389846116 0.084094390 -0.031589072 -0.389083952 0.920660555 -0.053919084
0.999116957 -0.035858724 0.021895966 0.092449628 0.024403961 0.919509113 0.392310411 0.084335200 -0.034201290 -0.391429633 0.919572234 -0.051226456
0.998985708 -0.037076488 0.025552172 0.110618941 0.024030868 0.918882191 0.393799573 0.085999653 -0.038080137 -0.392786115 0.918841124 -0.048966348
0.998759508 -0.039854590 0.029850151 0.126358539 0.024775412 0.917752624 0.396379083 0.087609537 -0.043192577 -0.395147830 0.917601585 -0.046103846
0.998516977 -0.042891562 0.033529192 0.139920309 0.026041217 0.917140365 0.397712708 0.089625366 -0.047809497 -0.396249712 0.916897178 -0.043500703
0.998288989 -0.046604570 0.035315081 0.150977895 0.028730344 0.916960478 0.397942334 0.092253938 -0.050928466 -0.396246821 0.916730464 -0.040095150
0.998049021 -0.047427043 0.040605329 0.161223307 0.027493326 0.917761207 0.396179914 0.094963655 -0.056055635 -0.394290626 0.917274594 -0.035881247
0.997351348 -0.050743390 0.052109122 0.170458972 0.026487056 0.920626700 0.389544457 0.097511806 -0.067739859 -0.387132496 0.919532359 -0.030637071
0.996151865 -0.055328913 0.067971870 0.178723246 0.025590321 0.925365984 0.378210157 0.099835053 -0.083824813 -0.375015348 0.923220932 -0.024585389
0.994950116 -0.057989094 0.081924215 0.185067967 0.024618011 0.932272494 0.360918313 0.101721965 -0.097305015 -0.357078880 0.928992152 -0.018513970
0.993939340 -0.057415236 0.093744613 0.189659625 0.022107292 0.939743757 0.341164172 0.103109740 -0.107683934 -0.337024033 0.935317576 -0.013264295
0.992803931 -0.055792313 0.105960056 0.193581611 0.018927526 0.946823001 0.321197718 0.103285328 -0.118245780 -0.316880792 0.941065609 -0.008408331
0.991389275 -0.055542476 0.118584983 0.196607858 0.017300649 0.953206718 0.301823944 0.101818733 -0.129800051 -0.297173411 0.945959806 -0.004623942
0.990056753 -0.056423020 0.128856570 0.199461937 0.017528769 0.958376646 0.284968257 0.100506179 -0.139571905 -0.279876053 0.949836373 -0.000812760
0.988570750 -0.059480995 0.138527721 0.202620968 0.019364759 0.961364031 0.274598211 0.098678507 -0.149508953 -0.268777221 0.951528192 0.003051596
0.987075448 -0.067514226 0.145340413 0.206334397 0.025314797 0.961228251 0.274589628 0.096839935 -0.158244014 -0.267361432 0.950513899 0.007242233
0.985426486 -0.075425118 0.152465537 0.210889429 0.029786136 0.958982646 0.281895459 0.095134437 -0.167473808 -0.273245871 0.947253525 0.012467745
0.983163893 -0.085539207 0.161467642 0.216771081 0.035680722 0.956521690 0.289470494 0.093100511 -0.179208368 -0.278835654 0.943469703 0.019642221
0.980833590 -0.095081173 0.170073465 0.223433495 0.040969975 0.953981459 0.297053665 0.090920441 -0.190491125 -0.284392327 0.939592540 0.028238906
0.978510618 -0.104409203 0.177808076 0.230558872 0.045953032 0.951058447 0.305575162 0.088538975 -0.201010734 -0.290837735 0.935418665 0.037918579
0.976779222 -0.111123495 0.183177233 0.237617284 0.048725910 0.947791696 0.315145493 0.086259417 -0.208633929 -0.298902094 0.931197882 0.048431210
0.975791812 -0.115224764 0.185885862 0.244030252 0.049805507 0.944697678 0.324138492 0.083455205 -0.212954715 -0.307033569 0.927567065 0.059602328
0.975574315 -0.118879497 0.184722692 0.249357060 0.052040819 0.942047596 0.331418246 0.080893427 -0.213416398 -0.313710004 0.925224006 0.072083257
0.975850880 -0.124079458 0.179775715 0.252371371 0.057118841 0.939318240 0.338258326 0.076937430 -0.210837513 -0.319821119 0.923721850 0.085187584
0.977423191 -0.124203369 0.170930982 0.253363371 0.059083983 0.937376916 0.343269050 0.072384901 -0.202861935 -0.325419843 0.923552394 0.098835379
0.979478061 -0.121528700 0.160790116 0.251374632 0.059866503 0.937184513 0.343658537 0.066726021 -0.192454398 -0.326980084 0.925227165 0.112996049
0.982324898 -0.114676818 0.147942573 0.247451037 0.058705080 0.939226985 0.338240057 0.060911298 -0.177739948 -0.323576659 0.929358184 0.127850324
0.985298574 -0.104964659 0.134792835 0.241207927 0.055445928 0.942756474 0.328840345 0.055314284 -0.161593437 -0.316532224 0.934716523 0.143025532
0.988483012 -0.092581019 0.119708441 0.232620150 0.050110742 0.946650505 0.318342239 0.050296556 -0.142794505 -0.308677226 0.940387189 0.158170775
0.991278648 -0.079001300 0.105476961 0.221939579 0.042718388 0.949801505 0.309922993 0.046270877 -0.124666497 -0.302714229 0.944892764 0.173128024
0.993828893 -0.066315986 0.088917494 0.208738029 0.036259662 0.951793671 0.304588407 0.042641997 -0.104830191 -0.299484640 0.948324621 0.187135622
0.996247590 -0.053769756 0.067820087 0.192578003 0.030821066 0.952640414 0.302533209 0.039986659 -0.080875292 -0.299307704 0.950722933 0.199564993
0.998156428 -0.042833518 0.043000620 0.173083544 0.027845811 0.952702403 0.302626342 0.036932316 -0.053929348 -0.300871044 0.952138782 0.211545765
0.999362707 -0.032831926 0.014009872 0.150498465 0.026985284 0.951788187 0.305566818 0.036095783 -0.023366777 -0.304994017 0.952067554 0.218951017
0.999675632 -0.021412252 -0.013789842 0.125587523 0.024636025 0.950292110 0.310383558 0.036575764 0.006458368 -0.310622633 0.950511396 0.223221436
0.999102831 -0.009921557 -0.041170824 0.098048665 0.022438679 0.948511124 0.315948039 0.038537249 0.035916287 -0.316588432 0.947882771 0.222839773
0.997607648 0.002094496 -0.069098480 0.068572707 0.020271610 0.946737289 0.321368188 0.041236743 0.066091217 -0.322000116 0.944429934 0.219250977
0.995355546 0.014775749 -0.095126398 0.037790339 0.017165035 0.945074975 0.326402664 0.044462111 0.094724424 -0.326519549 0.940431952 0.212356269
0.992472768 0.029543975 -0.118848249 0.006742531 0.011412492 0.943929315 0.329950303 0.048263039 0.121932387 -0.328823060 0.936487019 0.201977193
0.988832295 0.038334865 -0.144017801 -0.024532700 0.011808484 0.943159997 0.332129210 0.052520510 0.148563966 -0.330120713 0.932174385 0.187994719
0.985134244 0.042170197 -0.166529939 -0.055372104 0.015942618 0.942774773 0.333048940 0.056580849 0.171044961 -0.330752850 0.928087354 0.171479821
0.980917931 0.043315031 -0.189535677 -0.084353112 0.022865862 0.942399144 0.333708078 0.061276771 0.193072826 -0.331674129 0.923425794 0.151984483
