1.000000000 0.000000000 0.000000000 0.000000238 0.000000000 1.000000000 0.000000000 -0.000000238 0.000000000 0.000000000 1.000000000 0.000000000
0.999999583 0.000842827 0.000285671 0.000466875 -0.000842893 0.999999642 0.000229230 0.000145987 -0.000285477 -0.000229470 0.999999940 -0.000565688
0.999998569 0.001664960 0.000229262 0.000330569 -0.001665044 0.999998569 0.000363598 0.000058139 -0.000228656 -0.000363980 0.999999881 -0.000485744
0.999999583 0.000903307 0.000077952 0.000287958 -0.000903347 0.999999464 0.000518019 0.000208348 -0.000077484 -0.000518089 0.999999881 -0.000016343
1.000000000 0.000069144 -0.000188444 0.000133119 -0.000069096 0.999999940 0.000255517 0.000302671 0.000188462 -0.000255504 0.999999940 -0.000140459
0.999999702 0.000774669 0.000060255 0.000083523 -0.000774687 0.999999642 0.000290938 0.000274729 -0.000060029 -0.000290985 0.999999940 -0.000751495
0.999998868 0.001425255 0.000451375 0.000445789 -0.001425560 0.999998748 0.000674688 0.000564797 -0.000450413 -0.000675330 0.999999642 0.000209703
0.999994636 0.003233053 0.000556313 0.000536585 -0.003233404 0.999994576 0.000631282 0.000698234 -0.000554268 -0.000633077 0.999999642 -0.000101548
0.999999464 0.001016370 0.000131825 0.000310044 -0.001016420 0.999999404 0.000380547 0.000608069 -0.000131438 -0.000380681 0.999999940 0.000730685
0.999999821 0.000264962 -0.000568729 0.000421854 -0.000264573 0.999999702 0.000685245 0.000244571 0.000568911 -0.000685094 0.999999583 0.000791622
0.999999762 0.000374859 -0.000607867 0.000491911 -0.000374472 0.999999702 0.000636055 0.000180352 0.000608106 -0.000635827 0.999999642 0.001545736
0.999999940 0.000019886 -0.000244090 -0.000111181 -0.000019786 0.999999940 0.000406094 0.000178457 0.000244098 -0.000406089 0.999999881 -0.000246941
0.999999762 0.000689046 -0.000033394 0.000199182 -0.000689035 0.999999702 0.000325408 0.000140233 0.000033618 -0.000325385 0.999999940 -0.000180760
0.999999940 0.000362397 -0.000029020 0.000281114 -0.000362378 0.999999762 0.000629192 0.000051129 0.000029248 -0.000629182 0.999999821 -0.000181194
0.999999642 -0.000115487 -0.000872191 0.000273951 0.000115772 0.999999940 0.000326257 0.000291165 0.000872153 -0.000326358 0.999999583 0.001193490
0.999999225 0.000985316 -0.000768533 0.000049978 -0.000985138 0.999999464 0.000231746 -0.000097326 0.000768761 -0.000230989 0.999999702 -0.000007092
0.999999404 0.001089881 -0.000062120 0.000294433 -0.001089862 0.999999344 0.000305804 -0.000092695 0.000062453 -0.000305736 0.999999940 0.000202985
0.999999881 -0.000444472 0.000102412 -0.000105156 0.000444445 0.999999881 0.000255999 0.000184883 -0.000102526 -0.000255954 0.999999940 -0.000283101
0.999999881 -0.000293051 -0.000377686 -0.000007599 0.000293138 0.999999940 0.000229869 -0.000099900 0.000377618 -0.000229979 0.999999881 -0.000003795
0.999999821 0.000033235 -0.000635047 -0.000104082 -0.000032912 0.999999881 0.000509007 -0.000112345 0.000635064 -0.000508986 0.999999642 -0.000358867
0.999999762 0.000702051 -0.000099923 0.000185521 -0.000702016 0.999999702 0.000353511 0.000185833 0.000100171 -0.000353440 0.999999940 -0.000280587
0.999999762 -0.000132884 -0.000658244 0.000133220 0.000133534 0.999999523 0.000987299 -0.000009195 0.000658113 -0.000987387 0.999999285 0.000086404
0.999999702 -0.000466503 -0.000646712 -0.000038542 0.000467144 0.999999404 0.000990577 -0.000114499 0.000646249 -0.000990878 0.999999285 0.000169078
0.999999940 0.000362419 0.000168842 0.000034237 -0.000362476 0.999999881 0.000335576 0.000215643 -0.000168720 -0.000335637 0.999999940 -0.000230620
0.999999881 -0.000424018 -0.000229250 -0.000020658 0.000424082 0.999999881 0.000279935 0.000179801 0.000229132 -0.000280032 0.999999940 -0.000700529
0.999999762 0.000007677 -0.000655112 0.000251003 -0.000007132 0.999999642 0.000832059 0.000209951 0.000655118 -0.000832054 0.999999464 -0.000740205
0.999998689 0.001587673 0.000369608 0.000063285 -0.001587825 0.999998629 0.000410351 0.000318705 -0.000368956 -0.000410937 0.999999821 -0.000201411
0.999999046 0.001358627 0.000299877 0.000424304 -0.001358741 0.999998987 0.000382754 0.000594123 -0.000299357 -0.000383161 0.999999881 0.000217083
0.999997318 0.002167448 0.000843132 0.000668828 -0.002167800 0.999997556 0.000415479 0.000515326 -0.000842230 -0.000417306 0.999999583 0.000272655
0.999999046 0.001294379 0.000465491 0.000551785 -0.001294621 0.999999046 0.000519866 0.000288904 -0.000464818 -0.000520468 0.999999762 -0.000296738
0.999998391 0.001720321 0.000507017 0.000269945 -0.001720311 0.999998510 -0.000020450 0.000228332 -0.000507051 0.000019578 0.999999881 -0.000196157
0.999997735 0.002098107 0.000330515 0.000261377 -0.002098229 0.999997735 0.000369504 0.000269137 -0.000329739 -0.000370196 0.999999881 -0.000230874
0.999998271 0.001792496 0.000501505 0.000196614 -0.001792594 0.999998391 0.000194206 0.000305031 -0.000501156 -0.000195105 0.999999881 -0.000246222
0.999999762 -0.000535637 -0.000438250 0.000440021 0.000535875 0.999999702 0.000542585 0.000051147 0.000437959 -0.000542819 0.999999762 0.000675337
0.999999821 0.000568292 -0.000031715 0.000685080 -0.000568266 0.999999523 0.000824361 0.000094949 0.000032184 -0.000824343 0.999999642 0.000690329
0.999998689 0.001595394 0.000355927 0.000486605 -0.001595477 0.999998689 0.000233113 0.000059360 -0.000355554 -0.000233680 0.999999881 -0.000085640
0.999999225 0.001231840 0.000054076 0.000271616 -0.001231866 0.999999106 0.000492142 0.000471515 -0.000053470 -0.000492208 0.999999881 -0.000870937
0.999995410 0.002949703 0.000668613 0.000548272 -0.002949952 0.999995589 0.000371103 0.000532277 -0.000667516 -0.000373073 0.999999702 -0.000693478
0.999996364 0.002617240 0.000634948 0.000409417 -0.002617478 0.999996483 0.000373692 0.000510161 -0.000633968 -0.000375353 0.999999702 -0.000402023
0.999999583 0.000856213 0.000210662 0.000232424 -0.000856287 0.999999583 0.000351634 0.000396274 -0.000210361 -0.000351814 0.999999940 -0.000641087
0.999999762 0.000716471 0.000028751 0.000135138 -0.000716482 0.999999702 0.000374806 0.000335163 -0.000028482 -0.000374827 0.999999940 -0.000551923
0.999999523 0.000942919 0.000251168 -0.000007370 -0.000942894 0.999999523 -0.000098226 -0.000052240 -0.000251260 0.000097989 0.999999940 0.000987718
0.999999762 0.000694478 0.000031121 0.000172231 -0.000694482 0.999999762 0.000121418 0.000156935 -0.000031037 -0.000121439 1.000000000 -0.000521729
0.999999881 -0.000264592 0.000427768 0.000212720 0.000264759 0.999999881 -0.000391018 -0.000048248 -0.000427664 0.000391131 0.999999821 -0.000433761
0.999999106 0.000887372 0.001019882 0.000394291 -0.000886705 0.999999404 -0.000654087 -0.000189101 -0.001020462 0.000653182 0.999999285 -0.000180459
0.999996662 -0.002458037 0.000793628 0.000198250 0.002458098 0.999996960 -0.000075379 -0.000283110 -0.000793441 0.000077330 0.999999702 -0.000420824
0.999994755 -0.003019779 0.001195087 0.000031815 0.003018978 0.999995232 0.000671114 -0.000328852 -0.001197108 -0.000667502 0.999999046 -0.000152790
0.999998391 -0.001422325 0.001071584 -0.000145766 0.001423023 0.999998748 -0.000651176 -0.000272087 -0.001070657 0.000652699 0.999999225 -0.000303218
0.999984980 -0.004798668 -0.002648635 -0.000061924 0.004791743 0.999985099 -0.002614742 -0.001640242 0.002661143 0.002602011 0.999993086 -0.001550921
0.999994993 -0.002795263 -0.001470789 0.000299636 0.002790676 0.999991238 -0.003111344 -0.002321200 0.001479473 0.003107224 0.999994099 -0.002540103
0.999988437 0.003415777 0.003382702 0.001128126 -0.003405237 0.999989331 -0.003116925 -0.002812021 -0.003393312 0.003105371 0.999989450 -0.002706582
0.999941707 0.008449697 0.006721369 0.001396690 -0.008434151 0.999961674 -0.002337799 -0.004390523 -0.006740866 0.002280974 0.999974668 -0.004627014
0.999896228 0.010639114 0.009715215 0.001878113 -0.010638675 0.999943376 -0.000096968 -0.007116673 -0.009715698 -0.000006399 0.999952793 -0.006276167
0.999790370 0.010960929 0.017292701 0.002669419 -0.011021012 0.999933541 0.003382976 -0.011420700 -0.017254472 -0.003572850 0.999844730 -0.008557644
0.999691665 0.010164518 0.022654932 0.003024268 -0.010374540 0.999904096 0.009172366 -0.016693978 -0.022559527 -0.009404573 0.999701262 -0.008970378
0.999731958 0.007758333 0.021814667 0.002705249 -0.008151151 0.999805212 0.017976178 -0.019529160 -0.021670952 -0.018149173 0.999600410 -0.011227340
0.999653339 0.004562391 0.025930284 0.003702640 -0.005284240 0.999598503 0.027838087 -0.021632405 -0.025792865 -0.027965458 0.999276042 -0.011979603
0.999553382 0.000877237 0.029870253 0.005209536 -0.001990701 0.999303341 0.037267365 -0.024377044 -0.029816750 -0.037310183 0.998858809 -0.013120404
0.999384224 -0.000689298 0.035081636 0.007188377 -0.000838903 0.999051869 0.043527927 -0.027343234 -0.035078380 -0.043530550 0.998436093 -0.014274130
0.999174356 0.001775370 0.040588733 0.009448833 -0.003679790 0.998893142 0.046893474 -0.032118745 -0.040460553 -0.047004115 0.998074949 -0.016515156
0.998977125 0.002680455 0.045138735 0.011153777 -0.004840858 0.998844206 0.047820333 -0.040278144 -0.044958387 -0.047989931 0.997835517 -0.020028263
0.998697102 0.002634210 0.050962340 0.012445531 -0.005061176 0.998855889 0.047552489 -0.051432181 -0.050778773 -0.047748461 0.997567832 -0.024863578
0.998122811 0.001478465 0.061226103 0.013575760 -0.004554978 0.998731852 0.050139345 -0.066582792 -0.061074328 -0.050324112 0.996863782 -0.029560938
0.997462153 -0.001719208 0.071177587 0.014480330 -0.002269806 0.998432457 0.055924319 -0.088205747 -0.071162149 -0.055943951 0.995894670 -0.035368003
0.996936381 -0.005788581 0.078002185 0.013987223 0.000983465 0.998106599 0.061500460 -0.113506101 -0.078210488 -0.061235331 0.995054424 -0.042311035
0.996277273 -0.005678072 0.086019181 0.012993884 0.000149226 0.997940600 0.064145103 -0.142305404 -0.086206250 -0.063893467 0.994226396 -0.050301448
0.995730221 -0.004218569 0.092214845 0.011748099 -0.001642324 0.997987568 0.063388824 -0.172834873 -0.092296682 -0.063269615 0.993719399 -0.058299027
0.994866908 0.002705692 0.101156153 0.010351851 -0.008991777 0.998051882 0.061738212 -0.203852922 -0.100792043 -0.062330876 0.992953062 -0.067004248
0.993625522 0.010460518 0.112244837 0.008784107 -0.017167754 0.998112917 0.058956299 -0.234723121 -0.111416303 -0.060507473 0.991930068 -0.075592689
0.992109835 0.019297183 0.123877525 0.008125258 -0.026093185 0.998228252 0.053474691 -0.266012281 -0.122626126 -0.056285124 0.990855575 -0.081608824
0.990361869 0.027515406 0.135743499 0.006227092 -0.033366825 0.998601019 0.041020889 -0.296179503 -0.134424895 -0.045154851 0.989894450 -0.088853210
0.989733934 0.031138752 0.139488623 0.003832195 -0.034993593 0.999068022 0.025268124 -0.323972970 -0.138571814 -0.029889928 0.989901245 -0.096068911
0.989485383 0.032571342 0.140917838 0.000373346 -0.034381535 0.999354362 0.010429556 -0.362550586 -0.140487164 -0.015164863 0.989966333 -0.104715794
0.989255190 0.033916898 0.142210543 -0.001184270 -0.033221148 0.999421597 -0.007264478 -0.382307023 -0.142374694 0.002462025 0.989809752 -0.109821409
0.988812387 0.030189933 0.146077409 -0.002342313 -0.027471883 0.999410510 -0.020589076 -0.395504326 -0.146612868 0.016345713 0.989058912 -0.112926997
0.988988638 0.020811832 0.146520674 -0.001720875 -0.016849661 0.999459386 -0.028231224 -0.403314412 -0.147029012 0.025451535 0.988804698 -0.112221405
0.988800168 0.014209613 0.148567677 -0.001331839 -0.010113552 0.999548614 -0.028289575 -0.400664866 -0.148902595 0.026470188 0.988497496 -0.110830076
0.988437951 0.012021974 0.151148632 0.000555225 -0.008791180 0.999718785 -0.022025052 -0.389309108 -0.151370898 0.020441622 0.988265634 -0.107063293
0.987992108 0.014130904 0.153856635 0.005354408 -0.012654888 0.999864042 -0.010568623 -0.371544927 -0.153985053 0.008494678 0.988036633 -0.098932594
0.987785459 0.016745696 0.154917613 0.009331215 -0.017647697 0.999834359 0.004448914 -0.344719499 -0.154817447 -0.007128512 0.987917364 -0.090885006
0.988374054 0.016186055 0.151177809 0.013134423 -0.020092376 0.999501646 0.024347467 -0.312097937 -0.150708362 -0.027101925 0.988206685 -0.081575148
0.989160895 0.015061563 0.146061301 0.018172251 -0.022421492 0.998553216 0.048874624 -0.277360082 -0.145113856 -0.051619776 0.988067508 -0.070645601
0.989975631 0.008284543 0.140995219 0.021153757 -0.019144360 0.996936083 0.075841516 -0.239638478 -0.139934912 -0.077780515 0.987101018 -0.061607819
0.990849972 0.000977187 0.134964243 0.023437906 -0.014924723 0.994634449 0.102369465 -0.202556297 -0.134140059 -0.103447087 0.985548139 -0.053712051
0.991172314 -0.008747209 0.132291004 0.025656803 -0.007748233 0.992293894 0.123664014 -0.169389129 -0.132353261 -0.123597376 0.983466446 -0.047076534
0.991774201 -0.018385354 0.126672700 0.026717203 0.000936992 0.990646899 0.136447027 -0.139033467 -0.127996549 -0.135205939 0.982515275 -0.041789103
0.992024362 -0.023818057 0.123775311 0.027784735 0.005883687 0.989664018 0.143284738 -0.113317370 -0.125908732 -0.141413689 0.981910944 -0.037624247
0.992226839 -0.027718417 0.121315911 0.029012628 0.009490390 0.988893449 0.148322999 -0.093002237 -0.124079794 -0.146018744 0.981469691 -0.035472825
0.992388129 -0.026065212 0.120359682 0.030291446 0.007264599 0.988032997 0.154071450 -0.077339686 -0.122935243 -0.152024299 0.980701566 -0.033629488
0.992421031 -0.022979263 0.120716490 0.031336188 0.002992161 0.986587584 0.163205341 -0.068121754 -0.122847728 -0.161607221 0.979179025 -0.033330474
0.992391467 -0.020487437 0.121406257 0.031315584 -0.001476593 0.984007299 0.178122163 -0.067114346 -0.123113900 -0.176946193 0.976490140 -0.035192434
0.992178261 -0.020206008 0.123182818 0.031847846 -0.003782851 0.981491983 0.191465825 -0.076425597 -0.124771714 -0.190434217 0.973738611 -0.037974022
0.991769910 -0.019603141 0.126523271 0.032096222 -0.005479285 0.980805218 0.194913179 -0.096512720 -0.127915606 -0.194002271 0.972625673 -0.042118479
0.991275728 -0.016309503 0.130791619 0.031101478 -0.008464915 0.982388437 0.186658248 -0.125179023 -0.131532475 -0.186136916 0.973679781 -0.049208451
0.990650952 -0.008810941 0.136136353 0.030681040 -0.014292216 0.985717416 0.167800128 -0.160387039 -0.135670453 -0.168177038 0.976375937 -0.055630893
0.989699066 0.001971311 0.143149808 0.030131163 -0.022760883 0.989353955 0.143738240 -0.200219572 -0.141342476 -0.145515829 0.979207575 -0.062753029
0.988899589 0.011087178 0.148171112 0.027659250 -0.028824847 0.992582500 0.118106313 -0.243184432 -0.145762578 -0.121066295 0.981884003 -0.070039816
0.987539351 0.020414177 0.156042427 0.026386386 -0.035629138 0.994807005 0.095339529 -0.285872579 -0.153285831 -0.099711202 0.983138382 -0.077692002
0.986110389 0.025087301 0.164185822 0.024606671 -0.037605446 0.996579707 0.073585078 -0.327773631 -0.161778212 -0.078737289 0.983680964 -0.084982939
0.985224068 0.026751088 0.169168234 0.022775887 -0.035921846 0.998032689 0.051384408 -0.367884338 -0.167460829 -0.056701992 0.984246790 -0.092666715
0.985192776 0.023228858 0.169869527 0.020100854 -0.029129084 0.999052882 0.032324262 -0.403620929 -0.168957785 -0.036793768 0.984936297 -0.099557228
0.985573113 0.017126452 0.168381587 0.017574215 -0.020189323 0.999660075 0.016494801 -0.433108479 -0.168041870 -0.019656343 0.985583842 -0.105627351
0.985776663 0.012393247 0.167602882 0.018304858 -0.013758551 0.999880910 0.006987275 -0.454842746 -0.167496338 -0.009193866 0.985829830 -0.111488409
0.985924065 0.007295614 0.167034313 0.017943475 -0.007595615 0.999970496 0.001157250 -0.466706425 -0.167020932 -0.002409689 0.985950410 -0.113092393
0.985671163 0.004791207 0.168610394 0.018607702 -0.005071231 0.999986410 0.001230203 -0.468117952 -0.168602198 -0.002067638 0.985682011 -0.111664735
0.985917747 0.003147975 0.167201445 0.019812876 -0.004195072 0.999973714 0.005909659 -0.460487992 -0.167178437 -0.006527860 0.985905051 -0.108157337
0.986222923 0.004030508 0.165372655 0.020250304 -0.006368407 0.999887109 0.013609360 -0.442184567 -0.165299132 -0.014475022 0.986137271 -0.102063455
0.986113966 0.007148467 0.165916115 0.021143798 -0.011210112 0.999659657 0.023556566 -0.415489852 -0.165691257 -0.025089396 0.985858500 -0.093349330
0.985970318 0.005942649 0.166814938 0.023510866 -0.012054165 0.999291718 0.035647940 -0.383223116 -0.166484937 -0.037158627 0.985343575 -0.082383513
0.985455751 0.010447472 0.169610649 0.025290500 -0.019486470 0.998471737 0.051715791 -0.344573855 -0.168811142 -0.054268740 0.984153271 -0.070778415
0.985455811 0.006566038 0.169804975 0.026409281 -0.018993821 0.997247696 0.071668133 -0.303983361 -0.168867037 -0.073851019 0.982868254 -0.059741221
0.985606790 0.004531935 0.168993205 0.028027926 -0.021160195 0.995086133 0.096725583 -0.263689250 -0.167724431 -0.098909318 0.980859578 -0.048750505
0.985514879 -0.000131484 0.169588953 0.029266320 -0.020994557 0.992212713 0.122772805 -0.223467976 -0.168284446 -0.124554865 0.977837622 -0.040285815
0.986132264 -0.007718184 0.165781602 0.030044265 -0.017189480 0.988795400 0.148284301 -0.185679495 -0.165068552 -0.149077639 0.974950373 -0.034157842
0.986897767 -0.014848405 0.160662159 0.031804893 -0.013333254 0.984845340 0.172921494 -0.150690138 -0.160794988 -0.172797993 0.971743703 -0.027815204
0.987853587 -0.025451951 0.153288975 0.032029700 -0.004671532 0.981183708 0.193019941 -0.123526976 -0.155317381 -0.191391543 0.969146967 -0.025439987
0.988461316 -0.034648128 0.147457689 0.031906154 0.003317351 0.978205740 0.207611606 -0.104581714 -0.151437312 -0.204726860 0.967033446 -0.025030356
0.988709450 -0.038366467 0.144850239 0.031912245 0.006139154 0.976225913 0.216668591 -0.094579451 -0.149719372 -0.213333026 0.965439320 -0.024620475
0.988844872 -0.037216060 0.144224942 0.032103002 0.004291844 0.974999726 0.222164616 -0.094121739 -0.148887366 -0.219067350 0.964283168 -0.026629983
0.988880098 -0.032382689 0.145146698 0.032163233 -0.001121292 0.974353373 0.225020647 -0.104456007 -0.148710936 -0.222681195 0.963482320 -0.030538194
0.988976538 -0.032843780 0.144383758 0.030983135 -0.000344772 0.974576652 0.224053979 -0.125794053 -0.148071826 -0.221633911 0.963822126 -0.036225062
0.989032030 -0.030935911 0.144425184 0.029571475 -0.001307728 0.975947082 0.218003511 -0.157403007 -0.147695482 -0.215801328 0.965202510 -0.044311251
0.989242792 -0.027034443 0.143763229 0.027917471 -0.002782286 0.979119420 0.203266874 -0.196707681 -0.146256581 -0.201480284 0.968511581 -0.054091912
0.988845587 -0.020473100 0.147530571 0.029270999 -0.006661060 0.983438373 0.181120381 -0.237242669 -0.148795322 -0.180082813 0.972332299 -0.059428181
0.987974644 -0.016954530 0.153683692 0.028491454 -0.007429028 0.987616241 0.156713203 -0.284660995 -0.154437512 -0.155970380 0.975613832 -0.069738336
0.986072302 -0.011804747 0.165897653 0.028466353 -0.010333211 0.991202533 0.131949931 -0.332832247 -0.165995821 -0.131826431 0.977275372 -0.079609312
0.984196603 -0.011505984 0.176705122 0.024791013 -0.007786486 0.994109631 0.108098969 -0.384615511 -0.176908046 -0.107766554 0.978309751 -0.095126025
0.982441545 -0.012560586 0.186147228 0.024023451 -0.003006448 0.996535838 0.083110213 -0.425744295 -0.186546281 -0.082210571 0.979000449 -0.104002237
0.982024312 -0.019950692 0.187697127 0.022128651 0.008925615 0.998194277 0.059401520 -0.459864438 -0.188543305 -0.056658424 0.980429113 -0.111747928
0.982365549 -0.026578201 0.185071751 0.020564098 0.019551052 0.999020696 0.039692134 -0.484877169 -0.185945436 -0.035373837 0.981923103 -0.117425278
0.983009934 -0.025700346 0.181744069 0.020346666 0.021525376 0.999458015 0.024907311 -0.498614937 -0.182285696 -0.020572027 0.983030379 -0.120555446
0.983137846 -0.023310402 0.181374282 0.021420486 0.020906730 0.999666572 0.015153389 -0.501855016 -0.181667030 -0.011105929 0.983297408 -0.120533764
0.983142018 -0.020359119 0.181706488 0.024251079 0.019274918 0.999784350 0.007730859 -0.493569970 -0.181824684 -0.004098156 0.983322442 -0.114966922
0.983487666 -0.017213695 0.180154741 0.025608422 0.016762175 0.999851406 0.004028453 -0.476490587 -0.180197299 -0.000942149 0.983630061 -0.109412134
0.984129488 -0.017399793 0.176596835 0.026810274 0.016803635 0.999846935 0.004870855 -0.451245159 -0.176654562 -0.001826084 0.984271228 -0.101350948
0.984203339 -0.012417447 0.176605627 0.027162436 0.010036267 0.999846399 0.014369930 -0.420851886 -0.176756933 -0.012370472 0.984176815 -0.093479320
0.984438241 -0.006845673 0.175597638 0.028510362 0.001610089 0.999550343 0.029940967 -0.382320642 -0.175723642 -0.029192302 0.984006584 -0.083052583
0.983816803 0.000691801 0.179176033 0.030435860 -0.010219776 0.998581290 0.052259039 -0.339673847 -0.178885669 -0.053244460 0.982428074 -0.072341174
0.982806981 0.004589504 0.184578881 0.032548994 -0.019827716 0.996533453 0.080795936 -0.295703173 -0.183568224 -0.083066590 0.979490995 -0.059438478
0.982129037 0.001832625 0.188199744 0.033695288 -0.022893656 0.993690550 0.109795392 -0.251467854 -0.186811075 -0.112141818 0.975974321 -0.049269099
0.982665479 -0.004872876 0.185323641 0.033689737 -0.020817846 0.990431309 0.136427432 -0.209653080 -0.184215143 -0.137920558 0.973161221 -0.040785678
0.983829260 -0.012090140 0.178700417 0.034902826 -0.016393833 0.987452567 0.157062724 -0.170640841 -0.178357095 -0.157452479 0.971286476 -0.030815843
0.985093057 -0.017473044 0.171132550 0.034114487 -0.012683661 0.984742343 0.173555747 -0.137230575 -0.171554014 -0.173139140 0.969841242 -0.027679969
0.986402750 -0.020164767 0.163104415 0.033333123 -0.011148134 0.981948495 0.188819617 -0.110377334 -0.163967639 -0.188070506 0.968371868 -0.027035302
0.986900449 -0.019806776 0.160109892 0.034526158 -0.013573643 0.978721917 0.204741657 -0.092700101 -0.160758331 -0.204232901 0.965632260 -0.026571263
0.987180769 -0.019011242 0.158469766 0.035392500 -0.016883465 0.974871337 0.222127870 -0.085308202 -0.158710569 -0.221955881 0.962053299 -0.028320557
0.987295449 -0.020278716 0.157596022 0.036381330 -0.017947955 0.971242785 0.237413943 -0.090252340 -0.157878458 -0.237226218 0.958539605 -0.031521071
0.987677336 -0.024967929 0.154499292 0.036955040 -0.013699839 0.969609439 0.244274020 -0.107362196 -0.155902982 -0.243380547 0.957319260 -0.036306888
0.988599181 -0.025599828 0.148379087 0.036934968 -0.010841953 0.970780313 0.239724860 -0.136631280 -0.150180399 -0.238600507 0.959435046 -0.043053742
0.989137769 -0.012368627 0.146470085 0.038221437 -0.021194134 0.974040329 0.225380242 -0.174357027 -0.145455405 -0.226036429 0.963197947 -0.050597660
0.987882197 0.009335732 0.154924437 0.042729136 -0.040622979 0.978944600 0.200043067 -0.212413117 -0.149794891 -0.203912482 0.967461228 -0.054657817
0.986370623 0.022205446 0.163033351 0.043427184 -0.050009314 0.984435618 0.168480173 -0.260262638 -0.156754658 -0.174337074 0.972128868 -0.063812613
0.984897792 0.029700737 0.170570120 0.042417288 -0.052964713 0.989631772 0.133505434 -0.309713453 -0.164836392 -0.140523404 0.976259232 -0.073587477
0.983231425 0.031801913 0.179567680 0.035669211 -0.050021198 0.993941963 0.097863711 -0.363235921 -0.175367609 -0.105204873 0.978865743 -0.088408977
0.981133461 0.037065942 0.189745143 0.033596437 -0.049976263 0.996716142 0.063712642 -0.405111223 -0.186760470 -0.071993366 0.979763985 -0.096705809
0.979225874 0.038584385 0.199067801 0.031542078 -0.046616811 0.998270392 0.035820648 -0.440078616 -0.197341383 -0.044356413 0.979330838 -0.104136616
0.978025675 0.038257319 0.204944372 0.030322909 -0.042053726 0.999014437 0.014198996 -0.465494931 -0.204199165 -0.022505656 0.978670657 -0.110601813
0.977297544 0.039310068 0.208192870 0.029644113 -0.039978862 0.999200046 -0.000996090 -0.480710924 -0.208065465 -0.007349837 0.978087306 -0.113840684
0.977655530 0.037579704 0.206827044 0.029670205 -0.036388535 0.999291956 -0.009561818 -0.485270262 -0.207039922 0.001822033 0.978330791 -0.114169568
0.978275657 0.034712415 0.204381615 0.034165181 -0.033203054 0.999390185 -0.010810692 -0.475601345 -0.204632252 0.003789743 0.978831589 -0.109289348
0.979224861 0.028229728 0.200802833 0.035182834 -0.027503423 0.999601185 -0.006406460 -0.459670275 -0.200903594 0.000750600 0.979610741 -0.102914155
0.979545712 0.022453053 0.199965253 0.037177876 -0.023575092 0.999716818 0.003231490 -0.435027540 -0.199836090 -0.007879592 0.979797661 -0.093422271
0.979152918 0.016477749 0.202455059 0.038280535 -0.020711128 0.999608576 0.018809415 -0.407699585 -0.202065870 -0.022610366 0.979110897 -0.083040133
0.979089975 0.012405496 0.203049183 0.041223068 -0.020195693 0.999135435 0.036339127 -0.369789273 -0.202422827 -0.039679989 0.978493989 -0.069823429
0.979774892 0.010527237 0.199825913 0.043618709 -0.021666795 0.998325169 0.053641580 -0.327940673 -0.198926538 -0.056886256 0.978361964 -0.056950834
0.982057214 -0.000426974 0.188582614 0.045727905 -0.012548737 0.997633100 0.067607194 -0.286349595 -0.188165113 -0.068760604 0.979727447 -0.043591212
0.984422445 -0.010931122 0.175479159 0.046118528 -0.003142257 0.996812165 0.079722196 -0.244973674 -0.175791219 -0.079031721 0.981249928 -0.031216953
0.986215174 -0.021044420 0.164124072 0.045854282 0.006312383 0.995942414 0.089771487 -0.205999643 -0.165347308 -0.087497987 0.982346356 -0.020089798
0.987481654 -0.027056862 0.155395925 0.047897145 0.011984720 0.995200336 0.097121648 -0.165262118 -0.157277882 -0.094043471 0.983066380 -0.008575879
0.988645613 -0.032812323 0.146639735 0.046687227 0.017340438 0.994260907 0.105567992 -0.132496625 -0.149262071 -0.101826534 0.983540654 -0.000711635
0.989482522 -0.032889415 0.140863895 0.045952927 0.017095972 0.993573070 0.111894332 -0.104521446 -0.143638700 -0.108309276 0.983685434 0.006371182
0.990214825 -0.032048997 0.135821387 0.044732194 0.016498644 0.993331552 0.114106305 -0.082886130 -0.138572648 -0.110748880 0.984140396 0.012807690
0.990785539 -0.028782070 0.132346645 0.044467051 0.013362751 0.993165016 0.115951009 -0.066656873 -0.134779379 -0.113114066 0.984398186 0.018717751
0.991410315 -0.022841053 0.128778458 0.044749886 0.007638931 0.993063867 0.117327921 -0.055227093 -0.130565137 -0.115336381 0.984708190 0.023809232
0.992597401 -0.017832525 0.120134920 0.044358287 0.003722838 0.993164539 0.116663434 -0.047906995 -0.121394143 -0.115352578 0.985878944 0.026050206
0.993730724 -0.014831990 0.110811621 0.044107392 0.002221317 0.993584573 0.113069780 -0.042717446 -0.111777768 -0.112114765 0.987388492 0.028478783
0.994569480 -0.014588695 0.103047445 0.043341044 0.003368883 0.994120717 0.108225264 -0.038881410 -0.104020461 -0.107290380 0.988771200 0.030656723
0.994957447 -0.012586930 0.099504866 0.042789254 0.002504941 0.994903147 0.100803778 -0.028794410 -0.100266524 -0.100046217 0.989917874 0.037388358
0.995233774 -0.007461776 0.097232185 0.042284280 -0.001752053 0.995539188 0.094332881 -0.025715379 -0.097502343 -0.094053619 0.990781128 0.039368305
0.995575666 -0.004346070 0.093862809 0.041954499 -0.004055422 0.996011555 0.089132391 -0.022397660 -0.093875818 -0.089118697 0.991587222 0.041166160
0.995863974 -0.003299823 0.090797052 0.041401505 -0.004633861 0.996195018 0.087028846 -0.024590746 -0.090738744 -0.087089628 0.992059410 0.038407136
0.995881379 -0.001747089 0.090648606 0.042101614 -0.006051325 0.996304095 0.085682899 -0.021020478 -0.090463266 -0.085878551 0.992190123 0.039599713
0.995983779 -0.004680879 0.089411236 0.043036710 -0.002454257 0.996829867 0.079525135 -0.019164924 -0.089500032 -0.079425178 0.992814898 0.039829381
0.995862901 -0.005077597 0.090726219 0.044361848 -0.000739387 0.997951686 0.063967459 -0.011830096 -0.090865187 -0.063769899 0.993819356 0.043942627
0.995479047 -0.008884646 0.094564989 0.045669857 0.003831044 0.998561144 0.053488486 -0.011556495 -0.094904155 -0.052884385 0.994080722 0.043774396
0.994966626 -0.015146646 0.099055231 0.046363160 0.010613778 0.998879135 0.046128936 -0.010913456 -0.099642903 -0.044845402 0.994012177 0.043162353
0.994367361 -0.023122465 0.103435323 0.046927437 0.019413659 0.999136984 0.036720529 -0.010605337 -0.104195118 -0.034505635 0.993958116 0.041925345
0.993686378 -0.021626279 0.110089295 0.048090763 0.018973771 0.999505222 0.025085105 -0.010829171 -0.110577323 -0.022837920 0.993605077 0.040679060
0.992959738 -0.021381292 0.116506413 0.048692599 0.020032946 0.999718249 0.012731988 -0.011394252 -0.116745815 -0.010308385 0.993108332 0.039119739
0.992490053 -0.023450380 0.120056786 0.049347702 0.022790568 0.999716699 0.006866110 -0.011314821 -0.120183788 -0.004078384 0.992743254 0.037978057
0.991833687 -0.023341060 0.125383794 0.050747089 0.022269178 0.999702573 0.009943821 -0.010399411 -0.125578612 -0.007070423 0.992058456 0.037535287
0.991603911 -0.025570527 0.126759008 0.051645208 0.024524540 0.999651134 0.009805817 -0.009924675 -0.126965538 -0.006614780 0.991885066 0.037212435
0.991537094 -0.030123226 0.126280531 0.051997658 0.029246740 0.999533594 0.008789537 -0.009232125 -0.126486406 -0.005021858 0.991955638 0.037234578
0.991528809 -0.033415005 0.125515103 0.051607560 0.032589830 0.999431610 0.008622506 -0.009538385 -0.125731885 -0.004458946 0.992054224 0.036892399
0.991559029 -0.031608332 0.125744253 0.051643498 0.030730149 0.999487936 0.008918010 -0.009566666 -0.125961751 -0.004978594 0.992022634 0.036636394
0.991541922 -0.033929508 0.125273198 0.051512584 0.033122409 0.999414980 0.008520610 -0.009579822 -0.125488997 -0.004299192 0.992085695 0.037004896
0.991535544 -0.034143418 0.125265732 0.051375642 0.033329040 0.999407530 0.008591841 -0.009607838 -0.125484869 -0.004344130 0.992085993 0.036671564
0.991556287 -0.036422841 0.124456815 0.050964940 0.035637200 0.999328375 0.008533783 -0.009793853 -0.124684043 -0.004026434 0.992188334 0.036268041
0.991554320 -0.036143295 0.124554195 0.051000983 0.035344258 0.999338031 0.008619694 -0.009765288 -0.124783285 -0.004144620 0.992175341 0.036512859
0.991575301 -0.036464211 0.124292918 0.050814692 0.035665002 0.999326348 0.008649807 -0.009782645 -0.124524601 -0.004144028 0.992207885 0.036195736
0.991579890 -0.036306977 0.124302767 0.050770305 0.035498969 0.999331772 0.008709790 -0.009825561 -0.124535926 -0.004223833 0.992206097 0.035849284
0.991599202 -0.036444727 0.124107808 0.050879598 0.035627704 0.999326408 0.008796973 -0.009797550 -0.124344811 -0.004301397 0.992229760 0.036807638
0.991594315 -0.036564775 0.124111794 0.050963644 0.035742894 0.999321878 0.008843052 -0.009854156 -0.124350972 -0.004332606 0.992228866 0.036482796
0.991585433 -0.036714483 0.124138564 0.051046021 0.035888877 0.999316335 0.008881189 -0.009927579 -0.124379754 -0.004351264 0.992225170 0.036169965
0.991577208 -0.036489408 0.124270648 0.050834958 0.035671774 0.999324799 0.008798970 -0.009892386 -0.124507815 -0.004291904 0.992209375 0.036408816
0.991579175 -0.036646150 0.124208540 0.050771680 0.035812676 0.999318540 0.008937187 -0.009883740 -0.124451414 -0.004413689 0.992215872 0.036028776
0.991579533 -0.036623109 0.124212801 0.050745197 0.035789024 0.999319375 0.008940484 -0.009938231 -0.124455690 -0.004419746 0.992215335 0.035647400
0.991580844 -0.036565952 0.124219157 0.050780021 0.035741702 0.999321818 0.008858272 -0.009833935 -0.124458827 -0.004343889 0.992215276 0.036274012
0.991578460 -0.036401231 0.124286525 0.050860289 0.035568301 0.999327481 0.008914800 -0.009861116 -0.124527447 -0.004419063 0.992206335 0.036047697
0.991573989 -0.036822654 0.124197826 0.050875589 0.035965309 0.999311268 0.009138892 -0.009969939 -0.124448806 -0.004595075 0.992215395 0.035367180
0.991582394 -0.036395140 0.124256589 0.050946854 0.035567939 0.999327898 0.008869833 -0.009805804 -0.124495901 -0.004375619 0.992210448 0.036355283
0.991582572 -0.036461417 0.124236137 0.050926026 0.035628375 0.999325275 0.008921266 -0.009791696 -0.124477595 -0.004419839 0.992212594 0.036008082
0.991590798 -0.036529183 0.124150507 0.050888468 0.035695374 0.999322772 0.008934675 -0.009811322 -0.124392800 -0.004427943 0.992223144 0.035645321
0.991591513 -0.036464460 0.124163724 0.050891742 0.035643287 0.999325573 0.008829373 -0.009810171 -0.124401949 -0.004329528 0.992222488 0.036310345
0.991593122 -0.036470901 0.124149039 0.050844386 0.035638552 0.999324918 0.008919454 -0.009805281 -0.124390528 -0.004419978 0.992223501 0.036013283
0.991575897 -0.036565460 0.124258772 0.050604586 0.035714403 0.999320865 0.009070496 -0.009854639 -0.124506056 -0.004556257 0.992208362 0.034984548
0.991586685 -0.036154978 0.124292567 0.051206179 0.035363398 0.999337792 0.008569796 -0.009867662 -0.124520093 -0.004102288 0.992208600 0.037037361
0.991584897 -0.036146004 0.124309614 0.051160030 0.035348523 0.999337912 0.008615683 -0.009930788 -0.124538735 -0.004149020 0.992206097 0.036730051
0.991575301 -0.036205295 0.124368891 0.051112741 0.035414409 0.999336004 0.008564886 -0.010033271 -0.124596402 -0.004088278 0.992199063 0.036441360
0.991573870 -0.036380805 0.124328822 0.051039267 0.035580523 0.999329388 0.008651974 -0.009840253 -0.124560207 -0.004155387 0.992203355 0.036374990
0.991570115 -0.036323883 0.124375530 0.051027462 0.035520628 0.999331355 0.008670523 -0.009896666 -0.124607317 -0.004179535 0.992197335 0.035995200
0.991573393 -0.036350943 0.124341555 0.050958775 0.035532191 0.999329805 0.008796809 -0.009970188 -0.124577992 -0.004304554 0.992200494 0.035621677
0.991571963 -0.036393248 0.124340780 0.050854526 0.035593912 0.999328971 0.008644795 -0.009837586 -0.124571957 -0.004146161 0.992201924 0.036080837
0.991571307 -0.036310803 0.124369718 0.050803173 0.035500649 0.999331594 0.008724816 -0.009829817 -0.124603383 -0.004236071 0.992197573 0.035863318
0.991578996 -0.036596689 0.124224909 0.050684623 0.035760645 0.999320269 0.008953989 -0.009853890 -0.124468155 -0.004436225 0.992213666 0.035274539
0.991569459 -0.036498681 0.124329619 0.050669279 0.035701014 0.999325156 0.008638456 -0.009895616 -0.124561004 -0.004126936 0.992203355 0.035919268
0.991564095 -0.036600016 0.124342792 0.050572529 0.035798751 0.999321401 0.008672979 -0.009901778 -0.124575846 -0.004148497 0.992201388 0.035604831
0.991566420 -0.036527831 0.124345087 0.050483104 0.035715181 0.999323606 0.008759068 -0.009884686 -0.124580927 -0.004244192 0.992200375 0.035278335
0.991586685 -0.036485821 0.124196164 0.050721895 0.035672314 0.999325097 0.008768432 -0.010017262 -0.124432258 -0.004264296 0.992218971 0.035660353
0.991579652 -0.036336660 0.124295823 0.050575469 0.035529844 0.999330699 0.008702389 -0.010002093 -0.124528848 -0.004212901 0.992207050 0.035385646
0.991576791 -0.036464214 0.124281019 0.050353844 0.035659730 0.999326169 0.008692234 -0.010027321 -0.124514237 -0.004187190 0.992208958 0.035112303
0.991578758 -0.036465138 0.124265172 0.050788812 0.035654321 0.999325931 0.008743318 -0.009976908 -0.124500237 -0.004239099 0.992210507 0.035789128
0.991579592 -0.036533274 0.124238834 0.050657116 0.035719693 0.999323368 0.008770517 -0.010004292 -0.124475181 -0.004258892 0.992213607 0.035391539
0.991574705 -0.036325730 0.124338612 0.050065991 0.035511248 0.999330878 0.008761319 -0.010049249 -0.124573678 -0.004272084 0.992201149 0.033908378
0.991583884 -0.036655106 0.124168292 0.050888903 0.035853080 0.999319315 0.008688319 -0.009940356 -0.124402240 -0.004163381 0.992223144 0.035888840
0.991576493 -0.036655013 0.124227598 0.050772347 0.035848472 0.999319196 0.008722352 -0.009901065 -0.124462739 -0.004195509 0.992215395 0.035596542
0.991571903 -0.036635157 0.124269940 0.050190743 0.035817195 0.999319494 0.008810669 -0.009766961 -0.124508150 -0.004285411 0.992209315 0.034252822
0.991580606 -0.036502350 0.124239504 0.051160611 0.035709839 0.999325216 0.008600565 -0.009885628 -0.124469608 -0.004091580 0.992214978 0.036309000
0.991577864 -0.036624275 0.124225788 0.051075466 0.035822198 0.999320447 0.008684901 -0.009785838 -0.124459453 -0.004161715 0.992215991 0.036028098
0.991581798 -0.036750685 0.124156907 0.050521579 0.035931502 0.999315202 0.008831542 -0.009522983 -0.124396458 -0.004296052 0.992223322 0.034543730
0.991592348 -0.036570847 0.124125823 0.051289581 0.035747588 0.999321640 0.008853952 -0.009985303 -0.124365419 -0.004342312 0.992226958 0.036155190
0.991593838 -0.036660928 0.124087103 0.051263079 0.035837632 0.999318361 0.008861194 -0.010089418 -0.124327384 -0.004339718 0.992231786 0.035973210
0.991587877 -0.036708035 0.124120735 0.051270802 0.035883851 0.999316573 0.008870017 -0.010213912 -0.124361508 -0.004341471 0.992227495 0.035781313
0.991584897 -0.036714174 0.124142908 0.051169850 0.035895444 0.999316573 0.008826117 -0.010019802 -0.124382116 -0.004295680 0.992225111 0.035950121
0.991588056 -0.036789153 0.124095403 0.051154964 0.035964031 0.999313593 0.008883442 -0.010028041 -0.124337040 -0.004345744 0.992230535 0.035731230
0.991587639 -0.036859505 0.124077961 0.051137738 0.036034018 0.999311030 0.008891390 -0.010018875 -0.124320209 -0.004345564 0.992232621 0.035475116
0.991584420 -0.036901444 0.124091133 0.051112279 0.036084481 0.999309778 0.008825478 -0.010017038 -0.124331161 -0.004273443 0.992231548 0.035653122
0.991590500 -0.036955297 0.124026448 0.051101033 0.036125869 0.999307334 0.008930605 -0.009978366 -0.124270573 -0.004374940 0.992238700 0.035317060
0.991595268 -0.036938213 0.123993605 0.051075429 0.036099128 0.999307632 0.009007812 -0.009998097 -0.124240488 -0.004456043 0.992242157 0.035029635
0.991590083 -0.036959454 0.124028482 0.051065732 0.036122501 0.999306917 0.008990894 -0.010182660 -0.124274813 -0.004435063 0.992237926 0.035561249
0.991589487 -0.036963705 0.124032192 0.051079698 0.036123250 0.999306619 0.009018935 -0.010169473 -0.124279566 -0.004462636 0.992237210 0.035406500
0.991594195 -0.037035611 0.123972975 0.051073071 0.036189999 0.999303818 0.009066763 -0.009934106 -0.124222465 -0.004503968 0.992244184 0.034829304
0.991590440 -0.036981676 0.124019012 0.051119417 0.036136437 0.999305785 0.009058727 -0.010196507 -0.124267921 -0.004500942 0.992238522 0.035566397
0.991591096 -0.037015874 0.124003656 0.051167406 0.036173951 0.999304652 0.009034956 -0.010204689 -0.124251865 -0.004473281 0.992240608 0.035473496
0.991582811 -0.037025094 0.124067135 0.051248536 0.036192827 0.999304712 0.008956171 -0.010222026 -0.124312468 -0.004390446 0.992233396 0.035443861
0.991589725 -0.037097927 0.123990364 0.051289443 0.036269460 0.999302149 0.008933082 -0.010198609 -0.124235235 -0.004360889 0.992243230 0.035681728
0.991591215 -0.037184119 0.123952508 0.051366054 0.036338180 0.999298334 0.009079344 -0.010115652 -0.124203146 -0.004498789 0.992246628 0.035655361
0.991593182 -0.037143014 0.123948969 0.051484268 0.036320508 0.999300659 0.008889689 -0.009917834 -0.124192469 -0.004313067 0.992248774 0.035631921
0.991593301 -0.037226606 0.123923138 0.051164072 0.036386084 0.999296904 0.009039791 -0.010093066 -0.124172524 -0.004454718 0.992250621 0.035584975
0.991591930 -0.037261706 0.123923630 0.051149365 0.036416311 0.999295473 0.009080855 -0.009950529 -0.124174684 -0.004491661 0.992250204 0.035689306
0.991586983 -0.037200186 0.123981364 0.051119663 0.036366548 0.999298155 0.008981069 -0.009855327 -0.124228440 -0.004396738 0.992243886 0.035808649
0.991584778 -0.037236970 0.123988152 0.051213324 0.036408778 0.999297023 0.008939602 -0.010097496 -0.124233872 -0.004350116 0.992243409 0.035687558
0.991578758 -0.037283201 0.124022275 0.051201947 0.036445256 0.999294937 0.009019116 -0.009969150 -0.124271095 -0.004423140 0.992238462 0.035672795
0.991581142 -0.037329078 0.123989463 0.051226161 0.036506861 0.999293804 0.008897509 -0.009907767 -0.124234036 -0.004296137 0.992243648 0.035657700
0.991656601 -0.037115075 0.123448893 0.051052056 0.036294103 0.999301553 0.008893299 -0.010132581 -0.123692751 -0.004338631 0.992311060 0.035564557
0.991648793 -0.037108082 0.123513639 0.051211666 0.036275174 0.999301434 0.008986237 -0.009911443 -0.123760819 -0.004430713 0.992302179 0.035606477
0.991631031 -0.037327956 0.123590365 0.051424652 0.036498819 0.999293447 0.008966894 -0.009718131 -0.123837754 -0.004380947 0.992292821 0.035674125
0.991617322 -0.037398294 0.123678930 0.051150389 0.036565520 0.999290764 0.008997244 -0.010191072 -0.123927690 -0.004399438 0.992281497 0.035681933
0.991571546 -0.037821069 0.123916864 0.051227041 0.036987327 0.999275029 0.009022742 -0.010019411 -0.124168277 -0.004363341 0.992251575 0.035671700
