1.000000000 0.000000000 0.000000000 -0.000000015 0.000000000 1.000000000 0.000000000 -0.000000045 0.000000000 0.000000000 1.000000000 0.000000149
0.999984443 0.003441743 0.004386041 -0.000075036 -0.003460189 0.999985158 0.004204938 0.019243263 -0.004371504 -0.004220049 0.999981523 0.007117968
0.999969780 0.004473844 0.006356271 -0.000657307 -0.004563424 0.999889493 0.014149371 0.041905794 -0.006292267 -0.014177949 0.999879718 0.013445483
0.999972463 0.003981302 0.006263726 -0.000958565 -0.004149071 0.999626756 0.027003188 0.065544896 -0.006153880 -0.027028434 0.999615729 0.021175405
0.999979794 0.001408341 0.006202016 -0.001828369 -0.001634902 0.999325812 0.036678039 0.091031320 -0.006146179 -0.036687434 0.999307871 0.028737266
0.999977529 0.000038380 0.006704088 -0.002593665 -0.000333106 0.999032974 0.043966554 0.117086776 -0.006695918 -0.043967798 0.999010503 0.035303574
0.999971330 -0.004664593 0.005966970 -0.003512359 0.004366706 0.998789370 0.048997283 0.142148972 -0.006188299 -0.048969820 0.998781085 0.043253422
0.999963701 -0.006952929 0.004924499 -0.003922606 0.006685359 0.998603165 0.052411582 0.166997880 -0.005282035 -0.052376758 0.998613417 0.049481858
0.999966681 -0.006820264 0.004492130 -0.004677292 0.006553427 0.998355389 0.056952663 0.190039530 -0.004873174 -0.056921326 0.998366773 0.054926533
0.999977350 -0.005417269 0.003994401 -0.005118048 0.005157140 0.998032629 0.062484428 0.211319730 -0.004325037 -0.062462412 0.998037934 0.059564784
0.999988794 -0.000516044 0.004706337 -0.006037293 0.000182300 0.997501850 0.070640139 0.230917454 -0.004731033 -0.070638485 0.997490764 0.063753784
0.999997497 -0.000324996 0.002214716 -0.006898721 0.000142723 0.996647954 0.081809402 0.249060929 -0.002233880 -0.081808880 0.996645510 0.066716783
0.999991000 0.003272441 0.002695011 -0.007517167 -0.003516692 0.995349407 0.096266523 0.265230179 -0.002367451 -0.096275136 0.995351970 0.068161614
0.999991357 0.003970548 0.001229037 -0.007899306 -0.004084627 0.993494213 0.113809176 0.277515024 -0.000769157 -0.113813214 0.993501842 0.070131205
0.999996424 0.002610103 0.000566058 -0.009585771 -0.002661749 0.991387606 0.130933419 0.284057289 -0.000219433 -0.130934462 0.991391003 0.070305832
0.999997735 0.000234892 -0.002112165 -0.010191067 0.000071188 0.989612937 0.143757597 0.282488257 0.002123994 -0.143757418 0.989610672 0.068681322
0.999989748 0.001425856 -0.004299324 -0.010820372 -0.000768472 0.988807678 0.149193823 0.272840053 0.004463934 -0.149188995 0.988798618 0.064663261
0.999987423 0.002385467 -0.004417959 -0.011825816 -0.001705245 0.988982379 0.148023307 0.253823787 0.004722389 -0.148013920 0.988973975 0.058979336
0.999988735 0.004333315 -0.001942188 -0.012195150 -0.004023504 0.990405500 0.138133079 0.229106247 0.002522128 -0.138123721 0.990411758 0.054493211
0.999928772 0.011426304 0.003441791 -0.013004757 -0.011772943 0.991701722 0.128019944 0.197932735 -0.001950435 -0.128051355 0.991765618 0.046150781
0.999794543 0.017335739 0.010504344 -0.013106210 -0.018433575 0.993139386 0.115474455 0.163242415 -0.008430443 -0.115644358 0.993254900 0.040342119
0.999499500 0.023920104 0.020700943 -0.013724877 -0.025899064 0.994518161 0.101305731 0.125055999 -0.018164221 -0.101791166 0.994639933 0.032005504
0.998984456 0.032099597 0.031617951 -0.014368347 -0.034707993 0.995713294 0.085734569 0.086923376 -0.028730370 -0.086744897 0.995816171 0.025296917
0.998690546 0.036401276 0.035946820 -0.015355051 -0.038883712 0.996720791 0.070962861 0.046485532 -0.033245806 -0.072267681 0.996831000 0.016327243
0.998663664 0.037222512 0.035852283 -0.016425449 -0.039173663 0.997698188 0.055351540 0.012950772 -0.033709437 -0.056682035 0.997823060 0.010060799
0.998809814 0.035454523 0.033494744 -0.017123617 -0.036849994 0.998437524 0.042006876 -0.020170178 -0.031953078 -0.043191161 0.998555720 0.003030156
0.998859763 0.033385031 0.034126442 -0.017711895 -0.034370579 0.998996615 0.028712496 -0.051661320 -0.033133630 -0.029852703 0.999005020 -0.002771574
0.998996854 0.028096389 0.034870185 -0.017139798 -0.028552558 0.999512196 0.012653556 -0.078631401 -0.034497656 -0.013636494 0.999311745 -0.007872551
0.999051452 0.024632838 0.035908449 -0.019815704 -0.024551373 0.999694884 -0.002707914 -0.109079361 -0.035964195 0.001823744 0.999351442 -0.017663598
0.999148130 0.020198209 0.035986837 -0.019754412 -0.019487048 0.999609947 -0.020004068 -0.131444618 -0.036376845 0.019285750 0.999152005 -0.024382658
0.999141693 0.021862134 0.035183929 -0.019114066 -0.020609718 0.999154508 -0.035573713 -0.145303801 -0.035931900 0.034818053 0.998747528 -0.029406805
0.999109685 0.021889571 0.036065418 -0.017624196 -0.020209413 0.998722672 -0.046310022 -0.153142005 -0.037033055 0.045539930 0.998275876 -0.031726465
0.998830676 0.026860727 0.040197048 -0.017036518 -0.024907378 0.998520792 -0.048330437 -0.155457184 -0.041435782 0.047272723 0.998022199 -0.034245517
0.998573661 0.032436550 0.042409230 -0.015071681 -0.030577593 0.998573542 -0.043771170 -0.146107435 -0.043768521 0.042411968 0.998141050 -0.032477271
0.998275995 0.037500743 0.045152623 -0.014355168 -0.035997365 0.998784840 -0.033660758 -0.127811074 -0.046360057 0.031977352 0.998412848 -0.027593078
0.998266518 0.035524104 0.046924897 -0.012342307 -0.034576904 0.999184608 -0.020845480 -0.106339008 -0.047627151 0.019186828 0.998680890 -0.023476547
0.998437762 0.032930709 0.045140311 -0.010915712 -0.032616347 0.999438405 -0.007683217 -0.079167753 -0.045367971 0.006198902 0.998951137 -0.015619369
0.998634815 0.028028188 0.044078942 -0.009039904 -0.028182982 0.999598563 0.002894071 -0.050269216 -0.043980133 -0.004132396 0.999023855 -0.006799418
0.998574317 0.031687330 0.042956419 -0.007433642 -0.032122817 0.999438941 0.009485679 -0.018299898 -0.042631738 -0.010852037 0.999031901 0.001562247
0.998794436 0.028043382 0.040289767 -0.005843832 -0.028590806 0.999505699 0.013075707 0.012981380 -0.039903164 -0.014211861 0.999102473 0.009258971
0.999023259 0.027989186 0.034191787 -0.003408788 -0.028558716 0.999459505 0.016283600 0.046860453 -0.033717543 -0.017244169 0.999282598 0.018632349
0.999131620 0.026660627 0.032018900 -0.002185328 -0.027340522 0.999405861 0.020987485 0.079462461 -0.031440333 -0.021844674 0.999266863 0.025626093
0.999344110 0.022118149 0.028672190 -0.002185121 -0.022996793 0.999264479 0.030685754 0.112062290 -0.027972391 -0.031324998 0.999117732 0.032139570
0.999258578 0.019635811 0.033116318 -0.001818448 -0.021090124 0.998802125 0.044153411 0.143187836 -0.032209665 -0.044819105 0.998475730 0.038414866
0.999187112 0.016373225 0.036838237 0.000290323 -0.018534813 0.998078644 0.059122808 0.174792171 -0.035799425 -0.059757538 0.997570753 0.046842188
0.999037027 0.016960703 0.040464625 0.000127804 -0.020019226 0.996874809 0.076418608 0.201268077 -0.039042056 -0.077155083 0.996254385 0.051973145
0.999034405 0.018488092 0.039854925 -0.000261279 -0.022148015 0.995378673 0.093438290 0.222804472 -0.037943248 -0.094230779 0.994827032 0.055518501
0.999189675 0.017304735 0.036340028 -0.001685831 -0.021137143 0.993939817 0.107874081 0.238209054 -0.034253068 -0.108554795 0.993500173 0.057043988
0.999290884 0.018111913 0.033010121 -0.003336761 -0.021933882 0.992607951 0.119366370 0.246490344 -0.030604158 -0.120005764 0.992301345 0.059744172
0.999342501 0.018607100 0.031118359 -0.004688792 -0.022405332 0.991708159 0.126542240 0.245912254 -0.028505746 -0.127156258 0.991473019 0.058845367
0.999428034 0.018702816 0.028174402 -0.006355461 -0.022181772 0.991433442 0.128715634 0.236422405 -0.025525698 -0.129266977 0.991281211 0.056379072
0.999512434 0.017250597 0.026025524 -0.008448025 -0.020343915 0.992110431 0.123705484 0.218319282 -0.023686202 -0.124174632 0.991977632 0.051851992
0.999535263 0.017506754 0.024955558 -0.010277680 -0.020175600 0.993609905 0.111050949 0.194321766 -0.022851946 -0.111502826 0.993501365 0.045920961
0.999550104 0.016595181 0.024983542 -0.012069649 -0.018913567 0.995238304 0.095618904 0.166432351 -0.023277765 -0.096048415 0.995104432 0.039233867
0.999404490 0.020527640 0.027736146 -0.013104650 -0.022751750 0.996338844 0.082409270 0.136637822 -0.025942933 -0.082991235 0.996212542 0.032383244
0.999280930 0.021244183 0.031404961 -0.014025640 -0.023467220 0.997114003 0.072201185 0.105533496 -0.029780472 -0.072886251 0.996895552 0.024730589
0.999001145 0.025134765 0.036945954 -0.014477997 -0.027532063 0.997447729 0.065878674 0.072657682 -0.035195813 -0.066830069 0.997143447 0.018045655
0.998780251 0.025378976 0.042355172 -0.014633399 -0.027938571 0.997748137 0.060976423 0.039890479 -0.040712275 -0.062085390 0.997240126 0.010054685
0.998704672 0.024204951 0.044755369 -0.014353099 -0.026709609 0.998059988 0.056239504 0.008009486 -0.043307267 -0.057362054 0.997413695 0.001870511
0.998593688 0.020446615 0.048913755 -0.013533920 -0.022866150 0.998515904 0.049428325 -0.024723465 -0.047830522 -0.050477285 0.997579217 -0.005378866
0.998352885 0.015506091 0.055236857 -0.012369878 -0.017770553 0.999011636 0.040743053 -0.057150643 -0.054550495 -0.041657530 0.997641683 -0.011255256
0.997870564 0.010931090 0.064302646 -0.010504713 -0.012722382 0.999540448 0.027514029 -0.089465804 -0.063972332 -0.028273523 0.997551084 -0.017845254
0.997482955 0.006226623 0.070632651 -0.008859345 -0.007035463 0.999912441 0.011208361 -0.118973166 -0.070556670 -0.011677083 0.997439444 -0.024784504
0.997202396 0.006529626 0.074463390 -0.008332364 -0.006106082 0.999963880 -0.005914176 -0.146429837 -0.074499317 0.005442951 0.997206211 -0.032528874
0.996961296 0.005992761 0.077667855 -0.005898504 -0.004257852 0.999738157 -0.022483928 -0.165620893 -0.077782251 0.022084909 0.996725738 -0.037746206
0.996958554 0.008880329 0.077425689 -0.005146849 -0.006323799 0.999428630 -0.033202048 -0.178362221 -0.077676296 0.032611441 0.996445119 -0.042174179
0.996789813 0.011121014 0.079286925 -0.004449908 -0.008134775 0.999248862 -0.037887707 -0.183933124 -0.079648726 0.037121102 0.996131599 -0.044276826
0.996409178 0.015661960 0.083207034 -0.003459604 -0.012514289 0.999191105 -0.038217179 -0.180749655 -0.083738290 0.037038669 0.995799184 -0.043600436
0.996266305 0.019536758 0.084093451 -0.001275103 -0.016547779 0.999211371 -0.036095012 -0.170182243 -0.084732309 0.034568686 0.995803893 -0.041822780
0.996371150 0.021007918 0.082481384 -0.000993377 -0.018392906 0.999307752 -0.032337170 -0.152583927 -0.083103627 0.030702751 0.996067822 -0.036643844
0.996523082 0.020748211 0.080692120 -0.000623048 -0.018531891 0.999432802 -0.028119035 -0.130426079 -0.081229769 0.026525892 0.996342361 -0.029309088
0.996627808 0.021863390 0.079088800 0.000683396 -0.020069461 0.999524534 -0.023406770 -0.103698947 -0.079562955 0.021740567 0.996592760 -0.020775355
0.997020721 0.019796982 0.074550062 0.003328820 -0.018458717 0.999656618 -0.018597720 -0.075391844 -0.074892640 0.017166214 0.997043848 -0.011481791
0.997269392 0.023499319 0.070010625 0.005297244 -0.022702763 0.999668419 -0.012151823 -0.042867910 -0.070272975 0.010529208 0.997472227 -0.002757736
0.997452915 0.024473788 0.066997863 0.006954414 -0.024150802 0.999692500 -0.005626687 -0.009755302 -0.067114972 0.003994304 0.997737229 0.005998688
0.997392178 0.028052490 0.066497117 0.009114929 -0.028313432 0.999594629 0.002984728 0.024326278 -0.066386431 -0.004859706 0.997782171 0.014825691
0.996967196 0.030823918 0.071457952 0.011445065 -0.031903904 0.999392569 0.014021568 0.058705267 -0.070982352 -0.016258830 0.997345030 0.026132198
0.997474730 0.027111359 0.065644376 0.012359360 -0.029188972 0.999096215 0.030899936 0.092347339 -0.064747311 -0.032737996 0.997364521 0.034337338
0.997874677 0.019084651 0.062304478 0.012532024 -0.022364262 0.998377144 0.052372660 0.124487258 -0.061203856 -0.053654749 0.996682107 0.041594677
0.998257101 0.011014417 0.057977684 0.012851728 -0.015393231 0.997017145 0.075629793 0.153992578 -0.056971729 -0.076390438 0.995449007 0.047802895
0.998360693 0.004774720 0.057036500 0.012990119 -0.010244494 0.995328963 0.095996127 0.181002587 -0.056311730 -0.096423075 0.993746221 0.055594534
0.998362541 0.003931233 0.057068728 0.013134046 -0.010265308 0.993753314 0.111126065 0.205599949 -0.056275375 -0.111529931 0.992166400 0.060436871
0.998242319 0.009860560 0.058437947 0.014004197 -0.016903028 0.992475212 0.121273205 0.227278709 -0.056802396 -0.122047827 0.990897477 0.064240068
0.998311520 0.016376482 0.055730633 0.013901021 -0.023375368 0.991582394 0.127349511 0.244429082 -0.053175978 -0.128437206 0.990290999 0.066315904
0.998538911 0.019865993 0.050252791 0.012608832 -0.026262891 0.991162956 0.130024254 0.255480945 -0.047225643 -0.131154060 0.990236521 0.066906780
0.998834908 0.022162257 0.042868286 0.010927025 -0.027576404 0.991111696 0.130142882 0.260556847 -0.039603002 -0.131173417 0.990568101 0.066141739
0.999081492 0.021940166 0.036807891 0.009466814 -0.026560159 0.991140544 0.130134493 0.258434236 -0.033626620 -0.130992591 0.990812898 0.064759232
0.999201894 0.022768075 0.032820027 0.008249576 -0.026867429 0.991093516 0.130429387 0.248706251 -0.029558089 -0.131207079 0.990914226 0.062502488
0.999217331 0.024214612 0.031279966 0.007888246 -0.028090065 0.991105795 0.130078018 0.230826497 -0.027851967 -0.130854875 0.991010249 0.059997201
0.999230921 0.024142567 0.030898973 0.006781979 -0.027886782 0.991494238 0.127127796 0.208371341 -0.027566962 -0.127891690 0.991404951 0.055476312
0.999212623 0.024556700 0.031162299 0.005666117 -0.028212339 0.992019773 0.122885458 0.182287946 -0.027895957 -0.123667859 0.991931498 0.050262962
0.999052107 0.027631164 0.033635534 0.005092590 -0.031463541 0.992355824 0.119331256 0.153440580 -0.030081159 -0.120276436 0.992284596 0.044912484
0.998542309 0.034364019 0.041621577 0.005118044 -0.038928177 0.992678702 0.114339754 0.122182287 -0.037387680 -0.115793332 0.992569447 0.036467791
0.998048723 0.039376497 0.048458923 0.005493605 -0.044398896 0.993228674 0.107356846 0.087487422 -0.043903459 -0.109298885 0.993038893 0.031118345
0.997786283 0.041313887 0.052112371 0.005265656 -0.046239771 0.994193733 0.097163208 0.051299855 -0.047795601 -0.099357776 0.993903220 0.025128875
0.997621119 0.040318117 0.055916108 0.004302488 -0.044932872 0.995461345 0.083890960 0.015182050 -0.052280001 -0.086203858 0.994904876 0.020711897
0.997470021 0.038166959 0.059973970 0.004341049 -0.042167973 0.996866345 0.066927843 -0.023044832 -0.057231598 -0.069287501 0.995953679 0.013086277
0.997086406 0.035948016 0.067278877 0.003822686 -0.039099537 0.998170078 0.046127196 -0.059023056 -0.065497577 -0.048623372 0.996667385 0.006840204
0.996585071 0.036943763 0.073846728 0.001829462 -0.038842916 0.998946190 0.024448501 -0.092688009 -0.072865695 -0.027233435 0.996969879 0.001215923
0.996035218 0.036117122 0.081298508 0.001470915 -0.036573283 0.999322474 0.004128313 -0.123863213 -0.081094317 -0.007085298 0.996681273 -0.007098575
0.995791256 0.036108378 0.084237531 0.001721757 -0.035166990 0.999301612 -0.012633058 -0.151668608 -0.084634855 0.009617508 0.996365607 -0.017674007
0.995790958 0.031778403 0.085967928 0.000200753 -0.029643405 0.999222338 -0.025998708 -0.174997702 -0.086727276 0.023340896 0.995958626 -0.024581749
0.995966077 0.028868783 0.084959671 -0.001364972 -0.025950450 0.999041319 -0.035256036 -0.192872390 -0.085896015 0.032909073 0.995760441 -0.030676370
0.995925665 0.023120474 0.087163396 -0.004712016 -0.019722674 0.999019206 -0.039643705 -0.203536347 -0.087994494 0.037763089 0.995404899 -0.033000089
0.995716095 0.019950990 0.090285376 -0.003139325 -0.016403217 0.999070287 -0.039867964 -0.208821833 -0.090996847 0.038216200 0.995117605 -0.033409514
0.995430648 0.017421374 0.093884550 -0.003516204 -0.014050515 0.999236822 -0.036446527 -0.205442771 -0.094447844 0.034960866 0.994915724 -0.031636883
0.995399237 0.016382262 0.094403222 -0.003550976 -0.013435039 0.999404848 -0.031771015 -0.195798293 -0.094867527 0.030356534 0.995026946 -0.027872426
0.994941235 0.014932511 0.099342503 -0.003244048 -0.012406766 0.999585092 -0.025994031 -0.180045068 -0.099689446 0.024630016 0.994713724 -0.022455126
0.994365633 0.015774159 0.104824230 0.000069544 -0.013846684 0.999721885 -0.019090101 -0.159933999 -0.105096206 0.017531075 0.994307518 -0.017618883
0.993563771 0.022057226 0.111105606 0.002424161 -0.020768618 0.999703109 -0.012742187 -0.136612505 -0.111353680 0.010352666 0.993726909 -0.009185093
0.992868066 0.027463008 0.116011828 0.005065213 -0.026807185 0.999614596 -0.007209814 -0.111622103 -0.116165116 0.004048443 0.993221641 -0.000390482
0.992285311 0.036380962 0.118517131 0.007963349 -0.036472932 0.999333680 -0.001393623 -0.085146613 -0.118488863 -0.002939795 0.992951035 0.008169925
0.992052436 0.040209550 0.119227327 0.011591794 -0.041124854 0.999140322 0.005225553 -0.058816548 -0.118914716 -0.010087229 0.992853224 0.016751522
0.992638886 0.043518201 0.113023065 0.013778766 -0.045438699 0.998862326 0.014470778 -0.032593012 -0.112264745 -0.019499879 0.993487000 0.023146614
0.993124247 0.045653451 0.107796162 0.016000228 -0.048629049 0.998500526 0.025137205 -0.006934199 -0.106486931 -0.030206393 0.993855178 0.028201768
0.994265318 0.046779666 0.096167035 0.015804427 -0.050547611 0.998031437 0.037124559 0.017486051 -0.094241045 -0.041772678 0.994672656 0.029729778
0.995494783 0.045693241 0.083079956 0.016941903 -0.049934283 0.997514844 0.049706694 0.039910011 -0.080602221 -0.053631295 0.995302439 0.031049909
0.996647894 0.041419808 0.070550583 0.017300645 -0.045940224 0.996910870 0.063704185 0.058145322 -0.067694031 -0.066731758 0.995471954 0.029382875
0.997675300 0.035807393 0.057980761 0.017182622 -0.040325724 0.996079862 0.078732207 0.073012501 -0.054934271 -0.080887303 0.995208263 0.026177041
0.998310804 0.029778145 0.049888458 0.017043317 -0.034405261 0.994919062 0.094617106 0.084138885 -0.046817455 -0.096173696 0.994262934 0.022223573
0.998927593 0.021576211 0.040965617 0.016465755 -0.026001289 0.993507147 0.110758401 0.091724604 -0.038309887 -0.111704774 0.993002713 0.019350266
0.999328375 0.014754090 0.033542808 0.015884442 -0.018976469 0.991427720 0.129270941 0.096249744 -0.031347994 -0.129820645 0.991041839 0.014507127
0.999562204 0.008953890 0.028199466 0.015236534 -0.013031835 0.988912106 0.147929057 0.098814718 -0.026562253 -0.148231789 0.988595843 0.009260753
0.999585450 0.004017571 0.028510153 0.014957594 -0.008785527 0.985551953 0.169145316 0.099870354 -0.027418684 -0.169325680 0.985178709 0.004977898
0.999392629 -0.001109869 0.034829788 0.014644270 -0.005638182 0.981173635 0.193045452 0.099772729 -0.034388326 -0.193124577 0.980571449 0.001487683
0.998825431 -0.003733855 0.048309010 0.014820083 -0.006873207 0.976025701 0.217546865 0.099375814 -0.047963124 -0.217623398 0.974853635 -0.000995960
0.998108864 -0.009091625 0.060794972 0.013726414 -0.005700422 0.971051097 0.238803864 0.098188132 -0.061206140 -0.238698810 0.969162881 -0.003705450
0.997383893 -0.014938793 0.070726618 0.011938627 -0.003781795 0.966289759 0.257429302 0.096683845 -0.072188094 -0.257023335 0.963705301 -0.006482221
0.996979058 -0.020737516 0.074851289 0.009639718 -0.000592135 0.961641371 0.274309188 0.095105201 -0.077668592 -0.273524851 0.958724022 -0.010711495
0.996824324 -0.024568789 0.075747386 0.007281109 0.001321765 0.956188977 0.292747200 0.094264254 -0.079621255 -0.291717410 0.953184843 -0.015377439
0.996590614 -0.030847829 0.076521449 0.005587526 0.005440451 0.950025201 0.312125742 0.093492851 -0.082325704 -0.310645282 0.946954072 -0.020129172
0.996371329 -0.035970036 0.077138700 0.005004776 0.008342261 0.943217278 0.332071602 0.093714997 -0.084703185 -0.330223083 0.940094709 -0.025591934
0.996117592 -0.042844903 0.076902896 0.004223625 0.013113947 0.936045349 0.351634890 0.093735233 -0.087050363 -0.349261194 0.932973146 -0.031429589
0.996108472 -0.043673173 0.076554120 0.004365757 0.012296913 0.928966820 0.369958758 0.094791383 -0.087273508 -0.367577672 0.925888777 -0.037643239
0.996187568 -0.042797521 0.076017670 0.005736847 0.010191239 0.922518015 0.385819495 0.095400311 -0.086639784 -0.383573890 0.919437110 -0.043608319
0.996458411 -0.041418217 0.073179156 0.007847170 0.008895677 0.917317510 0.398057103 0.095040411 -0.083615333 -0.395996392 0.914437175 -0.048660967
0.996697962 -0.040425193 0.070420161 0.011646490 0.008453086 0.914204836 0.405164331 0.093190886 -0.080757290 -0.403231174 0.911527753 -0.052909039
0.996653199 -0.042002745 0.070129544 0.015911357 0.009918675 0.913694918 0.406279743 0.091008469 -0.081141874 -0.404224396 0.911053598 -0.054704916
0.996802211 -0.041513711 0.068279006 0.020428549 0.010620717 0.915709317 0.401700974 0.089018978 -0.079199813 -0.399691224 0.913221955 -0.055420596
0.997070670 -0.042431865 0.063636407 0.024643965 0.013912422 0.918739378 0.394619286 0.087282427 -0.075209707 -0.392578006 0.916638434 -0.055086181
0.997316718 -0.041942947 0.060001235 0.029212940 0.015504218 0.922024071 0.386821926 0.084907115 -0.071547039 -0.384853721 0.920200348 -0.054126218
0.997508466 -0.039712589 0.058307130 0.032882836 0.014630468 0.924990296 0.379709035 0.084340379 -0.069012754 -0.377909929 0.923266649 -0.052364454
0.997836709 -0.034722675 0.055822887 0.034898367 0.011330861 0.927265346 0.374233365 0.084467597 -0.064757012 -0.372791290 0.925652862 -0.050148077
0.998151183 -0.031626619 0.051903404 0.036104664 0.010202476 0.929022074 0.369883567 0.084342003 -0.059917577 -0.368670195 0.927627206 -0.047924519
0.998523057 -0.025203984 0.048129674 0.036609743 0.005745362 0.929901540 0.367763668 0.082637049 -0.054024968 -0.366943985 0.928672910 -0.045714214
0.998703599 -0.022395212 0.045712184 0.037509378 0.003950455 0.929410458 0.369026601 0.081828691 -0.050749812 -0.368367612 0.928294003 -0.043281045
0.998868108 -0.018125899 0.043977261 0.038982611 0.000391325 0.927647829 0.373455912 0.080821678 -0.047564633 -0.373015970 0.926604927 -0.040973466
0.998943448 -0.014931688 0.043463219 0.042040475 -0.002601145 0.925858855 0.377860546 0.080992818 -0.045882899 -0.377574384 0.924841821 -0.038657982
0.999020875 -0.013945635 0.041985333 0.045852300 -0.003090123 0.924704492 0.380673230 0.079655655 -0.044132754 -0.380430222 0.923756003 -0.035949510
0.998977363 -0.015349923 0.042528071 0.051435322 -0.002088767 0.923934042 0.382546067 0.078834295 -0.045165189 -0.382243693 0.922957122 -0.032852441
0.998901069 -0.017606776 0.043435715 0.058910683 -0.000410797 0.923431695 0.383762598 0.077852234 -0.046866737 -0.383358717 0.922409713 -0.029575992
0.998768926 -0.019857878 0.045456983 0.068748809 0.000812285 0.922800243 0.385277897 0.077309459 -0.049598515 -0.384766668 0.921680331 -0.026306065
0.998622179 -0.022840245 0.047245365 0.078935042 0.002781155 0.922081769 0.386985093 0.075423464 -0.052402925 -0.386320502 0.920874834 -0.023795893
0.998459935 -0.027274832 0.048310094 0.091641724 0.006331521 0.921133995 0.389194220 0.074218750 -0.055115275 -0.388288945 0.919888020 -0.020719958
0.998294413 -0.031847179 0.048928261 0.105903737 0.010176434 0.920198143 0.391320705 0.072991617 -0.057486154 -0.390155375 0.918952763 -0.018061288
0.998111784 -0.035719343 0.049970414 0.122002058 0.013253244 0.919604659 0.392621517 0.071800336 -0.059977207 -0.391217887 0.918341637 -0.016127992
0.997782230 -0.040131129 0.053104576 0.139006570 0.016139690 0.919868112 0.391895562 0.070104189 -0.064576417 -0.390169352 0.918475807 -0.014245179
0.997395217 -0.044620246 0.056672815 0.157221273 0.019182794 0.921493888 0.387918890 0.067929715 -0.069532685 -0.385821283 0.919949532 -0.011743808
0.996847212 -0.049935915 0.061660636 0.176139042 0.022670269 0.923975408 0.381779402 0.065337986 -0.076037414 -0.379177898 0.922194362 -0.009138552
0.996145546 -0.056378860 0.067197710 0.195244044 0.027144026 0.926610887 0.375040591 0.062597133 -0.083410487 -0.371770978 0.924569666 -0.006829701
0.995345891 -0.061353531 0.074312024 0.213350654 0.029616710 0.928575337 0.369960397 0.060942262 -0.091702692 -0.366037697 0.926070750 -0.004353737
0.994554341 -0.066662073 0.080111146 0.231847465 0.032599568 0.929093957 0.368404329 0.059845511 -0.098989367 -0.363786519 0.926207602 -0.002192476
0.993797302 -0.070374064 0.086107254 0.249939293 0.033583060 0.928066075 0.370898336 0.059943054 -0.106014848 -0.365705997 0.924672902 -0.000294851
0.992788732 -0.073963679 0.094339073 0.268001109 0.033017002 0.925238490 0.377946675 0.061211236 -0.115240470 -0.372106433 0.921008408 0.000426925
0.991624475 -0.076535791 0.104034588 0.283910811 0.030357387 0.921056926 0.388242930 0.062440086 -0.125536248 -0.381832987 0.915665984 0.002517924
0.990433633 -0.082462735 0.110639781 0.298415720 0.031967998 0.917102695 0.397367150 0.063993946 -0.134236023 -0.390028864 0.910965502 0.004147617
0.990033686 -0.085670851 0.111775845 0.310903609 0.033532627 0.914263308 0.403730273 0.065884501 -0.136780471 -0.395958424 0.908024251 0.005453511
0.989929914 -0.085216224 0.113035470 0.322921515 0.032066964 0.912742794 0.407274306 0.067927480 -0.137878686 -0.399548292 0.906283975 0.005009257
0.990024984 -0.084741771 0.112558216 0.333174229 0.032031048 0.913354516 0.405903310 0.073082000 -0.137202516 -0.398249060 0.906958222 0.010263722
0.990172267 -0.085163072 0.110932916 0.340069115 0.033325158 0.914040387 0.404251844 0.074444138 -0.135824502 -0.396582097 0.907895565 0.011219022
0.990357280 -0.086496584 0.108216360 0.344655156 0.036115564 0.915324032 0.401095510 0.075434335 -0.133746415 -0.393319547 0.909621716 0.011860440
0.990728199 -0.086456321 0.104799308 0.347367793 0.037933066 0.916739702 0.397680014 0.076474227 -0.130455628 -0.390017480 0.911519468 0.012013547
0.990681171 -0.088588871 0.103454590 0.347664475 0.040864907 0.917906344 0.394687206 0.077366941 -0.129926518 -0.386781543 0.912972689 0.011885708
0.990585625 -0.089912295 0.103227586 0.346074402 0.042307798 0.918225229 0.393792421 0.078078993 -0.130192950 -0.385717779 0.913384676 0.011379390
0.990310967 -0.088590428 0.106938638 0.342760563 0.039486468 0.917931497 0.394769102 0.078349486 -0.133135110 -0.386721581 0.912535787 0.010373212
0.990169346 -0.087398104 0.109207280 0.337245494 0.037528053 0.918125272 0.394509256 0.077551372 -0.134745330 -0.386532664 0.912379384 0.008581882
0.990178347 -0.087502897 0.109041743 0.329085350 0.037803721 0.918444157 0.393740088 0.076211318 -0.134602144 -0.385750741 0.912731409 0.007019092
0.990436852 -0.086410075 0.107555449 0.319046050 0.037509326 0.918857932 0.392801732 0.074956074 -0.132770211 -0.385010988 0.913311899 0.004731045
0.990852177 -0.086696267 0.103420287 0.307061285 0.039269205 0.918414176 0.393666536 0.074769519 -0.129112080 -0.386004120 0.913417161 0.002011261
0.991589546 -0.083528750 0.098858878 0.293745130 0.037785269 0.917409539 0.396146446 0.075569347 -0.123783693 -0.389079303 0.912849903 -0.001356841
0.992152393 -0.081634276 0.094707243 0.279079437 0.037308320 0.916228712 0.398914903 0.076475337 -0.119338624 -0.392250985 0.912084162 -0.003412540
0.992671490 -0.080491573 0.090135768 0.262630492 0.037889771 0.915584207 0.400337309 0.077383421 -0.114750668 -0.393988222 0.911924124 -0.005439661
0.993246913 -0.079275243 0.084711447 0.244367272 0.038969718 0.915685833 0.400001049 0.077853940 -0.109279245 -0.393998623 0.912591457 -0.007464565
0.993900478 -0.076225042 0.079696611 0.225441143 0.038320690 0.916351676 0.398536235 0.077976525 -0.103408560 -0.393051356 0.913683355 -0.010567469
0.994553328 -0.072697029 0.074691437 0.204362750 0.037457690 0.918026507 0.394745857 0.078071147 -0.097265564 -0.389798015 0.915749371 -0.013123574
0.995239437 -0.068796411 0.069032326 0.182978645 0.036577389 0.920205057 0.389723927 0.077299073 -0.090335503 -0.385343581 0.918340802 -0.016335901
0.995931208 -0.063488401 0.063955285 0.161128432 0.034118980 0.922509372 0.384463757 0.076339155 -0.083408333 -0.380717367 0.920922041 -0.019466903
0.996388614 -0.060356095 0.059723079 0.139364272 0.033235960 0.924477577 0.379785001 0.074587271 -0.078134984 -0.376428485 0.923144937 -0.022742022
0.996754169 -0.057753798 0.056086190 0.115460753 0.032410990 0.925598502 0.377116680 0.073290572 -0.073693208 -0.374074817 0.924465954 -0.025820171
0.997115850 -0.054972503 0.052325461 0.091569185 0.031226080 0.925552607 0.377329260 0.072649412 -0.069172695 -0.374607056 0.924599767 -0.028666593
0.997604311 -0.050184947 0.047613744 0.067386173 0.028399844 0.924710035 0.379611343 0.072703622 -0.063079685 -0.377349705 0.923919976 -0.031355184
0.998000443 -0.046761274 0.042526063 0.044053279 0.026903838 0.923089683 0.383642614 0.073433481 -0.057194982 -0.381731391 0.922501981 -0.033686951
0.998377383 -0.041577004 0.038910005 0.019110654 0.023315934 0.921868443 0.386801004 0.074325398 -0.051951934 -0.385266125 0.921341956 -0.036409803
0.998618424 -0.037214797 0.037098754 -0.004733016 0.019954097 0.921678782 0.387440443 0.075617723 -0.048611652 -0.386164904 0.921147943 -0.038046446
0.998753309 -0.035595722 0.034996327 -0.028840626 0.019357361 0.922396541 0.385758907 0.077161662 -0.046011854 -0.384600550 0.921935678 -0.039498564
0.998925865 -0.034116790 0.031355590 -0.052246880 0.019505056 0.923405588 0.383329749 0.078675732 -0.042031907 -0.382306397 0.923079133 -0.041258059
0.999071240 -0.031421967 0.029484643 -0.075863704 0.017840108 0.924506068 0.380749553 0.080431089 -0.039222632 -0.379869908 0.924208045 -0.043354984
0.999226630 -0.028760711 0.026814390 -0.099275440 0.016485101 0.925506115 0.378373802 0.082360715 -0.035699178 -0.377639115 0.925264418 -0.044902559
0.999350131 -0.026606457 0.024318965 -0.122368515 0.015478192 0.926044166 0.377097607 0.084536083 -0.032553665 -0.376476109 0.925854206 -0.046481214
0.999536097 -0.024879446 0.017567923 -0.144820541 0.016401967 0.925735652 0.377815425 0.086630777 -0.025663091 -0.377351999 0.925714254 -0.048093688
0.999707639 -0.021968933 0.010099651 -0.167001054 0.016466333 0.924445152 0.380959332 0.089307927 -0.017705843 -0.380681634 0.924536645 -0.051460765
0.999828875 -0.018293669 0.002752661 -0.186567917 0.015802512 0.921917856 0.387062967 0.092752129 -0.009618529 -0.386953235 0.922049165 -0.052650839
0.999870896 -0.015104979 -0.005474810 -0.204596177 0.016041314 0.919462562 0.392850161 0.096340664 -0.000900110 -0.392887294 0.919586182 -0.053580910
0.999790311 -0.014059541 -0.014890075 -0.221371576 0.018810419 0.917933881 0.396287233 0.099178582 0.008096488 -0.396484226 0.918005824 -0.054690201
0.999636829 -0.012535320 -0.023855871 -0.236090735 0.020947441 0.918353796 0.395205677 0.101665452 0.016954100 -0.395561874 0.918282866 -0.056725629
0.999495685 -0.010563088 -0.029946886 -0.248423517 0.021421362 0.920444906 0.390284896 0.102592252 0.023441844 -0.390729547 0.920206964 -0.057599239
0.999322474 -0.008954777 -0.035699058 -0.258422852 0.021977875 0.923219085 0.383644998 0.103053518 0.029522596 -0.384169638 0.922790408 -0.058616728
0.999103069 -0.008599747 -0.041461512 -0.265615195 0.023624651 0.925806046 0.377259910 0.102365948 0.035140976 -0.377901077 0.925178885 -0.058067132
0.999014497 -0.007306766 -0.043779965 -0.269945800 0.023122469 0.927617848 0.372814298 0.102397986 0.037887011 -0.373459160 0.926872611 -0.061335936
0.999032021 -0.005470174 -0.043647029 -0.270413458 0.021318149 0.928137064 0.371627659 0.102091186 0.038477555 -0.372198433 0.927355289 -0.062344097
0.999133348 -0.003184000 -0.041502353 -0.267654747 0.018464657 0.927501082 0.373364180 0.101648882 0.037304688 -0.373806924 0.926756024 -0.063704535
0.999310672 -0.003208842 -0.036985043 -0.261754215 0.016877383 0.926619530 0.375621468 0.100563228 0.033065755 -0.375986725 0.926034927 -0.064388931
0.999499083 -0.002714803 -0.031530228 -0.253090531 0.014405860 0.926133752 0.376920044 0.099730887 0.028177945 -0.377185464 0.925709009 -0.066647083
0.999709845 -0.003570649 -0.023820646 -0.241446182 0.012282956 0.926275194 0.376647621 0.098629631 0.020719595 -0.376830906 0.926050305 -0.067816444
0.999854207 -0.003202847 -0.016771436 -0.227400109 0.009252315 0.927169085 0.374528855 0.096973121 0.014350399 -0.374629408 0.927063584 -0.069359697
0.999952793 -0.003088635 -0.009214206 -0.210850641 0.006293315 0.928290427 0.371802777 0.094915599 0.007405095 -0.371843189 0.928266048 -0.069848962
0.999987662 -0.003761531 -0.003244848 -0.192964926 0.004692724 0.929579437 0.368592024 0.093285859 0.001629874 -0.368602693 0.929585636 -0.070974693
0.999980032 -0.005339727 0.003381891 -0.174007878 0.003725780 0.930197120 0.367041409 0.091737881 -0.005105726 -0.367021501 0.930198431 -0.071473934
0.999932110 -0.007054081 0.009275571 -0.153814659 0.003150758 0.929981887 0.367591798 0.090462185 -0.011219135 -0.367537618 0.929940999 -0.071683265
0.999830782 -0.011077580 0.014687474 -0.132550493 0.004846715 0.928789079 0.370577067 0.089212485 -0.017746663 -0.370443195 0.928685606 -0.070984080
0.999757946 -0.015257826 0.015849894 -0.110125065 0.008188192 0.926732898 0.375631571 0.088744774 -0.020419938 -0.375410855 0.926633537 -0.070595987
0.999644756 -0.020014960 0.017600406 -0.087375097 0.011788763 0.924284518 0.381522119 0.088624097 -0.023903932 -0.381179094 0.924192131 -0.069274686
0.999538362 -0.022928381 0.019934708 -0.063820377 0.013443323 0.922156274 0.386583805 0.088388056 -0.027246660 -0.386137366 0.922038794 -0.067632787
0.999436796 -0.024321679 0.023120474 -0.039983727 0.013415564 0.921117306 0.389053941 0.088256024 -0.030759115 -0.388524652 0.920924783 -0.066063821
0.999399781 -0.025732381 0.023192132 -0.015436648 0.014690300 0.921127975 0.388982534 0.088477001 -0.031372368 -0.388408363 0.920953155 -0.063418098
0.999411166 -0.026917711 0.021276874 0.007672034 0.016577177 0.921741247 0.387451082 0.088083513 -0.030041067 -0.386870235 0.921644688 -0.061228327
0.999414623 -0.028261146 0.019278968 0.030190395 0.018623529 0.922159314 0.386361599 0.087328270 -0.028697303 -0.385776401 0.922145844 -0.059001863
0.999321938 -0.031560689 0.018961431 0.051762529 0.021786137 0.922031939 0.386500269 0.086338222 -0.029681260 -0.385825127 0.922094345 -0.056835923
0.999239147 -0.033664737 0.019691940 0.072690256 0.023397075 0.921391249 0.387931406 0.085846312 -0.031203590 -0.387175500 0.921477854 -0.053913843
0.999121964 -0.035942715 0.021528289 0.092388280 0.024694847 0.920305073 0.390421271 0.086100869 -0.033845391 -0.389546812 0.920384586 -0.051235087
0.998980701 -0.037702203 0.024822112 0.110310800 0.024918154 0.919116735 0.393196613 0.087083541 -0.037638795 -0.392177314 0.919119298 -0.048229419
0.998760223 -0.040448494 0.029017083 0.126346096 0.025674492 0.917948127 0.395868808 0.088518947 -0.042648472 -0.394633025 0.917848527 -0.046164904
0.998504519 -0.043622654 0.032951690 0.139722213 0.026975673 0.917395055 0.397062540 0.090781361 -0.047550634 -0.395579815 0.917199850 -0.042046506
0.998272657 -0.047317855 0.034823321 0.150730982 0.029616499 0.917212367 0.397296339 0.093377821 -0.050739586 -0.395578712 0.917029440 -0.038258255
0.998031557 -0.048139274 0.040195357 0.160920858 0.028349655 0.918013513 0.395534515 0.096141905 -0.055940624 -0.393616378 0.917571127 -0.033784777
0.997336566 -0.051482331 0.051666003 0.170497999 0.027384382 0.920847952 0.388959020 0.098440111 -0.067601055 -0.386508197 0.919805169 -0.029827330
0.996136844 -0.056013819 0.067630023 0.178432107 0.026409734 0.925586939 0.377612710 0.101249903 -0.083748996 -0.374367833 0.923490584 -0.023620123
0.994934380 -0.058730874 0.081586234 0.184778452 0.025490467 0.932454824 0.360386193 0.102996640 -0.097241275 -0.356480956 0.929228425 -0.017624525
0.993925989 -0.058191873 0.093406819 0.189413741 0.023011660 0.939895511 0.340686023 0.104217209 -0.107617803 -0.336467266 0.935525656 -0.012428124
0.992789090 -0.056730092 0.105600692 0.193621561 0.019980343 0.946917713 0.320854574 0.103668265 -0.118197270 -0.316430956 0.941223085 -0.008345736
0.991355479 -0.056832932 0.118255548 0.196952581 0.018847153 0.953652024 0.300320923 0.103177711 -0.129842758 -0.295495987 0.946479261 -0.003455562
0.990021706 -0.057782326 0.128523380 0.199936360 0.019149747 0.958769739 0.283538193 0.101851828 -0.139607817 -0.278247744 0.950309336 0.000528296
0.988528669 -0.060866557 0.138225749 0.202947065 0.021013774 0.961725771 0.273206830 0.100235008 -0.149564430 -0.267168164 0.951972544 0.004655984
0.987018764 -0.068806767 0.145119384 0.206381410 0.026872825 0.961594343 0.273155898 0.098209023 -0.158340946 -0.265710205 0.950960696 0.007966110
0.985348225 -0.076777987 0.152295843 0.211158082 0.031406648 0.959355593 0.280447006 0.096514851 -0.167638019 -0.271554887 0.947710633 0.013530002
0.983066201 -0.086913005 0.161328971 0.217051730 0.037328832 0.956890047 0.288041741 0.094479613 -0.179408640 -0.277141899 0.943930566 0.020831896
0.980730474 -0.096441671 0.169902086 0.223771855 0.042623926 0.954338014 0.295672446 0.092406087 -0.190659165 -0.282733113 0.940059066 0.029730154
0.978378952 -0.105870746 0.177668333 0.230885670 0.047674604 0.951359391 0.304372191 0.089792192 -0.201250553 -0.289321065 0.935837328 0.038997769
0.976594508 -0.112816535 0.183127195 0.238158822 0.050633557 0.948060155 0.314035326 0.087757185 -0.209043980 -0.297412783 0.931582630 0.050150737
0.975602448 -0.116919994 0.185821325 0.244580790 0.051715132 0.944963813 0.323061764 0.084953502 -0.213366807 -0.305570066 0.927955568 0.061468635
0.975543797 -0.119189218 0.184684053 0.249731079 0.052466337 0.942197382 0.330924988 0.081731714 -0.213451520 -0.313142121 0.925408244 0.073438630
0.975810528 -0.124331854 0.179820567 0.252387702 0.057451569 0.939462960 0.337799698 0.077356279 -0.210934013 -0.319297522 0.923880935 0.086009264
0.977372646 -0.124480546 0.171018422 0.253528684 0.059411585 0.937508225 0.342853576 0.072863705 -0.203009784 -0.324935228 0.923690498 0.100028396
0.979441762 -0.121890508 0.160737395 0.252130747 0.060329042 0.937328398 0.343184948 0.067566030 -0.192494720 -0.326432526 0.925412118 0.114737600
0.982292652 -0.115070581 0.147851065 0.248370200 0.059210896 0.939381242 0.337723136 0.061852187 -0.177750513 -0.322988570 0.929560721 0.129759997
0.985263348 -0.105288699 0.134797588 0.241747081 0.055835400 0.942896664 0.328372270 0.056028593 -0.161674067 -0.316006690 0.934880376 0.144097179
0.988435149 -0.093058057 0.119733557 0.233120948 0.050636090 0.946791410 0.317839652 0.051518247 -0.142940238 -0.308101028 0.940554023 0.160961539
0.991235256 -0.079475053 0.105528951 0.222388566 0.043219887 0.949935555 0.309442192 0.047421187 -0.124838635 -0.302169055 0.945044518 0.175699785
0.993792772 -0.066789038 0.088967249 0.209084958 0.036748067 0.951920450 0.304133177 0.043811612 -0.105002508 -0.298976004 0.948466063 0.189512864
0.996223748 -0.054138735 0.067876279 0.192894414 0.031201309 0.952793062 0.302013099 0.040761940 -0.081022650 -0.298754811 0.950884283 0.201110959
0.998142719 -0.043230701 0.042921163 0.173514426 0.028274957 0.952835858 0.302166134 0.037774555 -0.053959675 -0.300391346 0.952288508 0.211691916
0.999354005 -0.033151943 0.013876095 0.150816590 0.027342666 0.951932251 0.305085868 0.036832329 -0.023323290 -0.304509372 0.952223778 0.218641624
0.999666572 -0.021710973 -0.013978555 0.125791982 0.024975315 0.950439572 0.309904546 0.037261732 0.006557441 -0.310150355 0.950664878 0.222845733
0.999096751 -0.010304641 -0.041225404 0.098077975 0.022801969 0.948658228 0.315480024 0.039023403 0.035857908 -0.316135079 0.948036313 0.222799271
0.997612059 0.001557868 -0.069049172 0.068502627 0.020727165 0.946910977 0.320826977 0.041769676 0.065883227 -0.321492046 0.944617510 0.221387133
0.995369375 0.014239145 -0.095063671 0.037877969 0.017598609 0.945256710 0.325852782 0.044849977 0.094499439 -0.326016873 0.940628946 0.214446500
0.992484748 0.029088514 -0.118860781 0.006659604 0.011792542 0.944078565 0.329509586 0.048777036 0.121798858 -0.328434914 0.936640561 0.203754544
0.988843679 0.037920170 -0.144049481 -0.024829948 0.012145235 0.943309247 0.331692904 0.053098522 0.148461059 -0.329741925 0.932324827 0.189424023
0.985119760 0.041754834 -0.166719973 -0.053618569 0.016316622 0.942937493 0.332569838 0.057302989 0.171092898 -0.330341458 0.928225040 0.173840702
0.980913937 0.042899165 -0.189650998 -0.082506590 0.023203086 0.942563713 0.333219618 0.062103573 0.193052992 -0.331260234 0.923578501 0.154105559
