1.000000000 0.000000000 0.000000000 0.000000000 0.000000000 1.000000000 0.000000000 0.000002861 0.000000000 0.000000000 1.000000000 -0.000000954
0.999998510 0.000959579 -0.001428275 0.023063034 -0.000960715 0.999999225 -0.000794988 0.006469637 0.001427511 0.000796359 0.999998689 -0.002466011
0.999999285 0.000354753 0.001125514 -0.009250824 -0.000352773 0.999998391 -0.001759138 0.003936453 -0.001126136 0.001758740 0.999997795 0.007066002
0.999999940 0.000351835 0.000040455 -0.000082105 -0.000351809 0.999999702 -0.000644463 0.000265210 -0.000040682 0.000644448 0.999999821 0.001386817
0.999999821 0.000624025 0.000098010 0.000376061 -0.000623979 0.999999702 -0.000473938 0.000308367 -0.000098306 0.000473876 0.999999881 0.000334080
0.999999940 0.000242105 -0.000232968 -0.001020101 -0.000242163 0.999999940 -0.000252420 -0.000086747 0.000232907 0.000252477 0.999999940 0.001908234
0.999999642 0.000837486 0.000013607 0.001286094 -0.000837483 0.999999642 -0.000224302 0.000693863 -0.000013795 0.000224290 1.000000000 -0.002963882
0.999999881 0.000519963 0.000095649 0.001035451 -0.000519965 0.999999881 0.000021913 0.001015727 -0.000095638 -0.000021963 1.000000000 -0.005813509
0.999999702 0.000757331 0.000092849 0.000858209 -0.000757337 0.999999702 0.000063334 0.001082574 -0.000092801 -0.000063404 1.000000000 -0.006008742
0.999999821 -0.000427975 -0.000419737 0.002122787 0.000428052 0.999999881 0.000185659 0.000965466 0.000419657 -0.000185839 0.999999881 -0.008150343
0.999999762 -0.000521072 -0.000424891 0.002637427 0.000521237 0.999999762 0.000388509 0.000538399 0.000424689 -0.000388730 0.999999821 -0.005912886
0.999999940 -0.000193444 0.000164419 -0.000041868 0.000193456 1.000000000 -0.000072795 0.001213365 -0.000164405 0.000072827 1.000000000 -0.003465618
1.000000000 -0.000084125 -0.000122040 0.000905242 0.000084180 0.999999881 0.000453730 0.001178638 0.000122002 -0.000453741 0.999999881 -0.002497144
0.999999762 0.000542236 0.000444016 0.000084653 -0.000542637 0.999999464 0.000903447 0.001909656 -0.000443525 -0.000903688 0.999999464 -0.004197385
0.999999821 0.000337366 0.000451136 0.000043132 -0.000337960 0.999999046 0.001317042 0.001891905 -0.000450691 -0.001317195 0.999999046 -0.004829849
0.999999940 0.000158402 0.000376554 0.001358350 -0.000158676 0.999999702 0.000725581 0.001326230 -0.000376439 -0.000725640 0.999999642 -0.005416438
0.999999940 -0.000136302 0.000370841 0.000707934 0.000135948 0.999999523 0.000952896 0.001071495 -0.000370971 -0.000952845 0.999999464 -0.003982166
0.999999583 0.000719763 0.000572443 0.001556610 -0.000720413 0.999999106 0.001135502 0.001132120 -0.000571626 -0.001135914 0.999999166 -0.005307723
0.999999940 -0.000178655 0.000278939 0.000805838 0.000178280 0.999999106 0.001343658 0.001198891 -0.000279179 -0.001343608 0.999999046 -0.003565720
0.999999762 -0.000676950 0.000234036 0.000583171 0.000676649 0.999998927 0.001286021 0.001162822 -0.000234906 -0.001285863 0.999999166 -0.002872366
0.999999821 -0.000413236 0.000363137 0.000401192 0.000412768 0.999999106 0.001288974 0.001175867 -0.000363670 -0.001288824 0.999999106 -0.003042142
0.999999762 -0.000491216 0.000461888 0.001092163 0.000490569 0.999998927 0.001399888 0.001118546 -0.000462575 -0.001399661 0.999998927 -0.004553963
0.999999464 -0.000854472 0.000606317 0.001054660 0.000853520 0.999998391 0.001568652 0.000641986 -0.000607656 -0.001568134 0.999998569 -0.002503407
0.999999583 -0.000818878 0.000394015 0.000464923 0.000818344 0.999998748 0.001353542 0.001253557 -0.000395123 -0.001353219 0.999998987 -0.003643769
0.999999583 -0.000709976 0.000578946 0.001174023 0.000709016 0.999998391 0.001656717 0.001089014 -0.000580122 -0.001656306 0.999998450 -0.005159962
0.999999344 -0.000194978 0.001148826 0.000799377 0.000192684 0.999997973 0.001996526 0.000693432 -0.001149213 -0.001996303 0.999997318 -0.004091857
0.999998689 -0.001232226 0.001068747 0.002097731 0.001230312 0.999997616 0.001789377 0.001138038 -0.001070950 -0.001788060 0.999997854 -0.001754591
0.999995887 -0.002456235 0.001493899 0.001030728 0.002451235 0.999991417 0.003339521 0.000839452 -0.001502089 -0.003335845 0.999993324 -0.005269615
0.999995828 -0.002134397 0.001954867 0.001033397 0.002127532 0.999991596 0.003506810 0.000785716 -0.001962335 -0.003502636 0.999991953 -0.005820719
0.999992847 -0.002312607 0.002987585 -0.000201618 0.002300348 0.999988973 0.004100306 0.000988748 -0.002997034 -0.004093404 0.999987125 -0.007966755
0.999990702 -0.003465106 0.002556905 0.001518574 0.003455322 0.999986708 0.003820810 0.000852713 -0.002570111 -0.003811939 0.999989450 -0.007360044
0.999994874 -0.001465794 0.002838981 0.001887048 0.001456619 0.999993742 0.003230985 0.000970008 -0.002843699 -0.003226833 0.999990761 -0.008097883
0.999995291 -0.000555861 0.003012278 0.001045885 0.000545170 0.999993563 0.003548748 0.001330378 -0.003014231 -0.003547089 0.999989152 -0.010140557
0.999996305 0.000685932 0.002624096 0.001352113 -0.000693786 0.999995291 0.002993460 0.000538726 -0.002622030 -0.002995269 0.999992073 -0.005470708
0.999958575 0.007985150 0.004369505 0.001200242 -0.007999092 0.999962926 0.003182496 0.000221835 -0.004343930 -0.003217316 0.999985397 -0.006477091
0.999902904 0.012250282 0.006640113 -0.000828693 -0.012261216 0.999923527 0.001608429 0.000471766 -0.006619901 -0.001689688 0.999976635 -0.012409880
0.999926567 0.010522787 0.006012497 0.000805479 -0.010505982 0.999940813 -0.002819700 -0.002829763 -0.006041813 0.002756326 0.999977946 -0.005135127
0.999977231 -0.006741616 -0.000359877 0.000625283 0.006736242 0.999889076 -0.013282541 -0.006873341 0.000449383 0.013279814 0.999911726 -0.007110186
0.999212384 -0.039019901 -0.007211948 0.001054028 0.038759831 0.998695672 -0.033236481 -0.013707052 0.008499425 0.032930769 0.999421477 -0.009955474
0.996860504 -0.078391366 -0.011130750 0.004388447 0.077631913 0.995335519 -0.057275441 -0.022917936 0.015568729 0.056231525 0.998296380 -0.018929463
0.993546426 -0.112329088 -0.015737468 0.005110201 0.110893689 0.991123557 -0.073326252 -0.030061059 0.023834446 0.071107857 0.997183859 -0.022746153
0.992103457 -0.124220237 -0.017323522 0.005865958 0.122721136 0.989943624 -0.070364773 -0.034327675 0.025890039 0.067683175 0.997370899 -0.025969820
0.993400931 -0.112988688 -0.019700298 0.005188966 0.111845471 0.992376149 -0.051769834 -0.037017204 0.025399512 0.049224813 0.998464704 -0.020532932
0.996057510 -0.086140834 -0.021195408 0.004598744 0.085524969 0.995930433 -0.028425727 -0.037762150 0.023557767 0.026500922 0.999371171 -0.022893310
0.998320520 -0.054193344 -0.020475678 0.004144729 0.053994525 0.998489738 -0.010141748 -0.039364945 0.020994369 0.009019141 0.999738932 -0.025465284
0.999398232 -0.029525604 -0.018205425 0.003343842 0.029510368 0.999563873 -0.001105046 -0.042869031 0.018230112 0.000567132 0.999833643 -0.024567740
0.999700665 -0.019139245 -0.015239069 0.003608150 0.019077949 0.999809384 -0.004157533 -0.048239309 0.015315736 0.003865559 0.999875247 -0.027129048
0.999645948 -0.021634275 -0.015488290 0.003529695 0.021437315 0.999688625 -0.012771865 -0.055237576 0.015759777 0.012435317 0.999798477 -0.030231608
0.999545217 -0.024448777 -0.017653419 0.002648199 0.024230449 0.999628544 -0.012477238 -0.063261054 0.017951915 0.012043813 0.999766290 -0.032204155
0.999594450 -0.019728744 -0.020536564 0.001695506 0.019713705 0.999805212 -0.000934528 -0.071404092 0.020551000 0.000529298 0.999788642 -0.036194157
0.999650836 -0.012004857 -0.023539720 0.000280040 0.012285021 0.999854982 0.011793503 -0.081327990 0.023394728 -0.012078571 0.999653339 -0.040932857
0.999671757 -0.004349204 -0.025247278 -0.000993659 0.004780415 0.999843299 0.017044390 -0.094496042 0.025169192 -0.017159486 0.999535918 -0.045589089
0.999589443 -0.006884321 -0.027812896 -0.002476907 0.007139149 0.999933362 0.009073325 -0.110783860 0.027748579 -0.009268160 0.999571979 -0.051370665
0.999359369 -0.019051407 -0.030297462 -0.003596358 0.018813048 0.999789953 -0.008133068 -0.129597098 0.030446045 0.007557870 0.999507844 -0.057834573
0.998906136 -0.031994656 -0.034101244 -0.005786511 0.031207234 0.999239504 -0.023378253 -0.149677694 0.034823287 0.022288475 0.999144912 -0.060677048
0.998499274 -0.037852485 -0.039577685 -0.006942734 0.036629397 0.998842239 -0.031185132 -0.168937206 0.040712297 0.029688623 0.998729765 -0.068023875
0.998384833 -0.034233857 -0.045339931 -0.008263092 0.032830309 0.998969197 -0.031347346 -0.187584937 0.046366338 0.029808192 0.998479664 -0.075525500
0.998242021 -0.030174220 -0.051013380 -0.009066937 0.028605690 0.999103665 -0.031203035 -0.206793234 0.051909178 0.029688910 0.998210430 -0.083702117
0.997762859 -0.036158249 -0.056230627 -0.010176754 0.033935376 0.998623371 -0.039996322 -0.227432176 0.057599418 0.037998635 0.997616351 -0.091653064
0.996811807 -0.052494980 -0.060087714 -0.011015538 0.049327187 0.997373223 -0.053041872 -0.249110669 0.062714309 0.049908806 0.996782839 -0.099786356
0.995700717 -0.066212691 -0.064776391 -0.011881029 0.062142406 0.996079922 -0.062953427 -0.269746780 0.068690777 0.058657408 0.995912075 -0.107187100
0.994930327 -0.070775412 -0.071445607 -0.013121147 0.066089399 0.995631814 -0.065950923 -0.289350033 0.075801216 0.060894780 0.995261788 -0.115615539
0.995222449 -0.060993716 -0.076236978 -0.014310298 0.056237049 0.996424258 -0.063056596 -0.307316154 0.079810426 0.058467995 0.995093882 -0.124032982
0.995984972 -0.045346815 -0.077185303 -0.015856899 0.040983859 0.997521102 -0.057201270 -0.324035048 0.079587862 0.053808253 0.995374501 -0.131543115
0.996369243 -0.037929304 -0.076221570 -0.016911682 0.033571564 0.997771502 -0.057662204 -0.341543198 0.078238800 0.054893970 0.995422184 -0.139937386
0.996421456 -0.039150622 -0.074909657 -0.017456762 0.034077022 0.997113466 -0.067848846 -0.359873712 0.077349752 0.065053344 0.994879425 -0.148500055
0.995797038 -0.051759746 -0.075559221 -0.015714955 0.045592289 0.995655775 -0.081184283 -0.386475533 0.079433061 0.077398151 0.993830919 -0.153877527
0.993906200 -0.075673603 -0.080149435 -0.016370343 0.067914255 0.993112683 -0.095471822 -0.405199528 0.086822115 0.089446746 0.992200196 -0.162944347
0.991640151 -0.095484056 -0.086790875 -0.017006645 0.086357974 0.990880132 -0.103435159 -0.421977729 0.095875770 0.095075369 0.990842342 -0.171740383
0.990686655 -0.100851119 -0.091482177 -0.016909003 0.091040999 0.990219414 -0.105721459 -0.436372280 0.101249561 0.096408218 0.990178764 -0.178172886
0.989902675 -0.104742028 -0.095508054 -0.016639736 0.094158612 0.989539683 -0.109294780 -0.446737677 0.105956763 0.099198289 0.989410341 -0.185265064
0.989808559 -0.109483846 -0.091061838 -0.015209112 0.098026522 0.987680197 -0.121977888 -0.454065770 0.103294589 0.111808278 0.988346696 -0.190755635
0.989808559 -0.115896650 -0.082746446 -0.013923065 0.103414334 0.984472930 -0.141839623 -0.456730366 0.097900376 0.131836891 0.986425161 -0.186496675
0.989499271 -0.122400902 -0.076871090 -0.012478132 0.109097846 0.981351018 -0.158265129 -0.456494808 0.094809316 0.148216769 0.984399796 -0.187989563
0.990138412 -0.120025530 -0.072247937 -0.011270697 0.106971383 0.980756998 -0.163318142 -0.451322824 0.090460017 0.153979108 0.983924508 -0.187113106
0.991215825 -0.111059681 -0.071811445 -0.010736028 0.098906055 0.982954144 -0.154979780 -0.441683143 0.087799363 0.146515831 0.985304236 -0.180381060
0.993098915 -0.092551664 -0.072032921 -0.011187014 0.082000121 0.987070262 -0.137725323 -0.428701699 0.083848260 0.130868167 0.987847686 -0.176186308
0.995003521 -0.070044652 -0.071146309 -0.012082828 0.061408479 0.991224587 -0.117059149 -0.413840055 0.078721330 0.112105273 0.990573227 -0.174673647
0.995884657 -0.054909222 -0.072102323 -0.009630219 0.047418624 0.993676245 -0.101779133 -0.398095161 0.077234983 0.097941279 0.992190659 -0.164909735
0.996235430 -0.048141800 -0.072092868 -0.009423560 0.041252688 0.994700670 -0.094174266 -0.382460862 0.076244541 0.090845719 0.992941976 -0.159959435
0.996331155 -0.049480408 -0.069827788 -0.008686672 0.042832009 0.994679511 -0.093691699 -0.366571099 0.074092172 0.090357088 0.993149519 -0.155185521
0.996438026 -0.050346166 -0.067650370 -0.006762804 0.043730393 0.994425356 -0.095947385 -0.351371646 0.072103821 0.092647240 0.993084848 -0.145425811
0.997296631 -0.040291220 -0.061449166 -0.005076199 0.034338422 0.994882107 -0.095028549 -0.333445966 0.064963490 0.092661589 0.993576169 -0.139737234
0.997500241 -0.037057471 -0.060166448 -0.004343001 0.031585176 0.995487213 -0.089485385 -0.314349234 0.063211031 0.087361328 0.994169176 -0.133990228
0.997631133 -0.034271322 -0.059646104 -0.005648192 0.029303895 0.996180713 -0.082251005 -0.293998808 0.062237147 0.080308296 0.994825184 -0.123968422
0.997760117 -0.028730199 -0.060410038 -0.004397775 0.023986820 0.996678114 -0.077829264 -0.273460031 0.062445410 0.076205887 0.995134771 -0.117398538
0.997986555 -0.023899090 -0.058750466 -0.002807399 0.019279733 0.996769011 -0.077973150 -0.252492577 0.060424134 0.076683469 0.995222867 -0.110389322
0.998161912 -0.019695690 -0.057314176 -0.000954012 0.015202700 0.996853173 -0.077798471 -0.231163025 0.058666114 0.076784134 0.995320320 -0.101850286
0.998597264 -0.008365970 -0.052282479 0.000801093 0.004328096 0.997031510 -0.076872997 -0.209060311 0.052770395 0.076538883 0.995669186 -0.094598152
0.998917818 0.002406219 -0.046448153 0.002568627 -0.005808346 0.997296691 -0.073250413 -0.187074661 0.046146329 0.073440924 0.996231377 -0.087604426
0.999095321 0.008575809 -0.041653249 0.004530260 -0.011548621 0.997362077 -0.071662731 -0.166656107 0.040928807 0.072078936 0.996558785 -0.080100365
0.999132812 0.013587851 -0.039356846 0.005757340 -0.016353544 0.997354686 -0.070825167 -0.148522496 0.038290370 0.071407370 0.996712029 -0.074419923
0.998906612 0.026794761 -0.038308777 0.006859806 -0.029254876 0.997445226 -0.065170005 -0.133425489 0.036464691 0.066219464 0.997138560 -0.070048414
0.998171270 0.045203898 -0.040134218 0.007995396 -0.047421146 0.997296691 -0.056129839 -0.123668112 0.037488434 0.057930406 0.997616529 -0.067874677
0.997098446 0.063789949 -0.041539650 0.007851281 -0.065586433 0.996901572 -0.043424182 -0.118339919 0.038640920 0.046022624 0.998192787 -0.066927902
0.996164441 0.075203180 -0.044731922 0.005850508 -0.076887637 0.996345222 -0.037208151 -0.119816974 0.041770265 0.040504765 0.998305857 -0.067239664
0.995998323 0.075072296 -0.048492067 0.007723938 -0.077038430 0.996224046 -0.040033892 -0.131474331 0.045303531 0.043609440 0.998020947 -0.073254012
0.996554673 0.062826537 -0.054144468 0.006742214 -0.065724634 0.996401548 -0.053518526 -0.149567112 0.050587248 0.056892760 0.997097850 -0.080402039
0.997032940 0.047106147 -0.060879309 0.005325487 -0.051298581 0.996280015 -0.069242924 -0.172265053 0.057391074 0.072160497 0.995740473 -0.089683667
0.997150898 0.038410317 -0.064920582 0.005193852 -0.043596152 0.995804906 -0.080448508 -0.197910294 0.061558180 0.083049595 0.994642317 -0.100980453
0.996879995 0.022866037 -0.075547241 0.003048741 -0.029283188 0.995954156 -0.084957443 -0.224529594 0.073298953 0.086904638 0.993516386 -0.112386085
0.996397078 0.006327165 -0.084574275 0.001614025 -0.014405942 0.995348454 -0.095257148 -0.252311558 0.083578162 0.096132323 0.991853476 -0.123995714
0.995386720 -0.019547224 -0.093931988 0.003542186 0.008813951 0.993516028 -0.113350019 -0.284597576 0.095538616 0.111999184 0.989104927 -0.138404325
0.993930340 -0.045507833 -0.100157507 0.002475791 0.031440362 0.989961267 -0.137797624 -0.312696695 0.105422921 0.133812249 0.985383332 -0.149979889
0.992206931 -0.067551240 -0.104700729 0.000501150 0.050275404 0.985893726 -0.159643069 -0.338805944 0.114007875 0.153135076 0.981606781 -0.160386875
0.990966260 -0.079483204 -0.108019687 -0.002479764 0.060572661 0.983878314 -0.168268725 -0.361396939 0.119652770 0.160205588 0.979804754 -0.169028223
0.990484834 -0.081491038 -0.110900857 -0.006744339 0.063238680 0.985226512 -0.159152806 -0.378619522 0.122231983 0.150625229 0.981005311 -0.176124990
0.990085006 -0.081985041 -0.114062063 -0.012251762 0.064862415 0.987085938 -0.146472663 -0.392413795 0.124597631 0.137622058 0.982616723 -0.181746691
0.989867091 -0.085174352 -0.113615625 -0.016890336 0.068780825 0.987599254 -0.141127214 -0.403088450 0.124227129 0.131882593 0.983450353 -0.186971575
0.989192486 -0.092982009 -0.113369428 -0.021757547 0.075454205 0.985781372 -0.150139257 -0.410610139 0.125717714 0.139962420 0.982143342 -0.190739125
0.987991333 -0.107255325 -0.111218162 -0.025243606 0.088034585 0.982311845 -0.165267706 -0.414650440 0.126976758 0.153492004 0.979957700 -0.192732960
0.986426532 -0.117962047 -0.114226498 -0.020227291 0.096374422 0.979136467 -0.178895995 -0.413833827 0.132946268 0.165459231 0.977214694 -0.196193352
0.985672772 -0.118488155 -0.120040528 -0.019933619 0.094937228 0.977990806 -0.185798019 -0.409924239 0.139413387 0.171739727 0.975227833 -0.194696277
0.986855567 -0.103374824 -0.124216370 -0.016947359 0.079905570 0.980240881 -0.180950090 -0.402222842 0.140467644 0.168646023 0.975616395 -0.191317528
0.988783360 -0.083201744 -0.124036193 -0.010143913 0.061336514 0.983411968 -0.170700729 -0.391264319 0.136181265 0.161178082 0.977484703 -0.186482921
0.990024745 -0.072443567 -0.120842837 -0.001707813 0.052397348 0.985479534 -0.161507204 -0.380491495 0.130788296 0.153564289 0.979444981 -0.180527627
0.991878510 -0.065547340 -0.108997896 0.010075185 0.047871165 0.986353219 -0.157530114 -0.369921267 0.117836103 0.151032880 0.981480360 -0.173900366
0.993477345 -0.065342359 -0.093451492 0.019829322 0.050167032 0.986419976 -0.156393394 -0.359668881 0.102401532 0.150685117 0.983263910 -0.165208220
0.995486856 -0.061556458 -0.072227277 0.037235275 0.049889326 0.986891687 -0.153479323 -0.348437935 0.080728136 0.149183288 0.985508680 -0.158695176
0.996953785 -0.056058936 -0.054226890 0.056634419 0.047748744 0.988429487 -0.143969432 -0.335956007 0.061670229 0.140941605 0.988095284 -0.152865142
0.997974515 -0.051777236 -0.036959458 0.083222307 0.046406865 0.989929378 -0.133739531 -0.322190642 0.043511916 0.131753474 0.990327060 -0.145174950
0.998818040 -0.046820078 -0.013052498 0.106131569 0.044818778 0.991090178 -0.125425547 -0.310025543 0.018808637 0.124692298 0.992017150 -0.141336262
0.998671114 -0.050463360 0.010459349 0.129496336 0.051363032 0.991216302 -0.121868938 -0.299110919 -0.004217562 0.122244209 0.992491066 -0.139053687
0.997530699 -0.061649248 0.033643808 0.153252572 0.065247267 0.990731299 -0.119139656 -0.288844496 -0.025987104 0.121040627 0.992307305 -0.138195679
0.995839179 -0.076878913 0.048927717 0.175723806 0.081968151 0.990287066 -0.112306662 -0.278210193 -0.039818473 0.115849890 0.992468297 -0.139458671
0.993952751 -0.092492469 0.059186451 0.196551993 0.098286487 0.989717185 -0.103921495 -0.267425418 -0.048965894 0.109110288 0.992822886 -0.141771644
0.992086232 -0.103534207 0.071032286 0.217305452 0.110077903 0.989333391 -0.095406197 -0.256960660 -0.060396805 0.102470256 0.992900848 -0.143108696
0.990069330 -0.108921170 0.088875718 0.236058056 0.116704643 0.989290357 -0.087662093 -0.245414674 -0.078375630 0.097163759 0.992177665 -0.146046460
0.987982750 -0.109694637 0.108890519 0.253268152 0.119026236 0.989395380 -0.083244152 -0.234397367 -0.098604336 0.095204614 0.990562081 -0.147628322
0.986042976 -0.105287023 0.128972501 0.270344496 0.115788393 0.990299404 -0.076812178 -0.226145655 -0.119634062 0.090673625 0.988668799 -0.141176879
0.984200358 -0.104170665 0.143171802 0.282150924 0.115088433 0.990871847 -0.070197411 -0.217322424 -0.134552404 0.085565738 0.987205207 -0.139483213
0.982388258 -0.105069853 0.154510811 0.289289325 0.116702087 0.990820944 -0.068224035 -0.211588949 -0.145924255 0.085054226 0.985632718 -0.135941103
0.981322169 -0.105168201 0.161079034 0.291328758 0.117655255 0.990582347 -0.070027396 -0.210726544 -0.152197406 0.087671235 0.984454036 -0.128306881
0.981449246 -0.101881050 0.162412062 0.287975639 0.114275284 0.991059124 -0.068869546 -0.211187169 -0.153943464 0.086151645 0.984316647 -0.120442823
0.982752204 -0.093722343 0.159418583 0.280361086 0.104778349 0.992535770 -0.062404148 -0.212977365 -0.152379990 0.078031428 0.985236764 -0.111128643
0.984102428 -0.084167570 0.156391144 0.269881397 0.094048247 0.993941486 -0.056879684 -0.218577757 -0.150656223 0.070683748 0.986056030 -0.091699205
0.984311700 -0.080638528 0.156932682 0.257407069 0.091033533 0.994026124 -0.060207829 -0.225358412 -0.151140124 0.073549405 0.985772371 -0.079808839
0.983329952 -0.087585762 0.159345239 0.242811784 0.100674450 0.992012501 -0.075998679 -0.235003814 -0.151416063 0.090773776 0.984293282 -0.066854686
0.982234001 -0.095956020 0.161272585 0.225844994 0.111195184 0.989870667 -0.088270731 -0.245337754 -0.151168883 0.104635246 0.982954443 -0.051700644
0.981739461 -0.105520666 0.158281386 0.206859231 0.120395392 0.988861203 -0.087512583 -0.254325747 -0.147283942 0.104970902 0.983508289 -0.037509099
0.981694698 -0.114352457 0.152312338 0.186388001 0.127859160 0.988394678 -0.082024202 -0.262407452 -0.141165048 0.099997252 0.984922826 -0.023382941
0.981532693 -0.121547379 0.147715256 0.165242255 0.133833587 0.988065004 -0.076263800 -0.270867527 -0.136682615 0.094624668 0.986085236 -0.008136792
0.980985284 -0.129131615 0.144889146 0.143864363 0.141261160 0.986991107 -0.076771587 -0.278445423 -0.133090645 0.095779002 0.986465037 0.003826203
0.979999483 -0.139428496 0.141988367 0.122285381 0.151520014 0.985356390 -0.078195088 -0.285464734 -0.129006535 0.098145224 0.986774981 0.013933459
0.979559124 -0.149040848 0.135095477 0.099408083 0.160819530 0.983664632 -0.080876291 -0.292997897 -0.120834768 0.100949094 0.987526298 0.025246261
0.979528606 -0.153308108 0.130461916 0.076581925 0.164189413 0.983407974 -0.077139750 -0.298609436 -0.116471142 0.096981063 0.988447845 0.031606637
0.980158508 -0.153395176 0.125535607 0.053349387 0.162980914 0.984144807 -0.069972731 -0.303461969 -0.112811737 0.089044280 0.989618421 0.036053173
0.981105447 -0.153150514 0.118224606 0.029329950 0.160990641 0.985140443 -0.059835397 -0.306960106 -0.107304022 0.077737890 0.991182446 0.045430038
0.982394755 -0.148089930 0.113885447 0.006701932 0.154349670 0.986838996 -0.048218481 -0.311813504 -0.105245918 0.064947769 0.992323101 0.048005279
0.983413756 -0.142026111 0.112809286 -0.014815955 0.147503600 0.988179982 -0.041749291 -0.317827702 -0.105546385 0.057696603 0.992739201 0.049506217
0.983766854 -0.138703361 0.113860458 -0.036182489 0.144323155 0.988610864 -0.042654779 -0.323843420 -0.106647328 0.058395054 0.992580652 0.051846195
0.983629286 -0.138710693 0.115033776 -0.054713365 0.145259842 0.988098204 -0.050611600 -0.329689205 -0.106644303 0.066492841 0.992071390 0.052090898
0.983412743 -0.139611810 0.115792386 -0.071824476 0.146833152 0.987555802 -0.056334715 -0.333499640 -0.106486447 0.072402440 0.991674602 0.052353777
0.984400749 -0.132860988 0.115339369 -0.086682096 0.139736205 0.988732159 -0.053689372 -0.334398746 -0.106906518 0.068968937 0.991874099 0.055456366
0.985902786 -0.123786122 0.112573147 -0.100181364 0.129609048 0.990500331 -0.045940988 -0.333247453 -0.105816886 0.059883848 0.992580831 0.055986442
0.987338483 -0.116138294 0.108049057 -0.111215211 0.120972484 0.991877794 -0.039295048 -0.330175281 -0.102607794 0.051868476 0.993368685 0.056072101
0.988196433 -0.110403582 0.106202044 -0.122213416 0.114547580 0.992845058 -0.033726875 -0.325041592 -0.101718612 0.045493964 0.993772447 0.055951096
0.988665640 -0.106445871 0.105874874 -0.125695705 0.109913461 0.993561804 -0.027457932 -0.319429070 -0.102270447 0.038783789 0.994000316 0.054827243
0.988835514 -0.103231356 0.107460067 -0.123497024 0.106868714 0.993860483 -0.028643347 -0.314106345 -0.103843421 0.039807677 0.993796706 0.052991945
0.988405466 -0.103745408 0.110867068 -0.120268263 0.108088516 0.993563354 -0.033893283 -0.306247771 -0.106637180 0.045483764 0.993257165 0.053423781
0.987873137 -0.102820754 0.116338268 -0.113142170 0.107757613 0.993490040 -0.036956463 -0.298846334 -0.111781016 0.049044628 0.992521882 0.051117606
0.987443268 -0.096886784 0.124774963 -0.103088640 0.101864189 0.994212508 -0.034133863 -0.290733099 -0.120745718 0.046415355 0.991597772 0.048116535
0.987156510 -0.091482066 0.130969763 -0.092653804 0.095996670 0.994971573 -0.028569080 -0.282638371 -0.127697647 0.040774815 0.990974665 0.044265896
0.986781120 -0.090019867 0.134756804 -0.079018012 0.093347684 0.995460391 -0.018570622 -0.276266038 -0.132473320 0.030904373 0.990704656 0.040414143
0.986093462 -0.083867341 0.143477947 -0.062090028 0.086380422 0.996197402 -0.011365848 -0.272194028 -0.141979128 0.023601474 0.989588261 0.035952568
0.984651744 -0.083836637 0.153076395 -0.044118963 0.087001316 0.996108651 -0.014081865 -0.273429602 -0.151300147 0.027183577 0.988113999 0.028050231
0.982091188 -0.093476459 0.163581863 -0.024499064 0.098328248 0.994915247 -0.021800458 -0.270634204 -0.160712257 0.037494760 0.986288846 0.022965049
0.979489326 -0.107263766 0.170572937 -0.005759872 0.113747515 0.993095756 -0.028675651 -0.266869843 -0.166319400 0.047489740 0.984927714 0.017172229
0.977712512 -0.117169790 0.174210906 0.010697054 0.123750471 0.991935968 -0.027366035 -0.261643738 -0.169599593 0.048314795 0.984328032 0.009971582
0.977469623 -0.113012925 0.178272948 0.027015915 0.118809626 0.992670000 -0.022147287 -0.255215228 -0.174463287 0.042828839 0.983731806 0.002084550
0.977583766 -0.099988461 0.185289815 0.042877041 0.103627756 0.994565487 -0.010036869 -0.248633131 -0.183279291 0.029013047 0.982632637 -0.007242424
0.977667749 -0.089039333 0.190362260 0.058492061 0.090191759 0.995920956 0.002619022 -0.241714925 -0.189818963 0.014608574 0.981710434 -0.020504218
0.976631522 -0.081741005 0.198769361 0.074598260 0.081794754 0.996617436 0.007954837 -0.240942836 -0.198747247 0.008489345 0.980014026 -0.032227919
0.974649727 -0.076777659 0.210150108 0.092597708 0.078229614 0.996934354 0.001407669 -0.243867666 -0.209613934 0.015067974 0.977668107 -0.044187773
0.971940756 -0.079318561 0.221449241 0.112746350 0.084512345 0.996323228 -0.014062255 -0.249169841 -0.219519630 0.032382872 0.975070477 -0.056448441
0.969114125 -0.090101995 0.229563549 0.133700654 0.099444859 0.994607627 -0.029435374 -0.253278047 -0.225673452 0.051355146 0.972848475 -0.068300337
0.966861248 -0.100874491 0.234528631 0.154892653 0.114064477 0.992527664 -0.043337159 -0.254434377 -0.228404552 0.068652399 0.971142769 -0.079939909
0.964801311 -0.105541438 0.240872145 0.177133709 0.120221987 0.991631627 -0.047046136 -0.252075374 -0.233891129 0.074348301 0.969415963 -0.091966614
0.962684274 -0.101325490 0.250942528 0.198161095 0.116955541 0.991969943 -0.048136204 -0.245661035 -0.244050026 0.075689085 0.966804385 -0.101096272
0.960528851 -0.095696025 0.261202306 0.217250600 0.111078165 0.992804050 -0.044740714 -0.236885726 -0.255041212 0.071988612 0.964246690 -0.108712867
0.959246337 -0.093183540 0.266764462 0.234785095 0.107544668 0.993407011 -0.039707869 -0.229716972 -0.261305571 0.066778719 0.962943435 -0.116840050
0.957854986 -0.089383908 0.272991389 0.247156695 0.102373429 0.994175553 -0.033684578 -0.221496940 -0.268390507 0.060212005 0.961426556 -0.122363321
0.956156969 -0.091494516 0.278195202 0.254620641 0.103580385 0.994197428 -0.029028172 -0.216503903 -0.273925006 0.056571051 0.960085869 -0.126606435
0.953915536 -0.103763074 0.281564116 0.260181576 0.114689589 0.993145168 -0.022561060 -0.219390705 -0.277293026 0.053813815 0.959277153 -0.127232000
0.952787459 -0.115869805 0.280660391 0.256716460 0.126909271 0.991683066 -0.021418916 -0.222078100 -0.275844336 0.056026079 0.959568143 -0.129372090
0.953743577 -0.125898942 0.272988319 0.248268917 0.137662902 0.990181148 -0.024295362 -0.227271870 -0.267249107 0.060751900 0.961710513 -0.130639210
0.955930233 -0.133170992 0.261654109 0.238538444 0.145232201 0.989023030 -0.027221760 -0.234660089 -0.255156785 0.064022698 0.964777768 -0.137334734
0.958772361 -0.138224512 0.248293236 0.223518446 0.149870932 0.988293648 -0.028537672 -0.242587209 -0.241442010 0.064573064 0.968264461 -0.137917131
0.962107003 -0.145268425 0.230753496 0.205266953 0.157148585 0.986994147 -0.033865951 -0.251641750 -0.222832695 0.068845257 0.972422719 -0.137665302
0.964400232 -0.157526925 0.212408841 0.188747197 0.170623019 0.984322608 -0.044685289 -0.262587011 -0.202039689 0.079336330 0.976158679 -0.137503833
0.965119183 -0.173825055 0.195779920 0.167312399 0.188928992 0.980083704 -0.061170142 -0.269579291 -0.181247801 0.096024975 0.978738189 -0.134377748
0.964901447 -0.188407779 0.182941869 0.145471305 0.205715597 0.975287735 -0.080591008 -0.272464305 -0.163236991 0.115396366 0.979814947 -0.126037180
0.964773297 -0.197524533 0.173771590 0.121252261 0.215916917 0.971872151 -0.094044581 -0.276032716 -0.150307655 0.128251925 0.980285168 -0.114285126
0.965672135 -0.201879978 0.163467884 0.100296348 0.219781280 0.970422268 -0.099883981 -0.270306468 -0.138468295 0.132382363 0.981479228 -0.106298581
0.967867136 -0.196599692 0.156785801 0.081126958 0.213149697 0.972221792 -0.096705817 -0.259917587 -0.133418247 0.127017230 0.982886672 -0.097398221
0.970861197 -0.185604811 0.151589751 0.062536143 0.200384676 0.975689530 -0.088746324 -0.245555490 -0.131432801 0.116536617 0.984451413 -0.086713493
0.974210262 -0.173616946 0.144123316 0.046130531 0.185937822 0.979551613 -0.076849274 -0.229051858 -0.127833903 0.101665325 0.986571193 -0.077696234
0.977521360 -0.159738123 0.137606949 0.031883601 0.169562489 0.983514428 -0.062832646 -0.210927799 -0.125301659 0.084753238 0.988491952 -0.069182329
0.980059505 -0.148605675 0.131908163 0.018268980 0.156705081 0.986208916 -0.053249702 -0.192170933 -0.122175798 0.072858557 0.989830673 -0.058788553
0.981529117 -0.143754780 0.126234427 0.007482789 0.150470138 0.987574756 -0.045330297 -0.173703462 -0.118149482 0.063487515 0.990964174 -0.051021121
0.982727289 -0.135094330 0.126477435 -0.001015758 0.140824005 0.989325225 -0.037471913 -0.155234888 -0.120065078 0.054635733 0.991261482 -0.043541741
0.983759344 -0.124930330 0.128879592 -0.011901043 0.129278913 0.991269648 -0.025913380 -0.130084679 -0.124517061 0.042153947 0.991321623 -0.034693077
0.984962702 -0.111157693 0.132259026 -0.017888371 0.113776170 0.993429244 -0.012384672 -0.112653449 -0.130013332 0.027246363 0.991137803 -0.027652441
0.986093879 -0.095857054 0.135758013 -0.022794394 0.096251801 0.995350242 0.003668459 -0.096154481 -0.135478407 0.009449508 0.990735233 -0.021075821
0.986591339 -0.078331456 0.143184125 -0.026070045 0.076877490 0.996917427 0.015667442 -0.080892771 -0.143970013 -0.004449727 0.989572048 -0.014502997
0.986294866 -0.071627818 0.148633540 -0.029186329 0.069410421 0.997386515 0.020059269 -0.068784803 -0.149681896 -0.009467638 0.988688886 -0.009050793
0.985149145 -0.069801740 0.156872094 -0.031173209 0.067660563 0.997528315 0.018954763 -0.058568262 -0.157807440 -0.008059215 0.987437010 -0.004498950
0.983961761 -0.071252868 0.163530692 -0.032620464 0.069704384 0.997451961 0.015195061 -0.047222912 -0.164196715 -0.003552551 0.986421227 -0.001433058
0.983052075 -0.075751498 0.166943938 -0.034089934 0.073738754 0.997110963 0.018231302 -0.039128870 -0.167842686 -0.005612084 0.985797822 0.001632921
0.982694566 -0.072591409 0.170416847 -0.035164855 0.069281623 0.997276366 0.025296923 -0.031591099 -0.171789035 -0.013052393 0.985047281 0.004123427
0.982745349 -0.064975746 0.173175424 -0.033545554 0.059093159 0.997493625 0.038916416 -0.030983316 -0.175269991 -0.028011447 0.984121859 0.001278833
0.982963562 -0.055398282 0.175253153 -0.034431066 0.046250451 0.997366726 0.055861451 -0.024821976 -0.177886277 -0.046804234 0.982937336 0.002903800
0.983569503 -0.048468247 0.173901975 -0.035754617 0.036861874 0.996910274 0.069362491 -0.020182379 -0.176726550 -0.061812475 0.982317150 0.004348269
0.983894229 -0.042409249 0.173647970 -0.036146469 0.030109614 0.996887326 0.072863333 -0.015179761 -0.176197529 -0.066461332 0.982108593 0.004835390
0.983982205 -0.040772382 0.173541337 -0.036828712 0.029137066 0.997185886 0.069074549 -0.013218864 -0.175869316 -0.062911637 0.982401192 0.006437018
0.983197331 -0.048679188 0.175935507 -0.036536135 0.040006988 0.997818708 0.052509245 -0.013763553 -0.178107858 -0.044588301 0.983000219 0.007407819
0.982482672 -0.055031367 0.178043112 -0.039139137 0.048377030 0.997966409 0.041506026 -0.007118552 -0.179965183 -0.032165755 0.983146906 0.010539914
0.982313216 -0.059584375 0.177511767 -0.039084546 0.054157604 0.997909427 0.035265729 -0.005948711 -0.179241970 -0.025028380 0.983486593 0.011914159
0.982002020 -0.061021175 0.178741455 -0.039106943 0.056854177 0.997979939 0.028348163 -0.005706266 -0.180110216 -0.017675754 0.983487606 0.012844359
0.981763363 -0.060418677 0.180250466 -0.033073470 0.057380203 0.998109341 0.022028575 -0.010377495 -0.181240618 -0.011284040 0.983374059 0.007380576
0.981541872 -0.061076466 0.181232542 -0.033164419 0.059811976 0.998132169 0.012439422 -0.010214243 -0.181653768 -0.001369937 0.983361602 0.007637847
0.981608629 -0.059113037 0.181521744 -0.033115618 0.057972927 0.998250961 0.011584939 -0.009691870 -0.181889057 -0.000848532 0.983318686 0.007836959
0.981648862 -0.058471322 0.181511968 -0.033586293 0.057374716 0.998288870 0.011290969 -0.010047980 -0.181861579 -0.000669571 0.983323932 0.004843454
0.981661022 -0.059441622 0.181130558 -0.033798456 0.058424976 0.998231769 0.010947855 -0.010185392 -0.181461036 -0.000164534 0.983398139 0.005295125
0.981670201 -0.059038490 0.181212693 -0.033823058 0.057991147 0.998255610 0.011077181 -0.010100555 -0.181550562 -0.000365407 0.983381569 0.005655508
0.981630564 -0.060191020 0.181048289 -0.034089491 0.059178308 0.998186886 0.010995147 -0.010160075 -0.181381837 -0.000079042 0.983412743 0.004925203
0.981614470 -0.060924422 0.180890024 -0.034250125 0.059917439 0.998142362 0.011031119 -0.010317621 -0.181226075 0.000010160 0.983441472 0.005429138
0.981666386 -0.060316171 0.180812299 -0.034211524 0.059308451 0.998179317 0.010979583 -0.010463456 -0.181145340 -0.000054592 0.983456314 0.005888742
0.981740236 -0.059878550 0.180556640 -0.033605758 0.058840737 0.998205602 0.011103390 -0.009777054 -0.180897519 -0.000276560 0.983501911 0.004557649
0.981801510 -0.059147704 0.180464342 -0.033573776 0.058118541 0.998249173 0.010989858 -0.009900465 -0.180798396 -0.000301537 0.983520150 0.004836056
0.981699526 -0.063040212 0.179699704 -0.034141663 0.062100764 0.998010874 0.010854374 -0.010443913 -0.180026516 0.000503754 0.983661652 0.005263766
0.981706083 -0.060310438 0.180598602 -0.033962220 0.059242539 0.998179615 0.011306209 -0.010082653 -0.180951729 -0.000400256 0.983491898 0.005785128
0.981715262 -0.062262204 0.179884985 -0.034412585 0.061289851 0.998059809 0.010963801 -0.010326818 -0.180218592 0.000261791 0.983626544 0.006017705
0.981725097 -0.061062884 0.180241913 -0.034267675 0.060066473 0.998133898 0.010986187 -0.010494947 -0.180576414 0.000041079 0.983560979 0.006289307
0.981725931 -0.061654545 0.180035889 -0.034408670 0.060569242 0.998097479 0.011524670 -0.010406415 -0.180403918 -0.000409431 0.983592510 0.005517866
0.981722176 -0.061911527 0.179968268 -0.034435503 0.060860824 0.998081625 0.011359418 -0.010543179 -0.180326313 -0.000198775 0.983606815 0.005744083
0.981711984 -0.061003234 0.180333644 -0.033909835 0.059985932 0.998137593 0.011094524 -0.010746277 -0.180674583 -0.000074147 0.983542919 0.006872754
0.981696904 -0.062376663 0.179945543 -0.034447044 0.061378278 0.998052657 0.011116337 -0.010514705 -0.180288538 0.000131873 0.983613789 0.006107884
0.981700301 -0.060915150 0.180427045 -0.034134842 0.059904106 0.998142958 0.011052391 -0.010500008 -0.180765241 -0.000041815 0.983526289 0.006175409
0.981678843 -0.062308393 0.180067658 -0.034066457 0.061277427 0.998056948 0.011287835 -0.010723192 -0.180421114 -0.000046947 0.983589470 0.006259752
0.981753290 -0.061202612 0.180040881 -0.034276828 0.060247246 0.998125315 0.010775028 -0.009963354 -0.180362836 0.000268547 0.983600140 0.007732556
0.981754184 -0.061798315 0.179832593 -0.034299795 0.060844976 0.998088598 0.010817770 -0.010075130 -0.180157378 0.000321517 0.983637750 0.007899170
0.981672645 -0.061940107 0.180228457 -0.034177985 0.060885917 0.998079836 0.011380738 -0.010861788 -0.180587307 -0.000198784 0.983558953 0.007163629
0.981673002 -0.061596707 0.180344164 -0.037050359 0.060573675 0.998101115 0.011179755 -0.011393883 -0.180690348 -0.000050754 0.983540058 0.007454148
0.981665254 -0.061812274 0.180312306 -0.037049539 0.060785465 0.998087764 0.011219969 -0.011426611 -0.180661052 -0.000053887 0.983545423 0.007591452
0.981670856 -0.061854184 0.180267423 -0.033905510 0.060789995 0.998085141 0.011427313 -0.010610793 -0.180629075 -0.000259405 0.983551264 0.006791338
0.981741309 -0.061935142 0.179855749 -0.034389470 0.060962610 0.998080134 0.010934990 -0.010096974 -0.180187717 0.000229143 0.983632207 0.007659144
0.981742740 -0.061687626 0.179932997 -0.034269363 0.060696922 0.998095512 0.011011761 -0.010172698 -0.180269614 0.000110663 0.983617246 0.007826842
0.981656611 -0.062463786 0.180134788 -0.034020435 0.061398510 0.998047233 0.011488901 -0.010782373 -0.180500671 -0.000218148 0.983574867 0.007035476
0.981699407 -0.061978158 0.180069357 -0.033994671 0.060944077 0.998077512 0.011274778 -0.009864531 -0.180421978 -0.000094282 0.983589292 0.006038824
0.981680691 -0.062300019 0.180060208 -0.033996541 0.061268851 0.998057485 0.011288155 -0.010003317 -0.180413693 -0.000049282 0.983590841 0.006077967
0.981673181 -0.062330477 0.180090621 -0.033941988 0.061279289 0.998055577 0.011400050 -0.010076587 -0.180451021 -0.000155299 0.983583987 0.006086902
0.981683195 -0.062255036 0.180062324 -0.034430277 0.061226849 0.998060286 0.011267828 -0.010525628 -0.180414528 -0.000036789 0.983590662 0.007175880
0.981678843 -0.062443834 0.180020526 -0.034405343 0.061387878 0.998048484 0.011436439 -0.010639365 -0.180383340 -0.000175833 0.983596385 0.007322439
0.981659055 -0.062515981 0.180103540 -0.033896327 0.061416570 0.998043895 0.011679743 -0.010259149 -0.180481404 -0.000404184 0.983578324 0.006663981
0.981716216 -0.061428271 0.180166021 -0.039474018 0.060456082 0.998111486 0.010887427 -0.005296187 -0.180494562 0.000203766 0.983575940 0.010338403
0.981710672 -0.061518844 0.180165410 -0.039426539 0.060542848 0.998105884 0.010916436 -0.005369123 -0.180495739 0.000190944 0.983575761 0.010448686
0.981645823 -0.062664993 0.180123776 -0.034374051 0.061595403 0.998034596 0.011530763 -0.010828614 -0.180492342 -0.000224330 0.983576357 0.007608122
0.981692553 -0.062107585 0.180062160 -0.034827281 0.061052807 0.998069465 0.011399381 -0.010550710 -0.180422530 -0.000197389 0.983589172 0.005833939
0.981683791 -0.062248621 0.180061221 -0.034801167 0.061188508 0.998060644 0.011441298 -0.010555029 -0.180424213 -0.000214060 0.983588874 0.005949438
0.981677830 -0.062265135 0.180088103 -0.034766462 0.061203130 0.998059630 0.011453090 -0.010545841 -0.180451781 -0.000221290 0.983583808 0.006103687
0.981633246 -0.062137276 0.180375025 -0.037456244 0.061098680 0.998067617 0.011313704 -0.012525560 -0.180729464 -0.000085233 0.983532846 0.007835021
0.981629729 -0.062296845 0.180339113 -0.037401576 0.061253913 0.998057663 0.011351845 -0.012472576 -0.180696025 -0.000096834 0.983538985 0.007857718
0.981664360 -0.062403377 0.180113584 -0.034595668 0.061326023 0.998050988 0.011549283 -0.010421272 -0.180483252 -0.000291871 0.983578026 0.006016164
0.981729031 -0.062232282 0.179819986 -0.034238949 0.061174620 0.998061657 0.011426748 -0.010146747 -0.180182561 -0.000217551 0.983633161 0.006447701
0.981728077 -0.062296439 0.179802969 -0.034219414 0.061234299 0.998057663 0.011457023 -0.010158698 -0.180167452 -0.000237576 0.983635902 0.006564008
0.981732428 -0.062244374 0.179797336 -0.034121953 0.061183657 0.998060882 0.011444533 -0.010204306 -0.180161044 -0.000234811 0.983637094 0.006701121
0.981655061 -0.062500007 0.180130824 -0.037285127 0.061463390 0.998044968 0.011336027 -0.011734013 -0.180487171 -0.000056617 0.983577311 0.007854154
