0.998946786 -0.034794256 -0.029911406 0.070943497 -0.042310201 -0.446283698 -0.893890858 0.049102418 0.017753292 0.894214988 -0.447285891 -0.046468809
0.999182403 -0.031229392 -0.025675744 0.069986090 -0.036857672 -0.442650437 -0.895936608 0.034155063 0.016614176 0.896150470 -0.443439603 -0.032446198
0.999263585 -0.029897191 -0.024050545 0.068426639 -0.034647733 -0.433750033 -0.900366843 0.018409666 0.016486514 0.900537074 -0.434466481 -0.015021555
0.999247730 -0.029995702 -0.024582343 0.067071982 -0.034956478 -0.422125101 -0.905863523 0.000962961 0.016795186 0.906041384 -0.422856092 0.002654046
0.999126911 -0.033340637 -0.025174873 0.064798094 -0.036712866 -0.413101792 -0.909944594 -0.015815839 0.019938348 0.910074413 -0.413965106 0.022378135
0.999072969 -0.034962453 -0.025115144 0.062992483 -0.037170850 -0.406360507 -0.912956536 -0.034045432 0.021713395 0.913043797 -0.407283425 0.042228881
0.998904288 -0.038970497 -0.025913265 0.061058361 -0.039405491 -0.401672006 -0.914935589 -0.051983342 0.025246859 0.914954185 -0.402767539 0.060872070
0.998782039 -0.041176889 -0.027181938 0.059636503 -0.041364048 -0.398487568 -0.916240513 -0.068415605 0.026896268 0.916248977 -0.399705529 0.080713071
0.998737097 -0.041619331 -0.028144052 0.057991862 -0.042305313 -0.394467115 -0.917935729 -0.083977208 0.027101969 0.917967081 -0.395729661 0.098766237
0.998741448 -0.040907711 -0.029018085 0.056744121 -0.042680472 -0.389342546 -0.920103788 -0.097639278 0.026341364 0.920184255 -0.390598536 0.115964130
0.998992324 -0.034860738 -0.028267194 0.055138737 -0.039458685 -0.382106781 -0.923275471 -0.108592048 0.021384977 0.923460484 -0.383097291 0.130945742
0.998955607 -0.033333201 -0.031249933 0.056452896 -0.041421283 -0.371988297 -0.927312732 -0.121949971 0.019285690 0.927638650 -0.372980475 0.147467107
0.999116957 -0.028719001 -0.030667361 0.054811694 -0.038935013 -0.358552575 -0.932697296 -0.130432039 0.015790273 0.933067679 -0.359354138 0.159892902
0.999043763 -0.028387299 -0.033252794 0.055710562 -0.040984891 -0.343189716 -0.938371718 -0.138346046 0.015225821 0.938837230 -0.344025016 0.174169362
0.998866320 -0.032042760 -0.035203483 0.050431408 -0.043785285 -0.328273654 -0.943567395 -0.145661399 0.018678125 0.944039106 -0.329304576 0.177750796
1.000000000 0.000000000 0.000000000 0.000000007 0.000000000 1.000000000 0.000000000 0.000000011 0.000000000 0.000000000 1.000000000 -0.000000011
0.999985695 0.004243420 0.003250168 -0.000641525 -0.004217678 0.999960005 -0.007886584 -0.024124719 -0.003283505 0.007872763 0.999963641 -0.009392222
0.999923825 0.009493969 0.007889854 -0.001437257 -0.009342302 0.999775052 -0.019042708 -0.052644145 -0.008068869 0.018967547 0.999787569 -0.020613577
0.999778926 0.014952698 0.014781016 -0.000969951 -0.014476714 0.999389350 -0.031801198 -0.087264128 -0.015247504 0.031580184 0.999384940 -0.033689424
0.999420524 0.022425340 0.025607292 -0.002107750 -0.021229791 0.998713911 -0.046042055 -0.125230908 -0.026606865 0.045471735 0.998611212 -0.046928074
0.998900890 0.029658359 0.036295705 -0.001765496 -0.027380735 0.997718096 -0.061716378 -0.160949916 -0.038043290 0.060654745 0.997433543 -0.055957060
0.998627186 0.033159211 0.040549479 -0.003257293 -0.029920703 0.996502817 -0.078018785 -0.197633445 -0.042994708 0.076698408 0.996126890 -0.073135458
0.998507261 0.036053095 0.041029830 -0.005265350 -0.032148514 0.995226979 -0.092139900 -0.230631307 -0.044155922 0.090683311 0.994900405 -0.084801376
0.998620212 0.035066508 0.039089791 -0.006668105 -0.030786490 0.993977010 -0.105175577 -0.263740242 -0.042542495 0.103827022 0.993685126 -0.099474885
0.998689115 0.032618936 0.039446425 -0.007099224 -0.027749747 0.992597342 -0.118238851 -0.292883545 -0.043011244 0.116989225 0.992201388 -0.108776510
0.998781264 0.028202156 0.040504232 -0.007259129 -0.022528118 0.990687490 -0.134278804 -0.320580989 -0.043913990 0.133202672 0.990115464 -0.119527608
0.998881280 0.023322994 0.041137118 -0.007842543 -0.016916985 0.988584995 -0.149711594 -0.342634290 -0.044159260 0.148848191 0.987873554 -0.132968113
0.998922110 0.020118136 0.041832220 -0.009184686 -0.012806159 0.985664785 -0.168228775 -0.361131549 -0.044616994 0.167511731 0.984859943 -0.141854435
0.998921633 0.021892488 0.040942185 -0.008600678 -0.014033746 0.982973158 -0.183212399 -0.375072062 -0.044256046 0.182440251 0.982220411 -0.145071462
0.998823643 0.023297437 0.042527534 -0.010556476 -0.014718466 0.981305420 -0.191893294 -0.391390830 -0.046203122 0.191041604 0.980493963 -0.154909983
0.998581290 0.027241178 0.045753516 -0.004250121 -0.017816082 0.980637193 -0.195021242 -0.388276160 -0.050180204 0.193929404 0.979731262 -0.146586344
0.998310447 0.032399010 0.048233967 -0.002103626 -0.022524882 0.980992377 -0.192734584 -0.366980940 -0.053561565 0.191322491 0.980064750 -0.148086444
0.997980654 0.038110565 0.050815098 -0.002208982 -0.028326098 0.983077884 -0.180984780 -0.358617663 -0.056852631 0.179179922 0.982172251 -0.146163017
0.998009622 0.034903798 0.052521676 -0.001485375 -0.025550194 0.985241771 -0.169250876 -0.334765613 -0.057654046 0.167572051 0.984172583 -0.135586172
0.998193324 0.032926857 0.050259005 0.001172187 -0.024762373 0.987573147 -0.155196980 -0.315068096 -0.054744590 0.153672054 0.986604214 -0.123483203
0.998461306 0.026966829 0.048454151 0.006565526 -0.019553155 0.988878429 -0.147435248 -0.277500272 -0.051891126 0.146260947 0.987884104 -0.101641431
0.998397887 0.030199002 0.047850400 0.005776069 -0.023365375 0.990235567 -0.137432203 -0.259974390 -0.051533483 0.136093989 0.989354730 -0.098432936
0.998593271 0.027030837 0.045615453 0.007623422 -0.020676274 0.990706325 -0.134437636 -0.229385391 -0.048825476 0.133305356 0.989871562 -0.085323349
0.998859823 0.026882306 0.039451629 0.009259353 -0.021478422 0.991081059 -0.131518245 -0.197843313 -0.042635277 0.130520940 0.990528405 -0.072493866
0.998965442 0.025697520 0.037518881 0.009669464 -0.020745693 0.991702259 -0.126871020 -0.165524811 -0.040467829 0.125961423 0.991209388 -0.059617214
0.999191821 0.021279557 0.034100648 0.010646933 -0.017145609 0.992955804 -0.117238365 -0.134584188 -0.036355216 0.116558947 0.992518187 -0.048254438
0.999107242 0.018371245 0.038041841 0.011094359 -0.014352223 0.994541645 -0.103348300 -0.104243159 -0.039732832 0.102710053 0.993917465 -0.037657667
0.998992562 0.015051816 0.042275950 0.011138055 -0.011300772 0.996091187 -0.087605193 -0.075959511 -0.043429315 0.087039188 0.995257795 -0.026818305
0.998850763 0.014717439 0.045613278 0.011111904 -0.011497777 0.997476399 -0.070061497 -0.051533960 -0.046529297 0.069456525 0.996499300 -0.016979937
0.998876750 0.015097695 0.044914991 0.010253837 -0.012708970 0.998513579 -0.053001449 -0.030879084 -0.045648426 0.052371092 0.997583807 -0.010397367
0.999090910 0.013149650 0.040551998 0.009544177 -0.011592734 0.999195516 -0.038392112 -0.016794281 -0.041024216 0.037887104 0.998439550 -0.005473001
0.999211609 0.013330665 0.037396129 0.007477609 -0.012333228 0.999565363 -0.026777284 -0.008859304 -0.037736837 0.026294960 0.998941720 -0.004216258
0.999294043 0.013508865 0.035056632 0.006340238 -0.012814309 0.999718606 -0.019962039 -0.008351688 -0.035316434 0.019498721 0.999185920 -0.003973303
0.999367774 0.014569332 0.032430667 0.004836617 -0.013986920 0.999738097 -0.018113704 -0.017242029 -0.032686081 0.017648647 0.999309838 -0.008385878
0.999432206 0.013757976 0.030757390 0.002533298 -0.013045337 0.999644518 -0.023251485 -0.034859430 -0.031066351 0.022837043 0.999256372 -0.014725142
0.999455273 0.013874437 0.029944524 0.000230117 -0.012809207 0.999288380 -0.035476759 -0.057502132 -0.030415434 0.035073869 0.998921752 -0.023508480
0.999430954 0.014166430 0.030611748 -0.001584924 -0.012600778 0.998632073 -0.050746635 -0.084115051 -0.031288773 0.050332025 0.998242319 -0.034061953
0.999266684 0.018430330 0.033561457 -0.003008295 -0.016261663 0.997831345 -0.063782118 -0.113271251 -0.034664202 0.063189588 0.997399330 -0.045289487
0.999135077 0.019363729 0.036798164 -0.003870035 -0.016603837 0.997128904 -0.073880270 -0.143301710 -0.038123108 0.073205382 0.996587992 -0.057313215
0.998841405 0.023352439 0.042078011 -0.003172176 -0.019933956 0.996603131 -0.079905272 -0.174343988 -0.043801062 0.078973904 0.995913923 -0.069885917
0.998599768 0.023336908 0.047475599 -0.003523081 -0.019270873 0.996248245 -0.084368885 -0.205097318 -0.049266391 0.083335847 0.995302975 -0.083061501
0.998490155 0.022669256 0.050035700 -0.004236874 -0.018061377 0.995714903 -0.090695411 -0.233591869 -0.051877290 0.089654759 0.994620919 -0.090229318
0.998342574 0.019042432 0.054309323 -0.002410565 -0.013688855 0.995161235 -0.097296849 -0.265892863 -0.055899300 0.096392155 0.993772507 -0.103037015
0.998060763 0.014065566 0.060637489 -0.001364882 -0.007557821 0.994311333 -0.106244296 -0.297607750 -0.061786927 0.105579972 0.992489398 -0.116846114
0.997498333 0.010720423 0.069871970 0.000406733 -0.002299268 0.992830932 -0.119505040 -0.327914804 -0.070652194 0.119045429 0.990371883 -0.126848653
0.997121096 0.005398334 0.075633422 0.003458690 0.004894856 0.990799367 -0.135250136 -0.357124120 -0.075667679 0.135230973 0.987920523 -0.137604758
0.996869683 0.005007172 0.078903347 0.006962047 0.007119914 0.988251984 -0.152667463 -0.381310105 -0.078740820 0.152751356 0.985122800 -0.152014166
0.996595740 0.005353897 0.082269602 0.008230614 0.008727572 0.985430717 -0.169853225 -0.397904545 -0.081980370 0.169992998 0.982029319 -0.157725990
0.996599555 0.008533983 0.081954584 0.009821949 0.006455956 0.983477175 -0.180917054 -0.408129722 -0.082144409 0.180830956 0.980077803 -0.161192134
0.996444643 0.010011519 0.083653271 0.010621099 0.005644145 0.982751429 -0.184845299 -0.414413393 -0.084060952 0.184660256 0.979200900 -0.167325631
0.996056020 0.014290812 0.087567903 0.011798220 0.002154521 0.982756853 -0.184889883 -0.411990434 -0.088700183 0.184349358 0.978850126 -0.164630949
0.995924115 0.018645842 0.088246942 0.014798886 -0.002138278 0.983004570 -0.183568776 -0.399913758 -0.090169936 0.182631880 0.979037762 -0.156488657
0.996031642 0.020094216 0.086701654 0.014122963 -0.004261061 0.983828306 -0.179063573 -0.386191636 -0.088897683 0.177983537 0.980009735 -0.152720436
0.996120572 0.020738704 0.085520342 0.013064494 -0.005442369 0.984491467 -0.175348043 -0.365539134 -0.087830544 0.174202353 0.980785072 -0.145136058
0.996262312 0.021318482 0.083707303 0.015950814 -0.006755203 0.985327005 -0.170543343 -0.341764301 -0.086114794 0.169340461 0.981788218 -0.131483898
0.996708930 0.019492973 0.078684911 0.020335330 -0.006118221 0.985978365 -0.166760907 -0.312970340 -0.080832288 0.165730670 0.982852757 -0.113883652
0.996972501 0.023048950 0.074260078 0.020521985 -0.010837959 0.986924410 -0.160818920 -0.280965269 -0.076995797 0.159527227 0.984186292 -0.098494492
0.997136295 0.024793563 0.071445368 0.022080109 -0.013502205 0.987917721 -0.154390126 -0.250760853 -0.074410029 0.152983338 0.985423386 -0.085397378
0.997120142 0.026489178 0.071061172 0.016605610 -0.015487349 0.988393605 -0.151123121 -0.198311269 -0.074239530 0.149587378 0.985957444 -0.041361909
0.996682525 0.028309349 0.076305434 0.013433778 -0.017242916 0.989721537 -0.141964465 -0.161438629 -0.079540059 0.140177786 0.986926317 -0.011829896
0.997168124 0.026100468 0.070529848 0.023854647 -0.017853431 0.993190348 -0.115126602 -0.156086415 -0.073054418 0.113541387 0.990843773 -0.052069824
0.997570097 0.018123914 0.067271627 0.024072833 -0.011721356 0.995467544 -0.094376989 -0.125190049 -0.068677194 0.093359150 0.993261039 -0.038460683
0.997959852 0.009248868 0.063171461 0.024102468 -0.004725909 0.997438312 -0.071375705 -0.096821740 -0.063669786 0.070931546 0.995447099 -0.027121047
0.998041093 0.003663587 0.062454414 0.024280278 -0.000479163 0.998702288 -0.050926894 -0.070947796 -0.062559940 0.050797209 0.996747673 -0.016675774
0.998046756 0.001743400 0.062447272 0.024594588 0.000500721 0.999355197 -0.035902601 -0.047669355 -0.062469594 0.035863746 0.997402310 -0.008699946
0.997967958 0.006889974 0.063343883 0.025756493 -0.005307523 0.999670446 -0.025116326 -0.027700737 -0.063496053 0.024729090 0.997675657 -0.002173686
0.998093724 0.014098501 0.060084287 0.026035815 -0.012939738 0.999723554 -0.019631272 -0.009565837 -0.060344446 0.018816376 0.998000264 0.005211383
0.998374224 0.017696958 0.054182608 0.024528163 -0.016827460 0.999722898 -0.016461937 0.001572924 -0.054458920 0.015523417 0.998395324 0.006960585
0.998690486 0.019819668 0.047164608 0.022806384 -0.019054411 0.999680281 -0.016619964 0.006874944 -0.047478933 0.015699504 0.998748839 0.006583140
0.998941898 0.020085569 0.041371487 0.021071080 -0.019420777 0.999676764 -0.016408633 0.004775900 -0.041687690 0.015587806 0.999009073 0.005015868
0.999072969 0.021460241 0.037318561 0.020059180 -0.020883827 0.999657571 -0.015767656 -0.005213552 -0.037644159 0.014973684 0.999179006 0.001077757
0.999097764 0.022575093 0.035972212 0.019341787 -0.022001998 0.999625862 -0.016248617 -0.021525353 -0.036325570 0.015442497 0.999220669 -0.004757129
0.999060392 0.024109831 0.036014788 0.018065354 -0.023426550 0.999539733 -0.019275267 -0.042871837 -0.036462933 0.018413454 0.999165356 -0.012695593
0.999015808 0.025124345 0.036553387 0.016691050 -0.024278522 0.999431312 -0.023402216 -0.067662992 -0.037120562 0.022491721 0.999057651 -0.022630276
0.998815238 0.028409831 0.039509319 0.015458477 -0.027381513 0.999278247 -0.026329370 -0.096351281 -0.040228814 0.025216350 0.998872280 -0.032024637
0.998398662 0.032154832 0.046542231 0.016737817 -0.030692717 0.999023020 -0.031795844 -0.128787398 -0.047519151 0.030316420 0.998410165 -0.044277992
0.997864425 0.037366845 0.053574920 0.016467124 -0.035322741 0.998629987 -0.038606532 -0.161596313 -0.054944128 0.036631674 0.997817278 -0.054472692
0.997531891 0.040022939 0.057691596 0.017241895 -0.037198566 0.998094738 -0.049226101 -0.196253374 -0.059551850 0.046958562 0.997120082 -0.065024719
0.997403681 0.038724586 0.060714673 0.017509261 -0.034875065 0.997389436 -0.063229755 -0.228012979 -0.063004717 0.060948163 0.996150434 -0.073673293
0.997067153 0.038812745 0.065959558 0.016760997 -0.033522520 0.996271014 -0.079500340 -0.270849437 -0.068799227 0.077056043 0.994650185 -0.089312539
0.997002661 0.032648679 0.070141152 0.026378464 -0.025241951 0.994256616 -0.104002759 -0.283925653 -0.073133856 0.101920530 0.992100596 -0.105127797
0.996401548 0.034258373 0.077526398 0.020024819 -0.024451621 0.991970599 -0.124082483 -0.327536434 -0.081154771 0.121740334 0.989238679 -0.112389326
0.995782971 0.033986904 0.085212395 0.017639372 -0.021513844 0.989454865 -0.143234864 -0.360538781 -0.089181930 0.140797600 0.986013472 -0.124819979
0.995451927 0.034490835 0.088802285 0.015332920 -0.019998390 0.987045169 -0.159191549 -0.388219744 -0.093142517 0.156691641 0.983245730 -0.137078568
0.995490015 0.030303445 0.089896008 0.017222399 -0.014349066 0.984804392 -0.173073485 -0.406755537 -0.093774706 0.171002999 0.980797768 -0.144691631
0.995636106 0.027609445 0.089143269 0.015496093 -0.010914597 0.983128548 -0.182590008 -0.422195703 -0.092680506 0.180820227 0.979139626 -0.153128728
0.995545983 0.020738184 0.091968343 0.007223887 -0.003263730 0.982503057 -0.186217755 -0.437203467 -0.094220996 0.185088187 0.978194654 -0.158672318
0.995244205 0.018017460 0.095730357 0.006461356 0.000076593 0.982600451 -0.185732067 -0.439437956 -0.097411104 0.184856087 0.977926016 -0.159406573
0.994950414 0.015740383 0.099126033 0.007474815 0.002665736 0.983133495 -0.182869971 -0.435721755 -0.100332566 0.182210803 0.978127122 -0.157493949
0.994888783 0.014544001 0.099923797 0.005719962 0.003493547 0.984022677 -0.178008839 -0.427696556 -0.100916244 0.177448079 0.978942335 -0.153934434
0.994438410 0.013180255 0.104491837 0.007743302 0.005123376 0.984909892 -0.172991946 -0.411165327 -0.105195127 0.172565177 0.979364693 -0.143509641
0.993832469 0.013774282 0.110033222 0.009943893 0.004772102 0.986023903 -0.166535527 -0.393385798 -0.110789292 0.166033506 0.979876816 -0.131622493
0.993050575 0.019313063 0.116092809 0.013023015 -0.000507399 0.987136543 -0.159878626 -0.372470379 -0.117687203 0.158708647 0.980286360 -0.121184014
0.992381871 0.025210783 0.120592982 0.016123911 -0.006323422 0.987971663 -0.154505596 -0.349348366 -0.123037651 0.152566001 0.980604589 -0.110229447
0.991789103 0.034019604 0.123276375 0.018562859 -0.015400082 0.988724351 -0.148952961 -0.323863119 -0.126953676 0.145831466 0.981129944 -0.097641051
0.991688430 0.036708362 0.123314872 0.025405163 -0.018933799 0.989637971 -0.142331272 -0.294082791 -0.127261832 0.138813466 0.982107580 -0.088166706
0.992186189 0.042026728 0.117474750 0.029394876 -0.026315324 0.990870118 -0.132226944 -0.275726616 -0.121959284 0.128102362 0.984233558 -0.079343133
0.992856145 0.041745447 0.111776315 0.028723709 -0.027874522 0.992027581 -0.122899450 -0.243198499 -0.116015680 0.118905760 0.986104369 -0.067625418
0.994192421 0.043372344 0.098490089 0.041312855 -0.032153104 0.993100762 -0.112770073 -0.209995911 -0.102701679 0.108948387 0.988727748 -0.067034408
0.995002985 0.045951698 0.088642418 0.029830629 -0.037331674 0.994626462 -0.096563794 -0.208357707 -0.092603371 0.092772089 0.991371751 -0.060727656
0.996245205 0.040851034 0.076332532 0.028917208 -0.034463473 0.995936632 -0.083201379 -0.187561274 -0.079421230 0.080258295 0.993605018 -0.059196521
0.997345030 0.035136402 0.063783824 0.028862281 -0.030762156 0.997189641 -0.068311602 -0.172730714 -0.066004798 0.066168100 0.995622993 -0.060165629
0.998037934 0.028641474 0.055677619 0.029052464 -0.025718886 0.998288751 -0.052517284 -0.160750270 -0.057086516 0.050982270 0.997066677 -0.061134219
0.998707891 0.020040834 0.046699651 0.028229374 -0.018342195 0.999164462 -0.036522668 -0.151863754 -0.047392577 0.035618905 0.998241067 -0.064006120
0.999185979 0.011994463 0.038515966 0.028093319 -0.011313786 0.999776781 -0.017842215 -0.147060603 -0.038721379 0.017391931 0.999098659 -0.067682773
0.999418199 0.005606525 0.033643026 0.027235834 -0.005643710 0.999983549 0.001010406 -0.144360706 -0.033636805 -0.001199689 0.999433398 -0.073127940
0.999434650 0.000856088 0.033609409 0.024762703 -0.001609833 0.999747634 0.022405967 -0.141192645 -0.033581745 -0.022447407 0.999183834 -0.078442976
0.999210298 -0.004830739 0.039438546 0.024776023 0.002976970 0.998893857 0.046928115 -0.140539899 -0.039621614 -0.046773650 0.998119414 -0.081348762
0.998567045 -0.007989673 0.052915268 0.024598561 0.004167605 0.997399509 0.071950167 -0.140369996 -0.053352520 -0.071626529 0.996003568 -0.084555648
0.997762084 -0.013578597 0.065470800 0.023534393 0.007384078 0.995550036 0.093944468 -0.141314954 -0.066455096 -0.093250789 0.993422389 -0.087605804
0.996962011 -0.019623421 0.075377047 0.021483762 0.011037651 0.993570566 0.112675354 -0.142099008 -0.077103496 -0.111501053 0.990768671 -0.090698786
0.996524453 -0.025592865 0.079272158 0.019008776 0.015076036 0.991329849 0.130529225 -0.143348649 -0.081925474 -0.128880441 0.988270223 -0.094664045
0.996335745 -0.030000221 0.080094032 0.016649660 0.017768584 0.988636434 0.149272531 -0.143267393 -0.083662085 -0.147302389 0.985546887 -0.099533193
0.996084154 -0.035492510 0.080972828 0.014899099 0.021269778 0.985183060 0.170182154 -0.143753335 -0.085813247 -0.167793468 0.982080162 -0.104285024
0.995794296 -0.041207202 0.081827037 0.013656505 0.024985908 0.981432676 0.190172732 -0.142335281 -0.088144206 -0.187328398 0.978334665 -0.109609671
0.995534003 -0.048103470 0.081228495 0.013168842 0.030084070 0.977236390 0.210009441 -0.140696868 -0.089481622 -0.206627861 0.974319220 -0.115496345
0.995543063 -0.049454790 0.080301128 0.013692574 0.029855955 0.972952843 0.229066417 -0.138898030 -0.089457639 -0.225648001 0.970092952 -0.121483907
0.995580971 -0.049780309 0.079627037 0.015026898 0.028784433 0.968886912 0.245824262 -0.137519166 -0.089386806 -0.242445931 0.966038287 -0.127019212
0.995921135 -0.047495306 0.076715551 0.017227614 0.026135601 0.965644956 0.258547395 -0.137159109 -0.086359777 -0.255487829 0.962947547 -0.131663546
0.996183813 -0.047237076 0.073392391 0.020573765 0.026089154 0.963598788 0.266076565 -0.137966156 -0.083289504 -0.263146400 0.961153924 -0.135851294
0.996149838 -0.048923522 0.072746150 0.024973886 0.027809063 0.963286936 0.267029881 -0.139694855 -0.083139457 -0.263978779 0.960938632 -0.138123587
0.996261418 -0.048027501 0.071808718 0.029135115 0.027597129 0.964599550 0.262271047 -0.141869679 -0.081862874 -0.259308815 0.962318778 -0.139531195
0.996513188 -0.049076863 0.067474991 0.033244573 0.030270832 0.966270804 0.255742937 -0.144315600 -0.077750176 -0.252808720 0.964387178 -0.139179140
0.996814847 -0.048632875 0.063206151 0.038467299 0.031556718 0.968390465 0.247434989 -0.146289095 -0.073241711 -0.244652286 0.966840684 -0.138462827
0.997047067 -0.045505069 0.061857715 0.041804280 0.029454185 0.970522881 0.239202306 -0.146865666 -0.070919245 -0.236673996 0.968997359 -0.137294203
0.997415423 -0.040382974 0.059428018 0.043543629 0.025431298 0.971985161 0.233662277 -0.147155330 -0.067199133 -0.231547028 0.970499992 -0.134903416
0.997763395 -0.035913967 0.056377217 0.045985982 0.022052292 0.973041117 0.229574978 -0.151593521 -0.063102297 -0.227818251 0.971656799 -0.133844495
0.998190820 -0.029427581 0.052432269 0.047046933 0.016756035 0.973643243 0.227460057 -0.152659893 -0.057743922 -0.226169974 0.972374797 -0.131458357
0.998369813 -0.026896123 0.050342139 0.047785271 0.014657166 0.973246217 0.229296550 -0.154331833 -0.055162486 -0.228184894 0.972053885 -0.129242837
0.998573542 -0.022926755 0.048220780 0.049439240 0.011031550 0.972221851 0.233801216 -0.155588254 -0.052241597 -0.232935756 0.971087933 -0.127050325
0.998665690 -0.019952416 0.047631577 0.052366957 0.008026824 0.971110582 0.238494888 -0.156557485 -0.051014081 -0.237794325 0.969974935 -0.124760970
0.998759091 -0.018797621 0.046118833 0.056304432 0.007121563 0.970422149 0.241309270 -0.157698169 -0.049290776 -0.240681395 0.969351768 -0.122205600
0.998698711 -0.019949602 0.046935260 0.061940257 0.007943362 0.969932497 0.243244469 -0.158755392 -0.050376661 -0.242555112 0.968828797 -0.119209714
0.998600662 -0.022202300 0.047997609 0.069340311 0.009793935 0.969544768 0.244718313 -0.160095885 -0.051969141 -0.243905783 0.968405485 -0.116294831
0.998448431 -0.024108043 0.050195489 0.078850158 0.011027927 0.969176531 0.246120423 -0.161605999 -0.054581773 -0.245184988 0.967938602 -0.113304287
0.998298228 -0.026929308 0.051724583 0.089838803 0.013295406 0.968733847 0.247745842 -0.163101837 -0.056778975 -0.246636540 0.967443287 -0.110301189
0.998121023 -0.031895559 0.052317500 0.102827311 0.017810054 0.967990041 0.250355929 -0.164752066 -0.058628060 -0.248953730 0.966739237 -0.107231155
0.997959793 -0.035964515 0.052752845 0.117493071 0.021559972 0.967547834 0.251766533 -0.165682197 -0.060095564 -0.250115544 0.966349185 -0.105102986
0.997755170 -0.040710550 0.053171895 0.133942693 0.025957454 0.967034996 0.253316939 -0.167641073 -0.061731756 -0.251368105 0.965920925 -0.103628844
0.997412324 -0.044494446 0.056470133 0.151084736 0.028833177 0.967104673 0.252739310 -0.169629246 -0.065858029 -0.250457108 0.965885043 -0.101517819
0.996999502 -0.048789758 0.060095884 0.169207767 0.032412905 0.968148172 0.248271018 -0.171880409 -0.070294805 -0.245578200 0.966824710 -0.099429801
0.996394932 -0.054127719 0.065324351 0.187739864 0.036780711 0.969501317 0.242310539 -0.174943686 -0.076447755 -0.239034310 0.967997074 -0.097729877
0.995683968 -0.060524389 0.070358187 0.207224831 0.042452209 0.971152842 0.234648556 -0.177384898 -0.082530513 -0.230648935 0.969530702 -0.094843723
0.994882464 -0.065168425 0.077213623 0.226143450 0.045865424 0.972208798 0.229578823 -0.180095732 -0.090029053 -0.224862516 0.970222473 -0.092736050
0.994086802 -0.070309304 0.082752839 0.244557127 0.049778149 0.972348928 0.228165984 -0.181361526 -0.096506819 -0.222697526 0.970099092 -0.091360532
0.993229628 -0.074312665 0.089289270 0.261921287 0.051920000 0.971555293 0.231051102 -0.181662530 -0.103919484 -0.224850908 0.968835831 -0.089123607
0.992104769 -0.077246539 0.098798335 0.280084878 0.051819511 0.969890952 0.237962842 -0.180279374 -0.114205420 -0.230964392 0.966236293 -0.087784722
0.990854025 -0.079456955 0.109063677 0.296247751 0.050125957 0.967152119 0.249207199 -0.179123089 -0.125282407 -0.241461039 0.962289393 -0.086065888
0.989666641 -0.085602015 0.115031220 0.311361223 0.053333938 0.964444578 0.258847743 -0.177403510 -0.133099124 -0.250037938 0.959044158 -0.084406026
0.989257216 -0.088896304 0.116049916 0.324004710 0.055289596 0.962410390 0.265912265 -0.175887108 -0.135326266 -0.256639272 0.956986487 -0.082559168
0.988957822 -0.088496551 0.118872993 0.334109396 0.053587675 0.961395144 0.269903183 -0.174213350 -0.138169423 -0.260552764 0.955521584 -0.081101745
0.989304900 -0.087975450 0.116345093 0.344542891 0.053736158 0.961356819 0.270010144 -0.172291026 -0.135603413 -0.260870427 0.955802441 -0.080102362
0.989370227 -0.088316128 0.115528286 0.351033092 0.054396931 0.961544514 0.269208342 -0.171384543 -0.134861022 -0.260062367 0.956127644 -0.078752592
0.989538550 -0.089722857 0.112974867 0.355748087 0.056980327 0.962480605 0.265300423 -0.170092508 -0.132539630 -0.256087631 0.957524061 -0.077766806
0.990013123 -0.089663617 0.108786553 0.358472377 0.058547672 0.963479877 0.261301875 -0.169119567 -0.128242925 -0.252323091 0.959107280 -0.077438548
0.989956200 -0.091674395 0.107622080 0.358624041 0.061157741 0.964038789 0.258628964 -0.168662265 -0.127461523 -0.249449432 0.959962785 -0.077642843
0.989884734 -0.093100689 0.107053831 0.357342571 0.062859423 0.964270651 0.257353514 -0.167576730 -0.127188653 -0.248020977 0.960368991 -0.077913992
0.989706278 -0.091511801 0.110032119 0.354539454 0.060504675 0.964308202 0.257776797 -0.166969046 -0.129694492 -0.248465851 0.959918797 -0.079086192
0.989516258 -0.090434968 0.112601370 0.348652095 0.058777049 0.964356422 0.257995903 -0.167778730 -0.131919712 -0.248672768 0.959561884 -0.080727175
0.989504039 -0.090724178 0.112476394 0.340657413 0.059147440 0.964444637 0.257581294 -0.168944225 -0.131846100 -0.248225033 0.959687948 -0.082477398
0.989855111 -0.089337341 0.110479563 0.330924690 0.058524288 0.964926124 0.255914956 -0.169473320 -0.129467383 -0.246852979 0.960365474 -0.085208535
0.990190029 -0.089523703 0.107280821 0.318453103 0.059429061 0.964712799 0.256509990 -0.169096515 -0.126458913 -0.247618049 0.960569322 -0.087717116
0.990949035 -0.085592888 0.103410929 0.304508418 0.056162991 0.964042544 0.259745538 -0.168311834 -0.121924907 -0.251586735 0.960124195 -0.090372302
0.991498053 -0.084319681 0.099104866 0.289919078 0.055669054 0.963288069 0.262634844 -0.167385325 -0.117611811 -0.254884869 0.959792256 -0.093041971
0.991991460 -0.083196200 0.095033199 0.272892594 0.055482801 0.962961614 0.263868600 -0.165964574 -0.113466188 -0.256482691 0.959865630 -0.095085785
0.992575705 -0.082103834 0.089735411 0.254498243 0.055831697 0.963025272 0.263562441 -0.165300161 -0.108056955 -0.256595612 0.960459471 -0.096980147
0.993324101 -0.079479665 0.083607301 0.235897422 0.055198241 0.963893175 0.260505468 -0.164049983 -0.101293400 -0.254151374 0.961845458 -0.100035489
0.994009733 -0.076107092 0.078437105 0.215390727 0.053643521 0.965037823 0.256562710 -0.163922980 -0.095221013 -0.250818193 0.963339627 -0.102989383
0.994750142 -0.072066963 0.072653264 0.194564879 0.051667780 0.966527700 0.251305848 -0.164505735 -0.088332236 -0.246232688 0.965177119 -0.107293233
0.995487154 -0.066755787 0.067446083 0.172927484 0.048270538 0.968128383 0.245758817 -0.165265620 -0.081702292 -0.241394088 0.966981709 -0.111066282
0.995958865 -0.063641377 0.063369744 0.150423378 0.046630945 0.969468236 0.240742490 -0.166378468 -0.076756142 -0.236814633 0.968518138 -0.114496969
0.996351063 -0.061118905 0.059573777 0.126503691 0.045281995 0.970199823 0.238037437 -0.167173803 -0.072347052 -0.234471232 0.969427228 -0.117275640
0.996730566 -0.058362696 0.055874731 0.102643348 0.043457534 0.970239162 0.238217190 -0.167444482 -0.068114847 -0.235010162 0.969603300 -0.120017469
0.997251034 -0.053603500 0.051156819 0.078474075 0.039788596 0.969817817 0.240562439 -0.166997090 -0.062507786 -0.237865686 0.969284654 -0.122436076
0.997662902 -0.050235678 0.046315171 0.054087538 0.037424188 0.968867302 0.244735748 -0.165644526 -0.057167724 -0.242430478 0.968482971 -0.124332331
0.998076141 -0.045092341 0.042552900 0.030113770 0.033155274 0.968128741 0.248248830 -0.164215401 -0.052390803 -0.246360376 0.967761219 -0.125374138
0.998334825 -0.040747929 0.040830512 0.006255514 0.029333366 0.968083799 0.248904258 -0.162727267 -0.049669687 -0.247292101 0.967667043 -0.126256242
0.998479187 -0.039163493 0.038800847 -0.017751141 0.028387129 0.968568325 0.247122526 -0.161109716 -0.047259454 -0.245645255 0.968207061 -0.127325252
0.998664021 -0.037709761 0.035329510 -0.041866031 0.027952868 0.969266236 0.244421035 -0.159241423 -0.043460760 -0.243106931 0.969025373 -0.128469273
0.998827219 -0.034987215 0.033467826 -0.065301023 0.025879405 0.970008373 0.241689891 -0.157088637 -0.040920127 -0.240540326 0.969776213 -0.128955811
0.999000967 -0.032334656 0.030846609 -0.088721015 0.024033446 0.970682800 0.239159524 -0.155083239 -0.037675414 -0.238179237 0.970490217 -0.129705831
0.999140680 -0.030192195 0.028395701 -0.111479551 0.022585167 0.971052051 0.237797827 -0.152924478 -0.034753341 -0.236952156 0.970899522 -0.130551606
0.999358356 -0.028460577 0.021745674 -0.134040594 0.022460334 0.970885992 0.238486752 -0.150383130 -0.027900040 -0.237845317 0.970902264 -0.131278962
0.999574721 -0.025453778 0.014229752 -0.155104414 0.021251207 0.969976783 0.242267355 -0.147298306 -0.019969147 -0.241861925 0.970105171 -0.132059425
0.999738693 -0.021794219 0.006898178 -0.174450234 0.019395661 0.968405724 0.248624459 -0.143942237 -0.012098810 -0.248425707 0.968575418 -0.132894695
0.999825895 -0.018610284 -0.001353978 -0.192231014 0.018341310 0.966844559 0.254706115 -0.140433431 -0.003431066 -0.254686624 0.967017531 -0.133483157
0.999788821 -0.017221019 -0.011212434 -0.212062657 0.019528706 0.966061532 0.257572800 -0.137219295 0.006396235 -0.257737368 0.966193855 -0.140142068
0.999674797 -0.015654081 -0.020132195 -0.226866573 0.020300278 0.966285408 0.256671786 -0.134595126 0.015435487 -0.256996989 0.966288924 -0.140904889
0.999562502 -0.013669899 -0.026227606 -0.238975585 0.019832956 0.967650592 0.251513362 -0.134212434 0.021940997 -0.251923501 0.967498422 -0.139832124
0.999416590 -0.012020949 -0.031969108 -0.248771444 0.019485790 0.969416678 0.244645983 -0.133867070 0.028050510 -0.245126188 0.969085276 -0.139830440
0.999220371 -0.011683375 -0.037711836 -0.255733162 0.020334322 0.971067131 0.237939313 -0.134027421 0.033840790 -0.238520637 0.970547616 -0.139959291
0.999144077 -0.010309806 -0.040060557 -0.259239852 0.019400097 0.972121477 0.233673960 -0.133638322 0.036534593 -0.234251142 0.971489370 -0.141069308
0.999166965 -0.008441474 -0.039925866 -0.259451360 0.017501757 0.972466707 0.232383788 -0.133645609 0.036864914 -0.232888967 0.971804380 -0.142147884
0.999265730 -0.006100989 -0.037825894 -0.256746322 0.014797627 0.972093642 0.234126106 -0.133548468 0.035341907 -0.234513924 0.971470118 -0.144174471
0.999427021 -0.006133342 -0.033286992 -0.251328230 0.013833787 0.971573234 0.236334652 -0.134015098 0.030891228 -0.236659735 0.971101403 -0.146314263
0.999594867 -0.005656488 -0.027894950 -0.242591873 0.012131920 0.971240342 0.237792045 -0.134613127 0.025747633 -0.238034129 0.970915437 -0.148243949
0.999776483 -0.006500505 -0.020117113 -0.231175348 0.011093548 0.971335351 0.237454459 -0.135724336 0.017996890 -0.237624571 0.971190333 -0.150367975
0.999896049 -0.006094616 -0.013066388 -0.217192888 0.008997795 0.971900046 0.235221997 -0.137304500 0.011265635 -0.235315129 0.971853852 -0.152655721
0.999967396 -0.005996013 -0.005407867 -0.201258510 0.007088024 0.972635567 0.232227892 -0.139031351 0.003867443 -0.232258648 0.972646356 -0.154699489
0.999978721 -0.006510274 0.000393269 -0.183615789 0.006246771 0.973351955 0.229231149 -0.140851662 -0.001875146 -0.229223818 0.973371923 -0.156443223
0.999942243 -0.008114237 0.007048004 -0.164608091 0.006297579 0.973740339 0.227574319 -0.142446533 -0.008709517 -0.227516800 0.973735213 -0.157688141
0.999867320 -0.009876899 0.012953259 -0.144214466 0.006661579 0.973600149 0.228163138 -0.143809453 -0.014864840 -0.228046581 0.973536730 -0.158531398
0.999735534 -0.013919208 0.018307142 -0.122815825 0.009309571 0.972842515 0.231280655 -0.144742548 -0.021029212 -0.231049061 0.972714782 -0.158642694
0.999645293 -0.018130623 0.019507792 -0.100655206 0.013002362 0.971510231 0.236640647 -0.145303905 -0.023242462 -0.236303076 0.971401393 -0.158197179
0.999510705 -0.022959910 0.021239895 -0.077622585 0.017121777 0.969935000 0.242761075 -0.145474672 -0.026175089 -0.242278636 0.969853580 -0.157340795
0.999387085 -0.025920855 0.023528952 -0.053991027 0.019280510 0.968549132 0.248074338 -0.145825073 -0.029219244 -0.247468635 0.968455195 -0.155933216
0.999263465 -0.027294504 0.026973456 -0.029015161 0.019670865 0.967874289 0.250663996 -0.146799266 -0.032948662 -0.249948785 0.967698276 -0.151518330
0.999231279 -0.028012291 0.027425660 -0.004973551 0.020250671 0.967845023 0.250730753 -0.147013322 -0.033567332 -0.249982610 0.967668295 -0.149509519
0.999247074 -0.029170221 0.025581846 0.017355839 0.021884305 0.968205333 0.249197632 -0.147671819 -0.032037631 -0.248450160 0.968114734 -0.147478983
0.999254465 -0.030515477 0.023651183 0.039813213 0.023703013 0.968449712 0.248079225 -0.148605287 -0.030475236 -0.247333661 0.968451023 -0.145362094
0.999153614 -0.033856682 0.023361791 0.061553430 0.027011726 0.968354106 0.248114258 -0.149609804 -0.031022813 -0.247273207 0.968449056 -0.143177316
0.999061704 -0.036040068 0.024016023 0.082500547 0.028915502 0.967909217 0.249630943 -0.150429904 -0.032242045 -0.248702273 0.968043208 -0.140704706
0.998930335 -0.038341038 0.025849059 0.102362879 0.030595509 0.967182577 0.252233624 -0.150575235 -0.034671661 -0.251172960 0.967321038 -0.138100520
0.998773575 -0.040085524 0.029060826 0.120326184 0.031362079 0.966393530 0.255146921 -0.150039747 -0.038311891 -0.253922582 0.966465473 -0.135211080
0.998522997 -0.042886473 0.033355959 0.136077031 0.032854699 0.965594590 0.257968277 -0.148925990 -0.043271683 -0.256491333 0.965577424 -0.132171199
0.998256743 -0.045915641 0.037084848 0.149421096 0.034763314 0.965183854 0.259252161 -0.147236899 -0.047697425 -0.257510990 0.965097427 -0.128878355
0.998016119 -0.049635679 0.038730726 0.162154540 0.037929356 0.965031028 0.259377062 -0.144967631 -0.050250709 -0.257393479 0.964999199 -0.124138847
0.997753859 -0.050461434 0.044055216 0.172435954 0.037462085 0.965547323 0.257516921 -0.142903283 -0.055532068 -0.255288124 0.965268970 -0.119640917
0.997004926 -0.053770043 0.055587411 0.181807190 0.038197495 0.967335165 0.250606447 -0.141171560 -0.067246780 -0.247732550 0.966491818 -0.114313491
0.995730519 -0.058351208 0.071525693 0.189962208 0.039700147 0.970243514 0.238854513 -0.139733031 -0.083334789 -0.234995142 0.968417585 -0.108351216
0.994475186 -0.060956772 0.085459791 0.196322441 0.040746775 0.974446535 0.220892876 -0.138871029 -0.096740909 -0.216190279 0.971546710 -0.102540441
0.993427277 -0.060343951 0.097266689 0.201061279 0.039835669 0.978894889 0.200444236 -0.138422623 -0.107309461 -0.195252106 0.974864781 -0.097538762
0.992251158 -0.058693517 0.109511174 0.204954058 0.038290720 0.982943773 0.179875895 -0.138964400 -0.118200876 -0.174288794 0.977574527 -0.092970930
0.990793824 -0.058421545 0.122125141 0.208398983 0.038594104 0.986551404 0.158829376 -0.140615314 -0.129761785 -0.152653858 0.979723752 -0.088983819
0.989409924 -0.059283838 0.132489473 0.211208135 0.040295877 0.989095151 0.141658187 -0.142539859 -0.139442742 -0.134819239 0.981009424 -0.085466921
0.987875164 -0.062319450 0.142193273 0.214281291 0.043596379 0.990399122 0.131183028 -0.144766673 -0.149003342 -0.123393349 0.981107593 -0.082002483
0.986206591 -0.071374096 0.149339437 0.217512906 0.051753726 0.989981174 0.131372839 -0.146920323 -0.157219857 -0.121831894 0.980019867 -0.077637263
0.984489858 -0.079258375 0.156517848 0.222170934 0.057486467 0.988617599 0.139034495 -0.149363399 -0.165755942 -0.127880380 0.977840245 -0.072744206
0.982140422 -0.089534126 0.165480688 0.228362903 0.065159447 0.986948192 0.147266850 -0.152114362 -0.176506266 -0.133854106 0.975155711 -0.066276789
0.979735315 -0.099130377 0.174045563 0.235137582 0.072085321 0.985223174 0.155367374 -0.155460596 -0.186875343 -0.139672786 0.972403765 -0.058175646
0.977331400 -0.108538978 0.181776255 0.242324248 0.078610949 0.983249068 0.164443374 -0.159276038 -0.196579844 -0.146426082 0.969492555 -0.048956312
0.975542009 -0.115305282 0.187143013 0.249441862 0.082476996 0.981178939 0.174600884 -0.163198128 -0.203753188 -0.154895499 0.966691256 -0.038959280
0.974527240 -0.119444162 0.189814970 0.255891740 0.084178850 0.979303598 0.184060916 -0.167728081 -0.207871482 -0.163393989 0.964412689 -0.028283682
0.974452257 -0.121782400 0.188710898 0.260978848 0.084955551 0.977664351 0.192236811 -0.172813609 -0.207906961 -0.171293557 0.963033319 -0.017005742
0.974725842 -0.127031073 0.183773279 0.264066905 0.089611761 0.975844145 0.199243501 -0.178713977 -0.204644203 -0.177739546 0.962563992 -0.004503268
0.976317644 -0.127212465 0.174988091 0.265089005 0.090399407 0.974737167 0.204243496 -0.185415700 -0.196549714 -0.183587715 0.963153064 0.008513534
0.978426993 -0.124670006 0.164736301 0.263656825 0.089807518 0.974779904 0.204300568 -0.192885160 -0.186051786 -0.185098633 0.964947283 0.022316230
0.981346846 -0.117850266 0.151887193 0.259760559 0.086560570 0.976319253 0.198262557 -0.200696215 -0.171655670 -0.181416884 0.968308985 0.036444534
0.984396219 -0.108165979 0.138795495 0.253509462 0.081018865 0.978789210 0.188169152 -0.208433390 -0.156205028 -0.173987955 0.972279906 0.050816320
0.987680554 -0.095793255 0.123736866 0.245134801 0.073035069 0.981517613 0.176887080 -0.215528086 -0.138394505 -0.165670797 0.976422131 0.065082043
0.990571618 -0.082211971 0.109585971 0.234327123 0.063080177 0.983792186 0.167850569 -0.221775919 -0.121609151 -0.159355298 0.979702532 0.079390846
0.993228972 -0.069544926 0.093057878 0.221233398 0.053810794 0.985318780 0.162022620 -0.227536440 -0.102959521 -0.155918032 0.982389390 0.092941962
0.995775878 -0.057021238 0.071965404 0.204930857 0.044937424 0.986161053 0.159583926 -0.231888890 -0.080069147 -0.155675888 0.984557748 0.105056696
0.997831643 -0.046121243 0.046955854 0.185667604 0.038093116 0.986471891 0.159443244 -0.235709041 -0.053674348 -0.157308832 0.986089766 0.114925437
0.999184489 -0.036154967 0.017978556 0.163160726 0.032764930 0.986198664 0.162291795 -0.237648800 -0.023598082 -0.161570370 0.986579001 0.121817134
0.999644995 -0.024737732 -0.009896690 0.138157517 0.026045075 0.985575557 0.167219907 -0.237590536 0.005617294 -0.167418301 0.985869944 0.126343563
0.999233961 -0.013034854 -0.036900014 0.110709265 0.019246627 0.984671116 0.173356026 -0.240689203 0.034074709 -0.173933417 0.984167695 0.127509370
0.997891486 -0.001071900 -0.064895324 0.081656881 0.012711352 0.983728170 0.179213107 -0.237989411 0.063647263 -0.179660141 0.981667578 0.125271797
0.995788276 0.011676393 -0.090935975 0.050545141 0.005348355 0.982769728 0.184756756 -0.233288899 0.091526419 -0.184464961 0.978568137 0.118029915
0.993039966 0.026468892 -0.114765279 0.019572273 -0.004352183 0.982001066 0.188825294 -0.227728203 0.117697619 -0.187011585 0.975281477 0.108284675
0.989524126 0.035294734 -0.139986664 -0.011770047 -0.007906482 0.981448412 0.191563308 -0.221224204 0.144150853 -0.188449711 0.971445978 0.094929345
0.985924959 0.039143972 -0.162541330 -0.042329669 -0.007137226 0.981173098 0.192998558 -0.214562193 0.167035908 -0.189121991 0.967642426 0.079203546
0.981811285 0.040294517 -0.185534164 -0.071186528 -0.003544379 0.980938673 0.194285169 -0.206942499 0.189826265 -0.190093771 0.963239491 0.060799427
