0.996672153 -0.031861544 0.075029500 0.928646624 0.066932507 0.845239043 -0.530180156 -0.249224514 -0.046525508 0.533437669 0.844558835 -0.092110895
0.996334612 -0.030718012 0.079835489 0.930635214 0.068342417 0.847143769 -0.526950479 -0.250116467 -0.051445261 0.530475140 0.846138000 -0.093975969
0.996113181 -0.031301320 0.082333200 0.932907104 0.069997020 0.848713160 -0.524200618 -0.251096547 -0.053469099 0.527926266 0.847605407 -0.097644947
0.995813251 -0.032269955 0.085525230 0.936685324 0.072354943 0.850034118 -0.521734416 -0.253643304 -0.055863023 0.525738180 0.848810136 -0.102110788
0.995290101 -0.033613920 0.090926781 0.941298604 0.076201372 0.851080120 -0.519476652 -0.257756948 -0.059924334 0.523958683 0.849633098 -0.106426656
0.994807482 -0.034618668 0.095706150 0.946335733 0.079470322 0.851698637 -0.517970920 -0.262401015 -0.063581333 0.522887111 0.850027323 -0.112677433
0.994300067 -0.034461565 0.100894846 0.951667130 0.081941783 0.852441072 -0.516362071 -0.267272502 -0.068212263 0.521686316 0.850406051 -0.119737953
0.993843257 -0.034145042 0.105402485 0.957106948 0.083822101 0.853826463 -0.513764799 -0.273263693 -0.072452918 0.519436777 0.851431787 -0.127122924
0.993476689 -0.032987054 0.109159850 0.962516844 0.084394962 0.856455088 -0.509276152 -0.278276980 -0.076690994 0.515166521 0.853652120 -0.133536175
0.993147969 -0.032520935 0.112247616 0.967575312 0.085025400 0.860023737 -0.503120184 -0.282510132 -0.080173671 0.509216666 0.856895924 -0.140281662
0.992896736 -0.033265978 0.114234336 0.972528577 0.086188711 0.862985611 -0.497822583 -0.286589146 -0.082022034 0.504132092 0.859722733 -0.147142351
0.992282391 -0.034927096 0.118978061 0.977088153 0.089618817 0.865142226 -0.493454576 -0.291848242 -0.085698016 0.500308931 0.861595511 -0.153730869
0.991420269 -0.035467014 0.125809297 0.980900049 0.093559906 0.864688098 -0.493519068 -0.298325837 -0.091282159 0.501055479 0.860587597 -0.160957038
0.990635395 -0.030811746 0.133011729 0.984116137 0.093385711 0.863594770 -0.495462596 -0.306213945 -0.099602178 0.503244162 0.858384967 -0.170784250
0.989869297 -0.028636087 0.139064044 0.986808240 0.094885007 0.862034440 -0.497889012 -0.315960556 -0.105620399 0.506040096 0.856018543 -0.182386085
0.989284754 -0.028572001 0.143175751 0.989062905 0.096796699 0.862505198 -0.496704310 -0.327677190 -0.109297998 0.505240917 0.856028974 -0.194541112
0.988727033 -0.028986983 0.146896720 0.991155267 0.098293118 0.865736842 -0.490752757 -0.340914547 -0.112948470 0.499659419 0.858826637 -0.209630132
0.987956047 -0.027390953 0.152291209 0.993575692 0.098784804 0.869188190 -0.484513551 -0.355768025 -0.119098432 0.493722171 0.861425579 -0.223736063
0.986486495 -0.023101348 0.162205935 0.995220482 0.099698797 0.870261669 -0.482394814 -0.372249126 -0.130017638 0.492047668 0.860804558 -0.239042997
0.984941006 -0.017185271 0.172034428 0.996969342 0.099809311 0.869009256 -0.484624684 -0.389341056 -0.141171113 0.494497359 0.857638121 -0.254035890
0.983782232 -0.015943713 0.178657085 0.998192072 0.103391781 0.864321828 -0.492197067 -0.406907260 -0.146569759 0.502686381 0.851952851 -0.269388646
0.982536495 -0.010597013 0.185767919 0.999501705 0.104043506 0.859000981 -0.501290619 -0.424347192 -0.154262632 0.511864245 0.845102370 -0.286124498
0.981047869 -0.002724163 0.193746373 0.999732494 0.103020683 0.854196668 -0.509641826 -0.440981448 -0.164109156 0.519942939 0.838288426 -0.300373375
0.979567587 0.006183837 0.201020032 0.999867916 0.100489557 0.850761414 -0.515855491 -0.455496013 -0.174210042 0.525515735 0.832756877 -0.314967811
0.978572726 0.010974623 0.205608919 0.998563468 0.099739194 0.848336279 -0.519978464 -0.469924092 -0.180132076 0.529344022 0.829064131 -0.328494936
0.977919519 0.012344021 0.208616972 0.997531712 0.100787729 0.846629679 -0.522551477 -0.482377708 -0.183071703 0.532039344 0.826691568 -0.341816455
0.977306366 0.012577046 0.211457178 0.998933256 0.102250069 0.846233785 -0.522908509 -0.491393387 -0.185518846 0.532663286 0.825743675 -0.350999743
0.976482093 0.011416238 0.215296090 1.000205517 0.104849681 0.847409844 -0.520483553 -0.497288227 -0.188385993 0.530816615 0.826283574 -0.357761443
0.975767314 0.006673317 0.218708858 1.002133489 0.109775916 0.849712968 -0.515690863 -0.497692406 -0.189281121 0.527203262 0.828389645 -0.360981703
0.975527883 0.002853915 0.219857261 1.004531503 0.112506866 0.852622509 -0.510271490 -0.493876278 -0.188911542 0.522519529 0.831435978 -0.356101274
0.975600898 -0.001481041 0.219546676 1.007018924 0.114496306 0.856663644 -0.503008962 -0.482999027 -0.187332690 0.515873313 0.835931361 -0.345346451
0.976480842 -0.009590052 0.215390816 1.010527015 0.117326446 0.861776829 -0.493533373 -0.469264686 -0.180885807 0.507196903 0.842633724 -0.330039948
0.976995707 -0.018026631 0.212495774 1.011510372 0.120460898 0.868883848 -0.480135411 -0.448475778 -0.175978929 0.494687647 0.851067305 -0.310939223
0.976925194 -0.026523653 0.211928472 1.014203668 0.124070466 0.878146291 -0.462023318 -0.428801477 -0.173849657 0.477656305 0.861174047 -0.289873034
0.976695001 -0.036311407 0.211538032 1.015709519 0.128704280 0.887810528 -0.441845775 -0.407998890 -0.171761647 0.458774388 0.871793568 -0.268980145
0.976513326 -0.046799969 0.210312903 1.017407656 0.133626848 0.897264838 -0.420784652 -0.386798203 -0.169013649 0.439005256 0.882444799 -0.250801891
0.976541638 -0.055537973 0.208043277 1.016544700 0.136740237 0.906296790 -0.399910271 -0.364284158 -0.166338742 0.418976903 0.892630816 -0.232981890
0.977182448 -0.064307049 0.202433005 1.017089963 0.139294788 0.913519084 -0.382203996 -0.346186072 -0.160348013 0.401680887 0.901632428 -0.217407033
0.977399528 -0.070656091 0.199243307 1.017172098 0.141277656 0.919432163 -0.366994679 -0.330696940 -0.157260299 0.386849046 0.908634722 -0.204861447
0.978338003 -0.074241787 0.193243057 1.017248869 0.140813306 0.922915936 -0.358326346 -0.317509830 -0.151744306 0.377775460 0.913378000 -0.195030585
0.979334295 -0.073270485 0.188509226 1.017755270 0.137361124 0.925085425 -0.354046404 -0.307468355 -0.148445994 0.372623622 0.916032434 -0.186948597
0.979872346 -0.067030340 0.188034788 1.018322706 0.131161302 0.926268756 -0.353302866 -0.301110983 -0.150488749 0.370854586 0.916416943 -0.183306545
0.980468810 -0.058342043 0.187822133 1.018878460 0.123029679 0.927007735 -0.354288548 -0.299077332 -0.153442651 0.370476574 0.916079938 -0.183729723
0.981007814 -0.050473884 0.187285900 1.019093156 0.115538821 0.927623034 -0.355198979 -0.302010655 -0.155802429 0.370091796 0.915837169 -0.188649863
0.981653094 -0.044609908 0.185383677 1.018308401 0.109434009 0.927989662 -0.356173217 -0.309378356 -0.156145304 0.369925857 0.915845811 -0.199074060
0.982420683 -0.040009528 0.182342634 1.018237233 0.104267567 0.927807927 -0.358190835 -0.321826696 -0.154847905 0.370906532 0.915669441 -0.213303000
0.982756257 -0.035347551 0.181495726 1.018313885 0.100539520 0.925930679 -0.364066213 -0.338384807 -0.155183613 0.376035839 0.913517952 -0.230798095
0.982897460 -0.032792475 0.181210428 1.018376470 0.099834427 0.921753407 -0.374704957 -0.357961595 -0.154743820 0.386387587 0.909262896 -0.250444889
0.982711077 -0.029139750 0.182838380 1.017329216 0.099533997 0.915841103 -0.389009029 -0.379735887 -0.156115294 0.400482088 0.902907610 -0.272971690
0.982454538 -0.025628142 0.184733048 1.017766356 0.100394674 0.907429755 -0.408034533 -0.402426988 -0.157175109 0.419421583 0.894081354 -0.294127315
0.982348859 -0.019919377 0.185994461 1.018401384 0.099501029 0.897619784 -0.429392934 -0.425865203 -0.158399060 0.440320313 0.883757770 -0.315680772
0.982430518 -0.015597478 0.185975671 1.020737171 0.099822357 0.885893762 -0.453020751 -0.448184848 -0.157688707 0.463625968 0.871886015 -0.337972075
0.982290387 -0.011906225 0.186986148 1.019852638 0.100632533 0.875343084 -0.472913891 -0.469776958 -0.158046424 0.483355671 0.861039281 -0.360605061
0.981984198 -0.009728666 0.188712597 1.020970821 0.102971017 0.864921749 -0.491230428 -0.489499927 -0.158442616 0.501812458 0.850341201 -0.380105853
0.981612861 -0.010874327 0.190572590 1.022131920 0.107844606 0.855359733 -0.506684601 -0.506346464 -0.157498270 0.517920315 0.840804875 -0.396272749
0.981123626 -0.009025138 0.193170741 1.023647904 0.109952405 0.847767830 -0.518845141 -0.518339694 -0.159081295 0.530290782 0.832757354 -0.407348394
0.980652034 -0.009202968 0.195542619 1.024750829 0.112912849 0.842577219 -0.526606441 -0.524894834 -0.159913406 0.538496971 0.827314138 -0.414486945
0.979887128 -0.008125488 0.199387029 1.026697159 0.114453614 0.841374695 -0.528194129 -0.525338769 -0.163467363 0.540391147 0.825382233 -0.413084656
0.979846478 -0.009309314 0.199535012 1.028327703 0.114745215 0.843890309 -0.524101794 -0.519522727 -0.163506627 0.536434948 0.827951133 -0.405631065
0.980220139 -0.012559198 0.197511330 1.029665828 0.114836998 0.848892033 -0.515940726 -0.508617401 -0.161185995 0.528417051 0.833543301 -0.392841756
0.980588078 -0.014657915 0.195530355 1.030197024 0.113660410 0.855065703 -0.505909026 -0.494651943 -0.159775734 0.518312395 0.840133309 -0.377103418
0.980982661 -0.015500549 0.193475604 1.031158805 0.111387670 0.861282051 -0.495768160 -0.477045178 -0.158952385 0.507890761 0.846629322 -0.357850432
0.981158257 -0.015091103 0.192615375 1.031790614 0.108694673 0.867328405 -0.485723138 -0.457794666 -0.159730688 0.497507572 0.852626741 -0.337521553
0.981951356 -0.018012512 0.188273907 1.032943726 0.107297048 0.872815967 -0.476108879 -0.437194645 -0.155752540 0.487717003 0.858995497 -0.315213233
0.982699752 -0.022072587 0.183885932 1.029289007 0.106293365 0.880290568 -0.462374508 -0.417455256 -0.151667267 0.473921180 0.867407501 -0.296707362
0.983272493 -0.028503075 0.179896683 1.027379870 0.107183874 0.889108121 -0.444970042 -0.396696329 -0.147264600 0.456808835 0.877290606 -0.276219755
0.983819544 -0.036103632 0.175486848 1.025860548 0.108987600 0.898012280 -0.426257789 -0.375559181 -0.142199889 0.438486636 0.887416840 -0.256355941
0.984125733 -0.044397067 0.171829790 1.023408175 0.112323701 0.905426800 -0.409372270 -0.355971217 -0.137404382 0.422174335 0.896040678 -0.237682819
0.984180152 -0.050401680 0.169850186 1.020707846 0.115035735 0.910903275 -0.396260023 -0.338700861 -0.134744927 0.409530103 0.902290940 -0.219294488
0.984619677 -0.056687474 0.165259212 1.018873215 0.117663518 0.914375365 -0.387392610 -0.323727489 -0.129148632 0.400879353 0.906982005 -0.204920933
0.985211909 -0.055666693 0.162045553 1.017892241 0.114463098 0.917585015 -0.380704552 -0.311360955 -0.127498016 0.393622905 0.910387397 -0.194097906
0.985370636 -0.049294695 0.163140371 1.017840266 0.107979715 0.921180367 -0.373854339 -0.303405225 -0.131852672 0.386000931 0.913026929 -0.187885627
0.985484421 -0.043779731 0.164023653 1.017431378 0.102133512 0.924662828 -0.366834313 -0.300805569 -0.135606661 0.378261834 0.915712178 -0.185398579
0.985744953 -0.039619721 0.163514882 1.017715931 0.096932538 0.928106785 -0.359474450 -0.304054052 -0.137517005 0.370200068 0.918717027 -0.190282509
0.986056030 -0.039243683 0.161720380 1.017589331 0.095316127 0.929786503 -0.355544508 -0.313472003 -0.136412546 0.366001368 0.920562148 -0.201440498
0.986266851 -0.038772233 0.160543978 1.017270684 0.094634898 0.929324389 -0.356931984 -0.327712476 -0.135358393 0.367223263 0.920231044 -0.217432082
0.985889792 -0.035594124 0.163567588 1.017292261 0.093673036 0.927126110 -0.362853348 -0.345395774 -0.138732329 0.373055279 0.917378366 -0.235629946
0.984601736 -0.031471279 0.171956345 1.018467069 0.094401166 0.923625648 -0.371488959 -0.366599143 -0.147132054 0.382001549 0.912374377 -0.255807489
0.982489824 -0.022424795 0.184961691 1.020681143 0.092971683 0.919309735 -0.382394940 -0.389799356 -0.161461964 0.392895371 0.905297339 -0.277359694
0.980681419 -0.017207950 0.194853365 1.021744847 0.094582289 0.913653016 -0.395338356 -0.413748980 -0.171225399 0.406130672 0.897630095 -0.300201476
0.979204834 -0.011705741 0.202536017 1.022536397 0.095159024 0.908199131 -0.407577097 -0.439173579 -0.179172039 0.418374598 0.890426874 -0.323417485
0.978684723 -0.017985348 0.204579517 1.021708727 0.103993952 0.902400196 -0.418161660 -0.464276195 -0.177091822 0.430523425 0.885035634 -0.347331136
0.977828324 -0.020920794 0.208360523 1.021476030 0.109562322 0.899057508 -0.423900574 -0.488942325 -0.178459764 0.437330455 0.881416023 -0.371220022
0.976986647 -0.030171387 0.211155906 1.021069884 0.120382749 0.895208836 -0.429079384 -0.512396693 -0.176082715 0.444624335 0.878239214 -0.393755317
0.976336360 -0.035704315 0.213289708 1.020479202 0.127573788 0.891474366 -0.434739441 -0.533508539 -0.174620241 0.451662093 0.874933779 -0.417148948
0.976146400 -0.042636998 0.212885574 1.019483924 0.135314882 0.886272550 -0.442956895 -0.551405191 -0.169788286 0.461197346 0.870901227 -0.436681986
0.976593435 -0.042239074 0.210905612 1.019122720 0.135970846 0.880993664 -0.453168958 -0.562964559 -0.166665077 0.471238822 0.866115868 -0.450521797
0.976613700 -0.034447912 0.212223873 1.019860983 0.131563857 0.876451373 -0.463167280 -0.568496764 -0.170048758 0.480256528 0.860486567 -0.457370073
0.975916028 -0.023646083 0.216861159 1.020340919 0.125715867 0.873392105 -0.470512301 -0.568146944 -0.178279042 0.486443371 0.855330050 -0.458452404
0.975293815 -0.012567587 0.220553845 1.021901250 0.118872739 0.871371448 -0.476005346 -0.561956525 -0.186202079 0.490462929 0.851337135 -0.451533228
0.974619865 -0.004035495 0.223829955 1.023007631 0.113138773 0.871632576 -0.476923823 -0.549748778 -0.193172842 0.490143299 0.849967003 -0.438545495
0.974376023 0.000375137 0.224924907 1.023556471 0.109319560 0.873153150 -0.475029290 -0.533678114 -0.196572080 0.487445831 0.850738466 -0.420597255
0.973397195 0.006832961 0.229022264 1.024741411 0.104836240 0.875505149 -0.471699119 -0.515605927 -0.203733295 0.483160436 0.851497948 -0.399316460
0.972685218 0.008507609 0.231972083 1.025538206 0.104021154 0.877397716 -0.468351156 -0.494374156 -0.207516328 0.479688257 0.852546871 -0.375650823
0.971055984 0.010796804 0.238607749 1.027070403 0.104155868 0.879852414 -0.463693142 -0.472456515 -0.214946017 0.475124419 0.853261411 -0.350846112
0.970271766 0.008191559 0.241879255 1.027754068 0.106822565 0.882309437 -0.458387434 -0.449586809 -0.217167258 0.470598578 0.855204880 -0.325983673
0.970087290 -0.001045454 0.242754176 1.028599977 0.113170713 0.886623859 -0.448431194 -0.426327199 -0.214762822 0.462490082 0.860220790 -0.300800741
0.972226202 -0.013176970 0.233672038 1.027612567 0.117407285 0.891158819 -0.438236773 -0.402297616 -0.202464268 0.453500032 0.867955029 -0.277098089
0.973931551 -0.025167212 0.225441724 1.026937366 0.121666253 0.896741033 -0.425503075 -0.377831697 -0.191454113 0.441839516 0.876426399 -0.255125970
0.975387871 -0.036310084 0.217485934 1.026229739 0.125463724 0.902501166 -0.412007898 -0.354892194 -0.181321263 0.429154068 0.884844303 -0.234776184
0.976497054 -0.046961468 0.210352421 1.026295066 0.129619569 0.907711804 -0.399071485 -0.335394114 -0.172198385 0.416957945 0.892464995 -0.215988234
0.976597190 -0.057359394 0.207286909 1.026640773 0.135540009 0.912451267 -0.386084884 -0.319440603 -0.166993603 0.405145079 0.898871839 -0.200968206
0.976827264 -0.062883124 0.204582915 1.026651740 0.137136802 0.917764544 -0.372695267 -0.307553142 -0.164322719 0.392114758 0.905121028 -0.191618755
0.976940572 -0.065143332 0.203330845 1.027007699 0.136667728 0.922454715 -0.361108363 -0.301371664 -0.164039701 0.380570173 0.910086453 -0.188178197
0.977448404 -0.065900624 0.200628206 1.027071595 0.134875968 0.925854087 -0.352990985 -0.301970989 -0.162490115 0.372090399 0.913863063 -0.190096512
0.978366256 -0.066556409 0.195881754 1.027211070 0.132976651 0.927647293 -0.348980963 -0.308884054 -0.158482254 0.367478907 0.916429281 -0.199766815
0.979093969 -0.064393267 0.192947045 1.027425528 0.129987165 0.927684009 -0.350008160 -0.321890712 -0.156455711 0.367771536 0.916660070 -0.216060847
0.979954183 -0.060840487 0.189705700 1.027238846 0.126416847 0.925859690 -0.356093496 -0.339874983 -0.153975964 0.372937292 0.914991379 -0.237187341
0.980088174 -0.051363733 0.191804543 1.026097655 0.119437680 0.924173415 -0.362819642 -0.360746264 -0.158624902 0.378503948 0.911906183 -0.260014683
0.979297757 -0.042369466 0.197941199 1.026062369 0.114739209 0.921776235 -0.370355934 -0.384711534 -0.166765705 0.385400325 0.907554865 -0.285316557
0.978173852 -0.035746865 0.204690233 1.026345968 0.112616993 0.919066429 -0.377669543 -0.410467744 -0.174623415 0.392478079 0.903032482 -0.311320662
0.977462769 -0.032393888 0.208607733 1.026054144 0.112237617 0.916670322 -0.383560002 -0.436042517 -0.178799510 0.398329258 0.899646878 -0.336386383
0.977639437 -0.032081872 0.207826674 1.023818135 0.112523645 0.914713502 -0.388120681 -0.460100532 -0.177650213 0.402827471 0.897869945 -0.360552132
0.977745295 -0.033140063 0.207161412 1.021790504 0.114221334 0.912355661 -0.393141985 -0.482555181 -0.175976142 0.408055007 0.895836771 -0.383136004
0.977398157 -0.034991849 0.208490863 1.020139217 0.118209064 0.908086836 -0.401752293 -0.503742576 -0.175269768 0.417317450 0.891698778 -0.403762847
0.976459086 -0.037441999 0.212428093 1.018741131 0.124965429 0.900907278 -0.415631801 -0.523957193 -0.175815940 0.432393640 0.884378076 -0.422547430
0.975463450 -0.041292276 0.216254592 1.017400622 0.133940130 0.890871167 -0.434060633 -0.542038620 -0.174731612 0.452375472 0.874542892 -0.440115035
0.975407124 -0.047351569 0.215264454 1.015704036 0.142917141 0.879388452 -0.454148263 -0.556311905 -0.167796448 0.473744422 0.864529133 -0.451931268
0.974822044 -0.046013016 0.218185097 1.015002251 0.146394908 0.870133102 -0.470570862 -0.565258026 -0.168197691 0.490664065 0.854961038 -0.458369225
0.974412918 -0.040729176 0.221044466 1.015093923 0.145478711 0.863945842 -0.482113600 -0.567808390 -0.171334371 0.501934946 0.847765207 -0.458891600
0.973955274 -0.030397441 0.224693432 1.015499234 0.139067456 0.862777650 -0.486081213 -0.563686609 -0.179084852 0.504668891 0.844534159 -0.454585165
0.973481357 -0.021593820 0.227744848 1.016719818 0.132366359 0.865131080 -0.483763754 -0.553725481 -0.186582834 0.501080751 0.845047295 -0.443247318
0.973596215 -0.017950188 0.227570280 1.017400265 0.127628520 0.869339228 -0.477451861 -0.539243579 -0.189265415 0.493889749 0.848676324 -0.427319556
0.973655224 -0.017553382 0.227348655 1.017773151 0.125384331 0.873985469 -0.469497859 -0.521515667 -0.190458149 0.485634983 0.853161395 -0.407726258
0.973258436 -0.019451410 0.228887901 1.018812537 0.125933304 0.878510475 -0.460825533 -0.503304839 -0.192116722 0.477326959 0.857467294 -0.385959715
0.972235143 -0.018689018 0.233258560 1.020189762 0.125145093 0.883808851 -0.450799972 -0.483354568 -0.197730973 0.467474729 0.861608863 -0.363104224
0.970734239 -0.018535260 0.239439905 1.021577835 0.125444695 0.889324844 -0.439732879 -0.462175488 -0.204789281 0.456900209 0.865623236 -0.339556932
0.970605075 -0.019982480 0.239846766 1.022613764 0.124243416 0.895097136 -0.428211033 -0.441288918 -0.206129432 0.445423186 0.871268511 -0.316244692
0.970477700 -0.025046781 0.239886731 1.024268508 0.126181647 0.900350511 -0.416469902 -0.421754956 -0.205550909 0.434444040 0.876930535 -0.293435097
0.971428275 -0.042250186 0.233542353 1.024266839 0.137205526 0.902898610 -0.407368124 -0.403521955 -0.193653673 0.427772224 0.882898211 -0.272418231
0.972895086 -0.059707344 0.223405913 1.023435593 0.147589952 0.904061794 -0.401110291 -0.386135697 -0.178023532 0.423210680 0.888369501 -0.254048198
0.974036217 -0.076318145 0.213140875 1.022849679 0.157727093 0.904137850 -0.397060305 -0.370950133 -0.162405849 0.420369178 0.892700434 -0.238203526
0.974666595 -0.085528649 0.206663549 1.023036718 0.163129658 0.903978288 -0.395236582 -0.359117746 -0.153015316 0.418936878 0.895029724 -0.224165678
0.974253654 -0.089058250 0.207119405 1.023981810 0.166445762 0.903772652 -0.394323170 -0.349428087 -0.152071118 0.418644965 0.895327210 -0.212892249
0.974312663 -0.086057000 0.208108112 1.024100184 0.163619995 0.905471742 -0.391598612 -0.340852499 -0.154736206 0.415590137 0.896293223 -0.204666167
0.974549174 -0.079317316 0.209672838 1.024574757 0.156932309 0.909291148 -0.385437131 -0.336381912 -0.160081834 0.408531904 0.898596406 -0.200015321
0.974512219 -0.072061151 0.212445468 1.024153471 0.149413139 0.914885044 -0.375048161 -0.336448371 -0.167336762 0.397231162 0.902333558 -0.199650273
0.975096226 -0.066362739 0.211620688 1.023851633 0.141604170 0.920665264 -0.363763243 -0.341349602 -0.170691490 0.384670526 0.907134533 -0.204881132
0.975695372 -0.063829049 0.209629312 1.022799015 0.136898860 0.924529374 -0.355674237 -0.350680411 -0.171106115 0.375727683 0.910797119 -0.215932623
0.976773798 -0.063740656 0.204572797 1.020191193 0.134466529 0.925675035 -0.353616238 -0.364569664 -0.166828215 0.372911274 0.912746131 -0.231537148
0.977786958 -0.062744722 0.199989378 1.016676903 0.132647783 0.924001575 -0.358644277 -0.381800324 -0.162287444 0.377205819 0.911799610 -0.251089841
0.978095531 -0.062234003 0.198635384 1.013578534 0.133436382 0.919860542 -0.368851334 -0.401966214 -0.159761772 0.387277037 0.908015788 -0.272267967
0.978230536 -0.061172925 0.198300049 1.011198878 0.134712994 0.914049387 -0.382578313 -0.424357742 -0.157852605 0.400963366 0.902391791 -0.295090020
0.978023171 -0.061586410 0.199192926 1.009510279 0.138203353 0.906829834 -0.398195356 -0.447953939 -0.156110659 0.416973382 0.895412028 -0.318002552
0.977973461 -0.060191810 0.199862227 1.007979989 0.140381634 0.898284078 -0.416387647 -0.472278535 -0.154469922 0.435273021 0.886947811 -0.343506098
0.977944016 -0.060402200 0.199942723 1.006286144 0.144345954 0.887334347 -0.437952012 -0.496541739 -0.150962785 0.457153469 0.876482129 -0.368416637
0.977675676 -0.058415260 0.201836243 1.004492640 0.147504941 0.874904275 -0.461286008 -0.520258844 -0.149641261 0.480759978 0.863989234 -0.393753320
0.976821780 -0.056251142 0.206530988 1.003095031 0.152253836 0.860783756 -0.485664606 -0.542841792 -0.150459349 0.505852878 0.849396765 -0.417254746
0.976023018 -0.050694279 0.211681783 1.002511501 0.154078424 0.847833812 -0.507383168 -0.562070489 -0.153749555 0.527833283 0.835316241 -0.439246804
0.975420952 -0.043444462 0.216024369 1.001634479 0.153486878 0.837373495 -0.524640262 -0.578294635 -0.158100396 0.544902027 0.823459864 -0.458030730
0.975078225 -0.037045754 0.218746483 1.001160026 0.151665390 0.830907524 -0.535341322 -0.589336693 -0.161925972 0.555175960 0.815818429 -0.471830338
0.974458933 -0.032079138 0.222262710 1.000834823 0.150297195 0.828555405 -0.539357662 -0.595466733 -0.166854829 0.558987379 0.812214613 -0.479995430
0.973623693 -0.026528504 0.226612285 1.000359178 0.147432461 0.831158817 -0.536133170 -0.595630944 -0.174127981 0.555401921 0.813147068 -0.482499570
0.972238839 -0.023190435 0.232838631 1.000752926 0.146433145 0.836438239 -0.528136730 -0.591406941 -0.182507426 0.547570348 0.816613615 -0.477949411
0.971330047 -0.019817192 0.236907616 1.001824260 0.143407404 0.843638241 -0.517405927 -0.582334936 -0.189610794 0.536546171 0.822293103 -0.467910111
0.970741928 -0.019977592 0.239292726 1.002983689 0.142501682 0.850010633 -0.507124424 -0.569746614 -0.193270251 0.526386499 0.827987790 -0.452793092
0.970681965 -0.019187652 0.239600495 1.004378557 0.139726341 0.856133401 -0.497505933 -0.553753793 -0.195584014 0.516398549 0.833714247 -0.434361070
0.970352888 -0.019389939 0.240913481 1.006720185 0.138405517 0.861735940 -0.488113761 -0.535338759 -0.198139310 0.506986380 0.838871658 -0.413164616
0.969807982 -0.020959787 0.242967322 1.009327650 0.138433695 0.867535651 -0.477721751 -0.516168237 -0.200769886 0.496933222 0.844244599 -0.391509116
0.968741953 -0.020224422 0.247244880 1.012285948 0.137261078 0.873899579 -0.466324925 -0.496059120 -0.206636056 0.485685587 0.849359214 -0.370835334
0.968307257 -0.022299763 0.248764485 1.017246604 0.137006804 0.880203307 -0.454391122 -0.480544209 -0.208830506 0.474072635 0.855362475 -0.352039248
0.969367683 -0.022808757 0.244552806 1.019882441 0.133120403 0.885543168 -0.445075631 -0.463728487 -0.206410453 0.463996887 0.861453235 -0.337675452
0.970868826 -0.024881758 0.238316163 1.021203279 0.130162716 0.889815152 -0.437363386 -0.447329074 -0.201174960 0.455642343 0.867132425 -0.325721979
0.973501861 -0.030647390 0.226616234 1.021516323 0.128210962 0.893724918 -0.429904252 -0.432333887 -0.189357132 0.447567254 0.873972178 -0.315599918
0.975657225 -0.039409675 0.215730906 1.021680236 0.128989160 0.898688972 -0.419189662 -0.419601440 -0.177354872 0.436812371 0.881895781 -0.306114554
0.977618337 -0.049784489 0.204411238 1.021062136 0.130931616 0.904487371 -0.405905843 -0.407455266 -0.164679557 0.423584878 0.890761733 -0.298419625
0.978343546 -0.056724288 0.199063390 1.020291805 0.132577986 0.910277426 -0.392196566 -0.396036863 -0.158955842 0.410094410 0.898084402 -0.292483807
0.978113413 -0.061571207 0.198754102 1.019958019 0.134825960 0.915097475 -0.380024523 -0.387409270 -0.158480793 0.398504287 0.903370440 -0.287982166
0.978470206 -0.062701300 0.196633175 1.019429088 0.133415118 0.919071317 -0.370821238 -0.380112141 -0.157468930 0.389071345 0.907649159 -0.284327030
0.979209721 -0.066771805 0.191545829 1.018322825 0.134151414 0.921455145 -0.364587218 -0.374607891 -0.152156755 0.382703513 0.911255360 -0.284035802
0.980942607 -0.068593264 0.181787297 1.016324759 0.131423563 0.923348546 -0.360770464 -0.368802488 -0.143106624 0.377786219 0.914766669 -0.286294311
0.983226597 -0.069109380 0.168787792 1.013717651 0.126419604 0.925291657 -0.357566059 -0.363855392 -0.131466761 0.372906566 0.918508112 -0.289667487
0.984744251 -0.069349110 0.159591377 1.011968017 0.122701436 0.927057087 -0.354273200 -0.360358775 -0.123381793 0.368450582 0.921423435 -0.293210685
0.985398710 -0.069985099 0.155214101 1.010773182 0.120922007 0.929432929 -0.348614782 -0.358486593 -0.119863264 0.362293392 0.924324751 -0.297227859
0.985407472 -0.068257146 0.155926526 1.010080814 0.118612744 0.932388961 -0.341440797 -0.357808679 -0.122078411 0.354953170 0.926879227 -0.301456690
0.985193670 -0.068223663 0.157286376 1.008800387 0.117666326 0.936300695 -0.330901235 -0.357167602 -0.124692053 0.344509095 0.930465162 -0.306008905
0.984724104 -0.068292864 0.160170138 1.007652402 0.116614066 0.941768587 -0.315393507 -0.356033802 -0.129304081 0.329253674 0.935346186 -0.310009539
0.984544575 -0.066639125 0.161960348 1.006596804 0.112072200 0.950366557 -0.290246874 -0.353056401 -0.134579912 0.303912252 0.943146646 -0.313930184
0.984570444 -0.068794295 0.160898566 1.005787730 0.108726382 0.960954666 -0.254449695 -0.348972559 -0.137111545 0.268017560 0.953607380 -0.317440420
0.984751761 -0.075872347 0.156548128 1.004660249 0.107844219 0.972352087 -0.207125768 -0.343363374 -0.136504784 0.220850274 0.965707839 -0.320320100
0.984775543 -0.087397575 0.150262490 1.003606915 0.110037744 0.982597828 -0.149643570 -0.338317752 -0.134569123 0.163899869 0.977255344 -0.323686302
0.984477580 -0.098904729 0.144988909 1.002697825 0.112331420 0.989808023 -0.087531298 -0.331499219 -0.134853914 0.102459401 0.985553920 -0.325913221
0.983657300 -0.109343089 0.143046960 1.002405882 0.114652060 0.992970943 -0.029387722 -0.325119764 -0.138828143 0.045308076 0.989279509 -0.327960342
0.982326269 -0.121661268 0.142245039 1.002329826 0.120642923 0.992570341 0.015794197 -0.320936620 -0.143109754 0.001645804 0.989705443 -0.329370260
0.981377721 -0.129789814 0.141606212 1.002329111 0.124958999 0.991250038 0.042527650 -0.320842206 -0.145886809 -0.024040718 0.989009142 -0.331332892
0.980180562 -0.137410030 0.142704323 1.001918793 0.131369457 0.990022421 0.050967157 -0.322096199 -0.148283884 -0.031210028 0.988452256 -0.332417816
0.979743302 -0.139107198 0.144056275 1.001196027 0.133880019 0.989956498 0.045412835 -0.323283315 -0.148926690 -0.025206666 0.988526940 -0.333060265
0.979332149 -0.139231101 0.146707922 1.000704527 0.136162296 0.990207434 0.030806530 -0.325834244 -0.149560511 -0.010193736 0.988700032 -0.334217995
0.979416490 -0.136545330 0.148656562 0.999799728 0.135922462 0.990614951 0.014389977 -0.327947110 -0.149226293 0.006111983 0.988784194 -0.337450743
0.979518533 -0.134618178 0.149737924 0.999035835 0.136125818 0.990691543 0.000182481 -0.328957289 -0.148368657 0.020204455 0.988725722 -0.339143306
0.979819834 -0.134372160 0.147977009 0.997902989 0.137038574 0.990534008 -0.007926380 -0.328289509 -0.145511165 0.028044982 0.988959014 -0.340104014
0.980067492 -0.133679211 0.146961287 0.996715903 0.136645257 0.990567207 -0.010229493 -0.327104002 -0.144207552 0.030107154 0.989089370 -0.341556191
0.979594111 -0.138662219 0.145492777 0.994382977 0.141419947 0.989911139 -0.008735012 -0.325577646 -0.142813697 0.029132348 0.989320755 -0.344041437
1.000000000 0.000000000 0.000000000 -0.000000000 0.000000000 1.000000000 0.000000000 -0.000000009 0.000000000 0.000000000 1.000000000 -0.000000011
0.999989033 0.000490938 0.004662843 -0.003452089 -0.000446147 0.999953806 -0.009602173 0.001806242 -0.004667342 0.009599986 0.999943018 -0.002563623
0.999939978 -0.000406661 0.010950916 -0.006784200 0.000650724 0.999751270 -0.022292638 0.003023532 -0.010939127 0.022298427 0.999691486 -0.005828714
0.999872923 -0.004680078 0.015240445 -0.009786082 0.005134900 0.999538422 -0.029941989 0.002752854 -0.015093279 0.030016443 0.999435425 -0.009497841
0.999792278 -0.008230049 0.018645730 -0.012496889 0.008852715 0.999397457 -0.033561930 0.003444823 -0.018358279 0.033720024 0.999262691 -0.013003116
0.999741673 -0.008695910 0.021000262 -0.014753591 0.009335922 0.999488950 -0.030573148 0.005112018 -0.020723667 0.030761305 0.999311924 -0.016759289
0.999801636 -0.004570713 0.019386090 -0.017125335 0.005024389 0.999713123 -0.023418384 0.007826157 -0.019273490 0.023511140 0.999537766 -0.019969357
0.999830723 0.000080648 0.018397670 -0.019577833 0.000189381 0.999892294 -0.014675125 0.010900572 -0.018396873 0.014676125 0.999723017 -0.022790724
0.999805927 0.006575185 0.018571177 -0.020885788 -0.006403998 0.999936581 -0.009262386 0.013700944 -0.018630901 0.009141658 0.999784648 -0.024789244
0.999704361 0.011549096 0.021396775 -0.022888608 -0.011341550 0.999887705 -0.009795937 0.014799148 -0.021507505 0.009550367 0.999723077 -0.025955912
0.999684870 0.012491805 0.021774253 -0.025589528 -0.012153115 0.999804139 -0.015618186 0.015481684 -0.021965088 0.015348639 0.999640942 -0.026969118
0.999775887 0.013905804 0.015964434 -0.027774628 -0.013553259 0.999666452 -0.021982867 0.015087707 -0.016264800 0.021761570 0.999630868 -0.027766403
0.999870181 0.012193392 0.010532365 -0.029711192 -0.011892685 0.999532759 -0.028156508 0.014982061 -0.010870767 0.028027594 0.999548018 -0.028275704
0.999908805 0.012340606 0.005484327 -0.031851050 -0.012155953 0.999397337 -0.032515194 0.014833064 -0.005882279 0.032445561 0.999456167 -0.029059775
0.999936104 0.011285959 0.000650898 -0.033609249 -0.011256615 0.999335527 -0.034666087 0.015331579 -0.001041705 0.034656543 0.999398768 -0.029183568
0.999899447 0.014041175 -0.001979307 -0.034861293 -0.014099377 0.999344647 -0.033338457 0.015468054 0.001509898 0.033363014 0.999442160 -0.029107844
0.999859869 0.015963787 -0.005044690 -0.034491070 -0.016120600 0.999333739 -0.032745384 0.015585438 0.004518589 0.032822117 0.999450982 -0.027670834
0.999812961 0.018455051 -0.005779679 -0.034979414 -0.018635385 0.999285579 -0.032879788 0.016231032 0.005168752 0.032981347 0.999442577 -0.026655130
0.999805510 0.018167486 -0.007675976 -0.035616506 -0.018411214 0.999286652 -0.032973573 0.015894314 0.007071453 0.033108480 0.999426723 -0.025795670
0.999779105 0.018970381 -0.009050727 -0.035382736 -0.019261800 0.999260485 -0.033278108 0.015684329 0.008412736 0.033445090 0.999405146 -0.024998115
0.999776423 0.018591262 -0.010075470 -0.035170391 -0.018918134 0.999263644 -0.033381276 0.015348831 0.009447452 0.033564419 0.999391913 -0.024260094
0.999791026 0.018228777 -0.009251152 -0.033716433 -0.018541571 0.999217570 -0.034934405 0.015674524 0.008607102 0.035098638 0.999346793 -0.023214860
0.999790251 0.018471796 -0.008845921 -0.030233866 -0.018761411 0.999250472 -0.033860378 0.014373313 0.008213828 0.034019239 0.999387443 -0.022709945
0.999808788 0.017702714 -0.008303736 -0.024745047 -0.017963748 0.999310553 -0.032492030 0.013332198 0.007722815 0.032634985 0.999437511 -0.021758201
0.999828696 0.017676199 -0.005488630 -0.017975058 -0.017837586 0.999363363 -0.030897623 0.013143619 0.004938983 0.030990234 0.999507487 -0.021291077
0.999860227 0.016623875 -0.001790678 -0.007755901 -0.016666004 0.999500096 -0.026867164 0.012108418 0.001343147 0.026893253 0.999637425 -0.019568658
0.999883711 0.015244862 0.000371648 0.005527135 -0.015232185 0.999616265 -0.023136996 0.010143341 -0.000724225 0.023128644 0.999732256 -0.017885184
0.999920845 0.012022435 0.003714077 0.020576052 -0.011937845 0.999686360 -0.022014832 0.006744443 -0.003977584 0.021968750 0.999750733 -0.015480191
0.999941111 0.006785895 0.008465808 0.037652876 -0.006579570 0.999686301 -0.024165880 0.001679703 -0.008627139 0.024108756 0.999672115 -0.012654134
0.999885619 0.001868206 0.015010425 0.056341693 -0.001437660 0.999588668 -0.028642936 -0.004794868 -0.015057762 0.028618081 0.999476969 -0.009689259
0.999777794 -0.004648130 0.020561645 0.076446146 0.005398722 0.999315381 -0.036600895 -0.009716836 -0.020377440 0.036703765 0.999118388 -0.005933620
0.999552965 -0.010242502 0.028088111 0.097530499 0.011417684 0.999052227 -0.042003017 -0.014768373 -0.027631275 0.042304944 0.998722613 -0.002116021
0.999305367 -0.017717700 0.032784883 0.121797085 0.019092873 0.998930156 -0.042118907 -0.020523228 -0.032003555 0.042715609 0.998574555 0.002516038
0.998929918 -0.024067542 0.039494682 0.146510109 0.025559602 0.998961449 -0.037719086 -0.026150916 -0.038545858 0.038688190 0.998507619 0.007763215
0.998476565 -0.028586693 0.047194526 0.171872288 0.030114535 0.999034524 -0.031986028 -0.031543292 -0.046234585 0.033358544 0.998373449 0.011812297
0.998076618 -0.029010413 0.054785304 0.197264493 0.030483974 0.999190331 -0.026255541 -0.037371457 -0.053979263 0.027875114 0.998152912 0.015807651
0.997717202 -0.031308379 0.059834570 0.221897364 0.032767680 0.999185145 -0.023565121 -0.043731157 -0.059048027 0.025471967 0.997930110 0.019023124
0.997395039 -0.034440745 0.063380010 0.247634530 0.036234129 0.998968542 -0.027367026 -0.050268229 -0.062372096 0.029592253 0.997614145 0.022376115
0.996898174 -0.038251530 0.068781219 0.271638304 0.040711898 0.998567104 -0.034731880 -0.056505300 -0.067354120 0.037424363 0.997026980 0.025888611
0.996326506 -0.038109586 0.076688610 0.296476692 0.041440777 0.998244047 -0.042325445 -0.062141541 -0.074940942 0.045347996 0.996156335 0.029834554
0.995746553 -0.038051687 0.083909951 0.320271403 0.042069875 0.998025000 -0.046650007 -0.066002823 -0.081969120 0.049981661 0.995380759 0.035274867
0.995269060 -0.045617383 0.085781880 0.340893328 0.049586233 0.997768223 -0.044718891 -0.069001801 -0.083550476 0.048760928 0.995309830 0.038938794
0.994646728 -0.055575106 0.087116733 0.359031260 0.059070367 0.997527659 -0.038068928 -0.071209416 -0.084785670 0.043011151 0.995470464 0.042286243
0.993787289 -0.056862015 0.095674202 0.377165854 0.059829246 0.997803569 -0.028434252 -0.072367273 -0.093847230 0.033981714 0.995006502 0.045747273
0.992716551 -0.058842599 0.105125770 0.393618107 0.061417162 0.997882307 -0.021420501 -0.073169187 -0.103642702 0.027721010 0.994228184 0.050419074
0.991838753 -0.059753895 0.112629369 0.407940537 0.062592477 0.997800291 -0.021834346 -0.074840084 -0.111076936 0.028705901 0.993397117 0.053256419
0.991546571 -0.061216060 0.114402615 0.419299006 0.064893663 0.997479379 -0.028699780 -0.077243663 -0.112357356 0.035881173 0.993019819 0.056080367
0.991342366 -0.068433046 0.112059273 0.427498847 0.073220521 0.996546090 -0.039175037 -0.078610100 -0.108991362 0.047040913 0.992929041 0.059100471
0.991061449 -0.072031692 0.112288423 0.433608949 0.078150064 0.995632768 -0.051068544 -0.079007722 -0.108119480 0.059387416 0.992362499 0.060823712
0.991242409 -0.071587697 0.110966995 0.438974887 0.078744709 0.994995296 -0.061510891 -0.078439549 -0.106008217 0.069710270 0.991918743 0.063065469
0.991467357 -0.073958069 0.107343823 0.442189217 0.081666604 0.994248688 -0.069282621 -0.077807792 -0.101602450 0.077457860 0.991805017 0.064464897
0.991535008 -0.077974036 0.103818901 0.443769455 0.085673451 0.993726373 -0.071888335 -0.076418594 -0.097562157 0.080174319 0.991994798 0.065658435
0.991306067 -0.085228734 0.100241184 0.443845600 0.092253007 0.993434548 -0.067654796 -0.075134329 -0.093816921 0.076314159 0.992660344 0.067978002
0.990848124 -0.087386668 0.102876447 0.443932146 0.093540251 0.994006217 -0.056585215 -0.072965406 -0.097315036 0.065690443 0.993083358 0.069291338
0.990184963 -0.086335570 0.109908804 0.443279177 0.091613412 0.994826376 -0.043902915 -0.071364217 -0.105549797 0.053541128 0.992971599 0.069970265
0.989363313 -0.088540785 0.115415491 0.440292358 0.093161367 0.995026350 -0.035264187 -0.070769891 -0.111719139 0.045641355 0.992691159 0.069571786
0.988892913 -0.089713313 0.118500523 0.435308993 0.094189279 0.995016575 -0.032716118 -0.071283855 -0.114974923 0.043514214 0.992414892 0.068564169
0.988973260 -0.090457030 0.117257841 0.428183287 0.095187522 0.994830430 -0.035379324 -0.071860246 -0.113451369 0.046150688 0.992471099 0.066677123
0.989397764 -0.087280251 0.116078474 0.419050664 0.092212521 0.995021164 -0.037812039 -0.071686849 -0.112200297 0.048115037 0.992520034 0.064521253
0.989938021 -0.081790872 0.115468591 0.407393962 0.086786769 0.995466590 -0.038914815 -0.070868313 -0.111762241 0.048544399 0.992548585 0.062152270
0.990582705 -0.077946573 0.112561956 0.393026620 0.082989693 0.995713711 -0.040828042 -0.069958933 -0.108897075 0.049785033 0.992805541 0.060378168
0.991093874 -0.075671695 0.109575123 0.375874877 0.080687769 0.995850563 -0.042084899 -0.068654627 -0.105935812 0.050551455 0.993087173 0.058435883
0.991519451 -0.074916877 0.106191695 0.356234968 0.079734795 0.995936394 -0.041869074 -0.067041121 -0.102623478 0.049981177 0.993463814 0.055857677
0.991902053 -0.073676817 0.103450797 0.334696293 0.078162827 0.996137977 -0.039995745 -0.065229706 -0.100104518 0.047757864 0.993830085 0.053219087
0.992536187 -0.074404061 0.096622951 0.311238557 0.078359649 0.996208072 -0.037805341 -0.063620120 -0.093443699 0.045094505 0.994602799 0.050557137
0.993388355 -0.074670196 0.087200776 0.285533786 0.078033403 0.996307254 -0.035814021 -0.061885688 -0.084204525 0.042381804 0.995546758 0.046779130
0.994236767 -0.074655868 0.076939896 0.258688301 0.077573635 0.996348858 -0.035654813 -0.060059484 -0.073997140 0.041417830 0.996398032 0.042877357
0.994971156 -0.072108462 0.069518097 0.231296048 0.074696928 0.996578455 -0.035380065 -0.057943385 -0.066729032 0.040394932 0.996953130 0.039997760
0.995754123 -0.065560214 0.064618647 0.203886092 0.067996554 0.997026682 -0.036252152 -0.054928381 -0.062049821 0.040492076 0.997251332 0.038776532
0.996407151 -0.061726630 0.057987966 0.175403237 0.064068049 0.997166514 -0.039424375 -0.052661594 -0.055390120 0.042997904 0.997538507 0.037536092
0.997048855 -0.058567137 0.049632955 0.146032944 0.060791656 0.997155249 -0.044561535 -0.050884031 -0.046881925 0.047447294 0.997772932 0.036602598
0.997644663 -0.056984667 0.038181726 0.115927078 0.058928881 0.996912479 -0.051892750 -0.049236491 -0.035106752 0.054020531 0.997922480 0.036429539
0.998094440 -0.055711024 0.026528530 0.086329691 0.057210408 0.996582329 -0.059587575 -0.046611018 -0.023118179 0.060991734 0.997870505 0.036461957
0.998538315 -0.051595122 0.016100304 0.057463970 0.052542686 0.996476471 -0.065375060 -0.044027638 -0.012670541 0.066125453 0.997730851 0.037352391
0.998826444 -0.047555882 0.009174270 0.030159665 0.048074018 0.996491015 -0.068516679 -0.041607138 -0.005883707 0.068877317 0.997607768 0.037834685
