1.000000000 0.000000000 0.000000000 0.000000000 0.000000000 1.000000000 0.000000000 -0.000000149 0.000000000 0.000000000 1.000000000 0.000000000
0.999984443 0.003441743 0.004386041 -0.000075021 -0.003460189 0.999985158 0.004204938 0.019243157 -0.004371504 -0.004220049 0.999981523 0.007117820
0.999969780 0.004473844 0.006356271 -0.000657292 -0.004563424 0.999889493 0.014149371 0.041905694 -0.006292267 -0.014177949 0.999879718 0.013445334
0.999972463 0.003981302 0.006263726 -0.000958551 -0.004149071 0.999626756 0.027003188 0.065544792 -0.006153880 -0.027028434 0.999615729 0.021175256
0.999981940 0.000329711 0.006002334 -0.002169968 -0.000550357 0.999322653 0.036795534 0.090749584 -0.005986136 -0.036798172 0.999304771 0.027419381
0.999978960 -0.001522907 0.006308057 -0.002849960 0.001243185 0.999025822 0.044112589 0.116698816 -0.006369092 -0.044103820 0.999006629 0.034889694
0.999971688 -0.004553485 0.005988683 -0.003697472 0.004254307 0.998787045 0.049055014 0.142733902 -0.006204790 -0.049028147 0.998778105 0.042883854
0.999963045 -0.006847663 0.005193451 -0.004315965 0.006564484 0.998588204 0.052711595 0.167391568 -0.005547071 -0.052675556 0.998596251 0.049050681
0.999965489 -0.007129369 0.004267060 -0.004951229 0.006874911 0.998354018 0.056938477 0.190935671 -0.004665972 -0.056907177 0.998368561 0.054930896
0.999971688 -0.006681873 0.003463008 -0.005127259 0.006453157 0.998036027 0.062308893 0.212226421 -0.003872547 -0.062284783 0.998050928 0.060258180
0.999988914 -0.001069942 0.004580199 -0.006601501 0.000746353 0.997541308 0.070076957 0.232525751 -0.004643916 -0.070072770 0.997531056 0.063135922
0.999996901 -0.000354109 0.002454258 -0.007386220 0.000152769 0.996668696 0.081556439 0.249926195 -0.002474963 -0.081555814 0.996665716 0.067710996
0.999991417 0.003207835 0.002611719 -0.007797360 -0.003444535 0.995342612 0.096339196 0.266012371 -0.002290515 -0.096347362 0.995345116 0.069176033
0.999988794 0.004554156 0.001271947 -0.008482267 -0.004669404 0.993480027 0.113910608 0.278141528 -0.000744887 -0.113915272 0.993490219 0.070742756
0.999994099 0.003326699 0.000874312 -0.010233390 -0.003412384 0.991431653 0.130581796 0.285009831 -0.000432414 -0.130584002 0.991437137 0.070792824
0.999997795 0.000545128 -0.002037849 -0.010682778 -0.000246242 0.989594460 0.143884465 0.283197641 0.002095080 -0.143883631 0.989592373 0.069099911
0.999986589 0.000315643 -0.005169916 -0.010862751 0.000456485 0.988886654 0.148670539 0.273380578 0.005159387 -0.148670897 0.988873243 0.065804824
0.999985278 0.002046570 -0.005025361 -0.011381124 -0.001284873 0.989114642 0.147141397 0.254733622 0.005271793 -0.147132784 0.989102721 0.060859248
0.999984145 0.005380888 -0.001647737 -0.012891676 -0.005099323 0.990261495 0.139126644 0.229509413 0.002380316 -0.139116034 0.990273237 0.054691400
0.999898732 0.013586285 0.004233810 -0.014251331 -0.014020463 0.991468012 0.129594058 0.197640523 -0.002436985 -0.129640281 0.991558075 0.046515156
0.999774277 0.018387683 0.010646097 -0.013752313 -0.019503262 0.993004203 0.116456985 0.162909344 -0.008430246 -0.116638333 0.993138671 0.041069828
0.999532580 0.022471612 0.020728122 -0.013583634 -0.024437053 0.994684100 0.100031994 0.125027910 -0.018370055 -0.100491770 0.994768262 0.033056621
0.999034345 0.030613154 0.031514462 -0.013327415 -0.033186987 0.995855331 0.084680706 0.087452270 -0.028791502 -0.085644811 0.995909631 0.026563900
0.998765647 0.034547549 0.035687789 -0.014592173 -0.036978196 0.996871293 0.069858536 0.046800416 -0.033162691 -0.071091980 0.996918321 0.019147817
0.998647451 0.037524194 0.035988450 -0.016663222 -0.039483123 0.997685432 0.055361606 0.012607665 -0.033827752 -0.056707665 0.997817576 0.009973050
0.998757422 0.036484189 0.033948049 -0.018169340 -0.037909813 0.998383641 0.042343881 -0.021268088 -0.032348298 -0.043578234 0.998526156 0.002118750
0.998826206 0.034149393 0.034351625 -0.018386887 -0.035150908 0.998961568 0.028985919 -0.052791968 -0.033326104 -0.030159386 0.998989403 -0.004400691
0.998976529 0.028557098 0.035076380 -0.017853986 -0.029035455 0.999491155 0.013204627 -0.079985708 -0.034681447 -0.014209570 0.999297380 -0.008985764
0.999031544 0.025118906 0.036124729 -0.018910106 -0.025037028 0.999682844 -0.002717245 -0.106081180 -0.036181524 0.001810158 0.999343574 -0.017336002
0.999130964 0.020819519 0.036108855 -0.018837642 -0.020089556 0.999588788 -0.020462021 -0.128178924 -0.036520015 0.019718830 0.999138355 -0.024023777
0.999136925 0.021981874 0.035245553 -0.017731482 -0.020730710 0.999155343 -0.035479382 -0.146060303 -0.035995685 0.034718096 0.998748720 -0.030256025
0.999099076 0.022154599 0.036196873 -0.017201170 -0.020467885 0.998716831 -0.046322402 -0.153766960 -0.037176684 0.045539793 0.998270512 -0.033122122
0.998812675 0.027235573 0.040392011 -0.016374959 -0.025248775 0.998484135 -0.048907984 -0.153365597 -0.041662820 0.047830064 0.997986197 -0.034194745
0.998543084 0.032957226 0.042726152 -0.014760289 -0.031049667 0.998523772 -0.044566270 -0.143492773 -0.044131860 0.043174710 0.998092353 -0.032162428
0.998255253 0.037985902 0.045205254 -0.013060037 -0.036464121 0.998755515 -0.034025475 -0.127019808 -0.046441484 0.032317743 0.998398066 -0.029228423
0.998274446 0.035316434 0.046912923 -0.011779141 -0.034323011 0.999172688 -0.021815531 -0.104208179 -0.047644556 0.020167693 0.998660743 -0.022771560
0.998413563 0.033298284 0.045404639 -0.009879060 -0.032969750 0.999424577 -0.007965724 -0.078418814 -0.045643758 0.006456107 0.998936892 -0.016463773
0.998642862 0.027984252 0.043924138 -0.006800857 -0.028100172 0.999603093 0.002023771 -0.047879688 -0.043850072 -0.003255300 0.999032795 -0.004785266
0.998651803 0.030593103 0.041935775 -0.000823049 -0.030975832 0.999483943 0.008507164 -0.015325443 -0.041653875 -0.009794690 0.999084115 0.010403637
0.998867631 0.027364513 0.038918983 0.002612821 -0.027841309 0.999543130 0.011762174 0.017258892 -0.038579334 -0.012832411 0.999173164 0.020157631
0.999095142 0.026832005 0.032999106 0.003622941 -0.027326619 0.999519467 0.014630065 0.050152283 -0.032590695 -0.015518581 0.999348283 0.028388919
0.999208033 0.025422294 0.030611435 0.005187609 -0.026028052 0.999469936 0.019555476 0.081663795 -0.030098064 -0.020336743 0.999340057 0.035754986
0.999331772 0.022276225 0.028979536 -0.000610565 -0.023152201 0.999274135 0.030251451 0.113792643 -0.028284613 -0.030902177 0.999122143 0.033428043
0.999239862 0.019916728 0.033511907 -0.000552191 -0.021372553 0.998817801 0.043659803 0.145641908 -0.032602727 -0.044342849 0.998484254 0.040233672
0.999181569 0.015885267 0.037200306 -0.000398345 -0.018089686 0.998052955 0.059691545 0.175701976 -0.036179658 -0.060315635 0.997523487 0.048213106
0.999025881 0.016533533 0.040914029 -0.000610201 -0.019651769 0.996835470 0.077025272 0.202081516 -0.039511055 -0.077754267 0.996189296 0.054835923
0.999032676 0.017464761 0.040357586 -0.001365989 -0.021207061 0.995323241 0.094244115 0.223601028 -0.038522888 -0.095008813 0.994730771 0.059731733
0.999209225 0.015960101 0.036416851 -0.002497677 -0.019846614 0.993844748 0.108989596 0.239004016 -0.034453213 -0.109626159 0.993375599 0.062271833
0.999290824 0.017929342 0.033112314 -0.003507546 -0.021767113 0.992602646 0.119440950 0.247293383 -0.030725872 -0.120077007 0.992289007 0.061066426
0.999365509 0.018021345 0.030721184 -0.004640860 -0.021779340 0.991695881 0.126747325 0.246776789 -0.028181914 -0.127335981 0.991459191 0.060709398
0.999422312 0.018925341 0.028229594 -0.006105625 -0.022418266 0.991384685 0.129049689 0.236708760 -0.025544077 -0.129608005 0.991236210 0.058075372
0.999468505 0.018529557 0.026821904 -0.008302495 -0.021729074 0.991995931 0.124386422 0.218600750 -0.024302393 -0.124903120 0.991871238 0.054143459
0.999510825 0.018198829 0.025433920 -0.010453716 -0.020926692 0.993547738 0.111467242 0.194651693 -0.023241241 -0.111944959 0.993442595 0.046672646
0.999550998 0.015572843 0.025599262 -0.013188779 -0.017962592 0.995224833 0.095942110 0.167101160 -0.023982929 -0.096358865 0.995057702 0.041033991
0.999412835 0.020068781 0.027770722 -0.013494002 -0.022300242 0.996339321 0.082526900 0.137219816 -0.026012847 -0.083097734 0.996201813 0.034068543
0.999290943 0.021090850 0.031190233 -0.014148416 -0.023305867 0.997099876 0.072447635 0.104837716 -0.029571796 -0.073123179 0.996884406 0.027238142
0.998996615 0.025031321 0.037137765 -0.014533899 -0.027445722 0.997442484 0.065994300 0.073246874 -0.035390858 -0.066947348 0.997128665 0.018431531
0.998771310 0.025317531 0.042601258 -0.014591468 -0.027898483 0.997740328 0.061122164 0.039623432 -0.040957533 -0.062235579 0.997220755 0.010428746
0.998675883 0.024262678 0.045363013 -0.015577273 -0.026849408 0.997995257 0.057311419 0.005812849 -0.043881539 -0.058453504 0.997325242 0.001207497
0.998563349 0.020499324 0.049507901 -0.014672760 -0.023001665 0.998458385 0.050515089 -0.027250437 -0.048396051 -0.051581282 0.997495472 -0.006286712
0.998338997 0.015802290 0.055403206 -0.011864440 -0.018064782 0.999013126 0.040576771 -0.056584548 -0.054707322 -0.041510217 0.997639239 -0.011590489
0.997859478 0.011229882 0.064422831 -0.010027434 -0.013013221 0.999541759 0.027329283 -0.089292519 -0.064086407 -0.028109131 0.997548401 -0.018413896
0.997472584 0.006477079 0.070756711 -0.008258784 -0.007276008 0.999912620 0.011039323 -0.118870556 -0.070679016 -0.011526248 0.997432530 -0.025224879
0.997215986 0.006376545 0.074293755 -0.006757158 -0.005945759 0.999964237 -0.006018145 -0.145164102 -0.074329473 0.005559658 0.997218251 -0.032091741
0.996944249 0.006249034 0.077865683 -0.005750507 -0.004503141 0.999734938 -0.022577299 -0.165492058 -0.077986129 0.022157667 0.996708155 -0.038057420
0.996911645 0.009142105 0.077997409 -0.005458725 -0.006569172 0.999427795 -0.033180449 -0.179840803 -0.078256123 0.032565597 0.996401250 -0.043959469
0.996786177 0.011410705 0.079291545 -0.002460004 -0.008391003 0.999230564 -0.038312916 -0.183661222 -0.079667710 0.037524451 0.996114969 -0.046212725
0.996407986 0.015945306 0.083167538 -0.001317235 -0.012765059 0.999171972 -0.038631603 -0.180459112 -0.083714664 0.037431203 0.995786488 -0.045485228
0.996248007 0.019826295 0.084242351 -0.000704393 -0.016814334 0.999198973 -0.036313884 -0.169700325 -0.084894843 0.034761153 0.995783389 -0.042532127
0.996355236 0.021272801 0.082605444 -0.000449294 -0.018639222 0.999297202 -0.032522831 -0.152135491 -0.083239235 0.030864593 0.996051490 -0.037356980
0.996509314 0.021034634 0.080788508 0.000087433 -0.018797493 0.999421239 -0.028352829 -0.130121723 -0.081338137 0.026735237 0.996327937 -0.030194590
0.996614456 0.022152482 0.079176277 0.001578337 -0.020339968 0.999513924 -0.023625858 -0.103539497 -0.079661161 0.021935429 0.996580601 -0.021744564
0.997006774 0.020132078 0.074647292 0.004116767 -0.018783608 0.999648273 -0.018722892 -0.074924529 -0.074997962 0.017264705 0.997034192 -0.011059264
0.997256398 0.023825498 0.070085838 0.006421558 -0.023022896 0.999660015 -0.012237383 -0.042529505 -0.070353568 0.010590229 0.997465909 -0.002359001
0.997444451 0.024751712 0.067021728 0.008140854 -0.024421569 0.999685287 -0.005740861 -0.009250134 -0.067142725 0.004089415 0.997735023 0.006812759
0.997388184 0.028314501 0.066445976 0.010441693 -0.028568834 0.999587655 0.002880413 0.024891581 -0.066337019 -0.004771174 0.997785866 0.015801018
0.996963561 0.031070782 0.071402103 0.012475814 -0.032135222 0.999388158 0.013807355 0.059300292 -0.070929408 -0.016059952 0.997352064 0.025707334
0.997473240 0.027344365 0.065569662 0.013108583 -0.029407356 0.999095738 0.030706476 0.093206413 -0.064670719 -0.032557119 0.997375429 0.033920683
0.997863233 0.019120047 0.062477216 0.012688434 -0.022379534 0.998401761 0.051894542 0.125618026 -0.061385140 -0.053181868 0.996696293 0.042609584
0.998247564 0.011031918 0.058138516 0.012985950 -0.015394995 0.997054040 0.075141191 0.155307516 -0.057138290 -0.075904548 0.995476604 0.048916295
0.998343349 0.005141652 0.057307262 0.013299163 -0.010613219 0.995364487 0.095586814 0.182485178 -0.056550141 -0.096036680 0.993770123 0.054324821
0.998345792 0.004275032 0.057336219 0.013598304 -0.010612981 0.993797600 0.110696323 0.207048684 -0.056507364 -0.111121722 0.992199004 0.059130378
0.998221040 0.010135017 0.058754273 0.014210206 -0.017190591 0.992521226 0.120855704 0.228629097 -0.057089992 -0.121650726 0.990929782 0.062846325
0.998275876 0.016758576 0.056253050 0.014292676 -0.023806598 0.991609097 0.127061531 0.245251894 -0.053651664 -0.128181651 0.990298450 0.064261325
0.998543441 0.019717628 0.050221078 0.013381073 -0.026097162 0.991206586 0.129724577 0.256416827 -0.047221601 -0.130846247 0.990277410 0.068356454
0.998840988 0.022001460 0.042809363 0.011743886 -0.027396671 0.991157532 0.129831538 0.261605054 -0.039574336 -0.130853906 0.990611494 0.067507416
0.999087512 0.021724476 0.036772929 0.010321744 -0.026330048 0.991191328 0.129794106 0.259304821 -0.033629298 -0.130643889 0.990858853 0.066011839
0.999208510 0.022526842 0.032785948 0.009156889 -0.026613671 0.991144419 0.130093902 0.249529004 -0.029565006 -0.130863488 0.990959466 0.063683987
0.999213398 0.024071284 0.031514764 0.008303124 -0.027966529 0.991165280 0.129650652 0.232696563 -0.028115481 -0.130430013 0.991058767 0.060258780
0.999226809 0.023980381 0.031155825 0.007312670 -0.027746806 0.991552532 0.126703367 0.210189953 -0.027854241 -0.127469882 0.991451263 0.055795833
0.999211967 0.024462990 0.031256754 0.005806485 -0.028122731 0.992058516 0.122592799 0.183804885 -0.028009545 -0.123375215 0.991964757 0.048907794
0.999052703 0.027464086 0.033755586 0.005180692 -0.031302549 0.992398322 0.119019859 0.154157251 -0.030230217 -0.119963743 0.992317915 0.043647636
0.998560071 0.033993617 0.041500077 0.005931378 -0.038562313 0.992642462 0.114777490 0.122052908 -0.037293039 -0.116212562 0.992523968 0.038393594
0.998017609 0.039487839 0.049006328 0.006236189 -0.044597961 0.993151248 0.107989252 0.087905750 -0.044406436 -0.109960750 0.992943466 0.031810850
0.997754335 0.041434146 0.052625559 0.006034892 -0.046442591 0.994120002 0.097819038 0.051845979 -0.048263073 -0.100043438 0.993811846 0.025914676
0.997639596 0.039893564 0.055890076 0.004825577 -0.044539977 0.995425940 0.084518701 0.014759188 -0.052262679 -0.086808547 0.994853199 0.020774882
0.997467339 0.038263984 0.059956681 0.004772454 -0.042250745 0.996878028 0.066701695 -0.022664467 -0.057217222 -0.069065973 0.995969892 0.014116784
0.997084200 0.036015764 0.067275137 0.004134838 -0.039156266 0.998175502 0.045961149 -0.058699522 -0.065497071 -0.048461378 0.996675313 0.007778978
0.996655464 0.036160752 0.073282368 0.003404225 -0.038010828 0.998988807 0.024010053 -0.092772722 -0.072340049 -0.026715273 0.997022152 0.000559275
0.996041059 0.035913173 0.081317246 0.002215176 -0.036347736 0.999331713 0.003869624 -0.122848965 -0.081123933 -0.006810002 0.996680737 -0.006563981
0.995755613 0.036283016 0.084583297 0.001088704 -0.035330951 0.999294639 -0.012726276 -0.150828138 -0.084985390 0.009683852 0.996335149 -0.013807865
0.995755553 0.031962089 0.086309068 -0.000541237 -0.029810909 0.999214768 -0.026099382 -0.174243465 -0.087075479 0.023415653 0.995926499 -0.020624135
0.995975673 0.028376779 0.085012957 -0.000674550 -0.025331670 0.999005735 -0.036686588 -0.190704301 -0.085969478 0.034385432 0.995704234 -0.029949615
0.995970488 0.022214534 0.086886980 -0.002161884 -0.018681789 0.998973668 -0.041263092 -0.201718450 -0.087714441 0.039473619 0.995363235 -0.033431053
0.995694101 0.019716498 0.090578660 -0.002876613 -0.016099770 0.999050319 -0.040487748 -0.205793738 -0.091290921 0.038855117 0.995065928 -0.034127653
0.995409131 0.017184552 0.094156325 -0.003240688 -0.013749898 0.999220431 -0.037006352 -0.202446714 -0.094718859 0.035541821 0.994869411 -0.032374751
0.995377898 0.016146578 0.094668798 -0.003321369 -0.013141827 0.999392509 -0.032277644 -0.192873016 -0.095132463 0.030884333 0.994985402 -0.028544022
0.994921684 0.014663245 0.099578328 -0.002924399 -0.012073685 0.999574363 -0.026558306 -0.178020120 -0.099925376 0.025221158 0.994675219 -0.022145884
0.994365573 0.015776262 0.104824856 0.001219830 -0.013741398 0.999703407 -0.020106003 -0.158068880 -0.105110958 0.018552277 0.994287431 -0.017203799
0.993565559 0.022050848 0.111090891 0.003880783 -0.020646861 0.999691963 -0.013772903 -0.134871304 -0.111360379 0.011390604 0.993714809 -0.008674601
0.992877603 0.027441863 0.115935147 0.006490278 -0.026676010 0.999610901 -0.008152587 -0.109861128 -0.116113752 0.005001835 0.993223310 0.000191824
0.992299855 0.036328219 0.118411317 0.009400353 -0.036312871 0.999337852 -0.002287828 -0.083384559 -0.118416026 -0.002029643 0.992962003 0.008848201
0.992034614 0.040289596 0.119348399 0.011945503 -0.041144498 0.999142110 0.004706649 -0.057252832 -0.119056381 -0.009579688 0.992841303 0.017227769
0.992623150 0.043592464 0.113132805 0.014080907 -0.045461040 0.998868167 0.013988481 -0.030873863 -0.112394959 -0.019028425 0.993481398 0.023673985
0.993115366 0.045500275 0.107942589 0.016389456 -0.048453603 0.998515129 0.024895703 -0.005358231 -0.106649540 -0.029954514 0.993845344 0.029088886
0.994260550 0.046715990 0.096247181 0.017898925 -0.050446644 0.998052299 0.036698300 0.019219888 -0.094345316 -0.041343022 0.994680703 0.031219192
0.995485544 0.045628108 0.083226472 0.017990023 -0.049845278 0.997538626 0.049316715 0.041392054 -0.080771387 -0.053242523 0.995309591 0.031144384
0.996641040 0.041352004 0.070687138 0.018243872 -0.045849949 0.996944547 0.063240446 0.059763271 -0.067856036 -0.066269018 0.995491803 0.029469162
0.997682869 0.035628669 0.057961032 0.017380554 -0.040168047 0.996054113 0.079137452 0.073322169 -0.054912761 -0.081282265 0.995177269 0.027657151
0.998301148 0.029661013 0.050150465 0.018084271 -0.034292921 0.994964719 0.094176643 0.085495315 -0.047104571 -0.095736451 0.994291544 0.022530397
0.998921573 0.021490026 0.041156318 0.017151361 -0.025920458 0.993556499 0.110334218 0.092713878 -0.038520042 -0.111282021 0.993042052 0.018783525
0.999323785 0.014669709 0.033716846 0.016548332 -0.018902704 0.991480947 0.128872827 0.097277135 -0.031539086 -0.129423007 0.991087794 0.014107615
0.999557555 0.008862762 0.028393103 0.016022796 -0.012959329 0.988974154 0.147520140 0.099531494 -0.026772609 -0.147822812 0.988651454 0.008480225
0.999579787 0.003923397 0.028720047 0.015839273 -0.008718272 0.985613465 0.168790013 0.100499816 -0.027644634 -0.168969482 0.985233545 0.004081946
0.999386966 -0.001284771 0.034986809 0.015645193 -0.005483580 0.981248319 0.192669705 0.100541621 -0.034578286 -0.192743436 0.980639756 0.000720928
0.998820126 -0.003912999 0.048404925 0.015816143 -0.006702019 0.976103842 0.217201188 0.100132123 -0.048098139 -0.217269316 0.974925935 -0.001858119
0.998097003 -0.009160025 0.060979370 0.014509272 -0.005652941 0.971148789 0.238407388 0.099902116 -0.061403859 -0.238298401 0.969248891 -0.004598043
0.997359097 -0.015195668 0.071020551 0.012416928 -0.003576931 0.966403484 0.257004917 0.098248050 -0.072539873 -0.256580234 0.963796973 -0.007353476
0.996959329 -0.020882949 0.075073197 0.010146081 -0.000485844 0.961736381 0.273976088 0.096274748 -0.077922061 -0.273179471 0.958801925 -0.011558850
0.996807873 -0.024702750 0.075920224 0.007860265 0.001425358 0.956283212 0.292438745 0.095230401 -0.079825282 -0.291397035 0.953265786 -0.016230578
0.996575058 -0.030963840 0.076677509 0.006190771 0.005525989 0.950114250 0.311853141 0.094463147 -0.082508571 -0.310361356 0.947031260 -0.021049578
0.996345818 -0.036243949 0.077339441 0.005061226 0.008558563 0.943307817 0.331808925 0.094666660 -0.084980965 -0.329934537 0.940171003 -0.026446339
0.996087015 -0.043036617 0.077191010 0.004619771 0.013233681 0.936207771 0.351197898 0.095536783 -0.087381184 -0.348802149 0.933113933 -0.032393236
0.996075571 -0.043890532 0.076857738 0.004756540 0.012428425 0.929138362 0.369523287 0.096664526 -0.087630041 -0.367117882 0.926037490 -0.038522635
0.996153712 -0.043116111 0.076280959 0.006095691 0.010427076 0.922703147 0.385370165 0.097201772 -0.087000348 -0.383092552 0.919603765 -0.044286169
0.996433794 -0.041588984 0.073416770 0.008192739 0.008988673 0.917460859 0.397724569 0.096415162 -0.083897963 -0.395646274 0.914562821 -0.049588624
0.996685505 -0.040506534 0.070549540 0.011345601 0.008508472 0.914370358 0.404789388 0.095107414 -0.080905028 -0.402847469 0.911684334 -0.053285044
0.996637702 -0.042089932 0.070297457 0.015670020 0.009960584 0.913845181 0.405940592 0.093023241 -0.081326999 -0.403875470 0.911191821 -0.055124145
0.996792257 -0.041488864 0.068438664 0.020970941 0.010570442 0.915895343 0.401277930 0.090549156 -0.079331219 -0.399267286 0.913395941 -0.056505483
0.997063577 -0.042442843 0.063740760 0.025234217 0.013915271 0.918916523 0.394206524 0.088766247 -0.075303689 -0.392161965 0.916808784 -0.056261476
0.997315526 -0.041852597 0.060084067 0.029833486 0.015421853 0.922204375 0.386395186 0.086900808 -0.071581431 -0.384431332 0.920374215 -0.054794542
0.997508943 -0.039601631 0.058374524 0.033470906 0.014531662 0.925154626 0.379312217 0.086337745 -0.069026843 -0.377519071 0.923425496 -0.052932523
0.997834921 -0.034684353 0.055878770 0.035460144 0.011302565 0.927428365 0.373829961 0.086266540 -0.064789608 -0.372389019 0.925812483 -0.050907698
0.998148680 -0.031603329 0.051966079 0.036585558 0.010181125 0.929167092 0.369519860 0.086035028 -0.059963226 -0.368306667 0.927768648 -0.048780780
0.998526275 -0.024948567 0.048195653 0.037646588 0.005510947 0.930091441 0.367286742 0.084870309 -0.053989641 -0.366479874 0.928858221 -0.046331614
0.998703778 -0.022156475 0.045824397 0.038520090 0.003712641 0.929598629 0.368554771 0.084109962 -0.050764170 -0.367906928 0.928475916 -0.043929100
0.998866022 -0.017906360 0.044113893 0.040032066 0.000161222 0.927842557 0.372972012 0.083147869 -0.047609318 -0.372541964 0.926793337 -0.041589972
0.998940766 -0.014681498 0.043609403 0.043013290 -0.002865562 0.926045239 0.377401620 0.083100565 -0.045925103 -0.377126843 0.925022304 -0.039345801
0.999022543 -0.013693377 0.042029701 0.046975851 -0.003311200 0.924956560 0.380058527 0.082239695 -0.044079930 -0.379826188 0.924007058 -0.036650006
0.998979270 -0.015099158 0.042572744 0.052616991 -0.002306747 0.924196422 0.381910563 0.081380293 -0.045112103 -0.381618917 0.923218250 -0.033490673
0.998900294 -0.017409168 0.043533508 0.059431829 -0.000609695 0.923606098 0.383342415 0.079042301 -0.046881486 -0.382947356 0.922579765 -0.031691272
0.998759389 -0.019778768 0.045699704 0.068985119 0.000666104 0.922958970 0.384897798 0.077873707 -0.049791757 -0.384389848 0.921827137 -0.028081611
0.998620629 -0.022710912 0.047339693 0.080075949 0.002650629 0.922269523 0.386538386 0.076677486 -0.052438594 -0.385879755 0.921057582 -0.024750136
0.998463094 -0.027044374 0.048374053 0.092722923 0.006120767 0.921324134 0.388747156 0.075654417 -0.055081610 -0.387853622 0.920073688 -0.021913543
0.998298347 -0.031620685 0.048995256 0.107047141 0.009968836 0.920386612 0.390882462 0.074369781 -0.057454549 -0.389728874 0.919135690 -0.019286416
0.998113692 -0.035555437 0.050048169 0.123125181 0.013103719 0.919815898 0.392131329 0.072960436 -0.059977505 -0.390735865 0.918546796 -0.017049223
0.997789383 -0.039717652 0.053280458 0.139694333 0.015717287 0.920042992 0.391502053 0.071636692 -0.064569853 -0.389799148 0.918633401 -0.014853449
0.997401953 -0.044220418 0.056867387 0.158026576 0.018767893 0.921668768 0.387523472 0.069538668 -0.069549344 -0.385449409 0.920104146 -0.012316409
0.996855199 -0.049519971 0.061866924 0.176810041 0.022237776 0.924144447 0.381395519 0.066903897 -0.076060668 -0.378820300 0.922339380 -0.009832611
0.996154308 -0.055973805 0.067405276 0.196016267 0.026726961 0.926790476 0.374626637 0.063887060 -0.083439849 -0.371384382 0.924722373 -0.007592763
0.995388925 -0.060826398 0.074169144 0.215003565 0.029208740 0.928713799 0.369645119 0.061746962 -0.091366082 -0.365774274 0.926208079 -0.005272812
0.994598746 -0.066151612 0.079983070 0.233546868 0.032198787 0.929216087 0.368131340 0.060633782 -0.098674044 -0.363567591 0.926327169 -0.003176624
0.993793666 -0.069991037 0.086460255 0.252073526 0.033359434 0.928991795 0.368593752 0.063531324 -0.106119119 -0.363421857 0.925561070 0.002680176
0.992778480 -0.073575750 0.094749488 0.269466251 0.032791037 0.926189065 0.375630856 0.064422831 -0.115393259 -0.369811296 0.921913266 0.004049330
0.991627991 -0.076133482 0.104295567 0.286069036 0.030204205 0.922047317 0.385896981 0.065915331 -0.125545129 -0.379516125 0.916627526 0.005329881
0.990438640 -0.082048401 0.110902734 0.301173985 0.031816974 0.918095350 0.395080447 0.067739204 -0.134235010 -0.387774348 0.911927640 0.006409711
0.990043581 -0.085263588 0.111999407 0.313740551 0.033411659 0.915276706 0.401437670 0.069541074 -0.136738464 -0.393698722 0.909012616 0.007552948
0.989935219 -0.084854670 0.113260709 0.325045377 0.031989709 0.913762152 0.404988170 0.071364775 -0.137858480 -0.397288859 0.907279789 0.008588371
0.990074933 -0.084491752 0.112306520 0.333936602 0.031951979 0.913503408 0.405574441 0.073351093 -0.136860073 -0.397960663 0.907136500 0.010525411
0.990224421 -0.084867023 0.110694200 0.340859056 0.033196449 0.914188206 0.403928131 0.074944027 -0.135475501 -0.396304816 0.908068776 0.011509964
0.990410924 -0.086199693 0.107962035 0.345533550 0.035991289 0.915473700 0.400764883 0.075903803 -0.133382216 -0.393036246 0.909797609 0.012206734
0.990777850 -0.086212233 0.104530647 0.348080993 0.037864778 0.916898072 0.397321284 0.076612160 -0.130097896 -0.389699101 0.911706746 0.012003761
0.990740478 -0.088367239 0.103075378 0.348481506 0.040845320 0.918019116 0.394426912 0.077448800 -0.129479587 -0.386564583 0.913128078 0.011838202
0.990650058 -0.089675725 0.102813952 0.346948504 0.042288456 0.918340921 0.393524617 0.078198276 -0.129707858 -0.385497361 0.913546741 0.011443170
0.990363121 -0.088327602 0.106672771 0.343439698 0.039405644 0.918107331 0.394367993 0.078573026 -0.132770628 -0.386364043 0.912740290 0.010886054
0.990211487 -0.087130971 0.109038599 0.337870598 0.037392534 0.918264627 0.394197822 0.077753119 -0.134473130 -0.386262000 0.912534177 0.009548923
0.990234435 -0.087216049 0.108762048 0.329760790 0.037688725 0.918569565 0.393458396 0.076493241 -0.134221390 -0.385516912 0.912886262 0.007631686
0.990495145 -0.086155653 0.107222334 0.319915026 0.037449297 0.918995142 0.392486244 0.075432740 -0.132351711 -0.384740323 0.913486719 0.004867773
0.990908682 -0.086441137 0.103091791 0.307839662 0.039211266 0.918568254 0.393312573 0.075176746 -0.128695235 -0.385694504 0.913606763 0.002076752
0.991645932 -0.083279304 0.098503612 0.294518709 0.037744530 0.917570710 0.395776868 0.075843126 -0.123344056 -0.388752520 0.913048625 -0.000738426
0.992193758 -0.081352122 0.094516739 0.279735863 0.037167974 0.916382968 0.398573518 0.076711774 -0.119038329 -0.391949177 0.912253141 -0.003115396
0.992710710 -0.080213085 0.089951538 0.263256043 0.037749529 0.915740371 0.399993181 0.077583231 -0.114456944 -0.393681884 0.912093282 -0.005344267
0.993285060 -0.078983970 0.084536023 0.244928420 0.038811959 0.915842175 0.399658263 0.078035206 -0.108988248 -0.393693566 0.912757874 -0.007590921
0.993932903 -0.075954765 0.079550222 0.225846082 0.038172036 0.916521370 0.398160160 0.078306817 -0.103151634 -0.392707884 0.913860083 -0.010233348
0.994594812 -0.072508305 0.074321628 0.205387115 0.037449885 0.918112516 0.394546419 0.077907450 -0.096843511 -0.389630467 0.915865421 -0.013092663
0.995280623 -0.068597764 0.068635747 0.184054330 0.036567215 0.920290351 0.389523417 0.077106722 -0.089885250 -0.385175258 0.918455601 -0.016392928
0.995968997 -0.063129522 0.063720994 0.161721796 0.033904918 0.922649503 0.384146243 0.076338455 -0.083043106 -0.380437285 0.921070755 -0.020010896
0.996409178 -0.060007885 0.059731569 0.139248803 0.032947950 0.924673855 0.379331887 0.074944615 -0.077995121 -0.376001716 0.923330665 -0.023096643
0.996786714 -0.057428047 0.055841275 0.116312422 0.032225087 0.925731063 0.376807123 0.073369168 -0.073333301 -0.373796850 0.924607038 -0.025728026
0.997149289 -0.054646615 0.052029468 0.092612706 0.031055700 0.925672293 0.377049565 0.072653793 -0.068766721 -0.374358892 0.924730539 -0.028538309
0.997641146 -0.049847592 0.047194481 0.068593837 0.028265279 0.924831808 0.379324704 0.072691292 -0.062555380 -0.377095968 0.924059212 -0.031186240
0.998023093 -0.046460688 0.042323403 0.044212293 0.026722118 0.923221171 0.383338779 0.073678106 -0.056884043 -0.381449968 0.922637582 -0.033591658
0.998398423 -0.041215684 0.038753591 0.019603515 0.023060758 0.922009885 0.386478931 0.074652635 -0.051660188 -0.384966284 0.921483696 -0.036332071
0.998635828 -0.036861733 0.036982849 -0.004167821 0.019690229 0.921821594 0.387113988 0.075945206 -0.048361279 -0.385857701 0.921289861 -0.038100574
0.998774767 -0.035215441 0.034767963 -0.027882071 0.019107305 0.922512949 0.385492951 0.077423252 -0.045649201 -0.384356290 0.922055542 -0.039443105
0.998940766 -0.033773735 0.031252518 -0.051794961 0.019242145 0.923546195 0.383004069 0.079056904 -0.041798621 -0.381996989 0.923217833 -0.041153148
0.999085963 -0.031075172 0.029351939 -0.075266980 0.017581385 0.924625456 0.380471617 0.081000686 -0.038962770 -0.379607826 0.924326658 -0.042643242
0.999239802 -0.028429553 0.026676072 -0.098587491 0.016241722 0.925628364 0.378085196 0.082980223 -0.035440922 -0.377364516 0.925386429 -0.044142280
0.999366999 -0.026159417 0.024109636 -0.122174673 0.015162364 0.926278174 0.376535356 0.084238388 -0.032182172 -0.375931442 0.926088452 -0.047592767
0.999549448 -0.024439845 0.017423442 -0.144673556 0.016066395 0.925994873 0.377194047 0.086930230 -0.025352580 -0.376744151 0.925970376 -0.048810121
0.999722183 -0.021407792 0.009859663 -0.165861562 0.016041661 0.924515367 0.380807042 0.089997835 -0.017267646 -0.380543113 0.924601972 -0.050360613
0.999840677 -0.017686674 0.002407549 -0.185307875 0.015377219 0.921961486 0.386976123 0.093329400 -0.009063987 -0.386877477 0.922086596 -0.051888958
0.999877930 -0.014495093 -0.005827829 -0.203280285 0.015619198 0.919500768 0.392777771 0.096820757 -0.000334657 -0.392820865 0.919614971 -0.052905444
0.999793172 -0.013465491 -0.015239631 -0.219874606 0.018402502 0.917993307 0.396168709 0.099920280 0.008655273 -0.396367252 0.918051243 -0.053853076
0.999637187 -0.011896841 -0.024165822 -0.235365480 0.020478714 0.918473244 0.394952536 0.101937130 0.017496975 -0.395304143 0.918383658 -0.056522995
0.999491751 -0.009937252 -0.030289643 -0.247805655 0.020971786 0.920573175 0.390006632 0.102942862 0.024008241 -0.390443653 0.920313716 -0.057279114
0.999314070 -0.008266984 -0.036097810 -0.257404923 0.021489576 0.923309982 0.383453906 0.103127055 0.030159459 -0.383966625 0.922854304 -0.057336666
0.999091923 -0.007962227 -0.041855790 -0.264368057 0.023174640 0.925906897 0.377040237 0.102842093 0.035752483 -0.377667874 0.925250649 -0.057748020
0.998999655 -0.006624701 -0.044224918 -0.268017232 0.022661071 0.927576482 0.372945547 0.102497853 0.038551338 -0.373574674 0.926798701 -0.058331113
0.999014854 -0.004780756 -0.044118632 -0.268554062 0.020857533 0.928109229 0.371723294 0.102375545 0.039169792 -0.372277319 0.927294612 -0.059931599
0.999123037 -0.002345295 -0.041805394 -0.266849041 0.017784176 0.927665532 0.372988522 0.101651087 0.037906654 -0.373404920 0.926893651 -0.063936926
0.999304712 -0.002449144 -0.037203055 -0.261257231 0.016237525 0.926826477 0.375138670 0.100997798 0.033562008 -0.375481933 0.926221848 -0.065535791
0.999491870 -0.001968558 -0.031814251 -0.252461463 0.013809893 0.926296532 0.376542211 0.100142919 0.028728187 -0.376790226 0.925853014 -0.067068718
0.999702394 -0.002807462 -0.024233067 -0.240214929 0.011725824 0.926379085 0.376409680 0.098983914 0.021392250 -0.376581818 0.926136374 -0.066995263
0.999847889 -0.002399248 -0.017275244 -0.226209193 0.008692492 0.927259445 0.374318600 0.097372264 0.015120550 -0.374411821 0.927139223 -0.068249911
0.999950945 -0.002330203 -0.009625329 -0.210193679 0.005739141 0.928431094 0.371460348 0.095588148 0.008070877 -0.371497363 0.928398967 -0.069424421
0.999988377 -0.003938093 -0.002787100 -0.193339959 0.004688086 0.929593205 0.368557334 0.093753397 0.001139457 -0.368566096 0.929600835 -0.070591807
0.999977291 -0.005530150 0.003850678 -0.174297914 0.003731462 0.930236757 0.366941005 0.092102930 -0.005611280 -0.366918296 0.930236280 -0.071333334
0.999926209 -0.007252156 0.009746476 -0.154087096 0.003163524 0.930033267 0.367461741 0.090722144 -0.011729437 -0.367403805 0.929987550 -0.071596198
0.999820769 -0.011258669 0.015219746 -0.133083746 0.004817830 0.928791761 0.370570719 0.089727424 -0.018308109 -0.370431006 0.928679526 -0.070643730
0.999743462 -0.015471912 0.016543342 -0.111220203 0.008123866 0.926691651 0.375734836 0.089296989 -0.021143911 -0.375504047 0.926579535 -0.069765851
0.999627292 -0.020237720 0.018323503 -0.088326983 0.011716122 0.924241304 0.381629080 0.089296587 -0.024658639 -0.381272167 0.924133897 -0.068364576
0.999522388 -0.023198577 0.020417014 -0.063577734 0.013509041 0.922194004 0.386491507 0.089200489 -0.027794501 -0.386031121 0.922066927 -0.066768438
0.999421060 -0.024571940 0.023532970 -0.039461613 0.013493042 0.921205997 0.388841212 0.089242749 -0.031233294 -0.388298571 0.921004176 -0.065023735
0.999392331 -0.025278149 0.024000032 -0.015567018 0.013959030 0.921156943 0.388940960 0.089163810 -0.031939503 -0.388369590 0.920949996 -0.063005216
0.999404788 -0.026422933 0.022177542 0.007063703 0.015768584 0.921710312 0.387558341 0.088506833 -0.030681698 -0.386977971 0.921578348 -0.060778286
0.999411047 -0.027735412 0.020205704 0.029735114 0.017776586 0.922122002 0.386490732 0.087776579 -0.029351601 -0.385903925 0.922071934 -0.058411896
0.999364138 -0.030056264 0.019182667 0.052708264 0.020292006 0.921793461 0.387149870 0.085905127 -0.029318735 -0.386514425 0.921817243 -0.056074921
0.999257922 -0.032863826 0.020089500 0.073364392 0.022498017 0.921332836 0.388123274 0.085845828 -0.031264331 -0.387383282 0.921388507 -0.052497197
0.999142587 -0.035126615 0.021913785 0.093040213 0.023786884 0.920260429 0.390582830 0.086177975 -0.033886239 -0.389726669 0.920306921 -0.049725652
0.999002516 -0.036871266 0.025187967 0.110966481 0.024004750 0.919086039 0.393325061 0.087111853 -0.037652299 -0.392328113 0.919054389 -0.046766948
0.998779476 -0.039655697 0.029445009 0.126977950 0.024766643 0.917879581 0.396085471 0.088523105 -0.042734019 -0.394872755 0.917741418 -0.044376917
0.998536527 -0.042701639 0.033186689 0.140307561 0.026025005 0.917327523 0.397281915 0.090656303 -0.047407649 -0.395836800 0.917096376 -0.041238133
0.998307765 -0.046408072 0.035040867 0.151308954 0.028683640 0.917157769 0.397490799 0.093295120 -0.050584782 -0.395813048 0.916936874 -0.037391730
0.998062015 -0.047213312 0.040535431 0.161244422 0.027353387 0.917970479 0.395704448 0.096216261 -0.055892844 -0.393828809 0.917482913 -0.033356503
0.997361302 -0.050563771 0.052093271 0.170524254 0.026364114 0.920841157 0.389045626 0.098817706 -0.067641243 -0.386645645 0.919744432 -0.028145896
0.996158361 -0.055154487 0.068018787 0.178664044 0.025459351 0.925589025 0.377672821 0.101162851 -0.083787791 -0.374490231 0.923437417 -0.022168865
0.994966209 -0.057894595 0.081794970 0.185410678 0.024612909 0.932409108 0.360565424 0.102568313 -0.097141169 -0.356737196 0.929140568 -0.016567357
0.993961275 -0.057375580 0.093536228 0.190006584 0.022175221 0.939850867 0.340864509 0.103744656 -0.107467398 -0.336731941 0.935447693 -0.011453350
0.992821038 -0.055830769 0.105779342 0.193842843 0.019055203 0.946909547 0.320934922 0.103889607 -0.118081518 -0.316615313 0.941175580 -0.006729582
0.991416156 -0.055697165 0.118287161 0.197215587 0.017718187 0.953611672 0.300517589 0.103316717 -0.129538000 -0.295842141 0.946412861 -0.002459500
0.990079284 -0.056621328 0.128596410 0.200033188 0.017985009 0.958752573 0.283672482 0.101990774 -0.139354035 -0.278545469 0.950259387 0.001495078
0.988588214 -0.059702322 0.138307661 0.203138903 0.019844698 0.961725116 0.273296416 0.100280531 -0.149330378 -0.267432928 0.951934934 0.005471752
0.987084389 -0.067664236 0.145209998 0.206538171 0.025722599 0.961604476 0.273230970 0.098514892 -0.158122540 -0.265966833 0.950925291 0.009002690
0.985422850 -0.075575940 0.152414322 0.211253226 0.030190656 0.959373772 0.280518323 0.096740574 -0.167422742 -0.271827668 0.947670460 0.014305921
0.983147383 -0.085719995 0.161472142 0.217232659 0.036111042 0.956911981 0.288124114 0.094598256 -0.179212630 -0.277437538 0.943880975 0.021774432
0.980780959 -0.095679328 0.170041621 0.224301532 0.041775569 0.954275072 0.295996457 0.092177831 -0.190587223 -0.283204108 0.939931870 0.030910419
0.978442967 -0.105055518 0.177799687 0.231551677 0.046807162 0.951349974 0.304536134 0.089777000 -0.201142922 -0.289648920 0.935759068 0.040885516
0.976708353 -0.111761227 0.183167070 0.238675386 0.049573794 0.948082209 0.314137787 0.087442294 -0.208765864 -0.297740728 0.931540251 0.051562916
0.975723028 -0.115866959 0.185847700 0.245113805 0.050666288 0.944990158 0.323150992 0.084585018 -0.213066757 -0.305889666 0.927919209 0.062786788
0.975652754 -0.118088834 0.184815332 0.249714673 0.051310442 0.942184448 0.331142962 0.081196815 -0.213234410 -0.313597620 0.925304055 0.074360743
0.975931883 -0.123274587 0.179889709 0.252825737 0.056368627 0.939462185 0.337984234 0.077170052 -0.210664451 -0.319709450 0.923799992 0.087486595
0.977298617 -0.124861173 0.171164110 0.253485084 0.059901588 0.937765956 0.342062533 0.073531628 -0.203222200 -0.324044228 0.923956752 0.100009188
0.979374588 -0.122274481 0.160854965 0.252138555 0.060828932 0.937598348 0.342358291 0.068268478 -0.192679018 -0.325512409 0.925697803 0.114766702
0.982220888 -0.115399711 0.148071095 0.247878850 0.059599407 0.939632058 0.336956263 0.062314052 -0.178017005 -0.322140515 0.929803967 0.129301101
0.985198021 -0.105670989 0.134975910 0.241518542 0.056287766 0.943159282 0.327539802 0.056614697 -0.161915243 -0.315094054 0.935146630 0.144432724
0.988394380 -0.093253359 0.119918376 0.232976735 0.050885130 0.947042286 0.317051500 0.051532395 -0.143133879 -0.307269841 0.940796435 0.159435138
0.991196036 -0.079687245 0.105737291 0.222264990 0.043464854 0.950183630 0.308645338 0.047406670 -0.125064939 -0.301332206 0.945281804 0.174280122
0.993765473 -0.066348128 0.089599557 0.208464175 0.036189336 0.952098489 0.303642571 0.043661550 -0.105453722 -0.298506975 0.948563695 0.190139845
0.996199012 -0.053795256 0.068509974 0.192239001 0.030717961 0.952940226 0.301597893 0.040883414 -0.081510447 -0.298347056 0.950970590 0.202470422
0.998131156 -0.042867877 0.043549880 0.172847912 0.027764089 0.952988446 0.301731974 0.038353216 -0.054437138 -0.299958974 0.952397645 0.212443292
0.999359310 -0.032703955 0.014540777 0.149984419 0.026724465 0.952090681 0.304645956 0.037764262 -0.023807265 -0.304062188 0.952354670 0.218745008
0.999686003 -0.021257015 -0.013266254 0.124920174 0.024319882 0.950605392 0.309447736 0.038409017 0.006033039 -0.309673220 0.950823903 0.222872734
0.999131858 -0.009938952 -0.040457234 0.097737439 0.022192489 0.948842943 0.314967632 0.039626814 0.035257109 -0.315592051 0.948239744 0.223592415
0.997663140 0.001935729 -0.068297386 0.068202108 0.020088982 0.947104514 0.320295960 0.041420981 0.065304771 -0.320919484 0.944852352 0.221567035
0.995431900 0.014612307 -0.094349615 0.037875466 0.016964590 0.945422292 0.325405687 0.044465035 0.093955167 -0.325519770 0.940855622 0.214977205
0.992566764 0.029398039 -0.118097544 0.007030107 0.011180889 0.944255054 0.329024851 0.048433319 0.121186897 -0.327899575 0.936907470 0.204664022
0.988928199 0.038322456 -0.143361226 -0.024520764 0.011456583 0.943478942 0.331234455 0.053049732 0.147952005 -0.329209507 0.932593882 0.188290179
0.985250056 0.042155009 -0.165847033 -0.054970458 0.015555675 0.943105221 0.332130402 0.057328746 0.170412153 -0.329811364 0.928538740 0.171105608
0.981060982 0.043300722 -0.188797191 -0.083850503 0.022434022 0.942733407 0.332791924 0.062160071 0.192395553 -0.330724657 0.923907518 0.151099503
