1.000000000 0.000000000 0.000000000 0.000000000 0.000000000 1.000000000 0.000000000 0.000000507 0.000000000 0.000000000 1.000000000 -0.000001431
0.999997914 0.000838360 0.001847522 -0.000424116 -0.000856865 0.999949276 0.010038370 0.022609381 -0.001839013 -0.010039933 0.999947906 0.006698463
0.999997854 0.000861260 0.001888491 -0.000979783 -0.000903922 0.999741733 0.022707174 0.045694862 -0.001868447 -0.022708831 0.999740362 0.013973019
0.999995708 -0.002603931 0.001364294 -0.001996121 0.002557890 0.999461055 0.032726958 0.071299449 -0.001448777 -0.032723330 0.999463379 0.021172436
0.999990165 -0.003949609 0.002014095 -0.003003743 0.003865806 0.999190629 0.040039852 0.096361533 -0.002170606 -0.040031672 0.999196053 0.028306898
0.999967813 -0.007912799 0.001331512 -0.004163703 0.007845559 0.998974383 0.044593703 0.123584084 -0.001683007 -0.044581819 0.999004304 0.037110597
0.999947309 -0.010250473 0.000516270 -0.004948692 0.010213517 0.998777807 0.048359130 0.148232967 -0.001011343 -0.048351306 0.998829901 0.043272700
0.999939024 -0.011022729 -0.000628840 -0.005608404 0.011040553 0.998549044 0.052706428 0.171286702 0.000046959 -0.052710161 0.998609841 0.049320791
0.999955177 -0.009424930 -0.000908944 -0.006003145 0.009461694 0.998285949 0.057754993 0.192880288 0.000363049 -0.057761006 0.998330355 0.054388780
0.999990821 -0.004278378 -0.000304252 -0.007208215 0.004289120 0.997837782 0.065585047 0.213444054 0.000022997 -0.065585747 0.997846961 0.058012631
0.999992430 -0.002996973 -0.002471187 -0.007887710 0.003178917 0.997006953 0.077246614 0.229786560 0.002232285 -0.077253886 0.997008979 0.061079651
0.999997556 0.001575258 -0.001552281 -0.009134449 -0.001425481 0.995742261 0.092169896 0.246305406 0.001690863 -0.092167452 0.995742083 0.063155927
0.999993563 0.002148301 -0.002871970 -0.009832826 -0.001821320 0.993999600 0.109368458 0.258612573 0.003089694 -0.109362528 0.993997157 0.065282024
0.999990165 0.001015447 -0.004313108 -0.010391990 -0.000462599 0.991992652 0.126294583 0.265339077 0.004406817 -0.126291335 0.991983414 0.066016994
0.999978483 -0.001032967 -0.006479199 -0.011022213 0.001926712 0.990221143 0.139493227 0.264013916 0.006271747 -0.139502704 0.990201831 0.065101154
0.999956131 -0.001517453 -0.009243705 -0.012359418 0.002844147 0.989390552 0.145252183 0.253263652 0.008925221 -0.145272091 0.989351511 0.059172966
0.999951899 -0.000707512 -0.009780771 -0.012893290 0.002102597 0.989666522 0.143372670 0.234383911 0.009578264 -0.143386349 0.989620447 0.054085765
0.999972224 0.003960842 -0.006317120 -0.013850017 -0.003065404 0.990712583 0.135938227 0.209131777 0.006796879 -0.135915071 0.990697205 0.048339650
0.999963403 0.008477551 -0.001155104 -0.014122460 -0.008269125 0.992260337 0.123899281 0.179517165 0.002196526 -0.123885199 0.992294133 0.041921999
0.999884725 0.014076201 0.005688367 -0.013766106 -0.014619771 0.993740618 0.110751264 0.144140676 -0.004093804 -0.110821657 0.993831873 0.036118075
0.999660015 0.020624597 0.015953189 -0.013804908 -0.022072181 0.995074987 0.096636370 0.105226234 -0.013881534 -0.096955642 0.995191872 0.027087560
0.999205053 0.029245477 0.027090751 -0.014247798 -0.031360768 0.996199071 0.081264749 0.066431366 -0.024611153 -0.082049742 0.996324301 0.019452140
0.998935878 0.033735819 0.031447969 -0.014925119 -0.035765745 0.997152328 0.066393450 0.027380787 -0.029118577 -0.067447558 0.997297823 0.011372751
0.998845994 0.036125731 0.031649154 -0.016513130 -0.037722457 0.997965574 0.051397432 -0.005642852 -0.029727997 -0.052531999 0.998176634 0.003987615
0.998941839 0.035339456 0.029434400 -0.017136898 -0.036452133 0.998606384 0.038164604 -0.039853785 -0.028044662 -0.039197166 0.998837888 -0.004731901
0.999072552 0.030919958 0.029966541 -0.018543346 -0.031678718 0.999180734 0.025185136 -0.073101692 -0.029163267 -0.026111079 0.999233544 -0.012117919
0.999218404 0.024839744 0.030750819 -0.018509932 -0.025136884 0.999640644 0.009314220 -0.101594239 -0.030508406 -0.010079920 0.999483705 -0.018067205
0.999282420 0.021096300 0.031457469 -0.018210575 -0.020890381 0.999758244 -0.006860383 -0.126789272 -0.031594589 0.006198302 0.999481559 -0.024591058
0.999367476 0.016706949 0.031392410 -0.017052947 -0.015924683 0.999560475 -0.025005922 -0.147288069 -0.031796388 0.024490193 0.999194264 -0.030281994
0.999359012 0.018411122 0.030700969 -0.016088137 -0.017188929 0.999067366 -0.039609175 -0.164523333 -0.031401586 0.039056074 0.998743474 -0.037156437
0.999329031 0.018229416 0.031767692 -0.016599953 -0.016637867 0.998627424 -0.049663376 -0.174662217 -0.032629427 0.049101505 0.998260677 -0.041688208
0.999122500 0.022563994 0.035286330 -0.012601741 -0.020694915 0.998408258 -0.052465696 -0.173406765 -0.036413997 0.051689412 0.997999132 -0.038898919
0.998631895 0.033852052 0.039853916 -0.008405708 -0.032349724 0.998763263 -0.037755750 -0.147316799 -0.041082732 0.036414832 0.998491943 -0.032273673
0.998668730 0.031139791 0.041122794 -0.005437931 -0.030109148 0.999222577 -0.025448585 -0.124695107 -0.041883290 0.024176532 0.998829961 -0.024796648
0.998735905 0.029399198 0.040771011 -0.009262428 -0.028947879 0.999513447 -0.011616291 -0.097971737 -0.041092683 0.010421372 0.999100983 -0.023628371
0.998914003 0.024492078 0.039634816 -0.007666488 -0.024449799 0.999699831 -0.001551119 -0.068466373 -0.039660908 0.000580372 0.999213040 -0.014756743
0.998927295 0.026472850 0.037993006 -0.004715467 -0.026712449 0.999626279 0.005812647 -0.038205456 -0.037824929 -0.006821298 0.999261081 -0.006137809
0.999054730 0.024784449 0.035711739 -0.003410931 -0.025106385 0.999647856 0.008594686 -0.004048831 -0.035486151 -0.009483155 0.999325156 0.003215648
0.999265313 0.024288690 0.029646497 -0.002400014 -0.024647525 0.999626577 0.011798878 0.028537802 -0.029348847 -0.012520921 0.999490798 0.010172785
0.999354362 0.023134409 0.027488705 -0.001141612 -0.023606284 0.999577343 0.016967477 0.061304592 -0.027084555 -0.017605430 0.999478102 0.019154239
0.999524176 0.018885391 0.024387924 -0.000931756 -0.019536784 0.999451160 0.026753454 0.093665980 -0.023869289 -0.027217185 0.999344528 0.026163271
0.999410629 0.012281968 0.032055400 -0.000296604 -0.014062797 0.998335421 0.055933934 0.155437991 -0.031315066 -0.056351755 0.997919738 0.041772027
0.999275208 0.013222607 0.035695732 -0.000636634 -0.015807699 0.997196555 0.073137723 0.182001159 -0.034628592 -0.073648982 0.996682823 0.048177525
0.999263346 0.015097121 0.035281628 -0.001353316 -0.018207701 0.995813608 0.089575522 0.203998670 -0.033781596 -0.090151928 0.995354950 0.051357541
0.999409318 0.013608925 0.031556830 -0.002768524 -0.016826503 0.994429886 0.104048528 0.219220057 -0.029965065 -0.104518063 0.994071484 0.053812366
0.999531746 0.015611632 0.026317379 -0.005844857 -0.018726436 0.992279172 0.122602299 0.230032504 -0.024200166 -0.123037711 0.992106915 0.055109691
0.999604404 0.015637865 0.023376033 -0.007480938 -0.018433997 0.992031515 0.124633998 0.219761431 -0.021240752 -0.125015616 0.991927385 0.053272367
0.999674261 0.014088988 0.021281539 -0.009418786 -0.016537940 0.992676020 0.119669579 0.203681529 -0.019439651 -0.119982548 0.992585659 0.049356889
0.999706089 0.013065861 0.020420909 -0.013040789 -0.014890230 0.995656610 0.091903068 0.145751551 -0.019131422 -0.092180125 0.995558560 0.029755894
0.999593735 0.016837507 0.022997579 -0.014137514 -0.018596470 0.996737123 0.078545086 0.117837146 -0.021600036 -0.078940846 0.996645272 0.026762428
0.999494076 0.017445713 0.026594471 -0.015120083 -0.019231785 0.997468889 0.068454094 0.086216964 -0.025332928 -0.068930916 0.997299731 0.019880559
0.999238133 0.021741688 0.032411095 -0.014915308 -0.023721524 0.997793734 0.062007528 0.054049194 -0.030991439 -0.062729128 0.997549295 0.011534645
0.999029934 0.022177128 0.038044244 -0.014895545 -0.024368366 0.998011291 0.058134999 0.020223195 -0.036679320 -0.059005681 0.997583568 0.001986868
0.998965025 0.020938775 0.040378682 -0.014449931 -0.023082210 0.998308063 0.053369064 -0.011850363 -0.039192878 -0.054245856 0.997758150 -0.006206371
0.998855531 0.017165259 0.044642340 -0.013687855 -0.019251406 0.998722136 0.046728093 -0.045393929 -0.043783192 -0.047534045 0.997909606 -0.012741172
0.998620808 0.012158132 0.051075075 -0.012084181 -0.014062467 0.999212861 0.037092656 -0.077514723 -0.050583895 -0.037759736 0.998005748 -0.019500762
0.998162806 0.007536879 0.060118355 -0.010017458 -0.008983923 0.999675512 0.023836050 -0.109942615 -0.059919201 -0.024332356 0.997906625 -0.026152637
0.997787654 0.002753562 0.066424608 -0.008374184 -0.003266269 0.999965727 0.007611258 -0.139602989 -0.066401377 -0.007811380 0.997762442 -0.033268195
0.997546136 0.002555878 0.069965430 -0.006501517 -0.001890922 0.999952435 -0.009568651 -0.165276736 -0.069986559 0.009412873 0.997503519 -0.041089971
0.997337759 0.002013678 0.072892271 -0.002934143 -0.000029330 0.999629617 -0.027213860 -0.185523123 -0.072920077 0.027139273 0.996968448 -0.045627426
0.997343481 0.004827629 0.072681665 -0.002233218 -0.002069939 0.999276757 -0.037969645 -0.198092103 -0.072812408 0.037718330 0.996632159 -0.050285447
0.996850610 0.011510362 0.078462578 -0.000256338 -0.008156587 0.999044776 -0.042930871 -0.201034293 -0.078881778 0.042155676 0.995992243 -0.051586803
0.996718705 0.015442440 0.079456434 0.000268839 -0.012244290 0.999101222 -0.040581327 -0.190255955 -0.080011696 0.039475281 0.996011972 -0.048462328
0.996824384 0.016923282 0.077812262 0.000460088 -0.014090537 0.999222934 -0.036810912 -0.172826320 -0.078374751 0.035597600 0.996288240 -0.043163862
0.996967673 0.016718533 0.075999849 0.000954989 -0.014268437 0.999364436 -0.032667641 -0.151024684 -0.076497696 0.031484183 0.996572554 -0.035826255
0.997070074 0.017849747 0.074381426 0.002297042 -0.015809212 0.999484777 -0.027932469 -0.124586001 -0.074841693 0.026674718 0.996838570 -0.027148023
0.997426808 0.016008381 0.069881961 0.004029413 -0.014420764 0.999627650 -0.023164272 -0.095558986 -0.070226759 0.022096917 0.997286260 -0.017970283
0.997673035 0.019741664 0.065259501 0.006340929 -0.018689489 0.999685943 -0.016694345 -0.063472070 -0.065568581 0.015435830 0.997728646 -0.008942467
0.997852206 0.020792268 0.062118404 0.008842355 -0.020189140 0.999742925 -0.010321353 -0.030594865 -0.062317036 0.009045066 0.998015404 0.000945101
0.997753203 0.024740405 0.062261011 0.008719026 -0.024776313 0.999692976 -0.000195378 0.003091289 -0.062246729 -0.001347659 0.998059869 0.007606596
0.997360826 0.027596649 0.067155525 0.011128108 -0.028382190 0.999539137 0.010771302 0.037670676 -0.066827327 -0.012648894 0.997684360 0.018155750
0.997842312 0.023928251 0.061140012 0.012204396 -0.025646336 0.999293506 0.027472278 0.072306454 -0.060439456 -0.028981021 0.997751057 0.025923345
0.998204768 0.015993154 0.057718441 0.012398645 -0.018828658 0.998625100 0.048921812 0.104553401 -0.056856669 -0.049920749 0.997133493 0.033587679
0.998548925 0.007786089 0.053286202 0.012758276 -0.011565268 0.997410297 0.070985757 0.135900423 -0.052595504 -0.071499027 0.996053040 0.042908382
0.998638690 0.001932264 0.052125696 0.013071338 -0.006699526 0.995788217 0.091438189 0.162529916 -0.051729474 -0.091662928 0.994445562 0.049059808
0.998640120 0.001151634 0.052121311 0.013230177 -0.006707258 0.994285643 0.106541522 0.187054276 -0.051700771 -0.106746234 0.992941201 0.054350991
0.998621106 0.013609450 0.050701663 0.014110895 -0.019758724 0.992230833 0.122831523 0.225922197 -0.048636086 -0.123663947 0.991131544 0.060089055
0.998839676 0.017086586 0.045026753 0.012608876 -0.022620512 0.991846561 0.125414163 0.236989707 -0.042516727 -0.126287162 0.991082191 0.060706344
0.999104917 0.019381382 0.037600260 0.010984651 -0.023963254 0.991802573 0.125512481 0.242035165 -0.034859430 -0.126301169 0.991379261 0.059876900
0.999422908 0.019916683 0.027516387 0.008630134 -0.023226958 0.991788983 0.125758052 0.230443612 -0.024785768 -0.126324594 0.991679251 0.056207146
0.999425769 0.021475801 0.026209360 0.007863411 -0.024597513 0.991817415 0.125272557 0.213663831 -0.023304572 -0.125845298 0.991776109 0.052767232
0.999438107 0.021380596 0.025812445 0.006840499 -0.024383996 0.992194951 0.122288913 0.191198230 -0.022996368 -0.122849613 0.992158830 0.048156228
0.999408782 0.021493278 0.026834346 0.005818387 -0.024523690 0.992680669 0.118252501 0.166519657 -0.024096303 -0.118840665 0.992620885 0.044138096
0.999277055 0.024863556 0.028761091 0.005364429 -0.028003331 0.993029714 0.114489250 0.136119217 -0.025714008 -0.115211882 0.993008077 0.037647080
0.998834670 0.030868212 0.037099916 0.005192919 -0.034798097 0.993274570 0.110429853 0.104330435 -0.033441629 -0.111592174 0.993191242 0.033402789
0.998391867 0.035838734 0.043922968 0.005491560 -0.040227454 0.993816555 0.103491083 0.069642976 -0.039942384 -0.105091572 0.993660092 0.027575016
0.998143196 0.038008925 0.047597263 0.005162408 -0.042376343 0.994632959 0.094390482 0.031578586 -0.043754127 -0.096232221 0.994396746 0.019220194
0.998035848 0.036450244 0.050949343 0.004787829 -0.040500805 0.995901227 0.080872744 -0.005632327 -0.047792681 -0.082777381 0.995421410 0.012734087
0.997824371 0.034932759 0.055913113 0.004150889 -0.038473111 0.997236907 0.063548103 -0.043785468 -0.053538710 -0.065560997 0.996411264 0.006778020
0.997463822 0.032625120 0.063257232 0.003750913 -0.035373580 0.998456061 0.042826954 -0.079841502 -0.061762333 -0.044955973 0.997077942 -0.000031601
0.997056186 0.032715376 0.069344826 0.003051727 -0.034237083 0.999195814 0.020870024 -0.113933340 -0.068606295 -0.023182752 0.997374415 -0.007739259
0.996527791 0.031950653 0.076886453 0.002342141 -0.032109812 0.999484003 0.000834424 -0.144823357 -0.076820113 -0.003300336 0.997039497 -0.015330881
0.996322274 0.031912539 0.079520777 0.003275047 -0.030658131 0.999386251 -0.016946189 -0.172031507 -0.080012769 0.014445907 0.996689141 -0.021581035
0.996313334 0.027527580 0.081252716 0.002185063 -0.025134133 0.999223769 -0.030334244 -0.195024461 -0.082024671 0.028180195 0.996231794 -0.029089306
0.996472776 0.024605617 0.080228217 0.000679265 -0.021477830 0.998984039 -0.039618779 -0.212790161 -0.081121556 0.037755910 0.995988846 -0.035945982
0.996429622 0.018560857 0.082361691 0.000199177 -0.014944464 0.998906076 -0.044309974 -0.223409712 -0.083094023 0.042920917 0.995616972 -0.042956851
0.996170938 0.016038368 0.085943453 0.000114425 -0.012326608 0.998975337 -0.043546367 -0.226950914 -0.086553805 0.042320233 0.995347917 -0.043882463
0.995864153 0.012444640 0.089998193 -0.000839732 -0.009296967 0.999333143 -0.035309881 -0.214908645 -0.090377592 0.034327134 0.995315790 -0.038283858
0.995424569 0.011060773 0.094908364 -0.000334151 -0.008287991 0.999528646 -0.029559990 -0.199981734 -0.095190592 0.028638141 0.995047033 -0.032294895
0.994127631 0.018076707 0.106693290 0.003293211 -0.016374510 0.999724627 -0.016808694 -0.157569394 -0.106967755 0.014962937 0.994149923 -0.015999187
0.992955744 0.032380879 0.113975361 0.008534673 -0.031992517 0.999474406 -0.005235418 -0.106737264 -0.114084989 0.001552180 0.993469775 0.001680549
0.992645979 0.036860913 0.115305163 0.009927076 -0.037458293 0.999293625 0.003017631 -0.080601372 -0.115112476 -0.007314573 0.993325531 0.007732148
0.993235946 0.040181085 0.108939610 0.012304572 -0.041758999 0.999052703 0.012240861 -0.054288615 -0.108344562 -0.016707271 0.993973017 0.014324320
0.993706644 0.042408016 0.103675686 0.014195939 -0.045015719 0.998722792 0.022942403 -0.028439132 -0.102570333 -0.027465055 0.994346499 0.020791717
0.994821787 0.043587737 0.091813751 0.015885716 -0.046926998 0.998301327 0.034529712 -0.003398862 -0.090152718 -0.038659450 0.995177329 0.022733210
0.995985806 0.042586863 0.078731328 0.016783791 -0.046394959 0.997807980 0.047188472 0.018689360 -0.076549143 -0.050651785 0.995778382 0.023852898
0.997083306 0.038279299 0.066027381 0.017447144 -0.042318810 0.997245967 0.060906641 0.038111255 -0.063514076 -0.063523196 0.995957196 0.021919880
0.998060524 0.031922624 0.053443249 0.017624460 -0.035879701 0.996552885 0.074799523 0.052946091 -0.050871227 -0.076571971 0.995765448 0.021348391
0.998636186 0.025943626 0.045307051 0.017727517 -0.029973906 0.995429873 0.090669490 0.064067528 -0.042747695 -0.091903858 0.994849920 0.018223790
0.999183714 0.017885366 0.036222164 0.017093653 -0.021663832 0.994048357 0.106764212 0.071733132 -0.034097064 -0.107461765 0.993624330 0.014214185
0.999710381 0.005378403 0.023456974 0.015359220 -0.008699072 0.989561200 0.143850327 0.079063043 -0.022438427 -0.144012719 0.989321411 0.003855396
0.999717534 0.000516805 0.023760537 0.015186829 -0.004434302 0.986263514 0.165120184 0.079955503 -0.023348814 -0.165178895 0.985987186 -0.000376689
0.999036074 -0.007015361 0.043332160 0.015263394 -0.002407090 0.976906300 0.213654742 0.079723038 -0.043830320 -0.213553116 0.975947738 -0.006313391
0.998374701 -0.012145979 0.055681162 0.013994153 -0.001278857 0.972004712 0.234957889 0.078801066 -0.056976147 -0.234647229 0.970409393 -0.009132125
0.997676611 -0.018088948 0.065682754 0.012011959 0.000840529 0.967301846 0.253626645 0.077129126 -0.068122894 -0.252982140 0.965069592 -0.012090353
0.997126222 -0.027452398 0.070609502 0.007132511 0.005887192 0.957295418 0.289051503 0.074883789 -0.075529315 -0.287805110 0.954706013 -0.020453284
0.996896625 -0.033491254 0.071242109 0.005785378 0.009906728 0.951165676 0.308521837 0.073763959 -0.078095838 -0.306858629 0.948545635 -0.025182907
0.996410131 -0.045277841 0.071531281 0.004840276 0.017626146 0.937394083 0.347824186 0.074878164 -0.082801729 -0.345314711 0.934827030 -0.037423715
0.996403039 -0.046020333 0.071155235 0.005035558 0.016823757 0.930400431 0.366158485 0.076060303 -0.083053589 -0.363644361 0.927828074 -0.043603398
0.996485412 -0.045147672 0.070558406 0.006367640 0.014813682 0.924027443 0.382039130 0.076632425 -0.082446076 -0.379651189 0.921448648 -0.049420871
0.996997595 -0.042389374 0.064798802 0.011707152 0.012847654 0.915805340 0.401416957 0.075096890 -0.076358899 -0.399379253 0.913600326 -0.058012258
0.996947229 -0.043965824 0.064523049 0.016101444 0.014311703 0.915288508 0.402544558 0.073031008 -0.076755412 -0.400392234 0.913123608 -0.059822865
0.997084796 -0.043621868 0.062602490 0.020834059 0.015150634 0.917311668 0.397881687 0.070871085 -0.074782327 -0.395773292 0.915298343 -0.060615040
0.997322857 -0.044637695 0.057918545 0.025122369 0.018498257 0.920310080 0.390752017 0.069050297 -0.070745289 -0.388634562 0.918672025 -0.060393691
0.997548819 -0.044209279 0.054239452 0.029846909 0.020114288 0.923587203 0.382860482 0.067334920 -0.067020848 -0.380831003 0.922212541 -0.059029941
0.997732759 -0.042055212 0.052542832 0.033564981 0.019268725 0.926538110 0.375707179 0.066803358 -0.064483382 -0.373842925 0.925247729 -0.057290357
0.998053610 -0.037191618 0.050057542 0.035595443 0.016044669 0.928817570 0.370189816 0.066684380 -0.060262281 -0.368666142 0.927606463 -0.055316519
0.998349249 -0.034176897 0.046159625 0.036651239 0.014943591 0.930573463 0.365800083 0.066340514 -0.055456832 -0.364506423 0.929548085 -0.053261317
0.998722613 -0.027642984 0.042296488 0.037754033 0.010382812 0.931491315 0.363615304 0.065642446 -0.049450222 -0.362711698 0.930588484 -0.050922882
0.998896241 -0.024860825 0.039852504 0.038672052 0.008612629 0.931004524 0.364906073 0.064676069 -0.046174724 -0.364160061 0.930191040 -0.048486508
0.999060988 -0.020597927 0.038116310 0.040145539 0.005068270 0.929281712 0.369337082 0.063642867 -0.043028366 -0.368797064 0.928513467 -0.046228409
0.999134362 -0.017506238 0.037737377 0.042856585 0.002129453 0.927477062 0.373874038 0.062912442 -0.041545682 -0.373470038 0.926711440 -0.043702327
0.999210060 -0.016530437 0.036139067 0.046844084 0.001704135 0.926368594 0.376614362 0.062029220 -0.039703693 -0.376255244 0.925664961 -0.041029166
0.999167681 -0.017948017 0.036631167 0.052415844 0.002749673 0.925593913 0.378508031 0.061335430 -0.040699057 -0.378092289 0.924872875 -0.037926268
0.999092400 -0.020230304 0.037485227 0.060015194 0.004485215 0.925092101 0.379716307 0.060438402 -0.042359062 -0.379203528 0.924343228 -0.034690768
0.998959422 -0.022583589 0.039623272 0.069555826 0.005778235 0.924463272 0.381227404 0.059490696 -0.045239743 -0.380601794 0.923631787 -0.031205310
0.998824477 -0.025497094 0.041226275 0.080503643 0.007779696 0.923780799 0.382842600 0.058563065 -0.047845416 -0.382071853 0.922893226 -0.027803278
0.998657107 -0.029952254 0.042270951 0.093045369 0.011380214 0.922830522 0.385038078 0.057559460 -0.050541684 -0.384039938 0.921932161 -0.024475345
0.998484790 -0.033656191 0.043535832 0.107061110 0.014189622 0.921872020 0.387234598 0.055220913 -0.053167310 -0.386030108 0.920952797 -0.022739030
0.998295546 -0.037641797 0.044599157 0.123026118 0.017381486 0.921283484 0.388502985 0.053909808 -0.055712420 -0.387065619 0.920367479 -0.020732446
0.997600734 -0.046568017 0.051227380 0.158441782 0.023382667 0.923118711 0.383803487 0.050307710 -0.065161921 -0.381684780 0.921992779 -0.015909035
0.997076750 -0.051843673 0.056126613 0.177901149 0.026861263 0.925530136 0.377720028 0.048776031 -0.071529269 -0.375108212 0.924217165 -0.013495047
0.996384621 -0.058374755 0.061725531 0.196542218 0.031406328 0.928173304 0.370820731 0.045984246 -0.078938559 -0.367541522 0.926650941 -0.010612467
0.995560050 -0.063580945 0.069409452 0.214897662 0.033994179 0.930481553 0.364758074 0.045142993 -0.087775879 -0.360779047 0.928511679 -0.009249415
0.994778693 -0.068922251 0.075266667 0.233355463 0.037018280 0.930963755 0.363230139 0.044065285 -0.095105179 -0.358547360 0.928654313 -0.006893116
0.993071198 -0.076141387 0.089510478 0.268763572 0.037477035 0.927127898 0.372866333 0.045372508 -0.111378215 -0.366928220 0.923557580 -0.003319670
0.991971135 -0.078652307 0.099030815 0.285313189 0.034929670 0.923009038 0.383189499 0.046805445 -0.121545084 -0.376653790 0.918345630 -0.002052860
0.990418673 -0.087702878 0.106672816 0.313188195 0.038177438 0.916229725 0.398830205 0.050779618 -0.132715359 -0.390936404 0.910799325 0.000201960
0.990282118 -0.087293893 0.108264260 0.323955208 0.036657088 0.914777935 0.402290434 0.052708596 -0.134155244 -0.394412369 0.909088135 0.002321123
0.990442157 -0.086947083 0.107072331 0.333159894 0.036726259 0.914509773 0.402893364 0.054492403 -0.132949099 -0.395110250 0.908962309 0.003517950
0.990572095 -0.087388441 0.105499886 0.340163171 0.038002312 0.915179014 0.401252031 0.056009173 -0.131616071 -0.393459797 0.909871757 0.004525955
0.991078377 -0.088755459 0.099428847 0.347229332 0.042615343 0.917877734 0.394568622 0.057982296 -0.126283646 -0.386811256 0.913471103 0.005378842
0.991035461 -0.090845168 0.097958796 0.347660154 0.045529123 0.918990254 0.391642779 0.058943026 -0.125602022 -0.383671910 0.914887965 0.004989722
0.990938902 -0.092153013 0.097713150 0.346209377 0.046963289 0.919307590 0.390727550 0.059592057 -0.125835150 -0.382598191 0.915305495 0.004575714
0.990688026 -0.090844885 0.101412036 0.342886180 0.044176269 0.919027746 0.391709626 0.059749752 -0.128785282 -0.383582056 0.914483011 0.003480103
0.990551889 -0.089651123 0.103776999 0.337326765 0.042170241 0.919187844 0.391555160 0.058864459 -0.130493909 -0.383479387 0.914283872 0.002120314
0.990574419 -0.089748465 0.103477105 0.329253405 0.042484544 0.919493794 0.390801996 0.057545979 -0.130220428 -0.382722288 0.914640009 0.000101623
0.990829945 -0.088664740 0.101953670 0.319282055 0.042204607 0.919912517 0.389845818 0.056278821 -0.128354028 -0.381967992 0.915218949 -0.002296426
0.991222560 -0.088965237 0.097790465 0.307308465 0.043982875 0.919476032 0.390678048 0.056062121 -0.124672756 -0.382947803 0.915318370 -0.005104597
0.991946161 -0.085796371 0.093176171 0.294118851 0.042517986 0.918505847 0.393114775 0.056736179 -0.119310677 -0.385987014 0.914756238 -0.007989268
0.992500901 -0.083811522 0.088980637 0.279460549 0.041982979 0.917376459 0.395800322 0.057703983 -0.114801370 -0.389096528 0.914015591 -0.010381598
0.992996275 -0.082671717 0.084402405 0.263111889 0.042566251 0.916758537 0.397167355 0.058550902 -0.110211127 -0.390792996 0.913856864 -0.012647663
0.993544102 -0.081446804 0.078971513 0.244841024 0.043621831 0.916868508 0.396798760 0.058948603 -0.104724489 -0.390792221 0.914502144 -0.014933656
0.994160056 -0.078472368 0.074080467 0.225586683 0.042975873 0.917573631 0.395236254 0.058930963 -0.098989412 -0.389744401 0.915587485 -0.017513618
0.994808733 -0.075016610 0.068761557 0.204942703 0.042235732 0.919126749 0.391691387 0.058526430 -0.092583939 -0.386753798 0.917523682 -0.021200523
0.995466292 -0.071170375 0.063099891 0.183720335 0.041367169 0.921334624 0.386563390 0.057791315 -0.085647970 -0.382200569 0.920101702 -0.024625255
0.996140599 -0.065924168 0.057947375 0.161978498 0.038953654 0.923674345 0.381193250 0.056745782 -0.078654356 -0.377464801 0.922677517 -0.028083859
0.996564567 -0.062879577 0.053900156 0.139581129 0.038053133 0.925697684 0.376345336 0.055214699 -0.073559687 -0.373001337 0.924910247 -0.031437434
0.996918619 -0.060342725 0.050119918 0.116184749 0.037310366 0.926796973 0.373704880 0.053789444 -0.069001354 -0.370683342 0.926192582 -0.034584880
0.997307718 -0.057244670 0.045829445 0.092168748 0.035926010 0.926257789 0.375174373 0.051206876 -0.063926615 -0.372517854 0.925820649 -0.036462583
0.997774482 -0.052495658 0.041113000 0.068109557 0.033143200 0.925476670 0.377351850 0.051164757 -0.057858456 -0.375149459 0.925156891 -0.039180789
0.998133123 -0.049117498 0.036300093 0.043636270 0.031595230 0.923891306 0.381348372 0.051976789 -0.052268215 -0.379489541 0.923718452 -0.041636728
0.998476207 -0.043838106 0.033518426 0.018974261 0.027661217 0.923168778 0.383398354 0.054475926 -0.047750622 -0.381886959 0.922974706 -0.044754349
0.998714685 -0.039496124 0.031765707 -0.004823022 0.024286306 0.922993422 0.384048641 0.055588502 -0.044487968 -0.382783532 0.922766268 -0.046586871
0.998836994 -0.037944466 0.029746644 -0.028831920 0.023703421 0.923710465 0.382357359 0.056912120 -0.041985631 -0.381207585 0.923535585 -0.048346203
0.999143898 -0.033706300 0.023986528 -0.074761741 0.022171298 0.925785422 0.377398759 0.060360007 -0.034927092 -0.376543850 0.925740123 -0.050890215
0.999269843 -0.031694431 0.021336209 -0.099889264 0.021386832 0.926761389 0.375041157 0.061066285 -0.031660292 -0.374311000 0.926762581 -0.052923277
0.999385238 -0.029562885 0.018847592 -0.123055167 0.020382849 0.927315712 0.373724669 0.063149020 -0.028526049 -0.373110741 0.927348197 -0.054508388
0.999683022 -0.024764158 0.004539497 -0.166803911 0.021212231 0.925580978 0.377954811 0.068797849 -0.013561405 -0.377738684 0.925812900 -0.057191078
0.999774575 -0.021043295 -0.002824014 -0.186416432 0.020514315 0.923111737 0.383984178 0.072174989 -0.005473412 -0.383955568 0.923335373 -0.058361020
0.999647558 -0.016792689 -0.020562094 -0.221160844 0.023523752 0.919298589 0.392857164 0.077688172 0.012305576 -0.393202394 0.919369578 -0.062508337
0.999449193 -0.015278976 -0.029460054 -0.236123651 0.025611147 0.919645429 0.391913772 0.080184706 0.021104760 -0.392452419 0.919530153 -0.063363887
0.999078214 -0.011778014 -0.041279092 -0.258399904 0.026608849 0.924510360 0.380227059 0.081890307 0.033684626 -0.380974978 0.923971534 -0.064862393
0.998828411 -0.011521460 -0.047000505 -0.265624255 0.028277416 0.927133322 0.373663187 0.081685066 0.039270595 -0.374554455 0.926372945 -0.065725535
0.998774409 -0.008395840 -0.048776921 -0.270216703 0.025801480 0.929325759 0.368358403 0.081593744 0.042236973 -0.369165450 0.928403437 -0.068921633
0.998893440 -0.006112906 -0.046632171 -0.267333239 0.022961117 0.928707778 0.370100886 0.081301436 0.041045271 -0.370762080 0.927820444 -0.070358403
0.999311388 -0.005755586 -0.036656275 -0.252571911 0.019050315 0.927338958 0.373737305 0.079892665 0.031841718 -0.374178261 0.926809967 -0.073013030
0.999560118 -0.006664963 -0.028899062 -0.240762964 0.016981076 0.927502036 0.373432189 0.078835972 0.024315029 -0.373758644 0.927207232 -0.074569985
0.999878705 -0.006070697 -0.014341467 -0.210880503 0.010932700 0.929448962 0.368788779 0.075486928 0.011090857 -0.368900836 0.929402590 -0.075115949
0.999941587 -0.006647888 -0.008522073 -0.193169415 0.009305541 0.930594623 0.365933150 0.073590644 0.005497913 -0.365991086 0.930602133 -0.076527268
0.999964535 -0.008094738 -0.002311702 -0.173393652 0.008380541 0.931204915 0.364399731 0.070435092 -0.000797052 -0.364406168 0.931239784 -0.076600149
0.999945462 -0.009813981 0.003567101 -0.153219774 0.007835681 0.931010425 0.364908457 0.069217674 -0.006902213 -0.364860594 0.931036592 -0.076965787
0.999864995 -0.013821656 0.008884301 -0.131877273 0.009585105 0.929836631 0.367847830 0.068394966 -0.013345214 -0.367713004 0.929843545 -0.076922476
0.999787331 -0.017994164 0.010075585 -0.109947883 0.012939584 0.927766621 0.372936547 0.067976281 -0.016058473 -0.372726858 0.927802145 -0.076385669
0.999672711 -0.022722220 0.011755070 -0.086747862 0.016572615 0.925222397 0.379063249 0.067850500 -0.019489210 -0.378744364 0.925296128 -0.074861653
0.999572873 -0.025611522 0.014075097 -0.063104503 0.018244220 0.923117816 0.384084195 0.067753248 -0.022829954 -0.383663327 0.923190773 -0.073247448
0.999489248 -0.026925821 0.017211432 -0.039109562 0.018187601 0.922138870 0.386431217 0.067581378 -0.026276307 -0.385920823 0.922157645 -0.071687765
0.999476135 -0.027028173 0.017801769 -0.014689486 0.018057369 0.922188520 0.386318922 0.068056673 -0.026858080 -0.385795116 0.922193468 -0.070628941
0.999475181 -0.028232796 0.015883651 0.008315683 0.019954501 0.922833622 0.384681582 0.067779481 -0.025518600 -0.384162724 0.922912717 -0.068548553
0.999466181 -0.029582616 0.013865767 0.030950977 0.022006851 0.923272729 0.383514315 0.067018986 -0.024147240 -0.383004457 0.923430860 -0.066470265
0.999366105 -0.032915190 0.013565127 0.052699462 0.025201544 0.923205972 0.383478403 0.066311844 -0.025145669 -0.382893443 0.923450232 -0.064129129
0.999283791 -0.035078689 0.014191792 0.073612072 0.026920011 0.922576606 0.384873629 0.065864503 -0.026593879 -0.384215951 0.922860146 -0.061646815
0.999190032 -0.037122879 0.015530081 0.093575060 0.028166603 0.920833886 0.388936490 0.064695559 -0.028739067 -0.388184041 0.921133637 -0.057150617
0.999067187 -0.038865503 0.018820288 0.111299455 0.028400209 0.919688106 0.391621351 0.065667570 -0.032529354 -0.390721560 0.919933975 -0.054426100
0.998866498 -0.041604221 0.023126887 0.127048180 0.029131794 0.918555498 0.394217044 0.067312986 -0.037644424 -0.393096477 0.918726325 -0.051340792
0.998642206 -0.044640251 0.026852101 0.140263841 0.030404208 0.918007910 0.395394742 0.069442898 -0.042300962 -0.394041479 0.918118715 -0.048317216
0.998420298 -0.048304804 0.028696785 0.151334688 0.033036709 0.917841077 0.395570964 0.072241083 -0.045447066 -0.393998057 0.917986989 -0.044535622
0.998210847 -0.049168795 0.034023162 0.161726967 0.031827994 0.918650389 0.393787295 0.074966855 -0.050617438 -0.391999871 0.918571711 -0.040151872
0.997578025 -0.052541159 0.045580212 0.171070978 0.030843848 0.921493292 0.387167603 0.077587582 -0.062344093 -0.384824008 0.920882046 -0.034934219
0.996467054 -0.057237215 0.061460271 0.179395705 0.030021764 0.926207364 0.375817329 0.079935864 -0.078435689 -0.372644454 0.924653411 -0.029027563
0.995281875 -0.060353409 0.075969733 0.185766578 0.029340837 0.933547020 0.357252091 0.083509512 -0.092482693 -0.353337497 0.930913270 -0.024274748
0.994335651 -0.059925206 0.087781422 0.190106109 0.026919022 0.940962613 0.337438554 0.084761597 -0.102820106 -0.333164185 0.937245786 -0.019340266
0.993260860 -0.058430918 0.100093313 0.193950221 0.023780515 0.947987199 0.317418903 0.084955782 -0.113434263 -0.312899500 0.942988098 -0.014630821
0.991906643 -0.058305983 0.112790324 0.197303027 0.022359896 0.954658031 0.296863675 0.084051795 -0.124985121 -0.291939080 0.948235393 -0.010316225
0.990615904 -0.059298106 0.123141624 0.200232327 0.022641053 0.959728599 0.280014992 0.082735971 -0.134786904 -0.274599254 0.952064991 -0.006529803
0.989169180 -0.062399976 0.132855296 0.203211516 0.024512097 0.962649941 0.269637197 0.080991402 -0.144718498 -0.263460249 0.953753233 -0.002555759
0.987702727 -0.070074745 0.139759943 0.206348479 0.030164206 0.962544858 0.269439280 0.079318479 -0.153406098 -0.261910141 0.952821970 0.001253162
0.986074388 -0.077891804 0.146936059 0.210939735 0.034620836 0.960322082 0.276736081 0.077538021 -0.162661403 -0.267795324 0.949645698 0.006524004
0.983834922 -0.087972097 0.155979916 0.216952428 0.040565856 0.957858443 0.284361720 0.075479686 -0.174422577 -0.273437560 0.945943296 0.013722919
0.981355965 -0.098511264 0.165033489 0.223696709 0.046531867 0.954889715 0.293292403 0.072656289 -0.186481386 -0.280144930 0.941670597 0.023067934
0.979043841 -0.107858628 0.172741652 0.230868250 0.051619727 0.951961935 0.301834196 0.070248991 -0.196998894 -0.286592036 0.937580109 0.032756593
0.977327406 -0.114527166 0.178086296 0.237960041 0.054415554 0.948694885 0.311475575 0.067993879 -0.204621956 -0.294722915 0.933417499 0.043476950
0.976301253 -0.120775655 0.179580510 0.249405593 0.056239188 0.942871988 0.328374118 0.061875589 -0.208981037 -0.310492605 0.927319407 0.066616133
0.976565123 -0.125905365 0.174551964 0.252606124 0.061242837 0.940068185 0.335441679 0.057151124 -0.206324667 -0.316890568 0.925748587 0.077350073
0.978097677 -0.125961721 0.165706187 0.253344983 0.063134283 0.938134372 0.340467304 0.052406736 -0.198340505 -0.322548538 0.925539553 0.091260590
0.980033815 -0.123614915 0.155733913 0.251616210 0.064171202 0.937979937 0.340698898 0.047999371 -0.188190758 -0.323902786 0.927184582 0.108529732
0.982827723 -0.116794407 0.142859042 0.247780427 0.062984899 0.940036058 0.335209101 0.042235877 -0.173443198 -0.320454866 0.931249797 0.123608202
0.988876104 -0.094780758 0.114632830 0.232724950 0.054270286 0.947464824 0.315222472 0.031438529 -0.138487592 -0.305494815 0.942069054 0.153909385
0.991617143 -0.081282534 0.100441888 0.221797988 0.046851523 0.950634241 0.306756377 0.027405702 -0.120417431 -0.299479008 0.946473420 0.168875203
0.996443212 -0.055995561 0.062971853 0.191471159 0.034676366 0.953556478 0.299211562 0.020453332 -0.076801740 -0.295963705 0.952106595 0.195864826
0.998259962 -0.045085095 0.038004544 0.172201216 0.031676084 0.953639686 0.299279153 0.017733684 -0.049735669 -0.297554553 0.953408420 0.205583945
0.999345660 -0.035040740 0.008965483 0.149612218 0.030696796 0.952766061 0.302149832 0.016758794 -0.019129561 -0.301676929 0.953218281 0.212567866
0.998862088 -0.012208804 -0.046103239 0.097143166 0.026025549 0.949595094 0.312397003 0.018302076 0.039965414 -0.313241363 0.948832214 0.217222884
0.997245371 0.000035439 -0.074172989 0.067033775 0.023594137 0.947906792 0.317672759 0.022451837 0.070320338 -0.318547755 0.945294857 0.212736115
0.991971076 0.026589159 -0.123638235 0.005679828 0.015179649 0.945545971 0.325134426 0.026548840 0.125550687 -0.324400753 0.937550664 0.195806086
0.988243282 0.035371084 -0.148741648 -0.025456041 0.015431352 0.944826305 0.327208072 0.030437952 0.152108714 -0.325656444 0.933172464 0.181775704
0.984454334 0.039185837 -0.171213672 -0.055913404 0.019453034 0.944472373 0.328014523 0.034498308 0.174560115 -0.326245934 0.929027677 0.165067613
0.976783693 0.043300129 -0.209806442 -0.109241240 0.029538356 0.942784011 0.332093030 0.044748906 0.212181836 -0.330580384 0.919617057 0.125237659
0.974719405 0.047921211 -0.218233094 -0.130292460 0.029078096 0.941215217 0.336553723 0.051495664 0.221532360 -0.334391266 0.916027248 0.103701577
0.973713100 0.053759508 -0.221343011 -0.157330796 0.026308365 0.938702047 0.343724310 0.067426130 0.226253569 -0.340512037 0.912612140 0.059650995
0.975327909 0.052187882 -0.214503780 -0.163899153 0.026104644 0.937574506 0.346803308 0.076702580 0.219212219 -0.343846500 0.913080275 0.037995309
0.979725361 0.038249359 -0.196660191 -0.166492447 0.035281576 0.933325648 0.357293278 0.097314268 0.197214246 -0.356987745 0.913053274 -0.007205819
0.982417762 0.025511283 -0.184944481 -0.160950720 0.044535745 0.929998100 0.364856303 0.106888942 0.181305975 -0.366677940 0.912510514 -0.027170964
0.989628732 -0.005287351 -0.143551543 -0.137790337 0.059981190 0.923246026 0.379498363 0.124591656 0.130526856 -0.384172857 0.913987935 -0.063014969
0.995504797 -0.047443010 -0.081971653 -0.100839064 0.075134009 0.922536373 0.378525555 0.139950588 0.057663437 -0.382982850 0.921953917 -0.094999447
0.996431291 -0.070387095 -0.046586890 -0.078349739 0.082692012 0.924745142 0.371494859 0.144596502 0.016932558 -0.374021441 0.927265465 -0.106840000
0.995737255 -0.091811672 -0.008830803 -0.053438086 0.088755921 0.927723646 0.362562060 0.148072451 -0.025094880 -0.361800313 0.931917787 -0.116534539
0.989391565 -0.128582358 0.067608230 0.001116989 0.097369395 0.932330072 0.348252565 0.150634661 -0.107812308 -0.337975174 0.934959531 -0.128472731
0.984012425 -0.146357059 0.101484768 0.028744310 0.102966525 0.932439327 0.346344948 0.150168240 -0.145318419 -0.330358207 0.932601750 -0.133652985
0.971723378 -0.175455287 0.158016279 0.087406889 0.110653892 0.929558039 0.351678342 0.147675768 -0.208589122 -0.324248940 0.922688067 -0.126485914
0.966198802 -0.184076980 0.180486798 0.116727002 0.110551670 0.928318620 0.354968905 0.145758480 -0.232890844 -0.323017418 0.917290330 -0.117822498
0.958006859 -0.188824952 0.215796292 0.173659429 0.102543831 0.928406477 0.357136011 0.137992114 -0.267782867 -0.320010185 0.908782601 -0.092820086
0.955454946 -0.186186150 0.228999078 0.201478034 0.096677497 0.930539191 0.353200108 0.132356077 -0.278853595 -0.315327734 0.907088280 -0.072275348
0.954206824 -0.179803908 0.239081413 0.227326035 0.089582436 0.934280753 0.345100731 0.126764730 -0.285419613 -0.307879955 0.907604337 -0.051786762
0.953750253 -0.170947894 0.247259617 0.269361496 0.085304484 0.942656040 0.322680652 0.112876743 -0.288242340 -0.286664426 0.913641036 -0.006791714
0.954229951 -0.169547126 0.246371508 0.282496810 0.087073490 0.945591927 0.313486993 0.105579667 -0.286117733 -0.277686238 0.917075217 0.015427911
0.956809402 -0.167543724 0.237581387 0.294938058 0.091184273 0.948944747 0.301975578 0.088336356 -0.276045740 -0.267269403 0.923236609 0.061986923
0.960330963 -0.162310213 0.226759329 0.290251076 0.090575419 0.950619638 0.296847373 0.082583979 -0.263743222 -0.264532894 0.927610815 0.086447902
0.966009676 -0.151627392 0.209366783 0.278274417 0.086398363 0.952711940 0.291333586 0.078486137 -0.243640378 -0.263342112 0.933429301 0.105722494
0.978885293 -0.120692402 0.164975405 0.234735057 0.071063608 0.957671463 0.278953999 0.072586097 -0.191659868 -0.261340231 0.946027398 0.138568968
0.985654771 -0.099913657 0.136021644 0.204281792 0.059573293 0.960027099 0.273494154 0.070941262 -0.157910258 -0.261467546 0.952207446 0.149764657
0.991864383 -0.080471791 0.098637156 0.168221474 0.051289953 0.961797595 0.268913865 0.069928221 -0.116508968 -0.261667013 0.958100200 0.159896165
0.998924851 -0.040642623 0.022300562 0.089482196 0.033072460 0.961858213 0.271541983 0.072214618 -0.032486156 -0.270512491 0.962168217 0.163435355
0.999621987 -0.023736609 -0.013873382 0.050221745 0.026646430 0.960729122 0.276205540 0.074735545 0.006772380 -0.276470780 0.960998476 0.161042705
0.996538818 0.002203689 -0.083099850 -0.021839157 0.021790043 0.957770705 0.286706328 0.081721418 0.080222405 -0.287524700 0.954407632 0.146592721
0.993586659 0.014551502 -0.112132713 -0.052411400 0.018940464 0.956254780 0.291921407 0.087506831 0.111475334 -0.292173058 0.949846387 0.130833879
0.990757346 0.025713800 -0.133186430 -0.076001972 0.014982315 0.955116212 0.295852274 0.093037196 0.134815991 -0.295113236 0.945903182 0.126522020
0.988474131 0.031704254 -0.148032859 -0.093984969 0.014152801 0.954190969 0.298863351 0.098466463 0.150726870 -0.297513783 0.942744374 0.113874987
0.985920489 0.038025267 -0.162833765 -0.108610295 0.013801388 0.951972961 0.305870861 0.109426796 0.166644171 -0.303811699 0.938044906 0.085661061
0.985182226 0.042219318 -0.166233480 -0.105715372 0.011736158 0.950362444 0.310923606 0.115435526 0.171109051 -0.308267325 0.935784698 0.071315132
