0.998187423 -0.050719924 -0.032394722 0.911595643 0.050273448 0.998630941 -0.014451929 0.043490242 0.033083372 0.012797139 0.999370635 0.349478096
0.998490691 -0.047168870 -0.028131641 0.910488546 0.046910394 0.998851240 -0.009778787 0.063762262 0.028560579 0.008444362 0.999556422 0.357686281
0.998588324 -0.045885209 -0.026757119 0.908890963 0.045908649 0.998945594 0.000262164 0.086591803 0.026716879 -0.001490177 0.999641955 0.365890443
0.998585105 -0.045537025 -0.027462298 0.906733632 0.045889243 0.998870373 0.012334330 0.111275896 0.026869608 -0.013577102 0.999546766 0.373754084
0.998422384 -0.048602652 -0.028116418 0.904282272 0.049219135 0.998552978 0.021665709 0.137179479 0.027022721 -0.023015393 0.999369860 0.381801009
0.998356521 -0.050004005 -0.027998228 0.901837468 0.050811008 0.998290241 0.028894477 0.163951263 0.026505519 -0.030269608 0.999190271 0.390049905
0.998103857 -0.054290581 -0.029003581 0.899564981 0.055263940 0.997896671 0.033884175 0.189631060 0.027102986 -0.035422780 0.999004841 0.397972435
0.997938871 -0.056704931 -0.030042497 0.897270024 0.057820253 0.997616529 0.037656713 0.214442044 0.027835572 -0.039316166 0.998839021 0.404958308
0.997902155 -0.056743167 -0.031169619 0.895322502 0.058030322 0.997427940 0.042071864 0.237765983 0.028702158 -0.043792389 0.998628259 0.411392510
0.997962832 -0.055320222 -0.031777445 0.893348634 0.056787398 0.997265697 0.047290057 0.259225428 0.029074460 -0.048998281 0.998375595 0.416907787
0.998241901 -0.050074000 -0.031712823 0.891589582 0.051765013 0.997145832 0.054959565 0.278985530 0.028870262 -0.056504555 0.997984827 0.421246260
0.998227537 -0.048595671 -0.034355503 0.889636993 0.050782483 0.996530533 0.065940008 0.297041327 0.031031908 -0.067567781 0.997231960 0.424282759
0.998367965 -0.045193292 -0.034913514 0.888090909 0.047899127 0.995561957 0.081006736 0.313096941 0.031097604 -0.082546860 0.996101856 0.426680237
0.998363733 -0.043721966 -0.036855154 0.886562645 0.047162160 0.994036198 0.098324575 0.325516075 0.032336414 -0.099901862 0.994471729 0.428060681
0.998377562 -0.042452559 -0.037948128 0.885348439 0.046576396 0.992229819 0.115371488 0.332399428 0.032755453 -0.116951786 0.992597282 0.428372592
0.998198390 -0.043923706 -0.040874124 0.884574473 0.048841164 0.990527630 0.128333732 0.331047326 0.034850053 -0.130098864 0.990888357 0.426736444
0.998016715 -0.044877488 -0.044142842 0.884339571 0.050402444 0.989797473 0.133268759 0.320880622 0.037711702 -0.135229364 0.990096390 0.422987849
0.998009503 -0.044871129 -0.044313323 0.884546459 0.050324216 0.990132153 0.130789071 0.302359372 0.038007390 -0.132758766 0.990419388 0.417660236
0.998293042 -0.041573748 -0.041019477 0.885395586 0.046343751 0.991302550 0.123172760 0.276888669 0.035541959 -0.124863505 0.991537154 0.411404043
0.998714387 -0.036154836 -0.035530966 0.887014627 0.039950587 0.992827594 0.112682201 0.245959044 0.031202119 -0.113956816 0.992995620 0.404459059
0.999148905 -0.030584078 -0.027678752 0.889029086 0.033209842 0.994433522 0.099995211 0.210537776 0.024466420 -0.100829303 0.994602859 0.396931022
0.999547064 -0.025067858 -0.016651969 0.890738904 0.026399285 0.996010303 0.085244134 0.171382427 0.014448646 -0.085645124 0.996220946 0.386859387
0.999810338 -0.018771416 -0.005184145 0.891860485 0.019089224 0.997350216 0.070200481 0.132744744 0.003852646 -0.070286132 0.997519433 0.378481627
0.999879658 -0.015513207 -0.000029667 0.891991436 0.015491380 0.998367727 0.054971900 0.094541661 -0.000823172 -0.054965746 0.998487890 0.369638562
0.999923706 -0.012346841 0.000426742 0.894574463 0.012318244 0.999051392 0.041768312 0.058964446 -0.000942044 -0.041759871 0.999127209 0.362151831
0.999896586 -0.014354357 -0.000896078 0.894748390 0.014374010 0.999493837 0.028379856 0.024885477 0.000488250 -0.028389802 0.999596834 0.353847384
0.999862134 -0.016599817 0.000409218 0.895809054 0.016591644 0.999745965 0.015256436 -0.007025527 -0.000662368 -0.015247543 0.999883533 0.345720381
0.999734819 -0.022941081 0.002012441 0.896929264 0.022941472 0.999736786 -0.000171503 -0.036536984 -0.002007976 0.000217626 0.999997973 0.338172257
0.999635279 -0.026773304 0.003535839 0.899142146 0.026827484 0.999507427 -0.016285850 -0.060689125 -0.003098071 0.016374769 0.999861121 0.332575411
0.999469638 -0.032268435 0.004385126 0.900739610 0.032398514 0.998902678 -0.033820163 -0.082853414 -0.003288991 0.033944298 0.999418318 0.325716704
0.999509037 -0.031017529 0.004424952 0.902294397 0.031196782 0.998320043 -0.048824728 -0.099158227 -0.002903096 0.048938803 0.998797536 0.319044501
0.999495029 -0.031203317 0.006007750 0.903097510 0.031504471 0.997751296 -0.059159063 -0.108047321 -0.004148282 0.059318461 0.998230517 0.314324856
0.999601781 -0.026256472 0.010335920 0.904293656 0.026843987 0.997743547 -0.061540000 -0.108175397 -0.008696774 0.061792955 0.998051107 0.312164217
0.994101167 0.017915830 -0.106966935 1.214433312 -0.020063311 0.999617517 -0.019033771 -0.143121779 0.106585018 0.021067604 0.994080365 0.158567131
0.994021118 0.014741445 -0.108188033 1.214441180 -0.015801130 0.999835134 -0.008944075 -0.112994850 0.108038351 0.010600093 0.994090199 0.168125540
0.993809462 0.019178869 -0.109429829 1.215302110 -0.019505093 0.999807954 -0.001911362 -0.081525683 0.109372146 0.004033968 0.993992686 0.178065196
0.993564665 0.016058534 -0.112121984 1.215864182 -0.016005341 0.999870956 0.001374571 -0.049097657 0.112129584 0.000428825 0.993693471 0.187692299
0.992860019 0.016471261 -0.118142746 1.215644121 -0.016049264 0.999861002 0.004522488 -0.016034270 0.118200816 -0.002594093 0.992986321 0.196220800
0.992598236 0.015809752 -0.120411053 1.215286732 -0.014814088 0.999848306 0.009159590 0.017250942 0.120537594 -0.007308013 0.992681861 0.204716206
0.992222726 0.012737858 -0.123821661 1.213981509 -0.010483307 0.999767482 0.018842591 0.049920794 0.124032885 -0.017397987 0.992125571 0.212348521
0.992748857 0.012285187 -0.119577624 1.212895155 -0.008472401 0.999440968 0.032341786 0.081356838 0.119908102 -0.031094162 0.992297947 0.219893113
0.993203759 0.011560125 -0.115812980 1.211535573 -0.005969903 0.998805344 0.048500489 0.110493928 0.116235293 -0.047479477 0.992086232 0.227219135
0.993564427 0.014753272 -0.112303473 1.210162878 -0.007381828 0.997807264 0.065773576 0.136950433 0.113027595 -0.064521283 0.991494715 0.233233452
0.993431032 0.018821834 -0.112874091 1.208639383 -0.009472767 0.996521294 0.082798630 0.158638090 0.114039853 -0.081185490 0.990153432 0.237623155
0.993015468 0.019797154 -0.116311446 1.206639409 -0.008460308 0.995232224 0.097166263 0.174101487 0.117680505 -0.095503576 0.988448441 0.239764482
0.992559493 0.022638848 -0.119637594 1.204982638 -0.009572556 0.994030535 0.108681351 0.182249516 0.121383846 -0.106727466 0.986851156 0.240279987
0.992295802 0.024216466 -0.121501580 1.203755021 -0.010059643 0.993221343 0.115802385 0.181810021 0.123482287 -0.113687955 0.985812962 0.239589214
0.991927683 0.024580125 -0.124399804 1.202625990 -0.009809955 0.992967665 0.117978528 0.172079995 0.126424909 -0.115805805 0.985193253 0.237017706
0.991702855 0.022349875 -0.126593739 1.201493144 -0.007972343 0.993567646 0.112959132 0.154012024 0.128304064 -0.111012638 0.985502064 0.232258797
0.991614461 0.020400457 -0.127611175 1.200628400 -0.007572552 0.994937301 0.100211658 0.130118117 0.129009470 -0.098404981 0.986748695 0.225840896
0.991668940 0.017130727 -0.127668560 1.200224638 -0.006299126 0.996380866 0.084767014 0.102442905 0.128658623 -0.083256617 0.988187909 0.218705893
0.991981626 0.019007707 -0.124944426 1.200631142 -0.010093296 0.997382581 0.071596555 0.072416395 0.125978276 -0.069761373 0.989577115 0.211361617
0.992437243 0.018131189 -0.121406794 1.201260448 -0.010713945 0.998051405 0.061470535 0.040720519 0.122284755 -0.059704904 0.990697622 0.203514770
0.993061125 0.021502506 -0.115616851 1.202720642 -0.015192813 0.998360753 0.055181120 0.008542731 0.116613857 -0.053041678 0.991759956 0.195419714
0.993687034 0.021035075 -0.110197917 1.204353809 -0.015552733 0.998609245 0.050375458 -0.024133842 0.111104310 -0.048343558 0.992632210 0.186865181
0.993988335 0.019052070 -0.107815556 1.206197977 -0.014194707 0.998857021 0.045642022 -0.055693481 0.108561896 -0.043837231 0.993122637 0.177556857
0.994515955 0.014239860 -0.103611104 1.208457351 -0.010260788 0.999192894 0.038836095 -0.087884061 0.104080506 -0.037559982 0.993859410 0.169256553
0.995239615 0.007821621 -0.097144075 1.211125731 -0.005000114 0.999559522 0.029254125 -0.119376890 0.097330101 -0.028629133 0.994840324 0.161578819
0.996120155 0.001233664 -0.087995097 1.214156389 0.000178231 0.999871433 0.016035503 -0.151166826 0.088003561 -0.015988970 0.995991826 0.154203460
0.996642351 -0.005734450 -0.081677213 1.218248129 0.005762632 0.999983370 0.000109310 -0.181825727 0.081675231 -0.000579618 0.996658802 0.147104666
0.996928275 -0.008452413 -0.077862784 1.220984101 0.007144439 0.999828935 -0.017061733 -0.207436457 0.077993676 0.016453039 0.996818066 0.141569257
0.997195840 -0.011115875 -0.074006312 1.223043680 0.008645780 0.999397516 -0.033613916 -0.227509364 0.074335374 0.032879818 0.996691108 0.135060564
0.997207761 -0.009887936 -0.074019611 1.224605918 0.006614204 0.998994470 -0.044343077 -0.240300030 0.074383646 0.043729678 0.996270418 0.130075395
0.997361243 -0.008352406 -0.072116859 1.225718021 0.004823297 0.998788476 -0.048972163 -0.245744720 0.072438531 0.048495095 0.996193171 0.127600148
0.997664928 -0.003880193 -0.068188392 1.226526976 0.000517400 0.998785615 -0.049264826 -0.242593139 0.068296738 0.049114510 0.996455371 0.127887204
0.997740865 0.000387555 -0.067178786 1.226398230 -0.003547767 0.998891950 -0.046928894 -0.231727436 0.067086160 0.047061209 0.996636689 0.130501628
0.997656047 0.001872081 -0.068402372 1.221107483 -0.004837909 0.999053895 -0.043218676 -0.209579110 0.068256743 0.043448295 0.996721268 0.132531390
0.998471439 0.000446513 -0.055268552 0.587781787 -0.001907662 0.999650002 -0.026387336 -0.558831215 0.055237424 0.026452435 0.998122811 0.854881525
0.998288453 0.002100187 -0.058444239 0.587809086 -0.003276689 0.999793768 -0.020041779 -0.524756849 0.058390096 0.020198978 0.998089492 0.866140544
0.998224854 0.006617603 -0.059189130 0.588216126 -0.007307309 0.999907792 -0.011443727 -0.489808649 0.059107941 0.011855926 0.998181164 0.877136946
0.998449028 0.011092486 -0.054557238 0.588333130 -0.011134259 0.999937892 -0.000461764 -0.454868227 0.054548729 0.001068502 0.998510540 0.888804197
0.998112857 0.009338103 -0.060692471 0.587239742 -0.008367185 0.999833226 0.016231874 -0.420399129 0.060833927 -0.015693417 0.998024523 0.898658276
0.997917831 0.003851445 -0.064382739 0.585816920 -0.001431601 0.999292254 0.037589256 -0.387989640 0.064481951 -0.037418816 0.997217059 0.907450140
0.997613311 -0.001413959 -0.069034033 0.584608495 0.005615910 0.998139560 0.060711771 -0.358124375 0.068819754 -0.060954556 0.995765209 0.915008426
0.997527540 -0.004803537 -0.070112467 0.583557606 0.010502425 0.996647239 0.081141450 -0.330860496 0.069487631 -0.081677176 0.994233549 0.921534300
0.997520566 -0.003830725 -0.070271492 0.582629681 0.010604058 0.995298743 0.096270196 -0.306246608 0.069572344 -0.096776657 0.992871583 0.927309215
0.997616112 0.003223903 -0.068932489 0.582245708 0.004140281 0.994312346 0.106422655 -0.284674585 0.068883523 -0.106454350 0.991928697 0.931825757
0.997373462 0.010365602 -0.071684897 0.581467092 -0.002247042 0.993658364 0.112418756 -0.267628223 0.072395593 -0.111962408 0.991071820 0.934407353
0.996915519 0.014150135 -0.077196047 0.580027580 -0.005194524 0.993351877 0.115000226 -0.256225735 0.078310102 -0.114244513 0.990361392 0.935087025
0.996281326 0.016324358 -0.084599353 0.578344047 -0.006515167 0.993349671 0.114951916 -0.251251429 0.085913263 -0.113973267 0.989762068 0.934167385
0.995755017 0.015935279 -0.090653129 0.577118754 -0.005446116 0.993374050 0.114796877 -0.253754795 0.091881789 -0.113815859 0.989243984 0.932414770
0.995368898 0.016675364 -0.094671689 0.576402783 -0.005700581 0.993345499 0.115031414 -0.263647288 0.095959879 -0.113959007 0.988840282 0.929623246
0.995219409 0.018077163 -0.095976554 0.576261818 -0.006994753 0.993390143 0.114573434 -0.280505985 0.097413324 -0.113354370 0.988767624 0.925591171
0.995194495 0.017518638 -0.096338034 0.576254427 -0.006685569 0.993726075 0.111641131 -0.302810818 0.097689420 -0.110460572 0.989067852 0.920225680
0.995220721 0.017310234 -0.096104607 0.576397002 -0.006915545 0.994185686 0.107456833 -0.328897893 0.097405925 -0.106278643 0.989553928 0.914143920
0.995406926 0.019751493 -0.093674473 0.577240825 -0.009961064 0.994542778 0.103853174 -0.358488113 0.095214523 -0.102443077 0.990171492 0.907892644
0.995979726 0.025665237 -0.085823834 0.579059541 -0.017032819 0.994857430 0.099843025 -0.391134679 0.087944970 -0.097979799 0.991294920 0.901729763
0.996429265 0.029738717 -0.079020850 0.580929816 -0.022330556 0.995412648 0.093032084 -0.426082700 0.081425004 -0.090935312 0.992522418 0.895183623
0.996697843 0.030330863 -0.075322397 0.582378745 -0.024048142 0.996262670 0.082960404 -0.462640643 0.077557154 -0.080875091 0.993702233 0.887789607
0.997046709 0.027045295 -0.071877494 0.584019184 -0.022044197 0.997339547 0.069482774 -0.499439299 0.073565453 -0.067693084 0.994990349 0.881278992
0.997483373 0.023578526 -0.066864960 0.584388375 -0.020091062 0.998426259 0.052358069 -0.536988199 0.067994259 -0.050882913 0.996387303 0.872519255
0.998063862 0.018783757 -0.059292849 0.585315704 -0.016917171 0.999350190 0.031827368 -0.572699010 0.059852157 -0.030762680 0.997733116 0.864480257
0.998471498 0.016112683 -0.052867703 0.586195707 -0.015605954 0.999828398 0.009983750 -0.606990874 0.053019494 -0.009143440 0.998551607 0.855633676
0.998908401 0.012832452 -0.044914242 0.586878181 -0.013288058 0.999863088 -0.009860117 -0.638237417 0.044781562 0.010446176 0.998942196 0.846878052
0.999082863 0.011146664 -0.041342027 0.589620769 -0.012248524 0.999573886 -0.026495494 -0.665640771 0.041029073 0.026977573 0.998793662 0.840531588
0.999217987 0.004993043 -0.039224032 0.589810550 -0.006557190 0.999184132 -0.039850380 -0.689294338 0.038993057 0.040076416 0.998435497 0.832175672
0.999201596 0.000818162 -0.039943587 0.589693844 -0.002780543 0.998790085 -0.049098007 -0.707633972 0.039855089 0.049169876 0.997994959 0.824640870
0.999262989 -0.006032772 -0.037909050 0.589223206 0.003993666 0.998552501 -0.053636730 -0.719215453 0.038177755 0.053445801 0.997840643 0.819671452
0.999376416 -0.008576344 -0.034252107 0.589140356 0.006760958 0.998583853 -0.052769214 -0.723790705 0.034656167 0.052504733 0.998019159 0.817764580
0.999450803 -0.011639732 -0.031026645 0.590671718 0.010091309 0.998717964 -0.049603887 -0.716895700 0.031564243 0.049263544 0.998286963 0.828090370
0.997170329 0.018030012 -0.072981425 0.821279109 -0.019568322 0.999599993 -0.020418217 0.096146420 0.072584085 0.021788565 0.997124255 0.879792452
0.997381687 0.024216162 -0.068142287 0.823047817 -0.025285026 0.999569714 -0.014867143 0.121258408 0.067752950 0.016551195 0.997564852 0.889720619
0.997232318 0.034262653 -0.065983541 0.824995160 -0.034930009 0.999349356 -0.008986693 0.147903383 0.065632708 0.011266626 0.997780263 0.899547935
0.997109056 0.039251648 -0.065060213 0.826556563 -0.039463066 0.999219120 -0.001967115 0.174215659 0.064932197 0.004528903 0.997879386 0.909164965
0.996480584 0.043930445 -0.071390271 0.827594459 -0.043518294 0.999025822 0.007319113 0.200703606 0.071642250 -0.004186571 0.997421622 0.916773856
0.995916665 0.047710288 -0.076640323 0.828489900 -0.046460059 0.998757720 0.018014943 0.226678669 0.077404603 -0.014380669 0.996896029 0.922854543
0.994800985 0.050727099 -0.088305123 0.829204202 -0.048266746 0.998390496 0.029779118 0.251224339 0.089673601 -0.025362097 0.995648265 0.926112533
0.993514895 0.051588822 -0.101325214 0.829886973 -0.047498804 0.997972131 0.042372841 0.273456931 0.103305712 -0.037285220 0.993950546 0.926704943
0.992272019 0.049519509 -0.113772213 0.830426216 -0.043325506 0.997474194 0.056285694 0.291841000 0.116272092 -0.050921477 0.991911173 0.925752997
0.990934789 0.046330936 -0.126101851 0.830713332 -0.037537470 0.996752739 0.071238488 0.306805849 0.128992915 -0.065859154 0.989456117 0.922878563
0.990059078 0.042946503 -0.133935243 0.831343293 -0.031405479 0.995702505 0.087121688 0.317744493 0.137101233 -0.082049318 0.987153053 0.919831455
0.989056408 0.037607118 -0.142664447 0.831438959 -0.022920804 0.994394064 0.103223532 0.325306773 0.145746604 -0.098823920 0.984373808 0.915631831
0.988147616 0.034004420 -0.149693176 0.831736326 -0.015719570 0.992445230 0.121677347 0.330001771 0.152699843 -0.117882065 0.981216908 0.910840213
0.987485170 0.031383265 -0.154557928 0.831934690 -0.009504982 0.990062594 0.140305772 0.332249105 0.157425269 -0.137080804 0.977970421 0.905799747
0.987653613 0.030201379 -0.153714553 0.832423985 -0.005031177 0.986849010 0.161566600 0.333354831 0.156572595 -0.158798471 0.974816918 0.901597381
0.988727450 0.029251181 -0.146841273 0.832810462 -0.001529754 0.982653081 0.185446873 0.333531678 0.149718568 -0.183131799 0.971620858 0.898356974
0.990670800 0.030984595 -0.132707715 0.833439946 -0.002443121 0.977691174 0.210033298 0.333300561 0.136254966 -0.207749635 0.968645811 0.895931900
0.992391586 0.029440820 -0.119549744 0.832871616 -0.000990380 0.972867429 0.231361181 0.332224876 0.123117514 -0.229482502 0.965494633 0.893079102
0.993703246 0.026682530 -0.108820692 0.831439972 0.001379731 0.968242407 0.250009447 0.330560774 0.112035692 -0.248585343 0.962108791 0.889698803
0.994293332 0.023861744 -0.103977926 0.829627931 0.004792836 0.963688195 0.266987115 0.328990221 0.106573083 -0.265961856 0.958074331 0.885577083
0.994495034 0.023236735 -0.102174722 0.828293562 0.006932229 0.958374977 0.285428405 0.327994078 0.104554124 -0.284565449 0.952938080 0.880478799
0.994736731 0.020371750 -0.100418478 0.827626646 0.011267688 0.952344179 0.304817408 0.327157855 0.101842612 -0.304344565 0.947102129 0.875286460
0.994951487 0.018618915 -0.098614626 0.827298343 0.014507901 0.945632160 0.324914306 0.325437635 0.099302717 -0.324704677 0.940588057 0.870764613
0.995116949 0.015425847 -0.097489871 0.827720582 0.019299464 0.938237011 0.345454633 0.325387239 0.096797533 -0.345649242 0.933357835 0.865465462
0.995155513 0.017841056 -0.096681230 0.829217017 0.018684439 0.931152105 0.364151955 0.326838553 0.096521787 -0.364194274 0.926307797 0.859319925
0.995133817 0.021431375 -0.096173964 0.831714690 0.016818620 0.924790025 0.380106032 0.327703983 0.097086914 -0.379873872 0.919929326 0.853845119
0.994837642 0.024626387 -0.098446198 0.834915757 0.015904376 0.920283198 0.390929520 0.329254478 0.100225560 -0.390477121 0.915140688 0.848409832
0.994541705 0.026827870 -0.100831807 0.838730812 0.015600713 0.917281926 0.397932798 0.327895224 0.103166878 -0.397333831 0.911856592 0.845305860
0.994561970 0.025273087 -0.101033635 0.843305230 0.017243454 0.916760206 0.399065614 0.325712860 0.102709241 -0.398637652 0.911339045 0.844168127
0.998434663 -0.032881331 -0.045244440 0.814982533 0.047793131 0.921768308 0.384784400 -0.858368337 0.029052669 -0.386344433 0.921896935 -0.864281416
0.998239040 -0.033129074 -0.049206674 0.803489268 0.049585357 0.921320260 0.385629743 -0.857847095 0.032559551 -0.387390584 0.921340585 -0.868355155
0.998119771 -0.029499844 -0.053728163 0.790757179 0.048058778 0.920710683 0.387275398 -0.856843948 0.038043529 -0.389129341 0.920397222 -0.872964203
0.997967958 -0.027148712 -0.057644531 0.776566923 0.047544178 0.919581056 0.390013099 -0.855641246 0.042420462 -0.391961217 0.919003189 -0.877389550
0.997737825 -0.025862928 -0.062051248 0.760595202 0.048165593 0.918935895 0.391454816 -0.854682565 0.046896953 -0.393558025 0.918102801 -0.881942868
0.997417271 -0.024746742 -0.067426488 0.742900431 0.049241286 0.919025421 0.391110748 -0.854450822 0.052287940 -0.393420786 0.917870402 -0.887105227
0.997140408 -0.022033475 -0.072288185 0.724149108 0.048566878 0.919700921 0.389604241 -0.854666948 0.057899177 -0.392000943 0.918141007 -0.892915785
0.996798992 -0.019220520 -0.077603996 0.704375446 0.047819797 0.921231329 0.386064917 -0.855310559 0.064070866 -0.388540119 0.919201553 -0.899201632
0.996381700 -0.016189963 -0.083434731 0.683802307 0.046917029 0.923335016 0.381118417 -0.856280386 0.070867911 -0.383653939 0.920753717 -0.906008244
0.995985568 -0.011827135 -0.088728935 0.662759542 0.044479296 0.925590038 0.375905097 -0.857509136 0.077680737 -0.378342688 0.922400415 -0.912755489
0.995635152 -0.009572184 -0.092838623 0.640952766 0.043528467 0.927539885 0.371180594 -0.859097302 0.082558520 -0.373601556 0.923907995 -0.919268072
0.995288134 -0.007527787 -0.096668653 0.618341982 0.042825930 0.928593636 0.368618876 -0.860584557 0.086991005 -0.371021897 0.924540579 -0.925767779
0.994947076 -0.004803883 -0.100285649 0.595238209 0.041662946 0.928549051 0.368864268 -0.861497402 0.091348171 -0.371178597 0.924057364 -0.932372749
0.994493127 0.000259053 -0.104801252 0.571911931 0.038873468 0.927748382 0.371176332 -0.861802936 0.097325340 -0.373206288 0.922629297 -0.938859820
0.993991911 0.004200744 -0.109373085 0.548247755 0.037374407 0.926176369 0.375233859 -0.861175835 0.102875032 -0.377067178 0.920454800 -0.945216060
0.993565321 0.009799569 -0.112835951 0.524917603 0.033880863 0.924914956 0.378661424 -0.860455334 0.108074374 -0.380047828 0.918631375 -0.951023638
0.993331075 0.014090814 -0.114432789 0.501698613 0.030578032 0.924766660 0.379304141 -0.859414518 0.111168332 -0.380273730 0.918168545 -0.956686497
0.993061543 0.015406977 -0.116582207 0.478311628 0.030006416 0.925364017 0.377890259 -0.858693182 0.113703124 -0.378766507 0.918481112 -0.962149024
0.992626965 0.016327051 -0.120104857 0.454836845 0.030186733 0.926365733 0.375413537 -0.857765377 0.117390417 -0.376271188 0.919042706 -0.967946112
0.992358744 0.018501125 -0.121991187 0.431804687 0.028557226 0.927410126 0.372954369 -0.856194794 0.120035931 -0.373588264 0.919795215 -0.973872781
0.991990685 0.020635193 -0.124613941 0.408959687 0.027242770 0.928392291 0.370601654 -0.855150998 0.123338059 -0.371028244 0.920394361 -0.979759574
0.991645098 0.022455208 -0.127026394 0.386502564 0.026284054 0.928900123 0.369396448 -0.854192555 0.126289710 -0.369648933 0.920549035 -0.985818148
0.990753055 0.024191365 -0.133503616 0.364360869 0.027195770 0.928597748 0.370089978 -0.853022635 0.132924139 -0.370298475 0.919353127 -0.991795003
0.989674509 0.027807051 -0.140609726 0.343109548 0.027049636 0.927139401 0.373739123 -0.850763202 0.140757397 -0.373683512 0.916814029 -0.996804476
0.988560975 0.032446645 -0.147290185 0.323487490 0.026247205 0.924672008 0.379858881 -0.848081768 0.148520246 -0.379379600 0.913243055 -1.001328707
0.987269163 0.036552507 -0.154801458 0.305434138 0.026334461 0.922241509 0.385716319 -0.845161676 0.156863242 -0.384882450 0.909538031 -1.005264044
0.985605717 0.038142595 -0.164701462 0.289880157 0.029326003 0.920874596 0.388754427 -0.838354409 0.166497499 -0.387988627 0.906500638 -1.005582094
0.984071791 0.039502788 -0.173327133 0.275095403 0.031333219 0.921192467 0.387843609 -0.836107135 0.174988553 -0.387096822 0.905281782 -1.008743525
0.982907295 0.040490992 -0.179593146 0.263171941 0.031923369 0.923250020 0.382871151 -0.834784865 0.181312203 -0.382060051 0.906176567 -1.011954784
0.981797695 0.040917233 -0.185469985 0.253433675 0.032483645 0.925955534 0.376232862 -0.834682763 0.187131375 -0.375409305 0.907771826 -1.014629126
0.980706811 0.040071171 -0.191333264 0.246485204 0.034195866 0.928507924 0.369734585 -0.835554481 0.192470163 -0.369144022 0.909223795 -1.016816497
0.980503023 0.040754523 -0.192231238 0.240064085 0.033131633 0.929964840 0.366152555 -0.839609325 0.193690658 -0.365382642 0.910483122 -1.019539356
0.984747350 -0.157860145 0.073162906 0.754292965 0.116618469 0.910909653 0.395782471 -0.079100057 -0.129123077 -0.381213605 0.915425301 0.315150440
0.984203696 -0.158606946 0.078656718 0.764576793 0.115390934 0.911647499 0.394441038 -0.074912935 -0.134268284 -0.379134089 0.915548682 0.318740904
0.982693076 -0.161270499 0.091138348 0.773964763 0.114050381 0.914426982 0.388350159 -0.071184218 -0.145968780 -0.371234626 0.916993976 0.323286086
0.980290174 -0.165325239 0.108160630 0.782336593 0.113187119 0.918697238 0.378396749 -0.067751743 -0.161925390 -0.358696222 0.919302583 0.328711033
0.978102922 -0.167210326 0.123916909 0.788944542 0.112260774 0.925238907 0.362395465 -0.065299526 -0.175248995 -0.340549052 0.923750043 0.334172249
0.976486087 -0.165781289 0.137809455 0.793836355 0.109819658 0.932615399 0.343755901 -0.063640200 -0.185511500 -0.320538700 0.928892016 0.338911712
0.974783421 -0.163300261 0.152086511 0.798087299 0.106720038 0.939686775 0.324960947 -0.063271813 -0.195979878 -0.300535858 0.933418512 0.343180180
0.972593188 -0.162096068 0.166695416 0.802040458 0.105315194 0.946283221 0.305706978 -0.064208753 -0.207294971 -0.279772937 0.937419832 0.347272098
0.970459282 -0.162197620 0.178607643 0.805487871 0.105629712 0.951214910 0.289883763 -0.065528758 -0.216912717 -0.262454122 0.940248191 0.350812495
0.968008816 -0.164766431 0.189237908 0.809176147 0.107528061 0.953828335 0.280444741 -0.067347944 -0.226708367 -0.251124620 0.941031218 0.354361624
0.965329945 -0.172389925 0.196009696 0.812824011 0.113164626 0.953048527 0.280877769 -0.068739519 -0.235227257 -0.248958349 0.939514697 0.357970864
0.962573111 -0.180609524 0.202072307 0.818228602 0.117644727 0.950130165 0.288812011 -0.070571512 -0.244157180 -0.254229933 0.935817540 0.362566829
0.958864331 -0.190960914 0.210031331 0.824907899 0.123453707 0.946794510 0.297219396 -0.071956463 -0.255613804 -0.259063900 0.931422293 0.369319797
0.955176115 -0.200711340 0.217608809 0.832561910 0.128640383 0.943451107 0.305535048 -0.073087417 -0.266627610 -0.263846487 0.926981509 0.377663255
0.951572657 -0.210312694 0.224227816 0.840708375 0.133523226 0.939729691 0.314769328 -0.074800782 -0.276913494 -0.269586265 0.922302663 0.386780173
0.948998153 -0.217360735 0.228378773 0.848806262 0.136203557 0.935925305 0.324795991 -0.076404884 -0.284343362 -0.277124792 0.917796671 0.396707535
0.947335243 -0.222560614 0.230266780 0.855818093 0.137648225 0.932210803 0.334717900 -0.080017254 -0.289152175 -0.285394222 0.913751125 0.406176716
0.947047412 -0.225556344 0.228529006 0.862132788 0.138674974 0.929238796 0.342468262 -0.082342856 -0.289603919 -0.292642415 0.911312222 0.418471903
0.947070777 -0.230991617 0.222934648 0.866480112 0.143760458 0.926091313 0.348837733 -0.086254604 -0.287036419 -0.298324823 0.910281479 0.431060553
0.949092507 -0.231387153 0.213736609 0.868856728 0.145809099 0.924178302 0.353035718 -0.090902984 -0.279218674 -0.303898841 0.910869062 0.444122106
0.951913118 -0.228925288 0.203604132 0.869049907 0.146888345 0.924237967 0.352431476 -0.096613169 -0.268859148 -0.305577099 0.913420737 0.458211720
0.956016362 -0.222053856 0.191637099 0.866880596 0.145960659 0.926872849 0.345835477 -0.103155047 -0.254417330 -0.302652925 0.918516755 0.472716749
0.960553825 -0.212128952 0.179826677 0.862320125 0.142879769 0.931216955 0.335291564 -0.109357893 -0.238582700 -0.296371996 0.924792945 0.487788260
0.965702772 -0.199505657 0.166179508 0.855369806 0.137739301 0.936159968 0.323469400 -0.115155548 -0.220104575 -0.289485872 0.931532025 0.502866566
0.970579147 -0.185794115 0.153155774 0.846190870 0.130506903 0.940465510 0.313835204 -0.120206654 -0.202346474 -0.284614027 0.937043667 0.517910838
0.975269139 -0.173083976 0.137448326 0.834506989 0.124177113 0.943548799 0.307076037 -0.125049949 -0.182839140 -0.282413840 0.941707134 0.532258511
0.980066776 -0.160653651 0.116874143 0.819635510 0.118832074 0.945495069 0.303179801 -0.129383579 -0.159210876 -0.283248067 0.945739090 0.545242190
0.984194398 -0.150158554 0.093881674 0.801316977 0.115723938 0.946613908 0.300882190 -0.132294923 -0.134049729 -0.285262197 0.949029028 0.564062357
0.987965465 -0.140442625 0.064808421 0.779411674 0.114803240 0.946611643 0.301241696 -0.135473743 -0.103655584 -0.290176153 0.951342881 0.572413266
0.990920305 -0.129401654 0.036498453 0.755108953 0.112377010 0.946166992 0.303544849 -0.136631161 -0.073812827 -0.296687156 0.952117860 0.579130173
0.992915928 -0.118498102 0.008727446 0.728026628 0.110135391 0.945428431 0.306651711 -0.137890756 -0.044588819 -0.303518176 0.951781750 0.581807613
0.994077623 -0.106856130 -0.019785143 0.698508918 0.107715346 0.944746614 0.309598565 -0.137772247 -0.014390554 -0.309896171 0.950661480 0.580846727
0.994442284 -0.094500363 -0.046413481 0.667343736 0.104306459 0.944221973 0.312354028 -0.137550056 0.014307057 -0.315459251 0.948831260 0.576297283
0.994290829 -0.079896972 -0.070726469 0.635733187 0.098210230 0.944387555 0.313826174 -0.136156514 0.041719437 -0.318980545 0.946842611 0.568472207
0.992798805 -0.071170151 -0.096360736 0.603315532 0.098155037 0.944415867 0.313758194 -0.134654477 0.068674393 -0.320957065 0.944600642 0.556805670
0.990643442 -0.067218751 -0.118773721 0.574134290 0.101538345 0.944526553 0.312345207 -0.133400083 0.091189481 -0.321482837 0.942514360 0.544096231
0.987641871 -0.066113919 -0.142100200 0.543880761 0.107950240 0.944274902 0.310952902 -0.131141871 0.113623336 -0.322449863 0.939742446 0.526857853
0.985375047 -0.063535348 -0.158111706 0.516808689 0.111063927 0.943184137 0.313158929 -0.127771795 0.129231796 -0.326139510 0.936446548 0.508149803
0.984138668 -0.059144735 -0.167251393 0.493642151 0.110466123 0.942009866 0.316882640 -0.122904509 0.138810530 -0.330332071 0.933601856 0.487959623
0.983406007 -0.056774400 -0.172305748 0.474547267 0.110440813 0.940851808 0.320313513 -0.116564304 0.143928573 -0.334027827 0.931509495 0.466718554
0.983753324 -0.053559866 -0.171349630 0.460557878 0.107567996 0.940009773 0.323744953 -0.108811542 0.143730596 -0.336916924 0.930499077 0.444905281
0.984775484 -0.055279717 -0.164807022 0.451208621 0.107489571 0.938748777 0.327409148 -0.099584170 0.136613309 -0.340139568 0.930398762 0.424321204
0.985545933 -0.061039798 -0.158029571 0.445765436 0.111249678 0.936695755 0.332000852 -0.090637244 0.127760366 -0.344782829 0.929947376 0.401787937
0.986497998 -0.070139050 -0.147994101 0.444516629 0.117250845 0.933373213 0.339214891 -0.080582500 0.114341520 -0.351987213 0.928994656 0.380747139
0.987055063 -0.083321676 -0.137039289 0.447161555 0.126699060 0.928991556 0.347738445 -0.070523128 0.098334193 -0.360599756 0.927522659 0.360173792
0.988048255 -0.096867122 -0.119906045 0.454193801 0.134001434 0.924230516 0.357549399 -0.060180347 0.076186053 -0.369343609 0.926164627 0.340298086
0.988644838 -0.114799604 -0.096965946 0.465144813 0.142666027 0.919729531 0.365710348 -0.050503932 0.047199048 -0.375391394 0.925663829 0.321947575
0.988630056 -0.134612903 -0.067007646 0.479191989 0.149919733 0.916799843 0.370137930 -0.041394155 0.011607263 -0.375975251 0.926557004 0.304583400
0.986995399 -0.157097399 -0.034066655 0.497199982 0.158484071 0.915540695 0.369686425 -0.033565730 -0.026887361 -0.370277822 0.928531885 0.288841307
0.983668447 -0.179959446 0.003323376 0.517594576 0.166388363 0.916219354 0.364495546 -0.026840774 -0.068639353 -0.357989758 0.931199193 0.275112748
0.978823662 -0.200371236 0.041899987 0.540740371 0.172434747 0.917370319 0.358745009 -0.021458646 -0.110319979 -0.343923062 0.932494760 0.262714356
0.972663403 -0.217517540 0.081314348 0.565905452 0.175945327 0.918828309 0.353267282 -0.017283306 -0.151555747 -0.329303294 0.931981862 0.252279818
0.964617312 -0.235160127 0.119218901 0.592597783 0.180639967 0.918845415 0.350845188 -0.014275813 -0.192048535 -0.316895634 0.928813517 0.244463071
0.955603778 -0.252080500 0.152567387 0.620093763 0.185936213 0.917561412 0.351438165 -0.012194458 -0.228580654 -0.307467818 0.923696041 0.239679679
0.945963621 -0.268295228 0.182127744 0.648462415 0.190975785 0.914854348 0.355766416 -0.010490741 -0.262070775 -0.301760077 0.916656852 0.238107651
0.937307954 -0.280155838 0.207283571 0.677536905 0.192736864 0.912257552 0.361439645 -0.009283199 -0.290355444 -0.298829079 0.909062624 0.240083307
0.929669082 -0.288487822 0.229107410 0.707394242 0.192156464 0.910338402 0.366551340 -0.009042768 -0.314310879 -0.296746969 0.901748240 0.246499807
0.923994601 -0.292351633 0.246504515 0.737075865 0.188934401 0.909453630 0.370402396 -0.009458217 -0.332472175 -0.295676649 0.895565510 0.259917885
0.919327855 -0.293087840 0.262556374 0.766901493 0.183844715 0.909866095 0.371947259 -0.011107082 -0.347904384 -0.293671876 0.890347898 0.272536337
0.916314125 -0.290213853 0.275942683 0.796617746 0.177878380 0.912318945 0.368827045 -0.014352694 -0.358786464 -0.288877189 0.887593508 0.288879454
0.915108144 -0.283538461 0.286675900 0.824745178 0.170717925 0.916574597 0.361588806 -0.018245792 -0.365284175 -0.281952173 0.887169957 0.307043254
0.915329456 -0.275840104 0.293401212 0.850737572 0.165135577 0.921599388 0.351261765 -0.023645211 -0.367290467 -0.273069233 0.889118075 0.326981485
0.914304495 -0.274432987 0.297882289 0.871746838 0.167318851 0.925692081 0.339261800 -0.029761998 -0.368851930 -0.260347277 0.892282248 0.349437892
0.914830923 -0.272736251 0.297824264 0.888601184 0.169351757 0.928602159 0.330178797 -0.035753980 -0.366611958 -0.251620710 0.895702362 0.371386886
0.915218830 -0.273248911 0.296158016 0.899107814 0.173322544 0.930444360 0.322850823 -0.042513084 -0.363777161 -0.244148314 0.898920357 0.392920703
0.917851031 -0.269744962 0.291182280 0.903376520 0.173450664 0.932419717 0.317030489 -0.048152715 -0.357021451 -0.240481019 0.902609825 0.414383113
0.922690630 -0.264215529 0.280770689 0.900194287 0.172909573 0.934494019 0.311164260 -0.053502455 -0.344592959 -0.238560393 0.907934248 0.434347510
0.930458188 -0.253603876 0.264447659 0.889846921 0.169086158 0.937503874 0.304132074 -0.057838403 -0.325049788 -0.238267750 0.915189147 0.453357428
0.938982129 -0.241033837 0.245387986 0.872657418 0.163989529 0.940813363 0.296610326 -0.061796669 -0.302357405 -0.238270730 0.922933936 0.471105278
0.948992610 -0.223011434 0.222887576 0.849458516 0.154506743 0.945139349 0.287818193 -0.066154107 -0.274846554 -0.238699719 0.931387067 0.487429023
0.959646046 -0.202511877 0.195111334 0.819679797 0.143427968 0.949273646 0.279835612 -0.069143511 -0.241884083 -0.240558714 0.940012574 0.499907225
0.970136702 -0.183831260 0.158242986 0.785541475 0.136148974 0.952623129 0.271979213 -0.070585415 -0.200744197 -0.242312387 0.949203074 0.509770036
0.979171574 -0.163014472 0.121034257 0.747321665 0.125870496 0.955128968 0.268114388 -0.071543053 -0.159309849 -0.247295335 0.955753803 0.515145123
0.985974610 -0.145077556 0.082501784 0.707655728 0.118276685 0.956165493 0.267877251 -0.071280085 -0.117748320 -0.254362136 0.959914207 0.517385900
0.990631044 -0.128611445 0.045926195 0.668400228 0.111704297 0.956561625 0.269280463 -0.069796018 -0.078563780 -0.261627465 0.961966097 0.516500294
0.993194997 -0.116077729 0.009468562 0.630459964 0.109166704 0.956212878 0.271550387 -0.067523994 -0.040574912 -0.268668860 0.962377667 0.512100220
0.994326293 -0.103525095 -0.024449211 0.595525444 0.106257237 0.955933869 0.273678333 -0.065184049 -0.004960740 -0.274723440 0.961510479 0.505470216
0.994316220 -0.092012405 -0.053562395 0.563055754 0.103295967 0.955596983 0.275978833 -0.060904846 0.025790595 -0.279943019 0.959670126 0.495261341
0.993846238 -0.081022337 -0.075531691 0.537002385 0.099026546 0.955432296 0.278105885 -0.056085106 0.049632635 -0.283874124 0.957576156 0.482571334
0.992817819 -0.078004912 -0.090708427 0.516500354 0.100107804 0.956828713 0.272868544 -0.030348029 0.065507345 -0.279989392 0.957765520 0.453449339
0.992268980 -0.070608869 -0.102062322 0.506071031 0.096792117 0.955009639 0.280335277 -0.040937848 0.077676348 -0.288046807 0.954460800 0.451881737
0.991761148 -0.069824152 -0.107398450 0.500602007 0.097884528 0.953891695 0.283741444 -0.032969579 0.082634494 -0.291916400 0.952867448 0.435099155
0.991580486 -0.065945931 -0.111441597 0.501613319 0.095770098 0.952719271 0.288364530 -0.025645517 0.087156087 -0.296609402 0.951013505 0.418905526
0.991775095 -0.065399416 -0.110023253 0.509904265 0.095240735 0.951348841 0.293026537 -0.013960248 0.085506730 -0.301095098 0.949752808 0.399004102
0.992551923 -0.065162115 -0.102929771 0.523637116 0.093267761 0.950013220 0.297952980 -0.002940381 0.078369409 -0.305333823 0.949015021 0.380827844
0.993574381 -0.069537446 -0.089300185 0.542023480 0.093506187 0.948873162 0.301490217 0.008072312 0.063769683 -0.307903081 0.949278235 0.363297015
0.995020092 -0.072017543 -0.068909287 0.564342558 0.089719079 0.948300004 0.304429919 0.018636584 0.043422382 -0.309096366 0.950038910 0.347786009
0.996045351 -0.079087451 -0.040482078 0.589975178 0.087705985 0.948024511 0.305871189 0.029497236 0.014187436 -0.308212101 0.951211870 0.334462851
0.996166766 -0.086828120 -0.010612816 0.618786931 0.085866772 0.947483778 0.308060646 0.047140464 -0.016692849 -0.307791054 0.951307535 0.315260470
0.994799018 -0.099978819 0.019470492 0.646471620 0.089011922 0.946239293 0.310979277 0.060246181 -0.049515083 -0.307628781 0.950217247 0.299999803
0.992365837 -0.113250703 0.048829325 0.672345757 0.092234299 0.944348276 0.315751791 0.069792867 -0.081870995 -0.308837533 0.947584569 0.286004007
0.989048302 -0.125707403 0.077337906 0.695525348 0.094416142 0.941638887 0.323112667 0.078781828 -0.113442034 -0.312272072 0.943195164 0.273819119
0.984559953 -0.140530795 0.104368605 0.714252353 0.098941013 0.938615143 0.330472738 0.087486044 -0.144403547 -0.315043896 0.938027143 0.258697510
0.979770422 -0.154934168 0.126670033 0.727613688 0.104340859 0.935596883 0.337300241 0.095609725 -0.170771420 -0.317259967 0.932836115 0.242923483
0.975627780 -0.167156786 0.142158359 0.733718216 0.110083975 0.933271885 0.341884583 0.102308676 -0.189820707 -0.317902774 0.928927302 0.226538524
0.972607136 -0.176001891 0.151850834 0.736854076 0.115851834 0.933349371 0.339760661 0.128208026 -0.201528385 -0.312861443 0.928172410 0.200125828
0.970420361 -0.184190825 0.156070814 0.728489637 0.122623280 0.932920575 0.338559747 0.130916208 -0.207961276 -0.309407353 0.927911222 0.183871031
0.969029546 -0.189715654 0.158081293 0.715672255 0.128458560 0.933979273 0.333438307 0.133353189 -0.210903108 -0.302804679 0.929424107 0.167347759
0.968133092 -0.191884562 0.160930499 0.698044717 0.130548432 0.935065269 0.329560459 0.133456469 -0.213718072 -0.298049152 0.930317819 0.149494678
0.968204856 -0.189407855 0.163413718 0.677620173 0.128550678 0.937102377 0.324520946 0.132859692 -0.214602187 -0.293195784 0.931655586 0.130237833
0.969167948 -0.184323192 0.163518950 0.656370640 0.125007987 0.939698458 0.318339109 0.132030591 -0.212335780 -0.288082898 0.933767498 0.111590557
0.970677853 -0.177128181 0.162512049 0.635559320 0.119718209 0.942459226 0.312150896 0.131551966 -0.208451703 -0.283542335 0.936029732 0.094285965
0.972291768 -0.169717014 0.160763413 0.615907252 0.114075720 0.944716215 0.307405293 0.131175235 -0.204047710 -0.280548453 0.937900364 0.077999935
0.972896636 -0.166052103 0.160931081 0.598340631 0.110770009 0.945564747 0.306002140 0.132768169 -0.202983052 -0.279882133 0.938330352 0.065429688
0.973291814 -0.164800137 0.159824818 0.583217323 0.109403700 0.945012867 0.308190733 0.132767290 -0.201826394 -0.282474071 0.937803030 0.055412356
0.973889947 -0.163236812 0.157772392 0.571490765 0.107981250 0.944398582 0.310566157 0.133473888 -0.199695855 -0.285420805 0.937366843 0.048898026
0.975050449 -0.158037990 0.155886531 0.563458860 0.104018390 0.945655286 0.308084875 0.134900779 -0.196104020 -0.284183234 0.938500464 0.045918018
0.975628793 -0.153995931 0.156312823 0.560032129 0.101007678 0.947589517 0.303103238 0.135782912 -0.194797039 -0.279927462 0.940050364 0.048354648
0.976347804 -0.146583915 0.158927888 0.560984492 0.094509646 0.950483859 0.296054721 0.135775059 -0.194455236 -0.274032176 0.941856444 0.056225721
