1.000000000 0.000000000 0.000000000 0.000000119 0.000000000 1.000000000 0.000000000 -0.000000238 0.000000000 0.000000000 1.000000000 0.000000238
0.999984026 0.003424194 0.004497482 0.000182686 -0.003444253 0.999984145 0.004459714 0.020242641 -0.004482139 -0.004475133 0.999979913 0.007888454
0.999970317 0.004489887 0.006259733 0.000031683 -0.004577484 0.999890804 0.014050429 0.043079030 -0.006195964 -0.014078666 0.999881685 0.015807221
0.999971032 0.004458859 0.006170854 -0.000581818 -0.004618957 0.999646604 0.026177889 0.067924112 -0.006051950 -0.026205635 0.999638259 0.023453405
0.999981105 0.001161459 0.006039269 -0.001415626 -0.001378496 0.999348760 0.036058452 0.093970232 -0.005993456 -0.036066096 0.999331415 0.031136775
0.999977410 -0.000063864 0.006719438 -0.002507295 -0.000230492 0.999040425 0.043796718 0.118578926 -0.006715788 -0.043797277 0.999017894 0.036894344
0.999970973 -0.004952670 0.005790166 -0.002972650 0.004667334 0.998822212 0.048295330 0.146118954 -0.006022537 -0.048266906 0.998816311 0.046065155
0.999962389 -0.007034629 0.005070876 -0.003858683 0.006760196 0.998611510 0.052243341 0.168758735 -0.005431348 -0.052207094 0.998621523 0.050839391
0.999965131 -0.007238714 0.004158043 -0.004263858 0.006989856 0.998347878 0.057032198 0.191705316 -0.004564013 -0.057001144 0.998363674 0.056576911
0.999974728 -0.006036359 0.003756857 -0.004875427 0.005790437 0.998037815 0.062345747 0.212737039 -0.004125827 -0.062322419 0.998047531 0.061554864
0.999990225 -0.001180044 0.004262589 -0.005490713 0.000878056 0.997534990 0.070165731 0.232740566 -0.004334881 -0.070161305 0.997526228 0.065650858
0.999997675 -0.000097642 0.002163025 -0.006400790 -0.000078539 0.996689558 0.081301719 0.251030505 -0.002163803 -0.081301704 0.996687174 0.068481013
0.999992907 0.002883608 0.002426846 -0.007151431 -0.003104340 0.995328486 0.096496187 0.266652852 -0.002137252 -0.096503042 0.995330393 0.070387073
0.999992132 0.003759935 0.001255216 -0.007942035 -0.003878415 0.993487775 0.113872491 0.278732747 -0.000818889 -0.113876469 0.993494570 0.071691468
0.999988973 0.004618226 0.000830401 -0.008754474 -0.004687306 0.991313756 0.131434828 0.285069406 -0.000216193 -0.131437272 0.991324484 0.071702532
0.999996126 0.002447092 -0.001329364 -0.009870367 -0.002229726 0.989537537 0.144258440 0.284188509 0.001668469 -0.144254923 0.989539146 0.069866717
0.999989867 0.001352183 -0.004292080 -0.010630408 -0.000696456 0.988799393 0.149249017 0.274197131 0.004445818 -0.149244517 0.988790333 0.066454381
0.999988377 0.001407193 -0.004611578 -0.011506853 -0.000715043 0.989167988 0.146786243 0.255791932 0.004768182 -0.146781236 0.989157498 0.061543643
0.999987006 0.004771953 -0.001791598 -0.012071402 -0.004477501 0.990333200 0.138636529 0.230684251 0.002435846 -0.138626695 0.990341723 0.055959240
0.999932528 0.011286855 0.002752603 -0.012090043 -0.011547547 0.991588295 0.128915906 0.198764265 -0.001274394 -0.128939003 0.991651714 0.048860580
0.999805629 0.016733987 0.010422624 -0.012565332 -0.017820438 0.993231714 0.114774317 0.164996207 -0.008431449 -0.114937752 0.993336916 0.042964246
0.999515712 0.023142843 0.020803090 -0.012903187 -0.025107047 0.994697392 0.099733301 0.126404494 -0.018384669 -0.100207306 0.994796693 0.035534412
0.999055266 0.029977014 0.031462871 -0.013333985 -0.032532990 0.995922208 0.084146269 0.087637119 -0.028812118 -0.085090362 0.995956600 0.027877677
0.998789787 0.033747222 0.035777938 -0.014827900 -0.036146548 0.996983409 0.068684302 0.049304027 -0.033352103 -0.069894426 0.996996701 0.019674258
0.998691440 0.036388103 0.035934981 -0.016443135 -0.038321007 0.997769833 0.054651748 0.013041450 -0.033866171 -0.055957299 0.997858644 0.011201326
0.998808205 0.035062842 0.033953246 -0.018272150 -0.036455840 0.998480797 0.041316070 -0.021266773 -0.032453004 -0.042504624 0.998569071 0.003134982
0.998846054 0.033272807 0.034633629 -0.019195259 -0.034254443 0.999016702 0.028146870 -0.053329345 -0.033663049 -0.029300746 0.999003649 -0.004623667
0.998994291 0.027513614 0.035404265 -0.019466501 -0.027975718 0.999528885 0.012623625 -0.082460888 -0.035040267 -0.013601389 0.999293327 -0.011260531
0.999041498 0.025251968 0.035755157 -0.018644024 -0.025206355 0.999680758 -0.001725984 -0.110244647 -0.035787329 0.000823073 0.999359071 -0.018063223
0.999156952 0.020317903 0.035673749 -0.018463129 -0.019638440 0.999620974 -0.019294761 -0.132555589 -0.036052253 0.018577918 0.999177217 -0.024383556
0.999149799 0.021997096 0.034868229 -0.017980311 -0.020796960 0.999191165 -0.034416061 -0.149283513 -0.035597082 0.033661645 0.998799145 -0.030760618
0.999109745 0.022141276 0.035908584 -0.017824963 -0.020522511 0.998783410 -0.044838805 -0.158004984 -0.036857683 0.044061955 0.998348653 -0.035260066
0.998817146 0.027606515 0.040026829 -0.015305227 -0.025696596 0.998542070 -0.047469776 -0.156137392 -0.041278951 0.046385076 0.998070359 -0.034600351
0.998538733 0.033334281 0.042535588 -0.013890919 -0.031509887 0.998583913 -0.042863697 -0.147380799 -0.043904185 0.041460767 0.998175025 -0.033759363
0.998237073 0.038549207 0.045130368 -0.012323222 -0.037098125 0.998781025 -0.032561060 -0.130486339 -0.046330560 0.030829404 0.998450339 -0.030477066
0.998260677 0.035926484 0.046743345 -0.010798776 -0.035019010 0.999184668 -0.020090377 -0.107633442 -0.047427010 0.018418526 0.998704851 -0.024158554
0.998429239 0.033327084 0.045037113 -0.009436547 -0.033045311 0.999429405 -0.006986721 -0.080571920 -0.045244262 0.005487482 0.998960853 -0.016901605
0.998623729 0.028586825 0.043971516 -0.008112749 -0.028751740 0.999581695 0.003122542 -0.051034536 -0.043863863 -0.004382502 0.999027908 -0.008714713
0.998570502 0.031941574 0.042857256 -0.005537645 -0.032405298 0.999423087 0.010169296 -0.020117911 -0.042507704 -0.011543561 0.999029458 0.000031626
0.998796463 0.028253941 0.040091023 -0.003304004 -0.028822379 0.999491036 0.013672185 0.011912112 -0.039684325 -0.014811249 0.999102473 0.008377258
0.999025285 0.028191833 0.033966068 -0.001547832 -0.028778976 0.999442518 0.016923051 0.044936489 -0.033470038 -0.017884064 0.999279678 0.016271962
0.999119580 0.027176304 0.031961102 -0.000713417 -0.027880931 0.999373257 0.021811349 0.079352893 -0.031348322 -0.022683250 0.999251068 0.025612203
0.999335587 0.022561284 0.028625285 -0.000449905 -0.023461254 0.999228239 0.031503420 0.111959487 -0.027892435 -0.032154072 0.999093652 0.032289207
0.999255180 0.019976653 0.033015747 -0.000076158 -0.021450400 0.998760998 0.044903506 0.143567294 -0.032077815 -0.045578260 0.998445630 0.039008636
0.999178290 0.016706137 0.036928229 0.000123119 -0.018939318 0.997959614 0.060975157 0.172604144 -0.035834223 -0.061624445 0.997455955 0.046100587
0.999030530 0.017213330 0.040518090 0.000161185 -0.020344272 0.996732116 0.078174271 0.198954239 -0.039040044 -0.078922801 0.996115983 0.051737964
0.999029756 0.018627232 0.039907236 -0.000312126 -0.022357432 0.995210528 0.095163755 0.221130863 -0.037943464 -0.095963649 0.994661391 0.056432769
0.999184430 0.017364994 0.036454007 -0.001861360 -0.021267127 0.993754625 0.109541804 0.236595139 -0.034324147 -0.110227734 0.993313491 0.058947328
0.999281526 0.018569849 0.033039376 -0.003424978 -0.022446826 0.992381871 0.121137738 0.244757071 -0.030538170 -0.121792331 0.992085695 0.059497628
0.999334872 0.018999131 0.031126017 -0.004722024 -0.022843918 0.991480649 0.128235221 0.244332120 -0.028424485 -0.128860980 0.991255224 0.058793556
0.999416649 0.019365545 0.028130732 -0.006295511 -0.022889420 0.991131544 0.130898342 0.234798700 -0.025346339 -0.131465867 0.990996599 0.057656445
0.999504030 0.017850718 0.025942141 -0.008342763 -0.020980975 0.991822481 0.125888929 0.216692969 -0.023482790 -0.126370773 0.991705120 0.053329766
0.999551952 0.016339080 0.025078150 -0.010488517 -0.019031608 0.993617594 0.111183792 0.196373537 -0.023101451 -0.111611262 0.993483365 0.049342774
0.999567151 0.015472113 0.025023390 -0.012299341 -0.017803222 0.995242238 0.095791005 0.168133661 -0.023422245 -0.096195035 0.995086908 0.042630363
0.999404430 0.020197244 0.027979719 -0.013522124 -0.022436010 0.996366680 0.082159065 0.138383418 -0.026218673 -0.082737885 0.996226370 0.034100696
0.999286711 0.020803856 0.031516984 -0.014541665 -0.023029046 0.997141004 0.071968839 0.106462628 -0.029929649 -0.072643310 0.996908784 0.026552819
0.998988092 0.025089795 0.037326101 -0.014735029 -0.027501548 0.997469008 0.065568820 0.074195303 -0.035586517 -0.066528991 0.997149706 0.018596193
0.998765051 0.025303267 0.042756449 -0.014553711 -0.027874216 0.997770131 0.060644638 0.041506507 -0.041126598 -0.061761547 0.997243285 0.010578717
0.998694360 0.024018634 0.045085698 -0.014401420 -0.026527863 0.998083472 0.055907417 0.009445961 -0.043656468 -0.057030451 0.997417510 0.002267338
0.998583198 0.020184590 0.049235836 -0.013507523 -0.022603964 0.998538673 0.049087148 -0.023485998 -0.048173085 -0.050130527 0.997580230 -0.004921272
0.998335123 0.015192159 0.055642929 -0.011893987 -0.017399840 0.999071658 0.039408714 -0.055603925 -0.054992568 -0.040311284 0.997672677 -0.012135854
0.997849941 0.010625943 0.064673014 -0.010183868 -0.012338909 0.999581993 0.026145050 -0.088008977 -0.064368166 -0.026886830 0.997563958 -0.019100633
0.997464657 0.005909924 0.070918165 -0.008486275 -0.006624567 0.999929607 0.009846049 -0.117012456 -0.070854984 -0.010290888 0.997433543 -0.026772769
0.997223794 0.006363735 0.074190281 -0.004837458 -0.005846422 0.999957085 -0.007187872 -0.143768907 -0.074232839 0.006734169 0.997218192 -0.032739114
0.996951938 0.006158679 0.077774860 -0.003891421 -0.004316381 0.999706626 -0.023833517 -0.163974851 -0.077898823 0.023425166 0.996686041 -0.039103355
0.996948063 0.008952597 0.077552430 -0.003030794 -0.006281273 0.999380767 -0.034621093 -0.176812351 -0.077814363 0.034028303 0.996386945 -0.044084519
0.996783793 0.011140728 0.079359874 -0.002293949 -0.008038506 0.999194980 -0.039303340 -0.182488307 -0.079733863 0.038539000 0.996070921 -0.046270598
0.996410608 0.015617816 0.083198294 -0.000662349 -0.012346631 0.999135852 -0.039688390 -0.179297969 -0.083746240 0.038518716 0.995742381 -0.045464784
0.996251583 0.019515963 0.084273145 -0.000060955 -0.016411541 0.999166548 -0.037374608 -0.169044107 -0.084932312 0.035851456 0.995741546 -0.042876713
0.996364057 0.020899812 0.082594261 0.000648698 -0.018175198 0.999269962 -0.033603329 -0.151641801 -0.083236262 0.031979982 0.996016562 -0.037463471
0.996517122 0.020617541 0.080799744 0.001074540 -0.018292248 0.999399900 -0.029413862 -0.130160972 -0.081357703 0.027833408 0.996296227 -0.030933978
0.996628821 0.021627957 0.079140700 0.003043341 -0.019728420 0.999500096 -0.024705801 -0.103779122 -0.079635479 0.023061194 0.996557236 -0.022098308
0.997012854 0.019832479 0.074645795 0.004685577 -0.018390587 0.999631763 -0.019954551 -0.073765434 -0.075014047 0.018522166 0.997010469 -0.010898526
0.997266054 0.023441793 0.070078097 0.006634051 -0.022553978 0.999655366 -0.013433542 -0.041354306 -0.070368849 0.011816276 0.997451067 -0.002217287
0.997452617 0.024371924 0.067039743 0.008423224 -0.023956427 0.999688506 -0.006994860 -0.008225825 -0.067189336 0.005371009 0.997725785 0.006972178
0.997398078 0.027872723 0.066484109 0.010660884 -0.028046619 0.999605179 0.001683513 0.025664331 -0.066410944 -0.003543787 0.997786045 0.015858043
0.996972024 0.030570216 0.071500085 0.012385271 -0.031548075 0.999422967 0.012586979 0.060070194 -0.071074046 -0.014804555 0.997361183 0.025532607
0.997482061 0.026743246 0.065683417 0.013551380 -0.028722862 0.999155521 0.029381493 0.094243430 -0.064842187 -0.031194130 0.997407854 0.034343708
0.997881770 0.018603113 0.062336624 0.013698644 -0.021788370 0.998470426 0.050813779 0.126282156 -0.061295979 -0.052064359 0.996760786 0.042562328
0.998261690 0.010449626 0.058003843 0.013984793 -0.014737338 0.997149885 0.073992990 0.155861542 -0.057065323 -0.074719183 0.995570481 0.048932690
0.998358190 0.004714788 0.057084728 0.013907029 -0.010117285 0.995452106 0.094724610 0.183609337 -0.056378502 -0.095146641 0.993865490 0.055744011
0.998363495 0.003812667 0.057059396 0.014177470 -0.010072776 0.993899226 0.109830894 0.208176136 -0.056292545 -0.110225908 0.992311120 0.060758080
0.998239756 0.009631278 0.058520082 0.014793847 -0.016608786 0.992641687 0.119944170 0.229591712 -0.056934256 -0.120704994 0.991054416 0.064722292
0.998310745 0.016052879 0.055838775 0.014730655 -0.022993840 0.991766930 0.125974849 0.246608451 -0.053356793 -0.127046004 0.990460694 0.066994563
0.998538673 0.019545430 0.050383471 0.013657576 -0.025895732 0.991352856 0.128642842 0.258107305 -0.047433414 -0.129759565 0.990410268 0.067711547
0.998838186 0.021787368 0.042983264 0.012041074 -0.027162530 0.991308391 0.128723875 0.263067156 -0.039805114 -0.129741862 0.990748525 0.066874765
0.999105573 0.021490388 0.036416512 0.010575863 -0.026025493 0.991299152 0.129029676 0.261220008 -0.033326764 -0.129862025 0.990971863 0.065782435
0.999227226 0.022267379 0.032390133 0.009325536 -0.026281733 0.991254151 0.129323065 0.251451015 -0.029227167 -0.130074382 0.991073370 0.063345000
0.999234140 0.023772394 0.031081464 0.008358824 -0.027591502 0.991278231 0.128865078 0.234670147 -0.027746949 -0.129623964 0.991174936 0.059866961
0.999248087 0.023623614 0.030743439 0.007258822 -0.027318398 0.991664410 0.125918269 0.212371126 -0.027512528 -0.126663446 0.991564155 0.055209730
0.999231994 0.023991400 0.030980945 0.006070182 -0.027595313 0.992183805 0.121695526 0.186367497 -0.027819145 -0.122456990 0.992083848 0.049747415
0.999079466 0.026919255 0.033401057 0.005445995 -0.030688753 0.992536306 0.118025146 0.156820238 -0.029974611 -0.118941538 0.992448688 0.044188943
0.998589635 0.033447094 0.041230824 0.005718043 -0.037954181 0.992769122 0.113881111 0.124293737 -0.037123699 -0.115285382 0.992638469 0.038524929
0.998105645 0.038439970 0.048036419 0.006198686 -0.043400530 0.993322253 0.106898807 0.090026073 -0.043606453 -0.108781107 0.993108809 0.032881703
0.997847080 0.040362932 0.051692232 0.006006171 -0.045228578 0.994284809 0.096706070 0.054321826 -0.047493465 -0.098835833 0.993969738 0.026803134
0.997729719 0.038899854 0.054974150 0.005180725 -0.043398261 0.995591164 0.083155088 0.017601868 -0.051497061 -0.085352086 0.995019138 0.019974912
0.997502685 0.037571609 0.059806325 0.005438096 -0.041473500 0.996997118 0.065396868 -0.020629374 -0.057169668 -0.067713924 0.996065497 0.013051577
0.997118473 0.035291295 0.067150757 0.004770130 -0.038337480 0.998267770 0.044628657 -0.056472957 -0.065459430 -0.047074452 0.996744215 0.006394928
0.996690094 0.035426296 0.073169507 0.004269085 -0.037170507 0.999053001 0.022615034 -0.090222642 -0.072299056 -0.025259931 0.997063100 -0.000898832
0.996133029 0.034676794 0.080724694 0.003647291 -0.034992386 0.999384463 0.002497631 -0.120954938 -0.080588393 -0.005312722 0.996733308 -0.008246853
0.995846629 0.034988035 0.084055498 0.003027360 -0.033915717 0.999324501 -0.014151923 -0.148590550 -0.084493861 0.011242343 0.996360600 -0.015282165
0.995840967 0.030574169 0.085825540 0.001179357 -0.028301243 0.999219000 -0.027576348 -0.172033176 -0.086601637 0.025032686 0.995928466 -0.023147538
0.996010721 0.027598159 0.084858887 -0.000360616 -0.024542654 0.999019682 -0.036841869 -0.189549670 -0.085792460 0.034612231 0.995711625 -0.029539902
0.996004522 0.021399144 0.086701162 -0.001627879 -0.017851021 0.998979270 -0.041494284 -0.201039180 -0.087500609 0.039780792 0.995369852 -0.033571728
0.995734096 0.018859172 0.090321437 -0.001901873 -0.015224749 0.999052942 -0.040760096 -0.205437735 -0.091004595 0.039211098 0.995078206 -0.034828823
0.995386899 0.017250117 0.094378866 -0.002851517 -0.013792797 0.999214053 -0.037162878 -0.200701267 -0.094945751 0.035689697 0.994842470 -0.032866955
0.995360672 0.016140193 0.094850428 -0.002690567 -0.013112930 0.999387205 -0.032453295 -0.191155136 -0.095316105 0.031058965 0.994962394 -0.029409252
0.994898617 0.014657593 0.099809065 -0.001857888 -0.012046193 0.999570489 -0.026716575 -0.175734296 -0.100157797 0.025377966 0.994647861 -0.024122687
0.994316697 0.015281643 0.105360396 -0.000195568 -0.013203110 0.999704778 -0.020397227 -0.155994117 -0.105641000 0.018890217 0.994224906 -0.017294977
0.993523538 0.021516016 0.111570716 0.002881057 -0.020072049 0.999699831 -0.014049424 -0.132806882 -0.111839518 0.011718981 0.993657172 -0.008707730
0.992838323 0.026863646 0.116406284 0.005825583 -0.026051033 0.999624491 -0.008496931 -0.107815400 -0.116590835 0.005403575 0.993165314 0.000225607
0.992265344 0.035684779 0.118895270 0.009123970 -0.035624720 0.999361753 -0.002631106 -0.081413619 -0.118913285 -0.001624854 0.992903292 0.008756451
0.992005646 0.039565600 0.119830720 0.011849758 -0.040383033 0.999174595 0.004400019 -0.055099230 -0.119557716 -0.009203971 0.992784560 0.017392745
0.992611408 0.042777862 0.113545962 0.013768909 -0.044617254 0.998910129 0.013706864 -0.028762156 -0.112835862 -0.018671697 0.993438184 0.023452973
0.993101776 0.044634700 0.108427964 0.015117058 -0.047547229 0.998570323 0.024425011 -0.002959361 -0.107182749 -0.029411972 0.993804216 0.030514652
0.994253516 0.045794640 0.096761733 0.016181456 -0.049493838 0.998118877 0.036180891 0.021524578 -0.094922826 -0.040762089 0.994649768 0.032832056
0.995491624 0.044668198 0.083673134 0.016761754 -0.048861407 0.997614920 0.048754707 0.043665819 -0.081295788 -0.052623287 0.995299876 0.032679647
0.996656179 0.040340230 0.071057409 0.017137531 -0.044825606 0.997025073 0.062702745 0.062017538 -0.068316579 -0.065678269 0.995499492 0.031028716
0.997683764 0.034644514 0.058539625 0.016790101 -0.039149895 0.996211231 0.077656135 0.076957256 -0.055627476 -0.079768091 0.995260060 0.027900849
0.998319268 0.028524231 0.050447926 0.016927036 -0.033159643 0.995060027 0.093573540 0.087754436 -0.047529601 -0.095089108 0.994333446 0.024796531
0.998933494 0.020368638 0.041436959 0.016132051 -0.024810346 0.993658304 0.109670646 0.095410667 -0.038940337 -0.110581748 0.993103862 0.020384965
0.999330521 0.013477214 0.034013495 0.015590363 -0.017733445 0.991601110 0.128112465 0.099885255 -0.032001220 -0.128629863 0.991176188 0.015141092
0.999559164 0.007544712 0.028714867 0.014691955 -0.011681769 0.989103556 0.146757364 0.102080673 -0.027294734 -0.147028118 0.988755643 0.010654271
0.999573648 0.002548604 0.029085923 0.013651082 -0.007404751 0.985742211 0.168099463 0.103279099 -0.028242804 -0.168243170 0.985340834 0.005807998
0.999373019 -0.002684439 0.035303496 0.013502171 -0.004144530 0.981396377 0.191947863 0.103473119 -0.035161994 -0.191973820 0.980769932 0.002510425
0.998798311 -0.005338442 0.048717972 0.013665080 -0.005339634 0.976279020 0.216450453 0.103258982 -0.048717838 -0.216450483 0.975077331 -0.000087937
0.998069882 -0.010684980 0.061174817 0.012534641 -0.004170317 0.971331000 0.237694591 0.102131262 -0.061960757 -0.237490922 0.969411671 -0.002928508
0.997324586 -0.016745357 0.071156874 0.010538494 -0.002054328 0.966604531 0.256264359 0.100570336 -0.073071793 -0.255724937 0.963984072 -0.005941294
0.996910393 -0.022537373 0.075244531 0.007828496 0.001124759 0.961950064 0.273223072 0.098848708 -0.078539208 -0.272294313 0.959003329 -0.009835261
0.996746719 -0.026399590 0.076151513 0.005597922 0.003054380 0.956528544 0.291622818 0.097981982 -0.080539815 -0.290441513 0.953497291 -0.014439400
0.996503830 -0.032691583 0.076885857 0.003951061 0.007184592 0.950388193 0.310983330 0.097304389 -0.083237953 -0.309343666 0.947300315 -0.019228507
0.996268570 -0.037995748 0.077493660 0.003138789 0.010248539 0.943609297 0.330902457 0.097328246 -0.085696630 -0.328873515 0.940477669 -0.024595054
0.996017635 -0.044660844 0.077163793 0.002482954 0.014826043 0.936407387 0.350601524 0.096693255 -0.087914906 -0.348061293 0.933340430 -0.031667739
0.996006191 -0.045535594 0.076799765 0.002785821 0.014040997 0.929351568 0.368928969 0.097654805 -0.088173375 -0.366377175 0.926279247 -0.037908304
0.996086180 -0.044754043 0.076219536 0.004175733 0.012025276 0.922934890 0.384768277 0.098277897 -0.087565608 -0.382345825 0.919860840 -0.043705050
0.996362209 -0.043416187 0.073330760 0.006296509 0.010771884 0.917753398 0.397004724 0.097861171 -0.084535986 -0.394770563 0.914882421 -0.048717320
0.996619821 -0.042333536 0.070404842 0.009463476 0.010315236 0.914707780 0.403984219 0.096440949 -0.081501931 -0.401892453 0.912052572 -0.052589968
0.996569395 -0.043945253 0.070130214 0.013814988 0.011806333 0.914201081 0.405088872 0.094307825 -0.081914857 -0.402871221 0.911583662 -0.054521341
0.996715188 -0.043584235 0.068258323 0.018391974 0.012642000 0.916237772 0.400435448 0.092140809 -0.079993524 -0.398257196 0.913779140 -0.055351585
0.996979713 -0.044515226 0.063638769 0.022567319 0.015936997 0.919253349 0.393343776 0.090342902 -0.076009937 -0.391141564 0.917186379 -0.055176500
0.997227013 -0.044018731 0.060005333 0.027173238 0.017527986 0.922553778 0.385470152 0.088516325 -0.072326057 -0.383349478 0.920767128 -0.053792413
0.997419059 -0.041785829 0.058387563 0.030741733 0.016628018 0.925527871 0.378314316 0.087859139 -0.069847494 -0.376367033 0.923833966 -0.052040286
0.997755408 -0.036723040 0.055995964 0.032127693 0.013210794 0.927727640 0.373024017 0.084869228 -0.065647580 -0.371446997 0.926130414 -0.050568387
0.998074114 -0.033686452 0.052089319 0.033264764 0.012130274 0.929479718 0.368673772 0.084729001 -0.060835272 -0.367331892 0.928098261 -0.048372556
0.998468041 -0.027125869 0.048225570 0.034403749 0.007577294 0.930405915 0.366452515 0.084062822 -0.054809701 -0.365525723 0.929186106 -0.045879290
0.998652756 -0.024345677 0.045825712 0.035263509 0.005797339 0.929926097 0.367700815 0.083345279 -0.051566452 -0.366939783 0.928814352 -0.043415051
0.998828113 -0.020083342 0.044034984 0.036806174 0.002259028 0.928194821 0.372087687 0.082466513 -0.048345808 -0.371552140 0.927152455 -0.040916320
0.998899341 -0.017034378 0.043702673 0.039574262 -0.000677464 0.926387548 0.376570851 0.081799090 -0.046900261 -0.376185983 0.925356388 -0.038419459
0.998982131 -0.016051447 0.042155463 0.043512519 -0.001135111 0.925303638 0.379225373 0.081044458 -0.045093719 -0.378887236 0.924343586 -0.035923161
0.998938262 -0.017473049 0.042627115 0.049305916 -0.000092003 0.924524426 0.381122887 0.080390349 -0.046069186 -0.380722165 0.923541188 -0.032839261
0.998855889 -0.019791726 0.043533813 0.056772418 0.001649211 0.924052954 0.382260978 0.079508163 -0.047793154 -0.381751835 0.923028350 -0.029947149
0.998720467 -0.021683693 0.045686837 0.066250041 0.002476084 0.923295259 0.384082973 0.077556610 -0.050510775 -0.383478403 0.922167540 -0.027536228
0.998576939 -0.024637181 0.047297429 0.077249028 0.004494482 0.922614098 0.385698080 0.076445095 -0.053139787 -0.384936631 0.921411932 -0.024253303
0.998406231 -0.029111676 0.048347373 0.089944758 0.008090791 0.921670139 0.387890041 0.075279132 -0.055852462 -0.386880696 0.920436740 -0.021410862
0.998230040 -0.033746779 0.048969183 0.104333200 0.011994329 0.920731246 0.390012980 0.074122183 -0.058249135 -0.388735294 0.919506371 -0.018671498
0.998037100 -0.037669376 0.050030071 0.120212503 0.015119386 0.920173824 0.391218036 0.072789401 -0.060773302 -0.389693707 0.918937147 -0.016969094
0.997694552 -0.042170346 0.053172249 0.137329578 0.018089727 0.920408070 0.390540302 0.071427315 -0.065409385 -0.388678074 0.919048965 -0.014397794
0.997301936 -0.046679519 0.056655496 0.155738801 0.021196239 0.922022402 0.386555851 0.069376357 -0.070281878 -0.384312034 0.920524180 -0.012098470
0.996739924 -0.051966723 0.061716758 0.174371883 0.024647381 0.924499452 0.380385756 0.066802368 -0.076824509 -0.377624512 0.922766328 -0.009885833
0.996008039 -0.058521386 0.067403585 0.192932203 0.029199440 0.927165270 0.373513043 0.063952811 -0.084352762 -0.370053828 0.925172806 -0.007626242
0.995313048 -0.061216015 0.074863359 0.214208990 0.029405963 0.929065108 0.368745536 0.064400479 -0.092126071 -0.364815801 0.926510751 -0.000441015
0.994506896 -0.066608720 0.080742113 0.232716963 0.032450922 0.929588020 0.367168993 0.063278921 -0.099513553 -0.362531930 0.926643193 0.001690366
0.993745267 -0.070368215 0.086710043 0.250853539 0.033500787 0.928573966 0.369632393 0.063372716 -0.106527053 -0.364415616 0.925123394 0.003331827
0.992719948 -0.074023932 0.095013402 0.268197775 0.032985438 0.925778270 0.376625270 0.064368285 -0.115840621 -0.370749384 0.921480238 0.004798820
0.991552353 -0.076654464 0.104633063 0.284508407 0.030426789 0.921638072 0.386855900 0.065884016 -0.126088053 -0.380404234 0.916184723 0.006020216
0.990348220 -0.082620658 0.111284450 0.299132168 0.032052256 0.917665422 0.396059155 0.067650273 -0.134844556 -0.388669550 0.911456466 0.007765118
0.989940345 -0.085799895 0.112501040 0.311851948 0.033548683 0.914812922 0.402482122 0.069592699 -0.137450323 -0.394659013 0.908488691 0.009149044
0.989834130 -0.085354686 0.113767333 0.323047340 0.032089654 0.913302839 0.406014979 0.071831815 -0.138559312 -0.398236752 0.906757295 0.010952630
0.989993870 -0.085036740 0.112609558 0.332259417 0.032184556 0.913061917 0.406549007 0.073671296 -0.137391105 -0.398856729 0.906662583 0.011856688
0.990139246 -0.085463941 0.110996477 0.339269042 0.033484049 0.913759172 0.404874027 0.075215220 -0.136026174 -0.397165060 0.907610476 0.012737342
0.990323305 -0.086808592 0.108277254 0.343944937 0.036298718 0.915075898 0.401644707 0.076218963 -0.133948117 -0.393827796 0.909372091 0.013333181
0.990678072 -0.086883254 0.104920395 0.346439540 0.038211741 0.916521072 0.398157060 0.077161267 -0.130754933 -0.390436292 0.911297262 0.013733529
0.990630150 -0.089055613 0.103542551 0.346693337 0.041181445 0.917646646 0.395257831 0.077918120 -0.130215406 -0.387290299 0.912715852 0.013695979
0.990531504 -0.090428069 0.103296392 0.345066756 0.042685091 0.917985797 0.394309580 0.078680217 -0.130481273 -0.386166811 0.913153768 0.013241682
0.990264595 -0.089100949 0.106944285 0.341753542 0.039886676 0.917705715 0.395253420 0.078846067 -0.133360833 -0.387139797 0.912325442 0.012116353
0.990120053 -0.087765425 0.109359667 0.336288214 0.037719473 0.917857945 0.395112723 0.077844575 -0.135053873 -0.387084037 0.912100017 0.010669683
0.990138471 -0.087905221 0.109079957 0.328242987 0.038074322 0.918178499 0.394333124 0.076612122 -0.134818807 -0.386291265 0.912470818 0.008581574
0.990392566 -0.086871058 0.107591607 0.318330228 0.037841484 0.918605208 0.393360496 0.075435981 -0.133005857 -0.385509908 0.913067102 0.006123280
0.990801334 -0.087194294 0.103488795 0.306278378 0.039625421 0.918160915 0.394221187 0.075280987 -0.129393205 -0.386494100 0.913170159 0.003388518
0.991537988 -0.084077351 0.098911360 0.292935103 0.038204201 0.917176127 0.396646380 0.075980507 -0.124068111 -0.389511108 0.912627101 0.000529032
0.992109954 -0.082117401 0.094734140 0.278232783 0.037686691 0.916023433 0.399350494 0.076780170 -0.119572319 -0.392629415 0.911890686 -0.001910888
0.992626309 -0.081044853 0.090137683 0.261825740 0.038345970 0.915380001 0.400760502 0.077798426 -0.114989810 -0.394349009 0.911738038 -0.004076275
0.993201137 -0.079847082 0.084710926 0.243678391 0.039443608 0.915470600 0.400446981 0.078216821 -0.109524876 -0.394383103 0.912395895 -0.006216621
0.993844032 -0.076637045 0.080005400 0.223963723 0.038532339 0.916167617 0.398938805 0.078363948 -0.103871845 -0.393400162 0.913480699 -0.009446813
0.994509637 -0.073206000 0.074776001 0.203661948 0.037832327 0.917760909 0.395327330 0.078013808 -0.097566821 -0.390327871 0.915491581 -0.012401691
0.995199263 -0.069327936 0.069079801 0.182417139 0.036994193 0.919946790 0.390293866 0.077286877 -0.090608016 -0.385864645 0.918095112 -0.015761998
0.995893717 -0.064065248 0.063964084 0.160700127 0.034597900 0.922252595 0.385036558 0.076260850 -0.083658502 -0.381242484 0.920682073 -0.019080952
0.996338844 -0.060968768 0.059930749 0.138195023 0.033688005 0.924278378 0.380229652 0.074880026 -0.078574829 -0.376818657 0.922948360 -0.022120077
0.996713579 -0.058413658 0.056123972 0.114944980 0.032971237 0.925383449 0.377595425 0.073547602 -0.073992923 -0.374504030 0.924268246 -0.025015444
0.997077525 -0.055631399 0.052360181 0.091421112 0.031787835 0.925333679 0.377818942 0.072759651 -0.069469228 -0.375050366 0.924397767 -0.027782246
0.997569025 -0.050862618 0.047633953 0.067487739 0.028988281 0.924499691 0.380078942 0.072697029 -0.063369386 -0.377774149 0.923726678 -0.030362681
0.997955382 -0.047495402 0.042769115 0.043230940 0.027463704 0.922899425 0.384060472 0.073765628 -0.057712700 -0.382100612 0.922316849 -0.032763503
0.998338580 -0.042395629 0.039021198 0.019253263 0.023991540 0.921575069 0.387458056 0.074681073 -0.052387495 -0.385878175 0.921061158 -0.034929976
0.998609006 -0.037385143 0.037180200 -0.005214896 0.020053867 0.921470463 0.387930512 0.075834207 -0.048763290 -0.386645317 0.920938432 -0.037737440
0.998744845 -0.035791531 0.035039015 -0.029097240 0.019497350 0.922189474 0.386246592 0.077399068 -0.046136968 -0.385078639 0.921729803 -0.039428778
0.998912394 -0.034390051 0.031486500 -0.053022526 0.019689031 0.923233807 0.383733928 0.078937083 -0.042266030 -0.382696629 0.922906756 -0.041418076
0.999059260 -0.031710841 0.029580515 -0.076578312 0.018054303 0.924341083 0.381139874 0.080878034 -0.039428752 -0.380247295 0.924044013 -0.043038543
0.999215364 -0.029078439 0.026891246 -0.099955842 0.016735025 0.925340176 0.378768444 0.082421474 -0.035897546 -0.378021240 0.925100744 -0.044664342
0.999337614 -0.026958587 0.024446359 -0.122882195 0.015742494 0.925878763 0.377492607 0.084240854 -0.032811031 -0.376857698 0.925689876 -0.046534527
0.999522686 -0.025309142 0.017716233 -0.145417854 0.016735055 0.925600231 0.378132492 0.086780429 -0.025968358 -0.377655536 0.925581932 -0.048078276
0.999716938 -0.021585330 0.010006991 -0.166422278 0.016137730 0.924251199 0.381443739 0.089157462 -0.017482562 -0.381174266 0.924337924 -0.051171634
0.999835372 -0.017949244 0.002648862 -0.185946912 0.015520479 0.921732426 0.387515843 0.092464238 -0.009397157 -0.387410939 0.921859264 -0.052529201
0.999874890 -0.014804332 -0.005567813 -0.203888491 0.015801053 0.919281483 0.393283397 0.095888086 -0.000703909 -0.393322200 0.919400454 -0.053644449
0.999791443 -0.013862189 -0.014998814 -0.220379323 0.018675774 0.917772174 0.396667928 0.098938838 0.008266808 -0.396865278 0.917839646 -0.054812290
0.999635994 -0.012378472 -0.023970760 -0.235897586 0.020857394 0.918157578 0.395666033 0.101251155 0.017111197 -0.396021992 0.918081582 -0.057084687
0.999493420 -0.010423191 -0.030071724 -0.248318046 0.021352142 0.920267940 0.390705854 0.102233320 0.023601640 -0.391150028 0.920024276 -0.058090866
0.999319494 -0.008850053 -0.035808709 -0.258303940 0.021936428 0.923050284 0.384053409 0.102687210 0.029654343 -0.384577572 0.922616243 -0.059009604
0.999099910 -0.008593619 -0.041538887 -0.265519321 0.023658715 0.925693214 0.377534628 0.102482259 0.035207875 -0.378177583 0.925063312 -0.059932955
0.999010265 -0.007283846 -0.043879736 -0.269308835 0.023162121 0.927385151 0.373390317 0.101915911 0.037973698 -0.374037087 0.926635981 -0.060879271
0.999022722 -0.005043993 -0.043910690 -0.270249069 0.021035431 0.928001046 0.371983290 0.101520970 0.038872883 -0.372543454 0.927200258 -0.063248716
0.999123931 -0.002777998 -0.041757431 -0.267531514 0.018196817 0.927372217 0.373697251 0.100973502 0.037686553 -0.374129742 0.926610351 -0.064480685
0.999305367 -0.002923918 -0.037152123 -0.261800677 0.016684992 0.926522613 0.375868887 0.100301318 0.033323277 -0.376227647 0.925927818 -0.065636277
0.999493182 -0.002482207 -0.031736780 -0.252971470 0.014280254 0.925977588 0.377308309 0.099441439 0.028450992 -0.377570271 0.925543785 -0.067025378
0.999705791 -0.003367071 -0.024019739 -0.241251409 0.012177588 0.926129460 0.377009153 0.098243207 0.020975972 -0.377190769 0.925898015 -0.068318956
0.999851584 -0.003002481 -0.016963275 -0.227160886 0.009144096 0.927024126 0.374890298 0.096583955 0.014599765 -0.374989778 0.926913977 -0.069777220
0.999952257 -0.002980260 -0.009304372 -0.210694581 0.006227947 0.928206325 0.372013807 0.094861031 0.007527679 -0.372053981 0.928180575 -0.070835337
0.999987602 -0.003501845 -0.003548100 -0.192774668 0.004564273 0.929364860 0.369134218 0.092808492 0.002004829 -0.369145840 0.929369330 -0.071954980
0.999982297 -0.005108210 0.003048450 -0.173478797 0.003630330 0.930004835 0.367529362 0.091210157 -0.004712491 -0.367511779 0.930006921 -0.072327472
0.999937117 -0.006831485 0.008893940 -0.153022066 0.003078905 0.929807901 0.368032396 0.089816421 -0.010783863 -0.367981851 0.929770470 -0.072446078
0.999824166 -0.010932164 0.015235408 -0.131940886 0.004491664 0.928445876 0.371440619 0.089161977 -0.018205902 -0.371306866 0.928331733 -0.071706630
0.999749362 -0.015160589 0.016474154 -0.110131383 0.007842124 0.926350355 0.376581311 0.088571079 -0.020970032 -0.376357734 0.926237106 -0.070926085
0.999634206 -0.019958731 0.018250247 -0.087433368 0.011464584 0.923908532 0.382441521 0.088315196 -0.024494609 -0.382092416 0.923799455 -0.069760129
0.999525011 -0.022908250 0.020616047 -0.063880414 0.013133949 0.921778202 0.387495071 0.088142872 -0.027880259 -0.387040228 0.921641231 -0.068183519
0.999422491 -0.024300778 0.023752386 -0.039830104 0.013122475 0.920772076 0.389880151 0.088123135 -0.031344924 -0.389343292 0.920559227 -0.066418692
0.999392569 -0.025048725 0.024230234 -0.015980551 0.013621263 0.920714855 0.389998168 0.087935098 -0.032078095 -0.389431208 0.920496762 -0.064477839
0.999408305 -0.026223825 0.022255834 0.007006695 0.015524881 0.921338260 0.388451815 0.087566428 -0.030691843 -0.387876451 0.921200216 -0.062076740
0.999414802 -0.027537644 0.020291736 0.029409986 0.017531678 0.921741724 0.387407839 0.086782664 -0.029372038 -0.386825383 0.921685100 -0.060005203
0.999321938 -0.030906808 0.020010110 0.051087074 0.020746026 0.921649516 0.387468368 0.085950449 -0.030417718 -0.386790544 0.921665788 -0.057180908
0.999232531 -0.033237867 0.020727366 0.072518602 0.022567714 0.920992255 0.388926625 0.086136140 -0.032016836 -0.388160348 0.921035528 -0.053117700
0.999113560 -0.035539944 0.022560876 0.092110217 0.023884967 0.919916809 0.391385496 0.086350724 -0.034663945 -0.390499711 0.919950247 -0.050482906
0.998970509 -0.037300464 0.025818760 0.109899633 0.024116404 0.918719351 0.394173980 0.087132111 -0.038423069 -0.393145502 0.918673098 -0.047745381
0.998739779 -0.040106654 0.030171977 0.125561193 0.024859002 0.917562187 0.396814466 0.088697836 -0.043599565 -0.395564318 0.917402864 -0.044863500
0.998489797 -0.043210179 0.033925645 0.138866439 0.026159840 0.916999757 0.398029029 0.090786509 -0.048308708 -0.396540463 0.916745305 -0.041634429
0.998256266 -0.046893246 0.035853285 0.149823084 0.028764071 0.916822314 0.398258060 0.093427680 -0.051546704 -0.396532327 0.916572452 -0.038149841
0.998009086 -0.047756374 0.041196622 0.160208866 0.027543651 0.917628467 0.396483779 0.096218318 -0.056737818 -0.394559741 0.917116940 -0.033890489
0.997296929 -0.051101137 0.052796364 0.169310272 0.026529472 0.920507669 0.389822811 0.098801687 -0.068519846 -0.387368470 0.919375181 -0.028839728
0.996085346 -0.055747971 0.068601631 0.177605033 0.025718316 0.925256848 0.378468454 0.101289108 -0.084572978 -0.375222564 0.923068464 -0.022960201
0.994861782 -0.058562253 0.082586221 0.184171155 0.024869490 0.932092786 0.361364841 0.103302479 -0.098140351 -0.357454181 0.928759933 -0.016151063
0.993840516 -0.058077060 0.094382674 0.188813582 0.022459468 0.939559340 0.341648728 0.104439303 -0.108520076 -0.337424546 0.935076535 -0.011157416
0.992691159 -0.056548767 0.106613718 0.192609638 0.019371530 0.946632802 0.321731359 0.104584344 -0.119117551 -0.317314595 0.940809488 -0.006650912
0.991269410 -0.056406178 0.119177788 0.195966959 0.018031545 0.953375161 0.301248550 0.103429057 -0.130613416 -0.296469510 0.946068704 -0.002436894
0.989919841 -0.057433859 0.129460678 0.198993281 0.018412145 0.958515048 0.284446776 0.102093235 -0.140426889 -0.279195845 0.949910522 0.001434328
0.988416553 -0.060635947 0.139125764 0.202127934 0.020394856 0.961471140 0.274148375 0.100156412 -0.150388658 -0.268135339 0.951570630 0.005371751
0.986905336 -0.068433724 0.146063894 0.205312058 0.026115244 0.961382449 0.273974031 0.098524012 -0.159172326 -0.266571969 0.950580657 0.009463809
0.985228896 -0.076432392 0.153238758 0.210026771 0.030654382 0.959128499 0.281305522 0.096898459 -0.168476507 -0.272452861 0.947304130 0.014651148
0.982940674 -0.086634770 0.162240893 0.216069430 0.036625192 0.956645429 0.288943052 0.094823241 -0.180239528 -0.278071761 0.943498731 0.021924365
0.980551958 -0.096416101 0.170943901 0.222714528 0.042092815 0.954055250 0.296659321 0.092823885 -0.191692665 -0.283694357 0.939559162 0.031667177
0.978198528 -0.105821498 0.178688064 0.229866177 0.047136866 0.951114535 0.305219948 0.090551965 -0.202251658 -0.290142894 0.935366988 0.041325286
0.976447582 -0.112582110 0.184052810 0.236912429 0.049939923 0.947833300 0.314830124 0.088178471 -0.209895626 -0.298223495 0.931131899 0.051570583
0.975457132 -0.116699785 0.186720639 0.243317783 0.051036373 0.944736004 0.323835135 0.085355997 -0.214193195 -0.306357741 0.927505374 0.062693723
0.975403368 -0.118994057 0.185549632 0.248416349 0.051807802 0.941949725 0.331732929 0.081998087 -0.214252666 -0.313960493 0.924945712 0.074522391
0.975679755 -0.124225505 0.180601850 0.251505405 0.056918450 0.939227223 0.338544726 0.077977389 -0.211682066 -0.320031643 0.923455715 0.087534972
0.977235854 -0.124396220 0.171859369 0.252348095 0.058898803 0.937294900 0.343524665 0.073434576 -0.203816071 -0.325582296 0.923285007 0.101103030
0.979300499 -0.121837534 0.161635965 0.250917792 0.059837006 0.937117994 0.343845099 0.068292841 -0.193365216 -0.327055842 0.925010443 0.115936205
0.982152820 -0.115031652 0.148807317 0.247097999 0.058725588 0.939167798 0.338400900 0.062595189 -0.178681850 -0.323622584 0.929161549 0.130680203
0.985141575 -0.105234623 0.135726750 0.240499258 0.055347782 0.942654192 0.329150051 0.057367478 -0.162581354 -0.316747218 0.934472322 0.148196861
0.988345146 -0.092833385 0.120647565 0.231811568 0.050010085 0.946552098 0.318650514 0.052446540 -0.143780604 -0.308903068 0.940162778 0.163195908
0.991158485 -0.079263389 0.106405891 0.221144587 0.042643279 0.949703991 0.310231954 0.048360594 -0.125644132 -0.302951545 0.944687188 0.177950159
0.993722439 -0.066600062 0.089889511 0.208079413 0.036203027 0.951696157 0.304899544 0.044639204 -0.105853826 -0.299731225 0.948132992 0.191739634
0.996162117 -0.054059982 0.068836920 0.191841468 0.030766062 0.952544749 0.302839875 0.041606203 -0.081941761 -0.299559772 0.950552225 0.203352645
0.998107672 -0.043120328 0.043837048 0.172523245 0.027846608 0.952588141 0.302985758 0.038883377 -0.054823495 -0.301191717 0.951986313 0.213256657
0.999342084 -0.033096571 0.014834374 0.149844125 0.026976159 0.951666951 0.305945009 0.037773058 -0.024243113 -0.305343539 0.951933622 0.220508203
0.999680400 -0.021658592 -0.013040107 0.124152049 0.024639431 0.950174928 0.310741812 0.037993196 0.005660153 -0.310963780 0.950404882 0.224357799
0.999133170 -0.010313584 -0.040331095 0.097255155 0.022554105 0.948422551 0.316205651 0.040159918 0.034989707 -0.316841155 0.947833002 0.225173235
0.997667372 0.001666409 -0.068242416 0.067984849 0.020413958 0.946669877 0.321557790 0.042579535 0.065138891 -0.322200805 0.944427669 0.223313525
0.995445728 0.014322546 -0.094247773 0.037479371 0.017330093 0.944987357 0.326647460 0.045795530 0.093741372 -0.326793134 0.940435410 0.216497719
0.992583454 0.029079810 -0.118035853 0.006627295 0.011622773 0.943818152 0.330260843 0.049729194 0.121008307 -0.329183370 0.936480284 0.206187397
0.988957822 0.037866604 -0.143277809 -0.024681851 0.012054811 0.943046391 0.332442760 0.053993706 0.147706106 -0.330499053 0.932176650 0.192074463
0.985267699 0.041698527 -0.165857613 -0.054617215 0.016211297 0.942680359 0.333303064 0.058565520 0.170248955 -0.331081539 0.928116560 0.175927937
0.981064796 0.042813443 -0.188888460 -0.083025716 0.023171993 0.942310631 0.333936721 0.063562818 0.192288578 -0.331990510 0.923475742 0.156588852
