1.000000000 0.000000000 0.000000000 0.000000119 0.000000000 1.000000000 0.000000000 -0.000001431 0.000000000 0.000000000 1.000000000 0.000000373
0.999999821 0.000561940 0.000115463 -0.000227367 -0.000561950 0.999999821 0.000084135 -0.000352046 -0.000115415 -0.000084200 1.000000000 -0.000060428
1.000000000 0.000077960 0.000054575 0.000003843 -0.000077939 0.999999940 -0.000388356 0.000338542 -0.000054606 0.000388352 0.999999940 0.000030519
0.999999881 0.000527384 0.000118660 0.000008863 -0.000527319 0.999999702 -0.000545054 0.000481470 -0.000118948 0.000544991 0.999999821 -0.000014272
0.999999940 -0.000016928 0.000367695 -0.000285443 0.000017069 0.999999940 -0.000380797 0.000349922 -0.000367689 0.000380804 0.999999881 0.000187075
0.999999821 -0.000550896 0.000140919 0.000085718 0.000550912 0.999999821 -0.000114221 0.000011053 -0.000140856 0.000114298 1.000000000 0.000826610
0.999999821 0.000248937 0.000579218 -0.000045974 -0.000248661 0.999999881 -0.000475579 0.000482061 -0.000579336 0.000475435 0.999999702 0.000069205
0.999999821 0.000489672 0.000261385 0.000675404 -0.000489555 0.999999762 -0.000449585 0.000741329 -0.000261605 0.000449457 0.999999881 -0.000972010
0.999999583 -0.000006679 0.000903773 -0.000010053 0.000007068 0.999999881 -0.000430739 0.000455760 -0.000903770 0.000430746 0.999999523 0.000224134
0.999999583 -0.000612032 0.000678262 0.001469071 0.000612516 0.999999583 -0.000712878 0.001668911 -0.000677826 0.000713293 0.999999523 -0.000521106
0.999997854 -0.001386409 0.001535904 -0.000195807 0.001385839 0.999998987 0.000372427 0.000087641 -0.001536419 -0.000370298 0.999998748 -0.000816566
0.999998331 -0.001411659 0.001180714 0.000093800 0.001410735 0.999998689 0.000783224 -0.000116536 -0.001181818 -0.000781557 0.999998987 -0.001241511
0.999998450 -0.001259993 0.001206071 -0.000309623 0.001259419 0.999999106 0.000476416 -0.000174818 -0.001206670 -0.000474896 0.999999166 -0.000804762
0.999998093 -0.001557805 0.001168451 -0.000824802 0.001557490 0.999998748 0.000270414 0.000296469 -0.001168871 -0.000268593 0.999999285 0.000854523
0.999998629 -0.001300049 0.001035782 -0.000205513 0.001299640 0.999999106 0.000395314 -0.000107924 -0.001036295 -0.000393967 0.999999404 -0.000936214
0.999998689 -0.001337325 0.000921283 -0.000260731 0.001336774 0.999998927 0.000598385 -0.000488204 -0.000922082 -0.000597153 0.999999404 -0.000760651
0.999999285 -0.001028697 0.000593162 0.000189930 0.001028519 0.999999404 0.000300373 -0.000381995 -0.000593471 -0.000299763 0.999999762 -0.000813937
0.999999702 -0.000649444 0.000355558 0.000057667 0.000649162 0.999999464 0.000794554 -0.000920286 -0.000356074 -0.000794323 0.999999642 -0.000673415
0.999999940 -0.000212620 0.000364979 -0.000262495 0.000212644 1.000000000 -0.000064760 0.000149686 -0.000364965 0.000064838 0.999999940 -0.000227683
0.999999821 -0.000185799 0.000582142 -0.000724580 0.000186032 0.999999881 -0.000399943 0.001241766 -0.000582068 0.000400051 0.999999762 -0.000010714
0.999999940 0.000209672 0.000364695 -0.000043626 -0.000209609 0.999999940 -0.000173029 0.000195950 -0.000364732 0.000172953 0.999999940 0.000225881
0.999999940 0.000242194 0.000312155 0.000074025 -0.000242126 0.999999940 -0.000216791 -0.000119359 -0.000312208 0.000216716 0.999999940 0.000096672
0.999999881 0.000269544 0.000389592 0.000055800 -0.000269491 0.999999940 -0.000136624 0.000237422 -0.000389629 0.000136519 0.999999940 0.000204790
0.999999881 0.000089030 0.000417351 0.000074643 -0.000088978 1.000000000 -0.000123666 0.000062685 -0.000417362 0.000123628 0.999999881 -0.000004988
0.999999821 0.000100716 0.000581425 0.000085495 -0.000100591 1.000000000 -0.000215042 0.000248738 -0.000581447 0.000214984 0.999999821 0.000199240
0.999999762 0.000102976 0.000650454 -0.000112481 -0.000102853 1.000000000 -0.000187937 0.000177624 -0.000650473 0.000187871 0.999999762 0.000022747
0.999999702 -0.000275158 0.000731523 -0.000342205 0.000275216 0.999999940 -0.000078791 0.000320935 -0.000731501 0.000078992 0.999999702 0.000013854
0.999999762 -0.000145614 0.000697812 -0.000510212 0.000145656 1.000000000 -0.000058987 0.000193599 -0.000697804 0.000059088 0.999999762 -0.000054641
0.999999821 -0.000122723 0.000632250 -0.000417269 0.000122848 1.000000000 -0.000197823 0.000327415 -0.000632225 0.000197900 0.999999762 0.000006290
0.999999762 0.000014482 0.000660563 -0.000591655 -0.000014292 0.999999940 -0.000288233 0.000214651 -0.000660567 0.000288223 0.999999762 -0.000011032
0.999999762 0.000015090 0.000680936 -0.000362207 -0.000014816 0.999999940 -0.000402539 0.000347220 -0.000680942 0.000402529 0.999999702 0.000401626
0.999999762 -0.000075518 0.000679591 -0.000551184 0.000075782 0.999999940 -0.000388386 0.000285375 -0.000679562 0.000388438 0.999999702 0.000300641
0.999999762 0.000145638 0.000638771 -0.000029650 -0.000145527 1.000000000 -0.000174976 0.000177884 -0.000638797 0.000174883 0.999999762 0.000571220
0.999999881 0.000075502 0.000465986 -0.000186196 -0.000075458 1.000000000 -0.000094050 0.000187448 -0.000465993 0.000094014 0.999999881 0.000406487
0.999999762 -0.000110985 0.000640112 -0.000220792 0.000111087 1.000000000 -0.000159336 0.000330805 -0.000640095 0.000159407 0.999999762 0.000601450
0.999999821 -0.000012828 0.000586709 -0.000248757 0.000012939 1.000000000 -0.000188522 0.000301889 -0.000586706 0.000188529 0.999999821 0.000323883
0.999999881 0.000246468 0.000453127 0.000195740 -0.000246362 0.999999940 -0.000233602 0.000215495 -0.000453184 0.000233490 0.999999881 0.000454680
0.999999821 0.000349342 0.000484695 0.000224118 -0.000349271 0.999999940 -0.000145837 0.000221253 -0.000484746 0.000145668 0.999999881 0.000140848
0.999999464 0.000910120 0.000493517 0.000034184 -0.000910354 0.999999464 0.000473587 0.000159186 -0.000493085 -0.000474036 0.999999762 0.000153887
0.999999881 0.000459455 0.000127408 -0.000187107 -0.000459495 0.999999821 0.000313037 0.000076693 -0.000127264 -0.000313096 0.999999940 -0.000171560
1.000000000 0.000038689 0.000113840 0.000095869 -0.000038711 1.000000000 0.000191683 0.000167434 -0.000113833 -0.000191688 1.000000000 0.000354100
0.999999821 0.000580058 0.000241954 0.000067240 -0.000580152 0.999999762 0.000389313 0.000193008 -0.000241729 -0.000389453 0.999999881 0.000168071
0.999999821 0.000531434 0.000366884 -0.000231873 -0.000531548 0.999999821 0.000309180 0.000158077 -0.000366719 -0.000309375 0.999999881 0.000390445
0.999999881 0.000203159 0.000385988 -0.000258433 -0.000203212 0.999999940 0.000138769 0.000108350 -0.000385959 -0.000138848 0.999999940 0.000227264
0.999999762 -0.000092415 0.000716301 -0.000537712 0.000092497 1.000000000 -0.000115117 0.000389828 -0.000716291 0.000115184 0.999999762 0.000482418
0.999999762 0.000024872 0.000654632 -0.000452079 -0.000024957 1.000000000 0.000128988 0.000301710 -0.000654629 -0.000129004 0.999999762 0.000325256
0.999999821 0.000397234 0.000434134 -0.000200443 -0.000397158 0.999999881 -0.000176593 0.000579116 -0.000434204 0.000176421 0.999999881 0.000464987
0.999999940 0.000152564 0.000383251 -0.000194759 -0.000152462 0.999999940 -0.000265784 0.000315651 -0.000383292 0.000265725 0.999999881 0.000509142
0.999999762 0.000398641 0.000521681 -0.000089435 -0.000398571 0.999999940 -0.000135376 0.000495551 -0.000521735 0.000135168 0.999999881 0.000282457
0.999999881 0.000224193 0.000474474 -0.000022815 -0.000224168 1.000000000 -0.000053097 0.000253422 -0.000474486 0.000052990 0.999999881 0.000278717
0.999999762 0.000334069 0.000593188 0.000135717 -0.000333887 0.999999881 -0.000306589 0.000353615 -0.000593291 0.000306391 0.999999762 0.000110541
0.999999881 0.000293682 0.000409641 0.000239331 -0.000293645 0.999999940 -0.000089012 0.000120305 -0.000409667 0.000088892 0.999999940 -0.000033884
0.999999821 0.000367334 0.000472448 0.000013121 -0.000367338 0.999999940 0.000009680 0.000286695 -0.000472444 -0.000009853 0.999999881 0.000125496
0.999999702 0.000630868 0.000467082 -0.000009990 -0.000630976 0.999999762 0.000231203 0.000084889 -0.000466936 -0.000231498 0.999999881 0.000128236
0.999998093 -0.001911862 0.000441558 0.000279681 0.001911487 0.999997795 0.000848314 0.000047750 -0.000443179 -0.000847468 0.999999523 -0.000834089
0.999998093 -0.001829178 0.000710895 0.000332684 0.001828553 0.999997914 0.000879501 -0.000077854 -0.000712502 -0.000878199 0.999999344 -0.000895826
0.999997973 -0.001843595 0.000774047 -0.000311143 0.001842670 0.999997616 0.001195002 -0.000010323 -0.000776248 -0.001193573 0.999998987 0.000121672
0.999998152 -0.001799472 0.000685747 -0.000309180 0.001798748 0.999997854 0.001055398 0.000025102 -0.000687645 -0.001054163 0.999999225 0.000024179
0.999999821 0.000403070 0.000503262 0.000020731 -0.000403183 0.999999881 0.000224090 0.000163804 -0.000503172 -0.000224293 0.999999821 0.000083804
0.999999821 0.000322723 0.000537759 0.000011118 -0.000322855 0.999999940 0.000246569 0.000226150 -0.000537679 -0.000246743 0.999999821 0.000070680
0.999999762 0.000405229 0.000569671 -0.000124643 -0.000405353 0.999999881 0.000216077 0.000153760 -0.000569584 -0.000216308 0.999999821 0.000227238
0.999999523 0.000625003 0.000734729 -0.000096069 -0.000625132 0.999999762 0.000176004 0.000248760 -0.000734619 -0.000176464 0.999999702 0.000269519
0.999997973 -0.001884297 0.000738823 -0.000066683 0.001883602 0.999997795 0.000940218 -0.000230115 -0.000740593 -0.000938824 0.999999285 -0.000163562
0.999998331 -0.001650578 0.000752737 0.000087349 0.001649996 0.999998331 0.000773475 -0.000161157 -0.000754013 -0.000772232 0.999999404 -0.000266728
0.999997854 -0.001907261 0.000829176 0.000080046 0.001906488 0.999997735 0.000932086 -0.000198919 -0.000830952 -0.000930503 0.999999225 -0.000119249
0.999998093 -0.001841640 0.000682671 -0.000047669 0.001841212 0.999998093 0.000626069 -0.000073979 -0.000683823 -0.000624811 0.999999583 -0.000110299
0.999997914 -0.001884787 0.000781319 0.000098135 0.001884374 0.999998093 0.000529712 0.000033468 -0.000782316 -0.000528239 0.999999583 -0.000181321
0.999997973 -0.001948547 0.000527706 -0.000059187 0.001948218 0.999997914 0.000622470 0.000087953 -0.000528918 -0.000621440 0.999999642 -0.000253274
0.999999821 0.000391388 0.000439529 -0.000008988 -0.000391352 0.999999940 -0.000081554 0.000296104 -0.000439561 0.000081382 0.999999881 0.000188498
0.999999762 0.000467517 0.000467142 -0.000033718 -0.000467399 0.999999881 -0.000253524 0.000285282 -0.000467260 0.000253305 0.999999881 0.000131346
0.999997914 -0.001955139 0.000548632 0.000171684 0.001954805 0.999997914 0.000608918 0.000125756 -0.000549821 -0.000607844 0.999999642 -0.000177124
0.999997914 -0.001901320 0.000745566 0.000191098 0.001900964 0.999998093 0.000477601 -0.000019736 -0.000746473 -0.000476183 0.999999583 -0.000121398
0.999999821 0.000442531 0.000436226 -0.000052021 -0.000442497 0.999999881 -0.000079116 0.000095839 -0.000436261 0.000078923 0.999999881 0.000361348
0.999999881 0.000383899 0.000281506 -0.000030132 -0.000383912 0.999999940 0.000044448 -0.000030055 -0.000281489 -0.000044556 0.999999940 0.000344062
0.999999821 0.000357121 0.000518377 -0.000044991 -0.000356995 0.999999881 -0.000244609 0.000001228 -0.000518464 0.000244424 0.999999821 0.000408323
0.999999821 0.000400412 0.000500833 -0.000074914 -0.000400331 0.999999881 -0.000161771 -0.000095687 -0.000500897 0.000161571 0.999999881 0.000467510
0.999997795 -0.002054479 0.000398945 0.000418999 0.002054197 0.999997616 0.000704047 0.000228527 -0.000400390 -0.000703225 0.999999702 -0.000373401
0.999998093 -0.001869780 0.000526120 0.000455379 0.001869480 0.999998093 0.000570644 0.000172088 -0.000527186 -0.000569660 0.999999702 -0.000377024
0.999997973 -0.001898585 0.000658042 0.000480510 0.001898341 0.999998152 0.000371367 0.000379222 -0.000658745 -0.000370117 0.999999702 -0.001453615
0.999997616 -0.002114876 0.000506882 0.000462866 0.002114570 0.999997556 0.000604297 0.000388133 -0.000508159 -0.000603224 0.999999702 -0.001440439
0.999999464 -0.000886863 0.000581860 -0.000007234 0.000886665 0.999999523 0.000339990 0.000009919 -0.000582161 -0.000339474 0.999999762 -0.001314655
0.999999344 -0.000908375 0.000716683 -0.000058502 0.000908182 0.999999523 0.000268547 0.000065437 -0.000716926 -0.000267895 0.999999702 -0.001266056
0.999999344 -0.000913311 0.000695288 -0.000120496 0.000913120 0.999999523 0.000276218 -0.000057023 -0.000695540 -0.000275583 0.999999702 -0.001045861
0.999999464 -0.000757112 0.000681592 -0.000227211 0.000756911 0.999999642 0.000295498 0.000034922 -0.000681816 -0.000294981 0.999999702 -0.001059822
0.999999285 -0.000704166 0.000994437 -0.000040173 0.000703498 0.999999523 0.000671889 -0.000014128 -0.000994910 -0.000671189 0.999999285 -0.001114508
0.999999881 -0.000412435 0.000170647 -0.000161656 0.000412253 0.999999344 0.001068443 -0.000156915 -0.000171088 -0.001068373 0.999999404 -0.001155164
0.999999166 -0.000273317 0.001274866 -0.000620779 0.000272844 0.999999881 0.000370515 0.000255579 -0.001274967 -0.000370167 0.999999106 0.000121841
0.999999464 0.000211621 0.001035748 -0.000721214 -0.000212097 0.999999881 0.000459240 0.000288673 -0.001035650 -0.000459459 0.999999344 -0.000026426
0.999999702 -0.000037036 0.000807194 -0.000340340 0.000036647 0.999999881 0.000482014 0.000321598 -0.000807211 -0.000481984 0.999999583 0.000460288
0.999999583 -0.000236095 0.000852922 -0.000352936 0.000235594 0.999999821 0.000587811 0.000272863 -0.000853060 -0.000587610 0.999999464 0.000097574
0.999998927 -0.000874621 0.001164657 0.000069794 0.000873053 0.999998689 0.001346219 -0.000561895 -0.001165833 -0.001345201 0.999998391 -0.001065758
0.999998868 -0.000884026 0.001232339 0.000153149 0.000882138 0.999998450 0.001531705 -0.000473950 -0.001233691 -0.001530616 0.999998093 -0.001523879
0.999998271 -0.001606501 0.000940021 0.000305979 0.001604249 0.999995828 0.002391560 -0.000285458 -0.000943859 -0.002390048 0.999996722 -0.000384593
0.999998391 -0.001538582 0.000950664 0.000553557 0.001535205 0.999992549 0.003542843 -0.000194302 -0.000956108 -0.003541378 0.999993265 -0.000739027
0.999998391 -0.001561049 0.000862096 0.000689366 0.001557745 0.999991477 0.003819756 0.000264938 -0.000868051 -0.003818406 0.999992311 -0.000236704
0.999998391 -0.001629300 0.000722352 0.000451688 0.001626392 0.999990642 0.004006969 0.000296482 -0.000728874 -0.004005788 0.999991715 -0.000479132
0.999997914 -0.001957914 0.000565143 0.000724496 0.001955210 0.999986827 0.004746513 0.000766342 -0.000574429 -0.004745399 0.999988556 -0.000387928
0.999998808 -0.001468437 0.000532280 0.000936550 0.001465147 0.999980152 0.006128622 0.000677266 -0.000541269 -0.006127835 0.999981105 -0.000189842
0.999998152 -0.001916459 -0.000196686 0.001522159 0.001917915 0.999968588 0.007690522 0.000674295 0.000181942 -0.007690885 0.999970436 0.000864104
0.999996722 -0.002522148 -0.000389872 0.001614493 0.002525527 0.999956965 0.008925317 0.000607144 0.000367344 -0.008926272 0.999960065 0.001168139
0.999998391 -0.001732682 0.000461808 0.000486166 0.001728199 0.999953032 0.009536255 -0.000192173 -0.000478310 -0.009535441 0.999954402 -0.000600814
0.999996841 -0.002512644 0.000099230 0.000332303 0.002511323 0.999929488 0.011606188 -0.000229375 -0.000128386 -0.011605903 0.999932647 -0.000455042
0.999998331 -0.001806070 -0.000221509 0.001510058 0.001808729 0.999918222 0.012660488 -0.000443855 0.000198625 -0.012660868 0.999919832 -0.000356858
0.999998510 -0.001720062 -0.000245810 0.001389096 0.001723621 0.999881506 0.015298108 -0.000130792 0.000219467 -0.015298508 0.999882936 0.000146450
0.999998212 0.001713605 0.000833342 0.000459366 -0.001727161 0.999861598 0.016548028 0.000180736 -0.000804870 -0.016549436 0.999862731 0.001624466
1.000000000 -0.000143274 -0.000142927 0.000513600 0.000146538 0.999733031 0.023104783 0.001556222 0.000139579 -0.023104802 0.999733031 0.002007584
0.999999642 -0.000727335 0.000462406 0.001064435 0.000716810 0.999749482 0.022369999 0.000266911 -0.000478560 -0.022369660 0.999749660 0.000244906
0.999996483 0.001299392 0.002311757 0.001667936 -0.001367586 0.999556541 0.029746242 0.000787099 -0.002272080 -0.029749300 0.999554813 -0.000090462
0.999984682 0.003548482 0.004253090 0.002308910 -0.003702502 0.999316871 0.036770172 -0.000952306 -0.004119706 -0.036785357 0.999314725 -0.001764003
0.999959648 0.005718985 0.006929147 0.003352461 -0.005996107 0.999155223 0.040655967 -0.003966473 -0.006690782 -0.040695872 0.999149203 -0.003648243
0.999898434 0.008850387 0.011170597 0.003383771 -0.009266489 0.999243677 0.037764650 -0.007889212 -0.010827917 -0.037864324 0.999224246 -0.005444200
0.999807835 0.012711265 0.014921827 0.004259600 -0.013274132 0.999180079 0.038248613 -0.012907632 -0.014423404 -0.038439341 0.999156833 -0.008290034
0.999730587 0.014898942 0.017798079 0.006694540 -0.015526588 0.999243259 0.035663284 -0.021369908 -0.017253267 -0.035930023 0.999205351 -0.014268038
0.999591947 0.018746682 0.021553408 0.006980683 -0.019591294 0.999020875 0.039667614 -0.029032340 -0.020788670 -0.040073685 0.998980463 -0.018216167
0.999483109 0.020023081 0.025150212 0.005379146 -0.021152813 0.998740971 0.045487043 -0.038868073 -0.024207754 -0.045995530 0.998648286 -0.022094714
0.999268234 0.025066260 0.028891543 0.005183274 -0.026302055 0.998719335 0.043218505 -0.053423259 -0.027771218 -0.043946784 0.998647809 -0.028275685
0.999272108 0.023138534 0.030328654 0.007322777 -0.024454556 0.998742521 0.043764465 -0.071559362 -0.029277872 -0.044474281 0.998581409 -0.039105155
0.999177814 0.024210164 0.032520156 0.006197074 -0.025791762 0.998459339 0.049129285 -0.091017492 -0.031280626 -0.049927644 0.998262882 -0.046747431
0.998981059 0.028335284 0.035127290 0.001018537 -0.030204237 0.998091102 0.053868830 -0.109425835 -0.033533849 -0.054874934 0.997929990 -0.051524848
0.998869002 0.029821886 0.037031446 -0.001458409 -0.032181531 0.997375965 0.064850330 -0.130456030 -0.035000313 -0.065968722 0.997207642 -0.059573088
0.998867691 0.028465213 0.038119163 -0.003957823 -0.031349164 0.996512651 0.077329129 -0.150834322 -0.035785038 -0.078436568 0.996276617 -0.067459360
0.998915970 0.026051160 0.038578019 -0.007880929 -0.029403053 0.995594442 0.089034870 -0.169633821 -0.036088601 -0.090072662 0.995281160 -0.073725127
0.999036252 0.021834381 0.038076591 -0.008752032 -0.025575731 0.994586468 0.100715525 -0.195414633 -0.035671402 -0.101592295 0.994186401 -0.084172890
0.998869777 0.025896667 0.039857101 -0.013527157 -0.030105764 0.993595362 0.108912267 -0.211092189 -0.036781367 -0.109989099 0.993251979 -0.086692646
0.998896301 0.024257986 0.040221184 -0.018999700 -0.028832795 0.992669463 0.117371224 -0.225671321 -0.037079155 -0.118401371 0.992273271 -0.087382510
0.998916388 0.023602836 0.040111244 -0.025302745 -0.028282225 0.992320657 0.120415010 -0.238274813 -0.036961079 -0.121418960 0.991912961 -0.085771151
0.998997629 0.021568306 0.039223950 -0.031804312 -0.026135545 0.992438257 0.119930223 -0.250712931 -0.036340658 -0.120835155 0.992007196 -0.082467616
0.998983800 0.022525556 0.039038353 -0.039304987 -0.026794203 0.993288100 0.112520248 -0.263740033 -0.036241747 -0.113451898 0.992882252 -0.076836742
0.998977959 0.023773618 0.038442634 -0.046385318 -0.027590796 0.994399071 0.102025591 -0.277447194 -0.035801806 -0.102981977 0.994038701 -0.071005337
0.999012947 0.024536703 0.037027333 -0.054929312 -0.027798925 0.995523989 0.090328164 -0.293258637 -0.034645241 -0.091268323 0.995223522 -0.062779345
0.998992026 0.026170837 0.036469348 -0.062141672 -0.029071515 0.996255755 0.081420846 -0.308936566 -0.034201942 -0.082398988 0.996012390 -0.056905232
0.999016523 0.026616298 0.035461307 -0.071594931 -0.029252138 0.996677697 0.076012433 -0.326354980 -0.033320323 -0.076975003 0.996476114 -0.047389530
0.998892367 0.030526860 0.035806309 -0.083877228 -0.033231404 0.996434927 0.077544026 -0.348539084 -0.033311483 -0.078648038 0.996345758 -0.034535453
0.998979688 0.029683337 0.034036849 -0.094605997 -0.032275479 0.996405363 0.078324355 -0.366634101 -0.031589571 -0.079342999 0.996346712 -0.024626303
0.998923838 0.031540707 0.034004401 -0.105742961 -0.034256615 0.996002734 0.082492821 -0.385140628 -0.031266596 -0.083568923 0.996011376 -0.013769783
0.998957157 0.031803485 0.032758098 -0.117524944 -0.034507606 0.995732427 0.085592963 -0.403962016 -0.029896146 -0.086634107 0.995791495 -0.003508755
0.999133050 0.028051900 0.030761413 -0.130137950 -0.030735144 0.995418489 0.090539306 -0.423662931 -0.028080679 -0.091406271 0.995417714 0.009566632
0.999324143 0.022813564 0.028824423 -0.143571541 -0.025442297 0.995209873 0.094392709 -0.440975636 -0.026532914 -0.095062263 0.995117664 0.022945929
0.999479353 0.018656239 0.026324341 -0.157368585 -0.021153718 0.994958818 0.098027728 -0.454098731 -0.024362808 -0.098533548 0.994835436 0.038523022
0.999602020 0.014759864 0.024041027 -0.171261042 -0.017037947 0.995090604 0.097490199 -0.463216543 -0.022484060 -0.097861014 0.994946063 0.055756077
0.999654412 0.012533726 0.023107708 -0.187517002 -0.014583189 0.995765030 0.090770707 -0.474982440 -0.021872152 -0.091076314 0.995603681 0.077491626
0.999797404 0.005017586 0.019494088 -0.201250434 -0.006605383 0.996589065 0.082259506 -0.480526447 -0.019014852 -0.082371607 0.996420264 0.097693443
0.999853313 -0.002411168 0.016957337 -0.214529395 0.001231421 0.997599244 0.069240764 -0.486174524 -0.017083576 -0.069209725 0.997455835 0.119650282
0.999864161 -0.008836829 0.013914492 -0.227859750 0.007977036 0.998125494 0.060678586 -0.492347717 -0.014424615 -0.060559347 0.998060346 0.141059369
0.999822915 -0.015434294 0.010764579 -0.242157862 0.014862358 0.998571277 0.051327281 -0.494905323 -0.011541399 -0.051158205 0.998623848 0.171401709
0.999725699 -0.021925587 0.008236472 -0.254444599 0.021531947 0.998747051 0.045174297 -0.491474807 -0.009216625 -0.044984560 0.998945177 0.213242233
0.999672174 -0.024764070 0.006503324 -0.264389783 0.024462743 0.998779058 0.042918440 -0.515823483 -0.007558219 -0.042745281 0.999057412 0.203741521
0.999586165 -0.028312417 0.005089961 -0.274145931 0.028101316 0.998896837 0.037622347 -0.523921371 -0.006149526 -0.037463747 0.999279082 0.224047288
0.999460340 -0.032563526 0.004324151 -0.288447827 0.032386344 0.998821676 0.036143716 -0.539633095 -0.005496023 -0.035984170 0.999337256 0.247735649
0.999578893 -0.028643185 0.004641760 -0.297089368 0.028474046 0.999045312 0.033130787 -0.546908259 -0.005586300 -0.032984667 0.999440253 0.267852306
0.999745727 -0.021224726 0.007617104 -0.303315371 0.021043360 0.999510527 0.023149129 -0.558092356 -0.008104709 -0.022982951 0.999702990 0.283793151
0.999809980 -0.016878827 0.009754214 -0.309532464 0.016899941 0.999854982 -0.002086469 -0.570044994 -0.009717584 0.002250918 0.999950230 0.301042259
0.999859273 -0.011608868 0.012108892 -0.316833705 0.012069349 0.999178946 -0.038675297 -0.586065471 -0.011649974 0.038816001 0.999178469 0.318479359
0.999882877 -0.005362830 0.014335257 -0.321731806 0.006611885 0.996049285 -0.088555560 -0.600525796 -0.013803714 0.088639975 0.995968103 0.331193924
0.999880254 -0.004388811 0.014838669 -0.329373330 0.006400228 0.990362525 -0.138351202 -0.617174447 -0.014088465 0.138429612 0.990272045 0.345697671
0.999856949 0.000997431 0.016882818 -0.333590597 0.002133272 0.982847869 -0.184405833 -0.630497456 -0.016777173 0.184415489 0.982705176 0.349035561
0.999842525 0.002465878 0.017572943 -0.339188308 0.001208744 0.978533626 -0.206083775 -0.645185351 -0.017703895 0.206072569 0.978376567 0.346409261
0.999762237 0.009276270 0.019733457 -0.343543440 -0.005253436 0.980808973 -0.194900498 -0.652526677 -0.021162702 0.194750503 0.980624497 0.338968337
0.999767840 0.008398037 0.019843314 -0.349233210 -0.005295030 0.988436401 -0.151543498 -0.657089353 -0.020886522 0.151403248 0.988251388 0.326063216
0.999716461 0.010104154 0.021561641 -0.353796422 -0.008050530 0.995606303 -0.093291283 -0.659980118 -0.022409536 0.093091249 0.995405376 0.306986809
0.999693453 0.009813179 0.022731749 -0.360451818 -0.009196787 0.999591410 -0.027063554 -0.662575364 -0.022988042 0.026846198 0.999375224 0.286196053
0.999632895 0.011251946 0.024646670 -0.365860730 -0.012284248 0.999036133 0.042141091 -0.664641738 -0.024148744 -0.042428385 0.998807609 0.260465056
0.999661624 0.008670842 0.024524303 -0.373131275 -0.011226181 0.994296610 0.106057793 -0.667226255 -0.023464819 -0.106297225 0.994057477 0.238212720
0.999681830 0.005683989 0.024576012 -0.379471272 -0.009547465 0.987058759 0.160074621 -0.671306074 -0.023348104 -0.160258323 0.986798942 0.213415876
0.999663949 0.002049643 0.025840491 -0.385140747 -0.007370342 0.978199005 0.207538858 -0.673639417 -0.024851762 -0.207659587 0.977885425 0.194780394
0.999695301 -0.003428955 0.024445597 -0.391865313 -0.002698390 0.969190598 0.246297121 -0.678694129 -0.024536986 -0.246288031 0.968886018 0.177196294
0.999659717 -0.004293025 0.025729744 -0.398138285 -0.003109908 0.959715545 0.280956298 -0.682293236 -0.025899386 -0.280940682 0.959375620 0.166910857
0.999650717 -0.005944826 0.025751233 -0.404709518 -0.002342215 0.950610399 0.310377806 -0.685230911 -0.026324533 -0.310329705 0.950264454 0.160939395
0.999621034 -0.013747633 0.023849614 -0.409691155 0.005140338 0.944350004 0.328902096 -0.687847018 -0.027044009 -0.328654855 0.944062829 0.161823928
0.999510705 -0.022357257 0.021875566 -0.415909499 0.014116092 0.946507096 0.322374135 -0.692728579 -0.027912779 -0.321907610 0.946359515 0.169742182
0.999395013 -0.027120976 0.021771632 -0.419902980 0.019671416 0.957059443 0.289223552 -0.697788239 -0.028680772 -0.288620293 0.957013965 0.184176713
0.999013841 -0.040151112 0.018953085 -0.425113052 0.034367688 0.969557226 0.242440999 -0.705985487 -0.028110374 -0.241550535 0.969981015 0.206403106
0.998480618 -0.052140012 0.017828550 -0.429308087 0.047872610 0.981016815 0.187920928 -0.705478966 -0.027288307 -0.186781913 0.982022345 0.231050804
0.997860968 -0.063112259 0.017038150 -0.431585819 0.060437489 0.989994049 0.127511010 -0.712811530 -0.024915176 -0.126208529 0.991690814 0.263629049
0.997125030 -0.074025966 0.016180232 -0.431719959 0.072817452 0.995185375 0.065602340 -0.717351496 -0.020958606 -0.064235531 0.997714639 0.297429860
0.996834815 -0.077789828 0.016402716 -0.430821449 0.077679366 0.996951878 0.007268284 -0.722403705 -0.016918117 -0.005971126 0.999839067 0.332051605
0.996692896 -0.079428822 0.017157283 -0.428113580 0.080216423 0.995444536 -0.051531699 -0.722758770 -0.012986020 0.052737575 0.998523951 0.364677578
0.996897280 -0.076161228 0.019881850 -0.423009515 0.077811353 0.991649687 -0.102840990 -0.725385129 -0.011883335 0.104068935 0.994499087 0.395411521
0.997426867 -0.068741530 0.020352913 -0.416809350 0.070942476 0.987323225 -0.141985968 -0.722231805 -0.010334572 0.143064514 0.989659429 0.420545757
0.998306632 -0.053873129 0.021943968 -0.408317924 0.056849338 0.983498454 -0.171752647 -0.721280217 -0.012329006 0.172709301 0.984895706 0.441569060
0.998803794 -0.043399565 0.022527229 -0.400443435 0.046935320 0.980123818 -0.192754760 -0.712802947 -0.013714002 0.193581507 0.980988324 0.452233195
0.999252081 -0.031914487 0.021834893 -0.390090346 0.035575368 0.980032623 -0.195628330 -0.708548903 -0.015155531 0.196258798 0.980435014 0.460382491
0.999599278 -0.016870050 0.022730052 -0.379242331 0.020459784 0.985520959 -0.168314561 -0.699016035 -0.019561470 0.168712154 0.985471249 0.460427463
0.999704301 -0.013265455 0.020380290 -0.367910713 0.015599623 0.992770493 -0.119009957 -0.688882291 -0.018654229 0.119292691 0.992683887 0.455962121
0.999786913 -0.008873125 0.018640058 -0.357526302 0.009915153 0.998349130 -0.056575213 -0.675988793 -0.018107286 0.056747977 0.998224318 0.445662588
0.999831915 -0.004431502 0.017789094 -0.345948875 0.004191254 0.999899805 0.013520046 -0.663720369 -0.017847227 -0.013443216 0.999750376 0.433020920
0.999826133 0.000862542 0.018625572 -0.335681885 -0.002437146 0.996404886 0.084683627 -0.650874913 -0.018485568 -0.084714293 0.996233821 0.419868648
0.999823272 0.003159629 0.018531598 -0.324646205 -0.005846363 0.989152610 0.146774992 -0.639548421 -0.017866824 -0.146857396 0.988996327 0.405534714
0.999768972 0.006555368 0.020470859 -0.314705282 -0.010494209 0.980004847 0.198696718 -0.632569551 -0.018759010 -0.198865637 0.979847193 0.399000078
0.999772489 0.005854764 0.020510273 -0.304345816 -0.010595322 0.970881641 0.239325374 -0.624874771 -0.018511852 -0.239488244 0.970722795 0.390371680
0.999751151 0.007168759 0.021125639 -0.293906510 -0.012599604 0.962915301 0.269509584 -0.619254053 -0.018410152 -0.269708663 0.962765932 0.388300896
0.999689817 0.010476808 0.022593884 -0.284017146 -0.016602200 0.956573725 0.291017324 -0.615175486 -0.018563783 -0.291302174 0.956450939 0.390636295
0.999664068 0.011391534 0.023281533 -0.274207830 -0.017869145 0.953551829 0.300698578 -0.614060342 -0.018774729 -0.301013589 0.953435004 0.399819851
0.999557197 0.016062556 0.025048146 -0.265322924 -0.022810655 0.954171300 0.298390329 -0.615787983 -0.019107310 -0.298829556 0.954115212 0.415118068
0.999315262 0.023983171 0.028175063 -0.255494356 -0.030798448 0.961184382 0.274182439 -0.621698678 -0.020505667 -0.274862468 0.961264849 0.436942577
0.999282181 0.025244733 0.028246591 -0.247546837 -0.031338327 0.969786286 0.241934776 -0.630629599 -0.021285577 -0.242646307 0.969881296 0.464351803
0.999145865 0.029415760 0.029021604 -0.236246169 -0.034723494 0.978406072 0.203754291 -0.645774961 -0.022401327 -0.204587981 0.978591800 0.501440942
0.999135494 0.030000629 0.028778926 -0.229968861 -0.034336060 0.985791624 0.164426103 -0.658039212 -0.023437135 -0.165272102 0.985969484 0.536806881
0.998860002 0.037372347 0.029698953 -0.223660320 -0.040939260 0.990625381 0.130327582 -0.671043873 -0.024549890 -0.131394863 0.991026103 0.575048923
0.998767257 0.040425256 0.028806685 -0.219260648 -0.043231040 0.993578315 0.104562223 -0.683533132 -0.024394741 -0.105678663 0.994101048 0.614105284
0.998598993 0.044325404 0.028901078 -0.214404494 -0.046632662 0.995308936 0.084767193 -0.696815968 -0.025008161 -0.085996166 0.995981574 0.653885007
0.998562396 0.045753893 0.027924435 -0.211781874 -0.047648314 0.996306121 0.071440339 -0.709664822 -0.024552612 -0.072668180 0.997053921 0.693968475
0.998526633 0.047457404 0.026312277 -0.208999053 -0.049071975 0.996706963 0.064553395 -0.725224435 -0.023162093 -0.065749481 0.997567296 0.734199584
0.998365581 0.050937202 0.025915774 -0.208498970 -0.052078564 0.997607827 0.045458589 -0.743647754 -0.023538245 -0.046733942 0.998629987 0.772837818
0.998226821 0.054603703 0.023699343 -0.203583911 -0.055066302 0.998295665 0.019326221 -0.776213169 -0.022603668 -0.020596988 0.999532282 0.819122851
0.998172700 0.056327056 0.021875612 -0.206023529 -0.056080494 0.998357415 -0.011725966 -0.801161885 -0.022500169 0.010477744 0.999691904 0.854387999
0.998040855 0.059184358 0.020289477 -0.209129468 -0.058380872 0.997565627 -0.038137361 -0.827802777 -0.022497222 0.036878124 0.999066532 0.888211489
0.998037338 0.060972981 0.014274601 -0.214866206 -0.060011253 0.996382415 -0.060172241 -0.853316426 -0.017891843 0.059197504 0.998085916 0.918632865
0.997987866 0.063215420 0.004895931 -0.221048146 -0.062644929 0.995002925 -0.077748433 -0.879407465 -0.009786366 0.077285290 0.996960998 0.948316514
0.997677147 0.067555346 -0.008748122 -0.230190575 -0.068061478 0.993869662 -0.087124512 -0.902397633 0.002808767 0.087517545 0.996159017 0.971489251
0.996921718 0.073414907 -0.027519591 -0.239367038 -0.075621948 0.993038297 -0.090312190 -0.926204145 0.020697746 0.092115276 0.995533228 0.994646072
0.995621622 0.078815937 -0.050255816 -0.251896054 -0.083195344 0.992276847 -0.092006445 -0.947246015 0.042616110 0.095784649 0.994489372 1.011054397
0.993794024 0.081752248 -0.075432524 -0.267546862 -0.088526420 0.991878629 -0.091322877 -0.968215585 0.067354053 0.097433902 0.992960274 1.031165719
0.990803778 0.088070154 -0.102720387 -0.282320529 -0.097177193 0.991430402 -0.087306052 -0.981433630 0.094151057 0.096485242 0.990871429 1.043226361
0.986928940 0.092044204 -0.132284105 -0.298333794 -0.103958681 0.990841925 -0.086167388 -0.991304278 0.123141438 0.098793171 0.987459421 1.055968046
0.981828153 0.095175400 -0.164180070 -0.314588964 -0.109880209 0.990479827 -0.082922183 -0.994990587 0.154724896 0.099455468 0.982938886 1.064051867
0.975109518 0.101070866 -0.197347626 -0.332028270 -0.118515849 0.989831865 -0.078657024 -0.996964693 0.187391028 0.100088038 0.977172971 1.072311640
0.966800809 0.107029416 -0.232036352 -0.349611193 -0.126295939 0.989534616 -0.069789514 -0.995685339 0.222138464 0.096777812 0.970200241 1.074697495
0.956448793 0.114834085 -0.268363148 -0.369596124 -0.133647084 0.989618421 -0.052856259 -0.993779838 0.259507447 0.086420260 0.961866617 1.075415015
0.944067597 0.124640912 -0.305288464 -0.388457328 -0.141717613 0.989311457 -0.034335785 -0.992226362 0.297745734 0.075680055 0.951640725 1.071304321
0.929416299 0.134338960 -0.343712747 -0.407993644 -0.148316130 0.988832653 -0.014572244 -0.991903365 0.337916791 0.064521819 0.938961744 1.064472198
0.912346601 0.148654923 -0.381477892 -0.427840114 -0.157267258 0.987517774 0.008695450 -0.992250443 0.378008842 0.052060716 0.924337089 1.055302620
0.893274307 0.159412310 -0.420296043 -0.447273761 -0.164050713 0.986125886 0.025359079 -0.992534995 0.418507367 0.046297252 0.907032609 1.043179631
0.872619987 0.171834186 -0.457173288 -0.467589915 -0.171808109 0.984234631 0.042001538 -0.994921625 0.457183063 0.041894682 0.888385296 1.030214310
0.851046681 0.187181830 -0.490594059 -0.486317962 -0.180218428 0.981675744 0.061919946 -0.995436549 0.493194550 0.035717320 0.869185507 1.014905095
0.828934848 0.205004781 -0.520422995 -0.506351948 -0.187556028 0.978421986 0.086678430 -0.997419834 0.526962817 0.025757693 0.849497974 1.000633955
0.806493163 0.224165961 -0.547100008 -0.526538074 -0.197224513 0.974337280 0.108486608 -0.997988224 0.557378948 0.020407822 0.830007374 0.984976292
0.783390820 0.242726207 -0.572173774 -0.547970772 -0.208752990 0.969866812 0.125620797 -1.000759959 0.585423768 0.021032799 0.810454547 0.970683396
0.760103345 0.261335313 -0.594934165 -0.563109398 -0.223566025 0.964842796 0.138190418 -1.003518939 0.610132039 0.027968086 0.791805983 0.950934649
0.735569239 0.281582773 -0.616156638 -0.586479843 -0.241429463 0.958765447 0.149935454 -1.007035255 0.632968962 0.038470428 0.773220778 0.937316895
0.711014748 0.293040842 -0.639206648 -0.610521317 -0.249963298 0.954983830 0.159763172 -1.009941339 0.657249093 0.046184201 0.752257049 0.922441781
0.688378215 0.303817987 -0.658657789 -0.637043118 -0.259111166 0.951137245 0.167926580 -1.013920903 0.677493095 0.055068586 0.733464777 0.909201145
0.668966532 0.303861827 -0.678344905 -0.662304759 -0.262973160 0.950350821 0.166368335 -1.018852353 0.695218623 0.067091614 0.715660393 0.894739389
0.652624190 0.301812053 -0.694975674 -0.692081451 -0.268413842 0.949848831 0.160440832 -1.024560928 0.708544791 0.081833512 0.700904846 0.882129073
0.639338374 0.299975306 -0.707998097 -0.720453620 -0.282121152 0.948061228 0.146927074 -1.030662060 0.715300024 0.105805114 0.690761328 0.869061351
0.628298640 0.303826064 -0.716191709 -0.752265513 -0.299119025 0.944165528 0.138127849 -1.035927892 0.718170345 0.127441004 0.684098125 0.856908679
0.618300557 0.302440614 -0.725419939 -0.776985586 -0.311665684 0.941672206 0.126956597 -1.041224718 0.721504629 0.147591159 0.676496804 0.836755753
0.610789895 0.305896521 -0.730317056 -0.810693502 -0.325860560 0.937739491 0.120247670 -1.042683244 0.721630514 0.164535463 0.672441423 0.823473752
0.605917931 0.307691157 -0.733614087 -0.841973305 -0.340943336 0.933628023 0.109983414 -1.040459275 0.718763590 0.183479905 0.670607209 0.807366788
0.603397489 0.313186169 -0.733366191 -0.877052546 -0.357703984 0.928237259 0.102095515 -1.035366297 0.712712705 0.200723797 0.672123969 0.792465270
0.602895737 0.316337138 -0.732425869 -0.910129905 -0.378663152 0.921501994 0.086303525 -1.027568221 0.702232897 0.225310624 0.675354838 0.774216473
0.605089724 0.317199796 -0.730240226 -0.947783828 -0.389837176 0.917772591 0.075633772 -1.018637896 0.694185495 0.238909543 0.678991020 0.754943669
0.608828187 0.315590352 -0.727826238 -0.982597709 -0.398466736 0.914987087 0.063426279 -1.007641673 0.685968280 0.251398802 0.682822227 0.728814363
0.614469111 0.311029911 -0.725043535 -1.022569299 -0.396151066 0.916390717 0.057379112 -0.995506108 0.682269812 0.251969039 0.686308622 0.702112556
0.618319511 0.305844635 -0.723975241 -1.056129456 -0.391121715 0.918748379 0.054084808 -0.983669758 0.681692660 0.249720722 0.687702537 0.664608121
0.619499981 0.296360433 -0.726904631 -1.098124266 -0.382400334 0.922628880 0.050259270 -0.968604505 0.685558081 0.246832907 0.684896886 0.629557610
0.616708994 0.286188602 -0.733325541 -1.138625145 -0.374501705 0.926061571 0.046459138 -0.952881396 0.692400634 0.245979846 0.678288579 0.589494050
0.610364199 0.274403393 -0.743073583 -1.181644678 -0.368360758 0.928803980 0.040416911 -0.934893608 0.701260209 0.249050066 0.667988181 0.546076775
0.600274205 0.263972491 -0.754976392 -1.222192168 -0.359412998 0.932311833 0.040210977 -0.915441155 0.714488029 0.247210756 0.654517889 0.499100924
0.586390734 0.251005709 -0.770157218 -1.264697909 -0.344431818 0.937807739 0.043398194 -0.893119991 0.733152628 0.239818305 0.636376143 0.448204994
0.568198264 0.235171854 -0.788571537 -1.299956441 -0.318830550 0.946356773 0.052496821 -0.870134652 0.758615792 0.221592039 0.612698197 0.392776549
0.545884490 0.221540123 -0.808041036 -1.340036750 -0.293531567 0.953856707 0.063218564 -0.845269084 0.784760773 0.202675462 0.585724592 0.335649729
0.521257877 0.218853801 -0.824859619 -1.377165914 -0.275507569 0.957958877 0.080065086 -0.814128578 0.807704091 0.185520485 0.559639454 0.265096664
0.495308697 0.216061816 -0.841419458 -1.413598061 -0.262109429 0.960606933 0.092374131 -0.786953926 0.828231931 0.174790218 0.532428801 0.205510437
0.467843890 0.218959451 -0.856258631 -1.446232557 -0.252780378 0.961504221 0.107757941 -0.757926941 0.846890926 0.166031495 0.505182505 0.144727588
0.440592766 0.226200342 -0.868741393 -1.477380276 -0.245894969 0.961131334 0.125547931 -0.728337884 0.863373518 0.158303604 0.479089022 0.085038960
0.414207816 0.236965328 -0.878794372 -1.505662084 -0.246987462 0.958549440 0.142056942 -0.695576787 0.876030385 0.158210039 0.455566108 0.021217108
0.388087332 0.246946186 -0.887922168 -1.533340454 -0.251259923 0.955288053 0.155862689 -0.663631618 0.886711121 0.162610918 0.432782829 -0.035935700
0.362225533 0.254255027 -0.896742582 -1.556860566 -0.248944372 0.953517854 0.169795334 -0.629527330 0.898231387 0.161734760 0.408683836 -0.099056542
0.336886287 0.258659571 -0.905319214 -1.582061052 -0.251463979 0.951315463 0.178226709 -0.596652508 0.907344222 0.167613029 0.385528743 -0.154797077
0.314676404 0.260346591 -0.912797153 -1.605575204 -0.259736836 0.948563874 0.181006610 -0.560785770 0.912970841 0.180128455 0.366112292 -0.217595160
0.296379745 0.264740169 -0.917644620 -1.628435016 -0.275337696 0.943705022 0.183330342 -0.526572704 0.914520741 0.198326752 0.352587998 -0.270734072
0.280454278 0.269499779 -0.921257436 -1.647208571 -0.280297101 0.940936387 0.189926937 -0.492513567 0.918029964 0.204959974 0.339429677 -0.327506006
0.266305745 0.276324302 -0.923431695 -1.667825818 -0.289172739 0.936801553 0.196931392 -0.459434241 0.919489205 0.214587301 0.329381049 -0.380809784
0.254574597 0.283475697 -0.924571991 -1.684355497 -0.285675287 0.935447812 0.208151489 -0.426886886 0.923894763 0.211137295 0.319123209 -0.437402487
0.246014953 0.289158940 -0.925128996 -1.703778505 -0.280099928 0.934950233 0.217743099 -0.394678056 0.927911937 0.205560535 0.311005116 -0.491261542
0.240367055 0.294026971 -0.925079346 -1.738425255 -0.262742102 0.937151492 0.229594633 -0.390751004 0.934446454 0.187870339 0.302513599 -0.540038824
0.237387836 0.297362119 -0.924782574 -1.755786300 -0.250903219 0.938461661 0.237354770 -0.359781981 0.938453257 0.175685778 0.297388494 -0.593149245
0.235885143 0.303094089 -0.923305094 -1.770353079 -0.245980576 0.937797606 0.245008647 -0.329436868 0.940133989 0.169321179 0.295767725 -0.646776378
