1.000000000 0.000000000 0.000000000 0.000000000 0.000000000 1.000000000 0.000000000 -0.000000045 0.000000000 0.000000000 1.000000000 0.000000037
0.999999702 -0.000630096 0.000457153 -0.001696654 0.000630703 0.999998927 -0.001326909 -0.005306378 -0.000456317 0.001327197 0.999998987 -0.003203051
0.999988914 -0.002645663 -0.003895753 0.001688805 0.002601876 0.999933898 -0.011202116 -0.015190117 0.003925132 0.011191855 0.999929667 -0.003505207
0.999941289 -0.007711123 -0.007614757 -0.000659025 0.007450360 0.999404252 -0.033698544 -0.005710139 0.007870074 0.033639833 0.999403059 -0.007746241
0.999861419 -0.012601321 -0.010880226 -0.002029680 0.011999308 0.998483539 -0.053727429 -0.003021577 0.011540763 0.053589430 0.998496354 -0.010089249
0.999716997 -0.019903064 -0.013031379 -0.004796564 0.018953107 0.997411907 -0.069356464 -0.005368122 0.014378059 0.069089852 0.997506797 -0.011167884
0.999576926 -0.024176218 -0.016170429 -0.007124075 0.022950891 0.997133970 -0.072091229 -0.021160524 0.017866978 0.071689598 0.997266948 -0.017637597
0.999507010 -0.025818249 -0.017865380 -0.010863774 0.024627985 0.997651696 -0.063910067 -0.048255350 0.019473473 0.063438565 0.997795761 -0.025915051
0.999438524 -0.027197897 -0.019568181 -0.011102172 0.025941487 0.997749925 -0.061823763 -0.055337820 0.021205628 0.061281420 0.997895241 -0.032117154
0.999551713 -0.023921758 -0.018002030 -0.015268386 0.022779055 0.997865140 -0.061206758 -0.042578578 0.019427773 0.060769252 0.997962773 -0.028302824
0.999516547 -0.025093300 -0.018357018 -0.016921019 0.024155183 0.998474300 -0.049654588 -0.043773849 0.019575009 0.049187168 0.998597741 -0.033883981
0.999480963 -0.026680613 -0.018054117 -0.021300944 0.025867937 0.998703539 -0.043841127 -0.045555357 0.019200418 0.043351348 0.998875380 -0.040454276
0.999563634 -0.023872742 -0.017394984 -0.026765900 0.023388008 0.999346614 -0.027556306 -0.060088892 0.018041464 0.027137449 0.999468863 -0.050998960
0.999581993 -0.023823084 -0.016381595 -0.033348132 0.023611078 0.999636471 -0.013015692 -0.064338267 0.016685713 0.012623464 0.999781072 -0.055876166
0.999619961 -0.022513159 -0.015908394 -0.037090503 0.022557613 0.999742091 0.002620379 -0.068190098 0.015845299 -0.002978238 0.999870002 -0.063566290
0.999782443 -0.016082272 -0.013283167 -0.041300971 0.016218532 0.999816298 0.010214894 -0.078506805 0.013116447 -0.010428105 0.999859571 -0.072556399
0.999956131 -0.003899108 -0.008518361 -0.045001183 0.003935230 0.999983311 0.004227904 -0.086298667 0.008501733 -0.004261240 0.999954760 -0.079174809
0.999974072 0.006468503 -0.003157983 -0.050825924 -0.006487935 0.999959826 -0.006182212 -0.098834939 0.003117867 0.006202541 0.999975920 -0.086965315
0.999803782 0.019503597 0.003457834 -0.059405629 -0.019438628 0.999650419 -0.017920205 -0.111644812 -0.003806134 0.017849473 0.999833465 -0.089720495
0.999539554 0.029782770 0.005802048 -0.061637033 -0.029627664 0.999243319 -0.025200158 -0.125871539 -0.006548188 0.025016654 0.999665618 -0.096442133
0.999215126 0.038176585 0.010570157 -0.073048450 -0.037861537 0.998874962 -0.028553698 -0.145228177 -0.011648348 0.028131083 0.999536395 -0.103311449
0.998968244 0.042882979 0.014951685 -0.087988868 -0.042414874 0.998639524 -0.030332781 -0.159670591 -0.016232105 0.029667310 0.999428034 -0.113147818
0.999123394 0.039727028 0.013199216 -0.095590204 -0.039368775 0.998876572 -0.026375430 -0.171111390 -0.014232205 0.025832674 0.999564946 -0.122027151
0.999350667 0.033967748 0.012020149 -0.108806327 -0.033748694 0.999268591 -0.017980261 -0.183203727 -0.012622106 0.017562920 0.999766111 -0.127775267
0.999350846 0.032436404 0.015676454 -0.134510413 -0.032289844 0.999433279 -0.009513443 -0.195049778 -0.015976150 0.009001078 0.999831855 -0.131140009
0.999616623 0.025259024 0.011338129 -0.144156188 -0.025204161 0.999670029 -0.004955989 -0.202139720 -0.011459571 0.004668321 0.999923468 -0.136595175
0.999806643 0.017702637 0.008563531 -0.164143622 -0.017709421 0.999842942 0.000717127 -0.210591897 -0.008549490 -0.000868643 0.999963105 -0.140635699
0.999878287 0.012111920 0.009836885 -0.194898188 -0.012131865 0.999924481 0.001970533 -0.222648367 -0.009812276 -0.002089633 0.999949694 -0.143581614
0.999970555 0.003397218 0.006884923 -0.217621028 -0.003387736 0.999993324 -0.001388420 -0.235525236 -0.006889593 0.001365055 0.999975324 -0.148535013
0.999983609 -0.003539776 0.004500555 -0.240953952 0.003573686 0.999965131 -0.007549051 -0.249833703 -0.004473676 0.007565011 0.999961376 -0.153333813
0.999962270 -0.008427835 0.002097976 -0.262275547 0.008459955 0.999839365 -0.015802886 -0.261042565 -0.001964455 0.015820038 0.999872923 -0.154061168
0.999945343 -0.010325861 0.001653532 -0.286740780 0.010360503 0.999692559 -0.022527803 -0.277006149 -0.001420404 0.022543702 0.999744833 -0.159033895
0.999918699 -0.012703942 0.001071537 -0.314385712 0.012727713 0.999573827 -0.026271723 -0.297439456 -0.000737326 0.026283227 0.999654293 -0.169136047
0.999884844 -0.015176234 0.000008695 -0.336123317 0.015169459 0.999421120 -0.030452717 -0.307193458 0.000453468 0.030449342 0.999536216 -0.164377332
0.999895513 -0.014423660 0.000950740 -0.361155242 0.014446457 0.999399185 -0.031505015 -0.323923528 -0.000495751 0.031515460 0.999503136 -0.169876739
0.999836087 -0.018105572 -0.000079083 -0.386654198 0.018094173 0.999343693 -0.031381499 -0.340956688 0.000647211 0.031374928 0.999507487 -0.175784543
0.999783456 -0.020806232 -0.000331107 -0.411432475 0.020784581 0.999258757 -0.032402243 -0.350466251 0.001005030 0.032388348 0.999474883 -0.171413869
0.999694109 -0.024692321 -0.001388939 -0.437120974 0.024636822 0.999206901 -0.031282771 -0.366407573 0.002160281 0.031238984 0.999509633 -0.177153572
0.999677718 -0.025353037 -0.001310078 -0.462562531 0.025298558 0.999173582 -0.031814788 -0.382102072 0.002115597 0.031771388 0.999492943 -0.182965085
0.999650419 -0.026403775 -0.001374819 -0.488171309 0.026347695 0.999160588 -0.031368174 -0.393957198 0.002201903 0.031320982 0.999506950 -0.183282077
0.999644220 -0.026645776 -0.001180215 -0.513919950 0.026594501 0.999135673 -0.031946890 -0.408811152 0.002030444 0.031904139 0.999488890 -0.188829392
0.999645174 -0.026628379 -0.000635417 -0.539820910 0.026594277 0.999130964 -0.032095436 -0.423002571 0.001489514 0.032067154 0.999484599 -0.194810227
0.999619961 -0.027562927 -0.000517178 -0.566026807 0.027534124 0.999150574 -0.030658895 -0.433911115 0.001361787 0.030633004 0.999529779 -0.195458129
0.999607146 -0.028027005 -0.000317130 -0.591789365 0.028004698 0.999152780 -0.030157577 -0.447977573 0.001162088 0.030136846 0.999545097 -0.201823488
0.999543130 -0.030222105 -0.000372493 -0.617502451 0.030200178 0.999159575 -0.027714847 -0.462100625 0.001209781 0.027690934 0.999615788 -0.208345994
0.999613285 -0.027772550 0.001384664 -0.642984390 0.027799740 0.999252200 -0.026873454 -0.476334095 -0.000637284 0.026901554 0.999637902 -0.198730737
0.999603808 -0.028086709 0.001819582 -0.668747962 0.028124453 0.999268532 -0.025911672 -0.490311444 -0.001090477 0.025952583 0.999662578 -0.203800038
0.999566197 -0.029402740 0.001705756 -0.694477260 0.029436082 0.999257505 -0.024858354 -0.504241824 -0.000973586 0.024897782 0.999689519 -0.208991840
0.999547601 -0.030000290 0.002134752 -0.720278740 0.030043380 0.999252677 -0.024321530 -0.514596581 -0.001403503 0.024374664 0.999701917 -0.211048529
0.999534845 -0.030412367 0.002277469 -0.745973885 0.030458672 0.999242306 -0.024229130 -0.527886569 -0.001538878 0.024287229 0.999703825 -0.215556502
0.999550700 -0.029864566 0.002545802 -0.771451890 0.029916266 0.999275446 -0.023528188 -0.541194141 -0.001841298 0.023593780 0.999719918 -0.220008284
0.999496818 -0.031675685 0.001659180 -0.795855165 0.031707246 0.999185681 -0.024953008 -0.551480770 -0.000867425 0.024993058 0.999687254 -0.223117068
0.999369144 -0.035510324 0.000617318 -0.821161628 0.035514936 0.999083340 -0.023898952 -0.564696491 0.000231907 0.023905799 0.999714196 -0.227934435
0.999254048 -0.038611632 -0.000697440 -0.846351445 0.038585585 0.998993278 -0.022880832 -0.578117669 0.001580204 0.022836851 0.999737978 -0.232766882
0.999020517 -0.044112891 -0.003474559 -0.870165050 0.044022731 0.998771250 -0.022759054 -0.584152102 0.004474258 0.022583801 0.999734938 -0.233136296
0.998610795 -0.052247986 -0.006825570 -0.895116091 0.052096687 0.998426914 -0.020728141 -0.597242296 0.007897836 0.020343754 0.999761820 -0.236660913
0.997991860 -0.062450577 -0.010590565 -0.919705391 0.062206764 0.997821450 -0.021970598 -0.610216200 0.011939569 0.021267673 0.999702513 -0.239949986
0.996852517 -0.077689461 -0.015792513 -0.941818178 0.077306725 0.996729136 -0.023552453 -0.618938625 0.017570635 0.022257457 0.999597847 -0.243116781
0.995202303 -0.095396176 -0.021725021 -0.964438081 0.094759151 0.995087147 -0.028675932 -0.631524742 0.024353862 0.026479710 0.999352634 -0.245965287
0.992915154 -0.115414977 -0.028264651 -0.985309124 0.114457309 0.992865264 -0.033438537 -0.644568145 0.031922299 0.029966535 0.999041021 -0.248941839
0.990488827 -0.133163601 -0.034631528 -1.001748681 0.131913215 0.990600407 -0.036191061 -0.656111658 0.039125338 0.031278484 0.998744667 -0.252961218
0.988584578 -0.145631030 -0.038628258 -1.017001867 0.144098982 0.988759756 -0.039869484 -0.667981446 0.044000298 0.033848066 0.998457968 -0.256137520
0.986350834 -0.158936933 -0.043024532 -1.029431701 0.157112345 0.986647427 -0.042925190 -0.679398298 0.049272440 0.035579611 0.998151422 -0.259463787
0.984834015 -0.167199790 -0.046327293 -1.037073612 0.164924145 0.985075891 -0.049249202 -0.686125159 0.053870358 0.040861800 0.997711539 -0.269590884
0.983089209 -0.176471025 -0.048924766 -1.042071223 0.173745662 0.983236909 -0.055295929 -0.697269201 0.057862766 0.045860365 0.997270644 -0.273738265
0.982020855 -0.182007745 -0.050081864 -1.043045521 0.178857371 0.981950045 -0.061515816 -0.708086550 0.060374245 0.051452301 0.996848822 -0.278371513
0.981279492 -0.185745701 -0.050883565 -1.039449573 0.182253793 0.981009841 -0.066356681 -0.717763305 0.062242750 0.055840731 0.996497691 -0.284697115
0.980279386 -0.190356374 -0.053073525 -1.032188177 0.186618716 0.980059206 -0.068245582 -0.727231681 0.065006174 0.056995224 0.996255875 -0.291027248
0.979420841 -0.193901107 -0.056010794 -1.020841241 0.190293476 0.979647458 -0.063868925 -0.735517621 0.067255087 0.051896065 0.996385217 -0.297830760
0.978081405 -0.199272856 -0.060391508 -1.006371021 0.195919350 0.978951335 -0.057182793 -0.742174864 0.070515327 0.044097561 0.996535480 -0.306747288
0.976443648 -0.206012890 -0.064160123 -0.986921489 0.202944204 0.977849901 -0.051217243 -0.749810755 0.073290378 0.036989830 0.996624470 -0.314793885
0.973841071 -0.216247410 -0.069790170 -0.963454604 0.213446587 0.975896835 -0.045452379 -0.757143736 0.077936962 0.029366918 0.996525645 -0.323191166
0.970213115 -0.229870081 -0.076460853 -0.935833693 0.227322847 0.972972095 -0.040616207 -0.763466060 0.083730727 0.022025079 0.996244967 -0.333849460
0.966206908 -0.244033605 -0.083016910 -0.902785838 0.241784781 0.969650805 -0.036296975 -0.770169318 0.089355089 0.014998163 0.995886922 -0.343033671
0.963106036 -0.254350305 -0.087935828 -0.864232004 0.252371967 0.967063487 -0.033114441 -0.776448905 0.093462192 0.009700186 0.995575547 -0.351804793
0.962019801 -0.257946372 -0.089339696 -0.821376562 0.255958915 0.966116369 -0.033229303 -0.778900087 0.094883926 0.009099956 0.995446742 -0.367817223
0.962573230 -0.256329179 -0.088023476 -0.771024466 0.254387498 0.966545939 -0.032801941 -0.784468949 0.093486823 0.009182202 0.995578170 -0.375468403
0.966106772 -0.244269416 -0.083487384 -0.713491082 0.242785379 0.969686031 -0.027645523 -0.792236269 0.087709509 0.006439010 0.996125281 -0.374929458
0.972593486 -0.220201403 -0.074654244 -0.655137002 0.218890756 0.975418508 -0.025408000 -0.793077409 0.078414015 0.008370531 0.996885717 -0.390691698
0.980112016 -0.188119292 -0.063178942 -0.589332998 0.187199265 0.982113600 -0.020232553 -0.796136618 0.065855026 0.008003118 0.997797132 -0.396525502
0.987294137 -0.150911838 -0.049758073 -0.519866884 0.150325835 0.988517523 -0.015338043 -0.799222410 0.051501419 0.007663236 0.998643517 -0.401940614
0.991587937 -0.123350196 -0.039217833 -0.450271845 0.123065867 0.992352128 -0.009592474 -0.803530097 0.040101137 0.004685405 0.999184668 -0.409673452
0.994298697 -0.102122813 -0.030676128 -0.377644420 0.101908848 0.994757712 -0.008463266 -0.807720482 0.031379610 0.005288846 0.999493539 -0.414190054
0.995874524 -0.087174982 -0.025188880 -0.304184914 0.087039024 0.996184051 -0.006446243 -0.811979055 0.025654713 0.004227234 0.999661922 -0.418179870
0.996222794 -0.083558366 -0.023625897 -0.235233501 0.083478123 0.996500075 -0.004364287 -0.815790057 0.023907879 0.002375557 0.999711335 -0.428325057
0.995592713 -0.090350978 -0.025137637 -0.161490455 0.090264998 0.995907426 -0.004536801 -0.820880353 0.025444664 0.002247758 0.999673724 -0.431466877
0.994901061 -0.097168155 -0.027023584 -0.087117225 0.097062804 0.995264769 -0.005186328 -0.825259566 0.027399566 0.002536898 0.999621332 -0.434037536
0.993105054 -0.112867676 -0.031674482 -0.012629064 0.112714045 0.993605554 -0.006600405 -0.829635382 0.032216914 0.002984737 0.999476433 -0.439154059
0.991757691 -0.123330355 -0.034731220 0.063559324 0.123073220 0.992352545 -0.009454769 -0.834714890 0.035631675 0.005102357 0.999351978 -0.441306025
0.990781426 -0.130552664 -0.036169097 0.141294450 0.130129442 0.991400599 -0.013828544 -0.839367747 0.037663415 0.008994401 0.999249995 -0.442852348
0.990209162 -0.134780809 -0.036330998 0.220853895 0.134069875 0.990741789 -0.021352936 -0.842336774 0.038872607 0.016272981 0.999111652 -0.446731746
0.991272390 -0.127634168 -0.032993797 0.302647918 0.126773655 0.991564572 -0.026984088 -0.846590638 0.036159571 0.022565838 0.999091208 -0.447800249
0.991974115 -0.122670859 -0.030646399 0.385994256 0.121675819 0.992038786 -0.032466434 -0.851115227 0.034385100 0.028476939 0.999002874 -0.448350996
0.993329883 -0.112306975 -0.026133144 0.470369339 0.111112811 0.992860794 -0.043374676 -0.849116325 0.030817853 0.040181633 0.998717010 -0.451096386
0.994462788 -0.103212118 -0.019773755 0.556302428 0.101931736 0.993131459 -0.057443924 -0.852925479 0.025566846 0.055110276 0.998152912 -0.452654541
0.995580912 -0.093278810 -0.010847699 0.643272340 0.092286006 0.993214488 -0.070769288 -0.856283307 0.017375367 0.069455467 0.997433722 -0.454460263
0.996100187 -0.088229135 -0.000257710 0.730792880 0.087906599 0.992700040 -0.082577705 -0.857919514 0.007541587 0.082233012 0.996584594 -0.459172994
0.996561646 -0.081820868 0.013045370 0.819018006 0.082663082 0.992551386 -0.089490719 -0.859804094 -0.005625992 0.090261392 0.995902240 -0.462792963
0.996588469 -0.077621907 0.028040746 0.907384098 0.079848439 0.992760181 -0.089729697 -0.859923482 -0.020872748 0.091662586 0.995571315 -0.467269808
0.996142030 -0.075723134 0.044351634 0.995981812 0.079365723 0.993030906 -0.087124698 -0.854677558 -0.037445191 0.090308569 0.995209634 -0.479018033
0.995165050 -0.076295838 0.061850797 1.083714724 0.081078410 0.993579447 -0.078906372 -0.850845277 -0.055433456 0.083539620 0.994961441 -0.486380488
0.993685186 -0.078651570 0.080022834 1.170717120 0.083947606 0.994340062 -0.065120064 -0.845281899 -0.074448116 0.071426563 0.994663596 -0.494358212
0.991482735 -0.085759968 0.098016508 1.255373478 0.090831757 0.994684458 -0.048502207 -0.840229332 -0.093335949 0.056992114 0.994002163 -0.493219733
0.988883436 -0.091365576 0.117311276 1.340938330 0.095751658 0.994881034 -0.032301720 -0.832596242 -0.113759495 0.043175381 0.992569745 -0.502323568
0.985761642 -0.096686669 0.137570485 1.426863551 0.100438885 0.994730294 -0.020583224 -0.823672354 -0.134855404 0.034107577 0.990278065 -0.514312267
0.981915116 -0.103721082 0.158381119 1.510168672 0.106454954 0.994278133 -0.008852866 -0.814239800 -0.156556651 0.025553219 0.987338364 -0.520107508
0.977335274 -0.109566018 0.181138158 1.593454838 0.113003418 0.993556201 -0.008734963 -0.802708983 -0.179013878 0.029006217 0.983418882 -0.529382885
0.972301543 -0.116311960 0.202734455 1.675583482 0.120557033 0.992668509 -0.008674245 -0.788415074 -0.200239196 0.032875046 0.979195356 -0.537912548
0.967386425 -0.121501878 0.222262904 1.757878780 0.125416130 0.992097974 -0.003527808 -0.773880661 -0.220077947 0.031288106 0.974980414 -0.535524487
0.962621748 -0.127011523 0.239222512 1.838106871 0.130477622 0.991450310 0.001358625 -0.752938151 -0.237349793 0.029905342 0.970963836 -0.542310178
0.958344519 -0.130750209 0.253929526 1.917264938 0.133664310 0.991009593 0.005821534 -0.729508698 -0.252407759 0.028362278 0.967205226 -0.548176765
0.954365730 -0.135766193 0.265995443 1.994999170 0.137712702 0.990406454 0.011411556 -0.713668227 -0.264992893 0.025740147 0.963906765 -0.552593231
0.951157391 -0.137380034 0.276453286 2.071233511 0.138327181 0.990254581 0.016170135 -0.685229182 -0.275980562 0.022860652 0.960891306 -0.556228876
0.948379517 -0.140969068 0.284084618 2.146307230 0.142086715 0.989712000 0.016778955 -0.654795706 -0.283527255 0.024451835 0.958652377 -0.558559775
0.946144402 -0.143931538 0.289990485 2.220862389 0.143284261 0.989400625 0.023581278 -0.625746310 -0.290310860 0.019239776 0.956738949 -0.550224960
0.944313765 -0.148956582 0.293399870 2.293844700 0.145413354 0.988787234 0.033982731 -0.592085779 -0.295171976 0.010573884 0.955385625 -0.550167620
0.943051279 -0.150835559 0.296484202 2.366159916 0.143408254 0.988557577 0.046775855 -0.559390664 -0.300147146 -0.001593756 0.953891575 -0.549823701
0.942395687 -0.147044197 0.300447017 2.435156584 0.134709761 0.988975644 0.061485849 -0.532230020 -0.306175917 -0.017470853 0.951814651 -0.542423904
0.942192554 -0.143300846 0.302882969 2.506194115 0.126607552 0.989176989 0.074158065 -0.504495561 -0.310231805 -0.031523906 0.950138152 -0.541662335
0.942267478 -0.141936034 0.303292185 2.575834274 0.119650930 0.988642454 0.090938099 -0.479258865 -0.312754899 -0.049398817 0.948548436 -0.540948331
0.942570448 -0.137273535 0.304494560 2.641352654 0.110173009 0.988398254 0.104550608 -0.462467879 -0.315313935 -0.064999230 0.946758807 -0.529914856
0.943150103 -0.129411325 0.306138217 2.708355427 0.099209085 0.988708735 0.112305641 -0.446558923 -0.317215145 -0.075549394 0.945339561 -0.525738835
0.943621159 -0.126925349 0.305727005 2.773908854 0.096188381 0.988853872 0.113647871 -0.435967892 -0.316744149 -0.077833153 0.945312202 -0.519995570
0.944409668 -0.126550123 0.303439438 2.845503330 0.095607676 0.988776267 0.114806943 -0.430557251 -0.314562559 -0.079413645 0.945909023 -0.501784503
0.945132971 -0.126879409 0.301040351 2.908601999 0.096663110 0.988848567 0.113290586 -0.425146341 -0.312057555 -0.077975176 0.946857929 -0.491163939
0.945920944 -0.130388260 0.297039628 2.970466137 0.100447521 0.988391042 0.113988765 -0.420802414 -0.308454096 -0.077987470 0.948036969 -0.478019029
0.946597815 -0.128652483 0.295636743 3.033702850 0.099467434 0.988741577 0.111787207 -0.418134719 -0.306690007 -0.076411299 0.948737323 -0.454831690
0.947577000 -0.123293377 0.294782281 3.092767954 0.094746955 0.989484072 0.109290153 -0.416162223 -0.305157125 -0.075631112 0.949293971 -0.435703337
0.948425055 -0.113838382 0.295855850 3.150565624 0.086961307 0.990923285 0.102512158 -0.415889204 -0.304840297 -0.071497090 0.949716032 -0.413904727
0.949029267 -0.100793868 0.298637062 3.209119320 0.076653078 0.992849886 0.091506302 -0.416354924 -0.305725068 -0.063950703 0.949969769 -0.386394113
0.949466050 -0.084216557 0.302360356 3.264065981 0.063111268 0.994880915 0.078923859 -0.419234782 -0.307459235 -0.055853181 0.949920654 -0.360096037
0.949634612 -0.067722566 0.305953890 3.316745758 0.048721589 0.996403396 0.069328405 -0.423279196 -0.309548587 -0.050930094 0.949518740 -0.332386911
0.949231446 -0.050152011 0.310555071 3.373077631 0.032275699 0.997526765 0.062439378 -0.425492465 -0.312918454 -0.049246039 0.948502421 -0.293927550
0.948828399 -0.037702687 0.313533306 3.420430660 0.021287693 0.998225272 0.055615805 -0.431590408 -0.315073729 -0.046095453 0.947947145 -0.262585104
0.948754013 -0.028461708 0.314731240 3.464387178 0.012662331 0.998559952 0.052131101 -0.438556433 -0.315761745 -0.045474358 0.947748184 -0.229938686
0.948240280 -0.021490274 0.316825688 3.506897211 0.006177741 0.998767018 0.049256723 -0.443226427 -0.317493618 -0.044749942 0.947203934 -0.191903710
0.947770953 -0.013709623 0.318657011 3.544798851 -0.001331513 0.998897016 0.046935953 -0.452032983 -0.318949014 -0.044908829 0.946707308 -0.155973017
0.947733164 -0.008818913 0.318942219 3.578950644 -0.005688204 0.998992085 0.044525072 -0.462191641 -0.319013387 -0.044012092 0.946727753 -0.118602291
0.947194576 -0.004108180 0.320633084 3.613410234 -0.010570997 0.998974383 0.044027764 -0.471725494 -0.320485085 -0.045092274 0.946179688 -0.071990967
0.947313249 -0.003482315 0.320289791 3.639839411 -0.011634436 0.998906970 0.045271397 -0.483754307 -0.320097327 -0.046612583 0.946237266 -0.031841360
0.947052240 -0.000904093 0.321078241 3.662473679 -0.014527462 0.998851299 0.045662772 -0.496982813 -0.320750713 -0.047909480 0.945951223 0.009745043
0.947684288 -0.006308407 0.319146901 3.682825327 -0.009276281 0.998838186 0.047288764 -0.508742929 -0.319074422 -0.047775317 0.946524739 0.056109674
0.949810803 -0.027461827 0.311617166 3.696875811 0.013206827 0.998771310 0.047764055 -0.524968684 -0.312545985 -0.041251339 0.949006498 0.100495681
0.951403558 -0.047641464 0.304239333 3.707839966 0.037487619 0.998530567 0.039132360 -0.543518960 -0.305656612 -0.025825460 0.951791525 0.146007061
0.952184439 -0.062417030 0.299080223 3.717161894 0.057082735 0.998016417 0.026547838 -0.561023057 -0.300143987 -0.008206123 0.953858614 0.195333183
0.952644229 -0.080026507 0.293367893 3.723948956 0.080421522 0.996703148 0.010735904 -0.581193149 -0.293259829 0.013365594 0.955939353 0.241784930
0.952594578 -0.099152252 0.287632436 3.729220390 0.105771884 0.994361937 -0.007525209 -0.601941705 -0.285264581 0.037591897 0.957711339 0.288370430
0.952104568 -0.111605570 0.284677118 3.734645128 0.125030547 0.991718113 -0.029369773 -0.626224756 -0.279041618 0.063556433 0.958173454 0.344371378
0.951677442 -0.113680720 0.285283566 3.738908529 0.134138852 0.989535630 -0.053160459 -0.645373344 -0.276254952 0.088859215 0.956967711 0.389242172
0.951325536 -0.105900221 0.289421558 3.742569208 0.133348286 0.988091469 -0.076768741 -0.663858831 -0.277845144 0.111625940 0.954118311 0.432297289
0.951059878 -0.097955003 0.293069839 3.743863344 0.130942494 0.986818314 -0.095097974 -0.683488846 -0.279891372 0.128819168 0.951349795 0.478167683
0.950551689 -0.089256123 0.297463953 3.745627403 0.126424938 0.986066639 -0.108117156 -0.699998856 -0.283669174 0.140377805 0.948591530 0.516185701
0.950238347 -0.081330255 0.300720006 3.745799780 0.122952059 0.984866023 -0.122154690 -0.716103792 -0.286234051 0.153050214 0.945857108 0.550742865
0.949966311 -0.077301189 0.302635968 3.741714239 0.123713166 0.982772589 -0.137306392 -0.737216532 -0.286808372 0.167876512 0.943164051 0.587263942
0.949549973 -0.070344664 0.305624664 3.737947464 0.121316381 0.981043458 -0.151116043 -0.752497137 -0.289200842 0.180569530 0.940083802 0.614028573
0.949375510 -0.068494663 0.306585521 3.732147694 0.123680890 0.978616178 -0.164357468 -0.767120242 -0.288771957 0.193955705 0.937545717 0.636540174
0.948787391 -0.065003328 0.309155375 3.724451542 0.124467589 0.976363897 -0.176695541 -0.782590389 -0.290362328 0.206126317 0.934452593 0.657647312
0.948499084 -0.065531641 0.309927613 3.714760780 0.127968177 0.974250317 -0.185635209 -0.795479417 -0.289782077 0.215735704 0.932461500 0.671017408
0.947981238 -0.067596361 0.311066419 3.703567982 0.131790444 0.972853899 -0.190227836 -0.805331707 -0.289763480 0.221327990 0.931155801 0.677088737
0.947384179 -0.073349103 0.311581612 3.687777281 0.136892930 0.972728312 -0.187242910 -0.819418788 -0.289350152 0.220044300 0.931588411 0.686226130
0.946910262 -0.081598192 0.310970575 3.672223806 0.141830876 0.974067867 -0.176283345 -0.827577353 -0.288522035 0.211029723 0.933928013 0.685326040
0.946546257 -0.094074413 0.308545232 3.655072212 0.148134634 0.976470590 -0.156720638 -0.833458483 -0.286541939 0.194049567 0.938210249 0.680023730
0.945988178 -0.102989137 0.307407856 3.634500027 0.149895817 0.979708731 -0.133049086 -0.845152318 -0.287467539 0.171942011 0.942230523 0.679610491
0.945571899 -0.109409429 0.306469202 3.615612745 0.150600910 0.981989205 -0.114090130 -0.848775983 -0.288466930 0.154034957 0.945018530 0.667080641
0.945111096 -0.110796534 0.307390809 3.596264362 0.148695052 0.983538568 -0.102672867 -0.852285028 -0.290954888 0.142744750 0.946028113 0.651593328
0.944755197 -0.107644200 0.309597105 3.574233294 0.144021213 0.984800875 -0.097083241 -0.858334422 -0.294441074 0.136308447 0.945898771 0.637705684
0.944572687 -0.109832674 0.309385210 3.552675486 0.145030081 0.985037923 -0.093094669 -0.861042440 -0.294531316 0.132804841 0.946368933 0.617341161
0.944411159 -0.110878855 0.309505105 3.530153275 0.143167913 0.986163974 -0.083567731 -0.861480772 -0.295956910 0.123233505 0.947218597 0.594977260
0.944240034 -0.114064090 0.308869243 3.506136417 0.142741159 0.987150788 -0.071821533 -0.863535941 -0.296708226 0.111905105 0.948388875 0.574842811
0.944357753 -0.116647795 0.307541400 3.481885433 0.141300514 0.988202870 -0.059070274 -0.862541795 -0.297022849 0.099239230 0.949699402 0.549914539
0.944602847 -0.116418049 0.306874990 3.457091808 0.137837574 0.989242136 -0.048997551 -0.860833883 -0.297869503 0.088582128 0.950487733 0.523574471
0.944760740 -0.119555093 0.305178106 3.430846214 0.138915062 0.989394128 -0.042448636 -0.859335899 -0.296866477 0.082497641 0.951348722 0.498113096
0.944976926 -0.121385425 0.303783089 3.404326916 0.139183491 0.989554346 -0.037552170 -0.855967462 -0.296051592 0.077767521 0.952000856 0.469832838
0.945198178 -0.121866502 0.302900940 3.377335548 0.139964819 0.989400208 -0.038691681 -0.852476478 -0.294975013 0.078966781 0.952236295 0.440387279
0.945295393 -0.119509652 0.303535849 3.350187778 0.138786748 0.989402711 -0.042668127 -0.849611759 -0.295219928 0.082460739 0.951864183 0.411976814
0.945686519 -0.112787075 0.304887027 3.322180986 0.132251844 0.990243912 -0.043891907 -0.844247878 -0.296962053 0.081829846 0.951376617 0.381634951
0.946254849 -0.105260283 0.305813640 3.293304205 0.124905139 0.991132200 -0.045338869 -0.838260412 -0.298329383 0.081099823 0.951011240 0.350653231
0.946453214 -0.096818775 0.307981312 3.265825272 0.114813879 0.992548406 -0.040809762 -0.831613898 -0.301735222 0.073985055 0.950516760 0.321920276
0.946809173 -0.093030483 0.308054686 3.234937668 0.108625025 0.993507087 -0.033827543 -0.823971748 -0.302907526 0.065490671 0.950767040 0.290453941
0.947013378 -0.087764576 0.308970898 3.203073978 0.100205794 0.994662642 -0.024598045 -0.815907478 -0.305162996 0.054255351 0.950753331 0.258395374
0.947317779 -0.086312994 0.308446229 3.170679331 0.095945328 0.995255291 -0.016168943 -0.808302343 -0.305587173 0.044911094 0.951104343 0.226067647
0.947603345 -0.085898928 0.307683676 3.136188984 0.093572564 0.995559752 -0.010244816 -0.801056206 -0.305437475 0.038498767 0.951433539 0.193435878
0.948126376 -0.095317304 0.303267181 3.099912882 0.100743651 0.994909823 -0.002260691 -0.794079661 -0.301508009 0.032695662 0.952902913 0.160709843
0.948382735 -0.109726571 0.297540396 3.063907623 0.112781800 0.993595600 0.006935288 -0.787298441 -0.296395808 0.026979830 0.954684019 0.128584385
0.949102521 -0.121643990 0.290529102 3.025521517 0.122311473 0.992363870 0.015932895 -0.781172156 -0.290248722 0.020413090 0.956733525 0.095888838
0.950594187 -0.130665913 0.281597465 2.986611128 0.129582837 0.991312146 0.022549944 -0.775441349 -0.282097489 0.015054348 0.959267616 0.063382775
0.952811956 -0.138170511 0.270292997 2.947916985 0.135215133 0.990373433 0.029619053 -0.769497871 -0.271783471 0.008326315 0.962322414 0.031492550
0.956237674 -0.141551673 0.256071627 2.908853769 0.135946840 0.989926279 0.039552357 -0.761617124 -0.259090722 -0.003009327 0.965848327 0.000816036
0.960412264 -0.140788302 0.240389153 2.870305061 0.133063778 0.989937007 0.048153050 -0.751726925 -0.244749501 -0.014259687 0.969481468 -0.027663700
0.964882553 -0.139922470 0.222313747 2.832984447 0.130805850 0.989865005 0.055291515 -0.738398373 -0.227797106 -0.024269883 0.973406136 -0.054762259
0.969737589 -0.134249628 0.203926608 2.794718504 0.123849988 0.990299642 0.062990196 -0.724147975 -0.210404858 -0.035827659 0.976957619 -0.078608260
0.974414289 -0.126727313 0.185625792 2.757002115 0.116169944 0.990985036 0.066732205 -0.708824217 -0.192409188 -0.043460682 0.980351925 -0.100075319
0.979352057 -0.110710420 0.169152886 2.723666668 0.100463398 0.992613792 0.068007402 -0.690953314 -0.175432622 -0.049609520 0.983240724 -0.114855841
0.983901203 -0.098439537 0.149157763 2.686975956 0.089762740 0.993914783 0.063844077 -0.677269518 -0.154534876 -0.049427457 0.986750185 -0.132710829
0.988188982 -0.080493316 0.130397022 2.650843382 0.073138550 0.995500207 0.060249943 -0.663986325 -0.134659976 -0.050001282 0.989629507 -0.148892462
0.991835833 -0.062366158 0.111230202 2.617044926 0.056434684 0.996851206 0.055702873 -0.650269687 -0.114353932 -0.048970863 0.992232323 -0.162733838
0.994543076 -0.043560270 0.094797507 2.581401825 0.038781833 0.997910440 0.051679019 -0.639242291 -0.096850574 -0.047720592 0.994154274 -0.175574481
0.996357679 -0.034843713 0.077828340 2.545310974 0.030897668 0.998202980 0.051343378 -0.629483163 -0.079477482 -0.048751656 0.995643795 -0.186868176
0.997632623 -0.031196933 0.061285738 2.511230946 0.027675025 0.997961938 0.057498600 -0.618634164 -0.062954612 -0.055666391 0.996462703 -0.196906105
0.998455405 -0.029863752 0.046850484 2.474528790 0.026822522 0.997573256 0.064250939 -0.610795557 -0.048655566 -0.062895052 0.996833384 -0.204506904
0.999073684 -0.029684786 0.031153461 2.437328339 0.027320694 0.996902704 0.073746406 -0.604452908 -0.033246115 -0.072826959 0.996790290 -0.210499406
0.999479413 -0.029095683 0.013942068 2.403086424 0.027860694 0.996258318 0.081811860 -0.604948878 -0.016270272 -0.081380829 0.996550262 -0.212446824
0.999677777 -0.025140578 -0.003510800 2.365659952 0.025349779 0.995949566 0.086265899 -0.605920136 0.001327805 -0.086327098 0.996265948 -0.214868426
0.999511957 -0.020833513 -0.023276618 2.328069448 0.022815129 0.995824397 0.088392258 -0.611238241 0.021337902 -0.088880181 0.995813727 -0.215723529
0.998936713 -0.012870662 -0.044269800 2.292794943 0.016680906 0.996085584 0.086806081 -0.623308599 0.042979255 -0.087452240 0.995241106 -0.215981871
0.997728467 -0.004546415 -0.067210026 2.255595684 0.010372438 0.996189952 0.086591020 -0.637142777 0.066560276 -0.087091461 0.993974268 -0.214051694
0.995793283 0.005123595 -0.091484599 2.218502760 0.002336545 0.996690810 0.081252545 -0.655366838 0.091598161 -0.081124499 0.992486060 -0.210760772
0.993094921 0.017858507 -0.115946092 2.183683634 -0.009415550 0.997290313 0.072961338 -0.681779206 0.116934903 -0.071365841 0.990572155 -0.207043812
0.989058375 0.018912198 -0.146307573 2.146117687 -0.010188140 0.998137414 0.060149360 -0.708336115 0.147172615 -0.058000628 0.987408817 -0.200921938
0.983791590 0.022930177 -0.177843571 2.108667850 -0.014586950 0.998736978 0.048079882 -0.738687932 0.178721428 -0.044706386 0.982883513 -0.193720073
0.976879597 0.025181536 -0.212301910 2.074147463 -0.018506568 0.999271691 0.033369958 -0.774852931 0.212987602 -0.028669450 0.976634204 -0.185952559
0.968428016 0.032651432 -0.247145727 2.038046598 -0.028447028 0.999383748 0.020564420 -0.809709311 0.247664884 -0.012884600 0.968760073 -0.176612914
0.958266497 0.043012056 -0.282622248 2.002393484 -0.042344835 0.999067128 0.008471715 -0.844674885 0.282722980 0.003849431 0.959193885 -0.165937468
0.945986092 0.048911467 -0.320496410 1.970077515 -0.052031353 0.998644769 -0.001172416 -0.882782280 0.320004731 0.017784951 0.947248995 -0.160335496
0.931834996 0.056579847 -0.358444244 1.936514139 -0.062991127 0.997994661 -0.006223972 -0.917706847 0.357373267 0.028378520 0.933530390 -0.148986310
0.915912151 0.065000094 -0.396080643 1.904069781 -0.074792020 0.997155666 -0.009310489 -0.952233970 0.394348890 0.038151260 0.918168545 -0.136979192
0.898104787 0.082462378 -0.431981236 1.876687169 -0.094565995 0.995496929 -0.006572362 -0.999215543 0.429493994 0.046753403 0.901858687 -0.133011311
0.878976405 0.098769851 -0.466524452 1.847471833 -0.113513671 0.993530154 -0.003526108 -1.031591892 0.463157862 0.056056261 0.884501278 -0.120882556
0.858628631 0.121282496 -0.498043656 1.819467425 -0.140726954 0.990047276 -0.001519509 -1.062943935 0.492902458 0.071392842 0.867150664 -0.107891768
0.837072253 0.140217409 -0.528818548 1.793821812 -0.166748777 0.985996246 -0.002509277 -1.097115993 0.521061242 0.090280294 0.848731160 -0.102578759
0.814687073 0.158036977 -0.557951033 1.765969634 -0.192672879 0.981257200 -0.003393114 -1.125716448 0.546957195 0.110266350 0.829866946 -0.088252991
0.792209506 0.167855546 -0.586709976 1.737938881 -0.210063949 0.977679729 -0.003929857 -1.151954412 0.572954774 0.126359880 0.809787631 -0.073259175
0.769822776 0.179950744 -0.612364829 1.715074420 -0.229282677 0.973357379 -0.002205603 -1.177928329 0.595652878 0.142102540 0.790572286 -0.067013100
0.747787893 0.194054544 -0.634945750 1.687573552 -0.252592415 0.967571139 -0.001770183 -1.197131872 0.614011645 0.161706194 0.772554696 -0.050856709
0.725110292 0.205734760 -0.657182097 1.659870863 -0.274996787 0.961442053 -0.002436057 -1.213076830 0.631341338 0.182489365 0.753727913 -0.034335092
0.701289058 0.216006026 -0.679363728 1.638059855 -0.296133697 0.955144405 -0.001999475 -1.229907513 0.648458600 0.202584714 0.733798981 -0.027684137
0.676174045 0.220817536 -0.702871501 1.610686302 -0.312124938 0.950039387 -0.001800388 -1.239155769 0.667357981 0.220601082 0.711314559 -0.013821110
0.648517311 0.219826102 -0.728767335 1.582952142 -0.317530096 0.948241889 0.003464140 -1.244980097 0.691809237 0.229158968 0.684752703 -0.001488894
0.618243814 0.216234624 -0.755656838 1.559568405 -0.315420747 0.948856473 0.013456807 -1.248976946 0.719919682 0.230030254 0.654829502 0.003820032
0.584913611 0.215370581 -0.781979322 1.531492710 -0.314090192 0.949024856 0.026441127 -1.248366356 0.747812510 0.230146259 0.622743309 0.014397055
0.548768282 0.212740988 -0.808452070 1.503837824 -0.314304084 0.948628783 0.036281809 -1.244381070 0.774639547 0.234189466 0.587442756 0.024530590
0.510685205 0.210494339 -0.833602250 1.483315706 -0.317840695 0.947102189 0.044437364 -1.242429018 0.798860371 0.242259219 0.550574780 0.024971187
0.470391750 0.207316831 -0.857759535 1.456930399 -0.321841419 0.945364833 0.051994197 -1.232373714 0.821675003 0.251604885 0.511414945 0.034385949
0.429132581 0.202706963 -0.880201757 1.431428671 -0.330527157 0.942143917 0.055827126 -1.219530702 0.840593278 0.266973317 0.471304774 0.043914914
0.388054907 0.197051316 -0.900324464 1.415895939 -0.340340525 0.938467801 0.058707148 -1.201213479 0.856493831 0.283635318 0.431241572 0.046894252
0.347624540 0.188029841 -0.918586910 1.393903017 -0.349199772 0.935171604 0.059275568 -1.182257652 0.870181978 0.300164700 0.390748620 0.056041598
0.310044944 0.180815831 -0.933369100 1.373193502 -0.363355041 0.929754138 0.059416875 -1.160935879 0.878547251 0.320722401 0.353965938 0.065745771
0.274447918 0.177632391 -0.945053041 1.363025904 -0.376185775 0.924297571 0.064485013 -1.140935898 0.884964883 0.337817669 0.320494294 0.068880796
0.240643859 0.187510252 -0.952329040 1.348833323 -0.391244411 0.916659951 0.081623659 -1.116698623 0.888267159 0.352951169 0.293950915 0.076302290
0.207413077 0.202027142 -0.957165003 1.337504625 -0.401807964 0.909691453 0.104937136 -1.091915727 0.891924977 0.362831175 0.269858003 0.082203984
0.175171316 0.218288839 -0.960033894 1.334363580 -0.412281513 0.901760876 0.129812509 -1.067000508 0.894057631 0.373064786 0.247959077 0.082207143
0.142826855 0.229552656 -0.962759614 1.328196764 -0.419459254 0.895094991 0.151191786 -1.042363644 0.896467805 0.382244170 0.224131584 0.084009349
0.110102952 0.242777780 -0.963813484 1.323585153 -0.423155427 0.888885140 0.175563931 -1.017383218 0.899342477 0.388512731 0.200601637 0.083734155
0.078406870 0.254095763 -0.963995814 1.325420260 -0.428292006 0.881773770 0.197587907 -0.993032098 0.900232553 0.397379398 0.177964270 0.077228546
0.044572651 0.263070464 -0.963746488 1.323442698 -0.423892736 0.878535330 0.220205903 -0.967754424 0.904614985 0.398709953 0.150672317 0.072252154
0.009257674 0.270086408 -0.962791681 1.322167158 -0.410128593 0.879148185 0.242678791 -0.942957103 0.911980867 0.392621726 0.118909001 0.065093160
-0.026964068 0.275697052 -0.960866332 1.325092793 -0.392599404 0.881060123 0.263815820 -0.917722464 0.919314265 0.384349108 0.084481478 0.054049611
-0.065154195 0.282559544 -0.957034707 1.325657368 -0.377335936 0.880883634 0.285765052 -0.893525124 0.923781872 0.379742265 0.049226582 0.044765711
-0.105760217 0.285700440 -0.952465296 1.326653719 -0.365049362 0.879804254 0.304439604 -0.869542718 0.924961567 0.379894435 0.011246443 0.035155177
-0.148984790 0.293108255 -0.944399893 1.333437920 -0.354527980 0.875731826 0.327725053 -0.847942352 0.923099935 0.383642197 -0.026555657 0.022301078
-0.194309711 0.303833455 -0.932699740 1.334792018 -0.348095983 0.867585182 0.355140924 -0.823645592 0.917100251 0.393676400 -0.062817097 0.013240933
-0.240535617 0.316984177 -0.917422235 1.335621357 -0.341907799 0.856922388 0.385724097 -0.799556732 0.908428133 0.406454235 -0.097741008 0.004817247
-0.287339807 0.327568173 -0.900074959 1.340762258 -0.341459274 0.842931390 0.415779054 -0.772570670 0.894897461 0.426808774 -0.130356550 -0.004819512
-0.334835649 0.333149165 -0.881417572 1.339727640 -0.341517419 0.828904986 0.443037659 -0.749470770 0.878209054 0.449364156 -0.163770676 -0.012792349
-0.382118344 0.329384118 -0.863418639 1.336762905 -0.342970163 0.817042828 0.463478655 -0.727553844 0.858112514 0.473230511 -0.199238181 -0.020939708
-0.428420663 0.313775063 -0.847349584 1.339691877 -0.350273788 0.806770027 0.475847095 -0.709021807 0.832925260 0.500666916 -0.235729814 -0.030952811
-0.473600388 0.286695093 -0.832771540 1.333492517 -0.360296041 0.799732983 0.480222821 -0.688899398 0.803672314 0.527478099 -0.275458694 -0.040480971
-0.517735958 0.257045031 -0.816013277 1.326453328 -0.370335817 0.792475104 0.484597385 -0.668875933 0.771233618 0.553092301 -0.315099835 -0.050853491
-0.559896827 0.234229803 -0.794765472 1.324881077 -0.371627867 0.786323488 0.493546456 -0.647449851 0.740546107 0.571692050 -0.353213668 -0.063118935
-0.600825667 0.212736845 -0.770552814 1.318189621 -0.372466385 0.778403342 0.505328655 -0.626456916 0.707302868 0.590619445 -0.388447404 -0.076310158
-0.639635324 0.192767575 -0.744115353 1.311822414 -0.370281756 0.771056533 0.518037915 -0.605289221 0.673615932 0.606887579 -0.421816707 -0.090933919
-0.676102519 0.174285918 -0.715898097 1.312878132 -0.364090472 0.765680134 0.530256629 -0.587478518 0.640565217 0.619159460 -0.454222441 -0.108393431
-0.710680842 0.153723568 -0.686514378 1.307936430 -0.353999525 0.765155137 0.537793636 -0.566102326 0.607961535 0.625225306 -0.489363074 -0.126619220
-0.742747784 0.131959856 -0.656439483 1.303777933 -0.345863163 0.763854623 0.544889748 -0.545151234 0.573327959 0.631753743 -0.521711349 -0.146559477
-0.773535013 0.117424443 -0.622780085 1.306132317 -0.329711199 0.764661491 0.553699672 -0.526290834 0.541233778 0.633643687 -0.552776217 -0.168076277
-0.803159475 0.108220257 -0.585852385 1.305652261 -0.306724817 0.767909944 0.562346995 -0.509897828 0.510739207 0.631349862 -0.583560228 -0.192559481
-0.831112981 0.101788506 -0.546708643 1.306577206 -0.280098259 0.772672713 0.569668233 -0.496635497 0.480412543 0.626590788 -0.613667488 -0.219010830
-0.857244134 0.095996819 -0.505882621 1.313747644 -0.255236030 0.774051428 0.579395413 -0.491090894 0.447199285 0.625802755 -0.639049172 -0.246305466
