1.000000000 0.000000000 0.000000000 0.000000000 0.000000000 1.000000000 0.000000000 0.000000954 0.000000000 0.000000000 1.000000000 0.000000238
1.000000000 -0.000062037 -0.000065153 0.000021952 0.000062045 1.000000000 0.000119106 -0.000036510 0.000065145 -0.000119110 1.000000000 -0.000033725
1.000000000 0.000013586 0.000081169 -0.000540572 -0.000013593 1.000000000 0.000089091 -0.000321447 -0.000081168 -0.000089092 1.000000000 0.000319783
1.000000000 -0.000008737 0.000067699 -0.000088455 0.000008735 1.000000000 0.000027240 0.000034331 -0.000067699 -0.000027239 1.000000000 -0.000022168
1.000000000 0.000122719 0.000060537 0.000037740 -0.000122723 1.000000000 0.000064342 -0.000033753 -0.000060529 -0.000064349 1.000000000 0.000172932
1.000000000 -0.000001709 0.000137609 -0.000127363 0.000001697 1.000000000 0.000081464 -0.000056900 -0.000137609 -0.000081464 1.000000000 0.000321829
1.000000000 -0.000210595 -0.000070568 0.000048196 0.000210609 0.999999940 0.000203422 0.000664426 0.000070525 -0.000203436 1.000000000 0.000890839
0.999999940 -0.000030457 0.000391701 -0.003338384 0.000030425 1.000000000 0.000082021 0.000546556 -0.000391704 -0.000082010 0.999999940 0.004386939
0.999999762 -0.000574788 0.000429474 -0.003662435 0.000574857 0.999999821 -0.000160442 0.000703696 -0.000429381 0.000160689 0.999999881 0.006249649
0.999999940 -0.000252840 -0.000128054 0.000060449 0.000252868 0.999999940 0.000224675 0.000851878 0.000127997 -0.000224707 0.999999940 0.001031930
0.999999106 -0.001319277 -0.000028324 -0.002936997 0.001319275 0.999999106 -0.000055462 0.000518045 0.000028397 0.000055425 1.000000000 0.007281483
1.000000000 -0.000010243 0.000029411 0.000586406 0.000010236 1.000000000 0.000231571 -0.000096843 -0.000029413 -0.000231571 1.000000000 -0.001714035
0.999999881 -0.000485477 -0.000058629 0.000036044 0.000485498 0.999999821 0.000360356 -0.000108165 0.000058454 -0.000360384 0.999999940 0.000165742
0.999999285 -0.001129574 -0.000347397 0.000028112 0.001129725 0.999999285 0.000435579 -0.000058611 0.000346905 -0.000435971 0.999999821 0.000342706
1.000000000 -0.000158522 0.000061381 0.000164593 0.000158505 0.999999940 0.000270558 0.000787660 -0.000061424 -0.000270548 0.999999940 0.000682446
1.000000000 -0.000192042 -0.000060953 0.000008092 0.000192065 0.999999940 0.000371933 0.000936242 0.000060881 -0.000371945 0.999999940 0.001203189
0.999999642 -0.000863823 0.000052827 -0.000738281 0.000863803 0.999999583 0.000364880 0.000830058 -0.000053142 -0.000364834 0.999999940 0.003293747
0.999999702 -0.000763402 0.000012430 -0.000998328 0.000763398 0.999999642 0.000314527 0.000634273 -0.000012670 -0.000314518 0.999999940 0.004560685
1.000000000 -0.000186567 -0.000082129 -0.000105644 0.000186595 0.999999940 0.000333937 0.000884913 0.000082067 -0.000333952 0.999999940 0.001195365
0.999999464 -0.001026350 -0.000166402 -0.000609549 0.001026411 0.999999404 0.000368577 0.000769149 0.000166024 -0.000368748 0.999999940 0.002144394
0.999999523 -0.000966966 -0.000179698 -0.000668510 0.000967032 0.999999464 0.000365463 0.000821426 0.000179344 -0.000365636 0.999999940 0.001846181
0.999999762 -0.000707731 -0.000040746 -0.000386799 0.000707746 0.999999702 0.000368438 -0.000227187 0.000040486 -0.000368467 0.999999940 0.000167199
0.999999702 -0.000741632 0.000282040 -0.000316502 0.000741500 0.999999642 0.000468605 -0.000437444 -0.000282388 -0.000468396 0.999999821 0.000045314
1.000000000 0.000094161 0.000013789 -0.000167240 -0.000094162 1.000000000 0.000012702 0.000060839 -0.000013788 -0.000012703 1.000000000 -0.000013906
0.999999940 -0.000257757 -0.000084885 -0.000339777 0.000257771 0.999999940 0.000168878 0.000678640 0.000084841 -0.000168899 1.000000000 0.001113748
1.000000000 -0.000015868 -0.000018487 -0.000466156 0.000015871 1.000000000 0.000166949 0.000750378 0.000018485 -0.000166950 1.000000000 0.002114827
1.000000000 0.000202417 0.000067977 0.000000016 -0.000202416 1.000000000 -0.000017565 0.000126354 -0.000067981 0.000017551 1.000000000 0.000143066
0.999999821 -0.000607393 -0.000097461 -0.000226642 0.000607409 0.999999821 0.000161684 0.000164683 0.000097363 -0.000161743 1.000000000 0.000451278
0.999999821 -0.000595443 -0.000081266 -0.000175706 0.000595456 0.999999821 0.000159148 0.000117704 0.000081172 -0.000159197 1.000000000 0.000384160
0.999999940 0.000244238 0.000039982 0.000095595 -0.000244244 0.999999940 0.000139596 -0.000042137 -0.000039948 -0.000139606 1.000000000 -0.000522009
0.999999583 -0.000893307 -0.000125400 -0.000024214 0.000893372 0.999999464 0.000518278 -0.000106456 0.000124937 -0.000518390 0.999999881 -0.000076868
0.999999523 -0.000936227 -0.000149581 -0.000056069 0.000936307 0.999999404 0.000535717 -0.000108430 0.000149080 -0.000535857 0.999999821 -0.000091027
1.000000000 -0.000051602 -0.000052382 0.000166864 0.000051618 0.999999940 0.000301754 0.000717967 0.000052366 -0.000301757 0.999999940 0.000877066
0.999999940 -0.000294161 -0.000040317 -0.000002101 0.000294174 0.999999881 0.000307909 0.000676788 0.000040226 -0.000307921 0.999999940 0.000604481
0.999999940 -0.000334747 -0.000010881 -0.000116238 0.000334749 0.999999940 0.000234666 0.000659616 0.000010802 -0.000234670 1.000000000 0.000615808
1.000000000 -0.000078358 -0.000033977 -0.000380758 0.000078370 0.999999940 0.000345418 0.000697400 0.000033950 -0.000345420 0.999999940 0.001011049
0.999999881 -0.000419337 -0.000110467 -0.000020169 0.000419382 0.999999821 0.000409502 -0.000204223 0.000110295 -0.000409549 0.999999881 -0.000094794
0.999999940 -0.000404457 -0.000069344 -0.000087933 0.000404484 0.999999821 0.000378738 -0.000220020 0.000069191 -0.000378766 0.999999940 -0.000106327
0.999999821 -0.000640855 -0.000062263 -0.000426732 0.000640870 0.999999762 0.000234914 -0.000008190 0.000062113 -0.000234954 1.000000000 0.000282148
0.999999821 -0.000552370 -0.000024110 -0.000058545 0.000552380 0.999999762 0.000422660 0.000329435 0.000023877 -0.000422673 0.999999881 -0.000840253
0.999999881 -0.000520582 -0.000009592 -0.000045651 0.000520586 0.999999762 0.000435945 0.000294772 0.000009365 -0.000435950 0.999999881 -0.000998190
1.000000000 -0.000111618 -0.000024453 0.000273805 0.000111627 0.999999940 0.000331825 0.000589047 0.000024416 -0.000331828 0.999999940 -0.000152472
1.000000000 0.000079646 0.000073304 -0.000368343 -0.000079655 1.000000000 0.000119796 0.000062181 -0.000073294 -0.000119802 1.000000000 0.000112657
1.000000000 -0.000027146 0.000041922 -0.000434797 0.000027142 1.000000000 0.000103219 -0.000047784 -0.000041925 -0.000103218 1.000000000 0.000183303
1.000000000 0.000056252 0.000053793 -0.000496616 -0.000056255 1.000000000 0.000055961 -0.000151456 -0.000053790 -0.000055964 1.000000000 0.000270018
0.999999881 -0.000398435 -0.000209224 -0.000001638 0.000398509 0.999999881 0.000353372 -0.000206197 0.000209083 -0.000353455 0.999999940 0.000101117
0.999999940 -0.000378609 -0.000134004 -0.000042183 0.000378656 0.999999881 0.000354758 -0.000202869 0.000133870 -0.000354809 0.999999940 0.000200606
0.999999940 -0.000285743 0.000020388 -0.000528201 0.000285740 0.999999940 0.000177722 0.000807580 -0.000020439 -0.000177716 1.000000000 0.002068819
1.000000000 -0.000231891 -0.000038428 0.000113298 0.000231900 0.999999940 0.000232009 0.000683521 0.000038374 -0.000232018 1.000000000 0.000808338
1.000000000 -0.000209429 -0.000046868 0.000089652 0.000209443 0.999999940 0.000296737 0.000743511 0.000046806 -0.000296747 0.999999940 0.000816589
1.000000000 -0.000109098 0.000126296 -0.000360786 0.000109080 1.000000000 0.000144914 0.000211079 -0.000126312 -0.000144900 1.000000000 0.000146013
1.000000000 -0.000105330 0.000197419 -0.000271566 0.000105290 1.000000000 0.000204417 -0.000121792 -0.000197441 -0.000204396 0.999999940 -0.000101443
0.999999940 -0.000190443 0.000169419 -0.000273308 0.000190408 0.999999940 0.000207804 -0.000062905 -0.000169458 -0.000207772 0.999999940 -0.000112840
1.000000000 0.000012398 0.000084036 -0.000218889 -0.000012398 1.000000000 0.000000413 0.000259492 -0.000084036 -0.000000414 1.000000000 0.000069786
0.999999940 -0.000401119 0.000057631 0.000097538 0.000401108 0.999999881 0.000182788 0.001133877 -0.000057704 -0.000182764 1.000000000 0.000044416
0.999999881 -0.000427784 -0.000032660 0.000294582 0.000427790 0.999999881 0.000181926 0.001171860 0.000032582 -0.000181940 1.000000000 -0.000170668
0.999999940 -0.000268956 -0.000177758 0.001289969 0.000268988 0.999999940 0.000181357 0.000699550 0.000177709 -0.000181405 0.999999940 -0.002677022
0.999999940 0.000000948 -0.000260466 0.000137609 -0.000000900 1.000000000 0.000183812 0.000937363 0.000260466 -0.000183811 0.999999940 0.000757617
1.000000000 -0.000162557 -0.000053581 0.000264325 0.000162568 0.999999940 0.000195591 0.000833908 0.000053549 -0.000195600 1.000000000 0.000597293
0.999999881 -0.000453457 -0.000207676 0.000848460 0.000453492 0.999999881 0.000170882 0.000800079 0.000207599 -0.000170976 0.999999940 -0.000443167
0.999999940 0.000153102 0.000251204 -0.000122340 -0.000153102 1.000000000 -0.000000761 0.000102747 -0.000251204 0.000000723 0.999999940 -0.000188335
0.999999881 0.000432198 0.000172387 0.000021037 -0.000432185 0.999999881 -0.000077551 0.000053993 -0.000172420 0.000077476 1.000000000 -0.000248877
0.999999762 0.000675223 -0.000255287 0.000950158 -0.000675214 0.999999762 0.000034479 0.000941155 0.000255310 -0.000034307 0.999999940 -0.000037868
0.999999940 -0.000242602 0.000110142 -0.000446104 0.000242602 1.000000000 -0.000006187 0.000116329 -0.000110140 0.000006214 1.000000000 0.000050207
0.999999940 -0.000310016 0.000143359 -0.000544542 0.000310007 0.999999940 0.000063918 0.000088131 -0.000143379 -0.000063873 1.000000000 -0.000018948
0.999999940 -0.000094961 -0.000324888 -0.000186104 0.000095061 0.999999940 0.000307890 0.000718851 0.000324859 -0.000307921 0.999999881 0.000273396
0.999999046 -0.001385260 0.000098351 -0.000276089 0.001385230 0.999998987 0.000296936 0.000576574 -0.000098762 -0.000296799 0.999999940 0.000846734
0.999994457 -0.003316430 -0.000206243 -0.000475490 0.003316433 0.999994516 0.000012380 0.000496518 0.000206200 -0.000013064 1.000000000 0.000797341
0.999999821 -0.000562198 0.000137822 0.000192371 0.000562203 0.999999821 -0.000033888 0.001030874 -0.000137803 0.000033965 1.000000000 0.000189081
0.999999404 -0.001100763 -0.000132605 -0.000481440 0.001100802 0.999999344 0.000289223 0.000464291 0.000132287 -0.000289369 0.999999940 0.000288348
0.999997914 -0.002018147 -0.000250684 -0.000569660 0.002018163 0.999997973 0.000061038 0.000477817 0.000250560 -0.000061544 0.999999940 0.000199335
0.999999762 -0.000663628 0.000050792 -0.000147835 0.000663627 0.999999762 0.000009378 0.000978332 -0.000050798 -0.000009344 1.000000000 0.000505725
0.999999762 -0.000650221 -0.000044092 -0.000597879 0.000650218 0.999999762 -0.000063683 -0.000096275 0.000044134 0.000063654 1.000000000 -0.000276017
0.999999344 -0.001079045 -0.000310761 -0.000464561 0.001078976 0.999999404 -0.000223302 -0.000170226 0.000311001 0.000222966 0.999999940 -0.000249706
0.999997556 -0.001265882 -0.001821874 -0.000129797 0.001265742 0.999999225 -0.000077946 0.000085343 0.001821971 0.000075640 0.999998331 0.000338608
0.999992490 0.000331872 -0.003853870 -0.001126416 -0.000339215 0.999998152 -0.001904863 -0.001059806 0.003853230 0.001906156 0.999990761 -0.000302419
0.999973655 0.001505402 -0.007097599 -0.001820028 -0.001498839 0.999998450 0.000930013 -0.001004375 0.007098988 -0.000919350 0.999974370 0.000083549
0.999962330 0.005206554 -0.006945651 -0.001846091 -0.005169162 0.999972105 0.005390648 -0.001421180 0.006973523 -0.005354542 0.999961376 0.000784666
0.999940336 0.005475676 -0.009451659 -0.002650192 -0.005374042 0.999927819 0.010745203 -0.005755780 0.009509815 -0.010693768 0.999897599 -0.001922708
0.999895811 0.002741899 -0.014170584 -0.003813909 -0.002601125 0.999947190 0.009943117 -0.011987983 0.014197099 -0.009905222 0.999850154 -0.004221603
0.999824703 0.000900703 -0.018700762 -0.004237396 -0.000839026 0.999994159 0.003305705 -0.020648336 0.018703630 -0.003289435 0.999819636 -0.005872787
0.999691069 -0.001632068 -0.024800146 -0.005265234 0.001457296 0.999974012 -0.007063658 -0.034883760 0.024811028 0.007025335 0.999667466 -0.012086060
0.999500632 -0.004175738 -0.031322006 -0.005385226 0.003617402 0.999833941 -0.017861206 -0.050591428 0.031391386 0.017738983 0.999349773 -0.016688777
0.999271929 -0.006138273 -0.037655007 -0.005103765 0.005228657 0.999693274 -0.024207681 -0.068494372 0.037792053 0.023993172 0.998997569 -0.022397857
0.998880744 -0.010786779 -0.046053231 -0.006633394 0.009678345 0.999659717 -0.024224056 -0.090837374 0.046298862 0.023751223 0.998645246 -0.029899465
0.998345077 -0.015974222 -0.055244312 -0.006545637 0.014894903 0.999691129 -0.019894073 -0.111894794 0.055545039 0.019038292 0.998274684 -0.037133940
0.997791290 -0.022132087 -0.062631689 -0.006226165 0.021379657 0.999691308 -0.012658414 -0.133311167 0.062892504 0.011291412 0.997956455 -0.044603456
0.996977985 -0.030293679 -0.071534343 -0.006643518 0.029823469 0.999526024 -0.007632411 -0.155605853 0.071731649 0.005475944 0.997408926 -0.052192092
0.996367812 -0.033510704 -0.078282915 -0.006322333 0.032929432 0.999419749 -0.008704727 -0.177974492 0.078529201 0.006095297 0.996893167 -0.058879495
0.996088803 -0.029790176 -0.083184451 -0.006095898 0.028565606 0.999465883 -0.015872989 -0.200590611 0.083612874 0.013434693 0.996407747 -0.064502284
0.995789111 -0.023560777 -0.088593908 -0.007071535 0.021366946 0.999443114 -0.025630251 -0.223335430 0.089148439 0.023629345 0.995738029 -0.069691256
0.995064676 -0.022326183 -0.096684024 -0.007401916 0.018905111 0.999167323 -0.036156796 -0.247028306 0.097410753 0.034150526 0.994658172 -0.075862892
0.993871212 -0.028382011 -0.106838778 -0.007703601 0.023581821 0.998666406 -0.045927782 -0.271359026 0.107999817 0.043126848 0.993215024 -0.082670622
0.992434442 -0.040968213 -0.115738884 -0.009159610 0.034761470 0.997873008 -0.055146471 -0.300249487 0.117751956 0.050705999 0.991747618 -0.091184810
0.991168439 -0.053202078 -0.121468611 -0.007957158 0.045621723 0.996883512 -0.064357892 -0.324374735 0.124514021 0.058247901 0.990506649 -0.098882556
0.990560830 -0.059668172 -0.123405598 -0.005547502 0.050931703 0.996046782 -0.072779030 -0.346371680 0.127260342 0.065806806 0.989683926 -0.105940282
0.990198255 -0.064094283 -0.124094054 -0.003738716 0.054629654 0.995437562 -0.078228295 -0.366440445 0.128541872 0.070682302 0.989181995 -0.112414688
0.990335643 -0.063863806 -0.123112544 -0.000731283 0.054054767 0.995211780 -0.081434853 -0.380506784 0.127723798 0.073993020 0.989045858 -0.117472224
0.990244150 -0.063455090 -0.124056235 0.001863330 0.053343561 0.995104253 -0.083198383 -0.389952183 0.128728256 0.075769112 0.988781095 -0.121390842
0.990499794 -0.062699221 -0.122388586 0.003895773 0.052502688 0.995011032 -0.084832370 -0.396331787 0.127096921 0.077600718 0.988850117 -0.123678118
0.991364539 -0.059387095 -0.116916612 0.007647369 0.049140312 0.994849503 -0.088655166 -0.394607335 0.121579409 0.082144268 0.989176810 -0.124148019
0.992861211 -0.052675709 -0.107013658 0.011769867 0.042666063 0.994679868 -0.093763664 -0.386600137 0.111383393 0.088528454 0.989826500 -0.121302053
0.993600368 -0.050018393 -0.101274140 0.018390803 0.040166631 0.994465470 -0.097082891 -0.379075438 0.105569564 0.092393763 0.990110338 -0.121636964
0.993886650 -0.049031936 -0.098919980 0.020524450 0.039348572 0.994450331 -0.097571813 -0.361800730 0.103155144 0.093082957 0.990300238 -0.114634067
0.994265139 -0.044917297 -0.097052835 0.023359187 0.035754796 0.994914234 -0.094166353 -0.341185987 0.100788943 0.090156227 0.990814567 -0.106618688
0.994704127 -0.038593560 -0.095258780 0.026139837 0.030486604 0.995902538 -0.085139386 -0.320137054 0.098154299 0.081784375 0.991804957 -0.099173680
0.995237768 -0.030314598 -0.092643619 0.029034341 0.023762304 0.997191250 -0.071028188 -0.295714885 0.094536588 0.068488508 0.993162692 -0.091873370
0.995699644 -0.021423301 -0.090129048 0.032002538 0.016624095 0.998420537 -0.053665936 -0.270301849 0.091136396 0.051936843 0.994483173 -0.084770091
0.996217728 -0.013110563 -0.085897036 0.035873622 0.010101015 0.999322951 -0.035378136 -0.245886102 0.086302705 0.034376681 0.995675683 -0.077436395
0.996506929 -0.006643254 -0.083245754 0.038959295 0.004932053 0.999772608 -0.020744827 -0.220875725 0.083364636 0.020261791 0.996313095 -0.070861086
0.996661246 -0.001158685 -0.081639640 0.041738771 0.000299884 0.999944508 -0.010530894 -0.196682140 0.081647314 0.010471252 0.996606290 -0.064544760
0.996713042 0.002891829 -0.080961436 0.045365781 -0.003235257 0.999986291 -0.004111008 -0.173868984 0.080948442 0.004359426 0.996708751 -0.058517214
0.996698797 0.005957048 -0.080969252 0.047275200 -0.006097193 0.999980330 -0.001483708 -0.151798204 0.080958821 0.001972496 0.996715486 -0.053331405
0.996828735 0.011719658 -0.078709088 0.049638785 -0.011908454 0.999927223 -0.001929685 -0.130771339 0.078680746 0.002860869 0.996895730 -0.048851475
0.997063994 0.021129647 -0.073599800 0.052455433 -0.021403538 0.999766588 -0.002934524 -0.111912020 0.073520616 0.004501204 0.997283518 -0.045477357
0.997029901 0.032147184 -0.069985464 0.053820286 -0.032340080 0.999475598 -0.001624584 -0.096102789 0.069896534 0.003883094 0.997546673 -0.043028783
0.996768951 0.044124328 -0.067116857 0.054495405 -0.044034488 0.999026060 0.002818075 -0.084932171 0.067175835 0.000146487 0.997741163 -0.041841097
0.996241748 0.054320656 -0.067466252 0.056768239 -0.053732701 0.998500168 0.010500408 -0.080713041 0.067935444 -0.006835801 0.997666299 -0.045650698
0.995716810 0.061613996 -0.068932913 0.056794856 -0.060395267 0.997981548 0.019628467 -0.082843803 0.070003159 -0.015381174 0.997428179 -0.048518557
0.995321155 0.062886000 -0.073356681 0.056489639 -0.060985737 0.997749627 0.027865073 -0.092251033 0.074943922 -0.023260986 0.996916413 -0.053604808
0.994979143 0.061721571 -0.078783862 0.055875648 -0.059334978 0.997715890 0.032284897 -0.108776890 0.080596589 -0.027448162 0.996368825 -0.057926472
0.994756341 0.058273412 -0.084048085 0.056125905 -0.055748343 0.997929156 0.032085471 -0.130538881 0.085743763 -0.027231682 0.995944977 -0.065952741
0.994460344 0.052079033 -0.091303855 0.055350624 -0.049635466 0.998351097 0.028834026 -0.156436086 0.092654958 -0.024142388 0.995405555 -0.075849421
0.994273961 0.043995056 -0.097384520 0.053543191 -0.041998100 0.998865128 0.022462640 -0.180563673 0.098262243 -0.018244054 0.994993329 -0.078655668
0.994020879 0.036781732 -0.102808572 0.053722452 -0.035711240 0.999287248 0.012234383 -0.209784776 0.103185304 -0.008489811 0.994625926 -0.087225869
0.993798494 0.031680346 -0.106587321 0.053917576 -0.031980023 0.999487877 -0.001103078 -0.239651129 0.106497794 0.004504901 0.994302750 -0.095733553
0.993547738 0.027503306 -0.110029548 0.053652879 -0.029497007 0.999428153 -0.016532885 -0.270333350 0.109511912 0.019671751 0.993790805 -0.102826625
0.993666351 0.023649411 -0.109853737 0.053271662 -0.027327983 0.999110937 -0.032101888 -0.299571395 0.108996876 0.034900647 0.993429244 -0.109885380
0.994198620 0.019200824 -0.105832107 0.052547760 -0.024101358 0.998686194 -0.045221999 -0.327870131 0.104824759 0.047510348 0.993355215 -0.116036594
0.995204151 0.017908020 -0.096166648 0.050802320 -0.023351001 0.998170257 -0.055775680 -0.353131711 0.094991855 0.057753772 0.993801296 -0.119946413
0.996250570 0.020337114 -0.084090330 0.049079675 -0.025750725 0.997630179 -0.063803472 -0.375402272 0.082593478 0.065729626 0.994413376 -0.123951733
0.997333825 0.023800235 -0.068984255 0.047552668 -0.028653346 0.997118652 -0.070237666 -0.393946409 0.067113817 0.072027028 0.995142102 -0.126852632
0.997980118 0.026276845 -0.057837728 0.051779225 -0.030527301 0.996800005 -0.073877059 -0.413101673 0.055711392 0.075493462 0.995588779 -0.134757563
0.997950733 0.023581022 -0.059483390 0.049689099 -0.028062655 0.996738017 -0.075668976 -0.425022811 0.057505008 0.077183172 0.995357215 -0.136757493
0.997716665 0.021377312 -0.064066470 0.047956385 -0.026323227 0.996654272 -0.077377953 -0.432903856 0.062197987 0.078887708 0.994941294 -0.137977079
0.997194588 0.019452153 -0.072281539 0.046756811 -0.025241995 0.996469438 -0.080071695 -0.435965329 0.070468783 0.081671588 0.994164944 -0.138559759
0.996950030 0.021497035 -0.075023390 0.045836728 -0.027817285 0.996056914 -0.084242702 -0.433222950 0.072916605 0.086072713 0.993616939 -0.137218967
0.996997595 0.027345009 -0.072443731 0.045219652 -0.033744864 0.995491445 -0.088645704 -0.424670666 0.069693096 0.090824150 0.993425310 -0.133196786
0.996826828 0.032370005 -0.072721943 0.045921419 -0.039003875 0.995019078 -0.091737598 -0.412765861 0.069390178 0.094282940 0.993124247 -0.126353189
0.996560752 0.037080821 -0.074105471 0.045139555 -0.043904301 0.994727671 -0.092678577 -0.395198792 0.070278168 0.095613390 0.992934585 -0.118849799
0.996191144 0.042106237 -0.076355979 0.044595022 -0.048956815 0.994720757 -0.090188049 -0.374452353 0.072155401 0.093582682 0.992993414 -0.110641487
0.995767057 0.045648407 -0.079776138 0.044981696 -0.052238304 0.995215118 -0.082571037 -0.351867229 0.075625181 0.086388893 0.993387043 -0.101853602
0.995254457 0.050146006 -0.083390616 0.044422083 -0.055986017 0.996028185 -0.069234371 -0.326670229 0.079587571 0.073574528 0.994108975 -0.093102038
0.994627059 0.052626688 -0.089148723 0.043370597 -0.057309922 0.997062504 -0.050812889 -0.300773978 0.086212732 0.055648979 0.994721353 -0.084947065
0.994100451 0.052001085 -0.095184736 0.038512066 -0.054951254 0.998078287 -0.028638130 -0.272903174 0.093512602 0.033699699 0.995047569 -0.072040401
0.993340671 0.048707776 -0.104412012 0.037184399 -0.049611598 0.998750091 -0.006075196 -0.248076484 0.103985600 0.011214785 0.994515598 -0.065548837
0.992823362 0.045917645 -0.110423423 0.036260046 -0.044725165 0.998911440 0.013253287 -0.224680066 0.110911779 -0.008219468 0.993796289 -0.059375457
0.992551565 0.043526132 -0.113784298 0.037381768 -0.040691402 0.998803675 0.027119253 -0.202400044 0.114828572 -0.022287212 0.993135273 -0.053316697
0.992640734 0.040852442 -0.113997608 0.037318695 -0.037126631 0.998710752 0.034618016 -0.182601392 0.115264863 -0.030130906 0.992877722 -0.047415897
0.992996991 0.038333736 -0.111747257 0.037356034 -0.034339294 0.998708189 0.037454158 -0.165035591 0.113038652 -0.033354543 0.993030608 -0.041645780
0.993670225 0.035560615 -0.106559530 0.037715327 -0.031909458 0.998850286 0.035775766 -0.149526328 0.107709229 -0.032149054 0.993662477 -0.035747651
0.994450212 0.031183744 -0.100480676 0.037478067 -0.028254161 0.999136925 0.030448386 -0.136472628 0.101343453 -0.027440408 0.994472980 -0.030617068
0.995249450 0.029780872 -0.092691325 0.037378475 -0.027721308 0.999341071 0.023428664 -0.125547320 0.093327977 -0.020747840 0.995419204 -0.026126320
0.995999992 0.030745639 -0.083896913 0.038175911 -0.029502431 0.999436378 0.016018316 -0.116320133 0.084342115 -0.013479079 0.996345699 -0.022675449
0.996621430 0.034349490 -0.074604467 0.040859677 -0.033598412 0.999371529 0.011299656 -0.109010510 0.074945718 -0.008754888 0.997149169 -0.020693671
0.996942282 0.037844710 -0.068365842 0.046234202 -0.037213810 0.999252379 0.010478914 -0.103998877 0.068711296 -0.007902719 0.997605264 -0.020492617
0.997129202 0.040338743 -0.064079404 0.054687031 -0.039656136 0.999142647 0.011889493 -0.100787118 0.064504072 -0.009314219 0.997873962 -0.020423030
0.997512043 0.039031364 -0.058704861 0.065801293 -0.038161799 0.999145687 0.015861740 -0.100404747 0.059273809 -0.013581995 0.998149335 -0.021633504
0.998081088 0.033217464 -0.052256938 0.079438262 -0.032182310 0.999271214 0.020527385 -0.102231495 0.052900720 -0.018806245 0.998422682 -0.023572473
0.998602927 0.026344519 -0.045805853 0.100598238 -0.025273465 0.999397039 0.023806538 -0.109955356 0.046405409 -0.022615608 0.998666644 -0.035424128
0.999061525 0.020176910 -0.038327228 0.118009225 -0.019277506 0.999533415 0.023692895 -0.115037508 0.038787391 -0.022931807 0.998984337 -0.039055720
0.999440491 0.014962832 -0.029913912 0.136872545 -0.014374062 0.999700606 0.019801224 -0.120783515 0.030201240 -0.019360160 0.999356329 -0.043240361
0.999691606 0.009399923 -0.022984561 0.151647523 -0.009105868 0.999875784 0.012864977 -0.123430401 0.023102634 -0.012651715 0.999653041 -0.041578688
0.999871492 0.003153799 -0.015716756 0.172831848 -0.003083267 0.999985099 0.004509924 -0.128871202 0.015730744 -0.004460886 0.999866307 -0.047072068
0.999958932 -0.004228676 -0.008014387 0.195203349 0.004191360 0.999980330 -0.004667173 -0.133754805 0.008033965 0.004633390 0.999956965 -0.052871656
0.999898911 -0.014190501 -0.000919504 0.218717620 0.014176987 0.999810576 -0.013332898 -0.137345359 0.001108530 0.013318514 0.999910712 -0.057702869
0.999712348 -0.022954980 0.006949383 0.243855327 0.023103343 0.999489248 -0.022080205 -0.140226662 -0.006438983 0.022234406 0.999732077 -0.063511685
0.999418557 -0.030982662 0.014234901 0.270801634 0.031416193 0.999015749 -0.031314548 -0.142148316 -0.013250682 0.031743545 0.999408185 -0.069304906
0.999083102 -0.036621369 0.022178402 0.304374784 0.037496433 0.998479068 -0.040416699 -0.145942703 -0.020664556 0.041211251 0.998936713 -0.077125810
0.998707414 -0.040086109 0.031250350 0.334727943 0.041559149 0.997982085 -0.048006233 -0.146345928 -0.029262906 0.049242917 0.998358071 -0.083671279
0.998315871 -0.041995309 0.040022019 0.366245061 0.044106461 0.997597873 -0.053414308 -0.145987421 -0.037682731 0.055089578 0.997770071 -0.090792716
0.997906148 -0.038997717 0.051599681 0.399948955 0.041952908 0.997464478 -0.057485402 -0.144732147 -0.049227051 0.059529789 0.997011960 -0.096828438
0.997465253 -0.035508920 0.061661921 0.433318436 0.039214421 0.997430086 -0.059961714 -0.142698750 -0.059374280 0.062227763 0.996294320 -0.103683002
0.997065187 -0.034653436 0.068265721 0.465929538 0.038714636 0.997501373 -0.059094992 -0.140336901 -0.066047311 0.061564442 0.995915473 -0.111104064
0.996594489 -0.036661156 0.073860675 0.497007251 0.040756211 0.997669578 -0.054720540 -0.138211444 -0.071682438 0.057544466 0.995766163 -0.118570335
0.995791078 -0.040101469 0.082413428 0.527581513 0.044065684 0.997929096 -0.046858836 -0.135853902 -0.080363654 0.050293218 0.995495975 -0.125905663
0.994467914 -0.045964129 0.094450489 0.556883097 0.049657166 0.998075962 -0.037128102 -0.134119242 -0.092562199 0.041612852 0.994836986 -0.132666633
0.992516756 -0.053295385 0.109864138 0.583837092 0.056619365 0.998020887 -0.027358891 -0.130711868 -0.108188607 0.033374596 0.993570030 -0.123005800
0.990272939 -0.061876494 0.124622837 0.610289931 0.064805813 0.997705638 -0.019586414 -0.130573586 -0.123124972 0.027472179 0.992010832 -0.129047528
0.987762332 -0.069497645 0.139626771 0.634653151 0.072358921 0.997257948 -0.015515184 -0.131279722 -0.138165653 0.025428558 0.990082622 -0.134443745
0.984894276 -0.076022573 0.155575886 0.656594932 0.079398058 0.996721089 -0.015589798 -0.131794199 -0.153880581 0.027706726 0.987700939 -0.131051973
0.981543124 -0.078369938 0.174445674 0.675121844 0.082955830 0.996369362 -0.019142456 -0.133845314 -0.172312126 0.033260431 0.984480739 -0.134212956
0.978130996 -0.077305675 0.193089679 0.689324498 0.083618522 0.996190488 -0.024748594 -0.136162236 -0.190440878 0.040353239 0.980868936 -0.136137083
0.974861741 -0.073725916 0.210259423 0.698159814 0.082021885 0.996148288 -0.031000078 -0.138560385 -0.207164064 0.047466666 0.977154016 -0.130590171
0.972131014 -0.070322424 0.223642796 0.702419043 0.080430627 0.996095240 -0.036403019 -0.140751034 -0.220209569 0.053376231 0.973991156 -0.130297765
0.970229149 -0.067916892 0.232470900 0.701645732 0.079278283 0.996054769 -0.039872315 -0.143413663 -0.228845745 0.057115171 0.971785724 -0.128582507
0.969115376 -0.066616736 0.237439662 0.694822550 0.078576781 0.996053994 -0.041257218 -0.145474285 -0.233754307 0.058640242 0.970525742 -0.122156322
0.968775213 -0.066140540 0.238956109 0.683465660 0.078166418 0.996088862 -0.041195180 -0.147665322 -0.235296831 0.058587212 0.970156133 -0.118476443
0.969221592 -0.065169796 0.237407744 0.667440534 0.077032164 0.996184111 -0.041026976 -0.149736881 -0.233828098 0.058052260 0.970543325 -0.114112273
0.970586240 -0.062331639 0.232544854 0.646814764 0.073983379 0.996386588 -0.041715994 -0.151664659 -0.229104355 0.057693422 0.971690595 -0.099439055
0.972503185 -0.058389015 0.225451276 0.623590827 0.069677241 0.996666610 -0.042434700 -0.153824508 -0.222222045 0.056976706 0.973329842 -0.092811562
0.974650621 -0.057119727 0.216318160 0.598160148 0.067589998 0.996857524 -0.041311383 -0.156737864 -0.213278681 0.054885112 0.975448549 -0.085822582
0.977147996 -0.060637619 0.203727409 0.571650326 0.069749944 0.996846437 -0.037842829 -0.160832793 -0.200790241 0.051188018 0.978295982 -0.076367661
0.979787588 -0.065958761 0.188853666 0.542674005 0.073723711 0.996685803 -0.034383345 -0.165916100 -0.185959890 0.047611367 0.981403112 -0.070416369
0.981807947 -0.069975108 0.176512390 0.513014853 0.076948747 0.996489823 -0.032968815 -0.171423644 -0.173585802 0.045951452 0.983746111 -0.064717025
0.983324707 -0.069687955 0.167976439 0.484120488 0.076533966 0.996465623 -0.034624413 -0.178276226 -0.164969832 0.046902940 0.985182762 -0.056997973
0.984754980 -0.066652164 0.160670698 0.454426557 0.073722318 0.996537507 -0.038445346 -0.183311775 -0.157551914 0.049704261 0.986259043 -0.050511640
0.986468911 -0.064914711 0.150549635 0.424415469 0.072071381 0.996490479 -0.042572606 -0.187365562 -0.147257701 0.052846875 0.987685382 -0.044033643
0.988309860 -0.063422181 0.138640702 0.395639241 0.070254080 0.996515989 -0.044947684 -0.190225750 -0.135306984 0.054162316 0.989322245 -0.036934610
0.990078151 -0.061505057 0.126342520 0.367604852 0.067681991 0.996683002 -0.045189939 -0.192361191 -0.123144031 0.053292684 0.990956843 -0.029329382
0.991964281 -0.060330264 0.111207783 0.341135353 0.065615825 0.996852458 -0.044494901 -0.194581762 -0.108173355 0.051434342 0.992800593 -0.020014830
0.993722677 -0.058722410 0.095220491 0.317911744 0.063153654 0.997024179 -0.044208508 -0.196788877 -0.092341110 0.049944516 0.994474053 -0.008671068
0.994978786 -0.056142516 0.082857065 0.297204375 0.060003795 0.997189164 -0.044869911 -0.199857458 -0.080105059 0.049616348 0.995550811 0.004885616
0.995691061 -0.053643037 0.075641893 0.279830337 0.057360645 0.997205615 -0.047861643 -0.203290731 -0.072863080 0.051994279 0.995985746 0.019839190
0.995988965 -0.049301662 0.074668467 0.262349844 0.053183734 0.997285306 -0.050926287 -0.205555081 -0.071955010 0.054693166 0.995907187 0.038649447
0.996068537 -0.046249948 0.075553708 0.250396997 0.050207913 0.997417629 -0.051354382 -0.209943339 -0.072983466 0.054945882 0.995818436 0.055912714
0.995759010 -0.047161169 0.078992173 0.240401298 0.051094905 0.997513473 -0.048540365 -0.214937419 -0.076506540 0.052370604 0.995692730 0.073266432
0.995141804 -0.051968303 0.083618753 0.231528059 0.055782910 0.997475266 -0.043947231 -0.220074311 -0.081123777 0.048398223 0.995528281 0.090889633
0.994367599 -0.059968192 0.087389469 0.224587873 0.063617319 0.997188926 -0.039585754 -0.225836337 -0.084769920 0.044922277 0.995387375 0.107972234
0.993673265 -0.065827027 0.090995558 0.219162196 0.069503114 0.996864021 -0.037834756 -0.232195750 -0.088219650 0.043919861 0.995132327 0.124087237
0.992923796 -0.067095086 0.097982779 0.214055300 0.071114004 0.996739805 -0.038113236 -0.239498794 -0.095106125 0.044811487 0.994458020 0.140415147
0.992023289 -0.068284661 0.105957299 0.211479455 0.072811469 0.996564984 -0.039455276 -0.245856375 -0.102899149 0.046855461 0.993587613 0.152041480
0.991250157 -0.074635945 0.108869888 0.209356144 0.079423524 0.996025324 -0.040316861 -0.251862049 -0.105428077 0.048610922 0.993238091 0.159298792
0.990377665 -0.084835798 0.109338559 0.202662945 0.089819923 0.995093584 -0.041486669 -0.252387464 -0.105282538 0.050908249 0.993138433 0.177008823
0.989550412 -0.094558313 0.108851895 0.200717241 0.099585727 0.994154692 -0.041703593 -0.257916689 -0.104272202 0.052107904 0.993182778 0.175762489
0.988935173 -0.103405386 0.106369950 0.198272631 0.108231634 0.993295014 -0.040631860 -0.263399750 -0.101455189 0.051694870 0.993496120 0.169652984
0.988535285 -0.107929207 0.105590217 0.193297952 0.112523891 0.992900789 -0.038553201 -0.267563492 -0.100679599 0.049992621 0.993662119 0.159772128
0.988411605 -0.104184568 0.110399820 0.188774362 0.108868495 0.993357301 -0.037268009 -0.269671261 -0.105783723 0.048855197 0.993188262 0.147189289
0.988695204 -0.090216137 0.119761690 0.183062121 0.095219724 0.994778633 -0.036724620 -0.269002736 -0.115823224 0.047713131 0.992123187 0.133260712
0.988728344 -0.073565505 0.130401030 0.174716473 0.078833707 0.996248245 -0.035702284 -0.265461713 -0.127285346 0.045579854 0.990818322 0.117745370
0.988684475 -0.060777545 0.137146354 0.165700957 0.066015303 0.997240305 -0.033967290 -0.258786321 -0.134703428 0.042636689 0.989968240 0.102369532
0.988464892 -0.050723836 0.142703488 0.156010360 0.055608384 0.997988284 -0.030448724 -0.249843463 -0.140871927 0.038033005 0.989297032 0.086889930
0.988565862 -0.044249207 0.144151092 0.147389144 0.048167713 0.998555541 -0.023806065 -0.239186704 -0.142889470 0.030477293 0.989269316 0.070195459
0.988738835 -0.039964847 0.144216120 0.137579575 0.042301118 0.999018133 -0.013168799 -0.225490108 -0.143548220 0.019121004 0.989458561 0.055766672
0.989074588 -0.037842173 0.142476261 0.127926424 0.037892248 0.999279022 0.002362700 -0.210034624 -0.142462939 0.003061859 0.989795387 0.043425832
0.989584327 -0.039658818 0.138383836 0.120008320 0.036943678 0.999072194 0.022135101 -0.194273144 -0.139133304 -0.016792141 0.990131259 0.033298057
0.990200102 -0.041470021 0.133356795 0.111821592 0.036113329 0.998450398 0.042340081 -0.177885085 -0.134905979 -0.037109192 0.990163267 0.024906831
0.990626514 -0.039507084 0.130760461 0.104917020 0.032034330 0.997757614 0.058767255 -0.161687568 -0.132788956 -0.054027576 0.989670694 0.018671840
0.990753412 -0.036420800 0.130695090 0.100329928 0.027529284 0.997222483 0.069206178 -0.145919815 -0.132852629 -0.064968318 0.989004195 0.014296869
0.990932941 -0.033911068 0.130007282 0.094571754 0.024578774 0.997048974 0.072727278 -0.131511971 -0.132089898 -0.068872437 0.988842189 0.012039823
0.991147876 -0.033055753 0.128581494 0.088936113 0.024325404 0.997327983 0.068885125 -0.118437067 -0.130514979 -0.065147556 0.989303589 0.011435601
0.991117477 -0.032305282 0.129005864 0.085712545 0.024859712 0.997953475 0.058914166 -0.107637286 -0.130645081 -0.055183809 0.989892244 0.008989457
0.991180778 -0.034070291 0.128061846 0.080882981 0.028346246 0.998527288 0.046257798 -0.097000033 -0.129449263 -0.042219769 0.990686834 0.010985798
0.991047025 -0.033998650 0.129112110 0.076977506 0.029672587 0.998936713 0.035283852 -0.087645099 -0.130174443 -0.031136867 0.991002083 0.013623733
0.991058648 -0.033649791 0.129113942 0.074419051 0.030249555 0.999144316 0.028206971 -0.080583714 -0.129952610 -0.024049126 0.991228521 0.015673218
0.991041422 -0.034061972 0.129138246 0.072671764 0.030990658 0.999188721 0.025719041 -0.074899018 -0.129909530 -0.021486556 0.991293013 0.020329107
0.990882933 -0.033457100 0.130505428 0.071781226 0.030181505 0.999179780 0.026997512 -0.070723854 -0.131301656 -0.022812525 0.991079926 0.026646420
0.990816295 -0.034283128 0.130796567 0.072259426 0.030513963 0.999062359 0.030713715 -0.068921864 -0.131726876 -0.026440527 0.990933359 0.030401047
0.990395486 -0.037144843 0.133180454 0.072351359 0.032727916 0.998844147 0.035202827 -0.066503040 -0.134334132 -0.030506004 0.990466416 0.038402244
0.989671171 -0.040996317 0.137369186 0.072939903 0.036082130 0.998623192 0.038075708 -0.064695597 -0.138741016 -0.032725856 0.989787817 0.047199670
0.988645494 -0.044834536 0.143422380 0.073175743 0.039651621 0.998460174 0.038795203 -0.062609181 -0.144940898 -0.032667771 0.988900900 0.058038756
0.987784207 -0.048862536 0.147969127 0.074500814 0.043636311 0.998310626 0.038364302 -0.061071649 -0.149593711 -0.031438824 0.988247633 0.067253992
0.986907244 -0.053527392 0.152147591 0.076209202 0.048253745 0.998106360 0.038147569 -0.059209112 -0.153901428 -0.030306421 0.987621307 0.075785346
0.985895276 -0.054709427 0.158168674 0.078455351 0.049323179 0.998067915 0.037783936 -0.057300251 -0.159930229 -0.029449621 0.986688912 0.083401509
0.985117674 -0.056576472 0.162302971 0.080598406 0.051103767 0.997981489 0.037701394 -0.055995554 -0.164108366 -0.028846016 0.986020446 0.091279753
0.984718263 -0.060895100 0.163161770 0.082568482 0.055355839 0.997732341 0.038287792 -0.055069938 -0.165123299 -0.028670732 0.985856116 0.098100491
0.984495699 -0.065462843 0.162735566 0.082050778 0.060018927 0.997467875 0.038152102 -0.055215783 -0.164821044 -0.027793366 0.985931814 0.096443102
0.983878732 -0.067116961 0.165764943 0.084585041 0.061408892 0.997337520 0.039328963 -0.054052427 -0.167963251 -0.028515488 0.985380769 0.101023346
0.983404040 -0.068299875 0.168082342 0.086715065 0.061761603 0.997128069 0.043830395 -0.052527983 -0.170593247 -0.032721952 0.984798074 0.104745060
0.982973337 -0.070530109 0.169673100 0.088054016 0.062677167 0.996719241 0.051208660 -0.050664455 -0.172728196 -0.039702117 0.984169066 0.107296914
0.982700825 -0.072975032 0.170216873 0.089292027 0.063772015 0.996223152 0.058928363 -0.048551518 -0.173874304 -0.047053874 0.983643055 0.110256627
0.982486963 -0.074192472 0.170923576 0.090500042 0.063974030 0.995862246 0.064542472 -0.046282966 -0.175004885 -0.052477468 0.983168066 0.113005690
0.982516706 -0.074680910 0.170539394 0.091014996 0.064073712 0.995701313 0.066884197 -0.044467472 -0.174801275 -0.054787748 0.983078241 0.114155352
0.983033240 -0.075320825 0.167249650 0.091387101 0.064966604 0.995665967 0.066547573 -0.042892992 -0.171537191 -0.054552834 0.983666122 0.116039716
0.983204722 -0.075841077 0.166001648 0.091690190 0.066145651 0.995807588 0.063182473 -0.041692466 -0.170097530 -0.051141016 0.984099269 0.117692143
0.983265162 -0.075956739 0.165590450 0.092045963 0.067126788 0.996040225 0.058291581 -0.040491678 -0.169362381 -0.046200525 0.984470367 0.119046412
0.983573258 -0.076095633 0.163685948 0.091851145 0.068247981 0.996256828 0.053052247 -0.039297029 -0.167110294 -0.041009538 0.985084951 0.120137200
0.983511806 -0.071849249 0.165958479 0.091786295 0.065222956 0.996853471 0.045045197 -0.038458370 -0.168672755 -0.033478186 0.985103428 0.120751597
0.983529925 -0.070158422 0.166573375 0.090743825 0.064479083 0.997146130 0.039268538 -0.038779214 -0.168853015 -0.027881285 0.985246837 0.120169662
0.983980417 -0.067000203 0.165207461 0.090068333 0.061822455 0.997427106 0.036292136 -0.038819958 -0.167213991 -0.025497219 0.985590875 0.120397598
0.983949304 -0.063155830 0.166898400 0.089766137 0.057731435 0.997640312 0.037160307 -0.037763890 -0.168851465 -0.026928574 0.985273600 0.121077135
0.983810544 -0.061157744 0.168453380 0.088959120 0.056638125 0.997897387 0.031510040 -0.037626896 -0.170026287 -0.021459024 0.985205829 0.121678971
0.983695745 -0.061355390 0.169050947 0.088321514 0.058157690 0.998023510 0.023807313 -0.037183195 -0.170177534 -0.013587541 0.985319734 0.121800154
0.983785152 -0.061269205 0.168561235 0.088247858 0.057580609 0.997984052 0.026689086 -0.036724228 -0.169856653 -0.016550470 0.985329807 0.121573910
0.983745277 -0.059904810 0.169282854 0.088362209 0.056236368 0.998068750 0.026386928 -0.037099682 -0.170536637 -0.016438164 0.985214233 0.121826157
0.983669996 -0.061449371 0.169166535 0.088529974 0.058394715 0.998029113 0.022978146 -0.037217282 -0.170245111 -0.012724482 0.985319614 0.121455513
0.983751297 -0.061090082 0.168823659 0.088735975 0.057939269 0.998042762 0.023531545 -0.036934823 -0.169930786 -0.013367668 0.985365331 0.120849714
0.983873963 -0.058952894 0.168868527 0.088540897 0.055752534 0.998164833 0.023635194 -0.036978781 -0.169951990 -0.013839204 0.985355139 0.121642217
0.983950198 -0.058722209 0.168504328 0.088586308 0.055529561 0.998178065 0.023601187 -0.037060831 -0.169583231 -0.013865424 0.985418320 0.121681660
