0.999818981 0.013582950 -0.013321451 2.085789204 -0.013512464 0.999894321 0.005367047 3.781522989 0.013392943 -0.005186070 0.999896884 -0.387968898
0.999785483 0.014531738 -0.014760247 2.108968258 -0.014465396 0.999884844 0.004591435 3.787664175 0.014825269 -0.004376937 0.999880493 -0.390158325
0.999828517 0.013914187 -0.012220003 2.076498985 -0.013871232 0.999897361 0.003592874 3.785619259 0.012268741 -0.003422751 0.999918878 -0.381046981
0.999822080 0.013353919 -0.013323412 2.084583998 -0.013289309 0.999899566 0.004926182 3.781101465 0.013387858 -0.004748246 0.999899089 -0.384045303
0.999812961 0.014018456 -0.013323040 2.086193562 -0.013948802 0.999888659 0.005306697 3.782083750 0.013395947 -0.005119865 0.999897182 -0.388062775
0.999806345 0.014092188 -0.013735096 2.087543488 -0.014018647 0.999886930 0.005435865 3.781724453 0.013810146 -0.005242266 0.999890864 -0.389079183
0.999806523 0.014319403 -0.013485466 2.085743427 -0.014250625 0.999885023 0.005182520 3.781842709 0.013558126 -0.004989341 0.999895632 -0.386773288
0.999808908 0.014156703 -0.013481294 2.086729050 -0.014086258 0.999886692 0.005306061 3.782410622 0.013554883 -0.005115147 0.999895036 -0.389462322
0.999808609 0.014002425 -0.013664661 2.086052656 -0.013937081 0.999891043 0.004865477 3.782272339 0.013731301 -0.004674100 0.999894798 -0.388001382
0.999808073 0.013921132 -0.013783758 2.088765860 -0.013851790 0.999890983 0.005113466 3.783407927 0.013853441 -0.004921555 0.999891937 -0.389595658
0.999812007 0.013745393 -0.013673184 2.087494850 -0.013679692 0.999894500 0.004887148 3.783760309 0.013738917 -0.004699185 0.999894559 -0.386845738
0.999812782 0.013587310 -0.013777603 2.087551832 -0.013521847 0.999896884 0.004833440 3.784378052 0.013841857 -0.004646237 0.999893427 -0.387961537
0.999817133 0.013394838 -0.013648823 2.086106777 -0.013324751 0.999897659 0.005213110 3.782849312 0.013717255 -0.005030290 0.999893248 -0.388186157
0.999822497 0.013370835 -0.013271701 2.084444761 -0.013306332 0.999899268 0.004936709 3.788209677 0.013336372 -0.004759235 0.999899745 -0.386931896
0.999811351 0.014503826 -0.012920244 2.085229158 -0.014429674 0.999879003 0.005814122 3.782183886 0.013003007 -0.005626590 0.999899626 -0.386892080
0.999825120 0.013159181 -0.013286574 2.085854769 -0.013075673 0.999894321 0.006352589 3.782371044 0.013368765 -0.006177748 0.999891579 -0.388148934
0.999830008 0.012580935 -0.013479799 2.086146593 -0.012497414 0.999902308 0.006262491 3.782269478 0.013557270 -0.006092963 0.999889553 -0.388149142
0.999821067 0.013668329 -0.013078923 2.085542917 -0.013585593 0.999887288 0.006394009 3.781544447 0.013164843 -0.006215180 0.999894023 -0.385646194
0.999819577 0.013804478 -0.013047636 2.085355520 -0.013722063 0.999885440 0.006385057 3.781504869 0.013134285 -0.006204865 0.999894500 -0.385447890
0.999821424 0.013501100 -0.013221620 2.085930109 -0.013422135 0.999891639 0.006043118 3.781923294 0.013301777 -0.005864577 0.999894321 -0.386769801
0.999824584 0.013395950 -0.013090738 2.086316586 -0.013319062 0.999893606 0.005943159 3.782982111 0.013168960 -0.005767760 0.999896646 -0.389058411
0.999832690 0.012816321 -0.013052824 2.086142302 -0.012737148 0.999900103 0.006130865 3.782526255 0.013130096 -0.005963584 0.999895990 -0.387102962
0.999834955 0.012736111 -0.012954330 2.086098671 -0.012657936 0.999901295 0.006098862 3.782580376 0.013030726 -0.005933880 0.999897480 -0.387364060
0.999834478 0.012731013 -0.012997580 2.085649729 -0.012648634 0.999899507 0.006400675 3.781816721 0.013077761 -0.006235214 0.999895036 -0.386619985
0.999833405 0.012611811 -0.013194443 2.086443186 -0.012528121 0.999900997 0.006406399 3.782494545 0.013273933 -0.006240030 0.999892414 -0.389132679
0.999830484 0.013296551 -0.012735264 2.086295605 -0.013215651 0.999892116 0.006415699 3.782285929 0.012819197 -0.006246306 0.999898314 -0.388287693
0.999852121 0.011769551 -0.012537993 2.087046623 -0.011684877 0.999908566 0.006805366 3.783551455 0.012616944 -0.006657855 0.999898255 -0.390771955
0.999853492 0.012357688 -0.011844883 2.086352587 -0.012260491 0.999890864 0.008243614 3.782991886 0.011945462 -0.008097182 0.999895871 -0.391385406
0.999866068 0.011593246 -0.011551253 2.085578680 -0.011495777 0.999898076 0.008468906 3.781468391 0.011648258 -0.008334982 0.999897420 -0.388539344
0.999877512 0.011717502 -0.010374835 2.086582899 -0.011624947 0.999892473 0.008936968 3.780588865 0.010478439 -0.008815266 0.999906242 -0.382180333
0.999875605 0.011844825 -0.010414058 2.086780787 -0.011752600 0.999891579 0.008872936 3.780247450 0.010518027 -0.008749441 0.999906421 -0.381331086
0.999853790 0.013153922 -0.010927380 2.086912394 -0.013064105 0.999880612 0.008250602 3.783029079 0.011034603 -0.008106640 0.999906242 -0.389531463
0.999864519 0.012744181 -0.010419290 2.086770058 -0.012653459 0.999881864 0.008727154 3.781682253 0.010529279 -0.008594131 0.999907613 -0.389387250
0.999855697 0.013112227 -0.010801274 2.085184574 -0.013028154 0.999884546 0.007817462 3.781018257 0.010902531 -0.007675614 0.999911129 -0.387479812
0.999720633 0.021562012 -0.009680457 2.086179972 -0.021487640 0.999739289 0.007721897 3.782015562 0.009844434 -0.007511730 0.999923348 -0.389586031
0.999636650 0.025824426 -0.007723458 2.089892864 -0.025773352 0.999645770 0.006640831 3.782210112 0.007892217 -0.006439358 0.999948144 -0.394640476
0.999698877 0.023327215 -0.007618128 2.085811615 -0.023311084 0.999725819 0.002199423 3.778049946 0.007667346 -0.002021174 0.999968588 -0.388998657
0.999882519 0.005938516 -0.014129429 2.085852385 -0.006054380 0.999948263 -0.008171601 3.773639679 0.014080171 0.008256186 0.999866784 -0.391938925
0.999420345 -0.026601020 -0.021244012 2.086483955 0.026001189 0.999268889 -0.028029246 3.766366482 0.021974087 0.027460629 0.999381363 -0.395791441
0.997549653 -0.065155461 -0.025484769 2.087901115 0.063751832 0.996585131 -0.052476462 3.757737398 0.028816869 0.050723176 0.998296916 -0.400360852
0.994561732 -0.099716134 -0.030060619 2.089153290 0.097487189 0.992895961 -0.068219572 3.750257254 0.036649659 0.064918056 0.997217357 -0.398799598
0.993254364 -0.111557528 -0.031633560 2.090009928 0.109323859 0.991863608 -0.065229684 3.745632172 0.038653035 0.061331365 0.997368753 -0.402780086
0.994429231 -0.099859841 -0.033741098 2.090016603 0.098239727 0.994067490 -0.046677951 3.743623257 0.038202178 0.043103207 0.998339951 -0.406239629
0.996744871 -0.072668709 -0.034912504 2.089529276 0.071881674 0.997141123 -0.023294486 3.742755175 0.036505476 0.020709090 0.999118865 -0.409666091
0.998595953 -0.040629286 -0.033991814 2.087918282 0.040484119 0.999167919 -0.004948396 3.741279840 0.034164578 0.003565319 0.999409854 -0.404095054
0.999375761 -0.015778136 -0.031609267 2.088127613 0.015912268 0.999865413 0.003996455 3.738018513 0.031541958 -0.004496936 0.999492288 -0.407496303
0.999573052 -0.005417712 -0.028711474 2.088789225 0.005446725 0.999984741 0.000932360 3.732620478 0.028705982 -0.001088346 0.999587297 -0.411322057
0.999544919 -0.008015550 -0.029081844 2.089122295 0.007796610 0.999940455 -0.007634006 3.725599527 0.029141303 0.007403792 0.999547899 -0.415726691
0.999454558 -0.010859817 -0.031187193 2.087124825 0.010637637 0.999916911 -0.007281167 3.717640877 0.031263676 0.006945438 0.999487042 -0.413666397
0.999406934 -0.005967151 -0.033913415 2.086362123 0.006116746 0.999971986 0.004309073 3.709464788 0.033886749 -0.004513957 0.999415457 -0.418496042
0.999323010 0.001933447 -0.036739409 2.085133076 -0.001306524 0.999853253 0.017080398 3.699496746 0.036767043 -0.017020835 0.999178886 -0.424104393
0.999214530 0.009706473 -0.038419951 2.084047794 -0.008849731 0.999709785 0.022407025 3.686693192 0.038626295 -0.022049420 0.999010444 -0.430535436
0.999131143 0.006838707 -0.041112524 2.080771923 -0.006247294 0.999875426 0.014496544 3.670630932 0.041206535 -0.014227107 0.999049366 -0.428961039
0.999022067 -0.005567539 -0.043862835 2.079860687 0.005458298 0.999981701 -0.002609889 3.651852369 0.043876566 0.002367920 0.999034166 -0.436641425
0.998693109 -0.018360630 -0.047696777 2.078771353 0.017497774 0.999676764 -0.018445421 3.631991625 0.048020028 0.017586727 0.998691559 -0.444186985
0.998283267 -0.024310103 -0.053287592 2.077549458 0.022940060 0.999394178 -0.026172996 3.612739086 0.053891581 0.024905641 0.998236120 -0.452514946
0.998045444 -0.020750916 -0.058946203 2.076525211 0.019233117 0.999471664 -0.026200624 3.594354391 0.059458744 0.025015695 0.997917295 -0.456269979
0.997770309 -0.016521294 -0.064664625 2.075125456 0.014854264 0.999547005 -0.026176056 3.575212002 0.065067790 0.025157144 0.997563660 -0.464485317
0.997291386 -0.022610268 -0.069990471 2.073831797 0.020204419 0.999186814 -0.034893133 3.554529905 0.070722491 0.033384502 0.996937215 -0.473036498
0.996489108 -0.039109714 -0.074026369 2.072804451 0.035619318 0.998216927 -0.047898013 3.532798529 0.075767659 0.045093078 0.996105373 -0.481770337
0.995461047 -0.053245559 -0.078880683 2.071516514 0.048757888 0.997138798 -0.057766121 3.511797905 0.081730783 0.053657871 0.995208979 -0.485111594
0.994649768 -0.057826381 -0.085603110 2.070429802 0.052727666 0.996764123 -0.060671829 3.492296219 0.088834547 0.055833571 0.994480312 -0.494155437
0.994750082 -0.047994636 -0.090381145 2.069415331 0.042879023 0.997411728 -0.057716675 3.474426985 0.092917308 0.053538211 0.994233370 -0.503210545
0.995302975 -0.032255150 -0.091277845 2.068515301 0.027597960 0.998274386 -0.051832501 3.457289457 0.092792206 0.049069960 0.994475603 -0.512175977
0.995608926 -0.024850268 -0.090251632 2.066465855 0.020180158 0.998427808 -0.052294366 3.439527750 0.091409273 0.050243445 0.994545102 -0.516234934
0.995678008 -0.026206596 -0.089098282 2.065867186 0.020670960 0.997831225 -0.062494345 3.420967102 0.090542816 0.060382500 0.994060338 -0.525367558
0.995222628 -0.038797483 -0.089591712 2.065704584 0.032057919 0.996632159 -0.075476371 3.401742935 0.092218265 0.072243668 0.993114591 -0.534740984
0.993547201 -0.062885001 -0.094389811 2.065209866 0.054421410 0.994480014 -0.089709282 3.382657766 0.099510148 0.083993584 0.991485178 -0.544151187
0.991389513 -0.083151110 -0.101156682 2.063273668 0.073296808 0.992531240 -0.097515926 3.365058184 0.108509719 0.089261815 0.990079761 -0.545536757
0.990422070 -0.088521153 -0.105962619 2.063716650 0.077985838 0.991951644 -0.099750400 3.350843191 0.113939822 0.090531424 0.989354253 -0.553823173
0.989613354 -0.092443720 -0.110088885 2.064638853 0.081117973 0.991341054 -0.103260517 3.340112448 0.118681416 0.093257800 0.988543212 -0.561355114
0.989598095 -0.097370915 -0.105898447 2.066755772 0.084961034 0.989611208 -0.115979739 3.332397461 0.116091348 0.105776094 0.987590134 -0.567283511
0.989783406 -0.103951059 -0.097585887 2.067591906 0.090197422 0.986582100 -0.136088774 3.329467773 0.110423058 0.125896409 0.985878706 -0.564634323
0.989593983 -0.110685945 -0.091936767 2.069539547 0.095843583 0.983632207 -0.152583420 3.329361439 0.107320800 0.142184079 0.984005034 -0.566610217
0.990259230 -0.108401179 -0.087383181 2.071063757 0.093694404 0.983032465 -0.157697782 3.334393024 0.102995127 0.147974387 0.983613551 -0.565322697
0.991267025 -0.099230438 -0.086850524 2.071614504 0.085520416 0.985071480 -0.149400368 3.343773127 0.100379035 0.140668169 0.984955072 -0.562811136
0.992950976 -0.080620319 -0.086883441 2.070266724 0.068729654 0.988852143 -0.132089525 3.357558727 0.096563980 0.125186950 0.987422705 -0.552862346
0.994620740 -0.057869375 -0.085911244 2.070402861 0.048136301 0.992616713 -0.111332856 3.372241497 0.091719702 0.106598519 0.990062773 -0.548315883
0.995346189 -0.042507898 -0.086481526 2.071145296 0.034142818 0.994795024 -0.096005768 3.387049437 0.090112403 0.092606246 0.991616786 -0.548477709
0.995638669 -0.035181619 -0.086405121 2.073930979 0.027514778 0.995707393 -0.088372335 3.402294397 0.089143299 0.085609496 0.992332876 -0.552118599
0.995778978 -0.036700685 -0.084126897 2.072337866 0.029284131 0.995711327 -0.087757498 3.419185400 0.086986862 0.084923491 0.992583156 -0.530991316
0.995917857 -0.037546754 -0.082084693 2.073522091 0.030110331 0.995484114 -0.090026289 3.435341835 0.085094206 0.087187186 0.992550969 -0.526646733
0.996744990 -0.027477743 -0.075791918 2.075736523 0.020662511 0.995792031 -0.089282140 3.454057932 0.077926256 0.087425470 0.993118465 -0.520143986
0.996928632 -0.024177099 -0.074489690 2.076890469 0.017903322 0.996324420 -0.083768614 3.473503113 0.076241173 0.082177721 0.993697166 -0.514575720
0.997023046 -0.021610435 -0.074013397 2.078773499 0.015907336 0.996919990 -0.076795451 3.492908239 0.075445011 0.075389482 0.994295955 -0.503633499
0.997072458 -0.016049815 -0.074759245 2.080263138 0.010628182 0.997321784 -0.072362460 3.513572931 0.075720429 0.071356066 0.994572639 -0.497483313
0.997271121 -0.011147689 -0.072979681 2.081211329 0.005842809 0.997351050 -0.072503664 3.534240007 0.073594607 0.071879409 0.994694531 -0.490180671
0.997415364 -0.006890269 -0.071520135 2.082329750 0.001700264 0.997375965 -0.072375692 3.555776834 0.071831152 0.072067030 0.994809866 -0.483108312
0.997770548 0.004395625 -0.066592835 2.086112738 -0.009166325 0.997398138 -0.071504705 3.577713966 0.066105269 0.071955703 0.995214760 -0.474245816
0.998040795 0.015183715 -0.060696498 2.087675571 -0.019307831 0.997502029 -0.067948192 3.599596262 0.059513174 0.068986982 0.995840847 -0.467438906
0.998209774 0.021470927 -0.055823121 2.088899851 -0.025172967 0.997469962 -0.066483177 3.620004177 0.054254431 0.067769386 0.996224761 -0.460898280
0.998216152 0.026485099 -0.053507507 2.089731216 -0.029981421 0.997393310 -0.065633409 3.638010740 0.051629722 0.067120560 0.996408165 -0.455298185
0.997843742 0.039448269 -0.052457035 2.094251633 -0.042579703 0.997290850 -0.059982285 3.653234720 0.049948722 0.062086552 0.996820152 -0.452029556
0.996841073 0.058115900 -0.054133493 2.094261646 -0.060881741 0.996844947 -0.050927371 3.663965940 0.051003005 0.054062232 0.997234166 -0.449303001
0.995498717 0.076914154 -0.055376552 2.094580412 -0.079091035 0.996133208 -0.038252376 3.669065475 0.052220270 0.042459980 0.997732520 -0.448393494
0.994376659 0.088204332 -0.058609385 2.093727112 -0.090169825 0.995419323 -0.031777773 3.666504860 0.055537973 0.036883872 0.997775078 -0.450124323
0.994165659 0.088116109 -0.062210701 2.094451904 -0.090392187 0.995299160 -0.034767684 3.655649185 0.058854669 0.040188197 0.997457266 -0.455140918
0.994808435 0.075666800 -0.068048961 2.093547344 -0.079027280 0.995710194 -0.048124161 3.637598991 0.064115636 0.053252045 0.996520638 -0.462349355
0.995379090 0.060011812 -0.074960656 2.090724945 -0.064846627 0.995852292 -0.063821137 3.615661860 0.070819713 0.068387166 0.995142102 -0.470461696
0.995515227 0.051931087 -0.079073504 2.087681532 -0.057872292 0.995518088 -0.074796379 3.589641094 0.074834853 0.079037100 0.994058788 -0.479542881
0.995321095 0.035621773 -0.089816414 2.087567329 -0.042782012 0.995948315 -0.079099089 3.561356306 0.086634852 0.082571521 0.992812335 -0.492004722
0.994912565 0.018916376 -0.098950088 2.085682154 -0.027807612 0.995619774 -0.089263447 3.533553600 0.096828118 0.091560893 0.991080701 -0.503533006
0.994070828 -0.006919011 -0.108514234 2.084018469 -0.004796560 0.994211614 -0.107332304 3.504969120 0.108628750 0.107216403 0.988283575 -0.515472114
0.992812216 -0.033216786 -0.114980429 2.082620382 0.017901883 0.991121352 -0.131749853 3.476988316 0.118335858 0.128744498 0.984592021 -0.526703417
0.991190016 -0.056184836 -0.119940169 2.083948374 0.037375823 0.987415075 -0.153670073 3.449858665 0.127064660 0.147833377 0.980815947 -0.541822910
0.990030229 -0.068213545 -0.123235770 2.080554008 0.047709487 0.985593021 -0.162265897 3.427829504 0.132529050 0.154768616 0.979021311 -0.550225496
0.989540279 -0.070031971 -0.126117066 2.076118946 0.050335169 0.986928701 -0.153094932 3.410432577 0.135190085 0.145145491 0.980130851 -0.557102382
0.989135981 -0.070340164 -0.129082635 2.070457458 0.051993031 0.988732874 -0.140370995 3.396643400 0.137501970 0.132134587 0.981648445 -0.562500298
0.988970518 -0.073385581 -0.128654003 2.066468000 0.055844665 0.989269495 -0.135008514 3.385898829 0.137181163 0.126334816 0.982456565 -0.566584766
0.988375485 -0.081346184 -0.128439292 2.061641932 0.062560484 0.987589002 -0.144062966 3.378473759 0.138564214 0.134353071 0.981197834 -0.570249379
0.987321496 -0.095781557 -0.126578450 2.058359623 0.075089432 0.984389544 -0.159181610 3.374427080 0.139849156 0.147658721 0.979101181 -0.571983397
0.985962451 -0.106011532 -0.128994629 2.056625605 0.082897313 0.981435537 -0.172951758 3.374400377 0.144934788 0.159830630 0.976446688 -0.572253823
0.985028028 -0.106996968 -0.135171920 2.058561087 0.081849054 0.980338633 -0.179546490 3.377860308 0.151725173 0.165794626 0.974418581 -0.572483242
0.985988498 -0.091817021 -0.139270648 2.061553001 0.066812962 0.982364535 -0.174631044 3.385626793 0.152848646 0.162879124 0.974734664 -0.568780124
0.987728715 -0.071411386 -0.138897181 2.067695141 0.048108295 0.985216260 -0.164421737 3.395379782 0.148585349 0.155721962 0.976561844 -0.564179063
0.988916278 -0.060528062 -0.135576516 2.076103687 0.039143756 0.987111270 -0.155174598 3.405813694 0.143221527 0.148147717 0.978539646 -0.558061302
0.990859091 -0.053654723 -0.123771623 2.088674307 0.034581430 0.987868190 -0.151395500 3.417500257 0.130393133 0.145731419 0.980693638 -0.550772369
0.992596090 -0.054144096 -0.108726583 2.102751493 0.037410755 0.987912416 -0.150431097 3.427491426 0.115557291 0.145249784 0.982623518 -0.543911874
0.994943798 -0.049596846 -0.087332450 2.118414879 0.036271982 0.988315880 -0.148040771 3.439080477 0.093654402 0.144124538 0.985117733 -0.525839031
0.996647537 -0.043631770 -0.069209926 2.139204264 0.033687122 0.989740014 -0.138851807 3.452389956 0.074558191 0.136054829 0.987891793 -0.520064235
0.997887790 -0.039608829 -0.051488768 2.163082600 0.032707773 0.991160631 -0.128572240 3.462281227 0.056126233 0.126616582 0.990362585 -0.521354675
0.999025524 -0.034545999 -0.027470540 2.185962439 0.030997274 0.992228210 -0.120508909 3.473953724 0.031420145 0.119539961 0.992332101 -0.517169297
0.999261737 -0.038214453 -0.003954994 2.209772825 0.037486918 0.992382765 -0.117350854 3.485090256 0.008409366 0.117115952 0.993082643 -0.514570177
0.998594344 -0.049390953 0.019231698 2.233590603 0.051280301 0.992051899 -0.114905663 3.495217562 -0.013403544 0.115730353 0.993190229 -0.513399303
0.997310579 -0.064593665 0.034630824 2.256967545 0.067995526 0.991795003 -0.108255818 3.504603148 -0.027354037 0.110319406 0.993519723 -0.513045669
0.995766640 -0.080158584 0.044982195 2.278074265 0.084325887 0.991405308 -0.100023098 3.515294552 -0.036577880 0.103392832 0.993967772 -0.514983177
0.994208813 -0.091147110 0.056929685 2.298043013 0.096114174 0.991141498 -0.091654755 3.526023388 -0.048071310 0.096595712 0.994162142 -0.517357707
0.992510617 -0.096495882 0.074907847 2.317156792 0.102715209 0.991143644 -0.084165461 3.537347555 -0.066122822 0.091229297 0.993632197 -0.519827187
0.990696609 -0.097392090 0.095052488 2.335737228 0.105108880 0.991248667 -0.079863518 3.545515060 -0.086442582 0.089111373 0.992263496 -0.515250921
0.989015520 -0.092611097 0.115201898 2.351323366 0.101498537 0.992092669 -0.073825486 3.556055784 -0.107453905 0.084707372 0.990594923 -0.515018940
0.987349510 -0.091477260 0.129509881 2.364551067 0.100806266 0.992620528 -0.067398787 3.565368652 -0.122388706 0.079601571 0.989284873 -0.513214409
0.985706925 -0.092405334 0.140865445 2.372289658 0.102426454 0.992573977 -0.065618239 3.571340084 -0.133755893 0.079108708 0.987851799 -0.509578764
0.984725356 -0.092564367 0.147471353 2.373032331 0.103384487 0.992350876 -0.067463905 3.571048021 -0.140098587 0.081679672 0.986762822 -0.500997841
0.984836698 -0.089293964 0.148738742 2.369855881 0.100032814 0.992769957 -0.066341974 3.571218729 -0.141739428 0.080214761 0.986648619 -0.493543595
0.985970557 -0.081020050 0.145937636 2.361412764 0.090533964 0.994098485 -0.059764698 3.569214821 -0.140234247 0.072138548 0.987486899 -0.484075069
0.987189353 -0.071056634 0.142857045 2.350468159 0.079514056 0.995349109 -0.054384932 3.565755367 -0.138328224 0.065047368 0.988247991 -0.473456353
0.987345755 -0.067728385 0.143391863 2.337550640 0.076649740 0.995391250 -0.057629161 3.556544065 -0.138827875 0.067890860 0.987986684 -0.454171717
0.986497581 -0.074943773 0.145622492 2.322269678 0.086331941 0.993550181 -0.073517889 3.547423363 -0.139173537 0.085097089 0.986604869 -0.441421807
0.985554755 -0.083535917 0.147321299 2.305699587 0.096861891 0.991599560 -0.085720964 3.537902832 -0.138922945 0.098752521 0.985367119 -0.427650094
0.985164940 -0.093014687 0.144216016 2.287515879 0.105990067 0.990723073 -0.085052304 3.532843351 -0.134967014 0.099076010 0.985884309 -0.420857817
0.985096753 -0.101974279 0.138512135 2.265063286 0.113665417 0.990350962 -0.079279013 3.519656658 -0.129091203 0.093841530 0.987182498 -0.397137135
0.984950721 -0.109115273 0.134036943 2.243671656 0.119695276 0.990081131 -0.073569119 3.512857199 -0.124679938 0.088505551 0.988241732 -0.384590060
0.984472871 -0.116707899 0.131120041 2.221886396 0.127105415 0.989130914 -0.073920414 3.505523443 -0.121067785 0.089438707 0.988606751 -0.372974098
0.983568609 -0.127095714 0.128216505 2.199986458 0.137442783 0.987640500 -0.075337671 3.498942614 -0.117056713 0.091722198 0.988880575 -0.363407522
0.983162045 -0.136811092 0.121140979 2.176441431 0.146815315 0.986093104 -0.077882566 3.492029190 -0.108801089 0.094356529 0.989575267 -0.348489106
0.983108282 -0.141084954 0.116589792 2.153334618 0.150278822 0.985855281 -0.074200287 3.487173080 -0.104472108 0.090467885 0.990404546 -0.343102276
0.983681917 -0.141048640 0.111692503 2.129717827 0.149047285 0.986571491 -0.066795550 3.482373953 -0.100771219 0.082353033 0.991495430 -0.339027613
0.984530687 -0.140478656 0.104714036 2.105885506 0.146922156 0.987529695 -0.056559179 3.478441238 -0.095462859 0.071069062 0.992892742 -0.336666077
0.985702753 -0.135261714 0.100470774 2.082216501 0.140296012 0.989094436 -0.044824399 3.473939896 -0.093312062 0.058279179 0.993929803 -0.331043094
0.986615598 -0.129175991 0.099514849 2.060212612 0.133524597 0.990304172 -0.038325060 3.468281507 -0.093599297 0.051099781 0.994297743 -0.330542326
0.986956537 -0.125765458 0.100497849 2.039671183 0.130239442 0.990705550 -0.039246071 3.462328196 -0.094627969 0.051822949 0.994162917 -0.330433756
0.986822367 -0.125936836 0.101594903 2.020784616 0.131231666 0.990226984 -0.047209881 3.456821203 -0.094656549 0.059920236 0.993705034 -0.331078053
0.986630261 -0.127011329 0.102121532 2.002995968 0.132894129 0.989712000 -0.053002883 3.454358101 -0.094338939 0.065865599 0.993358910 -0.326349407
0.987546146 -0.120056614 0.101681113 1.987330675 0.125638127 0.990796566 -0.050370887 3.453591108 -0.094697937 0.062518597 0.993541002 -0.327013731
0.988889694 -0.110838830 0.099055268 1.973670483 0.115495995 0.992395282 -0.042570774 3.454753160 -0.093583487 0.053538281 0.994170904 -0.326630443
0.990159273 -0.103113301 0.094616324 1.962497473 0.106895573 0.993625402 -0.035804007 3.457810402 -0.090321317 0.045565736 0.994869769 -0.327152640
0.990877151 -0.097318776 0.093228579 1.953458071 0.100525849 0.994471908 -0.030333759 3.462716341 -0.089761168 0.039428908 0.995182514 -0.324752271
0.991289616 -0.093302689 0.092948906 1.950221062 0.095917486 0.995098412 -0.024063298 3.468189955 -0.090248130 0.032769121 0.995380044 -0.326543331
0.991433978 -0.090033256 0.094618604 1.950967431 0.092802726 0.995363533 -0.025279993 3.474153996 -0.091903865 0.033844307 0.995192587 -0.328272939
0.991060853 -0.090628885 0.097901657 1.955098033 0.094013073 0.995103180 -0.030516295 3.480772018 -0.094656587 0.039447542 0.994728088 -0.330739737
0.990603030 -0.089820661 0.103140391 1.963471889 0.093729280 0.995027661 -0.033686727 3.488790751 -0.099601783 0.043037444 0.994096220 -0.331782907
0.990203977 -0.083838031 0.111657053 1.973118305 0.087786809 0.995659232 -0.030922748 3.496618271 -0.108579874 0.040421844 0.993265569 -0.335792333
0.989921212 -0.078333035 0.117982514 1.984820843 0.081875354 0.996316969 -0.025475105 3.504239082 -0.115552433 0.034878209 0.992688835 -0.338908136
0.989568889 -0.076735266 0.121922500 1.997977734 0.079202466 0.996737838 -0.015512766 3.510305643 -0.120334394 0.025007514 0.992418408 -0.343150616
0.988894165 -0.070496693 0.130837917 2.013628483 0.072224170 0.997352183 -0.008499326 3.514753819 -0.129892319 0.017854594 0.991367340 -0.347151846
0.987594306 -0.070581213 0.140270352 2.032145500 0.072904810 0.997272730 -0.011489696 3.516678333 -0.139076829 0.021573540 0.990046561 -0.352228940
0.985285282 -0.080320641 0.150869071 2.050887108 0.084181383 0.996262193 -0.019369561 3.519033670 -0.148749381 0.031784911 0.988363981 -0.357466877
0.982960761 -0.094233438 0.157823265 2.069133997 0.099585578 0.994680405 -0.026336860 3.522187233 -0.154501885 0.041605022 0.987116098 -0.363647461
0.981415629 -0.104296945 0.161076188 2.090531826 0.109710760 0.993647456 -0.025065549 3.527064562 -0.157438695 0.042271510 0.986623645 -0.370742142
0.981166124 -0.100015372 0.165257379 2.106626034 0.104712263 0.994302750 -0.019935999 3.532935381 -0.162321970 0.036865000 0.986048937 -0.378856391
0.981180072 -0.086808547 0.172481760 2.122575283 0.089499220 0.995955825 -0.007869713 3.538954973 -0.171101049 0.023158588 0.984981298 -0.388554871
0.981144071 -0.075643837 0.177860409 2.137525082 0.075959548 0.997098148 0.005043680 3.542664289 -0.177725822 0.008561619 0.984042823 -0.399715662
0.980122983 -0.068256140 0.186279356 2.155196190 0.067530379 0.997664630 0.010246185 3.543106794 -0.186543673 0.002536992 0.982443392 -0.411424547
0.978229225 -0.063354030 0.197620600 2.173013449 0.063910097 0.997949302 0.003569424 3.539468765 -0.197441459 0.009138236 0.980272055 -0.423707873
0.975731015 -0.066114902 0.208753005 2.192789078 0.070165440 0.997462571 -0.012049939 3.534114599 -0.207426623 0.026404746 0.977894187 -0.435842872
0.973175466 -0.077134311 0.216748223 2.213747263 0.085080042 0.995993018 -0.027555395 3.529435158 -0.213754252 0.045257185 0.975838542 -0.448158801
0.971236289 -0.088346466 0.221121997 2.239652634 0.099874720 0.994134724 -0.041486882 3.525676727 -0.216159850 0.062378056 0.974363327 -0.459418714
0.969319344 -0.093073294 0.227502540 2.260949373 0.106009796 0.993332922 -0.045294371 3.528212786 -0.221770063 0.068022206 0.972723484 -0.470461816
0.967270255 -0.088805258 0.237701148 2.281840563 0.102660745 0.993627369 -0.046534687 3.534091234 -0.232053846 0.069414198 0.970223010 -0.479873925
0.965191424 -0.083172679 0.247967348 2.301640511 0.096791789 0.994365573 -0.043225709 3.542264700 -0.242974982 0.065722287 0.967803538 -0.488392681
0.963952839 -0.080557950 0.253585041 2.319248676 0.093235381 0.994904935 -0.038357966 3.550232410 -0.249202967 0.060618363 0.966552258 -0.495024025
0.962586582 -0.076616697 0.259917259 2.331575394 0.088015623 0.995589197 -0.032486897 3.558237314 -0.256281793 0.054148231 0.965084255 -0.500963390
0.960961699 -0.078705326 0.265250951 2.339475870 0.089229301 0.995621860 -0.027842306 3.563021183 -0.261898309 0.050423540 0.963777363 -0.505317807
0.958949029 -0.090908520 0.268612027 2.341365814 0.100302212 0.994726241 -0.021427235 3.563832283 -0.265247524 0.047490001 0.963010073 -0.508848190
0.958009362 -0.103241988 0.267505497 2.341664791 0.112716995 0.993420422 -0.020265877 3.557525158 -0.263653129 0.049567312 0.963343203 -0.508781016
0.959000170 -0.113317244 0.259765089 2.333317995 0.123485513 0.992077231 -0.023109984 3.552340031 -0.255088270 0.054239701 0.965395272 -0.510813653
0.961018622 -0.120522060 0.248832583 2.320873499 0.130990088 0.991045713 -0.025885053 3.545826674 -0.243484735 0.057470612 0.968200564 -0.512383461
0.963703811 -0.125486717 0.235643983 2.300797701 0.135523453 0.990410924 -0.026824571 3.542160511 -0.230018258 0.057786219 0.971469164 -0.517172098
0.966941953 -0.132723778 0.217732966 2.288618326 0.142939150 0.989220977 -0.031785376 3.527000427 -0.211167336 0.061857171 0.975490689 -0.514410257
0.969201505 -0.144772545 0.199221790 2.267284393 0.156135961 0.986821771 -0.042477868 3.518866301 -0.190446764 0.072275303 0.979033351 -0.513720512
0.969917595 -0.161369935 0.182262465 2.245523930 0.174537346 0.982906997 -0.058570564 3.512218714 -0.169695541 0.088620231 0.981503904 -0.511613011
0.969683468 -0.176241368 0.169271842 2.222882271 0.191448689 0.978394687 -0.078046203 3.509037733 -0.151859716 0.108086973 0.982474327 -0.507502556
0.969520092 -0.186065167 0.159406871 2.202778339 0.202190697 0.975051105 -0.091620319 3.509552240 -0.138382494 0.121058322 0.982952297 -0.496450067
0.970307171 -0.190439254 0.149120197 2.181022882 0.206081629 0.973665953 -0.097493626 3.516149044 -0.126626655 0.125329703 0.984001100 -0.489186436
0.972349763 -0.185081020 0.142411172 2.161471605 0.199432477 0.975388825 -0.094038799 3.526444674 -0.121501476 0.119840011 0.985330284 -0.480020821
0.975141704 -0.173878193 0.137349963 2.143363953 0.186633408 0.978647709 -0.086119659 3.540751934 -0.119442903 0.109612964 0.986771703 -0.470843822
0.978253484 -0.161677301 0.129925266 2.127200365 0.172170728 0.982284188 -0.073992983 3.558680058 -0.115660548 0.094753221 0.988759041 -0.460188150
0.981300235 -0.147541374 0.123617984 2.112466335 0.155788809 0.985973001 -0.059892446 3.577046871 -0.113047384 0.078030765 0.990520835 -0.451522887
0.983633995 -0.136155292 0.118007816 2.100264311 0.142858699 0.988463998 -0.050302364 3.595540524 -0.109797545 0.066337556 0.991737783 -0.443461627
0.984965622 -0.131167695 0.112417780 2.089414358 0.136624083 0.989721239 -0.042258192 3.614322186 -0.105719350 0.056981843 0.992762029 -0.435940862
0.986058712 -0.122388400 0.112735540 2.079626560 0.126991868 0.991301000 -0.034573801 3.634486437 -0.107523426 0.048408292 0.993023336 -0.427861005
0.986990929 -0.111988649 0.115358062 2.072636604 0.115339279 0.993065119 -0.022770775 3.652966738 -0.112007998 0.035779864 0.993062973 -0.420766234
0.988050342 -0.097948283 0.119007021 2.066866398 0.099766120 0.994966507 -0.009400169 3.670959234 -0.117487267 0.021160707 0.992848933 -0.413775444
0.989019156 -0.082389057 0.122691266 2.062241554 0.082202673 0.996593833 0.006588966 3.687792540 -0.122816227 0.003568937 0.992422998 -0.407312870
0.989365876 -0.064648092 0.130291224 2.058536053 0.062772974 0.997857273 0.018451974 3.703403473 -0.131204933 -0.010076987 0.991304040 -0.400691658
0.989051819 -0.057887357 0.135740668 2.055623293 0.055286180 0.998208880 0.022858130 3.715711594 -0.136820734 -0.015103294 0.990480661 -0.395210236
0.987994134 -0.056074195 0.143955827 2.053801775 0.053501010 0.998332262 0.021687141 3.726078510 -0.144931823 -0.013724985 0.989346445 -0.390448391
0.986857176 -0.057769049 0.150915965 2.052353144 0.055706296 0.998287380 0.017863933 3.734997272 -0.151689485 -0.009222184 0.988385201 -0.386285454
0.986057639 -0.062302865 0.154300779 2.050880432 0.059808165 0.997993946 0.020761941 3.743933678 -0.155284762 -0.011244025 0.987805784 -0.385476619
0.985697985 -0.059040323 0.157840833 2.049893141 0.055335283 0.998081565 0.027769638 3.751490355 -0.159177557 -0.018638311 0.987074018 -0.382976532
0.985662520 -0.050996162 0.160837755 2.048799515 0.044942677 0.998145580 0.041055568 3.758502007 -0.162633166 -0.033238456 0.986126602 -0.380820960
0.985744536 -0.041163143 0.163135871 2.047912598 0.032070529 0.997802258 0.057984374 3.764703274 -0.165164158 -0.051925927 0.984898210 -0.379083008
0.986218452 -0.034067605 0.161902890 2.046822309 0.022720829 0.997187078 0.071425989 3.770048857 -0.163880780 -0.066763058 0.984218359 -0.379720658
0.986444890 -0.028037641 0.161679864 2.045963049 0.015977409 0.997024059 0.075416774 3.773220301 -0.163313240 -0.071811259 0.983957291 -0.378136367
0.986510396 -0.026431851 0.161550671 2.045032978 0.014992781 0.997319221 0.071621247 3.774713755 -0.163010657 -0.068233006 0.984262049 -0.376663178
0.985895872 -0.034559894 0.163752779 2.045225859 0.025843743 0.998148382 0.055062659 3.773923635 -0.165352538 -0.050054066 0.984963536 -0.375674486
0.985315144 -0.041482132 0.165629908 2.045808554 0.034553934 0.998411834 0.044495195 3.774924994 -0.167212620 -0.038118623 0.985183716 -0.376338601
0.985210538 -0.046125606 0.165023223 2.045917988 0.040328912 0.998451829 0.038308095 3.776163816 -0.166534737 -0.031086329 0.985545456 -0.374849528
0.984948456 -0.047635827 0.166154802 2.045634031 0.043006141 0.998582721 0.031353194 3.775874138 -0.167412847 -0.023735603 0.985601127 -0.374168605
0.984742105 -0.046451781 0.167705923 2.045167923 0.042943735 0.998777390 0.024486246 3.775661707 -0.168638319 -0.016910719 0.985532939 -0.373787463
0.984562874 -0.047247071 0.168533951 2.045060396 0.045387890 0.998858750 0.014868949 3.775982141 -0.169044137 -0.006990015 0.985583723 -0.374976039
0.997776031 0.041136250 -0.052448384 2.469190836 -0.041167520 0.999152124 0.000484428 4.272680283 0.052423842 0.001675820 0.998623490 1.123580933
0.997748137 0.041763492 -0.052483242 2.469536304 -0.041792892 0.999126136 0.000537682 4.272780418 0.052459832 0.001656955 0.998621643 1.122528911
0.997725308 0.042126384 -0.052626714 2.469154119 -0.042154793 0.999110937 0.000570617 4.272712231 0.052603960 0.001649149 0.998614073 1.123813391
0.997704327 0.042527441 -0.052702043 2.468581676 -0.042571496 0.999093354 0.000286935 4.272793293 0.052666467 0.001957329 0.998610258 1.124092698
0.997804761 0.038911682 -0.053586528 2.468627691 -0.038946394 0.999241233 0.000396741 4.272918701 0.053561307 0.001691132 0.998563111 1.124371290
0.997727990 0.042065050 -0.052625459 2.469564199 -0.042068470 0.999114156 0.001043274 4.272572517 0.052622724 0.001172968 0.998613775 1.124195576
0.997779548 0.040451523 -0.052911893 2.468827963 -0.040457886 0.999180794 0.000951222 4.272408009 0.052907027 0.001191594 0.998598754 1.124420047
0.997738898 0.041290946 -0.053029213 2.470058441 -0.041308299 0.999146163 0.000769280 4.272400856 0.053015698 0.001423006 0.998592675 1.121664882
0.997757375 0.040730566 -0.053115431 2.469006777 -0.040744781 0.999169230 0.000815592 4.272839069 0.053104524 0.001350413 0.998588026 1.124357939
0.997786701 0.040203575 -0.052965377 2.468674898 -0.040215623 0.999190688 0.000838746 4.272481441 0.052956227 0.001293145 0.998596013 1.124723077
0.997743189 0.041399654 -0.052863594 2.468730927 -0.041411866 0.999141812 0.000864854 4.272383213 0.052854028 0.001326277 0.998601377 1.125334501
0.997782111 0.040207509 -0.053049508 2.468083858 -0.040205691 0.999190807 0.001101851 4.271764278 0.053050887 0.001033485 0.998591304 1.125864863
0.997745931 0.041438818 -0.052781984 2.469001293 -0.041471832 0.999139547 0.000470095 4.272994518 0.052756049 0.001719929 0.998605967 1.124586225
0.997780979 0.040435784 -0.052896887 2.468890429 -0.040462531 0.999180913 0.000565653 4.273036003 0.052876435 0.001575944 0.998599827 1.124091029
0.997736633 0.041823007 -0.052654147 2.468081236 -0.041838728 0.999124050 0.000804119 4.272538185 0.052641653 0.001400684 0.998612463 1.125763893
0.997765481 0.040860008 -0.052863296 2.469667196 -0.040890824 0.999163508 0.000498921 4.273000240 0.052839462 0.001663818 0.998601615 1.122793198
0.997763634 0.040663511 -0.053048763 2.469024658 -0.040689118 0.999171674 0.000597640 4.272959232 0.053029124 0.001562203 0.998591721 1.124530911
0.997778177 0.040490240 -0.052907493 2.469394684 -0.040515862 0.999178708 0.000588641 4.272990704 0.052887876 0.001556259 0.998599231 1.123992324
0.997769296 0.040390287 -0.053151034 2.469985247 -0.040401790 0.999183118 0.000858413 4.273189545 0.053142287 0.001290899 0.998586118 1.122799039
0.997772992 0.040747497 -0.052807897 2.468979836 -0.040769901 0.999168336 0.000653395 4.272982597 0.052790605 0.001501032 0.998604476 1.124529481
0.997768521 0.040526330 -0.053062271 2.468996763 -0.040553011 0.999177217 0.000574251 4.273006916 0.053041887 0.001578865 0.998591065 1.124438286
0.997755229 0.041145504 -0.052835211 2.469002247 -0.041170828 0.999151945 0.000609448 4.272906780 0.052815482 0.001567190 0.998603046 1.124744892
0.997785509 0.040293265 -0.052920029 2.468996286 -0.040313017 0.999186873 0.000694649 4.273036480 0.052904986 0.001440255 0.998598516 1.124515057
0.997773409 0.040608533 -0.052907065 2.469006062 -0.040633976 0.999173939 0.000595144 4.272922516 0.052887529 0.001556005 0.998599291 1.124687552
0.997770667 0.040596247 -0.052968197 2.469070196 -0.040621378 0.999174416 0.000602509 4.272989750 0.052948929 0.001550475 0.998596013 1.124298334
0.997770667 0.040439505 -0.053087860 2.469287395 -0.040468331 0.999180675 0.000532328 4.273156166 0.053065889 0.001617235 0.998589694 1.123501420
0.997765243 0.040634859 -0.053040389 2.469231606 -0.040656853 0.999172926 0.000664670 4.273065567 0.053023528 0.001493270 0.998592138 1.124423265
0.997777164 0.040166605 -0.053173218 2.469170809 -0.040189911 0.999191880 0.000631365 4.273077488 0.053155605 0.001507065 0.998585105 1.123817444
0.997770190 0.040640876 -0.052942555 2.469186068 -0.040654458 0.999172926 0.000820774 4.272881508 0.052932125 0.001333407 0.998597205 1.124076605
0.997764349 0.040894307 -0.052857436 2.469022274 -0.040894851 0.999162853 0.001071671 4.272717476 0.052857012 0.001092322 0.998601496 1.123884201
0.997784257 0.040419314 -0.052847438 2.469022274 -0.040429745 0.999181986 0.000872096 4.273004055 0.052839458 0.001266444 0.998602211 1.124392390
0.997786164 0.040320706 -0.052886218 2.469113588 -0.040335540 0.999185860 0.000787323 4.273083210 0.052874908 0.001347614 0.998600245 1.123958468
0.997772336 0.040546186 -0.052975222 2.469264984 -0.040561236 0.999176741 0.000791452 4.272795677 0.052963704 0.001359051 0.998595536 1.123996377
0.997771204 0.040831186 -0.052777041 2.469012260 -0.040849604 0.999165058 0.000730143 4.272619247 0.052762788 0.001427406 0.998606026 1.123916626
0.997755527 0.041180655 -0.052802503 2.469217539 -0.041195303 0.999150813 0.000811352 4.272663116 0.052791074 0.001365684 0.998604655 1.123917699
0.997787833 0.040277597 -0.052887589 2.469100714 -0.040298190 0.999187469 0.000677437 4.273074627 0.052871898 0.001455335 0.998600245 1.124141097
0.997779667 0.040428653 -0.052927196 2.469218969 -0.040442497 0.999181569 0.000809844 4.272919655 0.052916616 0.001332462 0.998598039 1.124006152
0.997776270 0.040495113 -0.052940682 2.469230413 -0.040510997 0.999178767 0.000773509 4.272817135 0.052928530 0.001372890 0.998597383 1.123835087
0.997794509 0.040322002 -0.052728243 2.469150066 -0.040338028 0.999185801 0.000760689 4.272557259 0.052715987 0.001367941 0.998608589 1.123323321
0.997793674 0.040313680 -0.052750766 2.469177485 -0.040329140 0.999186158 0.000771825 4.272505760 0.052738950 0.001357271 0.998607397 1.123175979
0.997774482 0.040513698 -0.052959863 2.469154835 -0.040533293 0.999177933 0.000704455 4.273021221 0.052944865 0.001443750 0.998596370 1.123912454
0.997778773 0.040357664 -0.052998304 2.469217539 -0.040377706 0.999184251 0.000692876 4.272978783 0.052983031 0.001448613 0.998594344 1.123881340
0.997787952 0.040341359 -0.052837744 2.469268560 -0.040362317 0.999184906 0.000670843 4.272891521 0.052821741 0.001463294 0.998602867 1.123841524
0.997789860 0.040306330 -0.052827902 2.469326735 -0.040326364 0.999186337 0.000687104 4.272870064 0.052812614 0.001444772 0.998603404 1.123762965
0.997777879 0.040406272 -0.052978083 2.469195127 -0.040425397 0.999182284 0.000710974 4.273083687 0.052963488 0.001432265 0.998595417 1.123869181
0.997774899 0.040464625 -0.052989811 2.469223738 -0.040478945 0.999180079 0.000803362 4.273003101 0.052978873 0.001343397 0.998594701 1.123808026
0.997781813 0.040408842 -0.052901417 2.469320536 -0.040424913 0.999182284 0.000766652 4.272762299 0.052889138 0.001373584 0.998599470 1.123718023
0.997782588 0.040450811 -0.052855130 2.469323397 -0.040467046 0.999180555 0.000763430 4.272687912 0.052842703 0.001377154 0.998601913 1.123715520
0.997782469 0.040411029 -0.052887861 2.469205856 -0.040431347 0.999182105 0.000686135 4.272967815 0.052872334 0.001453713 0.998600245 1.123891950
