1.000000000 0.000000000 0.000000000 0.000000000 0.000000000 1.000000000 0.000000000 -0.000000030 0.000000000 0.000000000 1.000000000 -0.000000119
0.999984443 0.003441743 0.004386041 -0.000075021 -0.003460189 0.999985158 0.004204938 0.019243276 -0.004371504 -0.004220049 0.999981523 0.007117700
0.999969780 0.004473844 0.006356271 -0.000657292 -0.004563424 0.999889493 0.014149371 0.041905809 -0.006292267 -0.014177949 0.999879718 0.013445214
0.999972463 0.003981302 0.006263726 -0.000958551 -0.004149071 0.999626756 0.027003188 0.065544911 -0.006153880 -0.027028434 0.999615729 0.021175139
0.999981940 0.000329711 0.006002334 -0.002169968 -0.000550357 0.999322653 0.036795534 0.090749711 -0.005986136 -0.036798172 0.999304771 0.027419262
0.999977529 -0.000172779 0.006699733 -0.002870236 -0.000121949 0.999033034 0.043965682 0.117690518 -0.006700851 -0.043965511 0.999010563 0.036551852
0.999971807 -0.004410659 0.006080017 -0.003590062 0.004107275 0.998788416 0.049038731 0.142513052 -0.006288943 -0.049012378 0.998778343 0.043632519
0.999963403 -0.006886392 0.005080771 -0.004299202 0.006609952 0.998596191 0.052554227 0.167328462 -0.005435547 -0.052518718 0.998605132 0.049949080
0.999961376 -0.007756725 0.004139466 -0.004815127 0.007508369 0.998347580 0.056970991 0.190969795 -0.004574534 -0.056937709 0.998367250 0.056198586
0.999969065 -0.007033432 0.003529113 -0.005313013 0.006799378 0.998025239 0.062444836 0.211796433 -0.003961345 -0.062418908 0.998042166 0.060816202
0.999989748 -0.001041361 0.004408711 -0.006256403 0.000728524 0.997520387 0.070374712 0.231080264 -0.004471065 -0.070370778 0.997510910 0.064229146
0.999998271 -0.000214588 0.001849322 -0.007231587 0.000062604 0.996649146 0.081795081 0.249068692 -0.001860677 -0.081794828 0.996647477 0.066733710
0.999993563 0.003407107 0.001140243 -0.008735985 -0.003514808 0.993486226 0.113897942 0.277705520 -0.000744754 -0.113901220 0.993491828 0.070221670
0.999994040 0.003402625 0.000600501 -0.009399671 -0.003451991 0.991356671 0.131148741 0.284126550 -0.000149061 -0.131150022 0.991362512 0.071743071
0.999996245 0.002378516 -0.001354127 -0.010801916 -0.002158150 0.989525259 0.144343570 0.282836437 0.001683267 -0.144340113 0.989526689 0.068741202
0.999988377 0.001919216 -0.004419441 -0.011570519 -0.001237540 0.988779724 0.149375632 0.272774994 0.004656538 -0.149368420 0.988770664 0.064785935
0.999983966 0.003130152 -0.004716627 -0.012054786 -0.002400418 0.989064217 0.147465840 0.254703641 0.005126637 -0.147452161 0.989055932 0.059593927
0.999971151 0.007532380 -0.000974508 -0.013078032 -0.007321554 0.990109146 0.140107900 0.228931963 0.002020215 -0.140096724 0.990135789 0.053857416
0.999934196 0.010921668 0.003514652 -0.013028188 -0.011282738 0.991648912 0.128472239 0.198776230 -0.002082170 -0.128503442 0.991706848 0.048627406
0.999799550 0.017109888 0.010399631 -0.013144810 -0.018198920 0.993118763 0.115688801 0.162841618 -0.008348647 -0.115854874 0.993231058 0.040758427
0.999486566 0.024178337 0.021024214 -0.013930747 -0.026189223 0.994508982 0.101321384 0.124967650 -0.018458987 -0.101819977 0.994631588 0.033068821
0.998964369 0.032424856 0.031918366 -0.014245140 -0.035070192 0.995665252 0.086143740 0.085014157 -0.028986808 -0.087173916 0.995771289 0.025052357
0.998666048 0.036614444 0.036407720 -0.015820172 -0.039126117 0.996719062 0.070853442 0.045617655 -0.033694010 -0.072183415 0.996822059 0.017317250
0.998592675 0.038452003 0.036525354 -0.017916024 -0.040433768 0.997658253 0.055164710 0.012971424 -0.034318626 -0.056563936 0.997808993 0.010465049
0.998780370 0.035984624 0.033806201 -0.018213034 -0.037407745 0.998397946 0.042452265 -0.021969689 -0.032224413 -0.043665100 0.998526394 0.001964869
0.998835266 0.033690091 0.034540750 -0.018607961 -0.034702402 0.998972774 0.029139476 -0.052624281 -0.033523560 -0.030304184 0.998978376 -0.003691908
0.998980165 0.028026242 0.035399243 -0.019057566 -0.028512459 0.999504864 0.013305829 -0.081049800 -0.035008803 -0.014301579 0.999284685 -0.010148827
0.999037802 0.024640657 0.036280535 -0.019256897 -0.024574876 0.999695420 -0.002257993 -0.107825898 -0.036325127 0.001364230 0.999339104 -0.017029598
0.999151170 0.020175582 0.035915211 -0.017600203 -0.019452421 0.999603212 -0.020372102 -0.128271580 -0.036311977 0.019656172 0.999147177 -0.021117888
0.999146402 0.021661818 0.035174631 -0.017709950 -0.020421721 0.999170184 -0.035240021 -0.146419004 -0.035908803 0.034491610 0.998759687 -0.030113736
0.999104738 0.022032127 0.036115676 -0.016879732 -0.020373452 0.998748899 -0.045668498 -0.154837951 -0.037076667 0.044891812 0.998303592 -0.033059202
0.998840034 0.026695091 0.040073756 -0.015208749 -0.024722759 0.998496115 -0.048931394 -0.152363852 -0.041319717 0.047883902 0.997997880 -0.032528225
0.998272419 0.037683308 0.045079216 -0.012219152 -0.036167808 0.998768032 -0.033974908 -0.126416549 -0.046303965 0.032285795 0.998405516 -0.027891088
0.998265088 0.035449605 0.047012061 -0.011351894 -0.034504917 0.999188960 -0.020756431 -0.105442069 -0.047709741 0.019098274 0.998678625 -0.023741683
0.998441637 0.032898773 0.045076802 -0.009358050 -0.032585490 0.999439538 -0.007667469 -0.078604877 -0.045303792 0.006186671 0.998954117 -0.016782954
0.998659194 0.030005291 0.042184111 -0.003637069 -0.030436113 0.999490559 0.009607849 -0.019071333 -0.041874330 -0.010878886 0.999063671 0.003824894
0.998868704 0.026741631 0.039321277 -0.001351233 -0.027263846 0.999546230 0.012804958 0.013511599 -0.038961012 -0.013862521 0.999144554 0.012501582
0.999022305 0.027748078 0.034415584 -0.002328268 -0.028318420 0.999467731 0.016196864 0.047946818 -0.033947837 -0.017155623 0.999276340 0.018230360
0.999140143 0.026242984 0.032098439 -0.000855899 -0.026927689 0.999414921 0.021088343 0.080542929 -0.031526234 -0.021934547 0.999262214 0.025460403
0.999344707 0.022026842 0.028721899 -0.000602974 -0.022918327 0.999253869 0.031087851 0.112816811 -0.028015703 -0.031725738 0.999103904 0.032693639
0.999259233 0.019380203 0.033247322 -0.000384450 -0.020849923 0.998794258 0.044443954 0.144561335 -0.032345906 -0.045104239 0.998458505 0.039739922
0.999192417 0.015534505 0.037056159 -0.000293486 -0.017744634 0.998035848 0.060079362 0.175265789 -0.036050070 -0.060688395 0.997505546 0.047157444
0.999042451 0.016666284 0.040452968 -0.000146297 -0.019736914 0.996856213 0.076734245 0.202093571 -0.039046917 -0.077459186 0.996230602 0.053688940
0.999041259 0.017986156 0.039913408 -0.000818097 -0.021674756 0.995336592 0.093995921 0.223725393 -0.038036652 -0.094770916 0.994772196 0.058222584
0.999298632 0.017939925 0.032868676 -0.002565654 -0.021754637 0.992578268 0.119645856 0.250572741 -0.030478297 -0.120276995 0.992272377 0.062042058
0.999353826 0.018415391 0.030867366 -0.003595135 -0.022188064 0.991690993 0.126714706 0.251006812 -0.028277388 -0.127317727 0.991458833 0.061993390
0.999518692 0.017124977 0.025866428 -0.008516735 -0.020209197 0.992061913 0.124115847 0.219263077 -0.023535619 -0.124578856 0.991930544 0.053192277
0.999542654 0.017088020 0.024950804 -0.010726877 -0.019768519 0.993570924 0.111472115 0.195362836 -0.022885555 -0.111914366 0.993454278 0.047296647
0.999414623 0.020025151 0.027738016 -0.013117271 -0.022259889 0.996321559 0.082751803 0.137635231 -0.025978867 -0.083320804 0.996184111 0.034663565
0.999297738 0.020680027 0.031247569 -0.014089214 -0.022903031 0.997102141 0.072544731 0.105762802 -0.029656792 -0.073209442 0.996875525 0.027468560
0.998992622 0.025097309 0.037201032 -0.014843781 -0.027547536 0.997380257 0.066885948 0.071974076 -0.035424918 -0.067843363 0.997066855 0.017939018
0.998769403 0.025352266 0.042625934 -0.015000454 -0.027971178 0.997683525 0.062009674 0.039423693 -0.040955104 -0.063125663 0.997164905 0.009890513
0.998693228 0.024127072 0.045052212 -0.014581984 -0.026691912 0.998004436 0.057224911 0.007542572 -0.043581638 -0.058352660 0.997344255 0.001962879
0.998345494 0.015354348 0.055412255 -0.011630028 -0.017643156 0.999001086 0.041055050 -0.057086278 -0.054726534 -0.041964773 0.997619152 -0.010269957
0.997864664 0.010774752 0.064420827 -0.009668597 -0.012586800 0.999534547 0.027788941 -0.089381941 -0.064091422 -0.028540455 0.997535825 -0.016750049
0.997475743 0.006044665 0.070749916 -0.007978022 -0.006876178 0.999910057 0.011515194 -0.118976913 -0.070673950 -0.011972616 0.997427642 -0.023768209
0.996986628 0.005503722 0.077378318 -0.003383293 -0.003734671 0.999728739 -0.022988508 -0.166849270 -0.077483848 0.022630250 0.996736765 -0.038368758
0.996986210 0.008372152 0.077125669 -0.002543496 -0.005785068 0.999415040 -0.033706311 -0.179589406 -0.077362746 0.033158552 0.996451437 -0.042789150
0.996451855 0.015131464 0.082793549 -0.000486523 -0.011957349 0.999179304 -0.038700148 -0.181678489 -0.083311185 0.037572846 0.995814979 -0.044002756
0.996294260 0.019009991 0.083882779 -0.000054833 -0.015997985 0.999207973 -0.036434572 -0.170901075 -0.084508955 0.034957599 0.995809317 -0.040901180
0.996549845 0.020212663 0.080497600 0.000857724 -0.017967647 0.999431849 -0.028516669 -0.131231174 -0.081028260 0.026971929 0.996346772 -0.028392332
0.996653736 0.021354564 0.078900762 0.002675355 -0.019529212 0.999525130 -0.023834530 -0.104769148 -0.079372264 0.022213902 0.996597528 -0.019925850
0.997039557 0.019536059 0.074367076 0.004821112 -0.018165600 0.999653280 -0.019060381 -0.075585514 -0.074713662 0.017653033 0.997048736 -0.010872936
0.997293234 0.023272019 0.069746725 0.007473639 -0.022446979 0.999668777 -0.012589693 -0.043417744 -0.070016615 0.010990012 0.997485280 -0.002152537
0.997440636 0.024550265 0.067152686 0.007321478 -0.024246769 0.999691784 -0.005330895 -0.009197400 -0.067262866 0.003689016 0.997728467 0.008653884
0.997384608 0.028178167 0.066558182 0.009819653 -0.028460924 0.999589443 0.003303711 0.024554901 -0.066437766 -0.005189378 0.997777104 0.017676461
0.996959805 0.030994112 0.071488231 0.012016704 -0.032090820 0.999383450 0.014243646 0.058983617 -0.071002692 -0.016494457 0.997339725 0.027484411
0.997453809 0.027360976 0.065857626 0.012391847 -0.029447947 0.999087691 0.030929640 0.092806704 -0.064951278 -0.032790259 0.997349560 0.033446345
0.997906864 0.018347306 0.062010434 0.013584824 -0.021593584 0.998408794 0.052092440 0.123592101 -0.060956005 -0.053322434 0.996715128 0.043462619
0.998283327 0.010228266 0.057669442 0.013772138 -0.014568911 0.997050166 0.075357191 0.153104305 -0.056728553 -0.076068006 0.995487571 0.049912337
0.998374462 0.004359558 0.056828041 0.013959073 -0.009801604 0.995348513 0.095839851 0.179878205 -0.056145888 -0.096241064 0.993773282 0.055455510
0.998262644 0.009413408 0.058164053 0.014953129 -0.016412631 0.992509782 0.121057868 0.225985184 -0.056588821 -0.121802181 0.990939915 0.064180486
0.998332739 0.015886167 0.055492088 0.014710432 -0.022846857 0.991620600 0.127148122 0.242867604 -0.053007200 -0.128203958 0.990330219 0.066262968
0.998853683 0.021714859 0.042658508 0.011816030 -0.027098700 0.991145313 0.129987136 0.259161353 -0.039458126 -0.130994126 0.990597606 0.065691262
0.999103487 0.021314599 0.036577865 0.009955630 -0.025881197 0.991267681 0.129300043 0.258672804 -0.033502482 -0.130130813 0.990930676 0.063976891
0.999225199 0.022113727 0.032556944 0.008558939 -0.026159672 0.991219342 0.129614428 0.248729199 -0.029404813 -0.130365685 0.991029859 0.061724726
0.999244690 0.023582242 0.030886160 0.006410282 -0.027304374 0.991624057 0.126238808 0.209245890 -0.027650466 -0.126986787 0.991518915 0.053664040
0.999196291 0.024534011 0.031699426 0.005572966 -0.028250074 0.992045581 0.122668155 0.185408309 -0.028437736 -0.123465084 0.991941392 0.049517978
0.999035716 0.027556840 0.034180079 0.004938830 -0.031444550 0.992398202 0.118983582 0.155873284 -0.030641438 -0.119943619 0.992307723 0.044164103
0.998569191 0.033704802 0.041516345 0.005974265 -0.038279325 0.992646575 0.114836678 0.120682016 -0.037340511 -0.116261587 0.992516458 0.038937170
0.998082578 0.038720451 0.048289753 0.006277745 -0.043749429 0.993203640 0.107854091 0.086077571 -0.043785401 -0.109759934 0.992993236 0.033283405
0.997773588 0.041021273 0.052584339 0.004807243 -0.046050496 0.994090617 0.098301321 0.050972339 -0.048241157 -0.100503996 0.993766427 0.026012672
0.997654021 0.039518997 0.055899151 0.004297975 -0.044179559 0.995421708 0.084757045 0.013929617 -0.052293718 -0.087027803 0.994832397 0.019671723
0.997042179 0.035874430 0.067969553 0.003357831 -0.039082151 0.998154998 0.046466555 -0.059414160 -0.066177197 -0.048985515 0.996604741 0.006799238
0.996620715 0.036039725 0.073812328 0.002782012 -0.037960105 0.998971939 0.024781089 -0.093345344 -0.072843336 -0.027499270 0.996964216 0.001545616
0.996065021 0.035366058 0.081263334 0.002040191 -0.035865769 0.999345601 0.004697330 -0.124034643 -0.081044033 -0.007593418 0.996681571 -0.005770492
0.995766699 0.035954084 0.084592819 0.000831909 -0.035059098 0.999312699 -0.012042266 -0.152033016 -0.084967643 0.009025541 0.996342838 -0.016001709
0.995771348 0.031632833 0.086248599 -0.000303283 -0.029539289 0.999239743 -0.025442813 -0.175019994 -0.086987861 0.022787500 0.995948732 -0.023498284
0.996007562 0.028283296 0.084670186 0.000407057 -0.025361216 0.999051690 -0.035390425 -0.193623692 -0.085590854 0.033101793 0.995780349 -0.029126007
0.995967865 0.022193763 0.086922340 -0.001590024 -0.018763307 0.999020040 -0.040085942 -0.204601884 -0.087726824 0.038293362 0.995408297 -0.036212679
0.995696545 0.019675072 0.090561144 -0.001816119 -0.016162258 0.999094367 -0.039360724 -0.208030179 -0.091253556 0.037727661 0.995112777 -0.037064865
0.995419383 0.017145060 0.094054535 -0.001798019 -0.013812087 0.999257267 -0.035973884 -0.204533070 -0.094601452 0.034510016 0.994916916 -0.035683040
0.994924843 0.014618817 0.099553391 -0.002099178 -0.012151570 0.999604940 -0.025344620 -0.180699676 -0.099884570 0.024006261 0.994709373 -0.025879314
0.993542254 0.021569075 0.111394003 0.001851479 -0.020285336 0.999714255 -0.012644983 -0.138027012 -0.111634910 0.010303660 0.993695855 -0.010035838
0.992219329 0.036495548 0.119033016 0.006270120 -0.036690909 0.999326527 -0.000550567 -0.086158648 -0.118972935 -0.003821146 0.992890120 0.007092467
0.991960227 0.040500008 0.119894147 0.009282265 -0.041571394 0.999114752 0.006447499 -0.060258277 -0.119526878 -0.011379830 0.992765725 0.015479052
0.993074775 0.045611348 0.108268663 0.014307704 -0.048752483 0.998458147 0.026543617 -0.007465160 -0.106891036 -0.031638164 0.993767262 0.029528691
0.995439470 0.046007797 0.083567955 0.016366493 -0.050379917 0.997427881 0.050984785 0.038942382 -0.081007309 -0.054962412 0.995196939 0.030617146
0.996597648 0.041249201 0.071355514 0.016647618 -0.045912251 0.996828914 0.064993560 0.057443444 -0.068448313 -0.068048522 0.995331228 0.029383700
0.997694314 0.035177227 0.058039416 0.018262861 -0.039732721 0.996058643 0.079300106 0.071605317 -0.055021103 -0.081423327 0.995159745 0.027189445
0.998288453 0.029589554 0.050443687 0.017233543 -0.034324382 0.994814336 0.095740855 0.083537348 -0.047349170 -0.097308442 0.994127333 0.022939244
0.998945713 0.020258484 0.041195150 0.017195860 -0.024707744 0.993564844 0.110536754 0.092483878 -0.038690750 -0.111438051 0.993017912 0.019960532
0.999341965 0.013418143 0.033698928 0.016640803 -0.017663265 0.991485000 0.129017621 0.097152933 -0.031680804 -0.129527956 0.991069555 0.015117823
0.999586523 0.002560174 0.028639793 0.015659971 -0.007365548 0.985594034 0.168968067 0.100171380 -0.027794622 -0.169109151 0.985205352 0.005779659
0.999387264 -0.002715556 0.034895185 0.015416224 -0.004065813 0.981229007 0.192803234 0.100358643 -0.034763735 -0.192826986 0.980616748 0.002480021
0.998088896 -0.010441144 0.060905486 0.014078079 -0.004413744 0.971058607 0.238800675 0.098883793 -0.061636150 -0.238613129 0.969156742 -0.002964797
0.997345090 -0.016505640 0.070924923 0.011900751 -0.002310203 0.966311276 0.257365912 0.097234234 -0.072783545 -0.256846458 0.963707685 -0.006022783
0.996772289 -0.026085855 0.075924262 0.006850192 0.002729345 0.956201375 0.292696923 0.094870262 -0.080234140 -0.291544944 0.953186274 -0.014653695
0.996552706 -0.032171767 0.076469958 0.005887085 0.006711635 0.949990690 0.312206089 0.093776166 -0.082689971 -0.310616612 0.946931720 -0.019216157
0.996049762 -0.044169664 0.077031910 0.004093904 0.014331854 0.936101019 0.351439178 0.094599970 -0.087632596 -0.348946929 0.933036208 -0.030899370
0.996038437 -0.045021579 0.076684266 0.004208888 0.013524162 0.929024696 0.369770467 0.095838338 -0.087889224 -0.367268503 0.925953209 -0.037055496
0.996117711 -0.044232868 0.076111190 0.005452186 0.011503579 0.922587276 0.385616928 0.096370898 -0.087276153 -0.383244306 0.919514358 -0.042908318
0.996658862 -0.041588411 0.070296168 0.010857334 0.009590697 0.914294899 0.404935628 0.094619155 -0.081112057 -0.402908474 0.911638975 -0.051633880
0.996611595 -0.043167226 0.070013456 0.015209110 0.011053238 0.913780153 0.406058699 0.092483610 -0.081505336 -0.403908938 0.911161065 -0.053489983
0.997028172 -0.043702915 0.063441925 0.024069674 0.015182971 0.918837011 0.394345075 0.088500798 -0.075526811 -0.392209917 0.916769922 -0.054075215
0.997274339 -0.043239180 0.059785493 0.028805535 0.016811401 0.922137558 0.386496723 0.086738274 -0.071842246 -0.384438157 0.920351028 -0.052696161
0.997469604 -0.041035663 0.058055356 0.032523800 0.015979044 0.925110817 0.379360884 0.086181976 -0.069274962 -0.377473265 0.923425674 -0.051056534
0.997800231 -0.036149435 0.055568680 0.034599453 0.012776481 0.927387953 0.373882860 0.086024582 -0.065049380 -0.372350425 0.925809801 -0.049033627
0.998114467 -0.033088125 0.051697571 0.035641503 0.011658732 0.929126441 0.369578362 0.085719310 -0.060262237 -0.368278801 0.927760303 -0.046950620
0.998503327 -0.026537368 0.047821559 0.036751613 0.007120343 0.930026412 0.367423654 0.085010156 -0.054225773 -0.366533220 0.928823471 -0.044518687
0.998687208 -0.023755908 0.045382291 0.037742797 0.005355428 0.929525375 0.368719250 0.084198385 -0.050943255 -0.367992133 0.928432345 -0.042036064
0.998857379 -0.019514676 0.043624792 0.039267275 0.001827198 0.927758157 0.373177499 0.083202899 -0.047755692 -0.372671396 0.926733732 -0.039768308
0.998926699 -0.016474480 0.043289591 0.041923724 -0.001097468 0.925927520 0.377699703 0.082468078 -0.046305429 -0.377341837 0.924915671 -0.037248086
0.999010324 -0.015492294 0.041694004 0.045885857 -0.001536553 0.924801707 0.380446434 0.081554703 -0.044452671 -0.380133986 0.923862636 -0.034581870
0.998964608 -0.016922556 0.042230148 0.051460110 -0.000510091 0.924020767 0.382341921 0.080745161 -0.045491736 -0.381967604 0.923055410 -0.031608395
0.998886883 -0.019209884 0.043080736 0.059099462 0.001218688 0.923521340 0.383545160 0.079835482 -0.047153834 -0.383065760 0.922516763 -0.028422076
0.998745799 -0.021565642 0.045185775 0.068689004 0.002506060 0.922884107 0.385069668 0.078756809 -0.050005510 -0.384473503 0.921780646 -0.024924155
0.998603404 -0.024512336 0.046801150 0.079634540 0.004513224 0.922192931 0.386703759 0.077712521 -0.052638702 -0.385952502 0.921015620 -0.021621965
0.998433471 -0.028997499 0.047851935 0.092173621 0.008116518 0.921241701 0.388906002 0.076740079 -0.055360496 -0.387908340 0.920033872 -0.018448075
0.998274446 -0.032668442 0.048794478 0.106754571 0.011020707 0.920424700 0.390764564 0.075208850 -0.057677314 -0.389552504 0.919196486 -0.016728846
0.998085380 -0.036639698 0.049831372 0.122761264 0.014196791 0.919857442 0.391995877 0.073876865 -0.060200367 -0.390537888 0.918616414 -0.014726859
0.997753739 -0.041118328 0.052884240 0.140005648 0.017178774 0.920107067 0.391290069 0.072164051 -0.064748354 -0.389502645 0.918746650 -0.012587823
0.996813357 -0.050878402 0.061437495 0.176775903 0.023678277 0.924196959 0.381181568 0.067484945 -0.076174252 -0.378512114 0.922456563 -0.007694771
0.996106625 -0.057258550 0.067030407 0.196363479 0.028086353 0.926857829 0.374360502 0.065905787 -0.083562993 -0.371020317 0.924857378 -0.005280651
0.995277405 -0.062107775 0.074602343 0.214570343 0.030333485 0.929032087 0.368753672 0.063554026 -0.092210434 -0.364749253 0.926528573 -0.002320460
0.994477928 -0.067432635 0.080414675 0.232991964 0.033334821 0.929534793 0.367224485 0.062292386 -0.099511154 -0.362516016 0.926649690 -0.000094879
0.992701054 -0.074702583 0.094679423 0.268406183 0.033723429 0.925686300 0.376785904 0.063372128 -0.115790330 -0.370842844 0.921448946 0.003253028
0.990362048 -0.083185941 0.110739104 0.300133109 0.032774322 0.917589664 0.396175504 0.066960670 -0.134569287 -0.388727784 0.911472321 0.005264821
0.989955604 -0.086420514 0.111890092 0.312560320 0.034359001 0.914758325 0.402537823 0.068674080 -0.137139916 -0.394650161 0.908539414 0.006825831
0.989841938 -0.086039551 0.113182105 0.323666632 0.032946229 0.913236082 0.406096548 0.070491448 -0.138302341 -0.398242444 0.906794012 0.008022356
0.989971399 -0.085646451 0.112344570 0.332966119 0.032840744 0.912998497 0.406639010 0.072788231 -0.137397602 -0.398871511 0.906655073 0.009835305
0.990112960 -0.086067855 0.110763758 0.339952052 0.034120642 0.913692117 0.404972136 0.074382052 -0.136059061 -0.397188842 0.907595158 0.010800190
0.990296006 -0.087409638 0.108043283 0.344626606 0.036925696 0.914985240 0.401794165 0.075383060 -0.133978695 -0.393905610 0.909333885 0.011454944
0.990626276 -0.089513227 0.103184216 0.347551107 0.041711792 0.917518735 0.395499080 0.076974213 -0.130075842 -0.387487799 0.912651896 0.011199741
0.990528226 -0.090841889 0.102964215 0.346002638 0.043158140 0.917841315 0.394594342 0.077725820 -0.130350500 -0.386413068 0.913068295 0.010810794
0.990253568 -0.089519113 0.106696717 0.342644542 0.040324807 0.917548776 0.395573258 0.078004420 -0.133310810 -0.387415290 0.912215769 0.009827993
0.990097642 -0.088336363 0.109102540 0.337061137 0.038308278 0.917712569 0.395393670 0.077161148 -0.135052413 -0.387298822 0.912009060 0.008489845
0.990116358 -0.088445544 0.108844049 0.328916103 0.038620606 0.918017924 0.394653678 0.075866103 -0.134826154 -0.386549413 0.912360370 0.006616365
0.990375161 -0.087362602 0.107353888 0.318951368 0.038338896 0.918432832 0.393714666 0.074631736 -0.132993281 -0.385809362 0.912942469 0.004344564
0.990791738 -0.087645978 0.103198692 0.306961119 0.040108580 0.917990744 0.394568503 0.074382201 -0.129317775 -0.386796057 0.913052976 0.001581880
0.991530061 -0.084508494 0.098622680 0.293660074 0.038667943 0.917000592 0.397007197 0.075180992 -0.123987526 -0.389831036 0.912501454 -0.001146506
0.992619812 -0.081420578 0.089869954 0.262578219 0.038750902 0.915194988 0.401144058 0.076965481 -0.114909910 -0.394700974 0.911595762 -0.005595674
0.993195534 -0.080203123 0.084440008 0.244328916 0.039842464 0.915317476 0.400757462 0.077490263 -0.109431416 -0.394666225 0.912284672 -0.007787263
0.993836641 -0.077198155 0.079555809 0.224989429 0.039199859 0.916031122 0.399187088 0.077663690 -0.103692099 -0.393608212 0.913411498 -0.010321453
0.994499981 -0.073754124 0.074365050 0.204478085 0.038482621 0.917664230 0.395488888 0.077405713 -0.097411081 -0.390451938 0.915455282 -0.013284044
0.995184958 -0.069876805 0.068732418 0.183247566 0.037621867 0.919858336 0.390442371 0.076664343 -0.090506949 -0.385976553 0.918058038 -0.016588645
0.995890021 -0.064601563 0.063480191 0.161338910 0.035261385 0.922141194 0.385243088 0.075130165 -0.083425008 -0.381421357 0.920629144 -0.020922886
0.996337652 -0.061476447 0.059429765 0.138994798 0.034330383 0.924165964 0.380445480 0.073692761 -0.078311399 -0.377011895 0.922891855 -0.024070209
0.996707737 -0.058955994 0.055658512 0.115583412 0.033631261 0.925264657 0.377828300 0.072354659 -0.073774092 -0.374712527 0.924201250 -0.026907630
0.997093081 -0.056256726 0.051386580 0.091649443 0.032664500 0.924917459 0.378762096 0.071214519 -0.068836257 -0.375982553 0.924066365 -0.030242631
0.997580230 -0.051528029 0.046675269 0.067382939 0.029905766 0.924091756 0.380998850 0.071002007 -0.062764347 -0.378681064 0.923396587 -0.033092514
0.997964740 -0.048147663 0.041811831 0.042924788 0.028376043 0.922484159 0.384990692 0.071981616 -0.057107151 -0.383020699 0.921972871 -0.035349436
0.998365045 -0.042320903 0.038421191 0.018656066 0.024104510 0.921197355 0.388348281 0.073204160 -0.051828749 -0.386787236 0.920711339 -0.036863234
0.998605967 -0.037982017 0.036654077 -0.004996163 0.020751635 0.921000421 0.389008522 0.074361250 -0.048533745 -0.387705564 0.920504689 -0.038646329
0.998737395 -0.036401972 0.034619357 -0.029015549 0.020168535 0.921718359 0.387335151 0.075698376 -0.046009060 -0.386147887 0.921288729 -0.040313356
0.999065638 -0.032148097 0.028885834 -0.075343899 0.018671390 0.923820138 0.382371277 0.079239838 -0.038977824 -0.381474644 0.923557162 -0.043029815
0.999222338 -0.029416773 0.026254972 -0.100150011 0.017252609 0.924940228 0.379720956 0.081081405 -0.035454445 -0.378972679 0.924728453 -0.045393400
0.999345422 -0.027281217 0.023758713 -0.123286948 0.016267810 0.925484180 0.378436834 0.083215035 -0.032312527 -0.377802640 0.925322175 -0.046903066
0.999701917 -0.022500021 0.009478026 -0.167112559 0.017161002 0.923703551 0.382723540 0.088898152 -0.017366175 -0.382446796 0.923814297 -0.049461368
0.999820948 -0.018801227 0.002151931 -0.186699226 0.016485825 0.921188354 0.388767481 0.092178002 -0.009291640 -0.388662398 0.921333373 -0.050627820
0.999770284 -0.015177317 -0.015134545 -0.222183660 0.019938614 0.917658389 0.396869689 0.098915562 0.007864926 -0.397080272 0.917750180 -0.053563513
0.999617994 -0.013654443 -0.024028540 -0.237142354 0.022057652 0.918001115 0.395963848 0.101428255 0.016651560 -0.396342635 0.917951643 -0.054499511
0.999308109 -0.010117134 -0.035790581 -0.259417892 0.023108320 0.922909558 0.384322733 0.102999255 0.029143225 -0.384883851 0.922504783 -0.056233823
0.999091446 -0.009852734 -0.041463166 -0.266672909 0.024805792 0.925563335 0.377779275 0.102803253 0.034654625 -0.378464550 0.924966812 -0.057019856
0.999035656 -0.006988524 -0.043345924 -0.271019787 0.022658054 0.927694082 0.372653037 0.101216696 0.037607465 -0.373275787 0.926957846 -0.061249547
0.999318421 -0.004868271 -0.036591932 -0.262372971 0.018298276 0.926238537 0.376493514 0.100274213 0.032059982 -0.376906455 0.925696313 -0.064650960
0.999503195 -0.004428058 -0.031205306 -0.253465354 0.015899394 0.925711095 0.377897054 0.099511273 0.027213747 -0.378205448 0.925321579 -0.066066034
0.999852717 -0.004989707 -0.016422441 -0.227300242 0.010792395 0.926761806 0.375494450 0.096730888 0.013346083 -0.375616401 0.926679134 -0.069189250
0.999949694 -0.004644798 -0.008889631 -0.211608306 0.007625265 0.927822590 0.372943789 0.094741046 0.006515753 -0.372992843 0.927811325 -0.067913949
0.999981821 -0.005187995 -0.003063887 -0.193995655 0.005953528 0.928985178 0.370069087 0.092672475 0.000926389 -0.370080590 0.928999186 -0.069341794
0.999918818 -0.008545505 0.009454601 -0.154701710 0.004454470 0.929434299 0.368960768 0.089827009 -0.011940387 -0.368888706 0.929396868 -0.070533648
0.999824286 -0.012078185 0.014334715 -0.132971197 0.005885068 0.928327024 0.371718019 0.089121185 -0.017796982 -0.371568352 0.928234994 -0.068479128
0.999746919 -0.016288493 0.015518721 -0.111066744 0.009242176 0.926250339 0.376795590 0.088679112 -0.020511653 -0.376556814 0.926166415 -0.067945637
0.999629259 -0.021066550 0.017250318 -0.088290587 0.012865543 0.923807740 0.382640421 0.088609427 -0.023996893 -0.382276595 0.923736274 -0.066815324
0.999542356 -0.023448609 0.019112146 -0.063537896 0.014180676 0.921268702 0.388668120 0.087505519 -0.026721148 -0.388219237 0.921179593 -0.065902807
0.999441087 -0.024927823 0.022273965 -0.038997244 0.014235770 0.920233250 0.391111284 0.086921968 -0.030246798 -0.390575618 0.920073807 -0.064517617
0.999412835 -0.025638342 0.022730593 -0.015198690 0.014708509 0.920187891 0.391200572 0.086801469 -0.030946150 -0.390636533 0.920024693 -0.062523469
0.999424100 -0.026815835 0.020793650 0.007864648 0.016601212 0.920833349 0.389602780 0.086389884 -0.029595010 -0.389033198 0.920748234 -0.060699351
0.999427259 -0.028159723 0.018766947 0.030488167 0.018662844 0.921269298 0.388477296 0.085552774 -0.028228823 -0.387904555 0.921267152 -0.058750637
0.999334693 -0.031473026 0.018428260 0.052240934 0.021848930 0.921204925 0.388463765 0.084736392 -0.029202333 -0.387802690 0.921279728 -0.056589294
0.999252617 -0.033624105 0.019069539 0.072979219 0.023536399 0.920570791 0.389865935 0.084223032 -0.030663753 -0.389125705 0.920674145 -0.054288208
0.999137878 -0.035874151 0.020893579 0.092655666 0.024809137 0.919478178 0.392357439 0.084409989 -0.033286680 -0.391500801 0.919575512 -0.051758334
0.998979390 -0.038139541 0.024198961 0.110715732 0.025492663 0.918334246 0.394984037 0.085479878 -0.037287243 -0.393964022 0.918369234 -0.048656370
0.998756289 -0.040915303 0.028492566 0.126489952 0.026232868 0.917202830 0.397556037 0.087124914 -0.042399589 -0.396314174 0.917135417 -0.045670189
0.998512924 -0.043942679 0.032263409 0.139844090 0.027456578 0.916655242 0.398734659 0.089293703 -0.047095891 -0.397255868 0.916498661 -0.042565104
0.998280704 -0.047660295 0.034119774 0.150956079 0.030122381 0.916502178 0.398893982 0.092082813 -0.050282251 -0.397180408 0.916362047 -0.038681265
0.998047113 -0.048474491 0.039397642 0.161424354 0.028878979 0.917326093 0.397088051 0.094884068 -0.055389121 -0.395174801 0.916934550 -0.034233727
0.997360051 -0.051798560 0.050890803 0.170799062 0.027868100 0.920200408 0.390454292 0.097463436 -0.067054704 -0.388005257 0.919214666 -0.029156590
0.996049643 -0.057196315 0.067924492 0.178715378 0.027332399 0.925269067 0.378325373 0.100061409 -0.084487252 -0.374974281 0.923177242 -0.022471679
0.994845390 -0.059796683 0.081896372 0.184993982 0.026309201 0.932179987 0.361037761 0.101904877 -0.097931020 -0.357022136 0.928948164 -0.016753806
0.993835509 -0.059204541 0.093732633 0.189612627 0.023792423 0.939668894 0.341256946 0.103298485 -0.108281605 -0.336923152 0.935284913 -0.011533859
0.991284192 -0.057332009 0.118611656 0.196845815 0.019157095 0.953501105 0.300779998 0.102448791 -0.130340666 -0.295886219 0.946288884 -0.002685263
0.989958107 -0.058700457 0.128597140 0.200465217 0.019888200 0.958493590 0.284419477 0.099853620 -0.139955103 -0.279005826 0.950035989 0.000158161
0.986965299 -0.069531083 0.145137802 0.206668809 0.027444527 0.961358190 0.273929238 0.096646599 -0.158575997 -0.266375422 0.950735390 0.008252298
0.985308945 -0.077342398 0.152264342 0.211173460 0.031828366 0.959115803 0.281218499 0.095154852 -0.167789236 -0.272240788 0.947487056 0.013818663
0.983028829 -0.087436765 0.161273390 0.217132896 0.037714649 0.956653178 0.288777173 0.093321845 -0.179532439 -0.277793944 0.943715334 0.021294028
0.980656981 -0.096675977 0.170192942 0.223330662 0.042476486 0.953900874 0.297100723 0.091195591 -0.191069707 -0.284124672 0.939556003 0.029824886
0.978322148 -0.106014065 0.177895397 0.230552346 0.047483183 0.950978220 0.305590928 0.088912167 -0.201571584 -0.290519357 0.935396910 0.039587483
0.976600111 -0.112693980 0.183172986 0.237685770 0.050245494 0.947703958 0.315170825 0.086720780 -0.209111616 -0.298592210 0.931190133 0.050214626
0.975560069 -0.119058944 0.184682295 0.249275789 0.052094303 0.941841662 0.331994772 0.080622815 -0.213468418 -0.314259946 0.925025344 0.073248684
0.975797892 -0.124278232 0.179925963 0.251899213 0.057069007 0.939019740 0.339094490 0.076351613 -0.211096093 -0.320619494 0.923385918 0.086334243
0.977368295 -0.124381796 0.171115041 0.252922177 0.059014086 0.937083244 0.344081938 0.071699277 -0.203146577 -0.326196611 0.923215747 0.100046799
0.982228875 -0.115294725 0.148099735 0.247416839 0.059089169 0.938912451 0.339045554 0.061189197 -0.178142861 -0.324269265 0.929039598 0.130976155
0.985210299 -0.105578370 0.134958684 0.241116747 0.055851288 0.942474306 0.329579681 0.055646755 -0.161991596 -0.317167670 0.934432149 0.146239549
0.988407433 -0.093197539 0.119853921 0.232523352 0.050553251 0.946400940 0.319013566 0.050703246 -0.143161148 -0.309256405 0.940141141 0.161268041
0.993764639 -0.066949122 0.089160614 0.208341226 0.036722109 0.951572776 0.305222541 0.043018889 -0.105277188 -0.300045222 0.948097885 0.190041929
0.996161282 -0.054694075 0.068346895 0.192149326 0.031514931 0.952501357 0.302899361 0.040760037 -0.081667311 -0.299582660 0.950568616 0.203742057
0.999329925 -0.033683870 0.014322512 0.150236309 0.027692847 0.951659918 0.305902809 0.037399255 -0.023934152 -0.305301219 0.951955020 0.220618829
0.999661505 -0.022267217 -0.013453334 0.125120759 0.025346136 0.950172007 0.310693920 0.037795283 0.005864694 -0.310929775 0.950414836 0.225046262
0.999112248 -0.010997606 -0.040666610 0.097997271 0.023310060 0.948402643 0.316210538 0.038895167 0.035090759 -0.316877753 0.947817028 0.225693822
0.995401084 0.013948814 -0.094773836 0.037493303 0.017867858 0.944944859 0.326741517 0.046287172 0.094113700 -0.326932251 0.940349877 0.213546187
0.992561817 0.028376836 -0.118388079 0.008070762 0.012362479 0.943934441 0.329901457 0.047148276 0.121112145 -0.328911185 0.936562479 0.204106405
0.988940001 0.037190646 -0.143577486 -0.023098845 0.012735220 0.943183005 0.332029521 0.051179148 0.147768229 -0.330185771 0.932277799 0.190057516
0.985252142 0.041002858 -0.166123286 -0.053434622 0.016888145 0.942821503 0.332870007 0.055288672 0.170273229 -0.330766380 0.928224444 0.173195556
0.977822423 0.044780605 -0.204592213 -0.106726810 0.027422324 0.941089213 0.337044626 0.065338187 0.207632586 -0.335180193 0.918990195 0.132968605
0.975765526 0.049736712 -0.213091165 -0.128636315 0.026739184 0.939425468 0.341708750 0.072974384 0.217178732 -0.339125484 0.915329099 0.111447021
0.974763393 0.055595636 -0.216207027 -0.156973824 0.023934135 0.936884940 0.348817706 0.088187210 0.221953839 -0.345189452 0.911910474 0.066478543
0.976339996 0.054036610 -0.209380597 -0.163978219 0.023675598 0.935740530 0.351893604 0.097448669 0.214941055 -0.348524988 0.912321568 0.044410516
0.978134274 0.048491601 -0.202242211 -0.167003065 0.027282033 0.934117556 0.355921507 0.106962569 0.206177190 -0.353656590 0.912369430 0.022839423
0.983321249 0.026916049 -0.179874629 -0.160841435 0.042241506 0.928147554 0.369807810 0.126391754 0.176903963 -0.371238023 0.911530197 -0.017398534
0.986751974 0.013920894 -0.161637560 -0.150529727 0.048886918 0.924488723 0.378061771 0.136564523 0.154695049 -0.380955160 0.911560535 -0.039213166
0.993744910 -0.023118507 -0.109254867 -0.120602585 0.063885525 0.920124054 0.386381119 0.152618885 0.091595471 -0.390944093 0.915845513 -0.071736239
0.995988131 -0.045989022 -0.076763883 -0.100752227 0.072050489 0.920876384 0.383138835 0.158535376 0.053069871 -0.387132585 0.920495510 -0.085735865
0.995914638 -0.090224825 -0.003679366 -0.053790443 0.085273989 0.926299810 0.367010832 0.166484669 -0.029705290 -0.365825236 0.930209398 -0.107338898
0.993374169 -0.109465279 0.035001561 -0.026809225 0.089780621 0.929294348 0.358261734 0.168799341 -0.071743973 -0.352745503 0.932964861 -0.118277311
0.989146173 -0.127424881 0.073162436 0.001023062 0.093891807 0.931147337 0.352347702 0.169596851 -0.113022879 -0.341654032 0.933004975 -0.123666003
0.977192461 -0.161998987 0.137299612 0.058438290 0.104823761 0.930274248 0.351570576 0.167953372 -0.184680358 -0.329159886 0.926038325 -0.126828611
0.971150637 -0.173632160 0.163457200 0.086537428 0.106278375 0.928754210 0.355134487 0.166568950 -0.213474318 -0.327517152 0.920413613 -0.120630682
0.961026311 -0.186132923 0.204408973 0.145450443 0.102809772 0.926981807 0.360742152 0.160926566 -0.256629378 -0.325667441 0.909990132 -0.099419884
0.954534054 -0.184225634 0.234362319 0.201855212 0.091967687 0.929822266 0.356332034 0.151718765 -0.283560812 -0.318577319 0.904489756 -0.066171341
0.953227103 -0.177775294 0.244446501 0.228284374 0.084825508 0.933583796 0.348175108 0.145496681 -0.290108234 -0.311154664 0.904997230 -0.045563128
0.952629566 -0.169037059 0.252830654 0.271043062 0.080608770 0.941918612 0.326023936 0.129442707 -0.293256015 -0.290199697 0.910925388 0.002793638
0.953117251 -0.167739779 0.251854956 0.285077453 0.082512766 0.944826007 0.317010164 0.122638583 -0.291134357 -0.281366587 0.914370656 0.025881767
0.953624368 -0.168418363 0.249471202 0.292326033 0.086232141 0.946933448 0.309646696 0.116222449 -0.288382828 -0.273774177 0.917541862 0.047862846
0.959411025 -0.159528285 0.232553765 0.288667858 0.085388348 0.950242877 0.299578547 0.104512155 -0.268773794 -0.267561555 0.925295353 0.089824028
0.965171456 -0.148817912 0.215167940 0.276734918 0.081282794 0.952325821 0.294055462 0.100651070 -0.248670697 -0.266324520 0.931254089 0.108900405
0.978414893 -0.118060626 0.169605494 0.235730723 0.066457011 0.956899643 0.282712787 0.092103355 -0.195672691 -0.265338928 0.944090784 0.149254888
0.985270381 -0.097242147 0.140663415 0.204991236 0.055070404 0.959186971 0.277358234 0.090585418 -0.161893427 -0.265526474 0.950413704 0.160844833
0.991555750 -0.078188866 0.103458837 0.169134453 0.047284335 0.960854530 0.272988528 0.089771912 -0.120753556 -0.265791386 0.956437945 0.168442935
0.998890817 -0.038417362 0.027226241 0.090561450 0.029428355 0.960724473 0.275939196 0.092750631 -0.036757775 -0.274831921 0.960789382 0.172737643
0.999731183 -0.021231087 -0.009316308 0.051366795 0.022992523 0.959557652 0.280571759 0.096919365 0.002982692 -0.280710518 0.959787846 0.169722453
0.998940170 -0.008236453 -0.045284681 0.013608173 0.020868260 0.957973182 0.286097676 0.100235157 0.041025080 -0.286739498 0.957129776 0.165465221
0.994107783 0.016623402 -0.107113801 -0.049667470 0.015991429 0.954866767 0.296603620 0.108798660 0.107209973 -0.296568871 0.948974669 0.147292465
0.991328239 0.027958291 -0.128400177 -0.073318720 0.012063665 0.953616440 0.300782591 0.112999678 0.130853891 -0.299723238 0.945009649 0.133708164
0.989077926 0.033965599 -0.143426776 -0.091500022 0.011378523 0.952586949 0.304053664 0.117827639 0.146953851 -0.302364767 0.941796243 0.120489962
0.987389863 0.039183542 -0.153381467 -0.102242447 0.009935517 0.951635420 0.307068914 0.123199016 0.157995284 -0.304720670 0.939245880 0.106914714
0.985881329 0.044392049 -0.161453798 -0.104039811 0.009023536 0.948731005 0.315955758 0.134337038 0.167202160 -0.312951744 0.934935629 0.077562556
0.986175120 0.045167767 -0.159431875 -0.094803408 0.008439938 0.947193980 0.320549995 0.140180230 0.165491432 -0.317464024 0.933717906 0.062606633
0.989623964 0.041012928 -0.137703761 -0.060838941 0.006304072 0.945078731 0.326781988 0.154191807 0.143543169 -0.324259400 0.935014009 0.032929532
0.992364883 0.038546581 -0.117158458 -0.036745973 0.002020288 0.944699764 0.327930331 0.160828099 0.123320162 -0.325663209 0.937408984 0.020407185
0.998000085 0.023866190 -0.058534462 0.018478567 -0.003444053 0.945142090 0.326641411 0.174194500 0.063119069 -0.325786561 0.943334043 -0.002365038
0.999546766 0.010721590 -0.028129488 0.047046300 -0.000935840 0.945041239 0.326949775 0.180629417 0.030088950 -0.326775253 0.944622993 -0.013266961
0.999993980 -0.003213220 0.001312355 0.075314052 0.002602875 0.944368839 0.328878075 0.186858833 -0.002296104 -0.328872651 0.944371462 -0.026354231
0.997823417 -0.030244449 0.058597367 0.120069645 0.008651147 0.940976918 0.338360161 0.198707238 -0.065372288 -0.337116748 0.939190507 -0.053489946
0.995639265 -0.044658650 0.081902459 0.134104237 0.013906711 0.939209223 0.343063593 0.204116359 -0.092244297 -0.340428591 0.935734689 -0.068793654
0.991903722 -0.066210784 0.108365752 0.140907675 0.024786772 0.937854469 0.346142501 0.211831063 -0.124549665 -0.340653986 0.931902468 -0.101217210
0.990857244 -0.074827537 0.112262279 0.136365399 0.031764414 0.938094974 0.344918579 0.215137720 -0.131122082 -0.338199109 0.931895018 -0.115480788
0.989689589 -0.083189979 0.116592869 0.107248455 0.039252169 0.940400958 0.337794870 0.215668947 -0.137745187 -0.329735547 0.933970451 -0.154155955
0.989641070 -0.080979295 0.118545055 0.088222399 0.037270084 0.942337871 0.332581222 0.215547860 -0.138641685 -0.324717879 0.935594380 -0.174777493
0.990074158 -0.076257229 0.118059240 0.068028860 0.033815421 0.944578052 0.326540589 0.215830520 -0.136417255 -0.319307208 0.937781036 -0.195240006
