0.924455404 0.380101681 0.030081272 -2.697206974 0.167627200 -0.334292889 -0.927442551 -0.068612337 -0.342466503 0.862421751 -0.372754335 1.663818359
0.925733805 0.376243770 0.038177803 -2.679918528 0.166155815 -0.313967228 -0.934781909 -0.097976208 -0.339719236 0.871702671 -0.353165150 1.701081991
0.928103983 0.369871736 0.042636216 -2.661868095 0.163996816 -0.303306699 -0.938674629 -0.129897952 -0.334257364 0.878179848 -0.342157960 1.740095854
0.931041300 0.362457365 0.042270124 -2.644083261 0.158335596 -0.296894312 -0.941691816 -0.156750441 -0.328773379 0.883446872 -0.333810806 1.778154492
0.928349435 0.368368089 0.049721912 -2.624351501 0.158917189 -0.272407532 -0.948967695 -0.188376904 -0.336024761 0.888875365 -0.311429381 1.825490236
0.928864658 0.365790248 0.058377370 -2.614437342 0.155991018 -0.243333220 -0.957316935 -0.203138828 -0.335972071 0.898324192 -0.283083677 1.849195600
0.930272818 0.361195713 0.064266607 -2.625919580 0.148905605 -0.211645484 -0.965936601 -0.186091542 -0.335290432 0.908154190 -0.250672102 1.834424615
0.906826615 0.411764383 0.090086296 -3.341170311 0.203026533 -0.239401102 -0.949456275 1.157114983 -0.369385540 0.879282176 -0.300694346 2.922658443
0.924455404 0.380101681 0.030081272 -2.697206974 0.167627200 -0.334292889 -0.927442551 -0.068612337 -0.342466503 0.862421751 -0.372754335 1.663818359
0.917680860 0.395267516 0.040316328 -2.686945915 0.182502776 -0.329215646 -0.926450193 -0.073654771 -0.352922916 0.857543409 -0.374252319 1.678156495
0.920260489 0.387660444 0.053292200 -2.640268326 0.176850140 -0.290546894 -0.940375805 -0.135455728 -0.349062622 0.874815464 -0.335936666 1.764673829
0.926308990 0.371235728 0.064309344 -2.560460091 0.165503979 -0.247596622 -0.954622746 -0.244638681 -0.338467240 0.894919038 -0.290791988 1.923643827
0.926330090 0.367751181 0.081680417 -2.540089846 0.158078030 -0.182653308 -0.970386147 -0.279249787 -0.341941446 0.911809802 -0.227330565 1.985122681
0.925448298 0.372881353 0.067118555 -2.576245546 0.155224904 -0.211557746 -0.964960515 -0.235174656 -0.345616311 0.903439581 -0.253666162 1.923648119
0.922775626 0.379370093 0.067553565 -2.613492489 0.168116882 -0.238612533 -0.956452370 -0.185635924 -0.346730232 0.893947840 -0.283964396 1.845005870
0.923798621 0.375797033 0.073298588 -2.648177862 0.178724632 -0.253941894 -0.950563550 -0.133545280 -0.338605404 0.891229510 -0.301755309 1.764959812
0.927617908 0.365459114 0.077230886 -2.686325788 0.199020952 -0.308598161 -0.930138707 -0.064805031 -0.316094339 0.878183961 -0.358995199 1.660850763
0.926154792 0.370539397 0.070270158 -2.697057009 0.204951376 -0.338078618 -0.918530285 -0.041718841 -0.316594839 0.865103185 -0.389055729 1.631817341
0.921896279 0.379993796 0.075577691 -2.675897837 0.209997699 -0.326153755 -0.921696723 -0.068558574 -0.325589061 0.865579903 -0.380477786 1.670595169
0.918412566 0.387254000 0.080948859 -2.593581200 0.203283980 -0.286391497 -0.936298966 -0.185457468 -0.339402407 0.876364350 -0.341748118 1.822920322
0.926619053 0.361137450 0.104675405 -2.528056383 0.183337867 -0.190902829 -0.964335859 -0.275699973 -0.328274935 0.912762940 -0.243104339 1.961668015
0.949548364 0.285862684 0.128997788 -2.682495117 0.177897677 -0.152205825 -0.972206771 -0.723530054 -0.258283377 0.946105778 -0.195381165 1.942480803
1.000000000 0.000000000 0.000000000 0.000000000 0.000000000 1.000000000 0.000000000 0.000000261 0.000000000 0.000000000 1.000000000 0.000000834
0.999597430 -0.005393364 0.027855014 0.002863437 0.007551596 0.996927381 -0.077966668 -0.126989082 -0.027348923 0.078145631 0.996566772 -0.042361930
0.998901129 -0.026960060 0.038335860 0.003793006 0.030725043 0.994383395 -0.101279750 -0.178293422 -0.035390034 0.102346331 0.994119108 -0.059777513
0.998266280 -0.021352192 0.054849569 0.004192696 0.025584394 0.996652007 -0.077654809 -0.113386765 -0.053007830 0.078923479 0.995470345 -0.030546248
0.998117447 -0.015513033 0.059337121 0.006417708 0.019765988 0.997225165 -0.071772791 -0.087394193 -0.058059055 0.072810538 0.995654464 -0.019104319
0.998077929 -0.002635153 0.061915033 0.009899592 0.006236676 0.998294353 -0.058047786 -0.036971003 -0.061656460 0.058322363 0.996392012 0.003992157
0.999261916 0.006441398 0.037869878 0.010071629 -0.005378498 0.999590576 -0.028102342 0.040825520 -0.038035393 0.027877916 0.998887420 0.022743456
0.999995530 -0.002349941 -0.001863058 0.008489934 0.002372297 0.999924123 0.012089525 0.095668696 0.001834507 -0.012093891 0.999925196 0.022152167
0.999396324 -0.020175979 -0.028283494 0.006070049 0.021882202 0.997874916 0.061374627 0.120139591 0.026985096 -0.061956480 0.997713983 0.010259907
0.998987794 -0.028683189 -0.034650926 0.005631473 0.032082491 0.994277000 0.101901479 0.123315126 0.031529758 -0.102910019 0.994190812 0.000794378
0.999309063 -0.036896288 -0.004475641 0.004868960 0.037113987 0.984214306 0.173045352 0.123490326 -0.001979741 -0.173091903 0.984903693 -0.007562840
0.998743653 -0.049226027 0.009374094 -0.001414687 0.045793545 0.972548664 0.228149205 0.120221719 -0.020347640 -0.227433294 0.973581076 -0.019779447
0.998007953 -0.062568143 0.008083359 -0.002844221 0.057052542 0.949779451 0.307675213 0.121867746 -0.026928075 -0.306601137 0.951457143 -0.042395532
0.998268187 -0.058661532 0.004405980 0.001203257 0.053723451 0.939619720 0.337977111 0.121791467 -0.023966197 -0.337155104 0.941143990 -0.052730698
0.998321474 -0.057908744 -0.000908299 0.014098135 0.054773927 0.938950956 0.339662910 0.118081771 -0.018816601 -0.339142501 0.940546811 -0.059735116
0.998329163 -0.056894775 -0.010092719 0.026075441 0.057159308 0.946777821 0.316772074 0.113894373 -0.008467113 -0.316819698 0.948448002 -0.056444127
0.998902202 -0.040888339 -0.022858083 0.031071382 0.045916729 0.951251805 0.304978073 0.111543201 0.009273746 -0.305692852 0.952085018 -0.046629176
0.999139369 -0.031730704 -0.026715023 0.038923271 0.038563155 0.947807610 0.316502124 0.109196708 0.015277868 -0.317259938 0.948215544 -0.038472105
0.998957396 -0.040533308 -0.021004688 0.071655720 0.045149099 0.945297241 0.323070794 0.106244527 0.006760546 -0.323682278 0.946141660 -0.023979280
0.998204231 -0.057771374 -0.015835665 0.131577179 0.059766050 0.942673624 0.328320622 0.102529824 -0.004039668 -0.328677475 0.944433570 -0.010578459
0.996717036 -0.080736987 0.006060404 0.206420511 0.075009696 0.948998690 0.306227088 0.096582867 -0.030475169 -0.304767132 0.951939225 0.001415734
0.995331645 -0.092910513 0.026126668 0.259548634 0.079988927 0.945589721 0.315375745 0.097235002 -0.054006830 -0.311813593 0.948607147 0.010890312
0.993784368 -0.102083966 0.044401739 0.313819915 0.080530420 0.934626281 0.346393704 0.105871573 -0.076860264 -0.340664983 0.937037826 0.019912748
0.993928790 -0.104104862 0.035605893 0.336709589 0.086055964 0.937207699 0.337988317 0.112274885 -0.068556339 -0.332872212 0.940476537 0.024990525
0.993763685 -0.104969442 0.037617862 0.332310081 0.086412087 0.938189685 0.335161209 0.113631539 -0.070474371 -0.329820395 0.941409528 0.023553737
0.994101167 -0.102876686 0.034341022 0.296913981 0.085606582 0.938694894 0.333951205 0.109475881 -0.066591531 -0.329041451 0.941964567 0.012575021
0.995352924 -0.095133252 0.014907654 0.235535488 0.084459089 0.936852753 0.339372337 0.110335693 -0.046251867 -0.336536169 0.940533996 -0.003076796
0.996933997 -0.077672400 -0.009466302 0.130396828 0.076648347 0.945060432 0.317782611 0.105173543 -0.015736708 -0.317533880 0.948116362 -0.022257527
0.996977508 -0.076614581 -0.012888161 0.108197175 0.076772980 0.946118474 0.314588308 0.102249071 -0.011908324 -0.314626932 0.949140728 -0.028541971
0.997134268 -0.073817857 -0.016557831 0.084568605 0.075273238 0.946209311 0.314677387 0.100890614 -0.007561632 -0.315021962 0.949054241 -0.032523245
0.997535169 -0.065042667 -0.026324950 0.036622521 0.070053749 0.944568396 0.320753872 0.100223668 0.004003029 -0.321807444 0.946796656 -0.040087990
0.998042762 -0.053692877 -0.032057323 -0.011213505 0.061209172 0.943753958 0.324933767 0.100616425 0.012807595 -0.326260030 0.945193291 -0.046267573
0.998044074 -0.048444074 -0.039512262 -0.082378551 0.058512408 0.946410000 0.317623079 0.103408806 0.022007843 -0.319313765 0.947393477 -0.055045560
0.997822523 -0.041724488 -0.051081393 -0.151868701 0.055703931 0.947812915 0.313923120 0.107055187 0.035317320 -0.316084981 0.948073268 -0.065279953
0.996750116 -0.030717254 -0.074469551 -0.210835114 0.053626724 0.942852259 0.328867465 0.115009084 0.060111880 -0.331792206 0.941435337 -0.071890868
0.994758546 -0.026423886 -0.098778464 -0.254418284 0.057380527 0.943843424 0.325372159 0.120222673 0.084633805 -0.329334676 0.940412581 -0.076580085
0.993438423 -0.022584224 -0.112116456 -0.274404377 0.056118429 0.950440407 0.305800259 0.119192742 0.099653751 -0.310085535 0.945471346 -0.081947118
0.994791508 -0.019506162 -0.100046746 -0.257283241 0.049942240 0.948906481 0.311580300 0.117987208 0.088857271 -0.314953983 0.944938302 -0.084802441
0.997208178 -0.020963740 -0.071668617 -0.197920337 0.041867334 0.951697946 0.304168016 0.113537446 0.061830379 -0.306319386 0.949918628 -0.087742537
0.998102188 -0.031611953 -0.052845601 -0.115072645 0.046574038 0.948940039 0.311999500 0.112366728 0.040284391 -0.313868642 0.948611438 -0.083707683
0.998158097 -0.040388975 -0.045268074 -0.021269124 0.052980479 0.943850994 0.326095641 0.115044780 0.029555649 -0.327893317 0.944252312 -0.070729114
0.997626781 -0.048442081 -0.048929866 0.066539988 0.061754413 0.943790913 0.324723125 0.115103267 0.030449297 -0.326974154 0.944542587 -0.056227475
0.997697473 -0.057526097 -0.035923012 0.131895632 0.066246390 0.940078974 0.334459156 0.121443205 0.014530338 -0.336068839 0.941725314 -0.040887084
0.997343183 -0.072834842 -0.001273755 0.169830352 0.069499098 0.946135998 0.316222280 0.132169515 -0.021826852 -0.315470666 0.948684275 -0.018284258
0.995569646 -0.078922257 0.051111031 0.186804920 0.064508900 0.968779564 0.239384174 0.133581191 -0.068408057 -0.235026509 0.969578743 0.002880249
0.989426672 -0.109926894 0.094609208 0.205771044 0.085837722 0.969647646 0.228944033 0.124341011 -0.116904698 -0.218402296 0.968831122 0.027662769
0.983152270 -0.140288547 0.117178231 0.235856667 0.103860669 0.956263542 0.273446470 0.108706228 -0.150414675 -0.256669313 0.954723179 0.080631658
0.987558246 -0.135482818 0.079831451 0.231871992 0.108409353 0.954304576 0.278478324 0.085497506 -0.113912553 -0.266359091 0.957118988 0.135528713
0.995793343 -0.089113452 0.021317437 0.190252915 0.081365921 0.966986835 0.241487280 0.061630592 -0.042133443 -0.238736913 0.970169842 0.191535607
0.990490377 -0.018639786 -0.136313602 0.048426755 0.053006150 0.965996265 0.253064394 0.049491182 0.126961365 -0.257883310 0.957798004 0.213263556
0.962140024 0.026090574 -0.271303922 -0.121028572 0.048847783 0.962784290 0.265819997 0.074633472 0.268142551 -0.269008666 0.925058842 0.120218523
0.958373725 0.037249342 -0.283076555 -0.166319653 0.044749595 0.959603488 0.277774453 0.099937893 0.281988174 -0.278879285 0.917991817 0.054259155
0.965797484 0.024386995 -0.258148283 -0.176202282 0.054004878 0.954816997 0.292246372 0.135974124 0.253611356 -0.296192080 0.920842826 -0.012827119
0.983481765 -0.038276408 -0.176913828 -0.128101140 0.093909934 0.943450749 0.317933351 0.177118972 0.154740155 -0.329295605 0.931461155 -0.082612656
0.991686046 -0.106922641 -0.071598582 -0.060184274 0.123701021 0.945406854 0.301502705 0.195518106 0.035452329 -0.307852864 0.950773239 -0.112272486
0.981127143 -0.180493400 0.069366276 0.052362170 0.153079525 0.944196224 0.291650653 0.201260686 -0.118136406 -0.275527835 0.954006374 -0.120696418
0.969174981 -0.204820976 0.136924088 0.138265699 0.155608371 0.939766169 0.304344475 0.196150929 -0.191012770 -0.273656547 0.942669749 -0.092526242
0.964278162 -0.190910921 0.183631763 0.240674779 0.134255841 0.949830532 0.282484144 0.173015580 -0.228348359 -0.247739658 0.941531777 -0.016275108
0.964390814 -0.191150755 0.182788789 0.279642791 0.141418755 0.956714571 0.254357904 0.146869332 -0.223497391 -0.219450682 0.949679077 0.051988319
0.974076092 -0.171922296 0.147032082 0.263376474 0.134070396 0.962234080 0.236919254 0.124111325 -0.182210982 -0.211064726 0.960338891 0.124029405
0.994084895 -0.101949841 0.037436768 0.150372252 0.091925308 0.973400533 0.209859774 0.108889431 -0.057836138 -0.205177024 0.977014542 0.172695845
0.996171415 -0.044396237 -0.075309619 0.032949187 0.059582472 0.975178182 0.213254482 0.110378079 0.063972592 -0.216925144 0.974089801 0.169523075
0.984944582 -0.005663212 -0.172777623 -0.066542625 0.045339745 0.972937763 0.226575539 0.121281616 0.166818738 -0.230998054 0.958546519 0.144174054
0.974563897 0.018647071 -0.223332748 -0.122308947 0.036356855 0.970176876 0.239656046 0.144854903 0.221141145 -0.241679803 0.944821417 0.090163969
0.978628278 0.020053871 -0.204657093 -0.073789738 0.033712171 0.966122448 0.255872816 0.173009545 0.202855065 -0.257303804 0.944798708 0.026223300
0.997526467 -0.022904810 -0.066455200 0.062836982 0.039632548 0.964085639 0.262617797 0.214971617 0.058053300 -0.264601976 0.962608755 -0.018495515
0.996688664 -0.075489767 0.030215750 0.130491197 0.063841231 0.956641853 0.284184158 0.243860662 -0.050358646 -0.281314135 0.958293498 -0.069867715
0.993828416 -0.098407030 0.051197637 0.083387382 0.080925450 0.958854020 0.272121459 0.253491074 -0.075869724 -0.266298860 0.960899949 -0.165190727
0.995879889 -0.077706710 0.046742652 0.000072463 0.063124388 0.964113772 0.257875919 0.260238141 -0.065103918 -0.253862858 0.965046704 -0.252422512
0.997315049 -0.056177471 0.046976298 -0.019343544 0.043160331 0.969147861 0.242671907 0.256337196 -0.059159666 -0.239992827 0.968970358 -0.237178370
0.999047875 -0.035637792 0.025166217 0.021632873 0.027065847 0.958694994 0.283145368 0.207211867 -0.034217402 -0.282194614 0.958746791 -0.083864652
0.995888472 0.035796478 -0.083214834 0.039475076 -0.013305333 0.966451585 0.256503969 0.117244817 0.089605048 -0.254342169 0.962954283 0.115715154
0.986861765 0.050070290 -0.153612673 0.013108002 -0.013534229 0.973045230 0.230216950 0.106028274 0.160999119 -0.225113273 0.960938752 0.144524783
0.974693358 0.084781826 -0.206845075 -0.037166551 -0.041238874 0.977603436 0.206375495 0.129955336 0.219709337 -0.192622766 0.956359923 0.094379634
0.974305451 0.102139607 -0.200739712 -0.046587646 -0.046617553 0.963412464 0.263937980 0.183923304 0.220353663 -0.247798219 0.943419456 -0.001587477
0.979724348 0.119855836 -0.160545260 -0.018475730 -0.066269130 0.950081766 0.304882020 0.237951219 0.189072996 -0.288061172 0.938760996 -0.017266892
0.968490720 0.106052667 -0.225341037 0.004477536 -0.060015142 0.977521360 0.202114269 0.245242119 0.241710439 -0.182221904 0.953085124 0.087309010
0.964011610 0.072871476 -0.255678177 0.016410301 -0.052427843 0.994924128 0.085891359 0.276019514 0.260639429 -0.069395609 0.962938905 0.183579504
0.965465546 0.025208976 -0.259308338 0.018726222 -0.043187696 0.997023225 -0.063871048 0.286834091 0.256926298 0.072864227 0.963680267 0.235403955
0.973760545 0.023344152 -0.226374581 0.019075297 -0.035554308 0.998115599 -0.050011002 0.306114614 0.224780545 0.056747332 0.972755611 0.258645326
0.973950624 0.002309320 -0.226748332 0.023192838 -0.025483228 0.994728446 -0.099327147 0.307330579 0.225323632 0.102518022 0.968875289 0.259162843
0.972851753 -0.012144662 -0.231110305 0.024009190 -0.013167854 0.994099617 -0.107668824 0.307011724 0.231054276 0.107789032 0.966951609 0.258690864
0.972769678 -0.010642780 -0.231529430 0.024892636 -0.014749704 0.994077742 -0.107665874 0.308358699 0.231304124 0.108149089 0.966851711 0.258033812
0.972817242 -0.011551707 -0.231285855 0.026491120 -0.013912632 0.994035482 -0.108165957 0.306846708 0.231155857 0.108443506 0.966854155 0.253460914
0.972723007 -0.011345976 -0.231692061 0.034278903 -0.013907471 0.994153976 -0.107072137 0.311530262 0.231552437 0.107373782 0.966878653 0.252163857
0.972745895 -0.012072055 -0.231559351 0.024852097 -0.013241997 0.994121790 -0.107454911 0.308432877 0.231495395 0.107592627 0.966867983 0.257484108
0.972647965 -0.011325100 -0.232007965 0.036282677 -0.013851077 0.994205654 -0.106598496 0.313905686 0.231870875 0.106896371 0.966855228 0.248496071
0.972352803 -0.010591669 -0.233276308 0.045251574 -0.014851794 0.994143367 -0.107043974 0.312574476 0.233043879 0.107549079 0.966500759 0.249766588
0.972592473 -0.011888030 -0.232212320 0.034663666 -0.013219510 0.994249582 -0.106268540 0.295746297 0.232140318 0.106425717 0.966842532 0.259303570
0.972771168 -0.012481066 -0.231431425 0.024839893 -0.012804159 0.994129896 -0.107432768 0.308436722 0.231413782 0.107470781 0.966901064 0.257265776
0.972601891 -0.011510422 -0.232191786 0.032500912 -0.013526313 0.994279623 -0.105948180 0.296629965 0.232083067 0.106186107 0.966882586 0.261674613
0.972559988 -0.011276028 -0.232378781 0.032656137 -0.013755101 0.994290650 -0.105815642 0.295964211 0.232245237 0.106108449 0.966852188 0.261986196
0.972569823 -0.011169391 -0.232342735 0.032421239 -0.013812741 0.994310796 -0.105618559 0.296306223 0.232200578 0.105930708 0.966882408 0.261858135
0.972570658 -0.011282803 -0.232333735 0.032522507 -0.013707827 0.994306922 -0.105668686 0.296485871 0.232203290 0.105955057 0.966879070 0.261466444
0.972804844 -0.012399474 -0.231294215 0.024845289 -0.012868850 0.994130492 -0.107419781 0.308426470 0.231268585 0.107474975 0.966935337 0.257398069
0.972532630 -0.011543931 -0.232480198 0.032516219 -0.013447124 0.994314969 -0.105626501 0.296826273 0.232377887 0.105851404 0.966848493 0.261163205
0.972540796 -0.011458370 -0.232450232 0.032551903 -0.013529719 0.994314492 -0.105620153 0.296950817 0.232338861 0.105864890 0.966856360 0.261186868
0.972772181 -0.012596361 -0.231420785 0.024469178 -0.012705578 0.994121909 -0.107518226 0.308951378 0.231414825 0.107531071 0.966894150 0.256904066
0.972732484 -0.012619508 -0.231586471 0.024671413 -0.012721978 0.994112134 -0.107606843 0.309133738 0.231580868 0.107618913 0.966844618 0.256555021
0.972710013 -0.012761397 -0.231672972 0.024846483 -0.012599820 0.994107783 -0.107661143 0.309216410 0.231681824 0.107642114 0.966817856 0.256388426
0.972746432 -0.012473063 -0.231535748 0.024816412 -0.012888004 0.994099975 -0.107699275 0.308502287 0.231513008 0.107748121 0.966846466 0.257616252
0.972730458 -0.012427083 -0.231605396 0.024921343 -0.012945981 0.994097829 -0.107712038 0.308525532 0.231576964 0.107773133 0.966828346 0.257438302
0.972717583 -0.012366151 -0.231662691 0.025076706 -0.013009415 0.994099438 -0.107689634 0.308551013 0.231627464 0.107765391 0.966817141 0.257113636
0.972679436 -0.012464863 -0.231817394 0.025162242 -0.012920833 0.994103014 -0.107667468 0.308494449 0.231792420 0.107721202 0.966782510 0.257092357
0.972635567 -0.013027446 -0.231970549 0.028693283 -0.012211455 0.994180262 -0.107034840 0.315481007 0.232014924 0.106938593 0.966816008 0.245604351
0.972705245 -0.012953652 -0.231682286 0.028612047 -0.012317881 0.994150341 -0.107300170 0.316671342 0.231716946 0.107225277 0.966855705 0.243989363
0.972748756 -0.012738448 -0.231511533 0.027749643 -0.012541832 0.994137049 -0.107397743 0.316966683 0.231522262 0.107374601 0.966885805 0.244034991
0.972760737 -0.012781381 -0.231458902 0.027173944 -0.012492054 0.994137645 -0.107398048 0.317508698 0.231474698 0.107363999 0.966898382 0.244043946
0.972707450 -0.012897223 -0.231676280 0.026776936 -0.012371453 0.994151235 -0.107285887 0.317447513 0.231704950 0.107223958 0.966858745 0.244646192
0.972867846 -0.011169066 -0.231091842 0.024810551 -0.014204831 0.994066179 -0.107845500 0.308507860 0.230925128 0.108202040 0.966936350 0.257807016
0.972894669 -0.011223889 -0.230976164 0.024571294 -0.014150427 0.994060218 -0.107907660 0.308505297 0.230815351 0.108251192 0.966957033 0.258196592
0.972882509 -0.011190459 -0.231029004 0.024518965 -0.014193570 0.994058251 -0.107919984 0.308448851 0.230863959 0.108272590 0.966943085 0.258402169
0.972894430 -0.011237323 -0.230976626 0.025052033 -0.014101477 0.994076908 -0.107759893 0.309347719 0.230819479 0.108096108 0.966973424 0.255686730
0.972896099 -0.011184668 -0.230972081 0.024765797 -0.014170879 0.994068623 -0.107827432 0.308920264 0.230808109 0.108177967 0.966966987 0.256311417
0.972898841 -0.011261530 -0.230956838 0.024471285 -0.014103845 0.994063556 -0.107882902 0.308652252 0.230800703 0.108216524 0.966964424 0.257211953
0.972895384 -0.011348454 -0.230967104 0.024401886 -0.014045585 0.994051039 -0.108005986 0.308451176 0.230818778 0.108322591 0.966948271 0.257879585
0.972895086 -0.011288149 -0.230971187 0.024460057 -0.014116768 0.994045854 -0.108044110 0.308493316 0.230815560 0.108376153 0.966943026 0.258065641
0.972781718 -0.012373514 -0.231392696 0.024868065 -0.013019513 0.994077384 -0.107891813 0.308626890 0.231357262 0.107967809 0.966859221 0.257630527
0.972751141 -0.012372036 -0.231521353 0.024908399 -0.013036216 0.994076908 -0.107893959 0.308679342 0.231484905 0.107972130 0.966828227 0.257681310
0.972758532 -0.012375474 -0.231490061 0.024829330 -0.013029698 0.994076788 -0.107896313 0.308679909 0.231454149 0.107973307 0.966835439 0.257529527
0.972752094 -0.012394072 -0.231516138 0.024912501 -0.012991006 0.994087517 -0.107801653 0.308105499 0.231483415 0.107871912 0.966839731 0.257748246
0.972751081 -0.012335969 -0.231523469 0.024848677 -0.013034023 0.994094789 -0.107729837 0.308239222 0.231485233 0.107812002 0.966845989 0.257651031
0.972754061 -0.012355838 -0.231510043 0.024873018 -0.013024401 0.994089365 -0.107780844 0.308329016 0.231473386 0.107859537 0.966843545 0.257433295
0.972738147 -0.012345595 -0.231577292 0.024887629 -0.013066728 0.994077861 -0.107881859 0.308369190 0.231537715 0.107966766 0.966816127 0.257403016
0.972766280 -0.012213371 -0.231466189 0.024952447 -0.013186519 0.994077444 -0.107870787 0.308426023 0.231412783 0.107985303 0.966843963 0.257292211
0.972796679 -0.012135493 -0.231342584 0.024816673 -0.013240831 0.994081795 -0.107824109 0.308541119 0.231281966 0.107954107 0.966878772 0.257627666
0.972789347 -0.012214384 -0.231369212 0.024753256 -0.013179707 0.994075179 -0.107892901 0.308611363 0.231316224 0.108006448 0.966864705 0.257780880
0.972777486 -0.012263701 -0.231416434 0.024890112 -0.013138301 0.994074047 -0.107907958 0.308501333 0.231368423 0.108010851 0.966851771 0.257377177
0.972802341 -0.012361406 -0.231306851 0.024948355 -0.013016005 0.994080186 -0.107866377 0.308709919 0.231270939 0.107943356 0.966882586 0.257561594
0.972777784 -0.012409607 -0.231407329 0.024898443 -0.012975968 0.994081736 -0.107857004 0.308560193 0.231376275 0.107923627 0.966859639 0.257595122
0.972712576 -0.012656350 -0.231667981 0.024909513 -0.012718018 0.994101167 -0.107708752 0.308540195 0.231664613 0.107716009 0.966813743 0.257690489
0.972765625 -0.012427782 -0.231457636 0.024881314 -0.012999036 0.994065166 -0.108006984 0.308570057 0.231426254 0.108074203 0.966830850 0.257653266
0.972784758 -0.012336797 -0.231381953 0.024899919 -0.013083576 0.994063914 -0.108007863 0.308537543 0.231340915 0.108095706 0.966848850 0.257590741
0.972806633 -0.012330423 -0.231290281 0.024830882 -0.013055219 0.994075418 -0.107905857 0.308569521 0.231250495 0.107991077 0.966882169 0.257752776
0.972800672 -0.012444753 -0.231309220 0.024782529 -0.012948908 0.994072974 -0.107940793 0.308682680 0.231281534 0.108000085 0.966873765 0.257704765
0.972777605 -0.012389562 -0.231409252 0.024805792 -0.013029261 0.994066238 -0.107993178 0.308674991 0.231374115 0.108068429 0.966843963 0.257740527
0.972782552 -0.012337990 -0.231391281 0.024739586 -0.013077764 0.994066596 -0.107984208 0.308687538 0.231350660 0.108071230 0.966849267 0.257712543
0.972698331 -0.012647245 -0.231728241 0.024957130 -0.012736443 0.994099855 -0.107718177 0.308465004 0.231723353 0.107728682 0.966798246 0.257741630
0.972686470 -0.012821302 -0.231768414 0.024845496 -0.012565196 0.994101107 -0.107726797 0.308425993 0.231782451 0.107696623 0.966787636 0.257680386
0.972774506 -0.012638541 -0.231408834 0.024826191 -0.012784658 0.994064927 -0.108034410 0.308526635 0.231400818 0.108051606 0.966839433 0.257577419
0.972801447 -0.012250729 -0.231316313 0.024810933 -0.013105094 0.994090378 -0.107761480 0.308495253 0.231269494 0.107861944 0.966892064 0.257728904
0.972816408 -0.012247783 -0.231253713 0.024843510 -0.013111043 0.994085729 -0.107803605 0.308394045 0.231206387 0.107905097 0.966902316 0.257812947
0.972818136 -0.012360715 -0.231240273 0.024897236 -0.012998895 0.994085073 -0.107823633 0.308406115 0.231205285 0.107898660 0.966903329 0.257680416
0.972759187 -0.012713481 -0.231469020 0.024715407 -0.012634229 0.994103432 -0.107697256 0.308544606 0.231473371 0.107687928 0.966862679 0.258290231
0.972712159 -0.012767902 -0.231663525 0.024896001 -0.012573550 0.994116545 -0.107583731 0.308362186 0.231674165 0.107560843 0.966828704 0.257941425
0.972771704 -0.012642769 -0.231420442 0.024753995 -0.012717290 0.994095027 -0.107765488 0.308581769 0.231416360 0.107774250 0.966866672 0.257882923
0.972845793 -0.011545486 -0.231166109 0.024579747 -0.013791374 0.994088948 -0.107689328 0.308593124 0.231042996 0.107953213 0.966935992 0.258057475
0.972821057 -0.011754720 -0.231259540 0.024908369 -0.013504196 0.994130909 -0.107337832 0.308302134 0.231163964 0.107543483 0.966952741 0.257443756
0.972799242 -0.011678771 -0.231355295 0.024874680 -0.013573009 0.994138837 -0.107255526 0.308517724 0.231251910 0.107478283 0.966938972 0.257519484
0.972795606 -0.011919109 -0.231358364 0.024755798 -0.013371468 0.994121850 -0.107438326 0.308402032 0.231278971 0.107609123 0.966917932 0.257646829
0.972758591 -0.011801434 -0.231519908 0.024868906 -0.013458532 0.994143903 -0.107222863 0.308530241 0.231429487 0.107417874 0.966903210 0.257611454
0.972756386 -0.011902629 -0.231524080 0.024774605 -0.013380236 0.994133830 -0.107325859 0.308552235 0.231443375 0.107499756 0.966890752 0.257851452
0.972666144 -0.012407116 -0.231876418 0.024622325 -0.012958947 0.994114995 -0.107552238 0.308664650 0.231846228 0.107617296 0.966781199 0.257851124
0.972993135 -0.011080315 -0.230567843 0.025477920 -0.014193375 0.994085550 -0.107668266 0.309139997 0.230397165 0.108033016 0.967081189 0.257967770
0.972799659 -0.012773677 -0.231295556 0.025729667 -0.012604277 0.994080603 -0.107911713 0.308744937 0.231304854 0.107891791 0.966880262 0.258300364
0.972870290 -0.013070108 -0.230981797 0.025762742 -0.012349376 0.994045675 -0.108262315 0.308998764 0.231021464 0.108177677 0.966916084 0.258193672
0.972866416 -0.011588144 -0.231077239 0.025377057 -0.013742591 0.994087338 -0.107710026 0.308814496 0.230959132 0.107963063 0.966954947 0.257754654
0.972640574 -0.013263524 -0.231936276 0.025067363 -0.012197478 0.994076252 -0.107998282 0.308656633 0.231994778 0.107872546 0.966717124 0.257581353
0.972421050 -0.014490454 -0.232781649 0.025320161 -0.010906947 0.994150937 -0.107447669 0.308822602 0.232977062 0.107023314 0.966575265 0.257557869
0.972458959 -0.014109248 -0.232646719 0.025157575 -0.011392761 0.994095385 -0.107910097 0.309511691 0.232795551 0.107588634 0.966556191 0.257894218
0.972567677 -0.013963272 -0.232200623 0.025185740 -0.011411359 0.994131148 -0.107577845 0.308759779 0.232340008 0.107276455 0.966700494 0.257629156
0.972846150 -0.011100055 -0.231186360 0.025588561 -0.014337412 0.994040966 -0.108060040 0.308643550 0.231008202 0.108440407 0.966889799 0.257958978
0.972818494 -0.011292525 -0.231293574 0.025555275 -0.014102926 0.994067073 -0.107850462 0.308508128 0.231139228 0.108180836 0.966887593 0.257981151
0.972808182 -0.012053753 -0.231298491 0.025155950 -0.013356873 0.994063199 -0.107981116 0.308387458 0.231226906 0.108134329 0.966871798 0.257566571
0.972737789 -0.012794724 -0.231554493 0.025380040 -0.012688093 0.994045079 -0.108228162 0.308637232 0.231560364 0.108215615 0.966782928 0.258045256
0.972888529 -0.011469747 -0.230990052 0.025702808 -0.014007042 0.994013846 -0.108352624 0.309021086 0.230850101 0.108650513 0.966903985 0.258485705
0.972733676 -0.013690266 -0.231520489 0.025331266 -0.011686099 0.994095027 -0.107881978 0.308679253 0.231630310 0.107646003 0.966829717 0.257840276
0.972749829 -0.012824597 -0.231502384 0.025635865 -0.012731347 0.994008243 -0.108561181 0.309116721 0.231507540 0.108550198 0.966758013 0.258633137
0.972737432 -0.013272316 -0.231529087 0.024540624 -0.012194510 0.994052470 -0.108217232 0.303257376 0.231588364 0.108090334 0.966790199 0.259673387
0.972712040 -0.013438615 -0.231626287 0.025463827 -0.012017912 0.994062662 -0.108143151 0.307467461 0.231704339 0.107975811 0.966775239 0.258754760
0.972900450 -0.011829114 -0.230921701 0.025371855 -0.013710557 0.993982077 -0.108681582 0.308894187 0.230817631 0.108902417 0.966883361 0.257814229
0.972889602 -0.011823188 -0.230967551 0.025327960 -0.013727858 0.993979096 -0.108706579 0.309051484 0.230862170 0.108930185 0.966869652 0.257662594
0.972909451 -0.011493110 -0.230900586 0.025317505 -0.014026002 0.993989289 -0.108575128 0.309106261 0.230760574 0.108872376 0.966900408 0.257993191
0.972917914 -0.011445783 -0.230867475 0.025293421 -0.014060346 0.993993461 -0.108532399 0.309068084 0.230722994 0.108839184 0.966913104 0.257900327
0.972867072 -0.011622106 -0.231072813 0.026599869 -0.013875033 0.994009256 -0.108411901 0.309273183 0.230948478 0.108676516 0.966877580 0.257332265
0.972801089 -0.013095186 -0.231271490 0.025730038 -0.012320542 0.994062543 -0.108110473 0.308670700 0.231314048 0.108019382 0.966863811 0.257950127
0.972913384 -0.011625657 -0.230877534 0.025406849 -0.013890285 0.993990123 -0.108584985 0.308788925 0.230752364 0.108850732 0.966904759 0.258067429
0.972884417 -0.011551339 -0.231003076 0.025347438 -0.013978768 0.993989766 -0.108577080 0.308891624 0.230868906 0.108862095 0.966875672 0.258027196
0.972904742 -0.011481809 -0.230920970 0.025309784 -0.014055886 0.993981540 -0.108642139 0.308901727 0.230778605 0.108944260 0.966888011 0.257913828
0.972916126 -0.011415814 -0.230876461 0.025330318 -0.014108782 0.993985116 -0.108602732 0.308890879 0.230727538 0.108918726 0.966903031 0.257711858
0.972934186 -0.011427712 -0.230799705 0.025318641 -0.014088191 0.993985236 -0.108604379 0.308907419 0.230652601 0.108916469 0.966921210 0.257707238
0.972912729 -0.011366478 -0.230893001 0.025344791 -0.014143747 0.993992567 -0.108530045 0.308577627 0.230739519 0.108855963 0.966907263 0.258340478
0.972914100 -0.011569642 -0.230877206 0.025315167 -0.013955348 0.993985593 -0.108617976 0.308719426 0.230745301 0.108897939 0.966901183 0.258097082
0.972924054 -0.011470092 -0.230840221 0.025268516 -0.014059019 0.993981302 -0.108644046 0.308723092 0.230697021 0.108947791 0.966907084 0.258012861
0.972920001 -0.011587589 -0.230851516 0.025286589 -0.013939613 0.993983269 -0.108641252 0.308868289 0.230721429 0.108917221 0.966904700 0.258059293
0.972922206 -0.011643484 -0.230839282 0.025351560 -0.013867822 0.993990362 -0.108585596 0.308874190 0.230716348 0.108846575 0.966913819 0.257965505
0.972899079 -0.011708435 -0.230933532 0.025243696 -0.013809958 0.993992269 -0.108575784 0.308800370 0.230817392 0.108822457 0.966892421 0.257693738
0.972866058 -0.011889701 -0.231063396 0.025359193 -0.013649545 0.993989944 -0.108617060 0.308819503 0.230966121 0.108823754 0.966856778 0.258025289
0.972920120 -0.011352099 -0.230862767 0.025324419 -0.014114634 0.994011402 -0.108361028 0.308557987 0.230710357 0.108685158 0.966933429 0.257781565
0.972935617 -0.011363753 -0.230796888 0.025437176 -0.014090554 0.994013846 -0.108341709 0.308732778 0.230646476 0.108661562 0.966951311 0.257754833
0.972949564 -0.011344700 -0.230739027 0.025298171 -0.014128099 0.994001985 -0.108445384 0.308771789 0.230585337 0.108771794 0.966953516 0.257916629
0.972953320 -0.011264754 -0.230726942 0.025403112 -0.014204164 0.994002879 -0.108427681 0.308690667 0.230564639 0.108772360 0.966958404 0.257944375
0.972868085 -0.011803580 -0.231059209 0.025354084 -0.013722074 0.993995786 -0.108554333 0.308791667 0.230953202 0.108779654 0.966864824 0.258093357
0.972739100 -0.011769726 -0.231603399 0.025433285 -0.013822378 0.993992984 -0.108567461 0.308852613 0.231489971 0.108809128 0.966733158 0.258001029
0.972824812 -0.012250406 -0.231218025 0.025403049 -0.013277006 0.994004965 -0.108526014 0.308889627 0.231161341 0.108646683 0.966830075 0.257824808
0.972690344 -0.012231816 -0.231784105 0.025453877 -0.013336629 0.994015276 -0.108424269 0.308814019 0.231723160 0.108554460 0.966705918 0.257576942
0.972921669 -0.012964786 -0.230771124 0.024367608 -0.012440427 0.994041085 -0.108293861 0.309015006 0.230799973 0.108232334 0.966962814 0.257484496
0.972828507 -0.011920841 -0.231219918 0.025185391 -0.013642482 0.993986964 -0.108645305 0.308822185 0.231124729 0.108847663 0.966816187 0.258052588
0.972902715 -0.011843148 -0.230911225 0.025231494 -0.013717794 0.993971527 -0.108777009 0.309195280 0.230807453 0.108997039 0.966875136 0.257918686
0.972805142 -0.012262000 -0.231300309 0.025247911 -0.013327494 0.993980110 -0.108747110 0.308857828 0.231241360 0.108872399 0.966785491 0.258244783
0.972811401 -0.012218035 -0.231276155 0.025385199 -0.013363979 0.993982196 -0.108723462 0.308812231 0.231212765 0.108858198 0.966793954 0.257956356
0.972854495 -0.012616411 -0.231073603 0.025352182 -0.012937725 0.993985951 -0.108740509 0.308865756 0.231055841 0.108778253 0.966840446 0.257734537
0.972776473 -0.012104032 -0.231429175 0.025461543 -0.013473931 0.993991733 -0.108622573 0.308679461 0.231353447 0.108783744 0.966768682 0.258066744
0.972811341 -0.012069906 -0.231284320 0.025430415 -0.013432479 0.994019568 -0.108373061 0.308355033 0.231209189 0.108533263 0.966831326 0.258608878
0.972892344 -0.011843698 -0.230954945 0.025177864 -0.013718113 0.993973434 -0.108759597 0.309039086 0.230851203 0.108979642 0.966866672 0.258710802
0.972850502 -0.012608108 -0.231090665 0.025090380 -0.012952960 0.993983567 -0.108760558 0.309132069 0.231071591 0.108801074 0.966834128 0.258562773
0.972871721 -0.012530966 -0.231005639 0.025255553 -0.013018440 0.993984342 -0.108745642 0.309184253 0.230978668 0.108802892 0.966856122 0.258278161
0.972936451 -0.012057675 -0.230758041 0.025442887 -0.013472931 0.993978560 -0.108743250 0.309172928 0.230679750 0.108909264 0.966915548 0.257982820
0.972847760 -0.012056953 -0.231131613 0.025428604 -0.013509248 0.993981481 -0.108712234 0.308786005 0.231051266 0.108882867 0.966829777 0.258019060
0.972917318 -0.011139074 -0.230884805 0.025142610 -0.014335200 0.994008064 -0.108362675 0.309096634 0.230708405 0.108737707 0.966928005 0.258453280
0.972860873 -0.012105457 -0.231073931 0.025530353 -0.013445410 0.993985832 -0.108680218 0.308577418 0.230999842 0.108837619 0.966847181 0.257273972
0.972885847 -0.012036134 -0.230972365 0.025541481 -0.013482762 0.993995309 -0.108588971 0.308433354 0.230892435 0.108758815 0.966881692 0.256746352
0.972947240 -0.011086224 -0.230761215 0.025208231 -0.014350073 0.994019210 -0.108258151 0.308727771 0.230581269 0.108640917 0.966969192 0.257630497
0.972888052 -0.011959666 -0.230967134 0.025426041 -0.013578661 0.993985593 -0.108665913 0.308832139 0.230877608 0.108855993 0.966874301 0.258054793
0.972986639 -0.012586819 -0.230517983 0.026126314 -0.013152599 0.993868530 -0.109782979 0.308440477 0.230486393 0.109849289 0.966855288 0.258953750
0.973012030 -0.012380400 -0.230422080 0.025684163 -0.013172952 0.993951142 -0.109030150 0.308667243 0.230378121 0.109122984 0.966963351 0.259602457
0.973043919 -0.012678013 -0.230271176 0.025635701 -0.012875146 0.993944168 -0.109129265 0.308824927 0.230260238 0.109152347 0.966988087 0.258898556
0.973170161 -0.012761553 -0.229732350 0.025765775 -0.012647561 0.993984103 -0.108791858 0.308599800 0.229738668 0.108778551 0.967154264 0.258744866
0.973325610 -0.013843057 -0.229010031 0.025721045 -0.011284119 0.994081557 -0.108048759 0.308444589 0.229150370 0.107750796 0.967408836 0.258089036
0.973682821 -0.011995981 -0.227591515 0.025613077 -0.013108033 0.994013131 -0.108471669 0.307272196 0.227530181 0.108600281 0.967696249 0.260764062
0.974062562 -0.014584417 -0.225808263 0.026267584 -0.009899387 0.994218647 -0.106916927 0.307807893 0.226062119 0.106379144 0.968286872 0.258920819
0.975941002 -0.006653123 -0.217933193 0.030088123 -0.012060778 0.996356666 -0.084427215 0.309244841 0.217700884 0.085024424 0.972305059 0.256103873
0.978679299 0.001401667 -0.205389544 0.044343412 -0.013413988 0.998278081 -0.057104852 0.313267231 0.204955831 0.058642428 0.977012873 0.246999443
0.980683923 0.045277115 -0.190286696 0.078157954 -0.055990744 0.997112215 -0.051306054 0.322603703 0.187414199 0.060969315 0.980386972 0.231312022
0.979188681 0.104723074 -0.173846513 0.115461133 -0.104392000 0.994474590 0.011072862 0.301975459 0.174045533 0.007305765 0.984710515 0.187235504
0.979400933 0.085971810 -0.182709202 0.122669980 -0.086383171 0.996245563 0.005721006 0.265101284 0.182515070 0.010179840 0.983150363 0.161308303
0.978726447 0.076289371 -0.190458626 0.124795005 -0.078443676 0.996911347 -0.003786447 0.247791156 0.189581513 0.018646168 0.981687903 0.151795939
0.977636218 0.082076475 -0.193625495 0.122309633 -0.081989139 0.996597171 0.008478349 0.257403016 0.193662480 0.007586446 0.981038868 0.163209021
0.976872504 0.074991480 -0.200240970 0.111577220 -0.080937937 0.996483624 -0.021665227 0.216175467 0.197912157 0.037371252 0.979507089 0.170144886
0.976362526 0.058090329 -0.208186805 0.097410396 -0.070399359 0.996151865 -0.052205551 0.119529501 0.204353034 0.065627761 0.976694882 0.168660372
0.974700332 0.021082019 -0.222519204 0.083901204 -0.034950297 0.997671247 -0.058570884 0.024631221 0.220766231 0.064866170 0.973167360 0.155269727
0.974669337 0.033799022 -0.221082255 0.090868622 -0.052036777 0.995657146 -0.077194847 -0.035869997 0.217513010 0.086743854 0.972195268 0.167133495
0.974353015 0.044622209 -0.220556378 0.100258410 -0.065691933 0.993850827 -0.089135088 -0.037679691 0.215222746 0.101337813 0.971292853 0.172380030
0.973491609 0.050032612 -0.223183528 0.110531904 -0.070187487 0.994049370 -0.083303839 -0.033669084 0.217687532 0.096760273 0.971210361 0.173741743
0.972386658 0.057773698 -0.226111561 0.126397178 -0.073396236 0.995417178 -0.061299760 -0.018291656 0.221533805 0.076202802 0.972170711 0.172026917
0.972256184 0.068303190 -0.223724246 0.140359178 -0.077925764 0.996363521 -0.034457620 0.004478489 0.220557123 0.050935518 0.974043190 0.169392988
0.971958578 0.069533549 -0.224636644 0.155351266 -0.078738682 0.996372819 -0.032271672 0.010828410 0.221577883 0.049054321 0.973908067 0.161581233
0.971677780 0.060766060 -0.228363156 0.171606272 -0.074132822 0.995973468 -0.050410230 -0.006297468 0.224380404 0.065911703 0.972270072 0.147201627
0.972790956 0.053439509 -0.225437224 0.184769601 -0.066460699 0.996506929 -0.050566308 -0.040422793 0.221947521 0.064173162 0.972944558 0.125917509
0.979901850 0.046214953 -0.194052875 0.209128425 -0.053330556 0.998076677 -0.031602953 -0.045919552 0.192219138 0.041316736 0.980481863 0.109575711
0.991040945 0.043396071 -0.126311734 0.249980152 -0.041473933 0.998980880 0.017808938 -0.017448226 0.126955852 -0.012410742 0.991830707 0.116557404
0.993658781 0.022546597 -0.110154107 0.270138174 -0.026494630 0.999053121 -0.034509599 -0.054131370 0.109271735 0.037209257 0.993315220 0.125848666
0.993461788 -0.010299892 -0.113699473 0.297652304 0.003496915 0.998199999 -0.059870999 -0.118682653 0.114111476 0.059081953 0.991709590 0.138212636
0.992870629 -0.012288276 -0.118561834 0.343082458 0.005656159 0.998408377 -0.056113202 -0.153520852 0.119062662 0.055042546 0.991359890 0.152696535
0.996915817 0.007292557 -0.078138486 0.408645481 -0.008871378 0.999763072 -0.019877383 -0.158822894 0.077975020 0.020509275 0.996744335 0.173928902
0.999654353 -0.012872710 -0.022922274 0.503910184 0.012419798 0.999726951 -0.019792551 -0.207432970 0.023170799 0.019501021 0.999541283 0.220995858
0.996228218 -0.069009103 0.052602965 0.616867006 0.070130534 0.997341752 -0.019777704 -0.217772901 -0.051098291 0.023392182 0.998419642 0.292227447
0.975973129 -0.106765427 0.189941078 0.759412408 0.103659265 0.994266570 0.026243098 -0.165687263 -0.191653937 -0.005923405 0.981444716 0.330579549
