1.000000000 0.000000000 0.000000000 0.000000000 0.000000000 1.000000000 0.000000000 0.000000060 0.000000000 0.000000000 1.000000000 0.000000000
0.999996543 -0.002190524 0.001463163 -0.002058315 0.002194235 0.999994338 -0.002539863 -0.002822790 -0.001457591 0.002543065 0.999995708 0.000794908
0.999990225 -0.003776517 0.002296724 -0.001468804 0.003793133 0.999966323 -0.007274109 -0.005251614 -0.002269176 0.007282750 0.999970913 0.003748017
0.999971390 -0.007002101 0.002856259 -0.000519263 0.007052014 0.999815702 -0.017856441 -0.006589181 -0.002730699 0.017876074 0.999836504 0.006851178
0.999946296 -0.009786998 0.003410625 -0.001055800 0.009879728 0.999549985 -0.028324218 -0.012059282 -0.003131881 0.028356394 0.999592960 0.011007885
0.999953032 -0.008459489 0.004732593 -0.002664661 0.008611011 0.999419272 -0.032969479 -0.020434218 -0.004450940 0.033008683 0.999445140 0.015100869
0.999900699 -0.013626434 0.003585201 -0.004387723 0.013751034 0.999206126 -0.037390430 -0.034240853 -0.003072857 0.037436020 0.999294281 0.017050637
0.999834299 -0.018151991 0.001357923 -0.002982832 0.018195834 0.998722196 -0.047147233 -0.046357840 -0.000500372 0.047164131 0.998887002 0.020417277
0.999793947 -0.020297360 0.000356817 -0.004886261 0.020287417 0.998364627 -0.053446125 -0.062953629 0.000728582 0.053442348 0.998570681 0.023764323
0.999742150 -0.022704627 0.000424824 -0.010093576 0.022690527 0.998025298 -0.058571704 -0.087590039 0.000905864 0.058566242 0.998283088 0.024384154
0.999728680 -0.023291524 -0.000236247 -0.010940611 0.023233201 0.997847378 -0.061325807 -0.105604805 0.001664109 0.061303679 0.998117745 0.025698669
0.999737203 -0.022896707 -0.001139048 -0.009030957 0.022778571 0.997730911 -0.063357249 -0.125722036 0.002587135 0.063314646 0.997990251 0.027158799
0.999791205 -0.020394605 0.001284630 -0.014497980 0.020435020 0.997776806 -0.063433588 -0.144379556 0.000011929 0.063446596 0.997985244 0.027333319
0.999799132 -0.020035544 0.000486244 -0.012305640 0.020023605 0.997591734 -0.066406570 -0.147830144 0.000845419 0.066402964 0.997792542 0.031966787
0.999819815 -0.018872919 0.002038544 -0.016564956 0.018967954 0.997497320 -0.068112180 -0.151822850 -0.000747967 0.068138570 0.997675598 0.037594825
0.999854267 -0.016891038 0.002481605 -0.019515160 0.017012021 0.997948945 -0.061712690 -0.164937034 -0.001434123 0.061745912 0.998090863 0.040657777
0.999883354 -0.014912731 0.003294145 -0.020674191 0.015093089 0.997834504 -0.064019926 -0.155252352 -0.002332300 0.064062186 0.997943163 0.050657604
0.999895573 -0.014289340 0.002162033 -0.020529406 0.014396623 0.997937560 -0.062556699 -0.151787579 -0.001263680 0.062581286 0.998039067 0.056961667
0.999893963 -0.014387897 0.002235754 -0.023121778 0.014490617 0.998322785 -0.056049958 -0.157997385 -0.001425563 0.056076415 0.998425484 0.059621185
0.999872267 -0.015941227 0.001154054 -0.021635987 0.015980342 0.998403192 -0.054182306 -0.155060142 -0.000288479 0.054193825 0.998530388 0.066855028
0.999836445 -0.018056087 -0.001001149 -0.020419823 0.017976306 0.998395801 -0.053690996 -0.154402867 0.001968992 0.053664219 0.998557091 0.070515163
0.999831855 -0.018336382 0.000147015 -0.026097409 0.018320780 0.998580158 -0.050020687 -0.156297758 0.000770392 0.050014973 0.998748183 0.072356954
0.999822438 -0.018836288 -0.000543742 -0.026366169 0.018783802 0.998513460 -0.051166452 -0.152918085 0.001506720 0.051147155 0.998690009 0.078079425
0.999836147 -0.018076275 -0.000971610 -0.024850724 0.018002722 0.998523057 -0.051260751 -0.155162871 0.001896779 0.051234860 0.998684824 0.080543742
0.999850571 -0.017285272 0.000125948 -0.028605912 0.017271489 0.998704553 -0.047863115 -0.162181526 0.000701542 0.047858138 0.998853922 0.079976194
0.999843359 -0.017686892 -0.000621564 -0.027281536 0.017635401 0.998649716 -0.048864514 -0.162209049 0.001484986 0.048845902 0.998805225 0.082094446
0.999837816 -0.017999409 -0.000639015 -0.027217763 0.017946156 0.998626947 -0.049215909 -0.166977763 0.001523995 0.049196456 0.998787940 0.082466647
0.999848604 -0.017398756 -0.000322464 -0.028807068 0.017364305 0.998741031 -0.047061812 -0.175977916 0.001140875 0.047049087 0.998891950 0.081184275
0.999829829 -0.018442245 -0.000437205 -0.028224451 0.018402105 0.998753667 -0.046395350 -0.182345286 0.001292295 0.046379413 0.998923063 0.079576187
0.999830246 -0.018409057 -0.000780538 -0.027317725 0.018354809 0.998804748 -0.045301426 -0.189144447 0.001613562 0.045279410 0.998973072 0.077149309
0.999832273 -0.018309299 -0.000504301 -0.026906252 0.018269923 0.998882592 -0.043586839 -0.195048302 0.001301782 0.043570314 0.999049544 0.076953284
0.999847293 -0.017472062 -0.000290847 -0.026046928 0.017448165 0.999116242 -0.038239341 -0.201927260 0.000958710 0.038228426 0.999268591 0.073866069
0.999846399 -0.017520290 -0.000461499 -0.025165893 0.017502066 0.999500036 -0.026331119 -0.208281457 0.000922598 0.026318997 0.999653161 0.070629537
0.999858379 -0.016819024 -0.000534022 -0.024469124 0.016811809 0.999793053 -0.011454567 -0.213385880 0.000726566 0.011443967 0.999934256 0.070842415
0.999944806 -0.010369960 0.001692352 -0.022997594 0.010366505 0.999944210 0.002038147 -0.219497398 -0.001713393 -0.002020491 0.999996483 0.068935789
0.999985397 -0.004371890 0.003173927 -0.021513242 0.004341435 0.999945045 0.009539640 -0.226577252 -0.003215458 -0.009525722 0.999949455 0.067648202
0.999966204 0.005113403 0.006435566 -0.019793883 -0.005191991 0.999911427 0.012254569 -0.235374078 -0.006372334 -0.012287567 0.999904215 0.069006510
0.999858797 0.013736949 0.009679006 -0.018832633 -0.013837815 0.999849856 0.010432282 -0.244262218 -0.009534245 -0.010564745 0.999898732 0.069536485
0.999721825 0.020393392 0.011848100 -0.018752465 -0.020473586 0.999768019 0.006687161 -0.253844261 -0.011708977 -0.006927874 0.999907434 0.070831709
0.999575317 0.025343554 0.014382205 -0.019109996 -0.025364557 0.999677420 0.001279861 -0.264960200 -0.014345129 -0.001644116 0.999895751 0.074967496
0.999416113 0.028681230 0.018567771 -0.020440852 -0.028598219 0.999579847 -0.004720901 -0.275645822 -0.018695369 0.004187140 0.999816477 0.078283049
0.999486804 0.023196898 0.022092333 -0.022636147 -0.023033939 0.999705791 -0.007602431 -0.286827773 -0.022262184 0.007089656 0.999727011 0.082351767
0.999553144 0.010964909 0.027807446 -0.024704417 -0.010661510 0.999882281 -0.011035630 -0.299762338 -0.027925177 0.010734230 0.999552369 0.087722272
0.999335527 -0.001582130 0.036414500 -0.028180085 0.002105861 0.999894857 -0.014348612 -0.311506063 -0.036387969 0.014415762 0.999233782 0.093455449
0.998700321 -0.014925770 0.048733026 -0.031566225 0.015821455 0.999711990 -0.018045688 -0.323252589 -0.048449643 0.018793261 0.998648822 0.099812515
0.997499764 -0.025792096 0.065795384 -0.034092419 0.027231317 0.999407053 -0.021071866 -0.333802491 -0.065212883 0.022810876 0.997610629 0.108324528
0.995666027 -0.037689529 0.085021473 -0.036788344 0.039754421 0.998951018 -0.022725247 -0.345085025 -0.084075786 0.026006736 0.996119916 0.115973145
0.993127525 -0.048662990 0.106440485 -0.039281938 0.051305190 0.998435676 -0.022225875 -0.355737031 -0.105192393 0.027534079 0.994070649 0.124114953
0.989877939 -0.059640080 0.128781661 -0.041641101 0.062707536 0.997833669 -0.019893575 -0.365109146 -0.127316222 0.027767792 0.991473436 0.133130372
0.985944688 -0.069408923 0.151971832 -0.043687332 0.073230505 0.997120678 -0.019688863 -0.375039577 -0.150167659 0.030541103 0.988188684 0.141804099
0.981753349 -0.077816255 0.173507825 -0.045830261 0.082243316 0.996441245 -0.018462162 -0.384508818 -0.171453699 0.032395151 0.984659433 0.150410086
0.977726400 -0.084672607 0.192045853 -0.048662122 0.089714594 0.995810270 -0.017696172 -0.393082917 -0.189742848 0.034531333 0.981226385 0.159506932
0.973849595 -0.091662839 0.207882002 -0.051332913 0.097206160 0.995126069 -0.016586814 -0.402028412 -0.205348387 0.036360469 0.978013277 0.167536274
0.970263541 -0.095863506 0.222258672 -0.054209217 0.101551011 0.994727910 -0.014276804 -0.410673231 -0.219718263 0.036422849 0.974883199 0.175355405
0.967073739 -0.100293301 0.233900994 -0.057006821 0.106346779 0.994239092 -0.013380259 -0.417715073 -0.231211543 0.037814315 0.972168326 0.183105096
0.964303315 -0.102989204 0.243951499 -0.060290523 0.109506302 0.993897557 -0.013267254 -0.426498652 -0.241096407 0.039507881 0.969696701 0.191066787
0.961599171 -0.105882213 0.253211379 -0.063523822 0.112582222 0.993569016 -0.012075604 -0.435287625 -0.250304401 0.040118992 0.967335582 0.199237853
0.958499253 -0.110428452 0.262839794 -0.066808604 0.117171258 0.993060708 -0.010068514 -0.441809803 -0.259904027 0.040447935 0.964786947 0.208234444
0.954852760 -0.115183085 0.273841232 -0.069475889 0.121565670 0.992562771 -0.006393772 -0.449558407 -0.271068186 0.039394807 0.961753666 0.216813460
0.950600326 -0.120571509 0.286044598 -0.071832433 0.126492843 0.991964996 -0.002242411 -0.456602842 -0.283475876 0.038314231 0.958213687 0.225625977
0.945727170 -0.125768542 0.299637198 -0.074218154 0.131184727 0.991355777 0.002057187 -0.461375505 -0.297305822 0.037362285 0.954051018 0.235537603
0.939711392 -0.130731046 0.315993577 -0.075697258 0.136109561 0.990680695 0.005091915 -0.467449158 -0.313714415 0.038224809 0.948747694 0.245398790
0.932497382 -0.136755690 0.334285051 -0.076755464 0.142014101 0.989825666 0.008784481 -0.473334938 -0.332085222 0.039281681 0.942431092 0.255515009
0.924122989 -0.142251521 0.354628235 -0.078176863 0.147038221 0.989037812 0.013565535 -0.477375358 -0.352670461 0.039607681 0.934908986 0.266278476
0.914138675 -0.149699479 0.376750022 -0.078679159 0.154429197 0.987843335 0.017810065 -0.481817812 -0.374836177 0.041900326 0.926143765 0.277105838
0.902606905 -0.158816263 0.400097728 -0.078991935 0.163471922 0.986286521 0.022713054 -0.485727191 -0.398218215 0.044903781 0.916190982 0.288323611
0.889679432 -0.167513326 0.424746722 -0.079296365 0.171791121 0.984720409 0.028522335 -0.488506764 -0.423034638 0.047591969 0.904862821 0.300971538
0.875481188 -0.177730888 0.449382335 -0.079072163 0.181369841 0.982779503 0.035347201 -0.491798908 -0.447926015 0.050558582 0.892639995 0.312697500
0.860132873 -0.188133314 0.474106789 -0.078798726 0.190894559 0.980675995 0.042823944 -0.494716734 -0.473001778 0.053670127 0.879425287 0.324654490
0.843458056 -0.197738215 0.499477804 -0.079816252 0.200407371 0.978489041 0.048950039 -0.497175336 -0.498412848 0.058811717 0.864942670 0.338330388
0.826182246 -0.206855193 0.524055183 -0.079345368 0.208650216 0.976359904 0.056448270 -0.499183536 -0.523343146 0.062707655 0.849811614 0.351171762
0.808461010 -0.216728657 0.547192454 -0.078836799 0.218041390 0.973866701 0.063573360 -0.500789583 -0.546670675 0.067913994 0.834589064 0.364372343
0.790723622 -0.225856155 0.568986118 -0.077610962 0.226662636 0.971411049 0.070602208 -0.501538694 -0.568665326 0.073141053 0.819310784 0.378383636
0.772233486 -0.235123292 0.590230882 -0.076926827 0.235531881 0.968751609 0.077750020 -0.502152860 -0.590067923 0.078976981 0.803481460 0.392575979
0.753809869 -0.240992650 0.611304522 -0.075989604 0.240697458 0.966925442 0.084379882 -0.502314210 -0.611420870 0.083533049 0.786884248 0.407133222
0.735097229 -0.249439642 0.630406201 -0.077248842 0.248480931 0.964276910 0.091799937 -0.503422379 -0.630784690 0.089162029 0.770818293 0.423405588
0.716285586 -0.255052894 0.649525166 -0.076301962 0.253826052 0.962277770 0.097948171 -0.503413916 -0.650005579 0.094707526 0.754004776 0.438718498
0.696731806 -0.262491286 0.667580128 -0.075153202 0.260030568 0.959765434 0.105992511 -0.503319860 -0.668542385 0.099742860 0.736954868 0.454343230
0.676904440 -0.269661009 0.684896588 -0.075696230 0.265899181 0.957226038 0.114087611 -0.504795909 -0.686365843 0.104887009 0.719653189 0.471486062
0.656517565 -0.276153028 0.701943159 -0.074395999 0.271237254 0.954758406 0.121929288 -0.505073667 -0.703857303 0.110344410 0.701718628 0.488013089
0.636137128 -0.281266302 0.718483746 -0.072736695 0.272911221 0.953016877 0.131447062 -0.505047560 -0.721698701 0.112463899 0.683010101 0.504684627
0.615054905 -0.288837671 0.733675897 -0.071743622 0.279329360 0.949960947 0.139818698 -0.505946159 -0.737348378 0.118941046 0.664958954 0.522322297
0.593829870 -0.293628186 0.749098539 -0.069850072 0.283724815 0.947642982 0.146536648 -0.506259203 -0.752905250 0.125519961 0.646048307 0.540320337
0.572365463 -0.298964232 0.763556361 -0.067849606 0.288462669 0.945058644 0.153797001 -0.506480873 -0.767585278 0.132229358 0.627158880 0.558730066
0.551093996 -0.301340580 0.778131962 -0.067043394 0.292429864 0.943122566 0.158128411 -0.508311868 -0.781524301 0.140405357 0.607870162 0.579132736
0.529967606 -0.304578245 0.791433215 -0.065398157 0.298379540 0.940569520 0.162168473 -0.509191930 -0.793790936 0.150203407 0.589351296 0.598152161
0.508275270 -0.308314979 0.804113388 -0.063835233 0.305311263 0.937582672 0.166504622 -0.509947181 -0.805258632 0.160874635 0.570682108 0.617363214
0.487033069 -0.312955260 0.815388083 -0.061842978 0.313518107 0.934017956 0.171221718 -0.511027992 -0.815171838 0.172248289 0.553014755 0.639832020
0.465497732 -0.318903804 0.825598180 -0.060298800 0.321353257 0.930066586 0.178067952 -0.511228621 -0.824647844 0.182418406 0.535424650 0.659266055
0.443771005 -0.321398884 0.836522639 -0.058537185 0.325728625 0.927475929 0.183546498 -0.511234820 -0.834846199 0.191026703 0.516275764 0.678522527
0.421470821 -0.322393268 0.847599506 -0.056779087 0.328968257 0.925358951 0.188389629 -0.511797965 -0.845069408 0.199432582 0.496068954 0.701485455
0.398975313 -0.325547963 0.857226491 -0.055268347 0.333580583 0.922330201 0.195015356 -0.511621356 -0.854132771 0.208147779 0.476583481 0.720824063
0.376218021 -0.327794462 0.866608799 -0.053832769 0.338740736 0.919236898 0.200644612 -0.511685431 -0.862389028 0.218069553 0.456870854 0.739863753
0.352851450 -0.330213249 0.875474215 -0.050763965 0.344737887 0.915715516 0.206448257 -0.512694001 -0.869857311 0.228963524 0.436948538 0.763440907
0.329945445 -0.333389968 0.883168936 -0.049734175 0.351607651 0.911644757 0.212781370 -0.512818158 -0.876075506 0.240322649 0.418015480 0.782517612
0.307285666 -0.335911721 0.890358925 -0.048831224 0.359574109 0.907249391 0.218185887 -0.513045192 -0.881068826 0.253104568 0.399569809 0.800983429
0.284138680 -0.337669969 0.897354126 -0.047108114 0.366365433 0.903144896 0.223842874 -0.514643192 -0.886025786 0.265157044 0.380329013 0.822252214
0.261667967 -0.338771343 0.903749943 -0.046631157 0.370932579 0.899758697 0.229876921 -0.514694452 -0.891032577 0.275078803 0.361099303 0.839818716
0.239436984 -0.340757638 0.909150362 -0.046304941 0.376560122 0.895685196 0.236538589 -0.514546931 -0.894914865 0.285713613 0.342775881 0.856870532
0.217514396 -0.340179086 0.914858282 -0.042517900 0.378761292 0.893268466 0.242097870 -0.515017867 -0.899570644 0.293853164 0.323145390 0.877875090
0.196325362 -0.344270945 0.918114364 -0.042609394 0.380914807 0.889573812 0.252115816 -0.513985693 -0.903526604 0.300226599 0.305783808 0.893075466
0.175953984 -0.349296778 0.920343399 -0.042986751 0.382551402 0.885707617 0.263014168 -0.512519598 -0.907025218 0.305800229 0.289467752 0.907383084
0.155502856 -0.354080260 0.922196329 -0.041749358 0.380038083 0.883144557 0.275003314 -0.512911260 -0.911805928 0.307705879 0.271895468 0.925199747
0.135998428 -0.358647436 0.923513174 -0.042395890 0.376679510 0.880885959 0.286622494 -0.511815786 -0.916306257 0.308888227 0.254894197 0.938140988
0.118305027 -0.364022791 0.923846066 -0.043306708 0.373592913 0.878336787 0.298249602 -0.510872006 -0.920017660 0.309857845 0.239907980 0.950423956
0.103727341 -0.368204385 0.923940599 -0.042644262 0.370370060 0.876441479 0.307695210 -0.511202335 -0.923074543 0.310283542 0.227282822 0.966356814
0.091916800 -0.370102078 0.924432635 -0.043014884 0.368041486 0.875250936 0.313817322 -0.510802627 -0.925254941 0.311384499 0.216663182 0.978460431
0.082815886 -0.371130884 0.924880266 -0.043293238 0.367558062 0.874013484 0.317807347 -0.510678113 -0.926305890 0.313627690 0.208794296 0.990413427
0.074911952 -0.369293749 0.926288486 -0.038160920 0.368797064 0.873296976 0.318341196 -0.509409904 -0.926486373 0.317764878 0.201614857 1.008715034
0.068997204 -0.366831213 0.927725255 -0.037490964 0.367587358 0.873860419 0.318194151 -0.509808064 -0.927425921 0.319065630 0.195136428 1.020991206
0.065091014 -0.363940060 0.929145217 -0.036677957 0.369558573 0.873704076 0.316334784 -0.510441601 -0.926924825 0.322782993 0.191367447 1.033043742
0.061569750 -0.362104863 0.930101812 -0.034369230 0.370049804 0.873738229 0.315665454 -0.508830249 -0.926969469 0.324748486 0.187792659 1.048228145
0.059998631 -0.365782917 0.928764343 -0.033614516 0.371060848 0.871938646 0.319432080 -0.508520961 -0.926668286 0.325462520 0.188042819 1.061108112
0.059567153 -0.370004505 0.927118301 -0.033162475 0.371215850 0.870369315 0.323505908 -0.509160638 -0.926633954 0.324890703 0.189196944 1.074897051
0.060027659 -0.374525398 0.925271630 -0.031848788 0.373451978 0.868052542 0.327136695 -0.507957697 -0.925705433 0.325907230 0.191974401 1.087713242
0.061370373 -0.378482819 0.923571587 -0.030552745 0.376918793 0.865589976 0.329675913 -0.508059502 -0.924211025 0.327879131 0.195778847 1.100692987
0.063059926 -0.382073611 0.921977878 -0.028792977 0.384373814 0.861849368 0.330866188 -0.508444548 -0.921021342 0.333519727 0.201207221 1.113268971
0.065187633 -0.384683490 0.920743942 -0.025020361 0.391667008 0.858523965 0.330958605 -0.506606758 -0.917795062 0.339050531 0.206632912 1.124721050
0.067690670 -0.386883587 0.919640899 -0.022042155 0.399967939 0.854967654 0.330236346 -0.506973445 -0.914026260 0.345472842 0.212614298 1.135839820
0.070375383 -0.386816412 0.919467390 -0.018136978 0.405433267 0.853276134 0.327938467 -0.507238030 -0.911411583 0.349703878 0.216877878 1.145899773
0.073540568 -0.384341747 0.920257270 -0.012293220 0.401405066 0.856118441 0.325476944 -0.504593372 -0.912943542 0.345460117 0.217236161 1.152853847
0.077178836 -0.381787479 0.921022236 -0.006336212 0.395336092 0.859771132 0.323269337 -0.503704488 -0.915288508 0.339163691 0.217290461 1.160706878
0.081187606 -0.378382474 0.922082126 0.000465870 0.385895878 0.864915013 0.320946157 -0.502497792 -0.918963015 0.329770803 0.216236591 1.167721748
0.085484445 -0.373832911 0.923548222 0.007951617 0.378541380 0.869620085 0.316965818 -0.500943482 -0.921628356 0.322505593 0.215850174 1.173684478
0.089798093 -0.368840337 0.925145030 0.016240478 0.371467710 0.874273360 0.312502563 -0.499689370 -0.924093246 0.315599322 0.215520322 1.179935098
0.093901932 -0.365642875 0.926006436 0.024687290 0.364522308 0.878155649 0.309784025 -0.498158365 -0.926448107 0.308460623 0.215745449 1.186095476
0.097665071 -0.362793118 0.926737726 0.033145905 0.360501498 0.880846322 0.306836098 -0.497275233 -0.927631557 0.304123133 0.216815352 1.191652060
0.099429369 -0.359777778 0.927725136 0.041740894 0.356456548 0.883346617 0.304364085 -0.496122867 -0.929006279 0.300430894 0.216075718 1.197428465
0.097367048 -0.356567472 0.929182053 0.050466537 0.353421301 0.885157108 0.302638918 -0.494971037 -0.930383325 0.298925668 0.212203681 1.203019857
0.089498818 -0.354891211 0.930613995 0.055690765 0.353152841 0.884962976 0.303518772 -0.504764974 -0.931275010 0.301484346 0.204533935 1.205246925
0.079797983 -0.350644946 0.933102667 0.064401507 0.357207835 0.883978426 0.301636785 -0.504719973 -0.930610001 0.309241503 0.195792794 1.210440397
0.065447807 -0.343898028 0.936723471 0.073154569 0.360930413 0.883334935 0.299079776 -0.505000472 -0.930293441 0.318517804 0.181935549 1.215198994
0.047300637 -0.335715890 0.940775037 0.081857324 0.369030356 0.881070793 0.295856178 -0.506430626 -0.928213000 0.333180308 0.165564537 1.219510436
0.026903450 -0.328788519 0.944020450 0.090262055 0.374849975 0.878770769 0.295380235 -0.507641852 -0.926695168 0.345919192 0.146888256 1.223543406
0.003666282 -0.324601203 0.945843935 0.098107696 0.375595361 0.877044678 0.299534321 -0.508831918 -0.926776528 0.354156375 0.125134170 1.226737380
-0.019868612 -0.325326145 0.945393145 0.103311300 0.376351118 0.873595834 0.308528960 -0.510793924 -0.926264107 0.361929774 0.105079710 1.229259729
-0.043678045 -0.330021620 0.942962289 0.107941389 0.378788352 0.867919147 0.321303189 -0.512485504 -0.924452066 0.371217072 0.087099373 1.231565356
-0.064508080 -0.335926116 0.939676881 0.111640453 0.382002592 0.861602128 0.334239215 -0.515225530 -0.921907306 0.380520016 0.072744310 1.233390808
-0.081850052 -0.344846398 0.935083807 0.112813115 0.387659281 0.853332937 0.348630458 -0.521735847 -0.918161809 0.391029269 0.063837528 1.231993675
-0.097142458 -0.354167581 0.930123091 0.114670157 0.392030656 0.845374584 0.362841338 -0.529343307 -0.914809108 0.399883956 0.056722760 1.231497049
-0.109059453 -0.364218891 0.924905956 0.116464376 0.394329071 0.838260353 0.376595616 -0.540160894 -0.912475169 0.405788481 0.052201867 1.229249477
-0.118229866 -0.371269435 0.920967340 0.117757797 0.395223945 0.833248973 0.386644691 -0.554377437 -0.910944462 0.409701258 0.048219681 1.224528193
-0.125550032 -0.376481652 0.917877436 0.119424343 0.396924853 0.828859508 0.394262135 -0.570460558 -0.909223914 0.413827896 0.045371532 1.218583345
-0.131651878 -0.378518999 0.916183174 0.121802449 0.400323391 0.825210273 0.398458600 -0.588347912 -0.906867921 0.419227183 0.042889476 1.210984945
-0.136463046 -0.379084677 0.915244758 0.124029398 0.403453916 0.822529078 0.400837779 -0.606597006 -0.904766858 0.423958480 0.040698349 1.201281905
-0.140180707 -0.380106032 0.914258659 0.127095342 0.403779268 0.821159720 0.403310180 -0.623833716 -0.904053032 0.425694942 0.038368106 1.191777587
-0.143610477 -0.380721211 0.913470089 0.130912662 0.405371606 0.819417536 0.405251563 -0.640101552 -0.902801216 0.428493142 0.036656618 1.181278467
-0.146075130 -0.378723383 0.913909674 0.134961009 0.402770460 0.821017623 0.404606014 -0.657326281 -0.903569698 0.427198619 0.032608271 1.167224407
-0.148388267 -0.377177715 0.914176166 0.139623404 0.400163829 0.822448492 0.404286236 -0.671758235 -0.904350579 0.425811499 0.028891206 1.154406667
-0.149842858 -0.377590120 0.913768709 0.144589186 0.391886413 0.825823843 0.405512154 -0.684368134 -0.907729328 0.418856502 0.024228573 1.140978813
-0.150223136 -0.378336072 0.913397491 0.149545550 0.381094575 0.830325246 0.406604171 -0.696015596 -0.912249982 0.409172118 0.019447744 1.126436114
-0.150458813 -0.381951094 0.911852956 0.155144811 0.370876551 0.833181679 0.410193682 -0.706791818 -0.916413069 0.399902046 0.016297102 1.111827731
-0.150243521 -0.384076774 0.910995185 0.161305189 0.360838354 0.836584747 0.412215561 -0.716823995 -0.920447052 0.390654653 0.012898147 1.097162724
-0.150600195 -0.385833472 0.910193443 0.167983413 0.352327913 0.839290321 0.414073467 -0.726832449 -0.923679948 0.383046091 0.009542584 1.082546830
-0.151144743 -0.387054175 0.909584880 0.175050735 0.349627525 0.839747310 0.415433556 -0.735663712 -0.924616814 0.380806416 0.008401334 1.068776250
-0.152117014 -0.387736768 0.909131885 0.182761908 0.352252275 0.838165522 0.416409522 -0.744268715 -0.923460245 0.383586735 0.009081960 1.055363774
-0.153326154 -0.389357179 0.908235788 0.192074537 0.358006626 0.834777415 0.418303668 -0.754248917 -0.921044230 0.389291286 0.011399209 1.040265441
-0.153741956 -0.390282273 0.907768309 0.200987458 0.361153543 0.832933128 0.419273823 -0.761353254 -0.919745386 0.392303675 0.012895048 1.026927471
-0.153712034 -0.390388489 0.907727778 0.210707307 0.359466016 0.833608091 0.419382602 -0.767854750 -0.920411408 0.390761346 0.012195706 1.013390183
-0.153680086 -0.389160126 0.908260345 0.221828461 0.357155412 0.835158706 0.418270111 -0.775229573 -0.921315670 0.388669908 0.010643303 1.000619650
-0.153545737 -0.388922751 0.908384740 0.232651711 0.354667902 0.836339772 0.418026894 -0.780641735 -0.922298491 0.386361092 0.009522021 0.987575650
-0.153467178 -0.387486041 0.909011900 0.244207501 0.351055086 0.838520527 0.416705698 -0.785329044 -0.923692763 0.383063823 0.007343471 0.974739552
-0.154164553 -0.386970639 0.909113407 0.257932305 0.347452700 0.840111911 0.416519582 -0.790566683 -0.924937844 0.380086422 0.004938543 0.962367415
-0.155174613 -0.384270608 0.910086334 0.270920157 0.345052719 0.842139721 0.414414495 -0.794945121 -0.925667107 0.378334314 0.001914859 0.950182855
-0.158790588 -0.380400181 0.911088109 0.284490108 0.345311940 0.843117654 0.412204266 -0.799219251 -0.924957037 0.380063653 -0.002522469 0.938103318
-0.166691065 -0.373672694 0.912459850 0.303104877 0.345272750 0.844694316 0.408996671 -0.803512812 -0.923580527 0.383223504 -0.011783957 0.926177263
-0.177110076 -0.363106251 0.914760113 0.317798257 0.345222473 0.847478390 0.403239161 -0.807725132 -0.921658039 0.387213439 -0.024744630 0.914321125
-0.190029025 -0.355981559 0.914967895 0.332392693 0.343905419 0.848767221 0.401650697 -0.811067104 -0.919574976 0.390987664 -0.038866401 0.902871549
-0.203312516 -0.356532574 0.911892712 0.347831845 0.341000021 0.847251952 0.407287478 -0.813483715 -0.917814195 0.393762112 -0.050679326 0.891915202
-0.215398788 -0.361803174 0.907029212 0.361065745 0.339278340 0.843243241 0.416930616 -0.814985514 -0.915692985 0.397541642 -0.058881640 0.881810367
-0.225594878 -0.369255602 0.901530564 0.374158025 0.335422277 0.839368463 0.427729368 -0.816521347 -0.914657772 0.398886979 -0.065500736 0.872151017
-0.235002279 -0.375138879 0.896685362 0.389713883 0.331766129 0.836161435 0.436766863 -0.818235993 -0.913621902 0.400131106 -0.072041512 0.863783240
-0.243419409 -0.379000783 0.892807722 0.403440356 0.327483118 0.834324419 0.443460912 -0.820746481 -0.912963271 0.400326341 -0.078974485 0.854907572
-0.251058698 -0.380415916 0.890086055 0.417238951 0.325952470 0.832610011 0.447789609 -0.823953032 -0.911440849 0.402547240 -0.085036516 0.846454084
-0.257668018 -0.380715847 0.888066888 0.439347148 0.321769714 0.832831144 0.450395972 -0.825709581 -0.911082625 0.401805609 -0.092091084 0.838017225
-0.263407350 -0.376199335 0.888307869 0.454863667 0.320117027 0.834563732 0.448362023 -0.829758167 -0.910023034 0.402464241 -0.099402547 0.830755115
-0.268092036 -0.368185788 0.890261769 0.470938981 0.318989366 0.838038623 0.442647815 -0.834401488 -0.909050345 0.402654350 -0.107224107 0.823918700
-0.272536039 -0.361712426 0.891565084 0.488608122 0.317954451 0.840723753 0.438279033 -0.838315785 -0.908090949 0.402923882 -0.114119530 0.817673743
-0.275623441 -0.354393929 0.893552840 0.505084038 0.319686741 0.842853308 0.432895750 -0.843444586 -0.906549633 0.404973179 -0.119015098 0.812238157
-0.278164029 -0.350062549 0.894472539 0.521397471 0.321020782 0.843796730 0.430061311 -0.848427296 -0.905301392 0.406771809 -0.122336507 0.807550550
-0.279594064 -0.347011149 0.895215452 0.540187716 0.325860560 0.842760205 0.428450912 -0.852892339 -0.903129160 0.411507696 -0.122553587 0.802659869
-0.281873345 -0.344016641 0.895656347 0.555926800 0.334224790 0.839831054 0.427758902 -0.858536124 -0.899356127 0.419924289 -0.121747136 0.799222231
-0.286100745 -0.341724187 0.895193458 0.571180761 0.341835648 0.836372614 0.428519875 -0.864380777 -0.895150900 0.428608745 -0.122473359 0.795818388
-0.295022130 -0.337980449 0.893717527 0.589416087 0.348908901 0.832650959 0.430063874 -0.868008554 -0.889507890 0.438704401 -0.127726078 0.794920087
-0.306671858 -0.336456090 0.890364766 0.603475869 0.356306583 0.826841950 0.435175806 -0.874024510 -0.882608533 0.450699121 -0.133687615 0.790655136
-0.321254015 -0.334049910 0.886118889 0.616951108 0.361904770 0.821385741 0.440851927 -0.880071521 -0.875111938 0.462316036 -0.142979264 0.785469890
-0.338361740 -0.331513047 0.880687594 0.632416248 0.364473224 0.816670537 0.447446704 -0.885964215 -0.867565989 0.472385824 -0.155502439 0.778510690
-0.357127547 -0.327981353 0.874578714 0.645059764 0.363903761 0.813485980 0.453667939 -0.891581178 -0.860252142 0.480279863 -0.171164513 0.770815730
-0.377706051 -0.323477983 0.867583156 0.657015681 0.358668804 0.812722862 0.459171355 -0.896825016 -0.853636503 0.484606683 -0.190948963 0.761820078
-0.399907589 -0.318460464 0.859451473 0.674182057 0.352912247 0.811898589 0.465052307 -0.907097161 -0.845888197 0.489288926 -0.212295890 0.749118686
-0.423985600 -0.312549680 0.850028753 0.685623646 0.344087750 0.812597334 0.470413804 -0.911625087 -0.837758780 0.491933167 -0.236985087 0.737691998
-0.449177146 -0.306774050 0.839124560 0.696140885 0.334413439 0.813203394 0.476306587 -0.915754616 -0.828497410 0.494560391 -0.262683034 0.725655437
-0.475274444 -0.300993174 0.826751113 0.707641006 0.325480968 0.812854052 0.483042955 -0.921399355 -0.817420602 0.498669684 -0.288361192 0.712972164
-0.500460863 -0.293603987 0.814454317 0.716622353 0.318415791 0.812381923 0.488515109 -0.925067604 -0.805077910 0.503817737 -0.313077211 0.700813055
-0.522611499 -0.287441939 0.802654862 0.724853635 0.313567072 0.810661137 0.494473755 -0.928191066 -0.792813540 0.510103643 -0.333528519 0.689141035
-0.541356206 -0.283700585 0.791484416 0.735116243 0.308494985 0.808679760 0.500867188 -0.938100398 -0.782153785 0.515316427 -0.350263596 0.675641537
-0.556789517 -0.281798571 0.781393290 0.741415024 0.303369194 0.806729376 0.507104456 -0.936765194 -0.773274183 0.519401014 -0.363689542 0.666318297
-0.569732189 -0.280753285 0.772387743 0.746737719 0.299359947 0.804372430 0.513194501 -0.932535410 -0.765368462 0.523605406 -0.374230504 0.658529758
-0.580093503 -0.280988127 0.764550388 0.754068375 0.292811483 0.803939581 0.517631650 -0.930235088 -0.760100663 0.524143815 -0.384083629 0.650393665
-0.588114977 -0.280779719 0.758474529 0.758641124 0.289636135 0.802488208 0.521654665 -0.920437336 -0.755136907 0.526474535 -0.390631318 0.645608068
-0.594051600 -0.279249519 0.754402161 0.763036013 0.289326638 0.800884366 0.524284601 -0.908628583 -0.750595093 0.529720664 -0.394972324 0.641957462
-0.598302364 -0.277304351 0.751755714 0.767865419 0.290099442 0.799589634 0.525831521 -0.901625991 -0.746911407 0.532690108 -0.397950530 0.636817634
-0.601138711 -0.275418192 0.750185072 0.771166563 0.289923280 0.799616635 0.525887668 -0.893228650 -0.744699419 0.533627331 -0.400830388 0.631612360
-0.602681160 -0.274722457 0.749201715 0.773835182 0.291655064 0.798080325 0.527261972 -0.887668014 -0.742773831 0.536279202 -0.400863767 0.625598371
-0.603353858 -0.272580981 0.749442220 0.773369908 0.295057297 0.796777487 0.527339339 -0.891179085 -0.740881324 0.539300680 -0.400311828 0.618294418
-0.603603721 -0.272699177 0.749198020 0.775972605 0.296832621 0.795270085 0.528616965 -0.892735839 -0.739968240 0.541461647 -0.399081945 0.608855069
-0.603057504 -0.272779673 0.749608696 0.778235435 0.296327978 0.795863628 0.528006434 -0.896622837 -0.740615785 0.540548205 -0.399119258 0.598238468
-0.602087259 -0.277902514 0.748505831 0.777069807 0.290831476 0.796732903 0.529748738 -0.901794732 -0.743577719 0.536644042 -0.398880005 0.588116169
-0.601225615 -0.281443924 0.747875094 0.778250456 0.287172467 0.797292233 0.530902147 -0.904913783 -0.745694160 0.533961058 -0.398529530 0.577486634
-0.601635218 -0.286048800 0.745795608 0.779021382 0.280909747 0.798266947 0.532784700 -0.904804170 -0.747746468 0.530043364 -0.399911642 0.567846715
-0.604030371 -0.290483713 0.742136657 0.776305318 0.272987425 0.799460888 0.535107672 -0.902687848 -0.748749316 0.525815189 -0.403600216 0.559562027
-0.608574033 -0.293086201 0.737385929 0.776162505 0.266232699 0.800000250 0.537698567 -0.896642745 -0.747500956 0.523545682 -0.408830285 0.551647902
-0.614847660 -0.295114279 0.731348276 0.775471091 0.261940718 0.798283100 0.542338610 -0.887583673 -0.743874907 0.525025368 -0.413520098 0.545178652
-0.622679949 -0.295585036 0.724499404 0.774443507 0.258784890 0.796008408 0.547175527 -0.873142421 -0.738444507 0.528204679 -0.419165611 0.539174914
-0.631830454 -0.296317101 0.716230750 0.773062229 0.253477335 0.794244289 0.552200317 -0.858472347 -0.732488632 0.530445218 -0.426717997 0.535358489
-0.640397072 -0.297688842 0.708006501 0.771787405 0.246897697 0.793110251 0.556792378 -0.842463315 -0.727278113 0.531373262 -0.434406877 0.532452881
-0.648344517 -0.298282951 0.700483322 0.770738006 0.240345150 0.792822838 0.560059011 -0.825639486 -0.722415209 0.531468928 -0.442331553 0.529516876
-0.656300306 -0.298308432 0.693023920 0.769955873 0.236167416 0.791143179 0.564196229 -0.809828162 -0.716585636 0.533951759 -0.448776722 0.527464449
-0.665530205 -0.298948705 0.683885574 0.769284964 0.229504272 0.789919019 0.568643749 -0.793710887 -0.710209608 0.535404146 -0.457105041 0.525665343
-0.676151037 -0.297819287 0.673887074 0.769391656 0.223029464 0.789006472 0.572474122 -0.776870191 -0.702195108 0.537375569 -0.467065096 0.523175180
-0.687997699 -0.296141654 0.662540138 0.769103169 0.218369290 0.786160827 0.578157425 -0.759776831 -0.692079604 0.542449355 -0.476208687 0.522537768
-0.700652242 -0.293402493 0.650386095 0.769269705 0.214466169 0.782782674 0.584170878 -0.741670847 -0.680508137 0.548786223 -0.485533714 0.522514164
-0.713740826 -0.291000485 0.637097180 0.773048282 0.210174561 0.778704286 0.591139734 -0.719921410 -0.668132246 0.555822194 -0.494632125 0.519997478
-0.727128267 -0.286888212 0.623682559 0.774503112 0.205804497 0.775613308 0.596714735 -0.700503588 -0.654926956 0.562244773 -0.504927516 0.520809650
-0.739608645 -0.283650994 0.610345244 0.776679873 0.201709092 0.771748662 0.603089929 -0.680589676 -0.642100215 0.569162607 -0.513576984 0.522102833
-0.749919891 -0.282866180 0.598002434 0.780614734 0.197390035 0.767110229 0.610392570 -0.660145044 -0.631393194 0.575785279 -0.519436240 0.522742867
-0.758407116 -0.279602826 0.588762403 0.784463644 0.196411908 0.763280988 0.615487218 -0.639628053 -0.621483088 0.582429767 -0.523960471 0.524523973
-0.764346123 -0.278062195 0.581770360 0.789050102 0.192933425 0.762282252 0.617820740 -0.620298147 -0.615265787 0.584471703 -0.528999925 0.526122034
-0.768289089 -0.276136935 0.577477813 0.795549631 0.191951737 0.761254549 0.619391680 -0.603340030 -0.610644579 0.586719632 -0.531858683 0.526152849
-0.770556808 -0.273157775 0.575871289 0.802033305 0.192479461 0.761597514 0.618806064 -0.589246929 -0.607613862 0.587668359 -0.534276962 0.526333332
-0.771319389 -0.268890560 0.576857746 0.809681177 0.196285769 0.761686563 0.617499471 -0.577955723 -0.605424583 0.589518070 -0.534724236 0.525544405
-0.770389080 -0.268950582 0.578071058 0.817716718 0.198243842 0.760683835 0.618109584 -0.567413688 -0.605970204 0.590783954 -0.532704711 0.522558272
-0.768558264 -0.269504607 0.580246449 0.827020526 0.200341672 0.759952962 0.618332207 -0.560572147 -0.607603431 0.591471732 -0.530075192 0.519870937
-0.765450001 -0.270185560 0.584025800 0.837056994 0.201692790 0.761116028 0.616459548 -0.556594968 -0.611069858 0.589662731 -0.528101683 0.515967131
-0.761480212 -0.270421416 0.589084208 0.847390413 0.201883882 0.764665604 0.611988068 -0.555019617 -0.615947068 0.584943414 -0.527684093 0.510952652
-0.756526947 -0.272876382 0.594311297 0.859188914 0.202644184 0.766234875 0.609770000 -0.555820048 -0.621773899 0.581741035 -0.524380684 0.504714489
-0.751523614 -0.279273778 0.597677767 0.871686339 0.201782793 0.765246093 0.611295462 -0.558991194 -0.628089368 0.580003977 -0.518747926 0.497094929
-0.746831059 -0.284413278 0.601126015 0.883475661 0.203840241 0.762514532 0.614020169 -0.564126194 -0.633002818 0.581103027 -0.511494637 0.490369588
-0.742462397 -0.288254112 0.604697704 0.898153901 0.206637502 0.760116339 0.616055310 -0.569152474 -0.637221098 0.582351029 -0.504793644 0.481361151
-0.738469124 -0.292357445 0.607610464 0.913956881 0.209793732 0.756768644 0.619102418 -0.573169589 -0.640819788 0.584660828 -0.497515559 0.472239673
-0.735813022 -0.294727534 0.609684229 0.929990768 0.216246337 0.750919878 0.623984694 -0.582587838 -0.641729474 0.590978026 -0.488802910 0.463568985
-0.733408928 -0.296679497 0.611631453 0.947085023 0.221113876 0.746699691 0.627334237 -0.584961712 -0.642822206 0.595332623 -0.482036233 0.455118626
-0.731466889 -0.294471085 0.615014911 0.965165198 0.225056693 0.747140706 0.625404119 -0.586979389 -0.643666148 0.595875502 -0.480236053 0.445885628
-0.730243206 -0.292458415 0.617424726 0.983562529 0.225458622 0.749949574 0.621887505 -0.587681115 -0.644913673 0.593332708 -0.481708407 0.437691748
-0.729939699 -0.285995871 0.620801628 1.003344774 0.228826612 0.753593683 0.616226375 -0.588276982 -0.644070446 0.591863930 -0.484634519 0.427471638
-0.730320573 -0.282038271 0.622162938 1.023505807 0.232006297 0.754236221 0.614248157 -0.587658525 -0.642499328 0.592943668 -0.485399604 0.417586058
-0.730974436 -0.278283447 0.623085260 1.044312954 0.230015233 0.759164512 0.608902574 -0.586245358 -0.642471671 0.588411093 -0.490920424 0.408414006
-0.731871486 -0.274480313 0.623718441 1.065187216 0.227573380 0.764293909 0.603378177 -0.584210694 -0.642319620 0.583536983 -0.496900439 0.397781610
-0.732971430 -0.269056648 0.624789476 1.086279631 0.228684187 0.767545581 0.598813295 -0.582191885 -0.640669107 0.581792355 -0.501060128 0.387167484
-0.734259486 -0.264621288 0.625170708 1.106505632 0.232407168 0.767271340 0.597730339 -0.584171653 -0.637847781 0.584183395 -0.501876354 0.379012525
-0.735856056 -0.263018966 0.623968720 1.127601147 0.233735576 0.766179383 0.598612428 -0.580956936 -0.635518432 0.586336255 -0.502320886 0.369487047
-0.738413572 -0.256330013 0.623731077 1.148714066 0.238280863 0.766093433 0.596928000 -0.577720523 -0.630846918 0.589402914 -0.504615307 0.360502958
-0.741797328 -0.246362820 0.623732686 1.170863390 0.245249018 0.765995443 0.594225466 -0.575495422 -0.624171495 0.593764603 -0.507793188 0.351266921
-0.745094895 -0.235034406 0.624173522 1.192065001 0.254460722 0.764885187 0.591777265 -0.572444201 -0.616509080 0.599757850 -0.510105014 0.342258573
-0.749175429 -0.224859893 0.623036504 1.212621808 0.262930363 0.762376487 0.591311872 -0.568703890 -0.607950687 0.606811464 -0.512031317 0.332944155
-0.753169179 -0.214309350 0.621938884 1.232406855 0.270868540 0.760540724 0.590091527 -0.566047668 -0.599471986 0.612902343 -0.514766216 0.322448313
-0.757865906 -0.205443680 0.619219303 1.250960827 0.275942415 0.759109378 0.589583635 -0.561751902 -0.591181397 0.617694020 -0.518612504 0.312163472
-0.763076425 -0.198596254 0.615039945 1.268115997 0.278232932 0.757984042 0.589954853 -0.556043029 -0.583353281 0.621304870 -0.523143768 0.301644564
-0.768619180 -0.194070518 0.609558046 1.282594442 0.278512955 0.756300509 0.591979742 -0.551293790 -0.575894892 0.624776840 -0.527255893 0.290118933
-0.774318814 -0.190087616 0.603570282 1.297038913 0.276777238 0.756003737 0.593171716 -0.543216228 -0.569055974 0.626358509 -0.532775998 0.279041886
-0.780211926 -0.187941790 0.596613407 1.310114145 0.274519533 0.754152656 0.596567571 -0.533930361 -0.562057614 0.629231036 -0.536805272 0.268008471
-0.786399007 -0.187221244 0.588663518 1.322536588 0.270601332 0.752248883 0.600746632 -0.524878979 -0.555293977 0.631719708 -0.540905476 0.255495965
-0.792690992 -0.190701157 0.579028726 1.332591534 0.263839394 0.748933315 0.607855022 -0.514037848 -0.549572587 0.634611666 -0.543358207 0.244004130
-0.799273133 -0.190829173 0.569865346 1.341326475 0.259842932 0.745292187 0.614020526 -0.502910495 -0.541889191 0.638845623 -0.546106458 0.232251406
-0.805628896 -0.189325988 0.561353743 1.350360632 0.257453263 0.741516113 0.619573772 -0.491592497 -0.533554256 0.643668830 -0.548644185 0.218481660
-0.811460257 -0.186533570 0.553839207 1.357399106 0.255957752 0.738523841 0.623753250 -0.480021149 -0.525374413 0.647910297 -0.551538110 0.205002666
-0.816841483 -0.184195369 0.546664476 1.363430381 0.254548579 0.735309720 0.628111899 -0.467933238 -0.517663002 0.652220547 -0.553744793 0.190606117
-0.821548700 -0.187757939 0.538335502 1.372202992 0.246112585 0.734924674 0.631913304 -0.456954598 -0.514282763 0.651638508 -0.557566881 0.171531916
-0.825484753 -0.192902699 0.530437171 1.377101421 0.235459134 0.736410797 0.634238243 -0.444182247 -0.512965977 0.648450255 -0.562475204 0.154880166
