1.000000000 0.000000000 0.000000000 0.000000000 0.000000000 1.000000000 0.000000000 0.000000000 0.000000000 0.000000000 1.000000000 0.000000179
0.999989092 0.003186613 0.003417200 0.002663179 -0.003235532 0.999890983 0.014406878 -0.003522464 -0.003370919 -0.014417776 0.999890387 -0.003228997
0.999899149 0.011152677 0.008792695 0.003445536 -0.011346215 0.999687433 0.022277504 -0.005937478 -0.008541493 -0.022375021 0.999713182 -0.004082175
0.999691665 0.020539125 0.013953011 0.004969524 -0.020991279 0.999232531 0.033071250 -0.011603199 -0.013263049 -0.033353947 0.999355614 -0.006707662
0.999451697 0.027602462 0.018286675 0.007356835 -0.028290892 0.998857141 0.038523301 -0.022553848 -0.017202437 -0.039019525 0.999090374 -0.011053179
0.998971045 0.038653824 0.023722798 0.008479573 -0.039673913 0.998236716 0.044152651 -0.039239448 -0.021974299 -0.045048397 0.998743117 -0.014088565
0.998148799 0.053480312 0.028961573 0.009282447 -0.054718927 0.997540116 0.043812256 -0.059609413 -0.026547238 -0.045315895 0.998619914 -0.016685061
0.997222424 0.066249169 0.034037109 0.010714959 -0.067417569 0.997131348 0.034409251 -0.081914529 -0.031659883 -0.036608372 0.998828053 -0.021227919
0.996224344 0.078785598 0.036467515 0.012462762 -0.079650804 0.996559501 0.022911876 -0.112933941 -0.034536920 -0.025730036 0.999072134 -0.025843741
0.995998144 0.080189645 0.039463516 0.002809910 -0.080739945 0.996656179 0.012551485 -0.145925552 -0.038325060 -0.015687538 0.999142170 -0.024741806
0.996790349 0.071088217 0.036815856 -0.003776091 -0.071269713 0.997450471 0.003639393 -0.179392293 -0.036463272 -0.006251567 0.999315441 -0.027404826
0.997669399 0.060035076 0.032427236 -0.008257917 -0.059900951 0.998191357 -0.005092805 -0.214516461 -0.032674335 0.003138514 0.999461114 -0.031660285
0.998258948 0.050438400 0.030578664 -0.021556130 -0.050141785 0.998688042 -0.010390974 -0.242310926 -0.031062650 0.008839614 0.999478340 -0.028883779
0.998767734 0.041112419 0.027799491 -0.031615831 -0.040680852 0.999045432 -0.015915759 -0.265725911 -0.028427288 0.014765240 0.999486804 -0.026146811
0.999162972 0.031964589 0.025526861 -0.043383148 -0.031482104 0.999322116 -0.019084617 -0.284911245 -0.026119588 0.018265005 0.999491930 -0.021032281
0.999371350 0.026489135 0.023563158 -0.054568063 -0.026064329 0.999495387 -0.018156556 -0.305661231 -0.024032220 0.017530983 0.999557436 -0.017130766
0.999589145 0.019656947 0.020859489 -0.063733727 -0.019247202 0.999621332 -0.019665372 -0.313939989 -0.021238150 0.019255806 0.999588966 -0.011657743
0.999735534 0.013012358 0.018962821 -0.074864596 -0.012507110 0.999569952 -0.026523452 -0.317942172 -0.019299800 0.026279267 0.999468327 -0.002400306
0.999803364 0.007651540 0.018294668 -0.091604225 -0.006903875 0.999152124 -0.040587522 -0.324886173 -0.018589715 0.040453240 0.999008477 0.008609639
0.999887168 0.002529731 0.014808282 -0.099968746 -0.001601124 0.998050690 -0.062387884 -0.329997182 -0.014937241 0.062357135 0.997942090 0.015949430
0.999867320 0.002107010 0.016152393 -0.114161566 -0.000795159 0.996730268 -0.080797143 -0.333254606 -0.016269818 0.080773585 0.996599674 0.024672782
0.999828637 0.004619827 0.017927157 -0.128878042 -0.003089095 0.996419311 -0.084492981 -0.336343378 -0.018253306 0.084423125 0.996262789 0.033852875
0.999826252 0.006983901 0.017282149 -0.135986522 -0.005663527 0.997144520 -0.075304076 -0.340189546 -0.017758718 0.075193122 0.997010827 0.035870403
0.999785542 0.010105916 0.018075990 -0.148121178 -0.008951464 0.997983158 -0.062845215 -0.342824429 -0.018674640 0.062669933 0.997859597 0.038261786
0.999738455 0.012367432 0.019236555 -0.161482215 -0.011394276 0.998689175 -0.049901001 -0.343154073 -0.019828485 0.049668767 0.998568892 0.040680543
0.999683857 0.015254609 0.019987304 -0.172385484 -0.014480650 0.999160945 -0.038311187 -0.347588748 -0.020554956 0.038009647 0.999065936 0.041263759
0.999684453 0.015306079 0.019918460 -0.183076680 -0.014699972 0.999434948 -0.030228058 -0.353787899 -0.020369876 0.029925717 0.999344528 0.039092328
0.999573648 0.018424766 0.022650415 -0.201717302 -0.017860202 0.999530911 -0.024879681 -0.359815389 -0.023098191 0.024464531 0.999433815 0.039762694
0.999540627 0.019564487 0.023145705 -0.213912264 -0.019090999 0.999607503 -0.020503961 -0.366129190 -0.023537770 0.020052668 0.999521792 0.037970353
0.999490082 0.022125842 0.023022607 -0.226431146 -0.021725619 0.999610960 -0.017491153 -0.373092413 -0.023400657 0.016982054 0.999581933 0.035894398
0.999493122 0.022256710 0.022762893 -0.240709126 -0.021848764 0.999598920 -0.018015901 -0.383658826 -0.023154737 0.017509429 0.999578536 0.034940626
0.999561489 0.020488422 0.021379512 -0.254137635 -0.020134181 0.999658525 -0.016655020 -0.391997755 -0.021713447 0.016217258 0.999632716 0.032513343
0.999595404 0.019808887 0.020411400 -0.267668724 -0.019434979 0.999642611 -0.018356916 -0.400302857 -0.020767735 0.017952792 0.999623120 0.030111564
0.999663055 0.018025152 0.018678525 -0.279479474 -0.017584544 0.999569416 -0.023490695 -0.405181944 -0.019093907 0.023154328 0.999549568 0.028438494
0.999682367 0.018011648 0.017627258 -0.293557853 -0.017288610 0.999036252 -0.040344991 -0.407395542 -0.018336948 0.040027425 0.999030292 0.028422168
0.999720514 0.017242305 0.016174633 -0.307797730 -0.015828360 0.996356308 -0.083806820 -0.407481760 -0.017560720 0.083527379 0.996350765 0.029496461
0.999811649 0.013585506 0.013858825 -0.323717773 -0.011468232 0.989682734 -0.142816558 -0.409741431 -0.015656075 0.142630711 0.989652157 0.031664111
0.999917388 0.008184172 0.009911026 -0.338339895 -0.006017445 0.979432166 -0.201683879 -0.404227614 -0.011357793 0.201607585 0.979400516 0.029324254
0.999952137 0.004924994 0.008453437 -0.352737159 -0.002691372 0.969191730 -0.246292800 -0.395570695 -0.009405992 0.246258259 0.969158590 0.022735346
0.999980450 0.001856730 0.005973087 -0.369242519 -0.000156525 0.962056577 -0.272850037 -0.389399916 -0.006253056 0.272843778 0.962038040 0.012487110
0.999940336 0.008218601 0.007198897 -0.382768959 -0.005849209 0.959214568 -0.282618552 -0.375815123 -0.009228016 0.282559603 0.959205389 -0.006474534
0.999955714 0.006896470 0.006404235 -0.396271139 -0.004792992 0.958782911 -0.284099132 -0.361091048 -0.008099552 0.284055859 0.958773553 -0.032697096
0.999951780 0.007273487 0.006602402 -0.408338219 -0.005103203 0.958950698 -0.283526897 -0.351416916 -0.008393607 0.283479512 0.958941579 -0.065303974
0.999951482 0.007780953 0.006043997 -0.421604574 -0.005772222 0.959795892 -0.280639559 -0.336080521 -0.007984646 0.280591041 0.959794223 -0.104549192
0.999932230 0.009343564 0.006945308 -0.434468478 -0.007069278 0.961289823 -0.275448531 -0.320448339 -0.009250125 0.275380760 0.961290717 -0.150483951
0.999907136 0.010977199 0.008075373 -0.449949384 -0.008467350 0.964759648 -0.262996554 -0.307381451 -0.010677759 0.262903750 0.964762986 -0.202269271
0.999877989 0.012483330 0.009388703 -0.462800026 -0.009893860 0.971277118 -0.237745285 -0.290022403 -0.012086886 0.237623394 0.971282184 -0.261875898
0.999854684 0.013203011 0.010786338 -0.475547433 -0.010791644 0.979915917 -0.199119031 -0.271048069 -0.013198674 0.198973686 0.979915977 -0.327201098
0.999833345 0.013631578 0.012144327 -0.491093636 -0.011653409 0.988582075 -0.150232032 -0.253138393 -0.014053565 0.150065467 0.988576174 -0.395874470
0.999797523 0.014971025 0.013446096 -0.504583001 -0.013487915 0.994451702 -0.104326002 -0.234088928 -0.014933361 0.104123525 0.994452238 -0.469128907
0.999761403 0.015904065 0.014972347 -0.518241405 -0.014858677 0.997607470 -0.067516714 -0.216217980 -0.016010316 0.067278132 0.997605801 -0.544469118
0.999621153 0.017492156 0.021251379 -0.550664544 -0.016598754 0.999000072 -0.041512676 -0.196292758 -0.021956274 0.041144200 0.998911917 -0.608066082
0.999564886 0.018667178 0.022839043 -0.565591455 -0.018149586 0.999578357 -0.022663813 -0.180502728 -0.023252483 0.022239432 0.999482214 -0.683887661
0.999433637 0.021569055 0.025829837 -0.580728710 -0.021282926 0.999709606 -0.011301605 -0.163966015 -0.026066102 0.010745469 0.999602497 -0.758709967
0.999402046 0.020390062 0.027924599 -0.595912576 -0.020251280 0.999781191 -0.005243735 -0.146086976 -0.028025409 0.004675091 0.999596298 -0.832602441
0.999333858 0.020636678 0.030099537 -0.611717939 -0.020734116 0.999780715 0.002928712 -0.127117038 -0.030032497 -0.003550849 0.999542594 -0.902867496
0.999291599 0.019879509 0.031955022 -0.627746999 -0.020228524 0.999738812 0.010636111 -0.106052011 -0.031735238 -0.011274979 0.999432743 -0.971042335
0.999221444 0.019644551 0.034214560 -0.643348157 -0.020219155 0.999658942 0.016529910 -0.080980524 -0.033878166 -0.017208830 0.999277830 -1.038992882
0.999098837 0.021183390 0.036780775 -0.659732401 -0.021916401 0.999566853 0.019641647 -0.055530559 -0.036348768 -0.020430049 0.999130309 -1.102449656
0.999081314 0.019086447 0.038368959 -0.676715076 -0.020061903 0.999481082 0.025200833 -0.028036948 -0.037868056 -0.025947437 0.998945832 -1.163510680
0.999008119 0.019169513 0.040190551 -0.693832397 -0.020521581 0.999227881 0.033503223 0.004302187 -0.039517280 -0.034294765 0.998630166 -1.225013137
0.998939037 0.019360820 0.041784387 -0.711536348 -0.021379301 0.998598516 0.048413612 0.035002306 -0.040788498 -0.049255565 0.997952998 -1.282359004
0.998805225 0.020394212 0.044409782 -0.729515970 -0.023482258 0.997259140 0.070162192 0.065388478 -0.042857163 -0.071121201 0.996546566 -1.337550759
0.998784304 0.019947648 0.045077123 -0.746575058 -0.024268053 0.994946837 0.097426414 0.094598636 -0.042905912 -0.098401904 0.994221389 -1.391670704
0.998681366 0.022312867 0.046234928 -0.765269160 -0.028014617 0.991558671 0.126596108 0.122869186 -0.043019921 -0.127724424 0.990876257 -1.442175031
0.998599648 0.022781694 0.047746729 -0.784474671 -0.029774351 0.988041580 0.151285648 0.148123384 -0.043729212 -0.152495414 0.987336278 -1.488912821
0.998620212 0.022406626 0.047493197 -0.802703738 -0.030427136 0.984001875 0.175540745 0.169173181 -0.042800121 -0.176743627 0.983325899 -1.530796170
0.998647273 0.023346914 0.046459772 -0.823319972 -0.032041278 0.980032504 0.196238622 0.188390359 -0.040950522 -0.197461799 0.979454875 -1.568592072
0.998567522 0.025591971 0.046988297 -0.844425559 -0.035020925 0.976563096 0.212363169 0.204215094 -0.040452246 -0.213704541 0.976060450 -1.601075649
0.998579502 0.027234638 0.045795567 -0.865325928 -0.036673281 0.974824190 0.219938442 0.216333866 -0.038652681 -0.221305504 0.974438190 -1.627177477
0.998636723 0.027502561 0.044365577 -0.887832820 -0.036736585 0.974113822 0.223053038 0.224674731 -0.037082598 -0.224378794 0.973796189 -1.647853136
0.998745859 0.026843308 0.042262979 -0.910888433 -0.035381500 0.975655019 0.216438085 0.228748024 -0.035424173 -0.217661977 0.975381136 -1.662621856
0.998721659 0.029806875 0.040823512 -0.932655036 -0.037534498 0.978251576 0.203997537 0.227936238 -0.033855140 -0.205269054 0.978119850 -1.670767903
0.998775065 0.029380688 0.039813340 -0.956180573 -0.036496427 0.980753720 0.191807687 0.224605948 -0.033411637 -0.193025798 0.980624676 -1.674221158
0.999048173 0.022679335 0.037260510 -0.980407596 -0.029045714 0.983171284 0.180362493 0.217889741 -0.032542959 -0.181273073 0.982894182 -1.672622561
0.999374390 0.011608598 0.033408005 -1.004516840 -0.017252805 0.984598696 0.173976317 0.208274081 -0.030873856 -0.174443856 0.984182954 -1.666601777
0.999550521 -0.000351676 0.029976411 -1.028824091 -0.004609790 0.986235619 0.165281743 0.196029589 -0.029621931 -0.165345639 0.985790730 -1.655926108
0.999591231 -0.011704640 0.026084060 -1.052831173 0.007398629 0.987179101 0.159444988 0.182098463 -0.027615884 -0.159186810 0.986862183 -1.641027808
0.999544263 -0.021485806 0.021203335 -1.075756431 0.017895032 0.987436056 0.157002702 0.166151747 -0.024310268 -0.156551734 0.987370551 -1.621694446
0.999424636 -0.029231939 0.017200578 -1.098188043 0.026258875 0.987862170 0.153097227 0.149131015 -0.021467131 -0.152557477 0.988061428 -1.598707914
0.999228418 -0.037053440 0.013025383 -1.119568467 0.034717929 0.988346338 0.148209870 0.130484998 -0.018365275 -0.147643298 0.988870144 -1.571684241
0.998951137 -0.044982627 0.008557085 -1.140490055 0.043219723 0.988004267 0.148255408 0.111994796 -0.015123354 -0.147730082 0.988912106 -1.542177796
0.998535514 -0.053882081 0.004850834 -1.158816218 0.052587952 0.987768292 0.146793589 0.090438038 -0.012701044 -0.146323517 0.989155233 -1.507219315
0.998135328 -0.061012834 0.001811663 -1.175324440 0.060159341 0.988328457 0.139956146 0.066756658 -0.010329638 -0.139586180 0.990156054 -1.468451262
0.997993469 -0.063308463 0.001043455 -1.189583063 0.062616229 0.989258170 0.132088751 0.041515078 -0.009394582 -0.131758362 0.991237342 -1.427924633
0.997901201 -0.064696603 0.002753116 -1.202249289 0.063959233 0.991389930 0.114259288 0.013810799 -0.010121599 -0.113843396 0.993447125 -1.382310152
0.998126388 -0.061039872 0.004226109 -1.212902546 0.060371265 0.993717670 0.094236113 -0.014854297 -0.009951718 -0.093804412 0.995540917 -1.333796740
0.998316586 -0.057614043 0.006675525 -1.223498821 0.057011157 0.995940685 0.069655046 -0.042307843 -0.010661537 -0.069157213 0.997548819 -1.285438657
0.998403966 -0.055811416 0.008639998 -1.230358124 0.055283319 0.997088194 0.052525513 -0.072696507 -0.011546363 -0.051964030 0.998582184 -1.233151913
0.998574138 -0.052689619 0.008575256 -1.235869527 0.052297845 0.997796059 0.040840615 -0.103464551 -0.010708232 -0.040333916 0.999128878 -1.179709077
0.998600900 -0.052102108 0.009031435 -1.240493655 0.051784735 0.998132825 0.032391470 -0.134848133 -0.010702236 -0.031878460 0.999434471 -1.125974536
0.998526573 -0.053734191 0.007569924 -1.243325353 0.053491518 0.998139441 0.029262180 -0.166741475 -0.009128219 -0.028814139 0.999543130 -1.071026802
0.998414695 -0.055988330 0.005779824 -1.244666457 0.055806998 0.998053730 0.027827360 -0.199195310 -0.007326582 -0.027460691 0.999596059 -1.015419006
0.998329282 -0.057465173 0.006031584 -1.248107076 0.057290412 0.998019576 0.025974721 -0.228198662 -0.007512281 -0.025585774 0.999644399 -0.961861551
0.998079538 -0.061758455 0.004813463 -1.245783925 0.061617885 0.997779250 0.025294740 -0.260257632 -0.006364937 -0.024949566 0.999668419 -0.905018747
0.998033345 -0.062517881 0.004582047 -1.241818309 0.062390901 0.997763693 0.023979450 -0.289752215 -0.006070944 -0.023646412 0.999701977 -0.846802354
0.998193443 -0.059821922 0.005584143 -1.239306688 0.059673946 0.997936547 0.023699727 -0.313029140 -0.006990383 -0.023323685 0.999703526 -0.786645889
0.998439789 -0.055439007 0.006669801 -1.232977629 0.055276889 0.998219013 0.022432895 -0.333817482 -0.007901580 -0.022029208 0.999726117 -0.723418474
0.998666108 -0.051032230 0.007854559 -1.225394487 0.050869823 0.998511970 0.019648379 -0.351065129 -0.008845571 -0.019222612 0.999776125 -0.658246636
0.998930156 -0.044820711 0.011387435 -1.220324039 0.044652790 0.998895943 0.014595468 -0.360978961 -0.012029042 -0.014071371 0.999828637 -0.595809400
0.999147892 -0.038966201 0.013607036 -1.210516930 0.038790852 0.999163806 0.012921380 -0.373396873 -0.014099155 -0.012382541 0.999823928 -0.528366983
0.999299765 -0.034024481 0.015567794 -1.199560523 0.033900414 0.999391854 0.008165370 -0.385621071 -0.015836149 -0.007631897 0.999845445 -0.460109323
0.999391913 -0.030190131 0.017447043 -1.191644430 0.030108700 0.999534547 0.004911385 -0.395973474 -0.017587200 -0.004383091 0.999835730 -0.392105401
0.999497056 -0.026696615 0.017116155 -1.179403186 0.026669614 0.999642670 0.001803792 -0.408668905 -0.017158195 -0.001346404 0.999851882 -0.324321866
0.999506533 -0.027294090 0.015546471 -1.166749358 0.027270718 0.999626637 0.001713516 -0.421886116 -0.015587434 -0.001288707 0.999877691 -0.257265061
0.999538362 -0.026427599 0.014988530 -1.154474735 0.026463179 0.999647439 -0.002180330 -0.434053004 -0.014925625 0.002575967 0.999885261 -0.193285927
0.999616206 -0.023908943 0.013993647 -1.140847683 0.024028987 0.999675333 -0.008474069 -0.448705465 -0.013786498 0.008807069 0.999866188 -0.127664998
0.999679506 -0.021141624 0.013927225 -1.126658201 0.021402536 0.999593019 -0.018859142 -0.464448661 -0.013522845 0.019151175 0.999725163 -0.062594995
0.999729872 -0.018816480 0.013644807 -1.112189531 0.019230833 0.999337435 -0.030900000 -0.479327947 -0.013054337 0.031154053 0.999429345 0.000286682
0.999770224 -0.017601293 0.012232617 -1.097283125 0.018111810 0.998912692 -0.042958330 -0.496352166 -0.011463194 0.043170016 0.999001980 0.063779026
0.999823749 -0.014308780 0.012155981 -1.082012534 0.014858634 0.998811662 -0.046416663 -0.513124704 -0.011477369 0.046589099 0.998848200 0.126303211
0.999861360 -0.011593217 0.011951854 -1.067682147 0.012109160 0.998956382 -0.044040389 -0.532453239 -0.011428810 0.044179007 0.998958230 0.195061743
0.999884605 -0.010876683 0.010606643 -1.051992416 0.011269291 0.999226093 -0.037686266 -0.549338520 -0.010188533 0.037801445 0.999233305 0.254249841
0.999899864 -0.009330810 0.010639875 -1.036103487 0.009687551 0.999375403 -0.033985227 -0.566479027 -0.010316120 0.034084901 0.999365687 0.312464625
0.999910951 -0.008982318 0.009872407 -1.020741820 0.009332092 0.999309182 -0.035973679 -0.583579481 -0.009542460 0.036062602 0.999303997 0.374785781
0.999922156 -0.007268541 0.010139727 -1.004900217 0.007674822 0.999145091 -0.040622026 -0.597791553 -0.009835795 0.040696688 0.999123156 0.431480289
0.999918103 -0.007609723 0.010287706 -0.988923311 0.008086350 0.998856902 -0.047110956 -0.609779537 -0.009917445 0.047190290 0.998836696 0.487779558
0.999909639 -0.005820944 0.012119163 -0.974691749 0.006413269 0.998757303 -0.049424149 -0.619507790 -0.011816407 0.049497403 0.998704374 0.543557644
0.999841452 -0.007052982 0.016350754 -0.958410621 0.007911255 0.998561323 -0.053035181 -0.626076221 -0.015953172 0.053156126 0.998458803 0.598374665
0.999664545 -0.010290135 0.023766734 -0.941705406 0.011500295 0.998614192 -0.051355962 -0.631461024 -0.023205336 0.051612061 0.998397589 0.652298212
0.999324381 -0.016697099 0.032740384 -0.925804853 0.018338064 0.998556793 -0.050478090 -0.639127195 -0.031850293 0.051044386 0.998188376 0.708570421
0.998781979 -0.017940329 0.045963939 -0.908519685 0.020211799 0.998572588 -0.049440071 -0.645523667 -0.045011360 0.050308868 0.997718871 0.759431064
0.997880816 -0.017496081 0.062672004 -0.890740812 0.021073239 0.998158634 -0.056878906 -0.653268874 -0.061561443 0.058079068 0.996412098 0.808588982
0.996477783 -0.022240631 0.080853909 -0.869145632 0.027105469 0.997855604 -0.059577331 -0.664648890 -0.079355493 0.061559074 0.994943798 0.871990502
0.994392931 -0.027353305 0.102149360 -0.851300299 0.034125846 0.997291625 -0.065152407 -0.673691571 -0.100090571 0.068273023 0.992633224 0.917980850
0.991277158 -0.033209808 0.127541110 -0.832848728 0.042044245 0.996852517 -0.067211397 -0.683780611 -0.124907598 0.071987487 0.989553392 0.962673604
0.986740589 -0.038210958 0.157743394 -0.813327670 0.049297996 0.996535659 -0.066980600 -0.694062054 -0.154637516 0.073868901 0.985205889 1.010215878
0.980760157 -0.049331769 0.188880652 -0.794651985 0.062462203 0.995980024 -0.064204454 -0.703653634 -0.184954047 0.074767068 0.979898930 1.049592137
0.972903967 -0.054517884 0.224690229 -0.775866210 0.069026068 0.995972335 -0.057222914 -0.712453127 -0.220665574 0.071181878 0.972748578 1.086873174
0.962775171 -0.063138552 0.262825966 -0.757677674 0.079355083 0.995513201 -0.051539224 -0.721891701 -0.258392572 0.070477262 0.963465750 1.126159191
0.950106740 -0.069768302 0.304022312 -0.740087271 0.088154636 0.994989812 -0.047159594 -0.730482221 -0.299208879 0.071607627 0.951496959 1.160243154
0.935989857 -0.079948783 0.342828244 -0.723633468 0.101341173 0.993837297 -0.044915296 -0.739667118 -0.337124556 0.076782875 0.938323736 1.192363381
0.919480145 -0.086775549 0.383440077 -0.700807869 0.111696623 0.992804408 -0.043166291 -0.756553829 -0.376935184 0.082519501 0.922556460 1.237308383
0.900596201 -0.089864552 0.425265640 -0.685346246 0.122596040 0.991187632 -0.050173111 -0.766138613 -0.417009264 0.097321607 0.903676808 1.266002774
0.880425036 -0.092834428 0.465009183 -0.671554148 0.133084476 0.989610076 -0.054409731 -0.775289536 -0.455126673 0.109789193 0.883632302 1.292202711
0.857943773 -0.097357407 0.504434407 -0.656578183 0.145888686 0.987627864 -0.057512734 -0.788263798 -0.492594182 0.122933969 0.861532450 1.323971152
0.833409965 -0.108552054 0.541889608 -0.646100461 0.166560188 0.984264851 -0.058995351 -0.798732817 -0.526958764 0.139424533 0.838376582 1.344910145
0.807851791 -0.130640447 0.574724734 -0.638213992 0.198872566 0.978357494 -0.057151735 -0.809902489 -0.554819882 0.160467118 0.816348672 1.362251163
0.780053318 -0.155561492 0.606067240 -0.627094746 0.228318706 0.972581387 -0.044227034 -0.826853871 -0.582569659 0.172875926 0.794182897 1.390885234
0.749741256 -0.185996309 0.635053933 -0.623143554 0.260583639 0.965128183 -0.024974287 -0.837242126 -0.608263314 0.184208900 0.772064030 1.400667906
0.718212485 -0.214244753 0.662019670 -0.619710684 0.287558466 0.957760990 -0.002013259 -0.846464574 -0.633625329 0.191815287 0.749483764 1.407692432
0.685603201 -0.240740091 0.687017083 -0.611313164 0.311349779 0.950036108 0.022196509 -0.858896554 -0.658034682 0.198684603 0.726302147 1.425248504
0.651741862 -0.267381459 0.709746182 -0.607224941 0.336393327 0.940623760 0.045458123 -0.868145704 -0.679758847 0.209126934 0.702989221 1.427851796
0.616964102 -0.294550598 0.729791284 -0.602604210 0.361798584 0.929672480 0.069360673 -0.876957238 -0.698897123 0.221244365 0.680142522 1.427397013
0.581746936 -0.318722367 0.748322546 -0.593826473 0.385230243 0.918260753 0.091623262 -0.887487054 -0.716357648 0.234974906 0.656976819 1.433038354
0.545628428 -0.345055521 0.763692617 -0.586567819 0.407123923 0.905675173 0.118332714 -0.894762397 -0.732488751 0.246351808 0.634642482 1.427242756
0.508554935 -0.372881144 0.776100218 -0.577760816 0.425458401 0.892460644 0.149997100 -0.900532663 -0.748570025 0.253916591 0.612510681 1.417798042
0.471853375 -0.399494559 0.785976112 -0.561620176 0.433091015 0.881514788 0.188052654 -0.911050200 -0.767975628 0.251665950 0.588963270 1.423055172
0.441577017 -0.424823672 0.790275037 -0.548235118 0.427575558 0.873990119 0.230912223 -0.912257433 -0.788789570 0.235936746 0.567578137 1.409330130
0.417436779 -0.445706308 0.791891694 -0.532059073 0.404779434 0.871420145 0.277092993 -0.910086989 -0.813572526 0.204872623 0.544175565 1.394070983
0.399935126 -0.452326566 0.797152877 -0.510750890 0.372992426 0.874782741 0.309243977 -0.893577993 -0.837214828 0.173654407 0.518570662 1.385881186
0.387393415 -0.449164480 0.805094898 -0.486504316 0.333083063 0.882488012 0.332070291 -0.888123989 -0.859640777 0.139521569 0.491479099 1.371253490
0.378130019 -0.432728410 0.818391144 -0.458620548 0.288853347 0.895043075 0.339796513 -0.882231712 -0.879534900 0.107907675 0.463437676 1.357675672
0.371321976 -0.401755810 0.837085664 -0.425504923 0.242969751 0.912171245 0.330014169 -0.880257428 -0.896150529 0.080844946 0.436323702 1.356693745
0.366136193 -0.360747665 0.857791066 -0.392841101 0.200172991 0.930752575 0.305990875 -0.877659082 -0.908776760 0.059672251 0.412994087 1.349143624
0.361091018 -0.323927999 0.874462187 -0.359416842 0.171189204 0.944819987 0.279301733 -0.877395630 -0.916683018 0.048845060 0.396619022 1.345025539
0.357159615 -0.299835861 0.884610355 -0.319373488 0.165154234 0.952426255 0.256141186 -0.884113967 -0.919326484 0.054613836 0.389687359 1.354171276
0.354656875 -0.285927624 0.890204370 -0.286455512 0.177353531 0.955381155 0.236204416 -0.888706207 -0.918021858 0.074109368 0.389542758 1.360144854
0.354655504 -0.277862012 0.892755449 -0.254867792 0.195098862 0.955796063 0.219978005 -0.894644797 -0.914415658 0.096159138 0.393188894 1.369445801
0.355152667 -0.273716986 0.893837571 -0.216575980 0.210813805 0.954992115 0.208680496 -0.909242630 -0.910727262 0.114319846 0.396871328 1.381043196
0.356730342 -0.277909815 0.891913414 -0.186139345 0.226278543 0.952002287 0.206130266 -0.916752696 -0.906389236 0.128287971 0.402493119 1.395440102
0.359543264 -0.281982213 0.889502525 -0.156901479 0.236299485 0.949690640 0.205548584 -0.924841642 -0.902713299 0.136285335 0.408087134 1.411382794
0.362668395 -0.287236214 0.886547804 -0.124180198 0.242638648 0.947608471 0.207761049 -0.935841560 -0.899776697 0.139762402 0.413362265 1.433082700
0.364590049 -0.289774537 0.884932220 -0.094931602 0.244334459 0.946817458 0.209373891 -0.946254492 -0.898540437 0.139883757 0.416002095 1.452091217
0.368012726 -0.289630979 0.883561313 -0.066204667 0.242144614 0.947313666 0.209673151 -0.957550883 -0.897737563 0.136787221 0.418756068 1.472134113
0.367077768 -0.288145483 0.884435475 -0.035159230 0.238000557 0.948256016 0.210157767 -0.970892549 -0.899227321 0.133351877 0.416662514 1.496450901
0.362515211 -0.288093448 0.886332393 -0.006050706 0.233568311 0.948756754 0.212853059 -0.983704448 -0.902235389 0.129856631 0.411228240 1.518534303
0.353486359 -0.285946637 0.890663862 0.023061752 0.224686041 0.950214148 0.215891883 -0.997408152 -0.908054948 0.123804852 0.400135934 1.541473150
0.339145601 -0.282946229 0.897174358 0.060117960 0.214757621 0.951799214 0.218991876 -1.024254680 -0.915892720 0.118404858 0.383563399 1.565700293
0.319283903 -0.277121216 0.906234860 0.088914633 0.202553540 0.954144776 0.220408291 -1.039663553 -0.925759077 0.113188274 0.360774994 1.591681719
0.296238303 -0.261702478 0.918561220 0.117197990 0.193468094 0.958234251 0.210611567 -1.057878375 -0.935314417 0.115321055 0.334496796 1.619190216
0.269223928 -0.239293084 0.932875812 0.145412564 0.195102587 0.962107182 0.190485507 -1.080720663 -0.943108380 0.130723238 0.305709004 1.649620533
0.239597440 -0.214121833 0.946966231 0.169385552 0.206958935 0.964222372 0.165659800 -1.102748036 -0.948557436 0.156291440 0.275339663 1.680610180
0.212178230 -0.182839587 0.959974051 0.190373659 0.223061904 0.965469122 0.134583920 -1.127131581 -0.951432586 0.185577840 0.245636046 1.713103294
0.189469397 -0.153113484 0.969875157 0.212046742 0.243901014 0.964146793 0.104562022 -1.156474948 -0.951111853 0.216742218 0.220020831 1.749572635
0.171048939 -0.124039330 0.977423549 0.224091649 0.273756504 0.958964288 0.073789418 -1.183784485 -0.946467042 0.254954398 0.197986364 1.784365654
0.157231688 -0.091863438 0.983280003 0.230521679 0.303502798 0.951973379 0.040406868 -1.211677313 -0.939768374 0.292074978 0.177561164 1.819048405
0.148931682 -0.059600025 0.987049878 0.237468600 0.337124377 0.941441119 0.005978823 -1.249103546 -0.929605663 0.331868082 0.160302997 1.856368661
0.143725872 -0.043925881 0.988642275 0.231245637 0.367807716 0.929822385 -0.012158364 -1.274964452 -0.918727696 0.365377694 0.149795830 1.889466643
0.144108474 -0.067763910 0.987239003 0.217944384 0.401032507 0.916053534 0.004338562 -1.295760393 -0.904657841 0.395289689 0.159186602 1.922207355
0.141236424 -0.119646579 0.982719183 0.203613043 0.419283837 0.906471550 0.050103918 -1.311006784 -0.896801710 0.404961765 0.178192675 1.959370613
0.136951149 -0.181566864 0.973795712 0.179025650 0.436944038 0.893325925 0.105112776 -1.322691083 -0.889002025 0.411098838 0.201676548 1.988773823
0.130757630 -0.249112338 0.959607005 0.150021434 0.445266277 0.879561305 0.167659879 -1.330241323 -0.885799408 0.405357778 0.225930631 2.015756369
0.123232365 -0.321203172 0.938958108 0.123595119 0.451168060 0.860867202 0.235276490 -1.334563255 -0.883889854 0.394634217 0.251003325 2.045659065
0.115066648 -0.394812226 0.911527932 0.092554569 0.451561451 0.838121295 0.306014597 -1.336271644 -0.884789288 0.376398742 0.274721742 2.067234516
0.106071830 -0.462432235 0.880287051 0.063561678 0.448212653 0.812479556 0.372803390 -1.337540507 -0.887611508 0.355011821 0.293449163 2.084975481
0.096195340 -0.516203880 0.851046503 0.044616222 0.444143683 0.787433386 0.427416831 -1.336948037 -0.890776575 0.336871356 0.305016100 2.107298613
0.089027643 -0.559594989 0.823970735 0.025957584 0.432338834 0.766971231 0.474171221 -1.340827703 -0.897305667 0.314020097 0.310216188 2.117804527
0.084968746 -0.592789114 0.800862968 0.014451265 0.413293034 0.752331018 0.513017476 -1.345682383 -0.906625211 0.287400603 0.308920205 2.124876261
0.084660769 -0.604837239 0.791836202 0.016294003 0.382912070 0.753415346 0.534549952 -1.350904584 -0.919897258 0.257948190 0.295384169 2.131664515
0.089010894 -0.592048645 0.800971627 0.025706768 0.345587432 0.772565007 0.532646894 -1.360410690 -0.934155464 0.229394346 0.273371279 2.134150028
0.092293859 -0.546000183 0.832685828 0.045804024 0.312517166 0.809883237 0.496409297 -1.374936461 -0.945417881 0.214413062 0.245381713 2.135398149
0.091879845 -0.472054362 0.876768529 0.075918674 0.287928641 0.855475485 0.430417061 -1.396453857 -0.953234255 0.212900028 0.214518845 2.136497974
0.090328336 -0.382809728 0.919400632 0.108327866 0.274827749 0.896909237 0.346444041 -1.418277383 -0.957241118 0.221383065 0.186223030 2.139034510
0.087469041 -0.282784194 0.955187142 0.141663313 0.274115592 0.928678274 0.249834701 -1.442881942 -0.957710803 0.239978835 0.158746123 2.142757177
0.087103546 -0.190091684 0.977894902 0.167929411 0.278871715 0.947031796 0.159252420 -1.470164537 -0.956370115 0.258835703 0.135501027 2.139898777
0.089292586 -0.111172855 0.989781618 0.194155574 0.289621770 0.953708231 0.080992989 -1.495591164 -0.952967048 0.279430181 0.117357135 2.145911694
0.092968702 -0.046924323 0.994562685 0.213756800 0.302288920 0.953069866 0.016709611 -1.520694017 -0.948671877 0.299091816 0.102790356 2.152182102
0.101139009 0.013682470 0.994778275 0.224249125 0.325619280 0.944376707 -0.046094939 -1.546660423 -0.940076113 0.328580976 0.091058075 2.161364794
0.112787783 0.060655996 0.991765976 0.226492643 0.347009301 0.932882011 -0.096518040 -1.572167993 -0.931055069 0.355038077 0.084169507 2.166273117
0.125043213 0.087875426 0.988252103 0.218836546 0.369704753 0.920206249 -0.128603458 -1.595296264 -0.920696914 0.381442487 0.082577586 2.170085907
0.139756262 0.085182607 0.986515224 0.200342417 0.393542022 0.909446895 -0.134279788 -1.613377571 -0.908621490 0.407001615 0.093577981 2.173889160
0.153586268 0.052099541 0.986760914 0.172404289 0.413399458 0.903628588 -0.112054706 -1.627577305 -0.897503436 0.425136447 0.117246985 2.174239159
0.163166285 -0.016676649 0.986457646 0.135443211 0.433389187 0.899435282 -0.056479841 -1.637063026 -0.886312902 0.436735690 0.153985023 2.172374725
0.168511450 -0.095906556 0.981022894 0.091960192 0.450763106 0.892589450 0.009832993 -1.645761251 -0.876593769 0.440551937 0.193642676 2.168274403
0.170661211 -0.187907457 0.967246532 0.041001320 0.470859647 0.877861738 0.087464035 -1.649633765 -0.865543842 0.440510571 0.238294959 2.159631729
0.167530775 -0.286752909 0.943242371 -0.013364077 0.487370759 0.855765164 0.173596457 -1.649923325 -0.856973231 0.430626035 0.283122003 2.147602081
0.159244895 -0.387272865 0.908108354 -0.069847822 0.499781877 0.824891806 0.264143080 -1.645522356 -0.851386547 0.411792666 0.324911833 2.135021210
0.147171259 -0.468657941 0.871034086 -0.122895718 0.506681919 0.792027056 0.340538621 -1.640836477 -0.849478662 0.391219735 0.354024112 2.115038872
0.133951187 -0.527807832 0.838734865 -0.171432972 0.506661892 0.763856769 0.399770677 -1.634429932 -0.851675391 0.371405125 0.369739592 2.090836525
0.121183395 -0.569213450 0.813210070 -0.218572140 0.500308692 0.742601514 0.445235074 -1.620108128 -0.857324779 0.352900982 0.374773383 2.064615965
0.113242507 -0.594555676 0.796039939 -0.253143311 0.480254084 0.734135926 0.480000436 -1.608655930 -0.869788527 0.327944994 0.368673265 2.034170389
0.107757211 -0.611518860 0.783857822 -0.279525280 0.455386877 0.731231809 0.507861018 -1.594977617 -0.883748412 0.302232891 0.357273161 2.001391888
0.107692361 -0.615853548 0.780465722 -0.300774813 0.419979215 0.739727616 0.525757074 -1.578010201 -0.901121378 0.271159381 0.338308692 1.966399312
0.110534549 -0.607516050 0.786579013 -0.309442043 0.377631605 0.757745981 0.532179892 -1.561102390 -0.919334888 0.238212705 0.313174367 1.930998087
0.114102602 -0.585817277 0.802370667 -0.309248447 0.336363852 0.782725632 0.523640990 -1.543892622 -0.934794068 0.210139662 0.286358774 1.896048069
0.115523458 -0.545132995 0.830352068 -0.302906752 0.301483542 0.815757096 0.493607163 -1.526473522 -0.946447134 0.193314180 0.258587658 1.861316681
0.114212871 -0.495381862 0.861134410 -0.288830757 0.273633450 0.848964393 0.452088714 -1.509755850 -0.955029011 0.184000775 0.232515693 1.830519676
0.111297131 -0.435747832 0.893161118 -0.270699620 0.256135434 0.880958676 0.397877485 -1.493583322 -0.960212290 0.184487611 0.209658623 1.802560806
0.107001305 -0.368279427 0.923537314 -0.251122475 0.245575041 0.909880340 0.334381074 -1.476978064 -0.963454068 0.191018492 0.187798560 1.772388339
0.102457762 -0.289361984 0.951720715 -0.230042815 0.243365094 0.934972286 0.258070260 -1.459464550 -0.964508176 0.205174237 0.166215777 1.749920845
0.098826528 -0.212714985 0.972103834 -0.210659027 0.246523723 0.951667428 0.183180869 -1.440665007 -0.964084864 0.221543491 0.146489263 1.730232120
0.096377194 -0.140951246 0.985314310 -0.193076372 0.256517798 0.960000515 0.112239100 -1.420412779 -0.961722553 0.241933346 0.128678620 1.711648345
0.096759617 -0.086203158 0.991567850 -0.182620168 0.269751489 0.961227059 0.057242431 -1.397837996 -0.958056331 0.261938125 0.116261423 1.696482182
0.099254906 -0.050747119 0.993767202 -0.178914309 0.288089693 0.957392097 0.020115942 -1.374910355 -0.952445686 0.284297466 0.109645605 1.682498097
0.104203403 -0.039757580 0.993761063 -0.182203054 0.311128408 0.950352550 0.005396724 -1.351254702 -0.944637895 0.308624923 0.111399710 1.669344544
0.109613478 -0.055249363 0.992437661 -0.193729758 0.332942963 0.942816019 0.015713766 -1.327065468 -0.936554372 0.328702688 0.121740222 1.655817866
0.115664542 -0.096638933 0.988576055 -0.213017941 0.357131064 0.932747245 0.049396589 -1.302369952 -0.926865220 0.347337782 0.142398536 1.642013073
0.118726730 -0.148845375 0.981707215 -0.228671551 0.380531371 0.920031846 0.093473151 -1.274797201 -0.917114973 0.362472653 0.165872693 1.641458035
0.121331573 -0.208335131 0.970502615 -0.259371161 0.401866049 0.904322982 0.143887490 -1.251289487 -0.907624602 0.372553915 0.193445742 1.623818040
0.119953573 -0.272350073 0.954692006 -0.293503761 0.403375804 0.892050803 0.203797370 -1.226445436 -0.907137990 0.360653371 0.216864109 1.603690147
0.117186904 -0.341049224 0.932712615 -0.329975367 0.396617919 0.877106309 0.270885170 -1.201489210 -0.910473287 0.338186264 0.238051534 1.583591700
0.115611255 -0.398862332 0.909693778 -0.365135550 0.376083225 0.865229487 0.331570953 -1.176529050 -0.919345081 0.303787261 0.250035703 1.559252024
0.115187585 -0.444113314 0.888535440 -0.397787333 0.353985608 0.854117930 0.381020695 -1.153378844 -0.928130448 0.270639867 0.255593538 1.533224940
0.114740789 -0.479608953 0.869948149 -0.425350189 0.333815575 0.843422890 0.420957208 -1.132924080 -0.935629010 0.242101267 0.256875932 1.508484840
0.114568353 -0.503312230 0.856475949 -0.449277043 0.318131447 0.835337400 0.448334575 -1.114653945 -0.941098690 0.221106902 0.255822659 1.481855392
0.114507556 -0.522795796 0.844732285 -0.467732906 0.306746453 0.827380717 0.470476091 -1.097972631 -0.944878101 0.205245540 0.255107105 1.455917120
0.113329411 -0.539340734 0.834426939 -0.470339894 0.298858702 0.819448054 0.489068896 -1.078254342 -0.947544277 0.193949729 0.254054189 1.434619784
0.113513529 -0.549400210 0.827812910 -0.476092219 0.287233800 0.815766215 0.502018213 -1.064903617 -0.951110721 0.180789933 0.250406802 1.411695242
0.114627004 -0.555465460 0.823601246 -0.474964619 0.274975508 0.814413369 0.510998428 -1.053129911 -0.954593778 0.167895898 0.246093094 1.390462995
0.116305113 -0.552407980 0.825420320 -0.461174846 0.260414720 0.818946242 0.511381745 -1.042065501 -0.958466232 0.155475229 0.239102721 1.370751619
0.118840277 -0.531334877 0.838785112 -0.444264531 0.240143940 0.835072577 0.494959295 -1.035717130 -0.963435590 0.142608002 0.226837039 1.353633404
0.120837927 -0.492036879 0.862147391 -0.420202017 0.221411407 0.859991431 0.459773630 -1.033048391 -0.967664897 0.135331124 0.212862134 1.339262247
0.120296657 -0.446838319 0.886489868 -0.388529539 0.208389357 0.884445131 0.417529255 -1.032017827 -0.970619678 0.134507686 0.199512124 1.326293707
0.118429005 -0.398224950 0.909610569 -0.355752945 0.207667053 0.905732810 0.369489521 -1.034587622 -0.971004069 0.145137876 0.189963222 1.318704128
0.114946604 -0.361777484 0.925151110 -0.321631908 0.215735376 0.918187439 0.332250088 -1.038060069 -0.969662666 0.161396772 0.183590710 1.314594507
0.112421870 -0.342874050 0.932630122 -0.284588099 0.229703248 0.922124982 0.311322868 -1.041913986 -0.966746032 0.179228604 0.182426274 1.310790777
0.109862626 -0.336056530 0.935412407 -0.249875307 0.240716040 0.922088861 0.302998245 -1.044948697 -0.964357853 0.191880554 0.182197273 1.312313557
0.107767701 -0.334557354 0.936193109 -0.215016246 0.248580813 0.920833945 0.300453812 -1.048701882 -0.962597370 0.200340420 0.182400703 1.316073298
0.106587470 -0.336467594 0.935643435 -0.172237039 0.254788905 0.918827295 0.301395029 -1.053457975 -0.961104393 0.206266612 0.183663666 1.320884109
0.105061173 -0.338833451 0.934962034 -0.136771321 0.256474316 0.917592406 0.303718746 -1.059481263 -0.960824132 0.207884714 0.183305383 1.327517271
0.104396522 -0.336335540 0.935937941 -0.101012468 0.255490184 0.918566883 0.301595181 -1.066667676 -0.961158812 0.207637459 0.181825638 1.335803270
0.103963912 -0.337333441 0.935626984 -0.064949751 0.253719389 0.918595314 0.303000301 -1.074208379 -0.961674690 0.205885559 0.181088746 1.345168829
0.102796555 -0.335945219 0.936255157 -0.028980255 0.252177507 0.919292808 0.302170873 -1.083118916 -0.962205470 0.205040336 0.179217935 1.356578946
0.102237463 -0.336124510 0.936251998 0.007039547 0.251182884 0.919407964 0.302648485 -1.092569947 -0.962525129 0.204228461 0.178426683 1.370007753
0.101880074 -0.335374236 0.936560094 0.045806766 0.249233261 0.920037925 0.302345932 -1.100047469 -0.963069856 0.202618852 0.177319944 1.385410070
0.100971580 -0.330767393 0.938295245 0.083036780 0.248379827 0.921631873 0.298164666 -1.108298182 -0.963385940 0.202947393 0.175214589 1.403138161
0.100671470 -0.324368685 0.940558553 0.119903088 0.246819705 0.923951089 0.292223275 -1.115476608 -0.963818192 0.202729791 0.173076034 1.423137665
0.100127101 -0.315519422 0.943621755 0.157446504 0.247547418 0.926465869 0.283515900 -1.117355466 -0.963688135 0.205203503 0.170870423 1.443341613
0.099630356 -0.313308597 0.944410682 0.192666888 0.247850046 0.927031040 0.281396061 -1.124751687 -0.963661909 0.206036657 0.170013964 1.467450142
0.099566042 -0.313753814 0.944269657 0.227248311 0.248935610 0.926661551 0.281654775 -1.134918928 -0.963388681 0.207019061 0.170368552 1.492891788
0.098878264 -0.316651642 0.943374157 0.263973355 0.249295548 0.925670624 0.284579754 -1.145737052 -0.963366389 0.207040206 0.170468569 1.518236160
0.098206282 -0.318473965 0.942830861 0.298978448 0.249561995 0.925017893 0.286462367 -1.163059354 -0.963366210 0.207162291 0.170321524 1.545291901
0.098190725 -0.322202504 0.941564679 0.332671762 0.252489507 0.923243999 0.289602399 -1.183820724 -0.962604523 0.209298953 0.172006786 1.573224068
0.097506285 -0.331705570 0.938330531 0.366543531 0.266596138 0.917072356 0.296487421 -1.206948638 -0.958863497 0.221245840 0.177851737 1.599601269
0.097163498 -0.343659014 0.934054434 0.400330424 0.286947161 0.908316255 0.304340184 -1.234363556 -0.953006089 0.238453522 0.186867177 1.629434824
0.096152663 -0.364375472 0.926274955 0.434470654 0.313603461 0.894282341 0.319236487 -1.262947559 -0.944673359 0.259787530 0.200257003 1.660222054
0.094252586 -0.384845018 0.918156266 0.469109058 0.336927176 0.880170107 0.334336191 -1.290105104 -0.936801314 0.277839690 0.212623000 1.688868999
0.092057765 -0.401562124 0.911193430 0.505899191 0.358382434 0.867118180 0.345930874 -1.318412781 -0.929025114 0.294710040 0.223737717 1.718597174
