0.983116150 -0.111274846 0.145260453 0.372992486 0.112367742 0.993666470 0.000685238 0.888166785 -0.144416690 0.015648918 0.989393234 -0.133561283
0.982850850 -0.108502567 0.149101868 0.371811390 0.108924732 0.994035542 0.005356381 0.907284677 -0.148793742 0.010976354 0.988807321 -0.126206994
0.982680202 -0.108923733 0.149917454 0.369636327 0.107825518 0.994049609 0.015459153 0.929742575 -0.150709271 0.000973524 0.988577664 -0.119507872
0.982656837 -0.111245394 0.148357838 0.367832571 0.108237639 0.993724406 0.028220981 0.953203440 -0.150566250 -0.011673640 0.988530993 -0.111446507
0.982386291 -0.115148231 0.147166759 0.365141511 0.110741451 0.993129313 0.037822425 0.978350520 -0.150510818 -0.020858774 0.988388300 -0.103402160
0.982159376 -0.117519952 0.146806106 0.362443477 0.112034358 0.992679417 0.045120984 1.004159451 -0.151034012 -0.027868671 0.988135636 -0.096387111
0.981703997 -0.122842960 0.145488277 0.359906167 0.116704039 0.991905451 0.050036859 1.028964996 -0.150457308 -0.032142315 0.988093853 -0.087996602
0.981570125 -0.125566825 0.144059122 0.357642323 0.119007781 0.991461039 0.053312283 1.053614736 -0.149523258 -0.035185587 0.988131940 -0.081386000
0.981655359 -0.126018479 0.143080637 0.355093271 0.118817486 0.991230130 0.057837989 1.076570630 -0.149114504 -0.039776493 0.988019586 -0.075560547
0.981900811 -0.125408038 0.141928241 0.352966607 0.117431648 0.991062880 0.063278623 1.097670078 -0.148595467 -0.045466460 0.987852335 -0.070576243
0.982406437 -0.121717952 0.141641572 0.350491434 0.112489276 0.991079867 0.071462266 1.117043853 -0.149076357 -0.054271836 0.987335205 -0.065993570
0.982782066 -0.123057500 0.137826875 0.348056763 0.112452775 0.990244567 0.082280405 1.134977818 -0.146607533 -0.065364696 0.987032771 -0.062654875
0.983180761 -0.121358991 0.136483029 0.345922053 0.108699784 0.989361227 0.096688613 1.151064038 -0.146765038 -0.080226704 0.985912621 -0.060681622
0.983476281 -0.123013154 0.132823914 0.344467282 0.108136654 0.987583339 0.113954693 1.163229942 -0.145192593 -0.097708598 0.984566987 -0.058486439
0.983402967 -0.126602665 0.129962847 0.342107683 0.109551504 0.985324800 0.130894870 1.169541836 -0.144627258 -0.114484772 0.982840896 -0.057968274
0.983440876 -0.130602598 0.125646323 0.341451019 0.112269044 0.983285487 0.143336236 1.167913675 -0.142266303 -0.126856506 0.981665790 -0.059512608
0.983877778 -0.129989445 0.122830138 0.341279209 0.111283749 0.982629120 0.148512483 1.158113122 -0.140001521 -0.132449150 0.981252670 -0.063404299
0.984016955 -0.128894746 0.122868873 0.341575325 0.110352822 0.982911110 0.147336200 1.139099836 -0.139760047 -0.131422386 0.981425107 -0.069178261
0.983944774 -0.125843301 0.126554728 0.343352050 0.108199500 0.984537005 0.137766913 1.114633322 -0.141934842 -0.121861890 0.982346237 -0.074092351
0.984097481 -0.117551342 0.133168235 0.344808519 0.100488991 0.986628234 0.128322721 1.083559632 -0.146472052 -0.112900130 0.982751012 -0.082714953
0.983749390 -0.109793790 0.142064795 0.347429454 0.093568213 0.988801479 0.116260953 1.048996925 -0.153238609 -0.101078905 0.983006120 -0.089129232
0.982875586 -0.101407558 0.153857306 0.349888831 0.086058468 0.990914881 0.103352182 1.010941505 -0.162940189 -0.088341616 0.982672989 -0.098058738
0.981802464 -0.091325775 0.166504011 0.352443635 0.077268094 0.993025720 0.089047939 0.973038197 -0.173475131 -0.074562043 0.982011676 -0.105116777
0.981317341 -0.084893577 0.172653839 0.354529798 0.072879769 0.994533181 0.074781403 0.932869077 -0.178058431 -0.060801316 0.982139707 -0.114503898
0.981270909 -0.082428709 0.174106151 0.356664389 0.073033303 0.995540559 0.059708819 0.898984730 -0.178251445 -0.045874976 0.982914984 -0.121418469
0.981409609 -0.082109377 0.173474103 0.358403206 0.075167283 0.996098876 0.046226837 0.865887463 -0.176593006 -0.032327890 0.983752906 -0.129287705
0.981023908 -0.082321793 0.175542802 0.360767841 0.077712595 0.996430039 0.032983348 0.834607482 -0.177631378 -0.018715568 0.983919144 -0.135246485
0.980307460 -0.085197374 0.178153485 0.363447696 0.083469898 0.996362150 0.017183339 0.807736456 -0.178969353 -0.001974504 0.983852684 -0.140779629
0.979683518 -0.086300500 0.181031689 0.363607645 0.087398253 0.996171594 0.001919431 0.779602230 -0.180504277 0.013941419 0.983475387 -0.149678141
0.979148090 -0.088406160 0.182902709 0.365535110 0.092804581 0.995561898 -0.015612795 0.758095801 -0.180710718 0.032261446 0.983007014 -0.155619353
0.979309320 -0.084281385 0.183983341 0.366495371 0.091446638 0.995333612 -0.030798752 0.743440390 -0.180529043 0.046986159 0.982446730 -0.162073359
0.979077399 -0.082573891 0.185981095 0.368549079 0.091751426 0.994926035 -0.041277517 0.735655844 -0.181629002 0.057477918 0.981685877 -0.164625540
0.978691638 -0.077280737 0.190237716 0.368318468 0.086952470 0.995283306 -0.043016851 0.733068585 -0.186016038 0.058641873 0.980795145 -0.167882666
0.978637934 -0.072952934 0.192212582 0.369019717 0.081750624 0.995919168 -0.038233921 0.742622077 -0.188638926 0.053130664 0.980608225 -0.165724054
0.978606224 -0.069271296 0.193730175 0.369140029 0.076047689 0.996717870 -0.027754098 0.760562956 -0.191171765 0.041893065 0.980662167 -0.162394822
0.978214622 -0.073727958 0.194062620 0.368935823 0.078190275 0.996819139 -0.015425099 0.783550084 -0.192308068 0.030262867 0.980867863 -0.155261785
0.978584528 -0.077475160 0.190709069 0.368746221 0.079330578 0.996846139 -0.002101957 0.809553146 -0.189944759 0.017186003 0.981644332 -0.148578480
0.978504181 -0.083527423 0.188554272 0.368000716 0.083552174 0.996472657 0.007831391 0.839807093 -0.188543305 0.008091068 0.982031524 -0.139854312
0.979058444 -0.081206530 0.186681792 0.367796749 0.079858214 0.996697187 0.014744127 0.870179892 -0.187262550 0.000472711 0.982309818 -0.131563887
0.979286909 -0.085257761 0.183652550 0.367226064 0.083372183 0.996356308 0.017978655 0.902044892 -0.184516191 -0.002294747 0.982826769 -0.123052634
0.980409384 -0.085744485 0.177328303 0.367135882 0.083426610 0.996303022 0.020500157 0.935666442 -0.178430513 -0.005304649 0.983938217 -0.113751426
0.980720758 -0.087708771 0.174625039 0.365781426 0.084651738 0.996099591 0.024893096 0.968385816 -0.176127285 -0.009630864 0.984320283 -0.106409602
0.980947077 -0.093534186 0.170276716 0.363044977 0.088981256 0.995446205 0.034193479 1.000609875 -0.172699556 -0.018390559 0.984802842 -0.099503264
0.980039537 -0.097886182 0.173034206 0.360835910 0.090863876 0.994702578 0.048068248 1.031584740 -0.176822796 -0.031386219 0.983742118 -0.092837304
0.979121625 -0.103842378 0.174750164 0.359372795 0.094007373 0.993533492 0.063669398 1.061901212 -0.180231735 -0.045912284 0.982552052 -0.084792882
0.978676915 -0.105640709 0.176157668 0.357207924 0.092507616 0.992396295 0.081190825 1.088136435 -0.183395281 -0.063163668 0.981007934 -0.079294272
0.979065061 -0.106473878 0.173478886 0.354896605 0.090399325 0.991063774 0.098084465 1.109609842 -0.182372078 -0.080348700 0.979941070 -0.075329326
0.979642868 -0.109560847 0.168215081 0.352026701 0.091425121 0.989489973 0.112031497 1.124769449 -0.178721413 -0.094371773 0.979363382 -0.073341690
0.980367899 -0.110180087 0.163520917 0.349995822 0.090548150 0.988264501 0.123021409 1.133192539 -0.175156429 -0.105799735 0.978839457 -0.069784619
0.980779827 -0.110625871 0.160726041 0.348572373 0.090081058 0.987421453 0.129939601 1.132476687 -0.173079014 -0.112963766 0.978408337 -0.070463836
0.981269002 -0.110812686 0.157580808 0.347672909 0.090317108 0.987157464 0.131768584 1.122767925 -0.170158699 -0.115068182 0.978675306 -0.072854094
0.981414437 -0.111573838 0.156131342 0.346982360 0.092152290 0.987670362 0.126551077 1.104501247 -0.168326095 -0.109811202 0.979595721 -0.077316307
0.981528521 -0.109764725 0.156695664 0.346642107 0.092431605 0.989179313 0.113932572 1.080108762 -0.167505890 -0.097344436 0.981053412 -0.083957389
0.981346250 -0.108578429 0.158651486 0.347029626 0.093677267 0.990710080 0.098580256 1.052426338 -0.167881325 -0.081879333 0.982400954 -0.090722352
0.981235623 -0.102948710 0.163028434 0.348365992 0.089853197 0.992254317 0.085777357 1.022462606 -0.170596346 -0.069519177 0.982885540 -0.097878210
0.980644584 -0.100846350 0.167827800 0.350009710 0.089114621 0.993114293 0.076043293 0.991409183 -0.174340889 -0.059615538 0.982879043 -0.105873778
0.980043173 -0.096102111 0.174010903 0.352669060 0.084962733 0.993894815 0.070387840 0.958611310 -0.179712951 -0.054198679 0.982224882 -0.112615258
0.979062140 -0.095175207 0.179941595 0.355027258 0.084492132 0.994226158 0.066147223 0.926297903 -0.185198218 -0.049558595 0.981450737 -0.121046573
0.978480041 -0.095706992 0.182803199 0.357621133 0.085739203 0.994405806 0.061691951 0.894551992 -0.187684909 -0.044690941 0.981212080 -0.129616901
0.977298021 -0.097460032 0.188122556 0.360696465 0.088384464 0.994507492 0.056063287 0.861961544 -0.192553207 -0.038163431 0.980544150 -0.136265457
0.975487053 -0.101986058 0.194997087 0.365659833 0.094660677 0.994420767 0.046548322 0.830634952 -0.198656425 -0.026948733 0.979698598 -0.145203888
0.973084509 -0.104582220 0.205351308 0.370148152 0.099615633 0.994430959 0.034406252 0.798804760 -0.207805976 -0.013023992 0.978083372 -0.152510047
0.971107066 -0.106840804 0.213392034 0.374026805 0.105231240 0.994267762 0.018920908 0.769688368 -0.214190349 0.004081280 0.976783395 -0.160054475
0.970174491 -0.104441032 0.218754455 0.377345741 0.106510758 0.994308770 0.002343331 0.744000793 -0.217754230 0.021026265 0.975777149 -0.167397350
0.969266355 -0.102283791 0.223742560 0.379817992 0.108107790 0.994041920 -0.013903806 0.723569989 -0.220987365 0.037664801 0.974549115 -0.175190747
0.969504893 -0.097877234 0.224678203 0.381349921 0.106057182 0.994055629 -0.024602054 0.711041331 -0.220934644 0.047680542 0.974122405 -0.179873139
0.969253480 -0.094994992 0.226988137 0.382138044 0.104231745 0.994129241 -0.029030977 0.705529392 -0.222897738 0.051797740 0.973464727 -0.182376683
0.968768239 -0.090538159 0.230848253 0.382751644 0.099839434 0.994583547 -0.028908666 0.708795428 -0.226980537 0.051053558 0.972560227 -0.181901872
0.968941987 -0.087112680 0.231436342 0.384084761 0.095794380 0.995047748 -0.026520984 0.719329894 -0.227979898 0.047867596 0.972488463 -0.178355679
0.969487846 -0.086228259 0.229473338 0.383029222 0.093962304 0.995310724 -0.022971738 0.736813962 -0.226416454 0.043832663 0.973043859 -0.173065931
0.969919324 -0.087109327 0.227307126 0.381983668 0.093847111 0.995405614 -0.018983159 0.759051681 -0.224609181 0.039744247 0.973638058 -0.165577337
0.970422506 -0.086720057 0.225299373 0.381477684 0.092336185 0.995622456 -0.014490383 0.785820544 -0.223056510 0.034865074 0.974181831 -0.156957120
0.971325576 -0.089507408 0.220261365 0.382587016 0.094050117 0.995515168 -0.010202903 0.814079583 -0.218360305 0.030625947 0.975387514 -0.147421628
0.972712874 -0.086829431 0.215151787 0.382066876 0.089858495 0.995945156 -0.004318655 0.846624851 -0.213904411 0.023534024 0.976571083 -0.138587922
0.973515868 -0.086823270 0.211491212 0.381313622 0.088439748 0.996079862 0.001822332 0.879823267 -0.210820362 0.016930163 0.977378190 -0.129593372
0.974025965 -0.084573820 0.210049391 0.380907714 0.084292516 0.996387720 0.010308149 0.913967729 -0.210162431 0.007665188 0.977636456 -0.120615914
0.973340988 -0.083495378 0.213625386 0.381094933 0.080684453 0.996499956 0.021859081 0.948199928 -0.214702830 -0.004040094 0.976671040 -0.109045453
0.974443555 -0.089506216 0.206030220 0.379392475 0.083439834 0.995789349 0.037964944 0.981750131 -0.208560795 -0.019803565 0.977808893 -0.100486070
0.974593699 -0.100349911 0.200242251 0.377060115 0.090263747 0.994174480 0.058902867 1.013728023 -0.204986632 -0.039331749 0.977974176 -0.092758432
0.974808514 -0.111442089 0.193207160 0.374945372 0.097242802 0.991917372 0.081509590 1.043087482 -0.200729147 -0.060668241 0.977766395 -0.086140387
0.974425077 -0.120282046 0.189810321 0.373169363 0.102343492 0.989539921 0.101668961 1.069921851 -0.200053826 -0.079642944 0.976542592 -0.078776382
0.974431574 -0.123134933 0.187938601 0.371258378 0.102329336 0.987883031 0.116686918 1.094289064 -0.200029582 -0.094471790 0.975224733 -0.073603064
0.974977553 -0.118689395 0.187967092 0.370198965 0.095713519 0.987281203 0.126943886 1.115924358 -0.200643271 -0.105776444 0.973937154 -0.069586203
0.976292491 -0.113113858 0.184548736 0.368477523 0.089288913 0.987128973 0.132679686 1.132915497 -0.197181314 -0.113056019 0.973826408 -0.067230873
0.977706313 -0.110041879 0.178832710 0.366172314 0.086460732 0.987106323 0.134705946 1.143916130 -0.191350192 -0.116240844 0.974614382 -0.066199571
0.979250252 -0.107783385 0.171614826 0.363879204 0.085188650 0.987314045 0.133992150 1.148746014 -0.183879852 -0.116592214 0.976009429 -0.066630751
0.980247617 -0.107977875 0.165696591 0.362537414 0.086224236 0.987317801 0.133300126 1.146404743 -0.177988648 -0.116380081 0.977126241 -0.067683212
0.980992258 -0.107189581 0.161754861 0.362123817 0.085930631 0.987363517 0.133150935 1.136572957 -0.173983231 -0.116720341 0.977806807 -0.069836579
0.981387913 -0.105704069 0.160325915 0.363459170 0.084701851 0.987541676 0.132616132 1.119488835 -0.172346592 -0.116567969 0.978114784 -0.072962612
0.981419027 -0.105384439 0.160345972 0.364160955 0.084903523 0.987920880 0.129629418 1.097111583 -0.172070056 -0.113606833 0.978511810 -0.077685423
0.981387496 -0.104393810 0.161184847 0.365196198 0.084530279 0.988481402 0.125535280 1.071516156 -0.172433347 -0.109573752 0.978907704 -0.083135858
0.981269777 -0.100959569 0.164063409 0.367175549 0.081345275 0.989169478 0.122175060 1.042236567 -0.174621239 -0.106540911 0.978854656 -0.088772036
0.980536938 -0.093801439 0.172477856 0.369238287 0.073774353 0.990140438 0.119076826 1.010180831 -0.181946889 -0.104034789 0.977789402 -0.096062787
0.979716837 -0.087984622 0.180037722 0.372644246 0.068274423 0.991258144 0.112897813 0.975799620 -0.188397124 -0.098315924 0.977159381 -0.101999700
0.979102194 -0.084669188 0.184905440 0.375562012 0.066327915 0.992443681 0.103228904 0.940253079 -0.192248523 -0.088807262 0.977319717 -0.108221442
0.978145361 -0.083733544 0.190316349 0.377887517 0.067477420 0.993620753 0.090358257 0.903436482 -0.196668297 -0.075541452 0.977555633 -0.114012748
0.976966858 -0.083691448 0.196294397 0.381310046 0.070537552 0.994828284 0.073082924 0.866684377 -0.201395631 -0.057553470 0.977817655 -0.123174414
0.975046456 -0.083014905 0.205895573 0.383898705 0.073541060 0.995868981 0.053260148 0.830875397 -0.209466398 -0.036789343 0.977123499 -0.129874215
0.973496079 -0.079753041 0.214347601 0.385756612 0.074570999 0.996696770 0.032167483 0.796912491 -0.216205001 -0.015330805 0.976227641 -0.137340426
0.971460283 -0.076953098 0.224372685 0.386332273 0.075952798 0.997025371 0.013099020 0.765317798 -0.224713266 0.004316554 0.974415362 -0.144207492
0.970567167 -0.074671641 0.228961751 0.388527185 0.077457517 0.996990561 -0.003191815 0.738112092 -0.228034362 0.020832676 0.973430216 -0.154129863
0.969644308 -0.076933518 0.232101515 0.388553888 0.082950324 0.996421039 -0.016260732 0.714735687 -0.230019823 0.035020020 0.972555637 -0.161159068
0.969485223 -0.077821471 0.232469752 0.385887235 0.086018719 0.995971739 -0.025318958 0.696916103 -0.229562953 0.044543102 0.972274005 -0.166019127
0.968474746 -0.083101980 0.234841987 0.384909630 0.092595883 0.995261490 -0.029673429 0.685710967 -0.231263265 0.050483368 0.971580505 -0.169446468
0.967409074 -0.086381651 0.238029122 0.387795776 0.096072935 0.994940102 -0.029396661 0.681588054 -0.234285384 0.051306754 0.970813036 -0.172415882
0.966363072 -0.089347854 0.241162494 0.387240291 0.098365366 0.994821250 -0.025590673 0.684915662 -0.237627104 0.048451915 0.970147312 -0.170558810
0.966209650 -0.091103077 0.241120651 0.386428267 0.098998696 0.994869947 -0.020810246 0.694590032 -0.237987801 0.043977685 0.970272005 -0.166772231
0.964930117 -0.093338884 0.245352298 0.386007041 0.099948533 0.994885504 -0.014598769 0.710102499 -0.242734820 0.038609393 0.969324052 -0.160848543
0.963734746 -0.093690999 0.249874681 0.387686998 0.098718621 0.995086074 -0.007635648 0.729847908 -0.247931421 0.032026023 0.968248069 -0.154194936
0.962806642 -0.088557668 0.255266398 0.388592839 0.091749154 0.995781958 -0.000597665 0.753266573 -0.254136771 0.023995912 0.966870546 -0.145685971
0.962095022 -0.084147312 0.259407848 0.389641553 0.085665308 0.996308982 0.005468432 0.778367698 -0.258910507 0.016961103 0.965752363 -0.136779711
0.962258816 -0.076383337 0.261196464 0.390715539 0.076004028 0.997040391 0.011568779 0.804989159 -0.261307091 0.008719821 0.965216339 -0.128075182
0.962561250 -0.073186658 0.260997146 0.393354625 0.070667498 0.997318268 0.019036971 0.830541909 -0.261690468 0.000119764 0.965151846 -0.120153882
0.964588463 -0.071261294 0.253950745 0.393349141 0.066433541 0.997410476 0.027547630 0.856932938 -0.255256206 -0.009701280 0.966824770 -0.113450542
0.966261327 -0.070784084 0.247646272 0.392406702 0.063403241 0.997277021 0.037663586 0.882744193 -0.249637932 -0.020691290 0.968118191 -0.108887516
0.969365120 -0.071202576 0.235077456 0.390956551 0.061559934 0.996942997 0.048115429 0.907153070 -0.237784758 -0.032170068 0.970785022 -0.106554076
0.972504675 -0.073944964 0.220831960 0.389531314 0.062321715 0.996301532 0.059155010 0.929251611 -0.224389434 -0.043765895 0.973516285 -0.105313703
0.975076675 -0.079956107 0.206960037 0.387791157 0.066409282 0.995219707 0.071606822 0.947456539 -0.211696103 -0.056078080 0.975725353 -0.106691971
0.977307379 -0.087448984 0.192932427 0.385052115 0.072117299 0.993757427 0.085119434 0.962389171 -0.199171633 -0.069274090 0.977513075 -0.110062994
0.978453517 -0.095482647 0.183062360 0.383352131 0.078080893 0.991915762 0.100032665 0.973262906 -0.191133812 -0.083583646 0.977998793 -0.113556899
0.979359210 -0.105679177 0.172300413 0.381250948 0.086530812 0.989577115 0.115106791 0.980602145 -0.182668939 -0.097821608 0.978295982 -0.116466947
0.979985178 -0.114788443 0.162642688 0.379439563 0.093561694 0.986735344 0.132663429 0.984991550 -0.175713509 -0.114791080 0.977725804 -0.121137694
0.980245948 -0.122888274 0.154972076 0.377845943 0.099493735 0.983573020 0.150615886 0.987375975 -0.170935273 -0.132221863 0.976370096 -0.126203120
0.979672194 -0.130430207 0.152415127 0.376866877 0.103710331 0.979667664 0.171742350 0.988343894 -0.171716571 -0.152444184 0.973280132 -0.130437553
0.978117824 -0.138458610 0.155289307 0.375919342 0.106829725 0.974727631 0.196197540 0.988463819 -0.178530023 -0.175314784 0.968189955 -0.133816347
0.975729644 -0.144021958 0.164952382 0.375690371 0.105532199 0.969303906 0.222065032 0.988112450 -0.191871241 -0.199267656 0.960977554 -0.136381313
0.972996414 -0.151689097 0.173978180 0.374645650 0.106512085 0.963755727 0.244601801 0.986782670 -0.204775900 -0.219465896 0.953887582 -0.138969183
0.970432043 -0.159738153 0.180956781 0.372462004 0.108478248 0.958341599 0.264223069 0.984769940 -0.215624899 -0.236780673 0.947333515 -0.141662702
0.968881547 -0.167264715 0.182458371 0.370160460 0.111541167 0.953081191 0.281415790 0.983804822 -0.220968574 -0.252306968 0.942079663 -0.144474298
0.968225479 -0.173080668 0.180506378 0.367228478 0.113421962 0.947216392 0.299860984 0.982699454 -0.222878724 -0.269859642 0.936750174 -0.148763984
0.967178345 -0.181223109 0.178113148 0.365367740 0.117421880 0.940387785 0.319190979 0.981574953 -0.225340202 -0.287800193 0.930802226 -0.153447479
0.966266513 -0.188486770 0.175504401 0.363621145 0.120409831 0.933014154 0.339096069 0.981532454 -0.227663204 -0.306524694 0.924235940 -0.158731624
0.965149999 -0.197080851 0.172176093 0.362483203 0.124968208 0.925148129 0.358446509 0.981956601 -0.229931325 -0.324438125 0.917535543 -0.164389089
0.965193868 -0.199796528 0.168766379 0.361555398 0.124172091 0.918001652 0.376635462 0.982983291 -0.230178267 -0.342570156 0.910858750 -0.170541734
0.965605378 -0.200523019 0.165519878 0.362010479 0.122076124 0.911690116 0.392324507 0.983586311 -0.229572937 -0.358624637 0.904811978 -0.176698923
0.966456056 -0.200399786 0.160631910 0.363398075 0.120824993 0.906665862 0.404176176 0.983375609 -0.226636276 -0.371210158 0.900466025 -0.182042360
0.967204690 -0.200021759 0.156545296 0.366348505 0.120388255 0.903706908 0.410877645 0.982356548 -0.223655537 -0.378556550 0.898149848 -0.186212182
0.966937482 -0.201669902 0.156080678 0.370538384 0.121840745 0.903018475 0.411961764 0.980685174 -0.224024013 -0.379324287 0.897733986 -0.188661680
0.967292547 -0.200755715 0.155055776 0.375125498 0.122567140 0.905072987 0.407210261 0.979050100 -0.222086594 -0.374886721 0.900076389 -0.190097928
0.967769027 -0.200973749 0.151765019 0.379504979 0.125878274 0.907971144 0.399678737 0.977732539 -0.218123198 -0.367692798 0.904004574 -0.190435782
0.968351543 -0.199756339 0.149641782 0.383967817 0.127520785 0.911357403 0.391364485 0.975712538 -0.214554667 -0.359895974 0.907987475 -0.190603286
0.969003379 -0.196892828 0.149216741 0.387873888 0.126680374 0.914555311 0.384110183 0.975582361 -0.212095499 -0.353301257 0.911149681 -0.189404815
0.970311344 -0.191497549 0.147731543 0.390176535 0.123442069 0.917381406 0.378382683 0.975845516 -0.207985520 -0.348912716 0.913784385 -0.187511012
0.971445799 -0.188057631 0.144662842 0.391705245 0.122359924 0.919476867 0.373617858 0.975809932 -0.203275815 -0.345248550 0.916232705 -0.185512170
0.973205626 -0.181436926 0.141249448 0.393029422 0.117854796 0.921076179 0.371118516 0.974708438 -0.197436094 -0.344527692 0.917779744 -0.183241695
0.974060953 -0.178822085 0.138664871 0.394348055 0.116092607 0.920904934 0.372097641 0.973995566 -0.194236428 -0.346347839 0.917777419 -0.181020558
0.975106001 -0.175029531 0.136135727 0.396472931 0.112548240 0.919657707 0.376248032 0.973789811 -0.191052794 -0.351559907 0.916463017 -0.179052174
0.975724578 -0.172462836 0.134974733 0.399571776 0.109650627 0.918220043 0.380589932 0.973568082 -0.189574108 -0.356550902 0.914840519 -0.176979691
0.975979269 -0.172250703 0.133394703 0.402767837 0.109462455 0.917093515 0.383350372 0.971836865 -0.188367769 -0.359540343 0.913919210 -0.175233707
0.975673914 -0.173815519 0.133598596 0.408786654 0.110460907 0.916170835 0.385265291 0.971592844 -0.189364225 -0.361135900 0.913083851 -0.173083648
0.975180984 -0.176088601 0.134219259 0.416932702 0.112088166 0.915414751 0.386590272 0.972012520 -0.190940440 -0.361951083 0.912432551 -0.171092644
0.974488020 -0.178518400 0.136030510 0.426990211 0.113327578 0.914528370 0.388322979 0.972035706 -0.193726555 -0.363000065 0.911427975 -0.168919116
0.973748863 -0.181501657 0.137369320 0.438276410 0.115232907 0.913509250 0.390156657 0.971891522 -0.196302220 -0.364085108 0.910443544 -0.167595252
0.972794890 -0.186062932 0.138024285 0.451345235 0.118762575 0.912066102 0.392467737 0.972097635 -0.198910967 -0.365398467 0.909350514 -0.166419566
0.971863031 -0.190696791 0.138264224 0.465950906 0.122527137 0.910610080 0.394685179 0.972617388 -0.201169983 -0.366638809 0.908353806 -0.166034043
0.970967352 -0.194630563 0.139073014 0.482176363 0.125604391 0.909601808 0.396040499 0.973090410 -0.203582644 -0.367074192 0.907640100 -0.166231126
0.969695628 -0.198632360 0.142251968 0.499650389 0.128259808 0.909436285 0.395569324 0.973848104 -0.207941979 -0.365336657 0.907352924 -0.166349828
0.968247294 -0.202616617 0.146436647 0.518260419 0.131250724 0.910541236 0.392030597 0.973704696 -0.212768510 -0.360362649 0.908222616 -0.166556999
0.966387630 -0.207119152 0.152304173 0.537554979 0.134623244 0.912386477 0.386558563 0.973108828 -0.219023943 -0.353061765 0.909602046 -0.167039126
0.964116573 -0.212683350 0.158886909 0.556923032 0.139005572 0.914313078 0.380406439 0.972518384 -0.226178497 -0.344669998 0.911068559 -0.167325303
0.961903095 -0.216848731 0.166490465 0.575608850 0.141320586 0.915701687 0.376190007 0.972681761 -0.234031945 -0.338329792 0.911461473 -0.167477220
0.959730268 -0.221810699 0.172388420 0.594185591 0.144200832 0.915613830 0.375309765 0.973630548 -0.241088942 -0.335337579 0.910727620 -0.168138370
0.957860708 -0.225625843 0.177752271 0.612572312 0.145097375 0.914164960 0.378482819 0.975824296 -0.247890398 -0.336742401 0.908380389 -0.169387385
0.955590487 -0.229781076 0.184519470 0.629863143 0.144438013 0.910955250 0.386391222 0.978770912 -0.256874382 -0.342580140 0.903689325 -0.170597449
0.953203440 -0.233339474 0.192239121 0.645504057 0.141702399 0.906508327 0.397697210 0.982677579 -0.267064810 -0.351845622 0.897151649 -0.170059040
0.950593174 -0.239891663 0.197039723 0.659909010 0.143125340 0.901896894 0.407550156 0.985951126 -0.275477409 -0.359212995 0.891671598 -0.170649618
0.949660599 -0.243585616 0.197004676 0.672452033 0.144632339 0.898710191 0.414006650 0.989313483 -0.277896166 -0.364672542 0.888700008 -0.172039375
0.949555874 -0.243535861 0.197569951 0.683470130 0.143225804 0.897254229 0.417637765 0.992415547 -0.278980225 -0.368273318 0.886873603 -0.172905535
0.949737132 -0.243186310 0.197128877 0.693343580 0.143343404 0.897642553 0.416761994 0.998528540 -0.278302073 -0.367557228 0.887383580 -0.171126261
0.949944019 -0.243416786 0.195843592 0.700157106 0.144626558 0.898271441 0.414959788 1.000801682 -0.276928872 -0.365864396 0.888512075 -0.171098471
0.950130820 -0.244354904 0.193757951 0.704677939 0.147387862 0.899403095 0.411522716 1.002163053 -0.274824083 -0.362442821 0.890565515 -0.171405405
0.950748920 -0.244051531 0.191089779 0.707077384 0.149287060 0.900819063 0.407723427 1.003433585 -0.271642834 -0.359115362 0.892886519 -0.171527430
0.950451314 -0.245802492 0.190324605 0.707337677 0.152185678 0.901741862 0.404599965 1.004435301 -0.271075338 -0.355587900 0.894469380 -0.171389341
0.950158119 -0.246982634 0.190260693 0.705636978 0.153604090 0.901907086 0.403694689 1.005005598 -0.271303028 -0.354348958 0.894891858 -0.171601176
0.949793458 -0.245792314 0.193593726 0.702185869 0.150821850 0.901793897 0.404994518 1.004932165 -0.274126172 -0.355462998 0.893588781 -0.172413826
0.949620008 -0.244632661 0.195899606 0.696609378 0.148835033 0.902103364 0.405040324 1.003442049 -0.275807768 -0.355477691 0.893065333 -0.173022449
0.949635923 -0.244649976 0.195800990 0.688532710 0.149108052 0.902377009 0.404329628 1.001107216 -0.275605559 -0.354770452 0.893408895 -0.173581824
0.950192690 -0.243516788 0.194508016 0.678502083 0.148856595 0.902910531 0.403229803 0.998726189 -0.273816556 -0.354192227 0.894188106 -0.174460322
0.950929642 -0.243883640 0.190403625 0.666211247 0.150628209 0.902437270 0.403631151 0.997265399 -0.270266354 -0.355144680 0.894890130 -0.175751716
0.952591479 -0.241105884 0.185573205 0.652664006 0.149247140 0.901806235 0.405550033 0.996464908 -0.265131563 -0.358627230 0.895037293 -0.176631287
0.953809381 -0.239665508 0.181130216 0.638177991 0.148931354 0.900868177 0.407745004 0.995883882 -0.260896862 -0.361935019 0.894950211 -0.176428452
0.954912961 -0.238743514 0.176473081 0.621642113 0.149581701 0.900350928 0.408648491 0.994949341 -0.256449878 -0.363826632 0.895468414 -0.176045120
0.956180513 -0.237537593 0.171157032 0.603489518 0.150735766 0.900568426 0.407744080 0.993384719 -0.250993162 -0.364077479 0.896911383 -0.175851882
0.957719803 -0.234501019 0.166679591 0.584165156 0.150154665 0.901595831 0.405682862 0.991288424 -0.245410651 -0.363502800 0.898687601 -0.175704837
0.959357202 -0.230793923 0.162382007 0.563112319 0.149423659 0.903595090 0.401482791 0.988759696 -0.239387363 -0.360901684 0.901356578 -0.175509512
0.961141348 -0.226551294 0.157739788 0.541717529 0.148633271 0.906201005 0.395863533 0.985621572 -0.232627332 -0.357035458 0.904660285 -0.175748527
0.963124216 -0.220921427 0.153575584 0.520300627 0.146312147 0.909061074 0.390129149 0.981834710 -0.225797459 -0.353272855 0.907862186 -0.176072001
0.964404345 -0.217470095 0.150436163 0.498030245 0.145457849 0.911381543 0.385000914 0.977780581 -0.220830917 -0.349414438 0.910573065 -0.175898448
0.965488076 -0.214646012 0.147512078 0.474155307 0.144645840 0.912914336 0.381660879 0.973843336 -0.216587871 -0.347152054 0.912455559 -0.175896227
0.966617584 -0.212021708 0.143865526 0.450434864 0.143524021 0.913173079 0.381465256 0.970484674 -0.212253034 -0.348082840 0.913119376 -0.175327227
0.968323767 -0.207568616 0.138795987 0.426651061 0.140763551 0.912889123 0.383169830 0.967652798 -0.206239358 -0.351495028 0.913190305 -0.174692765
0.969706416 -0.204686850 0.133314639 0.402404219 0.139288902 0.911672652 0.386589736 0.965853095 -0.200669140 -0.356309265 0.912565410 -0.173583403
0.971251667 -0.200007305 0.129101634 0.378354102 0.135821059 0.910963833 0.389483750 0.964205205 -0.195506513 -0.360752046 0.911940336 -0.171948135
0.972342551 -0.195850521 0.127249897 0.354683816 0.132517606 0.911260247 0.389927983 0.962767720 -0.192325354 -0.362280726 0.912010789 -0.170081109
0.972932160 -0.194074363 0.125451609 0.330893517 0.131915390 0.912151933 0.388042718 0.961774886 -0.189740077 -0.360990256 0.913063407 -0.167962387
0.973636806 -0.192426845 0.122487791 0.307012290 0.132063612 0.913364053 0.385130316 0.960722387 -0.185985357 -0.358800858 0.914697409 -0.166062444
0.974462509 -0.189537317 0.120409243 0.281438798 0.130566269 0.914519787 0.382891715 0.957868576 -0.182688907 -0.357392251 0.915912390 -0.166812927
0.975275159 -0.186715513 0.118218943 0.258088946 0.129244894 0.915822327 0.380217403 0.957131863 -0.179260030 -0.355537385 0.917310774 -0.164865211
0.975971282 -0.184492528 0.115942165 0.234896779 0.128282905 0.916595519 0.378676862 0.956513464 -0.176135108 -0.354704350 0.918238163 -0.163196057
0.977042615 -0.182879090 0.109283969 0.212117761 0.129198968 0.916497231 0.378603339 0.956547916 -0.169397071 -0.355792224 0.919084609 -0.161324814
0.978392661 -0.180291891 0.101205945 0.190817237 0.129240781 0.915381670 0.381278485 0.956888437 -0.161383480 -0.359960109 0.918903768 -0.160305098
0.979755580 -0.177310690 0.092951208 0.171112835 0.128611609 0.913277090 0.386502296 0.958086252 -0.153421193 -0.366723150 0.917592525 -0.158642948
0.981040180 -0.174741298 0.083819307 0.152792826 0.128859669 0.911173224 0.391354799 0.959439099 -0.144759744 -0.373133838 0.916414618 -0.157225519
0.981951952 -0.174081594 0.073931910 0.135998935 0.131647468 0.909779072 0.393663496 0.960617006 -0.135791272 -0.376825720 0.916276753 -0.155691445
0.982899427 -0.172234163 0.065146588 0.120202571 0.133590534 0.910441399 0.391471714 0.961114049 -0.126736939 -0.376074344 0.917881191 -0.156285390
0.983650267 -0.169813454 0.059963025 0.107796699 0.134052128 0.912759066 0.385876894 0.960627079 -0.120258875 -0.371529758 0.920599520 -0.155240953
0.984303117 -0.167558670 0.055420414 0.097857825 0.134554684 0.915683389 0.378707051 0.959725618 -0.114203200 -0.365305483 0.923855782 -0.153908074
0.984702110 -0.166648984 0.050890796 0.090848595 0.136203080 0.918309152 0.371694773 0.958621681 -0.108676039 -0.359077126 0.926959097 -0.153301060
0.984879553 -0.165840879 0.050090600 0.086792484 0.136329517 0.920343101 0.366582692 0.959206343 -0.106894940 -0.354210973 0.929036081 -0.153149754
0.985186696 -0.163900241 0.050437476 0.086289309 0.134527132 0.921075702 0.365406722 0.958806157 -0.106346980 -0.353208631 0.929480493 -0.154074281
0.985447824 -0.161766022 0.052195609 0.089234948 0.131673485 0.920684218 0.367427111 0.958309174 -0.107492894 -0.355207443 0.928586543 -0.155368596
0.985172451 -0.162088439 0.056236286 0.094816141 0.130201802 0.919794977 0.370168507 0.958359838 -0.111725897 -0.357357740 0.927260876 -0.157197759
0.984921098 -0.161694437 0.061525561 0.103005834 0.127700895 0.919406176 0.372001082 0.958548486 -0.116717480 -0.358534843 0.926191032 -0.160856783
0.984279990 -0.162498713 0.069188699 0.114299424 0.125605404 0.919454634 0.372594208 0.958792567 -0.124161944 -0.358046561 0.925411522 -0.163735852
0.983845651 -0.161895439 0.076404572 0.128656104 0.122611620 0.920365572 0.371340245 0.958664715 -0.130438432 -0.355973393 0.925347924 -0.166719884
0.983256578 -0.161524788 0.084358171 0.144631565 0.119688049 0.921519637 0.369427085 0.958704948 -0.137409344 -0.353144944 0.925422788 -0.169987708
0.982662678 -0.161727890 0.090654239 0.162242442 0.117980406 0.922650516 0.367146552 0.958685756 -0.143020019 -0.350085795 0.925734937 -0.174672604
0.981782734 -0.163123354 0.097434461 0.181018233 0.117015377 0.923093021 0.366342336 0.959259629 -0.149700060 -0.348267227 0.925364733 -0.177941918
0.980904877 -0.164889649 0.103135817 0.201087534 0.116453186 0.922674596 0.367573500 0.960009754 -0.155769855 -0.348544180 0.924257934 -0.180877864
0.979672015 -0.169095725 0.107932396 0.221961066 0.118082225 0.921029747 0.371161461 0.961493790 -0.162170768 -0.350871623 0.922274232 -0.183449328
0.978793979 -0.173864499 0.108321272 0.244555637 0.121524386 0.918528140 0.376215160 0.963820696 -0.164906591 -0.355073452 0.920178592 -0.186073482
0.977771819 -0.179097116 0.109025449 0.267141700 0.125075698 0.915548623 0.382265359 0.966307163 -0.168280721 -0.360131830 0.917598307 -0.188124850
0.976979733 -0.182490766 0.110488631 0.290369391 0.126722515 0.913082242 0.387585163 0.968756199 -0.171615914 -0.364661455 0.915188491 -0.190018550
0.976380527 -0.184053287 0.113161281 0.314152569 0.126670286 0.911934793 0.390294254 0.971368015 -0.175030634 -0.366741538 0.913709402 -0.191787407
0.976203024 -0.184719637 0.113605902 0.338057637 0.127088115 0.911792219 0.390491486 0.973941863 -0.175716415 -0.366761029 0.913569987 -0.192978337
0.976201117 -0.185721725 0.111976676 0.361087978 0.128973186 0.912285089 0.388718188 0.976046205 -0.174348056 -0.365025163 0.914526880 -0.194208205
0.976171255 -0.186920449 0.110228747 0.383548558 0.130976900 0.912520647 0.387493372 0.977702498 -0.173016429 -0.363822460 0.915258765 -0.195537880
0.975575507 -0.190181091 0.109925404 0.405337095 0.134132728 0.912050962 0.387519628 0.979302943 -0.173956469 -0.363310069 0.915284097 -0.196427926
0.975072861 -0.192487881 0.110369280 0.427377552 0.135849997 0.911185801 0.388954014 0.981999755 -0.175435856 -0.364264816 0.914622009 -0.195069268
0.974425852 -0.194948316 0.111755878 0.447132885 0.137112826 0.909848630 0.391631901 0.984486818 -0.178028911 -0.366293073 0.913309991 -0.195181414
0.973725915 -0.196905181 0.114395097 0.465076029 0.137326613 0.908454657 0.394780368 0.987442195 -0.181657061 -0.368698388 0.911626160 -0.195329398
0.972680390 -0.199860841 0.118103944 0.480752498 0.138057023 0.907000422 0.397857398 0.990668654 -0.186636418 -0.370682985 0.909813702 -0.194829419
0.971615493 -0.202816129 0.121774152 0.493903428 0.139061272 0.906095684 0.399565488 0.994373143 -0.191377357 -0.371289939 0.908580482 -0.193356171
0.970625103 -0.206438646 0.123571731 0.504960895 0.141665623 0.905505776 0.399987727 0.998198628 -0.194467843 -0.370732278 0.908151865 -0.191290051
0.969787657 -0.207042530 0.129016712 0.515615642 0.140402302 0.906195998 0.398868412 1.002075791 -0.199497148 -0.368703395 0.907886922 -0.189094692
0.967514694 -0.209598452 0.141364112 0.525291920 0.139349341 0.908677399 0.393557101 1.005553246 -0.210943326 -0.361073285 0.908366084 -0.185376182
0.964175284 -0.212683216 0.158530295 0.534042895 0.138160989 0.912802935 0.384320587 1.007457852 -0.226445466 -0.348649710 0.909486592 -0.180734679
0.961143613 -0.213504225 0.174982488 0.540907145 0.137082249 0.919352949 0.368779898 1.009898067 -0.239606738 -0.330463469 0.912897885 -0.175643414
0.958916366 -0.210968703 0.189661756 0.546171486 0.134562999 0.926811397 0.350590110 1.011316657 -0.249744222 -0.310665131 0.917123199 -0.171729818
0.956616223 -0.207326606 0.204697415 0.550692618 0.131343141 0.934017301 0.332205743 1.011726141 -0.260066032 -0.290907830 0.920727015 -0.167805761
0.953692853 -0.204919308 0.220177367 0.554814041 0.129823864 0.940759480 0.313236952 1.011152983 -0.271322250 -0.270147562 0.923798978 -0.163647205
0.950925648 -0.203919023 0.232717499 0.558392942 0.129953504 0.945767820 0.297716886 1.010163665 -0.280806869 -0.252864152 0.925854862 -0.160125896
0.947775185 -0.205839917 0.243622839 0.562388003 0.131769016 0.948330045 0.288629651 1.008592010 -0.290446341 -0.241454080 0.925927043 -0.157048747
0.944399238 -0.213221669 0.250292957 0.566246569 0.137245327 0.947376490 0.289208412 1.007394314 -0.298787177 -0.238776684 0.923965335 -0.153660685
0.940806806 -0.221941784 0.256172746 0.571967304 0.141754732 0.944169641 0.297404349 1.006154537 -0.307876974 -0.243486345 0.919742465 -0.149005637
0.936192036 -0.232452542 0.263648152 0.579069793 0.147371471 0.940565348 0.305971384 1.004796982 -0.319102168 -0.247593746 0.914806604 -0.142660186
0.931645513 -0.242401242 0.270699650 0.586994767 0.152377099 0.936927855 0.314559162 1.003559232 -0.329875559 -0.251809239 0.909821033 -0.135231048
0.927240014 -0.252218544 0.276788443 0.595663905 0.157087207 0.932958722 0.323900670 1.001993299 -0.339925915 -0.256853729 0.904696941 -0.126597658
0.924118936 -0.259692013 0.280293137 0.604756594 0.159673989 0.928887248 0.334174663 1.000585556 -0.347143203 -0.264061600 0.899868369 -0.117290244
0.922394276 -0.264564723 0.281414807 0.613008142 0.160632595 0.925340056 0.343428165 0.998444200 -0.351263404 -0.271571785 0.896026134 -0.107172370
0.922254086 -0.267539710 0.279051751 0.619728148 0.161310822 0.922320724 0.351145744 0.995651424 -0.351320654 -0.278831542 0.893771112 -0.096402779
0.922325373 -0.273201913 0.273270249 0.624969423 0.166331470 0.919021010 0.357399255 0.991997659 -0.348783255 -0.284184963 0.893078506 -0.083960436
0.924667895 -0.274302363 0.264097512 0.628561139 0.168796405 0.916993022 0.361429870 0.987845898 -0.341316640 -0.289623857 0.894215286 -0.069624990
0.928119481 -0.271951199 0.254237711 0.629888654 0.169940382 0.917102277 0.360615700 0.982432365 -0.331231833 -0.291489214 0.897395968 -0.055028856
0.933199346 -0.264932662 0.242795497 0.628520727 0.169116944 0.919913828 0.353776693 0.976090908 -0.317077965 -0.289083362 0.903267622 -0.040293083
0.938829362 -0.254745960 0.231740966 0.625076354 0.166202545 0.924522340 0.342979878 0.969753385 -0.301622450 -0.283483654 0.910308123 -0.024614867
0.945285499 -0.241891563 0.218915090 0.619633496 0.161281228 0.929769218 0.330934405 0.963858426 -0.283590734 -0.277520597 0.917909920 -0.007774863
0.951498985 -0.228028327 0.206525549 0.611657739 0.154265136 0.934432328 0.320996165 0.958627403 -0.266180366 -0.273567855 0.924288213 0.008310065
0.957628727 -0.215254173 0.191344962 0.600900710 0.148105457 0.937859654 0.313821614 0.953435719 -0.247006133 -0.272185326 0.930001676 0.023476887
0.964108944 -0.202939242 0.171200439 0.586972117 0.142957270 0.940135360 0.309368312 0.948789656 -0.223734543 -0.273790419 0.935404539 0.037501298
0.970183253 -0.192659199 0.147060901 0.569321632 0.140562713 0.941543043 0.306167990 0.944989681 -0.197450250 -0.276367754 0.940549970 0.051080965
0.975930452 -0.183279216 0.118188567 0.548138976 0.139826775 0.941764832 0.305822521 0.941516042 -0.167356759 -0.281935602 0.944724321 0.061238050
0.980870128 -0.172600955 0.090014920 0.523981273 0.137470782 0.941577673 0.307462573 0.939591825 -0.137824371 -0.289206445 0.947293043 0.069085881
0.984802961 -0.162134975 0.062252231 0.497087687 0.135351509 0.941095948 0.309868395 0.937957406 -0.108825825 -0.296733379 0.948739290 0.073733203
0.987963259 -0.150994942 0.033602547 0.467699021 0.133146659 0.940651119 0.312165707 0.936676800 -0.078743711 -0.303934187 0.949433208 0.075011373
0.990270138 -0.138989747 0.006845271 0.436288357 0.129822552 0.940431416 0.314221114 0.936415195 -0.050111018 -0.310275108 0.949325144 0.072882369
0.992049038 -0.124628700 -0.017505409 0.403558224 0.123768009 0.940928221 0.315175444 0.936695516 -0.022808565 -0.314836115 0.948871970 0.066500410
0.992306232 -0.116044492 -0.043151632 0.370099932 0.123739421 0.941157103 0.314502567 0.937447667 0.004116176 -0.317422420 0.948275328 0.056895636
0.991485178 -0.112266690 -0.065980151 0.339054763 0.127389446 0.941277623 0.312679350 0.937268555 0.027002176 -0.318422079 0.947564363 0.046767153
0.989777744 -0.111228459 -0.089265332 0.307228178 0.133775383 0.941034913 0.310736924 0.938859701 0.049439009 -0.319501966 0.946295023 0.031602766
