1.000000000 0.000000000 0.000000000 0.000000002 0.000000000 1.000000000 0.000000000 -0.000000006 0.000000000 0.000000000 1.000000000 -0.000000015
1.000000000 -0.000014239 -0.000118411 0.000461046 0.000014239 1.000000000 -0.000003865 0.000167198 0.000118411 0.000003864 1.000000000 -0.000091140
1.000000000 -0.000044917 0.000068097 -0.000033477 0.000044923 1.000000000 -0.000083227 0.000337395 -0.000068094 0.000083230 1.000000000 -0.000171361
1.000000000 0.000003069 -0.000066459 -0.000026813 -0.000003063 1.000000000 0.000087100 0.000359356 0.000066459 -0.000087099 1.000000000 0.000357863
1.000000000 -0.000011087 -0.000145529 -0.000018309 0.000011095 1.000000000 0.000060248 0.000376114 0.000145528 -0.000060250 1.000000000 0.000268410
0.999999940 -0.000323866 -0.000164109 0.000066752 0.000323851 0.999999940 -0.000092958 0.000906912 0.000164139 0.000092905 1.000000000 0.000195298
1.000000000 -0.000121638 0.000071112 -0.000018342 0.000121638 1.000000000 0.000002451 0.000479636 -0.000071112 -0.000002442 1.000000000 0.000451565
0.999999940 -0.000240348 -0.000141274 -0.000006141 0.000240312 0.999999940 -0.000249159 0.000647488 0.000141334 0.000249125 0.999999940 0.000175798
1.000000000 -0.000056170 -0.000090101 -0.000051890 0.000056152 1.000000000 -0.000206065 0.000582520 0.000090113 0.000206060 1.000000000 0.000117382
1.000000000 -0.000155877 -0.000140748 -0.000066942 0.000155841 0.999999940 -0.000255469 0.000913833 0.000140787 0.000255447 0.999999940 0.000364543
1.000000000 0.000007738 -0.000162668 -0.000094908 -0.000007778 0.999999940 -0.000244124 0.000823484 0.000162666 0.000244125 0.999999940 0.000236737
1.000000000 0.000092624 0.000025357 -0.000320796 -0.000092625 1.000000000 0.000052412 0.000276432 -0.000025352 -0.000052414 1.000000000 0.000463216
0.999999940 -0.000187666 -0.000181538 0.000065638 0.000187620 0.999999940 -0.000250955 0.001010638 0.000181585 0.000250921 0.999999940 0.000091669
1.000000000 -0.000119488 -0.000190607 0.000086141 0.000119457 1.000000000 -0.000161273 0.000921581 0.000190626 0.000161250 0.999999940 0.000224913
1.000000000 -0.000048942 -0.000031548 -0.000092561 0.000048933 0.999999940 -0.000282369 0.000839542 0.000031562 0.000282367 0.999999940 0.000325751
1.000000000 -0.000054320 -0.000194287 -0.000073645 0.000054265 0.999999940 -0.000285473 0.000991149 0.000194302 0.000285462 0.999999940 0.000030548
1.000000000 -0.000029889 -0.000213491 -0.000015307 0.000029837 1.000000000 -0.000240067 0.001075445 0.000213499 0.000240060 0.999999940 -0.000004692
1.000000000 -0.000127233 -0.000031512 -0.000087776 0.000127226 0.999999940 -0.000238458 0.001049740 0.000031542 0.000238454 1.000000000 -0.000047299
1.000000000 -0.000084072 -0.000103798 0.000142687 0.000084036 0.999999940 -0.000345303 0.000935596 0.000103827 0.000345294 0.999999940 -0.000188937
0.999999940 0.000068752 -0.000329390 0.000489910 -0.000068862 0.999999940 -0.000332615 0.000636846 0.000329367 0.000332638 0.999999881 -0.000373809
1.000000000 -0.000192077 -0.000121682 -0.000053804 0.000192060 1.000000000 -0.000146193 0.000928550 0.000121710 0.000146169 1.000000000 0.000467111
1.000000000 -0.000075367 -0.000101076 0.000068992 0.000075336 0.999999940 -0.000298548 0.001161232 0.000101099 0.000298541 0.999999940 0.000258039
0.999999940 -0.000254285 0.000265382 -0.001132001 0.000254310 0.999999940 -0.000095277 0.000926059 -0.000265358 0.000095344 0.999999940 0.001149973
1.000000000 -0.000010472 0.000167136 -0.001004042 0.000010466 1.000000000 0.000036336 0.000636753 -0.000167137 -0.000036334 1.000000000 0.001018181
1.000000000 -0.000130638 -0.000168223 0.000082634 0.000130594 0.999999940 -0.000262455 0.001169959 0.000168257 0.000262433 0.999999940 0.000381359
0.999999881 -0.000472937 -0.000019051 -0.000243655 0.000472934 0.999999881 -0.000170344 0.001105730 0.000019131 0.000170335 1.000000000 0.000861069
1.000000000 -0.000213551 -0.000013520 0.000114558 0.000213548 0.999999940 -0.000191220 0.000933400 0.000013561 0.000191217 1.000000000 0.000262145
0.999999940 -0.000254910 -0.000155514 0.000221544 0.000254851 0.999999881 -0.000380698 0.001171929 0.000155611 0.000380659 0.999999940 0.000073139
0.999999940 -0.000276303 -0.000248331 0.000197143 0.000276231 0.999999940 -0.000289765 0.001018088 0.000248411 0.000289696 0.999999940 -0.000025155
1.000000000 -0.000143207 -0.000103485 -0.000083767 0.000143194 1.000000000 -0.000127989 0.000190285 0.000103503 0.000127974 1.000000000 -0.000264532
0.999999881 -0.000260386 -0.000429509 0.001010107 0.000260200 0.999999881 -0.000433073 0.000838190 0.000429621 0.000432961 0.999999821 -0.000458815
0.999999821 -0.000261100 -0.000487531 0.000991868 0.000261010 0.999999940 -0.000185562 0.000745396 0.000487580 0.000185435 0.999999881 -0.000501883
0.999999940 -0.000142948 -0.000334184 0.000114026 0.000142965 1.000000000 0.000049659 0.000797803 0.000334177 -0.000049707 0.999999940 -0.000105216
0.999999881 -0.000220806 -0.000450404 0.000155914 0.000220917 0.999999940 0.000246388 0.000716996 0.000450349 -0.000246488 0.999999881 -0.000159608
0.999999940 -0.000206846 0.000347176 0.000363872 0.000206843 1.000000000 0.000008578 0.000641677 -0.000347178 -0.000008506 0.999999940 -0.000082656
0.999999940 -0.000285877 0.000076077 0.000759911 0.000285820 0.999999702 0.000746141 0.000071893 -0.000076290 -0.000746120 0.999999702 0.000243240
0.999999702 -0.000697482 -0.000322385 0.001287407 0.000697922 0.999998808 0.001369015 -0.001591074 0.000321430 -0.001369240 0.999998987 0.000476145
0.999999285 -0.001040714 -0.000546191 0.001191618 0.001041560 0.999998271 0.001550880 -0.001668879 0.000544576 -0.001551448 0.999998629 0.000550876
1.000000000 0.000043275 0.000138594 -0.000183069 -0.000043321 0.999999940 0.000328731 0.000214246 -0.000138580 -0.000328737 0.999999940 0.001328276
0.999999940 -0.000277935 -0.000012031 -0.000011746 0.000277938 0.999999940 0.000241697 0.000676855 0.000011964 -0.000241700 1.000000000 0.000303760
0.999999940 -0.000373682 -0.000079406 -0.000042738 0.000373690 0.999999940 0.000102426 0.000749062 0.000079368 -0.000102456 1.000000000 0.000310545
1.000000000 -0.000023904 -0.000070304 0.000232256 0.000023924 0.999999940 0.000283086 0.000710479 0.000070298 -0.000283088 0.999999940 0.000541523
0.999999881 -0.000393981 -0.000306316 0.000607002 0.000393999 0.999999940 0.000058281 0.000327468 0.000306293 -0.000058402 0.999999940 -0.000803930
1.000000000 -0.000125618 -0.000151249 0.000543693 0.000125640 1.000000000 0.000145888 0.000392452 0.000151231 -0.000145907 1.000000000 -0.000799061
1.000000000 -0.000217893 0.000050568 -0.000941057 0.000217889 1.000000000 0.000095574 0.000363821 -0.000050589 -0.000095563 1.000000000 0.000384085
0.999999940 -0.000154364 -0.000217563 0.000433084 0.000154356 1.000000000 -0.000038228 0.000977308 0.000217569 0.000038195 1.000000000 -0.000019761
0.999999940 -0.000280250 -0.000275889 0.000323193 0.000280228 0.999999940 -0.000078925 0.000895309 0.000275911 0.000078848 0.999999940 -0.000063399
0.999999881 -0.000338011 -0.000329311 0.000187158 0.000337958 0.999999940 -0.000160567 0.000841550 0.000329365 0.000160456 0.999999940 -0.000068844
0.999999881 -0.000322117 -0.000308788 0.000547613 0.000322082 0.999999940 -0.000113778 0.001036138 0.000308824 0.000113679 0.999999940 -0.000750285
0.999999821 -0.000542050 -0.000346229 0.000445253 0.000542001 0.999999821 -0.000142701 0.000978392 0.000346307 0.000142513 0.999999940 -0.000692445
0.999999940 -0.000244386 -0.000098385 -0.000160266 0.000244387 0.999999940 0.000009567 0.000373792 0.000098383 -0.000009591 1.000000000 0.000368420
0.999999940 -0.000260688 -0.000182356 0.000130210 0.000260651 0.999999940 -0.000202492 0.001276650 0.000182409 0.000202445 0.999999940 -0.000126512
0.999999940 -0.000346471 -0.000183600 0.000080641 0.000346437 0.999999940 -0.000185233 0.001084706 0.000183664 0.000185169 0.999999940 -0.000128643
1.000000000 -0.000190650 0.000023067 -0.000318206 0.000190648 1.000000000 0.000090283 0.000132960 -0.000023084 -0.000090279 1.000000000 0.000268853
0.999999940 -0.000330338 -0.000023716 0.000736277 0.000330372 0.999998868 0.001481364 -0.001311721 0.000023226 -0.001481372 0.999998927 0.000719318
0.999999344 -0.000957103 -0.000661391 0.000570591 0.000958207 0.999998152 0.001670390 -0.001472693 0.000659791 -0.001671022 0.999998391 0.000817274
1.000000000 -0.000001211 -0.000079965 -0.000821036 0.000001233 0.999999940 0.000287491 0.000282200 0.000079965 -0.000287491 0.999999940 0.000587761
0.999999583 -0.000562092 -0.000678386 0.000860106 0.000563250 0.999998391 0.001707471 -0.001262008 0.000677425 -0.001707852 0.999998331 0.000390572
0.999999523 -0.000705399 -0.000629798 0.000805270 0.000706380 0.999998510 0.001559287 -0.001309144 0.000628697 -0.001559731 0.999998569 0.000561050
0.999999702 -0.000574403 -0.000548037 0.000824398 0.000575295 0.999998510 0.001629513 -0.001384206 0.000547100 -0.001629827 0.999998510 0.000690451
0.999999702 -0.000560913 -0.000489507 0.000589089 0.000561658 0.999998689 0.001522308 -0.001409843 0.000488653 -0.001522583 0.999998748 0.001104243
0.999999702 -0.000613405 -0.000502319 0.000615170 0.000614402 0.999997854 0.001986879 -0.001453187 0.000501100 -0.001987187 0.999997914 0.000971066
0.999999762 -0.000414851 -0.000551020 0.000886764 0.000416227 0.999996781 0.002499298 -0.001312025 0.000549981 -0.002499527 0.999996722 0.000374007
0.999999225 -0.000993813 -0.000784117 0.001667005 0.000995766 0.999996424 0.002493518 -0.000501067 0.000781636 -0.002494297 0.999996603 -0.000718975
0.999999344 -0.000858920 -0.000762800 0.001637618 0.000861029 0.999995768 0.002768342 -0.000564933 0.000760419 -0.002768997 0.999995887 -0.000663835
0.999999940 0.000302146 0.000133279 -0.000640141 -0.000302400 0.999998152 0.001912601 0.000898945 -0.000132701 -0.001912641 0.999998152 0.000922336
0.999999106 -0.001112400 -0.000750147 0.001668804 0.001114985 0.999993384 0.003454613 -0.001086367 0.000746299 -0.003455447 0.999993742 0.000758226
0.999999106 -0.001075548 -0.000769361 0.001671799 0.001079386 0.999986887 0.005004923 -0.000989235 0.000763968 -0.005005749 0.999987185 0.000718477
0.999999821 -0.000526074 -0.000370161 0.000333859 0.000528412 0.999979734 0.006343536 -0.001217076 0.000366817 -0.006343731 0.999979794 0.001035377
0.999999821 -0.000281145 -0.000580582 0.001308731 0.000285089 0.999976814 0.006804606 -0.001227850 0.000578655 -0.006804770 0.999976695 0.001298341
0.999999762 -0.000284328 -0.000633636 0.001399126 0.000289075 0.999971807 0.007504544 -0.000837150 0.000631484 -0.007504726 0.999971628 0.000923083
0.999999940 0.000087870 -0.000328809 -0.000449800 -0.000085580 0.999975801 0.006959585 0.001341434 0.000329412 -0.006959556 0.999975741 0.000217691
0.999998987 -0.001026389 -0.001009505 0.001575795 0.001034387 0.999967813 0.007954054 -0.001691351 0.001001308 -0.007955089 0.999967873 0.000719117
0.999999464 -0.000514672 -0.000866700 0.001709941 0.000521247 0.999970973 0.007603697 -0.001476258 0.000862761 -0.007604145 0.999970734 0.000409716
0.999999702 0.000334342 -0.000653913 0.001814879 -0.000329536 0.999973059 0.007336097 -0.000219901 0.000656348 -0.007335879 0.999972880 0.000169637
0.999999642 0.000129840 -0.000817563 0.002074494 -0.000122650 0.999961376 0.008788572 -0.004110296 0.000818673 -0.008788469 0.999961019 -0.001498720
0.999999523 0.000189158 -0.000960295 0.002090081 -0.000181652 0.999969482 0.007809666 -0.003881486 0.000961743 -0.007809488 0.999969065 -0.001378738
0.999999464 0.000891615 -0.000557699 0.001627044 -0.000887582 0.999973774 0.007188742 -0.000289091 0.000564094 -0.007188243 0.999974012 0.000488748
0.999999404 0.000554942 -0.000948151 0.000658102 -0.000545659 0.999952197 0.009762614 -0.001808955 0.000953523 -0.009762091 0.999951899 -0.000309690
0.999999285 0.000193353 -0.001155614 0.000976744 -0.000178988 0.999922872 0.012417727 -0.001780289 0.001157926 -0.012417511 0.999922216 0.000098049
0.999999523 -0.000248835 -0.000956120 0.001448508 0.000261806 0.999907613 0.013589643 -0.001419400 0.000952651 -0.013589887 0.999907196 0.000409051
0.999999225 -0.000337543 -0.001215542 0.001336970 0.000356153 0.999882221 0.015342233 -0.002603491 0.001210221 -0.015342654 0.999881566 -0.000523590
0.999999225 0.000493428 -0.001148014 0.001396311 -0.000476064 0.999886215 0.015076186 -0.002857737 0.001155323 -0.015075627 0.999885678 -0.000257488
0.999999821 0.000595722 -0.000130699 0.001800477 -0.000593061 0.999809802 0.019495195 -0.002545112 0.000142288 -0.019495113 0.999809921 0.000201432
0.999997318 0.000955845 0.002106221 0.001482728 -0.001001181 0.999765575 0.021629857 -0.003737840 -0.002085053 -0.021631910 0.999763846 0.000642721
0.999993980 -0.001370788 0.003183561 0.002100626 0.001298274 0.999742210 0.022669019 -0.003530378 -0.003213815 -0.022664750 0.999737978 0.001135548
0.999988198 -0.000741318 0.004798606 0.003219077 0.000644332 0.999796152 0.020181552 -0.002225319 -0.004812588 -0.020178221 0.999784827 0.002638397
0.999953747 0.003337487 0.009021251 0.002352093 -0.003497667 0.999835491 0.017798807 -0.002451492 -0.008960363 -0.017829537 0.999800861 -0.000835239
0.999877632 0.007422423 0.013769425 0.003261389 -0.007658252 0.999823511 0.017154081 -0.003216564 -0.013639669 -0.017257432 0.999758065 -0.000998483
0.999777257 0.011781361 0.017511023 0.004455971 -0.012050848 0.999809325 0.015364587 -0.004856781 -0.017326670 -0.015572188 0.999728620 0.000323618
0.999677777 0.014482547 0.020845812 0.004310275 -0.014756085 0.999806225 0.013028517 -0.008886714 -0.020653088 -0.013331922 0.999697804 -0.004819850
0.999554992 0.017335761 0.024275061 0.004362523 -0.017550983 0.999808311 0.008681179 -0.013640995 -0.024119914 -0.009103366 0.999667645 -0.006829900
0.999333203 0.023335692 0.028082008 0.003559039 -0.023578137 0.999687254 0.008333458 -0.018699564 -0.027878759 -0.008990021 0.999570906 -0.006879250
0.999183655 0.025757998 0.031121559 0.003418468 -0.026061375 0.999616325 0.009382017 -0.025356654 -0.030867957 -0.010185428 0.999471545 -0.013639682
0.999108493 0.026915884 0.032523725 0.001860451 -0.027391149 0.999523103 0.014256706 -0.033815898 -0.032124486 -0.015134857 0.999369264 -0.018544883
0.999061465 0.026885372 0.033960745 -0.000500956 -0.027460523 0.999485314 0.016584380 -0.044837940 -0.033497386 -0.017501393 0.999285579 -0.024754239
0.999125481 0.024753980 0.033696525 -0.000048202 -0.025444686 0.999471605 0.020225668 -0.058266029 -0.033178054 -0.021065379 0.999227464 -0.037649978
0.999102712 0.024520436 0.034533139 -0.003946643 -0.025289560 0.999437749 0.022014154 -0.070137151 -0.033973929 -0.022867730 0.999161065 -0.045529988
0.998912275 0.027487619 0.037666053 -0.011703053 -0.028291954 0.999379277 0.020990282 -0.079253972 -0.037065700 -0.022033095 0.999069929 -0.048542500
0.998871624 0.028292444 0.038144384 -0.012178562 -0.029166382 0.999320090 0.022552798 -0.089598350 -0.037480373 -0.023639882 0.999017715 -0.062047351
0.998886883 0.028190881 0.037818909 -0.017998742 -0.029131562 0.999273896 0.024557160 -0.096962214 -0.037099160 -0.025631549 0.998982847 -0.070509024
0.998821020 0.028798409 0.039079230 -0.024428079 -0.029860370 0.999192894 0.026868509 -0.103095561 -0.038273919 -0.028003754 0.998874843 -0.079411887
0.998745799 0.029577009 0.040398728 -0.032804772 -0.030756865 0.999108911 0.028902734 -0.107690938 -0.039507877 -0.030109020 0.998765528 -0.084140785
0.998721182 0.030646183 0.040209394 -0.040782478 -0.031844117 0.999057472 0.029497957 -0.111669235 -0.039267499 -0.030740665 0.998755753 -0.093961753
0.998670697 0.030397229 0.041627239 -0.049447533 -0.031631749 0.999069273 0.029326105 -0.114474863 -0.040697064 -0.030603865 0.998702765 -0.103926107
0.998707116 0.030774076 0.040460914 -0.054227360 -0.031997789 0.999038994 0.029952811 -0.119790621 -0.039500259 -0.031208744 0.998732090 -0.116865084
0.998727620 0.030890714 0.039860457 -0.064556770 -0.032103140 0.999029875 0.030143786 -0.120828606 -0.038890623 -0.031385079 0.998750448 -0.127619654
0.998681366 0.031226544 0.040749080 -0.075681344 -0.032459043 0.999024451 0.029943291 -0.123242162 -0.039774299 -0.031226482 0.998720646 -0.139184058
0.998656094 0.031630233 0.041054633 -0.090711042 -0.032820225 0.999050796 0.028642535 -0.127712220 -0.040109690 -0.029951464 0.998746276 -0.146332279
0.998689950 0.030996960 0.040713821 -0.103590108 -0.032194648 0.999057949 0.029098485 -0.134174928 -0.039773505 -0.030371130 0.998747051 -0.159488827
0.998758376 0.028680915 0.040731609 -0.117302909 -0.029870650 0.999135673 0.028907184 -0.142214283 -0.039867319 -0.030087970 0.998751879 -0.173417807
0.998873532 0.027290547 0.038819417 -0.127768606 -0.028429190 0.999172449 0.029088544 -0.154063731 -0.037993453 -0.030159378 0.998822749 -0.191111758
0.998897612 0.026536968 0.038721897 -0.142654642 -0.027605262 0.999245524 0.027320027 -0.165172264 -0.037967689 -0.028358836 0.998876512 -0.206095949
0.998991370 0.023712562 0.038130041 -0.158070862 -0.024791026 0.999298632 0.028064270 -0.175998479 -0.037437823 -0.028981246 0.998878598 -0.221462101
0.999217272 0.017312309 0.035567947 -0.174831703 -0.018316390 0.999437273 0.028100779 -0.187748954 -0.035061441 -0.028730260 0.998972118 -0.233312041
0.999391735 0.009435255 0.033573024 -0.190960780 -0.010412544 0.999523580 0.029054578 -0.195016786 -0.033282891 -0.029386487 0.999013841 -0.247989893
0.999558210 -0.002792489 0.029589931 -0.207425654 0.001921648 0.999565363 0.029417962 -0.200706899 -0.029659217 -0.029348105 0.999129117 -0.262549400
0.999572396 -0.015817011 0.024592755 -0.225132063 0.015114089 0.999479234 0.028510341 -0.202143878 -0.025030898 -0.028126454 0.999290943 -0.277063668
0.999318302 -0.030678527 0.020535573 -0.240853071 0.030037297 0.999072969 0.030837469 -0.203224555 -0.021462586 -0.030199613 0.999313414 -0.291345477
0.998969197 -0.042039704 0.017122358 -0.255822033 0.041433055 0.998550117 0.034364812 -0.201560736 -0.018542219 -0.033619955 0.999262691 -0.305184335
0.998985589 -0.041847240 0.016632373 -0.272417217 0.041246738 0.998537838 0.034941349 -0.197613388 -0.018070253 -0.034219872 0.999250948 -0.316443354
0.999233186 -0.032767087 0.021431249 -0.284433365 0.032047249 0.998937786 0.033110771 -0.191447943 -0.022493426 -0.032398570 0.999221861 -0.329237640
0.999437809 -0.021332845 0.025863543 -0.295657009 0.020491049 0.999265313 0.032387003 -0.183617294 -0.026535448 -0.031838827 0.999140739 -0.342059523
0.999518156 -0.009547982 0.029534249 -0.307648093 0.008637557 0.999488175 0.030801574 -0.177388415 -0.029813224 -0.030531628 0.999089062 -0.352106988
0.999380529 0.001557314 0.035158023 -0.318282604 -0.002592833 0.999563575 0.029426921 -0.168715581 -0.035096854 -0.029499851 0.998948455 -0.364922941
0.999252021 0.009831075 0.037400551 -0.329346955 -0.010826811 0.999589801 0.026514851 -0.160700157 -0.037124537 -0.026899945 0.998948514 -0.378278971
0.999127269 0.015271156 0.038878262 -0.341004193 -0.016250608 0.999555290 0.025002679 -0.154541314 -0.038479149 -0.025612654 0.998931110 -0.392036051
0.999078512 0.014855016 0.040267188 -0.353369951 -0.015865855 0.999563992 0.024901066 -0.147936270 -0.039879728 -0.025516994 0.998878598 -0.406392246
0.999041915 0.017464815 0.040127356 -0.366387665 -0.018624591 0.999414206 0.028712660 -0.141350150 -0.039602388 -0.029432505 0.998781919 -0.421323985
0.999136925 0.014678398 0.038858611 -0.377917260 -0.016211608 0.999090433 0.039439648 -0.135810226 -0.038244355 -0.040035568 0.998466074 -0.435442656
0.999308884 0.004853554 0.036853280 -0.391716152 -0.006936574 0.998372495 0.056606248 -0.129894942 -0.036518563 -0.056822762 0.997716188 -0.451200813
0.999433279 -0.002939396 0.033533625 -0.405801862 0.000456799 0.997272849 0.073801726 -0.124451250 -0.033659108 -0.073744580 0.996708989 -0.466862291
0.999465406 -0.008111602 0.031671423 -0.424690545 0.005229075 0.995922863 0.090057567 -0.123749949 -0.032272805 -0.089843810 0.995432854 -0.481345087
0.999429703 -0.012733637 0.031274855 -0.438009441 0.009565773 0.994998634 0.099429198 -0.120567836 -0.032384537 -0.099073328 0.994553030 -0.495229483
0.999445558 -0.016382383 0.028985772 -0.450964868 0.013272416 0.994445980 0.104407750 -0.119012848 -0.030535232 -0.103965156 0.994112074 -0.507903099
0.999469817 -0.016051946 0.028326746 -0.462017328 0.013042660 0.994554996 0.103393391 -0.119235344 -0.029832173 -0.102969125 0.994237125 -0.519426107
0.999465406 -0.017193710 0.027808681 -0.473431885 0.014306290 0.994794905 0.100888379 -0.120613486 -0.029398579 -0.100436606 0.994509041 -0.529133022
0.999501646 -0.017229717 0.026448846 -0.484410763 0.014528785 0.994969845 0.099115968 -0.122844726 -0.028023545 -0.098682299 0.994724333 -0.537651181
0.999550641 -0.016539238 0.024999559 -0.494794846 0.014089059 0.995359242 0.095191903 -0.125449255 -0.026457943 -0.094796903 0.995144963 -0.546259642
0.999586582 -0.016297843 0.023685427 -0.504355907 0.014041569 0.995614827 0.092487715 -0.130093396 -0.025088912 -0.092116900 0.995432079 -0.552641988
0.999627173 -0.016168639 0.022001646 -0.513317585 0.014083274 0.995674014 0.091841780 -0.135248244 -0.023391426 -0.091497682 0.995530546 -0.557786226
0.999636710 -0.018559443 0.019544078 -0.522401571 0.016718103 0.995756507 0.090495825 -0.140067995 -0.021140696 -0.090136215 0.995705068 -0.565561295
0.999653816 -0.018014966 0.019177260 -0.529934764 0.016264131 0.996002197 0.087835558 -0.144772872 -0.020682948 -0.087493248 0.995950401 -0.567886531
0.999673963 -0.017317360 0.018762993 -0.536927640 0.015655501 0.996227086 0.085360870 -0.148016661 -0.020170426 -0.085039303 0.996173441 -0.568201721
0.999693871 -0.016964929 0.018009283 -0.544183254 0.015449598 0.996579528 0.081182197 -0.147814631 -0.019324932 -0.080879107 0.996536553 -0.569303930
0.999709368 -0.015862819 0.018154919 -0.549739599 0.014417715 0.996916413 0.077135026 -0.148490578 -0.019322515 -0.076850861 0.996855378 -0.567335188
0.999725401 -0.015942212 0.017173840 -0.554753363 0.014670351 0.997311413 0.071796834 -0.150129527 -0.018272268 -0.071525171 0.997271419 -0.564846277
0.999747753 -0.013850846 0.017678533 -0.560850680 0.012676318 0.997811019 0.064903893 -0.153669387 -0.018538807 -0.064663418 0.997734904 -0.563319445
0.999772727 -0.010896770 0.018323487 -0.564675987 0.009828063 0.998300791 0.057435907 -0.160075262 -0.018918218 -0.057242766 0.998181045 -0.561117947
0.999789357 -0.004595250 0.020001831 -0.567918003 0.003590908 0.998744667 0.049961947 -0.169758216 -0.020206308 -0.049879596 0.998550832 -0.560244560
0.999784648 -0.002759616 0.020569101 -0.571273625 0.001773977 0.998856127 0.047783580 -0.184168607 -0.020677436 -0.047736797 0.998645902 -0.557160139
0.999772251 0.000578286 0.021332165 -0.574239433 -0.001522660 0.999018013 0.044280320 -0.200121880 -0.021285610 -0.044302717 0.998791337 -0.559261084
0.999736726 0.004818031 0.022433383 -0.577067137 -0.005733542 0.999145687 0.040926423 -0.216770947 -0.022217033 -0.041044269 0.998910308 -0.561548412
0.999715388 0.006277718 0.023016324 -0.580947161 -0.007154789 0.999243557 0.038224328 -0.233047485 -0.022758951 -0.038378123 0.999004066 -0.561525524
0.999681592 0.007995334 0.023934262 -0.584220827 -0.008828750 0.999351084 0.034920361 -0.245874360 -0.023639532 -0.035120551 0.999103487 -0.563698828
0.999661624 0.008514924 0.024578009 -0.587723374 -0.009332824 0.999399900 0.033357188 -0.256661206 -0.024279226 -0.033575282 0.999141216 -0.566402137
0.999631941 0.009692097 0.025339704 -0.591115057 -0.010508537 0.999423385 0.032287683 -0.267837822 -0.025012158 -0.032542083 0.999157369 -0.565877318
0.999592364 0.011924507 0.025941495 -0.594922483 -0.012714274 0.999454021 0.030495314 -0.278535962 -0.025563691 -0.030812709 0.999198198 -0.568808317
0.999582946 0.011362391 0.026548887 -0.599033296 -0.012138981 0.999497652 0.029275626 -0.289589345 -0.026202908 -0.029585693 0.999218762 -0.572139144
0.999513507 0.013721155 0.028007638 -0.604649127 -0.014519559 0.999488175 0.028505245 -0.304635346 -0.027602177 -0.028898036 0.999201179 -0.567753553
0.999532223 0.013245050 0.027565807 -0.609507263 -0.014000267 0.999526858 0.027386647 -0.316095829 -0.027190026 -0.027759764 0.999244750 -0.571612716
0.999514461 0.012819750 0.028399445 -0.614595413 -0.013599386 0.999531150 0.027431663 -0.327646732 -0.028034464 -0.027804557 0.999220192 -0.575863957
0.999500751 0.013137047 0.028734248 -0.619530380 -0.013974923 0.999477208 0.029155664 -0.339471936 -0.028336205 -0.029542666 0.999161780 -0.578584969
0.999521136 0.012201682 0.028435396 -0.625225306 -0.013157682 0.999346077 0.033679135 -0.350405365 -0.028005859 -0.034037150 0.999028087 -0.583458424
0.999527156 0.010415934 0.028929895 -0.631051838 -0.011509851 0.999214947 0.037907176 -0.359822541 -0.028512346 -0.038222231 0.998862386 -0.588291109
0.999522030 0.009724137 0.029345714 -0.636172414 -0.010901074 0.999131560 0.040216144 -0.368354708 -0.028929159 -0.040516820 0.998759985 -0.591775298
0.999535620 0.010040134 0.028769687 -0.642284036 -0.011147367 0.999193013 0.038587812 -0.372380048 -0.028359044 -0.038890596 0.998840988 -0.594620228
0.999547184 0.007633784 0.029106345 -0.648569226 -0.008719399 0.999264002 0.037355587 -0.373778701 -0.028799757 -0.037592463 0.998878062 -0.596788049
0.999642432 0.000762099 0.026728936 -0.652508795 -0.001796422 0.999249518 0.038694099 -0.377312899 -0.026679385 -0.038728282 0.998893559 -0.601651430
0.999713182 -0.007478332 0.022751052 -0.658980966 0.006463818 0.998995423 0.044343263 -0.374602914 -0.023059811 -0.044183485 0.998757243 -0.602864683
0.999621987 -0.016559198 0.021947408 -0.667246342 0.015492845 0.998732150 0.047896992 -0.368867040 -0.022712717 -0.047538858 0.998611152 -0.600019991
0.999560833 -0.022184834 0.019644946 -0.671977162 0.021147951 0.998448968 0.051502232 -0.378206998 -0.020757042 -0.051064167 0.998479664 -0.606281579
0.999527216 -0.024640072 0.018390965 -0.676212311 0.023612179 0.998253167 0.054157797 -0.383045048 -0.019693293 -0.053697940 0.998363018 -0.609100699
0.999464035 -0.024472922 0.021742230 -0.679122806 0.023286827 0.998310983 0.053225540 -0.390235484 -0.023008091 -0.052690707 0.998345792 -0.612387180
0.999448359 -0.023617687 0.023348097 -0.682657659 0.022305707 0.998240530 0.054939348 -0.403971225 -0.024604555 -0.054388244 0.998216689 -0.619311810
0.999450266 -0.022901699 0.023973437 -0.684195220 0.021488123 0.998105705 0.057647392 -0.414629668 -0.025248246 -0.057100557 0.998049140 -0.622916341
0.999398410 -0.022099439 0.026729062 -0.684817851 0.020498715 0.998062432 0.058746446 -0.426098436 -0.027975537 -0.058163192 0.997915030 -0.626415253
0.999407530 -0.019608859 0.028285231 -0.684076905 0.017830856 0.997929394 0.061797861 -0.442966402 -0.029438451 -0.061256897 0.997687817 -0.638463438
0.999408722 -0.018837437 0.028763397 -0.684027076 0.016941771 0.997755527 0.064783804 -0.455834180 -0.029919198 -0.064258195 0.997484684 -0.641799271
0.999374032 -0.014355649 0.032333564 -0.683060288 0.012097587 0.997544646 0.068980545 -0.468365997 -0.033244435 -0.068546206 0.997093916 -0.644444048
0.999355912 -0.013400887 0.033289205 -0.682363570 0.010935803 0.997260332 0.073159277 -0.481776565 -0.034178402 -0.072748110 0.996764541 -0.649474144
0.999367535 -0.009888094 0.034157667 -0.680965185 0.007255085 0.997053504 0.076365359 -0.495555431 -0.034812126 -0.076069243 0.996494651 -0.651292920
0.999304712 -0.005124727 0.036929570 -0.679216743 0.002252450 0.996997356 0.077402920 -0.509551406 -0.037215352 -0.077265918 0.996315718 -0.652140737
0.999278426 -0.001970272 0.037930146 -0.677644491 -0.001039945 0.996859848 0.079179235 -0.522342443 -0.037967041 -0.079161547 0.996138513 -0.654862761
0.999184787 0.004557007 0.040111553 -0.675740898 -0.007788939 0.996700704 0.080790140 -0.531477392 -0.039611053 -0.081036709 0.995923698 -0.653273106
0.999086857 0.009038704 0.041758988 -0.674033225 -0.012377381 0.996685982 0.080397792 -0.539244175 -0.040893909 -0.080841236 0.995887756 -0.650021434
0.998994887 0.013287324 0.042810172 -0.678082764 -0.016628390 0.996762991 0.078658015 -0.548189998 -0.041626438 -0.079290822 0.995982051 -0.650297523
0.998973012 0.015262554 0.042660564 -0.677258074 -0.018265614 0.997315109 0.070915140 -0.556784153 -0.041463681 -0.071621530 0.996569693 -0.646043599
0.999024272 0.014344325 0.041770253 -0.676865160 -0.016918810 0.997935951 0.061947986 -0.565938652 -0.040795434 -0.062594242 0.997204959 -0.641506016
0.999108493 0.015136245 0.039409876 -0.676894605 -0.017259037 0.998386681 0.054093666 -0.575374663 -0.038527519 -0.054725617 0.997757852 -0.637950599
0.999102116 0.016988458 0.038811516 -0.677307963 -0.018884184 0.998619676 0.049011759 -0.584810495 -0.037925307 -0.049700677 0.998043835 -0.633522093
0.999174893 0.015702173 0.037456639 -0.678106487 -0.017432183 0.998774707 0.046316694 -0.594404638 -0.036683470 -0.046931427 0.998224318 -0.629212379
0.999320090 0.013921733 0.034139879 -0.678390384 -0.015373201 0.998972714 0.042628095 -0.602158368 -0.033511348 -0.043123953 0.998507559 -0.626399636
0.999353170 0.013547754 0.033312351 -0.679522753 -0.014957573 0.998986900 0.042442769 -0.608876824 -0.032703601 -0.042913586 0.998543382 -0.622049570
0.999406815 0.012695518 0.032012522 -0.680828333 -0.014001024 0.999065459 0.040892296 -0.612888753 -0.031463459 -0.041316248 0.998650610 -0.617057920
0.999522686 0.011317224 0.028745495 -0.680706918 -0.012440627 0.999153614 0.039207660 -0.609841287 -0.028277446 -0.039546557 0.998817503 -0.612504661
0.999541998 0.012288277 0.027655579 -0.682266235 -0.013358521 0.999155641 0.038852956 -0.608402789 -0.027154792 -0.039204601 0.998862147 -0.605929315
0.999561727 0.012871711 0.026657907 -0.683922946 -0.013911040 0.999135494 0.039176378 -0.604095221 -0.026130592 -0.039530050 0.998876631 -0.598917425
0.999620914 0.012268351 0.024648516 -0.684945405 -0.013293173 0.999035358 0.041853130 -0.594827116 -0.024111269 -0.042164922 0.998819709 -0.592042625
0.999617696 0.013512294 0.024121219 -0.686621428 -0.014649584 0.998758435 0.047612265 -0.585030735 -0.023447921 -0.047947429 0.998574615 -0.584701598
0.999619722 0.013709911 0.023925995 -0.688473344 -0.015067714 0.998230398 0.057524670 -0.574763000 -0.023094999 -0.057863306 0.998057365 -0.577381432
0.999668598 0.013279175 0.022052674 -0.690146923 -0.014745431 0.997595727 0.067714944 -0.563504517 -0.021100456 -0.068017676 0.997460961 -0.569582760
0.999600947 0.016769890 0.022732062 -0.692133665 -0.018441368 0.996980309 0.075433545 -0.555089176 -0.021398405 -0.075822659 0.996891677 -0.562428892
0.999663711 0.014908061 0.021219667 -0.694574296 -0.016600575 0.996497393 0.081959225 -0.548390508 -0.019923490 -0.082283922 0.996409774 -0.555183053
0.999792099 0.010338461 0.017573381 -0.696934640 -0.011793669 0.996325672 0.084829688 -0.541233659 -0.016631803 -0.085019305 0.996240497 -0.543295145
0.999815285 0.009762991 0.016555855 -0.699255407 -0.011175882 0.996100426 0.087515742 -0.538519502 -0.015636878 -0.087684602 0.996025562 -0.535664320
0.999848604 0.008791314 0.015015562 -0.701659501 -0.010124887 0.995782971 0.091179714 -0.538424194 -0.014150652 -0.091317937 0.995721221 -0.527685344
0.999820471 0.012153827 0.014536822 -0.704009831 -0.013423743 0.995786369 0.090715751 -0.540516853 -0.013373025 -0.090894610 0.995770693 -0.517608523
0.999873102 0.009737356 0.012609637 -0.706400275 -0.010884233 0.995481253 0.094332293 -0.545611978 -0.011634110 -0.094457567 0.995460927 -0.508567512
0.999891937 0.009427224 0.011279663 -0.708742797 -0.010494770 0.995065153 0.098667182 -0.552784085 -0.010293841 -0.098774903 0.995056570 -0.499031395
0.999911129 0.009168806 0.009678904 -0.710899770 -0.010122141 0.994573355 0.103543967 -0.561421335 -0.008677006 -0.103632733 0.994577765 -0.487113208
0.999946654 0.007741044 0.006835775 -0.713523507 -0.008422468 0.994325638 0.106045075 -0.573273838 -0.005976087 -0.106096990 0.994337857 -0.476099581
0.999953032 0.008606094 0.004452071 -0.716045499 -0.009044337 0.993869185 0.110191666 -0.586954772 -0.003476456 -0.110226758 0.993900359 -0.464154154
0.999921441 0.012090000 0.003303700 -0.718959212 -0.012375231 0.994122505 0.107551277 -0.603955805 -0.001983987 -0.107583717 0.994194031 -0.446653873
0.999920964 0.012547054 0.000832773 -0.721257508 -0.012566474 0.994686902 0.102176577 -0.620400250 0.000453667 -0.102178961 0.994765937 -0.432775170
0.999923885 0.012258703 -0.001390937 -0.723319232 -0.012064848 0.995167911 0.097443618 -0.637219071 0.002578748 -0.097419418 0.995240092 -0.417914063
0.999871373 0.015985079 -0.001319610 -0.725628078 -0.015790652 0.995459199 0.093870066 -0.653610289 0.002814138 -0.093837149 0.995583594 -0.399908245
0.999770820 0.021340612 -0.001709901 -0.727251470 -0.021101892 0.995760679 0.089528792 -0.670351148 0.003613252 -0.089472182 0.995982766 -0.382789552
0.999689519 0.024871025 -0.001500044 -0.728957355 -0.024646547 0.995909572 0.086928889 -0.686688006 0.003655918 -0.086864933 0.996213377 -0.364632130
0.999680400 0.025186727 -0.002176012 -0.732388318 -0.024919206 0.996235549 0.083028540 -0.702199638 0.004259038 -0.082947776 0.996544778 -0.343813360
0.999620795 0.027437557 -0.002334179 -0.734991789 -0.027161244 0.996393204 0.080392219 -0.714338839 0.004531526 -0.080298342 0.996760547 -0.322882056
0.999598086 0.028236451 -0.002512238 -0.737823308 -0.027962884 0.996697068 0.076243274 -0.722269118 0.004656780 -0.076142378 0.997086108 -0.300171018
0.999509871 0.031273976 -0.001378463 -0.744746745 -0.031081200 0.996670961 0.075372100 -0.740869522 0.003731059 -0.075292319 0.997154534 -0.270148307
0.999480605 0.032218222 -0.000752128 -0.748193800 -0.032090571 0.997123480 0.068665415 -0.738728285 0.002962243 -0.068605617 0.997639477 -0.243595719
0.999512315 0.031225888 -0.000349918 -0.752021313 -0.031144613 0.997603238 0.061788574 -0.732351601 0.002278482 -0.061747544 0.998089194 -0.215735659
0.999500811 0.031550705 0.001628201 -0.756902814 -0.031592473 0.997974575 0.055214316 -0.724629164 0.000117147 -0.055238195 0.998473227 -0.185325652
0.999477744 0.032014180 0.004401092 -0.761027873 -0.032194879 0.998221397 0.050174743 -0.711507320 -0.002786961 -0.050290227 0.998730779 -0.156410888
0.999491751 0.030981828 0.007504058 -0.765553594 -0.031306077 0.998364151 0.047843385 -0.697830617 -0.006009507 -0.048053991 0.998826683 -0.127680346
0.999473453 0.030500295 0.011071310 -0.771098375 -0.030981546 0.998448431 0.046269350 -0.690259516 -0.009642904 -0.046587996 0.998867631 -0.098680630
0.999495208 0.028371256 0.014297945 -0.776901782 -0.028974041 0.998616517 0.043881286 -0.682714403 -0.013033196 -0.044273403 0.998934448 -0.072120391
0.999468565 0.027369138 0.017707426 -0.783358693 -0.028165907 0.998524308 0.046431910 -0.679145098 -0.016410492 -0.046905983 0.998764515 -0.046953544
0.999289811 0.029732421 0.023148412 -0.791620731 -0.030785501 0.998441458 0.046549801 -0.683867276 -0.021728298 -0.047229376 0.998647690 -0.021039223
0.999219477 0.029220024 0.026582172 -0.799321473 -0.030457335 0.998411596 0.047398359 -0.687392533 -0.025154969 -0.048170984 0.998522282 0.002398265
0.999175489 0.028048422 0.029354397 -0.807628870 -0.029356610 0.998549819 0.045126367 -0.693176270 -0.028046105 -0.045950908 0.998549938 0.025223901
0.999181092 0.024800360 0.031969287 -0.816392124 -0.026294500 0.998539507 0.047196139 -0.700628996 -0.030752115 -0.047998104 0.998373926 0.047660615
0.999156535 0.023061579 0.033976890 -0.825718760 -0.024567051 0.998703778 0.044578575 -0.705253601 -0.032904796 -0.045375682 0.998427927 0.070201904
0.999085784 0.022547496 0.036320526 -0.835351527 -0.024118135 0.998766482 0.043402527 -0.707138836 -0.035297107 -0.044238832 0.998397231 0.092473313
0.999029458 0.021801282 0.038273372 -0.845672548 -0.023412190 0.998836577 0.042158578 -0.709022701 -0.037309736 -0.043013725 0.998377562 0.115575410
0.998891711 0.023834804 0.040586308 -0.856188297 -0.025444264 0.998891115 0.039611630 -0.706120729 -0.039597169 -0.040600419 0.998390555 0.138149157
0.998869598 0.023202190 0.041487142 -0.867349923 -0.024691520 0.999055564 0.035754066 -0.700905442 -0.040618390 -0.036738027 0.998499095 0.160551444
0.998805463 0.023651548 0.042758334 -0.879664183 -0.025113288 0.999107003 0.033978432 -0.694857538 -0.041916508 -0.035011649 0.998507500 0.189561427
0.998691916 0.020898916 0.046666089 -0.891055286 -0.022496283 0.999169588 0.033971041 -0.684296548 -0.045917381 -0.034976415 0.998332739 0.213439405
0.998542786 0.015774202 0.051609047 -0.902777851 -0.017390549 0.999367416 0.031021392 -0.671842933 -0.051087059 -0.031873696 0.998185456 0.237946093
0.998216689 0.009129180 0.058992062 -0.914856613 -0.010913596 0.999490380 0.029997379 -0.658524513 -0.058688145 -0.030587699 0.997807622 0.263642043
0.997721195 -0.002467307 0.067426383 -0.926834166 0.000407506 0.999533296 0.030545566 -0.642265081 -0.067470282 -0.030448481 0.997256577 0.288239390
0.996849656 -0.013049444 0.078233488 -0.938737810 0.010873340 0.999543786 0.028177267 -0.625525713 -0.078565501 -0.027237838 0.996536791 0.312576443
0.995539308 -0.025361085 0.090875357 -0.950532019 0.022927692 0.999352694 0.027722046 -0.610002279 -0.091519594 -0.025514822 0.995476365 0.340540767
0.993912458 -0.036937613 0.103796013 -0.961922407 0.033670131 0.998886108 0.033058163 -0.594305634 -0.104901485 -0.029362096 0.994049072 0.361929029
0.991928577 -0.049099933 0.116905637 -0.972689927 0.044905450 0.998258770 0.038248271 -0.578605354 -0.118580066 -0.032689855 0.992406249 0.382090896
0.989399493 -0.057892878 0.133180514 -0.984984279 0.052620877 0.997698128 0.042773128 -0.558216512 -0.135350212 -0.035311639 0.990168393 0.411978424
0.986684561 -0.067602105 0.147930875 -0.994281530 0.061056200 0.996962249 0.048357312 -0.544959247 -0.150750563 -0.038681317 0.987814784 0.428345025
0.984439671 -0.073055878 0.159816563 -1.003002644 0.065832749 0.996575117 0.050040491 -0.535053670 -0.162924975 -0.038740680 0.985877573 0.443216711
0.982035458 -0.078477159 0.171603352 -1.011779070 0.069983095 0.996030331 0.055009138 -0.524216890 -0.175239086 -0.042011593 0.983629167 0.462945342
0.980266869 -0.079060152 0.181180581 -1.019357085 0.069514409 0.995866895 0.058453947 -0.520031750 -0.185053125 -0.044705808 0.981711149 0.475243360
0.978970230 -0.077349670 0.188770562 -1.026409388 0.066705190 0.995837450 0.062114079 -0.519042015 -0.192789316 -0.048215862 0.980054855 0.487022698
0.977523685 -0.076845855 0.196321502 -1.033162475 0.065514043 0.995823622 0.063586459 -0.515795708 -0.200387940 -0.049295459 0.978475690 0.504852951
0.976502955 -0.075549856 0.201827198 -1.039155126 0.063883960 0.995921493 0.063712142 -0.517931521 -0.205817491 -0.049321573 0.977346659 0.516937494
0.975834906 -0.078781784 0.203812882 -1.045024991 0.066619813 0.995601714 0.065870926 -0.520272672 -0.208105877 -0.050701171 0.976791322 0.528955936
0.975040495 -0.077796556 0.207951143 -1.051811457 0.064616896 0.995490670 0.069447353 -0.517326951 -0.212416187 -0.054276824 0.975670755 0.554897845
0.974072516 -0.079996675 0.211620450 -1.056717873 0.066097051 0.995214224 0.071970910 -0.519162714 -0.216365129 -0.056117401 0.974698424 0.568229616
0.972366750 -0.081954464 0.218600988 -1.060674429 0.067636222 0.995093524 0.072209805 -0.522369564 -0.223446339 -0.055429071 0.973138928 0.581680775
0.969518602 -0.091341950 0.227354974 -1.063665390 0.076187633 0.994300425 0.074579462 -0.522264540 -0.232871383 -0.054984540 0.970951915 0.595535815
0.966025591 -0.100250661 0.238210872 -1.066165090 0.083949417 0.993440390 0.077644564 -0.527046144 -0.244432226 -0.055008970 0.968104780 0.609882236
0.960942507 -0.112871945 0.252684563 -1.067663193 0.095900342 0.992287278 0.078543298 -0.533022761 -0.259601027 -0.051243059 0.964355469 0.624197841
0.954571605 -0.125734329 0.270155460 -1.067439795 0.106953830 0.990776002 0.083209410 -0.537746072 -0.278125852 -0.050535172 0.959214389 0.637716472
0.946951330 -0.138974935 0.289774388 -1.066331625 0.118731856 0.989160538 0.086395599 -0.543960214 -0.298640221 -0.047406979 0.953187585 0.651466131
0.937935829 -0.150580183 0.312413216 -1.063642383 0.129357114 0.987711549 0.087707914 -0.551178157 -0.321781218 -0.041851528 0.945888638 0.664940953
0.927279115 -0.159354478 0.338761806 -1.059164166 0.136765450 0.986533403 0.089705393 -0.556667984 -0.348494768 -0.036851037 0.936586022 0.680683613
