1.000000000 0.000000000 0.000000000 0.000000000 0.000000000 1.000000000 0.000000000 0.000000060 0.000000000 0.000000000 1.000000000 0.000000149
0.999988019 0.001123534 0.004764170 0.001974561 -0.001140703 0.999992847 0.003602579 -0.001773267 -0.004760088 -0.003607970 0.999982178 -0.001256229
0.999974430 -0.000255584 0.007143106 0.004373319 0.000210594 0.999980152 0.006298494 -0.004633875 -0.007144574 -0.006296829 0.999954641 -0.003016978
0.999940872 -0.000180634 0.010875010 0.007869643 0.000081977 0.999958873 0.009071711 -0.009151299 -0.010876200 -0.009070283 0.999899685 -0.005144294
0.999866903 -0.000955492 0.016287077 0.012152938 0.000777564 0.999939978 0.010927364 -0.015064321 -0.016296539 -0.010913245 0.999807656 -0.007182105
0.999776006 -0.001793399 0.021087235 0.016894344 0.001532269 0.999922037 0.012392954 -0.022334473 -0.021107817 -0.012357867 0.999700844 -0.009633708
0.999648690 -0.001710000 0.026449738 0.022002459 0.001347803 0.999905169 0.013705541 -0.030493544 -0.026470667 -0.013665077 0.999556184 -0.012019034
0.999507785 -0.001191906 0.031348493 0.027300294 0.000682383 0.999867558 0.016259179 -0.038931880 -0.031363722 -0.016229786 0.999376237 -0.014646046
0.999373019 0.000367629 0.035403397 0.032744352 -0.001114110 0.999777436 0.021067597 -0.047263045 -0.035387773 -0.021093830 0.999150991 -0.017747780
0.999249518 0.001237083 0.038715176 0.038036518 -0.002302835 0.999619246 0.027495567 -0.054730322 -0.038666420 -0.027564086 0.998871922 -0.020729542
0.999163687 0.000098434 0.040888444 0.042881750 -0.001467369 0.999439299 0.033451103 -0.061920106 -0.040862225 -0.033483125 0.998603582 -0.023591610
0.998940408 -0.000353231 0.046020966 0.047250345 -0.001391291 0.999281704 0.037869569 -0.070068710 -0.046001289 -0.037893470 0.998222411 -0.026305186
0.998626113 -0.002119849 0.052358739 0.051065981 0.000174282 0.999310255 0.037135061 -0.080023840 -0.052401341 -0.037074912 0.997937620 -0.028909963
0.998200655 0.002890741 0.059892155 0.054234810 -0.004908771 0.999424160 0.033574715 -0.091887698 -0.059760608 -0.033808298 0.997640073 -0.032587361
0.997818530 0.004656731 0.065852344 0.056590565 -0.006654028 0.999523461 0.030143201 -0.106353253 -0.065680593 -0.030515626 0.997373998 -0.036664207
0.997529984 0.004653202 0.070087768 0.058547441 -0.006874744 0.999480486 0.031488784 -0.123052433 -0.069904827 -0.031892844 0.997043729 -0.040878266
0.997221112 0.005245560 0.074313946 0.060425345 -0.008088942 0.999244511 0.038012601 -0.141911492 -0.074058406 -0.038508087 0.996510148 -0.045357034
0.996753812 0.007497156 0.080160297 0.062275868 -0.011103518 0.998941481 0.044638731 -0.162223592 -0.079740785 -0.045383886 0.995781958 -0.049526457
0.995905995 0.011778126 0.089624614 0.064008698 -0.015950941 0.998814702 0.045985941 -0.184027284 -0.088976756 -0.047227267 0.994913399 -0.053196203
0.994872510 0.016812056 0.099730060 0.065360308 -0.021070767 0.998903632 0.041803859 -0.206608772 -0.098917916 -0.043690898 0.994135976 -0.056850128
0.994153857 0.018624343 0.106354304 0.065546222 -0.022141624 0.999243021 0.031986810 -0.229668185 -0.105678059 -0.034154668 0.993813694 -0.060533244
0.993216097 0.024200657 0.113737270 0.065810159 -0.026626075 0.999448299 0.019854005 -0.252897292 -0.113194034 -0.022747695 0.993312478 -0.064264402
0.992260695 0.029723926 0.120561868 0.066404536 -0.031076526 0.999473214 0.009354118 -0.275537074 -0.120220318 -0.013028368 0.992661715 -0.068192981
0.991084933 0.037714534 0.127782315 0.066455595 -0.038157739 0.999271214 0.001021340 -0.296524107 -0.127650678 -0.005888119 0.991801739 -0.072464399
0.990410268 0.041698080 0.131714627 0.065575525 -0.041531514 0.999129117 -0.004012691 -0.316104800 -0.131767258 -0.001496098 0.991279542 -0.077389546
0.990013719 0.042605285 0.134378567 0.064480968 -0.041996803 0.999090612 -0.007360767 -0.333670437 -0.134569988 0.001643790 0.990902722 -0.082473427
0.989518642 0.043112073 0.137819275 0.064603470 -0.042395931 0.999067843 -0.008128917 -0.346883416 -0.138041243 0.002200739 0.990424037 -0.086582601
0.988960922 0.042646896 0.141906619 0.065806173 -0.042225000 0.999090195 -0.005984367 -0.355572343 -0.142032743 -0.000073701 0.989861965 -0.089482605
0.988648117 0.038262226 0.145295754 0.068000458 -0.038482092 0.999258459 -0.001298069 -0.356481165 -0.145237669 -0.004307951 0.989387393 -0.089808419
0.988636732 0.034681842 0.146268696 0.071441464 -0.035818592 0.999345064 0.005144315 -0.350012124 -0.145994484 -0.010324998 0.989231527 -0.087975897
0.988790512 0.030893341 0.146078289 0.074147835 -0.033245325 0.999353528 0.013686453 -0.335022330 -0.145561039 -0.018389456 0.989178360 -0.084160410
0.989557326 0.023180362 0.142263919 0.077428058 -0.027030822 0.999317110 0.025192723 -0.313637882 -0.141582787 -0.028775152 0.989508092 -0.078560412
0.990071118 0.015574732 0.139701903 0.079261608 -0.021504775 0.998926103 0.041039173 -0.287791520 -0.138912708 -0.043635953 0.989342809 -0.072655596
0.990137517 0.009005792 0.139809147 0.081179567 -0.017739443 0.997958779 0.061348479 -0.259593457 -0.138971284 -0.063223571 0.988276184 -0.066771649
0.990112066 0.000841100 0.140276283 0.082782991 -0.012778929 0.996364951 0.084223300 -0.230713412 -0.139695525 -0.085183084 0.986523688 -0.061072882
0.990050375 -0.006491082 0.140563533 0.084586985 -0.008778339 0.994140565 0.107738085 -0.202125549 -0.140439257 -0.107900046 0.984192252 -0.055975150
0.990219891 -0.015255743 0.138678774 0.086006060 -0.003083340 0.991367757 0.131074384 -0.175291538 -0.139481291 -0.130220070 0.981625021 -0.051261965
0.990739524 -0.022594983 0.133883059 0.086751066 0.002131384 0.988522708 0.151057258 -0.151569575 -0.135759592 -0.149373040 0.979416668 -0.047139086
0.990942180 -0.027641319 0.131413564 0.087950759 0.005258215 0.985823035 0.167706117 -0.131147310 -0.134186134 -0.165496066 0.977038980 -0.044143818
0.991592169 -0.030388292 0.125783622 0.088250898 0.007615782 0.984054863 0.177701950 -0.114465088 -0.129178047 -0.175249934 0.976012528 -0.042817269
0.992142916 -0.030675400 0.121290639 0.089010648 0.007951598 0.982976377 0.183559716 -0.102868482 -0.124856606 -0.181153029 0.975497007 -0.041637622
0.992365777 -0.024148479 0.120941974 0.089451171 0.001445105 0.982852340 0.184388563 -0.095318086 -0.123320810 -0.182806119 0.975383997 -0.041960467
0.992563009 -0.015288265 0.120768167 0.089928247 -0.007167031 0.983022213 0.183346614 -0.093685411 -0.121520840 -0.182848617 0.975601912 -0.043526936
0.992715955 -0.007248817 0.120260283 0.090038389 -0.014921995 0.983104706 0.182434723 -0.098963626 -0.119550884 -0.182900384 0.975835562 -0.046536282
0.992995024 -0.001260396 0.118149266 0.089937970 -0.020367974 0.983148158 0.181672350 -0.110857360 -0.116387218 -0.182806209 0.976235569 -0.050638575
0.993350565 0.003405469 0.115078673 0.089446776 -0.024217047 0.983379602 0.179939076 -0.128808007 -0.112553239 -0.181529447 0.976923168 -0.056138378
0.993446171 0.007840881 0.114031546 0.089073986 -0.027725158 0.984380782 0.173855782 -0.152189896 -0.110887282 -0.175877899 0.978146732 -0.062390879
0.993512571 0.009810812 0.113298580 0.088611685 -0.028284516 0.986283064 0.162621498 -0.179242879 -0.110149026 -0.164771080 0.980162084 -0.068769529
0.993409514 0.011912029 0.113998264 0.088171825 -0.028620180 0.988859534 0.146074474 -0.208802521 -0.110988230 -0.148374438 0.982683420 -0.075225227
0.993257403 0.014164709 0.115061499 0.088621832 -0.028645657 0.991718531 0.125194862 -0.238706544 -0.112335272 -0.127646729 0.985437512 -0.080755070
0.993139207 0.018389460 0.115483046 0.088852778 -0.030218769 0.994373024 0.101534076 -0.269755960 -0.112966061 -0.104327224 0.988106549 -0.086930677
0.993051767 0.022112325 0.115582228 0.088646114 -0.031110384 0.996573746 0.076635160 -0.300523967 -0.113491625 -0.079698481 0.990337193 -0.093795776
0.993176639 0.022310860 0.114465646 0.088470526 -0.028586034 0.998159885 0.053476106 -0.332841635 -0.113061912 -0.056383338 0.991986871 -0.102277890
0.993031085 0.023074092 0.115571782 0.089005671 -0.026965158 0.999117017 0.032218274 -0.359957635 -0.114726335 -0.035110157 0.992776513 -0.108217418
0.992926240 0.020698339 0.116914950 0.089504153 -0.022484537 0.999649465 0.013979421 -0.382795423 -0.116584621 -0.016509313 0.993043542 -0.113025308
0.992643356 0.021603048 0.119132362 0.091018498 -0.021675564 0.999764800 -0.000687167 -0.398935020 -0.119119190 -0.001900149 0.992878139 -0.115625635
0.992268562 0.021597849 0.122215658 0.086668082 -0.020408330 0.999731481 -0.010976545 -0.412232935 -0.122419909 0.008397463 0.992442846 -0.126769438
0.991763890 0.022638533 0.126062885 0.088289350 -0.021103449 0.999686182 -0.013499519 -0.411991686 -0.126328930 0.010727974 0.991930425 -0.125343069
0.991728544 0.021968575 0.126458883 0.089810871 -0.021046622 0.999741316 -0.008622228 -0.403646052 -0.126615584 0.005889378 0.991934359 -0.122144036
0.991993248 0.019537752 0.124770269 0.091087736 -0.019864021 0.999801755 0.001371290 -0.388046920 -0.124718741 -0.003838750 0.992184699 -0.117258683
0.992232025 0.018408835 0.123031341 0.091731019 -0.020187460 0.999708712 0.013225670 -0.366870880 -0.122752033 -0.015606624 0.992314637 -0.111421876
0.992425323 0.018559899 0.121439122 0.092434324 -0.021797866 0.999439955 0.025389247 -0.342244148 -0.120899893 -0.027844045 0.992274106 -0.104809739
0.992437482 0.019973991 0.121115334 0.092990622 -0.024633804 0.999007881 0.037099630 -0.314994931 -0.120254152 -0.039802596 0.991944909 -0.097543605
0.992905736 0.018080972 0.117521331 0.093111046 -0.023993485 0.998506069 0.049091574 -0.287525415 -0.116458133 -0.051563051 0.991856217 -0.091576211
0.993454158 0.015109025 0.113227934 0.092054687 -0.022565961 0.997638643 0.064868264 -0.258945525 -0.111980468 -0.066998743 0.991449237 -0.084904566
0.993908644 0.009111971 0.109829985 0.092199795 -0.018547416 0.996191502 0.085196845 -0.229828909 -0.108635388 -0.086714946 0.990292311 -0.077456281
0.994329691 0.003124536 0.106295109 0.090489402 -0.014518249 0.994197547 0.106585532 -0.201459616 -0.105345309 -0.107524380 0.988605499 -0.071409665
0.994625628 -0.003760205 0.103468560 0.088474840 -0.009312380 0.992040992 0.125570610 -0.174846873 -0.103117220 -0.125859275 0.986674368 -0.066056013
0.994756281 -0.008787839 0.101895511 0.086728618 -0.005580669 0.990153313 0.139875770 -0.149978757 -0.102121383 -0.139710933 0.984912217 -0.060757983
0.995100856 -0.014283505 0.097827703 0.084767073 -0.000556642 0.988683343 0.150016606 -0.129257947 -0.098863378 -0.149336100 0.983831644 -0.056335960
0.995397925 -0.012583171 0.094998240 0.084009998 -0.002557118 0.987500548 0.157594919 -0.113055713 -0.095793858 -0.157112569 0.982923806 -0.053502582
0.995321274 -0.005507492 0.096463352 0.084316418 -0.010505095 0.986287057 0.164704129 -0.102204673 -0.096047670 -0.164946899 0.981614649 -0.051744070
0.995263875 -0.001072928 0.097204551 0.084872775 -0.015773389 0.984905481 0.172372758 -0.100222506 -0.095922247 -0.173089623 0.980223894 -0.051872130
0.995265782 0.003811417 0.097115725 0.084956199 -0.021349009 0.983399153 0.180195287 -0.105306238 -0.094816715 -0.181415543 0.978824914 -0.054090206
0.995409250 0.004633603 0.095597833 0.084536314 -0.022293929 0.982577860 0.184509501 -0.119028427 -0.093077376 -0.185793713 0.978170395 -0.058441643
0.995518088 0.005168053 0.094430059 0.084143683 -0.022470757 0.982836366 0.183105871 -0.139623493 -0.091862991 -0.184407130 0.978547513 -0.064122029
0.995251179 0.007938356 0.097015746 0.083777606 -0.025061063 0.983967304 0.176579252 -0.164714336 -0.094058581 -0.178172037 0.979493618 -0.070481561
0.994396925 0.011556106 0.105077185 0.084278516 -0.029029327 0.985644400 0.166320249 -0.193419784 -0.101646729 -0.168438658 0.980457246 -0.076331347
0.992846906 0.019930530 0.117719293 0.085982941 -0.037960343 0.987501681 0.152968794 -0.224490076 -0.113199249 -0.156343251 0.981194556 -0.081717700
0.991558433 0.024534434 0.127318099 0.087069519 -0.042176455 0.989564300 0.137781069 -0.256854743 -0.122609064 -0.141987815 0.982245624 -0.087914906
0.990520060 0.028962014 0.134280354 0.086891852 -0.045658365 0.991358280 0.122979969 -0.290833384 -0.129558206 -0.127945155 0.983282626 -0.094600812
0.990591884 0.020480648 0.135308012 0.086009093 -0.035770383 0.993114352 0.111554556 -0.326333553 -0.132091627 -0.115345053 0.984503567 -0.102771968
0.990154266 0.017165592 0.138923988 0.085258819 -0.031923499 0.993990302 0.104710206 -0.360150397 -0.136291668 -0.108114198 0.984751701 -0.109973259
0.989859819 0.007604511 0.141844064 0.084068663 -0.021822505 0.994852841 0.098952703 -0.392947435 -0.140361488 -0.101044692 0.984930754 -0.117481932
0.989616930 0.001671942 0.143720478 0.082953744 -0.015088148 0.995615959 0.092310280 -0.423219681 -0.142936051 -0.093520284 0.985303640 -0.125319421
0.989707828 -0.005854067 0.142983109 0.081616163 -0.006124154 0.996514857 0.083190165 -0.448675483 -0.142971784 -0.083209611 0.986222684 -0.132720977
0.990038514 -0.006135948 0.140663013 0.080403455 -0.004061744 0.997389436 0.072095811 -0.465806782 -0.140738174 -0.071948960 0.987429023 -0.138757572
0.989922106 0.001049397 0.141608939 0.080799401 -0.009720580 0.998117507 0.060555473 -0.473533362 -0.141278818 -0.061321720 0.988068819 -0.142248064
0.989263117 0.011297137 0.145708308 0.082511365 -0.018885374 0.998530269 0.050800595 -0.472863644 -0.144920245 -0.053006914 0.988022447 -0.142056242
0.988551676 0.022189450 0.149242222 0.084323026 -0.029026281 0.998619020 0.043789029 -0.463210821 -0.148064464 -0.047619663 0.987830579 -0.139173135
0.987853110 0.029955948 0.152475864 0.084970951 -0.036875684 0.998404682 0.042758249 -0.448077172 -0.150951743 -0.047861516 0.987381816 -0.134843707
0.987502277 0.034692861 0.153739080 0.085544534 -0.042031288 0.998113990 0.044741806 -0.425190419 -0.151896909 -0.050644483 0.987097979 -0.128169060
0.986581922 0.041631147 0.157870144 0.086673185 -0.049723454 0.997625291 0.047659259 -0.397692531 -0.155511141 -0.054869611 0.986309111 -0.120081127
0.985985398 0.043737739 0.160996109 0.087504059 -0.052563600 0.997315764 0.050973974 -0.367261201 -0.158334464 -0.058722131 0.985637844 -0.111502625
0.984687150 0.046495873 0.168015823 0.089007892 -0.056469884 0.996883869 0.055079252 -0.335894763 -0.164931312 -0.063723668 0.984244347 -0.101899855
0.984172881 0.044395033 0.171559960 0.090075359 -0.055521581 0.996616244 0.060608692 -0.303370297 -0.168288708 -0.069174714 0.983307540 -0.093008861
0.984309137 0.035959389 0.172749549 0.091077134 -0.048931736 0.996244609 0.071430616 -0.269583941 -0.169532210 -0.078762747 0.982372284 -0.084357373
0.986147583 0.024646295 0.164029002 0.091251343 -0.038931668 0.995666564 0.084453858 -0.236161664 -0.161236703 -0.089669891 0.982833683 -0.076739870
0.987615168 0.013745500 0.156292349 0.091660418 -0.029655362 0.994552970 0.099924646 -0.203906566 -0.154067516 -0.103322007 0.982643247 -0.070922717
0.989001274 -0.000728513 0.147905201 0.093374297 -0.016721729 0.993025839 0.116704792 -0.173561931 -0.146958709 -0.117894426 0.982091665 -0.064615443
0.989924490 -0.010268406 0.141223356 0.093458995 -0.008515800 0.991244197 0.131766438 -0.147305891 -0.141339853 -0.131641448 0.981169462 -0.059971008
0.990147889 -0.019576674 0.138650432 0.093990609 -0.000915570 0.989252388 0.146215335 -0.125790745 -0.140022680 -0.144901738 0.979488194 -0.055681415
0.990335882 -0.024003956 0.136596799 0.094617873 0.001719697 0.986958027 0.160968781 -0.110770121 -0.138679177 -0.159178257 0.977461159 -0.053222865
0.990405679 -0.025254397 0.135863259 0.095061325 0.001321454 0.984845161 0.173430964 -0.103414960 -0.138184175 -0.171587482 0.975429595 -0.053338069
0.990739226 -0.025320426 0.133396432 0.095294043 0.000588308 0.983249366 0.182264477 -0.105151027 -0.135776982 -0.180498093 0.974158645 -0.055683073
0.991335392 -0.025495231 0.128857121 0.095449582 0.000947364 0.982345164 0.187075153 -0.115896396 -0.131351694 -0.185332134 0.973857641 -0.060078606
0.991764367 -0.023285531 0.125941396 0.095375858 -0.000604046 0.982472241 0.186407819 -0.135409877 -0.128074527 -0.184948698 0.974366903 -0.066225715
0.992230773 -0.020199664 0.122760355 0.094352834 -0.002310989 0.983568490 0.180520698 -0.160832569 -0.124389678 -0.179401889 0.975880206 -0.074318551
0.992088497 -0.007170429 0.125335738 0.097425289 -0.014574710 0.985038102 0.171719179 -0.187531248 -0.124691777 -0.172187343 0.977140486 -0.076999389
0.991364181 0.001469125 0.131129518 0.097048841 -0.022989523 0.986398816 0.162753969 -0.221309155 -0.129106894 -0.164363056 0.977914214 -0.085673846
0.990454257 0.007653591 0.137629092 0.096459657 -0.029025692 0.987650454 0.153961256 -0.256905764 -0.134751081 -0.156486377 0.978444755 -0.094030209
0.989887953 0.010475667 0.141464218 0.095098622 -0.031501196 0.988601983 0.147220194 -0.291410178 -0.138309583 -0.150187790 0.978935182 -0.102101818
0.990043163 0.010634788 0.140361771 0.092807546 -0.030806251 0.989339352 0.142332926 -0.324875981 -0.137351736 -0.145239756 0.979816258 -0.110125996
0.990183413 0.009339937 0.139461756 0.090427659 -0.028630592 0.990161955 0.136965767 -0.356115967 -0.136810482 -0.139614090 0.980709314 -0.117989376
0.990068436 0.006874889 0.140417889 0.088330306 -0.024954453 0.991536856 0.127404809 -0.385047138 -0.138353601 -0.129643530 0.981860876 -0.124077834
0.989598453 0.003393104 0.143817335 0.086141407 -0.019632962 0.993553400 0.111652173 -0.412391663 -0.142511368 -0.113314383 0.983285487 -0.129918441
0.989144027 -0.001715130 0.146939099 0.084725298 -0.011697819 0.995839596 0.090369582 -0.435723573 -0.146482766 -0.091107398 0.985008776 -0.134622186
0.989396155 -0.009335678 0.144941762 0.081168793 -0.000572274 0.997673810 0.068166465 -0.455108583 -0.145240977 -0.067526579 0.987089276 -0.138032094
0.989060640 -0.009277292 0.147217557 0.079912610 0.002071066 0.998795271 0.049027473 -0.466119111 -0.147495046 -0.048186243 0.987888277 -0.138994217
0.988727152 -0.004828476 0.149650723 0.079559483 -0.000465446 0.999375939 0.035319991 -0.468625367 -0.149727881 -0.034991488 0.988107860 -0.138368994
0.988181174 0.005364059 0.153196484 0.080552801 -0.010078345 0.999498725 0.030012846 -0.462327987 -0.152958691 -0.031202096 0.987739861 -0.136084452
0.987579167 0.014575631 0.156444713 0.081664436 -0.019836649 0.999287128 0.032120101 -0.448082954 -0.155865029 -0.034824483 0.987164319 -0.131823197
0.987492800 0.018920878 0.156524524 0.082159661 -0.025383724 0.998901308 0.039394181 -0.427578300 -0.155607179 -0.042874645 0.986888111 -0.126785293
0.987455726 0.020071967 0.156615317 0.082925960 -0.027999522 0.998426914 0.048576970 -0.402366608 -0.155393898 -0.052352760 0.986464381 -0.119235419
0.987156749 0.019055206 0.158614188 0.083484851 -0.028578483 0.997908771 0.057977699 -0.374748081 -0.157177716 -0.061766028 0.985636890 -0.110914104
0.986340344 0.020733722 0.163410127 0.085456491 -0.032315392 0.997124970 0.068538368 -0.345478445 -0.161519259 -0.072882816 0.984174609 -0.102055646
0.985177577 0.021872571 0.170137241 0.088497348 -0.035885140 0.996170640 0.079726383 -0.315665334 -0.167741910 -0.084650040 0.982189894 -0.091799207
0.985023260 0.021467151 0.171079814 0.089812912 -0.037738994 0.995003223 0.092435822 -0.285655767 -0.168240637 -0.097507820 0.980911493 -0.082986198
0.984989822 0.017394166 0.171733856 0.091499642 -0.035901051 0.993797004 0.105255328 -0.256433696 -0.168837756 -0.109840848 0.979504347 -0.074624531
0.986169875 0.000857409 0.165735587 0.091926850 -0.020401621 0.993009508 0.116257772 -0.229613036 -0.164477333 -0.118031189 0.979293525 -0.066343397
0.987643123 -0.016180025 0.155882344 0.092042208 -0.003447091 0.992172897 0.124824159 -0.205495283 -0.156681880 -0.123819061 0.979856968 -0.059257112
0.988799334 -0.032490596 0.145671830 0.091992751 0.013291277 0.991308868 0.130881935 -0.184387654 -0.148658201 -0.127479792 0.980637372 -0.053825032
0.989384651 -0.041466497 0.139278486 0.092438132 0.022689262 0.990749538 0.133793116 -0.166350573 -0.143538013 -0.129212737 0.981173217 -0.049140360
0.989167869 -0.044808578 0.139782563 0.092786737 0.025843788 0.990556300 0.134648964 -0.152074695 -0.144495919 -0.129577920 0.980984449 -0.045176201
0.989139795 -0.041494362 0.140998855 0.093274578 0.021946810 0.990263939 0.137461454 -0.140934393 -0.145329967 -0.132874131 0.980420172 -0.042071756
0.989118934 -0.035405178 0.142794222 0.093800694 0.014543891 0.989387631 0.144570336 -0.134810716 -0.146397382 -0.140920475 0.979137003 -0.039186008
0.988900185 -0.027184214 0.146073237 0.093993969 0.004239169 0.987882435 0.155146122 -0.134196758 -0.148520723 -0.152804792 0.977032423 -0.039080549
0.989096820 -0.020429127 0.145842895 0.093574800 -0.004293148 0.985910535 0.167218521 -0.141075179 -0.147204176 -0.166021422 0.975073218 -0.041293617
0.989389896 -0.017136510 0.144270465 0.092099525 -0.008624039 0.984341085 0.176063135 -0.154790729 -0.145028457 -0.175439283 0.973749340 -0.045182366
0.990093172 -0.016718196 0.139413178 0.088959932 -0.008592213 0.983811975 0.178997800 -0.174819976 -0.140148878 -0.178422377 0.973921835 -0.051433325
0.990783095 -0.015899606 0.134521663 0.085525364 -0.007862717 0.984662712 0.174291611 -0.199603125 -0.135229617 -0.173742890 0.975462139 -0.058790546
0.991037369 -0.015949801 0.132629484 0.082139358 -0.006025343 0.986498833 0.163657412 -0.228011802 -0.133449137 -0.162989751 0.977561057 -0.066386282
0.991151810 -0.019084662 0.131353781 0.075000398 -0.000952941 0.988560677 0.150820598 -0.264610946 -0.132729545 -0.149611279 0.979795575 -0.080816284
0.991089523 -0.020378131 0.131629571 0.072798103 0.002567368 0.990966499 0.134085044 -0.297067404 -0.133172885 -0.132552341 0.982188821 -0.088348970
0.991203904 -0.023072187 0.130316898 0.072213948 0.008101955 0.993418157 0.114257172 -0.330519885 -0.132095352 -0.112196326 0.984866917 -0.096214317
0.991266847 -0.024931354 0.129492924 0.070085190 0.013236655 0.995817661 0.090398967 -0.364209086 -0.131205097 -0.087895453 0.987451077 -0.104543850
0.991135836 -0.024872120 0.130503342 0.068243161 0.016615018 0.997812688 0.063982874 -0.397387415 -0.131809279 -0.061247408 0.989381135 -0.113116212
0.990627408 -0.024546444 0.134368062 0.066664979 0.019964553 0.999175847 0.035341576 -0.428788275 -0.135124832 -0.032327734 0.990301073 -0.121383891
0.990086436 -0.020506898 0.138954341 0.065637693 0.019438507 0.999770164 0.009041691 -0.456731290 -0.139107823 -0.006250991 0.990257502 -0.129207030
0.989655912 -0.014647582 0.142711833 0.064282238 0.016544020 0.999789774 -0.012111008 -0.479989171 -0.142504439 0.014346758 0.989690185 -0.136901498
0.989367425 -0.009018190 0.145157680 0.063723534 0.012822531 0.999597788 -0.025294088 -0.496614575 -0.144871190 0.026886437 0.989085138 -0.142960966
0.988881946 -0.004307088 0.148640528 0.062893078 0.008977094 0.999486446 -0.030761525 -0.506418288 -0.148431703 0.031753875 0.988412738 -0.146857634
0.988203049 0.001708937 0.153139919 0.062865868 0.002571400 0.999611616 -0.027748084 -0.507444382 -0.153127879 0.027814524 0.987814844 -0.148202598
0.987088203 0.007691899 0.159992814 0.064242527 -0.004343900 0.999764442 -0.021265179 -0.496653229 -0.160118699 0.020295616 0.986889124 -0.144329831
0.986307800 0.012166601 0.164465338 0.065295205 -0.010777097 0.999898314 -0.009338306 -0.483584046 -0.164562225 0.007437985 0.986338675 -0.140469611
0.985815942 0.012979239 0.167327404 0.066659458 -0.013551360 0.999905586 0.002277763 -0.464827538 -0.167282045 -0.004512969 0.985898733 -0.134301513
0.985671639 0.014756143 0.168028861 0.067932591 -0.017239250 0.999762535 0.013328666 -0.440939933 -0.167792290 -0.016034380 0.985691965 -0.127086416
0.985363722 0.015441917 0.169764325 0.070460156 -0.019791123 0.999517083 0.023956705 -0.413918972 -0.169312403 -0.026965894 0.985193431 -0.118955739
0.984955907 0.014790112 0.172171667 0.073639736 -0.021221207 0.999141753 0.035572257 -0.386681348 -0.171497777 -0.038690794 0.984424472 -0.110136047
0.984107435 0.016088745 0.176843792 0.077589065 -0.025001036 0.998520672 0.048284195 -0.360094070 -0.175805360 -0.051938117 0.983053863 -0.102328070
0.983717024 0.015758986 0.179032058 0.081572935 -0.027091766 0.997768044 0.061032761 -0.335146666 -0.177670658 -0.064889260 0.981948316 -0.095840029
0.984405994 0.016073097 0.175175682 0.084689088 -0.029150039 0.996954322 0.072334975 -0.313301593 -0.173479512 -0.076313362 0.981876314 -0.092125438
0.985451281 0.014869964 0.169306532 0.088014483 -0.029089918 0.996222377 0.081821464 -0.293660045 -0.167450264 -0.085556172 0.982161164 -0.089494415
0.987420917 0.009866012 0.157805622 0.088990837 -0.024675837 0.995437801 0.092166774 -0.275563598 -0.156176358 -0.094901390 0.983159542 -0.088466838
0.989126682 0.000132391 0.147065789 0.086167119 -0.016310835 0.993928969 0.108807735 -0.266426921 -0.146158546 -0.110023402 0.983123839 -0.092339717
0.990626156 -0.009104651 0.136297077 0.085974470 -0.008096601 0.992108583 0.125120118 -0.251674086 -0.136360675 -0.125050798 0.982734978 -0.092428982
0.991203010 -0.014925418 0.131506175 0.085851833 -0.003771071 0.990032554 0.140788421 -0.239404172 -0.132296711 -0.140045837 0.981266916 -0.093080796
0.991103113 -0.018940581 0.131741852 0.086060397 -0.001565397 0.988095224 0.153835475 -0.229609773 -0.133087218 -0.152673036 0.979274571 -0.093606554
0.991322398 -0.019234749 0.130038232 0.085767575 -0.002375804 0.986453533 0.164023876 -0.221992761 -0.131431639 -0.162909478 0.977847755 -0.095028318
0.991878808 -0.022590496 0.125164077 0.085043691 0.000829681 0.985227942 0.171245992 -0.216637298 -0.127183691 -0.169751436 0.977245510 -0.097659603
0.993003547 -0.024190366 0.115580000 0.083375067 0.003427846 0.984284639 0.176556006 -0.212897331 -0.118034579 -0.174924567 0.977481067 -0.102427773
0.994435430 -0.024245262 0.102520205 0.082194179 0.005347993 0.983520031 0.180720150 -0.208130866 -0.105212279 -0.179166228 0.978176773 -0.107863568
0.995311499 -0.024060428 0.093680985 0.080235399 0.006197199 0.982438922 0.186481401 -0.209361583 -0.096522667 -0.185026512 0.977981865 -0.112947665
0.995708168 -0.024064016 0.089365423 0.079921454 0.006506520 0.981416941 0.191777080 -0.207696363 -0.092319667 -0.190372556 0.977361441 -0.117533356
0.995659292 -0.021755870 0.090494499 0.079421952 0.003316308 0.979971826 0.199108541 -0.208937421 -0.093013838 -0.197944164 0.975790203 -0.121448204
0.995504797 -0.020881176 0.092380852 0.078328736 0.001037329 0.977738738 0.209823459 -0.210852847 -0.094705701 -0.208784431 0.973365247 -0.125941291
0.995176852 -0.019688927 0.096100777 0.077422537 -0.002493874 0.974256396 0.225429043 -0.212337986 -0.098065257 -0.224581435 0.969508350 -0.130348265
0.994929016 -0.016166303 0.099271610 0.076622382 -0.009286044 0.968018115 0.250708431 -0.212169215 -0.100149751 -0.250358969 0.962959170 -0.135703623
0.994840324 -0.015920842 0.100196287 0.076135486 -0.013536988 0.957948029 0.286622226 -0.210590854 -0.100546107 -0.286499679 0.952789783 -0.140894324
0.994938195 -0.019744480 0.098530062 0.075807355 -0.014259985 0.942843199 0.332931399 -0.207544237 -0.099471964 -0.332651198 0.937789142 -0.145108998
0.995027244 -0.027807953 0.095642492 0.075097784 -0.011524664 0.921644092 0.387865216 -0.203824341 -0.098934069 -0.387038678 0.916740477 -0.150661841
0.994901001 -0.035915844 0.094244555 0.074835248 -0.009826489 0.895479500 0.444994330 -0.199624509 -0.100376412 -0.443651378 0.890560508 -0.156102285
0.994420230 -0.043453787 0.096126050 0.075121686 -0.010030437 0.868144870 0.496209443 -0.195956439 -0.105013520 -0.494404912 0.862864971 -0.160799742
0.993697405 -0.053692184 0.098400339 0.075448811 -0.007293398 0.844995022 0.534724414 -0.193634123 -0.111858323 -0.532071888 0.839277744 -0.164009213
0.993189573 -0.060381379 0.099642441 0.075548999 -0.005368549 0.830602407 0.556840062 -0.193204433 -0.116386026 -0.553582668 0.824621439 -0.165815607
0.992519259 -0.068230435 0.101242684 0.075231001 -0.000753053 0.825823009 0.563928962 -0.195060357 -0.122085653 -0.559786558 0.819593847 -0.167105585
0.992286026 -0.070159927 0.102206051 0.074490905 0.001021668 0.829043746 0.559182763 -0.197505504 -0.123965517 -0.554764867 0.822720230 -0.167424992
0.992069066 -0.070816219 0.103845939 0.073770121 0.002513342 0.837193370 0.546901166 -0.200394914 -0.125668600 -0.542302787 0.830731690 -0.167374089
0.992123902 -0.068695560 0.104742914 0.073058046 0.002351958 0.846270561 0.532748282 -0.202574417 -0.125238270 -0.528305948 0.839766800 -0.168013304
0.992209792 -0.067266375 0.104857117 0.072245240 0.002856299 0.853757918 0.520662308 -0.204382479 -0.124545664 -0.516306758 0.847299039 -0.169038236
0.992446542 -0.067313388 0.102560811 0.071143650 0.005064752 0.857787788 0.513979137 -0.204898462 -0.122573085 -0.509577334 0.851649463 -0.170850277
0.992611647 -0.066594958 0.101426050 0.069915742 0.005288880 0.858871698 0.512163579 -0.204990476 -0.121219471 -0.507843077 0.852878213 -0.173231274
0.992400825 -0.071513630 0.100131989 0.067713194 0.010020666 0.858036816 0.513490438 -0.204567567 -0.122638494 -0.508584976 0.852233052 -0.175925657
0.992246568 -0.075184613 0.098964743 0.064911991 0.013177304 0.855425954 0.517757535 -0.203600690 -0.123584412 -0.512439013 0.849784195 -0.179076463
0.991917849 -0.079493493 0.098892830 0.061502926 0.016749818 0.854626119 0.518973708 -0.202706337 -0.125771433 -0.513122797 0.849050403 -0.182025388
0.991542518 -0.082637131 0.100072652 0.057514668 0.019360151 0.856634855 0.515559793 -0.202433303 -0.128330097 -0.509262085 0.850989759 -0.185026065
0.991066754 -0.080993235 0.105956309 0.053561784 0.016259607 0.861926079 0.506773233 -0.201746345 -0.132371709 -0.500523329 0.855543196 -0.187638491
0.990272880 -0.080920517 0.113187730 0.049955189 0.014170602 0.867913306 0.496513546 -0.202707633 -0.138415277 -0.490079939 0.860617757 -0.190283075
0.989400387 -0.084537193 0.118069082 0.046672579 0.016104735 0.871938348 0.489350677 -0.204993263 -0.144317299 -0.482262313 0.864057660 -0.193017051
0.988797665 -0.087061100 0.121241927 0.043711375 0.017182864 0.873267651 0.486937761 -0.206686154 -0.148269981 -0.479399621 0.864980936 -0.196092635
0.988503993 -0.087821454 0.123074234 0.041067082 0.016479846 0.871744335 0.489683867 -0.207170635 -0.150294006 -0.482026219 0.863170028 -0.199876487
0.989091754 -0.084434777 0.120698914 0.038269885 0.013588697 0.868214488 0.496003032 -0.206725448 -0.146672443 -0.488952398 0.859891176 -0.203884557
0.989654124 -0.080483571 0.118773185 0.035481401 0.009881232 0.864108980 0.503207803 -0.205308676 -0.143132940 -0.496828079 0.855964303 -0.207479089
0.990005553 -0.075003698 0.119429462 0.033178173 0.003954571 0.861279249 0.508116543 -0.204304144 -0.140972733 -0.502565920 0.852967858 -0.210475013
0.989788949 -0.071938723 0.123055346 0.033809975 -0.000167310 0.862713873 0.505692363 -0.199774548 -0.142540425 -0.500549316 0.853892624 -0.204912469
0.989844620 -0.070056140 0.123692296 0.031224681 -0.001323950 0.865550280 0.500820279 -0.199856922 -0.142147437 -0.495898038 0.856667519 -0.205767244
0.990781486 -0.066064849 0.118268825 0.026031379 -0.001397621 0.867995620 0.496569872 -0.204520538 -0.135462642 -0.492157519 0.859901667 -0.212891206
0.991367698 -0.066949211 0.112729430 0.024048559 0.002882227 0.870721340 0.491768301 -0.205274463 -0.131079420 -0.487198293 0.863397956 -0.213109463
0.991986096 -0.066443734 0.107465371 0.022087360 0.005598195 0.872835875 0.487981826 -0.205998838 -0.126222953 -0.483469576 0.866212964 -0.213301510
0.992407203 -0.067030355 0.103125408 0.020038672 0.008517664 0.873889387 0.486050189 -0.205744833 -0.122700319 -0.481481314 0.867825091 -0.213610947
0.992890298 -0.064094096 0.100303546 0.018872870 0.007277433 0.873763025 0.486297548 -0.204972982 -0.118810326 -0.482110143 0.868017256 -0.213378444
0.993048966 -0.062777787 0.099562831 0.018183528 0.006418016 0.873509884 0.486764193 -0.204252392 -0.117527090 -0.482741654 0.867840946 -0.212705404
0.993267894 -0.060556151 0.098751515 0.017930314 0.004809884 0.873306394 0.487147629 -0.203469962 -0.115740120 -0.483393133 0.867718458 -0.212004781
0.993434191 -0.060872115 0.096866362 0.017470129 0.006064268 0.873525083 0.486741394 -0.203143552 -0.114244170 -0.482958108 0.868158817 -0.211246476
0.993595898 -0.059748411 0.095902570 0.017498234 0.005587323 0.873697996 0.486436695 -0.202900484 -0.112853698 -0.482785672 0.868436575 -0.210379392
0.993703187 -0.059781693 0.094763607 0.017931573 0.006196534 0.873794317 0.486256182 -0.202775717 -0.111873120 -0.482607126 0.868662655 -0.209665686
0.993641734 -0.059992041 0.095273532 0.019631010 0.006174337 0.873974800 0.485931963 -0.202573076 -0.112418719 -0.482254058 0.868788302 -0.208938405
0.993572593 -0.060051832 0.095954314 0.023017500 0.005934995 0.874149323 0.485620975 -0.202607214 -0.113040835 -0.481930196 0.868887246 -0.208420247
0.993438601 -0.061158076 0.096640728 0.028467488 0.006458828 0.873660922 0.486492395 -0.202679038 -0.114184164 -0.482676148 0.868323505 -0.207997441
0.993372858 -0.060907304 0.097471520 0.036475960 0.005465433 0.872119129 0.489263028 -0.202907220 -0.114806473 -0.485487908 0.866672397 -0.207373321
0.993026018 -0.062542096 0.099938810 0.047219798 0.005134588 0.869830370 0.493324250 -0.203130990 -0.117783338 -0.489370674 0.864085317 -0.206872150
0.992381334 -0.066816077 0.103512920 0.062850721 0.006806018 0.868620038 0.495432079 -0.199850768 -0.123016216 -0.490953028 0.862457037 -0.198752940
0.991731584 -0.070225820 0.107409462 0.077978209 0.007754879 0.868247747 0.496070355 -0.201040626 -0.128094971 -0.491135687 0.861613274 -0.197210208
0.990810335 -0.074219540 0.113076963 0.095432386 0.008892316 0.869939089 0.493079066 -0.203007266 -0.134966165 -0.487542331 0.862604558 -0.194902450
0.989615202 -0.079203710 0.119952038 0.114773512 0.010775480 0.873025537 0.487555504 -0.205487952 -0.143337384 -0.481199801 0.864812791 -0.191815495
0.988418519 -0.084396727 0.126118883 0.135542244 0.013396025 0.876364648 0.481461883 -0.208214507 -0.151159927 -0.474196374 0.867345691 -0.188825831
0.987133503 -0.089406207 0.132566959 0.157931581 0.015386987 0.878336847 0.477794588 -0.210617051 -0.159156233 -0.469607234 0.868411422 -0.185501158
0.985675156 -0.096225008 0.138510570 0.181799755 0.018624526 0.878346503 0.477661580 -0.212583512 -0.167623267 -0.468239456 0.867556453 -0.182017222
0.984006226 -0.102772266 0.145497888 0.206683233 0.020322211 0.876222074 0.481478810 -0.214708120 -0.176971138 -0.470821321 0.864296556 -0.178563535
0.982287765 -0.107569344 0.153426036 0.232396320 0.019500069 0.873041272 0.487256318 -0.216831416 -0.186361089 -0.475634128 0.859675407 -0.174428076
0.981104791 -0.108125880 0.160443559 0.258534282 0.015443109 0.870382905 0.492133290 -0.219293877 -0.192859665 -0.480356604 0.855606616 -0.171564505
0.980133593 -0.110529549 0.164685681 0.284281492 0.015100308 0.869501352 0.493699729 -0.222115234 -0.197762832 -0.481404901 0.853896499 -0.168953747
0.979168236 -0.113100983 0.168634847 0.309851766 0.016201578 0.871376932 0.490346581 -0.225169420 -0.202403203 -0.477399677 0.855057001 -0.166055247
0.977816224 -0.116048910 0.174379140 0.335550934 0.017553560 0.874969363 0.483860016 -0.227947325 -0.208727837 -0.470065176 0.857596278 -0.162848800
0.976412535 -0.115008712 0.182733417 0.361073107 0.014238853 0.878784776 0.477005869 -0.230017096 -0.215443164 -0.463152617 0.859694064 -0.159750432
0.975071609 -0.114296317 0.190188751 0.385498971 0.010987803 0.880948663 0.473084211 -0.231279314 -0.221618310 -0.459201217 0.860243917 -0.156851158
0.973818243 -0.121851921 0.191911906 0.406685263 0.016550709 0.879969537 0.474741757 -0.231466606 -0.226724833 -0.459135890 0.858947098 -0.154651821
0.972307563 -0.132229492 0.192700326 0.425050169 0.023983315 0.876646996 0.480535954 -0.231099352 -0.232471198 -0.462607116 0.855541825 -0.152543306
0.970405281 -0.135071471 0.200173050 0.443924665 0.020599600 0.872216821 0.488685429 -0.229290843 -0.240601778 -0.470099449 0.849186242 -0.150704905
0.968252540 -0.137385711 0.208835274 0.460605025 0.016613465 0.868948042 0.494624376 -0.228159502 -0.249421328 -0.475451827 0.843643606 -0.149509221
0.966516256 -0.138144925 0.216245875 0.475274295 0.013733055 0.869357109 0.493993580 -0.227718294 -0.256237596 -0.474483132 0.842144966 -0.147943527
0.965899706 -0.138774484 0.218584865 0.487029701 0.014971118 0.872751832 0.487934500 -0.227935493 -0.258483201 -0.468023330 0.845068395 -0.145623088
0.965355515 -0.144635707 0.217184722 0.495648831 0.023750570 0.877571523 0.478857100 -0.227214918 -0.259854972 -0.457109094 0.850603700 -0.143259734
0.965395272 -0.147354364 0.215171129 0.502776980 0.030013137 0.882365346 0.469606936 -0.226185679 -0.259058177 -0.446898341 0.856253922 -0.141290307
0.965742946 -0.145773143 0.214687690 0.508265316 0.031564303 0.887154758 0.460391283 -0.224486381 -0.257573903 -0.437843144 0.861364663 -0.140380636
0.966169953 -0.147255018 0.211734608 0.511660814 0.036286544 0.890423954 0.453683197 -0.223151535 -0.255340695 -0.430651963 0.865644276 -0.139363512
0.965747237 -0.153966770 0.208869576 0.513441682 0.044309676 0.890968740 0.451897502 -0.221016154 -0.255673468 -0.427163839 0.867272854 -0.139062762
0.965365052 -0.161354125 0.205024749 0.513449073 0.051736109 0.888611019 0.455734372 -0.218797192 -0.255721867 -0.429342866 0.866181850 -0.138430595
0.964445710 -0.164565861 0.206790984 0.513324618 0.050951891 0.883570015 0.465519011 -0.216275290 -0.259322852 -0.438431442 0.860540271 -0.138245076
0.963113427 -0.164766535 0.212754533 0.512578070 0.044955328 0.878034353 0.476481557 -0.214559793 -0.265314013 -0.449341357 0.853053808 -0.138283923
0.961539149 -0.167708233 0.217523336 0.509555519 0.042988870 0.874078989 0.483877987 -0.214350000 -0.271282911 -0.455916554 0.847670734 -0.138566136
0.960690558 -0.169103533 0.220176429 0.504740655 0.042283900 0.872954905 0.485964864 -0.215488538 -0.274382472 -0.457551926 0.845789909 -0.138837203
0.960831046 -0.169553444 0.219215289 0.497525275 0.043898031 0.874133825 0.483697236 -0.217091620 -0.273636043 -0.455128193 0.847337961 -0.139143139
0.961628497 -0.166136414 0.218333066 0.488186628 0.041886702 0.875379920 0.481617540 -0.218251362 -0.271138608 -0.453991920 0.848749161 -0.139839977
0.962672710 -0.160627455 0.217853308 0.476386815 0.037398450 0.876088858 0.480697066 -0.219021603 -0.268072009 -0.454606563 0.849394083 -0.140706778
0.964043617 -0.156296268 0.214921683 0.461854786 0.035326947 0.876951218 0.479279190 -0.219638214 -0.263385385 -0.454453558 0.850940704 -0.141263232
0.965051889 -0.153882056 0.212120607 0.444477350 0.034792051 0.877508581 0.478297204 -0.220080331 -0.259739012 -0.454201490 0.852195203 -0.141530007
0.965884924 -0.153217912 0.208783716 0.424825341 0.035683122 0.877252460 0.478701204 -0.220460787 -0.256501615 -0.454920202 0.852792203 -0.141557425
0.966660380 -0.152142197 0.205962181 0.403003454 0.035541471 0.876280069 0.480489403 -0.220782906 -0.253583252 -0.457149893 0.852472603 -0.141653150
0.967950821 -0.153016090 0.199141502 0.378895760 0.039017197 0.874947429 0.482643396 -0.221489325 -0.248090535 -0.459405094 0.852876365 -0.142568842
0.969754994 -0.153598472 0.189691082 0.353083611 0.043565016 0.873610675 0.484671533 -0.222185418 -0.240160957 -0.461748779 0.853879809 -0.143195167
0.971541166 -0.154495105 0.179552302 0.326249272 0.049319789 0.873344004 0.484600693 -0.222274736 -0.231679365 -0.461954027 0.856109321 -0.142791823
0.973242581 -0.152052149 0.172276080 0.298654348 0.050557066 0.873070598 0.484965622 -0.222391829 -0.224149257 -0.463279426 0.857396841 -0.142626584
0.975110888 -0.145315439 0.167457908 0.270936489 0.046985764 0.873556495 0.484449565 -0.221616969 -0.216681957 -0.464523911 0.858642220 -0.141992062
0.976762772 -0.141229600 0.161210060 0.242367953 0.047016378 0.875056446 0.481731921 -0.220957205 -0.209102720 -0.462958306 0.861362696 -0.140401438
0.978529215 -0.137622058 0.153430045 0.213229239 0.048569776 0.877420664 0.477256626 -0.220207274 -0.200303733 -0.459557503 0.865266025 -0.138514340
0.980453849 -0.135341078 0.142804354 0.183233321 0.052990533 0.880645454 0.470803171 -0.219723403 -0.189479023 -0.454033464 0.870604038 -0.136333704
0.982279539 -0.133267850 0.131782353 0.153505534 0.057654269 0.883896053 0.464116126 -0.218369931 -0.178333670 -0.448293954 0.875916481 -0.133004278
