1.000000000 0.000000000 0.000000000 -0.000000119 0.000000000 1.000000000 0.000000000 0.000000000 0.000000000 0.000000000 1.000000000 0.000000238
0.999998510 0.000959579 -0.001428275 0.023062915 -0.000960715 0.999999225 -0.000794988 0.006466776 0.001427511 0.000796359 0.999998689 -0.002464819
0.999999285 0.000354753 0.001125514 -0.009250943 -0.000352773 0.999998391 -0.001759138 0.003933593 -0.001126136 0.001758740 0.999997795 0.007067194
0.999999940 0.000387217 0.000055042 -0.000220698 -0.000387181 0.999999702 -0.000651666 0.000753490 -0.000055294 0.000651645 0.999999762 0.004753140
0.999999762 0.000659405 0.000112603 0.000237454 -0.000659351 0.999999642 -0.000481143 0.000796639 -0.000112920 0.000481069 0.999999881 0.003700397
0.999999940 0.000242105 -0.000232968 -0.001020220 -0.000242163 0.999999940 -0.000252420 -0.000089608 0.000232907 0.000252477 0.999999940 0.001909426
0.999999285 0.001171402 0.000150767 -0.000432198 -0.001171447 0.999999285 0.000299841 0.000004177 -0.000150415 -0.000300018 0.999999940 0.007465904
0.999999583 0.000865761 0.000239404 -0.000688536 -0.000865893 0.999999464 0.000551074 0.000316058 -0.000238927 -0.000551281 0.999999821 0.004642492
0.999999344 0.001102133 0.000259553 -0.000903755 -0.001102291 0.999999225 0.000607256 0.000335454 -0.000258883 -0.000607542 0.999999762 0.004607881
0.999999821 -0.000444728 -0.000352169 0.001265394 0.000444797 0.999999881 0.000195370 0.000785700 0.000352082 -0.000195527 0.999999940 -0.002311176
0.999999821 -0.000465094 -0.000344619 0.001760636 0.000465220 0.999999821 0.000366876 0.000345944 0.000344448 -0.000367036 0.999999881 -0.000012780
0.999999940 0.000104944 0.000307215 -0.001729210 -0.000105086 0.999999881 0.000461089 0.000556330 -0.000307167 -0.000461121 0.999999821 0.006832683
0.999999940 0.000353632 0.000134868 -0.001064573 -0.000353831 0.999998868 0.001479923 -0.000378304 -0.000134344 -0.001479970 0.999998868 0.009617804
0.999999285 0.000978306 0.000701236 -0.001884298 -0.000979658 0.999997675 0.001929568 0.000350824 -0.000699347 -0.001930254 0.999997914 0.007920586
0.999999464 0.000775967 0.000709089 -0.001926931 -0.000777626 0.999996960 0.002342121 0.000331334 -0.000707270 -0.002342671 0.999997020 0.007293241
0.999999940 0.000136932 0.000295070 0.001477036 -0.000137145 0.999999762 0.000718923 0.000693183 -0.000294971 -0.000718963 0.999999702 -0.002231817
0.999999940 -0.000204829 0.000266539 0.001064122 0.000204588 0.999999583 0.000905270 0.000605234 -0.000266725 -0.000905216 0.999999583 -0.001402799
0.999999702 0.000679936 0.000430196 0.001707942 -0.000680409 0.999999166 0.001100466 0.000526911 -0.000429447 -0.001100759 0.999999285 -0.002171807
0.999999821 0.000352849 0.000488525 -0.001181815 -0.000354017 0.999997079 0.002393019 -0.000496464 -0.000487679 -0.002393192 0.999997020 0.009457713
0.999999881 -0.000173303 0.000444046 -0.001397978 0.000172260 0.999997258 0.002347030 -0.000504964 -0.000444452 -0.002346953 0.999997139 0.010002426
0.999999821 0.000043597 0.000592741 -0.001588135 -0.000044982 0.999997258 0.002337667 -0.000488186 -0.000592637 -0.002337693 0.999997079 0.009843204
0.999999821 -0.000008448 0.000566646 -0.000837495 0.000006751 0.999995530 0.002993558 -0.000967091 -0.000566668 -0.002993554 0.999995351 0.008105825
0.999999583 -0.000399124 0.000844399 -0.000981185 0.000396399 0.999994695 0.003224127 -0.001550928 -0.000845681 -0.003223791 0.999994457 0.010553968
0.999999881 -0.000275490 0.000416159 0.001418352 0.000275205 0.999999702 0.000684457 0.001071937 -0.000416348 -0.000684343 0.999999702 -0.003476826
0.999999821 -0.000187907 0.000520968 0.001624704 0.000187394 0.999999523 0.000985271 0.000296537 -0.000521153 -0.000985174 0.999999404 -0.004239032
0.999999285 0.000318013 0.001129145 0.001210951 -0.000319535 0.999999046 0.001348503 -0.000143626 -0.001128715 -0.001348863 0.999998450 -0.003013164
0.999999106 -0.000536688 0.001202397 -0.000390891 0.000533261 0.999995828 0.002848840 -0.000240132 -0.001203921 -0.002848196 0.999995232 0.011122028
0.999996841 -0.001923171 0.001601077 -0.000975496 0.001915264 0.999986053 0.004925626 -0.001183201 -0.001610528 -0.004922544 0.999986589 0.007324792
0.999996603 -0.001589630 0.002053252 -0.000886786 0.001579140 0.999985754 0.005100484 -0.001478265 -0.002061330 -0.005097224 0.999984860 0.005604081
0.999993622 -0.001835242 0.003057157 -0.000870706 0.001817588 0.999981701 0.005767179 -0.001710039 -0.003067685 -0.005761585 0.999978721 0.003711041
0.999992311 -0.002841070 0.002712779 0.001446674 0.002830828 0.999988854 0.003771713 0.000770345 -0.002723465 -0.003764004 0.999989212 -0.003117272
0.999995172 -0.000831283 0.002991798 0.001905472 0.000821751 0.999994576 0.003186078 0.000998964 -0.002994430 -0.003183604 0.999990463 -0.004979280
0.999995410 -0.000826233 0.002907389 0.002024228 0.000816886 0.999994516 0.003214491 0.001210746 -0.002910029 -0.003212101 0.999990582 -0.007055309
0.999996722 0.000336240 0.002536258 0.001951673 -0.000342730 0.999996662 0.002558763 0.000730328 -0.002535389 -0.002559624 0.999993503 -0.003354014
0.999961615 0.007645163 0.004282441 0.001915550 -0.007656987 0.999966919 0.002751485 0.000560109 -0.004261264 -0.002784170 0.999987066 -0.005566242
0.999894321 0.012868534 0.006762257 -0.001939367 -0.012883778 0.999914527 0.002215678 0.000700242 -0.006733167 -0.002302567 0.999974668 -0.010184723
0.999918163 0.011156044 0.006257663 -0.001114775 -0.011145675 0.999936461 -0.001689578 -0.004226423 -0.006276114 0.001619693 0.999979019 0.005745918
0.999981403 -0.006095338 -0.000124321 -0.001162006 0.006093378 0.999907672 -0.012144781 -0.008108777 0.000198337 0.012143797 0.999926269 0.002520568
0.999239504 -0.038358118 -0.007006229 -0.000597132 0.038114596 0.998757839 -0.032094460 -0.014778950 0.008228609 0.031803016 0.999460280 -0.001643605
0.997003913 -0.076582171 -0.010881256 0.000740143 0.075850405 0.995513737 -0.056561105 -0.023733160 0.015164012 0.055566296 0.998339832 -0.000182794
0.993753791 -0.110510752 -0.015517971 0.001617591 0.109112486 0.991374612 -0.072600231 -0.030738911 0.023407228 0.070453554 0.997240365 -0.005266571
0.992334187 -0.122393794 -0.017107865 0.002536566 0.120932154 0.990215898 -0.069626883 -0.034866095 0.025462376 0.067024246 0.997426391 -0.009827971
0.993459225 -0.112489387 -0.019617600 0.003921818 0.111339971 0.992410719 -0.052195560 -0.037184749 0.025340164 0.049669940 0.998444200 -0.015544743
0.996103346 -0.085633032 -0.021097410 0.003479717 0.085009925 0.995962441 -0.028847480 -0.037841436 0.023482524 0.026941584 0.999361157 -0.019030074
0.998350561 -0.053678010 -0.020367119 0.003172864 0.053471360 0.998513579 -0.010558926 -0.039359000 0.020903628 0.009452451 0.999736786 -0.022784175
0.999415278 -0.028993120 -0.018124040 0.002171576 0.028970005 0.999579072 -0.001536695 -0.042933408 0.018160965 0.001010743 0.999834538 -0.019995753
0.999712288 -0.018594760 -0.015153543 0.002505343 0.018527180 0.999817848 -0.004587892 -0.048289560 0.015236094 0.004305820 0.999874651 -0.023169141
0.999659300 -0.021079239 -0.015395015 0.002508732 0.020876799 0.999695003 -0.013194105 -0.055272486 0.015668441 0.012868211 0.999794424 -0.026907010
0.999552369 -0.024048880 -0.017796276 0.000908761 0.023827501 0.999637306 -0.012548878 -0.062926173 0.018091610 0.012119220 0.999762893 -0.026983928
0.999599695 -0.019316312 -0.020670997 0.000078599 0.019299705 0.999813259 -0.001002683 -0.071077704 0.020686505 0.000603338 0.999785841 -0.031474043
0.999652743 -0.011580172 -0.023669949 -0.001212722 0.011860332 0.999860883 0.011730229 -0.081012607 0.023530817 -0.012006889 0.999651015 -0.036728282
0.999670446 -0.003910370 -0.025372447 -0.002588218 0.004341793 0.999846578 0.016970862 -0.094202168 0.025302192 -0.017075431 0.999534011 -0.040817935
0.999588549 -0.006437641 -0.027950665 -0.003965760 0.006691545 0.999937117 0.009000008 -0.110444359 0.027890967 -0.009183339 0.999568760 -0.047247842
0.999363363 -0.018594580 -0.030448185 -0.004985276 0.018352820 0.999797940 -0.008200338 -0.129215956 0.030594515 0.007636307 0.999502718 -0.054374699
0.998932183 -0.031251561 -0.034027360 -0.005612324 0.030443210 0.999247849 -0.024020433 -0.149282560 0.034752443 0.022958882 0.999132216 -0.060404796
0.998530149 -0.037100207 -0.039510369 -0.006793448 0.035852905 0.998850286 -0.031823196 -0.168622091 0.040645592 0.030359859 0.998712301 -0.068092190
0.998414099 -0.033478014 -0.045260180 -0.008143888 0.032047510 0.998974860 -0.031970825 -0.187356636 0.046284106 0.030469645 0.998463511 -0.075942777
0.998205245 -0.030730139 -0.051399328 -0.009227320 0.029108357 0.999063611 -0.032009132 -0.213905066 0.052334845 0.030455533 0.998165071 -0.078494795
0.997721255 -0.036709458 -0.056610398 -0.010290109 0.034425631 0.998573959 -0.040803887 -0.234578997 0.058027558 0.038762055 0.997562170 -0.086709589
0.996760249 -0.053043362 -0.060460296 -0.011087781 0.049806144 0.997306228 -0.053848378 -0.256297052 0.063153729 0.050662629 0.996717036 -0.095113978
0.995637417 -0.066776596 -0.065169364 -0.011966657 0.062627114 0.995998025 -0.063763902 -0.276790410 0.069166496 0.059404355 0.995834887 -0.102199644
0.994862735 -0.071329251 -0.071835458 -0.013057208 0.066557691 0.995546579 -0.066761278 -0.296427071 0.076277584 0.061637100 0.995179653 -0.110890806
0.995158613 -0.061540131 -0.076629713 -0.014099324 0.056696136 0.996346951 -0.063861318 -0.314432889 0.080279812 0.059207536 0.995012343 -0.119575746
0.995925426 -0.045905381 -0.077622525 -0.015869943 0.041457362 0.997456849 -0.057975378 -0.331373572 0.080086507 0.054521125 0.995295763 -0.126427904
0.996315122 -0.038477682 -0.076652393 -0.017076259 0.034035772 0.997710764 -0.058435798 -0.348906279 0.078725398 0.055611543 0.995343983 -0.135101706
0.996368706 -0.039696660 -0.075323164 -0.017786227 0.034535881 0.997044742 -0.068622679 -0.367266238 0.077824652 0.065772131 0.994795144 -0.143951297
0.995750129 -0.052469064 -0.075688124 -0.016914807 0.046248157 0.995581329 -0.081725009 -0.387206227 0.079641715 0.077877246 0.993776798 -0.148799911
0.993842900 -0.076374903 -0.080269337 -0.017625315 0.068557084 0.993016720 -0.096009068 -0.406111747 0.087041482 0.089914896 0.992138624 -0.158002093
0.991564274 -0.096174277 -0.086895406 -0.018326299 0.086985730 0.990769207 -0.103970692 -0.423082173 0.096092597 0.095534965 0.990777135 -0.166932270
0.990644991 -0.101207994 -0.091539346 -0.019304167 0.091349758 0.990146697 -0.106135592 -0.436576784 0.101379149 0.096780598 0.990129173 -0.176218152
0.989861369 -0.105090216 -0.095553681 -0.018998127 0.094458103 0.989465714 -0.109705225 -0.447146326 0.106076047 0.099567145 0.989360511 -0.183660373
0.989766836 -0.109821483 -0.091109231 -0.017536445 0.098315075 0.987600684 -0.122389086 -0.454689473 0.103420481 0.112179242 0.988291442 -0.189510688
0.989761293 -0.116318218 -0.082720034 -0.014053551 0.103765063 0.984331191 -0.142565370 -0.457381397 0.098006852 0.132522225 0.986322701 -0.187229648
0.989450872 -0.122815832 -0.076832525 -0.012603326 0.109446019 0.981196344 -0.158982009 -0.457309276 0.094913296 0.148895890 0.984287322 -0.188910455
0.990092158 -0.120433733 -0.072202481 -0.011396021 0.107317284 0.980600417 -0.164029896 -0.452313602 0.090556510 0.154656142 0.983809412 -0.188221440
0.991002798 -0.112556592 -0.072418429 -0.005946608 0.100262061 0.982748270 -0.155413643 -0.442916036 0.088661917 0.146754548 0.985191464 -0.175215453
0.992913902 -0.094036333 -0.072657846 -0.006443016 0.083356492 0.986896157 -0.138158157 -0.430017710 0.084697641 0.131122664 0.987741470 -0.171094954
0.994843960 -0.071543038 -0.071882360 -0.006850665 0.062784553 0.991088688 -0.117478915 -0.415213495 0.079646595 0.112360083 0.990470409 -0.166313812
0.995729148 -0.056749389 -0.072821230 -0.007771896 0.049166068 0.993567944 -0.102007136 -0.399304569 0.078141674 0.097991154 0.992114723 -0.156787112
0.996092737 -0.049965296 -0.072819963 -0.007585999 0.042989906 0.994606137 -0.094395228 -0.383787960 0.077143669 0.090895884 0.992867947 -0.151774168
0.996188641 -0.051302120 -0.070542425 -0.006873316 0.044570871 0.994584322 -0.093890853 -0.368019640 0.074977189 0.090388872 0.993080199 -0.146928102
0.996398389 -0.051034667 -0.067718044 -0.008796178 0.044373952 0.994347274 -0.096459463 -0.352304876 0.072258025 0.093107134 0.993030608 -0.140102968
0.997264802 -0.040975399 -0.061513864 -0.007034754 0.034981191 0.994810402 -0.095543362 -0.334315360 0.065109558 0.093130209 0.993522763 -0.134609103
0.997470379 -0.037741598 -0.060235858 -0.006227088 0.032228943 0.995420039 -0.090001591 -0.315157682 0.063356780 0.087832592 0.994118392 -0.129061073
0.997612238 -0.034542467 -0.059804916 -0.004051521 0.029521484 0.996120989 -0.082894213 -0.295724213 0.062436305 0.080930747 0.994762242 -0.120423324
0.997743189 -0.028993370 -0.060563698 -0.002818225 0.024197912 0.996623099 -0.078465521 -0.275396228 0.062634163 0.076822922 0.995075464 -0.113827713
0.997972369 -0.024156777 -0.058886401 -0.001242254 0.019488445 0.996715665 -0.078600667 -0.254645824 0.060591735 0.077293687 0.995165467 -0.106782384
0.998097718 -0.021191090 -0.057895947 0.001429381 0.016626965 0.996798396 -0.078207739 -0.232413858 0.059367899 0.077096336 0.995254517 -0.097578168
0.998553157 -0.009849886 -0.052863576 0.003137620 0.005743684 0.996993482 -0.077272467 -0.210419238 0.053465761 0.076857038 0.995607555 -0.090161808
0.998893440 0.000928835 -0.047021132 0.004859795 -0.004393606 0.997275531 -0.073635846 -0.188541755 0.046824630 0.073760957 0.996176064 -0.082991846
0.999083161 0.007096058 -0.042219419 0.006680460 -0.010128278 0.997349858 -0.072045989 -0.167905644 0.041596290 0.072407551 0.996507347 -0.075764857
0.999128997 0.012117340 -0.039929930 0.007842999 -0.014941619 0.997349501 -0.071209289 -0.149771020 0.038961228 0.071743883 0.996661842 -0.069849253
0.998921752 0.025339166 -0.038900878 0.008881298 -0.027855041 0.997460008 -0.065556422 -0.134667292 0.037140924 0.066569313 0.997090280 -0.065241694
0.998206437 0.043754041 -0.040859617 0.009895998 -0.046027191 0.997343481 -0.056457389 -0.123915650 0.038280837 0.058236782 0.997568548 -0.062144686
0.997157395 0.062360533 -0.042287946 0.009835758 -0.064204551 0.996977389 -0.043747693 -0.118592821 0.039431997 0.046338417 0.998147190 -0.061051238
0.996241629 0.073780589 -0.045377288 0.008357587 -0.075505711 0.996437907 -0.037555311 -0.121097155 0.042444799 0.040840406 0.998263717 -0.062210556
0.996052504 0.073968433 -0.049071930 0.009050624 -0.075968929 0.996298075 -0.040235508 -0.132395178 0.045914114 0.043804619 0.997984469 -0.069630012
0.996592581 0.061723884 -0.054711904 0.008025365 -0.064665310 0.996459544 -0.053728927 -0.150456458 0.051201839 0.057083812 0.997055590 -0.076754816
0.997066796 0.045912914 -0.061235912 0.005200664 -0.050161667 0.996302307 -0.069752961 -0.172685847 0.057806924 0.072620049 0.995683014 -0.083217561
0.997165799 0.036882326 -0.065574899 0.006738037 -0.042148359 0.995836675 -0.080825627 -0.198436573 0.062320858 0.083360419 0.994568825 -0.095739126
0.996864974 0.021347176 -0.076187372 0.004606099 -0.027850576 0.995962024 -0.085345984 -0.225058794 0.074057832 0.087200284 0.993434191 -0.107091792
0.996352017 0.004975835 -0.085193038 0.002863484 -0.013144396 0.995333731 -0.095592670 -0.252194375 0.084319860 0.096363761 0.991768241 -0.116595224
0.995329022 -0.020804612 -0.094272614 0.000933295 0.009976348 0.993441224 -0.113908052 -0.281683207 0.096024111 0.112435490 0.989008427 -0.130338833
0.993843198 -0.046761382 -0.100444146 -0.000215167 0.032588620 0.989844203 -0.138370514 -0.309652001 0.105894454 0.134245247 0.985273838 -0.141761005
0.992096424 -0.068802565 -0.104932740 -0.002285812 0.051413476 0.985738516 -0.160238028 -0.335633099 0.114461035 0.153576612 0.981485069 -0.152006611
0.990797460 -0.080966070 -0.108465962 0.002398168 0.061947148 0.983757317 -0.168475807 -0.362543851 0.120345004 0.160206258 0.979719877 -0.171704262
0.990312338 -0.082954787 -0.111355118 -0.001917114 0.064598300 0.985103369 -0.159368962 -0.379703820 0.122916721 0.150631696 0.980918765 -0.178708106
0.989912808 -0.083437741 -0.114502355 -0.007486059 0.066220045 0.986961663 -0.146702453 -0.393441200 0.125249952 0.137640283 0.982531250 -0.184232622
0.989688337 -0.086591713 -0.114100158 -0.012323170 0.070102803 0.987475455 -0.141343042 -0.404437274 0.124910235 0.131886825 0.983363271 -0.189058021
0.989005685 -0.094391845 -0.113832973 -0.017237458 0.076764815 0.985646248 -0.150361821 -0.411814898 0.126391962 0.139970317 0.982055664 -0.192704648
0.987790287 -0.108660631 -0.111638546 -0.020780208 0.089336209 0.982155204 -0.165499806 -0.415707499 0.127629697 0.153505743 0.979870737 -0.194571927
0.986351669 -0.118707515 -0.114100292 -0.020939343 0.097091593 0.979006469 -0.179219261 -0.415776342 0.132979602 0.165695056 0.977170169 -0.195396855
0.985598922 -0.119226463 -0.119916067 -0.020681120 0.095643423 0.977858007 -0.186134383 -0.411801785 0.139453039 0.171984658 0.975179017 -0.194034874
0.986793995 -0.104116105 -0.124086343 -0.017738368 0.080611669 0.980115652 -0.181314930 -0.404037625 0.140496761 0.168917671 0.975565195 -0.190793842
0.988730967 -0.083864391 -0.124007642 -0.011475978 0.061975449 0.983341038 -0.170878574 -0.395750165 0.136272430 0.161267504 0.977457225 -0.181192517
0.989979625 -0.073098481 -0.120817870 -0.003144871 0.053029954 0.985417247 -0.161680788 -0.384995311 0.130874634 0.153653711 0.979419410 -0.175116509
0.991864681 -0.066227339 -0.108712204 0.007558410 0.048550289 0.986265600 -0.157870308 -0.372388452 0.117674433 0.151307985 0.981457412 -0.173267096
0.993343532 -0.066773273 -0.093861282 0.023762148 0.051499344 0.986311674 -0.156643093 -0.361363918 0.103036046 0.150766611 0.983185112 -0.168497771
0.995367765 -0.062978715 -0.072640792 0.041122328 0.051218465 0.986788034 -0.153707474 -0.350087166 0.081361368 0.149274915 0.985442698 -0.161736250
0.996849895 -0.057471156 -0.054656245 0.060472250 0.049076155 0.988336563 -0.144160822 -0.337555796 0.062303856 0.141024396 0.988043725 -0.155655116
0.997957587 -0.052306615 -0.036670554 0.081105262 0.046949856 0.989841104 -0.134202287 -0.322997630 0.043317687 0.132206514 0.990275204 -0.148554459
0.998796821 -0.047345072 -0.012779296 0.103985541 0.045365207 0.991007328 -0.125882670 -0.310886979 0.018624300 0.125151470 0.991962850 -0.144704849
0.998641789 -0.050983917 0.010731373 0.127321929 0.051915016 0.991130531 -0.122331753 -0.300029010 -0.004399240 0.122722730 0.992431223 -0.142413035
0.997467637 -0.062588938 0.033778049 0.152623117 0.066202022 0.990644038 -0.119338393 -0.292757422 -0.025992759 0.121272355 0.992278874 -0.137309968
0.995761514 -0.077806376 0.049043018 0.175051510 0.082911484 0.990186870 -0.112497404 -0.282182842 -0.039808739 0.116086811 0.992440999 -0.138764054
0.993860781 -0.093410745 0.059288602 0.195838705 0.099221632 0.989603400 -0.104116231 -0.271464258 -0.048946630 0.109359756 0.992796361 -0.141274631
0.991980910 -0.104467660 0.071136780 0.215919569 0.111029536 0.989211082 -0.095571011 -0.260666013 -0.060385216 0.102702901 0.992877483 -0.143096328
0.989957929 -0.109847285 0.088976644 0.234706759 0.117651932 0.989164650 -0.087814137 -0.249008670 -0.078366406 0.097400576 0.992155135 -0.146064356
0.987870395 -0.110605165 0.108988911 0.251959741 0.119963065 0.989269078 -0.083400220 -0.237877339 -0.098594859 0.095463246 0.990538120 -0.147682846
0.985962152 -0.105922386 0.129070222 0.267829955 0.116450191 0.990212381 -0.076933406 -0.228315979 -0.119657964 0.090883680 0.988646626 -0.147088781
0.984116733 -0.104802534 0.143285245 0.279373914 0.115749776 0.990786850 -0.070309535 -0.219388992 -0.134596527 0.085778028 0.987180769 -0.145636588
0.982296467 -0.105692439 0.154670030 0.286256254 0.117362104 0.990734518 -0.068346992 -0.213549539 -0.146013170 0.085289404 0.985599220 -0.142345041
0.981139123 -0.106558017 0.161280572 0.289983898 0.119086452 0.990406692 -0.070092790 -0.214084521 -0.152264416 0.087977104 0.984416366 -0.125360295
0.981269777 -0.103261515 0.162624300 0.286477208 0.115697071 0.990890145 -0.068927102 -0.214671820 -0.154025286 0.086451240 0.984277606 -0.117606156
0.982586265 -0.095098674 0.159625947 0.278711498 0.106192008 0.992382646 -0.062449388 -0.216594949 -0.152471155 0.078312911 0.985200286 -0.108407632
0.983996630 -0.085245222 0.156473294 0.268267721 0.095180675 0.993819356 -0.057128664 -0.220670268 -0.150636241 0.071107648 0.986028612 -0.095953472
0.984209299 -0.081699714 0.157026201 0.255570590 0.092150912 0.993907869 -0.060459964 -0.227506757 -0.151130021 0.073975362 0.985742033 -0.084172308
0.983219206 -0.088622995 0.159455046 0.240750819 0.101771288 0.991880536 -0.076260187 -0.237210199 -0.151401952 0.091208421 0.984255314 -0.071331978
0.982099235 -0.097078636 0.161421344 0.224478409 0.112371027 0.989721298 -0.088456094 -0.249025583 -0.151174948 0.105011746 0.982913375 -0.054612018
0.981599331 -0.106635056 0.158403739 0.205622733 0.121561252 0.988700688 -0.087714426 -0.257908583 -0.147260442 0.105356179 0.983470619 -0.040832907
0.981551528 -0.115464583 0.152396008 0.185284078 0.129019707 0.988225162 -0.082249463 -0.265883476 -0.141104683 0.100394174 0.984891117 -0.027134335
0.981343448 -0.123020083 0.147753358 0.163042739 0.135379285 0.987821102 -0.076693654 -0.272083312 -0.136519015 0.095265552 0.986046135 -0.005625810
0.980786681 -0.130595386 0.144921824 0.141741127 0.142796457 0.986735761 -0.077212252 -0.279558301 -0.132915989 0.096423067 0.986425817 0.006329967
0.979782820 -0.140885517 0.142045468 0.120242536 0.153052703 0.985081732 -0.078669526 -0.286470830 -0.128843009 0.098819487 0.986729026 0.016430166
0.979342222 -0.150464177 0.135090187 0.097519547 0.162307560 0.983380139 -0.081361666 -0.293975323 -0.120602988 0.101607069 0.987487197 0.027280584
0.979307532 -0.154725447 0.130448580 0.074834898 0.165668860 0.983121157 -0.077631243 -0.299545318 -0.116235226 0.097636126 0.988411129 0.033585008
0.979938865 -0.154807836 0.125516340 0.051749516 0.164454222 0.983864188 -0.070470460 -0.304350376 -0.112581655 0.089698426 0.989585578 0.037974905
0.980894089 -0.154393539 0.118361533 0.027141636 0.162308261 0.984891176 -0.060377583 -0.307823181 -0.107251316 0.078435063 0.991133213 0.044819739
0.982194126 -0.149328649 0.113998227 0.004568109 0.155659527 0.986606300 -0.048766389 -0.312615126 -0.105189152 0.065642975 0.992283344 0.047429815
0.983220637 -0.143269807 0.112920299 -0.016894616 0.148817629 0.987959802 -0.042293128 -0.318559438 -0.105501384 0.058388006 0.992703557 0.048964873
0.983596325 -0.140283853 0.113396123 -0.036135972 0.145926565 0.988358140 -0.043054014 -0.326053202 -0.106036201 0.058895282 0.992616594 0.053556666
0.983456373 -0.140291303 0.114594594 -0.054662887 0.146861166 0.987840712 -0.051015526 -0.331760079 -0.106044173 0.067001037 0.992101550 0.053785373
0.983237028 -0.141194046 0.115365401 -0.071775012 0.148434281 0.987293005 -0.056742992 -0.335421890 -0.105887681 0.072915986 0.991701066 0.054028459
0.984235883 -0.134357855 0.115011923 -0.087698489 0.141264096 0.988490939 -0.054130647 -0.336550534 -0.106415369 0.069524378 0.991888165 0.056854270
0.985752344 -0.125274912 0.112242900 -0.101274937 0.131132558 0.990278780 -0.046391770 -0.335243076 -0.105340041 0.060449496 0.992597282 0.057536010
0.987199128 -0.117618501 0.107720628 -0.112393707 0.122489855 0.991673112 -0.039758172 -0.332002491 -0.102147356 0.052443918 0.993385911 0.057771098
0.988026679 -0.112010337 0.106098957 -0.119555637 0.116204210 0.992636800 -0.034187738 -0.328135937 -0.101488344 0.046107542 0.993767679 0.059659120
0.988504648 -0.108044729 0.105758831 -0.122920662 0.111563280 0.993364990 -0.027921757 -0.322528303 -0.102040321 0.039399587 0.993999720 0.058554735
0.988673985 -0.104833364 0.107395224 -0.121422179 0.108521059 0.993668914 -0.029072886 -0.317333281 -0.103667490 0.040398248 0.993791223 0.056811716
0.988286495 -0.105201088 0.110555351 -0.119953610 0.109584443 0.993384361 -0.034333132 -0.308106184 -0.106212080 0.046046115 0.993276775 0.052994750
0.987756491 -0.104271866 0.116036870 -0.112981759 0.109250523 0.993310809 -0.037389278 -0.300683141 -0.111362033 0.049608588 0.992540956 0.050826930
0.987335980 -0.098332904 0.124492198 -0.103087284 0.103357010 0.994044185 -0.034547128 -0.292544723 -0.120353624 0.046976760 0.991618991 0.047966346
0.987057626 -0.092939161 0.130688816 -0.092355266 0.097507276 0.994812608 -0.028986782 -0.284299910 -0.127316862 0.041354731 0.990999579 0.044122741
0.986684203 -0.091472171 0.134488225 -0.078890175 0.094860502 0.995309412 -0.018992385 -0.277806312 -0.132120132 0.031497106 0.990733147 0.040515039
0.986006260 -0.085316651 0.143222511 -0.062136218 0.087897860 0.996059835 -0.011781355 -0.273604542 -0.141653031 0.024205441 0.989620388 0.036296621
0.984559894 -0.085338540 0.152837202 -0.044958953 0.088604487 0.995958805 -0.014674164 -0.270624578 -0.150967285 0.027989656 0.988142431 0.031506043
0.981981635 -0.094981268 0.163372636 -0.025406092 0.099937931 0.994742095 -0.022374351 -0.267838329 -0.160388499 0.038298324 0.986310661 0.026367711
0.979359448 -0.108763792 0.170368850 -0.006740311 0.115354009 0.992893875 -0.029243257 -0.264087588 -0.165977597 0.048292387 0.984946311 0.020516027
0.977643967 -0.118084632 0.173977748 0.009631363 0.124761932 0.991793871 -0.027918208 -0.261186272 -0.169253334 0.048999865 0.984353781 0.008630388
0.977404416 -0.113925651 0.178049430 0.025852352 0.119822949 0.992535949 -0.022691341 -0.254747272 -0.174135342 0.043513022 0.983759880 0.000621506
0.977530479 -0.100893661 0.185080126 0.041608658 0.104642183 0.994453728 -0.010572943 -0.248157158 -0.182986870 0.029702559 0.982666552 -0.008834267
0.977605939 -0.089940049 0.190256029 0.056952678 0.091147937 0.995834470 0.002410599 -0.244134560 -0.189680308 0.014984829 0.981731534 -0.020213291
0.976575196 -0.082632728 0.198677436 0.072899006 0.082744874 0.996540606 0.007752686 -0.243338436 -0.198630765 0.008868456 0.980034292 -0.031836133
0.974588633 -0.077656150 0.210110679 0.090742558 0.079170421 0.996860385 0.001207690 -0.246240914 -0.209544793 0.015457548 0.977676868 -0.043695405
0.971898794 -0.080209397 0.221312419 0.111325942 0.085459374 0.996239960 -0.014233516 -0.251620531 -0.219338611 0.032746758 0.975099087 -0.058119483
0.969053805 -0.090998642 0.229464456 0.132176012 0.100400604 0.994506359 -0.029611822 -0.255561352 -0.225509211 0.051733818 0.972866476 -0.070323557
0.966789007 -0.101757199 0.234445184 0.153251767 0.115012959 0.992409170 -0.043543167 -0.256547838 -0.228234738 0.069061287 0.971153677 -0.082322679
0.964715600 -0.106494047 0.240796238 0.178777978 0.121217169 0.991506159 -0.047137722 -0.258091569 -0.233731061 0.074663132 0.969430327 -0.092584223
0.962601304 -0.102281526 0.250872910 0.199782729 0.117955431 0.991847575 -0.048217125 -0.251628876 -0.243895978 0.076005690 0.966818452 -0.101901196
0.960441113 -0.096660703 0.261169612 0.218839824 0.112089470 0.992687523 -0.044804066 -0.242805943 -0.254929006 0.072306029 0.964252591 -0.109702908
0.959161758 -0.094104595 0.266745210 0.234721079 0.108510382 0.993300021 -0.039756753 -0.235347480 -0.261216700 0.067077778 0.962946713 -0.117213011
0.957771540 -0.090298742 0.272983193 0.247004926 0.103338286 0.994073808 -0.033741452 -0.226916090 -0.268318653 0.060526215 0.961426914 -0.122911431
0.956065059 -0.092409983 0.278208554 0.254371315 0.104550168 0.994094133 -0.029088015 -0.221712083 -0.273877442 0.056896783 0.960080147 -0.127333567
0.953850091 -0.104733273 0.281426638 0.260064960 0.115685523 0.993030131 -0.022539966 -0.222767994 -0.277104467 0.054056741 0.959317982 -0.127652809
0.952705860 -0.116840675 0.280534893 0.256385982 0.127907589 0.991555095 -0.021403197 -0.225476399 -0.275665075 0.056273494 0.959605157 -0.129944891
0.953648627 -0.126871303 0.272869945 0.247708350 0.138666376 0.990040958 -0.024301779 -0.230701268 -0.267069221 0.061013240 0.961743951 -0.131365031
0.955730140 -0.134077281 0.261922091 0.237304464 0.146153390 0.988890946 -0.027089663 -0.238778651 -0.255380303 0.064171210 0.964708745 -0.132776707
0.958565712 -0.139126256 0.248587266 0.221836254 0.150787428 0.988158047 -0.028404227 -0.246816233 -0.241691723 0.064711146 0.968192935 -0.133438170
0.961885512 -0.146162510 0.231112167 0.203118816 0.158063293 0.986852348 -0.033741139 -0.255985498 -0.223141894 0.068985455 0.972341895 -0.133257031
0.964263678 -0.158110723 0.212594762 0.184324771 0.171205208 0.984227896 -0.044544771 -0.264967769 -0.202198699 0.079350233 0.976124585 -0.131931007
0.964969814 -0.174398035 0.196006551 0.162273496 0.189511597 0.979978561 -0.061052237 -0.271928102 -0.181434825 0.096059084 0.978700161 -0.128785551
0.964720726 -0.188976973 0.183307573 0.139836788 0.206339747 0.975153267 -0.080622546 -0.275722653 -0.163517192 0.115601875 0.979744017 -0.123682819
0.964604080 -0.198536590 0.173557296 0.119982980 0.217013970 0.971560538 -0.094736643 -0.274194509 -0.149812743 0.129047722 0.980256498 -0.118341766
0.965490341 -0.202882811 0.163300186 0.098383516 0.220866576 0.970102131 -0.100596972 -0.268121839 -0.138008475 0.133192956 0.981434286 -0.110098183
0.967687130 -0.197581068 0.156663060 0.078546561 0.214219138 0.971913218 -0.097441286 -0.257366866 -0.133010358 0.127852902 0.982833624 -0.100924119
0.970704436 -0.186471626 0.151529655 0.059623785 0.201315120 0.975452483 -0.089245103 -0.243683398 -0.131168291 0.117135830 0.984415591 -0.085812479
0.974066734 -0.174480960 0.144050032 0.042998731 0.186866149 0.979334056 -0.077368602 -0.227036521 -0.127573758 0.102280259 0.986541271 -0.076373510
0.977390587 -0.160598606 0.137534395 0.028526323 0.170491457 0.983318567 -0.063381732 -0.208756119 -0.125061110 0.085397154 0.988467038 -0.067421302
0.979941130 -0.149443731 0.131840587 0.015479528 0.157618120 0.986030459 -0.053856004 -0.190196231 -0.121950388 0.073556177 0.989806831 -0.057096913
0.981419265 -0.144587547 0.126137435 0.004702880 0.151376426 0.987407267 -0.045957528 -0.171565279 -0.117904127 0.064197838 0.990947664 -0.048910342
0.982619047 -0.135925442 0.126427993 -0.003769871 0.141737491 0.989169657 -0.038129639 -0.152935058 -0.119875953 0.055386495 0.991242707 -0.040996213
0.983652353 -0.125693604 0.128954247 -0.012163639 0.130113706 0.991147280 -0.026410736 -0.134101093 -0.124492988 0.042757697 0.991298795 -0.032704111
0.984870553 -0.111923113 0.132299483 -0.017997440 0.114615485 0.993326306 -0.012889244 -0.116676100 -0.129973948 0.027857807 0.991126001 -0.025275502
0.986015439 -0.096632354 0.135778427 -0.022748357 0.097107656 0.995268941 0.003134076 -0.100198783 -0.135438919 0.010094878 0.990734279 -0.018304180
0.986563504 -0.078994595 0.143011600 -0.026559293 0.077622093 0.996867597 0.015159778 -0.081826597 -0.143761158 -0.003855225 0.989604890 -0.014107977
0.986274242 -0.072293818 0.148447528 -0.029595669 0.070162132 0.997343957 0.019553632 -0.069681473 -0.149466857 -0.008869847 0.988726974 -0.008195002
0.985134602 -0.070470929 0.156664371 -0.031514362 0.068421632 0.997485995 0.018442292 -0.059457824 -0.157570153 -0.007448908 0.987479687 -0.003187504
0.983852029 -0.072350949 0.163708791 -0.032899659 0.070877105 0.997374773 0.014833784 -0.053175151 -0.164352253 -0.002991043 0.986397207 -0.000364575
0.982939184 -0.076848529 0.167107478 -0.034315426 0.074912421 0.997030020 0.017868368 -0.045096561 -0.167984322 -0.005045094 0.985776782 0.002921070
0.982590258 -0.073684491 0.170549199 -0.035352696 0.070453264 0.997203529 0.024929732 -0.037581880 -0.171909198 -0.012479964 0.985033751 0.005622888
0.982730865 -0.065397769 0.173098654 -0.037187554 0.059716925 0.997498214 0.037831005 -0.023817752 -0.175139666 -0.026840780 0.984177649 0.008921669
0.982956171 -0.055817921 0.175161570 -0.038010277 0.046876755 0.997397602 0.054777235 -0.017683271 -0.177763283 -0.045632616 0.983014703 0.010469676
0.983566582 -0.048887827 0.173800990 -0.039288666 0.037490033 0.996962249 0.068269886 -0.013079545 -0.176610604 -0.060632173 0.982411563 0.011822949
0.983909249 -0.043605663 0.173266232 -0.039931994 0.031439662 0.996883571 0.072351053 -0.013722836 -0.175881177 -0.065739438 0.982213914 0.006230167
0.983998835 -0.041967537 0.173161849 -0.040622305 0.030463779 0.997181416 0.068565480 -0.011863487 -0.175551310 -0.062193193 0.982503831 0.007810372
0.983200192 -0.049881928 0.175582245 -0.040333766 0.041331366 0.997790098 0.052025132 -0.012495140 -0.177789345 -0.043894067 0.983089149 0.008750552
0.982473016 -0.056560460 0.177616626 -0.039090078 0.049911391 0.997883320 0.041686088 -0.013133512 -0.179598451 -0.032090366 0.983216465 0.008935533
0.982294679 -0.061119065 0.177092135 -0.039015885 0.055694155 0.997818410 0.035448514 -0.012046432 -0.178872377 -0.024957888 0.983555675 0.010316576
0.981982231 -0.062556803 0.178318813 -0.039029922 0.058386948 0.997885942 0.028542189 -0.011870421 -0.179727331 -0.017616430 0.983558714 0.011250504
0.981760740 -0.061339799 0.179953665 -0.039820690 0.058397945 0.998059571 0.021605363 -0.010663472 -0.180929750 -0.010702373 0.983437777 0.009134712
0.981537104 -0.061998770 0.180944979 -0.039912436 0.060827032 0.998075902 0.012022940 -0.010627404 -0.181342244 -0.000794617 0.983419716 0.009389772
0.981605411 -0.060034115 0.181236684 -0.039856214 0.058982033 0.998196304 0.011193901 -0.010205988 -0.181581795 -0.000298286 0.983375788 0.009583007
0.981635630 -0.059305273 0.181312844 -0.038953170 0.058331005 0.998239875 0.010705759 -0.010832022 -0.181628630 0.000067005 0.983367205 0.010036765
0.981646419 -0.060278419 0.180933163 -0.039169755 0.059383471 0.998181462 0.010364219 -0.011026071 -0.181228861 0.000570440 0.983440757 0.010628009
0.981656253 -0.059877351 0.181012914 -0.039190080 0.058950342 0.998205662 0.010501671 -0.010983130 -0.181316927 0.000361741 0.983424664 0.011128403
0.981624246 -0.061168037 0.180754676 -0.039919470 0.060244769 0.998127341 0.010598693 -0.009951103 -0.181064501 0.000485589 0.983471096 0.008977485
0.981606066 -0.061905600 0.180602357 -0.040053453 0.060987338 0.998081863 0.010638347 -0.010150882 -0.180914506 0.000571790 0.983498693 0.009618963
0.981654167 -0.061305441 0.180545732 -0.039983314 0.060385965 0.998118937 0.010590035 -0.010331514 -0.180855349 0.000506677 0.983509600 0.010219684
0.981685162 -0.060707387 0.180579200 -0.039519668 0.059810843 0.998155415 0.010410909 -0.011952085 -0.180878118 0.000580359 0.983505368 0.011761175
0.981745005 -0.059980329 0.180496752 -0.039534107 0.059091713 0.998199403 0.010301197 -0.012130578 -0.180789620 0.000552713 0.983521640 0.012157192
0.981639147 -0.063871771 0.179735824 -0.040142905 0.063072100 0.997957170 0.010166289 -0.012717132 -0.180017993 0.001356687 0.983662367 0.012695656
0.981699705 -0.061230350 0.180323333 -0.039903924 0.060251225 0.998123646 0.010907363 -0.010613804 -0.180652857 0.000156946 0.983546913 0.009171984
0.981710076 -0.063179173 0.179593295 -0.040350646 0.062295146 0.998001873 0.010563646 -0.010889373 -0.179901838 0.000817352 0.983684242 0.009429859
0.981719434 -0.061981235 0.179959118 -0.040201526 0.061073828 0.998077154 0.010584019 -0.011092162 -0.180269092 0.000600254 0.983617127 0.009730176
0.981718659 -0.063306302 0.179501638 -0.036328737 0.062374320 0.997994006 0.010837111 -0.012324324 -0.179827616 0.000557300 0.983698010 0.009806528
0.981711149 -0.063568264 0.179449856 -0.036418423 0.062670797 0.997977197 0.010671842 -0.012477276 -0.179765254 0.000769597 0.983709216 0.010059160
0.981701314 -0.062776402 0.179782256 -0.036232073 0.061860856 0.998027444 0.010700105 -0.012642931 -0.180099323 0.000617176 0.983648241 0.010346414
0.981692910 -0.063328683 0.179634377 -0.040475931 0.062433541 0.997992396 0.010638177 -0.011072253 -0.179947451 0.000771785 0.983675897 0.008829247
0.981696606 -0.061870810 0.180121526 -0.040161014 0.060962576 0.998084009 0.010579009 -0.011130139 -0.180430934 0.000595293 0.983587503 0.009047139
0.981678247 -0.064119160 0.179433957 -0.036207777 0.063192576 0.997942030 0.010881042 -0.013087630 -0.179762378 0.000657211 0.983709872 0.010885134
0.981679618 -0.062344220 0.180050954 -0.040200185 0.061414484 0.998054564 0.010739118 -0.010549050 -0.180370197 0.000515362 0.983598650 0.008442378
0.981680572 -0.062942371 0.179837361 -0.040190279 0.062014323 0.998017013 0.010783615 -0.010708456 -0.180159494 0.000566426 0.983637273 0.008710150
0.981664658 -0.063725665 0.179648399 -0.035985116 0.062784761 0.997967303 0.010924356 -0.013139850 -0.179979384 0.000555126 0.983670235 0.011719473
0.981682777 -0.062587887 0.179949209 -0.039494269 0.061736442 0.998039007 0.010333765 -0.012114474 -0.180243090 0.000964943 0.983621597 0.010197972
0.981673121 -0.062808156 0.179924920 -0.039516434 0.061952606 0.998025179 0.010376047 -0.012184083 -0.180221304 0.000960931 0.983625650 0.010333772
0.981667697 -0.062816806 0.179951504 -0.040099848 0.061856072 0.998025000 0.010950903 -0.010804936 -0.180284008 0.000380944 0.983614504 0.008963097
0.981684625 -0.062967770 0.179806575 -0.040182564 0.062091552 0.998015225 0.010502796 -0.010887646 -0.180111036 0.000854036 0.983645916 0.009319025
0.981685996 -0.062720418 0.179885328 -0.040078722 0.061826713 0.998030841 0.010576159 -0.010985557 -0.180194438 0.000739249 0.983630717 0.009456214
0.981688321 -0.063176550 0.179712981 -0.040122222 0.062278606 0.998002112 0.010640003 -0.011071421 -0.180026114 0.000747106 0.983661532 0.009560003
0.981676161 -0.062785186 0.179916590 -0.040249195 0.061878078 0.998026848 0.010655319 -0.010965186 -0.180230588 0.000672819 0.983624160 0.009645486
0.981657445 -0.063108198 0.179905653 -0.040249690 0.062203713 0.998006463 0.010670304 -0.011164329 -0.180220395 0.000716215 0.983626008 0.009801593
0.981646121 -0.063164607 0.179947704 -0.040021237 0.062235326 0.998002946 0.010810917 -0.011475339 -0.180271208 0.000586608 0.983616769 0.009938424
0.981697917 -0.062210981 0.179997221 -0.040538393 0.061370295 0.998062551 0.010241037 -0.005716101 -0.180285588 0.000992877 0.983613789 0.014404057
0.981691599 -0.062406335 0.179964200 -0.040532447 0.061536159 0.998050451 0.010419521 -0.005840132 -0.180263594 0.000845550 0.983617961 0.014478757
0.981636345 -0.063352935 0.179934740 -0.040159564 0.062388312 0.997991085 0.011020817 -0.011367078 -0.180271477 0.000407388 0.983616829 0.009729343
0.981684864 -0.063033298 0.179782197 -0.040476095 0.062111538 0.998011231 0.010757380 -0.010825844 -0.180102721 0.000606192 0.983647645 0.008790329
0.981677413 -0.063127980 0.179789588 -0.040447049 0.062201500 0.998005271 0.010791761 -0.010938734 -0.180112228 0.000589154 0.983645916 0.008987741
0.981669605 -0.063227527 0.179797232 -0.040432852 0.062306400 0.997998953 0.010771590 -0.011037070 -0.180118501 0.000628373 0.983644724 0.009224299
0.981677353 -0.063175313 0.179773316 -0.040654890 0.062267702 0.998002231 0.010692938 -0.011241481 -0.180089697 0.000697055 0.983649969 0.009243991
0.981666327 -0.063321732 0.179782212 -0.040625546 0.062407576 0.997992933 0.010742048 -0.011286784 -0.180101573 0.000674665 0.983647764 0.009482900
0.981637478 -0.062828846 0.180112138 -0.040417925 0.061930075 0.998024046 0.010614596 -0.006178134 -0.180423155 0.000734671 0.983588815 0.015888689
0.981684208 -0.063327610 0.179682329 -0.040225260 0.062400237 0.997992635 0.010814440 -0.010685471 -0.180006489 0.000595854 0.983665228 0.009836148
0.981679142 -0.063492931 0.179651752 -0.040240072 0.062559895 0.997982144 0.010860289 -0.010678372 -0.179978803 0.000577677 0.983670294 0.009977052
0.981684983 -0.063461252 0.179630786 -0.040239949 0.062529303 0.997984111 0.010851391 -0.010717273 -0.179957330 0.000579540 0.983674228 0.010125851
0.981611669 -0.063259698 0.180101961 -0.039941229 0.062334511 0.997996926 0.010797779 -0.012355410 -0.180424273 0.000627341 0.983588696 0.012177708
0.981609881 -0.063327335 0.180087909 -0.039943051 0.062397901 0.997992635 0.010827025 -0.012367153 -0.180412039 0.000609192 0.983590961 0.012341485
0.981665790 -0.063606411 0.179684445 -0.040194008 0.062668145 0.997974932 0.010899291 -0.010812884 -0.180013821 0.000561030 0.983663917 0.010541655
0.981675327 -0.063604444 0.179633155 -0.040678050 0.062713489 0.997974873 0.010640305 -0.010823311 -0.179946139 0.000820097 0.983676136 0.009667697
