1.000000000 0.000000000 0.000000000 0.000000000 0.000000000 1.000000000 0.000000000 0.000000024 0.000000000 0.000000000 1.000000000 -0.000000030
0.999997914 0.000838360 0.001847522 -0.000424116 -0.000856865 0.999949276 0.010038370 0.022608899 -0.001839013 -0.010039933 0.999947906 0.006699864
0.999997854 0.000861260 0.001888491 -0.000979783 -0.000903922 0.999741733 0.022707174 0.045694377 -0.001868447 -0.022708831 0.999740362 0.013974420
0.999995708 -0.002603931 0.001364294 -0.001996121 0.002557890 0.999461055 0.032726958 0.071298964 -0.001448777 -0.032723330 0.999463379 0.021173839
0.999990165 -0.003949609 0.002014095 -0.003003743 0.003865806 0.999190629 0.040039852 0.096361041 -0.002170606 -0.040031672 0.999196053 0.028308297
0.999968231 -0.007864163 0.001315301 -0.004168166 0.007797713 0.998975277 0.044582125 0.123013236 -0.001664554 -0.044570450 0.999004841 0.036383864
0.999948025 -0.010178596 0.000572680 -0.004940584 0.010138972 0.998777449 0.048381835 0.147591159 -0.001064439 -0.048373513 0.998828769 0.042556398
0.999939799 -0.010953408 -0.000620574 -0.005635982 0.010970889 0.998553395 0.052637871 0.170846179 0.000043112 -0.052641515 0.998613477 0.048282523
0.999955237 -0.009417157 -0.000938838 -0.006143668 0.009455706 0.998279512 0.057866763 0.192426875 0.000392282 -0.057873052 0.998323858 0.053753421
0.999990523 -0.004327901 -0.000421639 -0.007331302 0.004346252 0.997829676 0.065704331 0.212644741 0.000136363 -0.065705538 0.997839034 0.056843672
0.999992967 -0.002883465 -0.002398357 -0.007974445 0.003059849 0.997017026 0.077120937 0.229612648 0.002168828 -0.077127732 0.997018874 0.060618341
0.999997973 0.000786277 -0.001848529 -0.009032372 -0.000612806 0.995755315 0.092038058 0.245804682 0.001913050 -0.092036746 0.995753765 0.062444150
0.999993682 0.001997583 -0.002941177 -0.009879048 -0.001663584 0.993987620 0.109479666 0.258091837 0.003142189 -0.109474078 0.993984699 0.064389542
0.999990106 0.000224775 -0.004445213 -0.010689471 0.000336743 0.992040813 0.125916481 0.264898539 0.004438136 -0.125916719 0.992030859 0.064693354
0.999973595 -0.002264866 -0.006908400 -0.011290228 0.003205908 0.990229845 0.139407843 0.263240635 0.006525164 -0.139426321 0.990210950 0.064156413
0.999956667 -0.001413840 -0.009202641 -0.012113039 0.002734939 0.989402711 0.145171806 0.253122181 0.008899868 -0.145190671 0.989363670 0.059273075
0.999952316 -0.000532907 -0.009748631 -0.012702353 0.001921001 0.989729404 0.142940581 0.234439567 0.009572334 -0.142952502 0.989683270 0.054046363
0.999971330 0.003995523 -0.006429141 -0.013456021 -0.003084636 0.990714490 0.135923997 0.208503976 0.006912530 -0.135900274 0.990698397 0.047987115
0.999966383 0.008108553 -0.001219187 -0.013880545 -0.007894959 0.992259502 0.123930551 0.178423718 0.002214647 -0.123916753 0.992290139 0.041040681
0.999894559 0.013410542 0.005567973 -0.013422132 -0.013945205 0.993740916 0.110835820 0.143506303 -0.004046754 -0.110901788 0.993823111 0.034657151
0.999656439 0.020794766 0.015953913 -0.014004978 -0.022240242 0.995081007 0.096535966 0.104810417 -0.013867993 -0.096857622 0.995201647 0.027130378
0.999203503 0.029254446 0.027140081 -0.014617683 -0.031369936 0.996211350 0.081110239 0.066076830 -0.024664421 -0.081897020 0.996335566 0.019616580
0.998934805 0.033764187 0.031452123 -0.015349964 -0.035785068 0.997172713 0.066075854 0.027303049 -0.029132202 -0.067130990 0.997318804 0.011235335
0.998836875 0.036307078 0.031727973 -0.016815368 -0.037906010 0.997961700 0.051337983 -0.006540934 -0.029799368 -0.052480955 0.998177230 0.003920553
0.998997986 0.033761367 0.029379245 -0.018298501 -0.034850754 0.998692691 0.037393801 -0.039063282 -0.028078374 -0.038380221 0.998868644 -0.004305898
0.999065995 0.031079961 0.030019479 -0.018584978 -0.031837136 0.999178290 0.025082987 -0.072608277 -0.029215233 -0.026015293 0.999234557 -0.011945545
0.999225795 0.024850687 0.030500552 -0.018199207 -0.025137933 0.999642849 0.009070606 -0.100664526 -0.030264249 -0.009830304 0.999493599 -0.017441044
0.999286234 0.021221098 0.031251557 -0.017733498 -0.021012317 0.999754727 -0.006994015 -0.126262158 -0.031392314 0.006332355 0.999487102 -0.024310818
0.999366105 0.017041385 0.031255838 -0.016753078 -0.016265407 0.999557257 -0.024915140 -0.147324309 -0.031666588 0.024390958 0.999200821 -0.029772744
0.999354541 0.018823154 0.030597217 -0.015487997 -0.017595693 0.999048650 -0.039902702 -0.163021445 -0.031319201 0.039338566 0.998735011 -0.035633903
0.999326706 0.018007413 0.031965926 -0.016568106 -0.016360480 0.998561800 -0.051055856 -0.172867462 -0.032839336 0.050498500 0.998184085 -0.040720977
0.999092937 0.022796771 0.035967037 -0.015091969 -0.020856125 0.998353302 -0.053438518 -0.172279373 -0.037126034 0.052639913 0.997923195 -0.040970184
0.998888314 0.028118193 0.037834685 -0.011736037 -0.026251018 0.998455048 -0.048974030 -0.163540989 -0.039153289 0.047926389 0.998083174 -0.037509531
0.998634219 0.033439837 0.040143244 -0.008740341 -0.031892434 0.998746157 -0.038587570 -0.146696299 -0.041383274 0.037254602 0.998448551 -0.031532861
0.998664677 0.030923121 0.041383617 -0.005540261 -0.029845983 0.999205887 -0.026397754 -0.124345429 -0.042167053 0.025127370 0.998794556 -0.023751721
0.998740673 0.029111283 0.040860921 -0.009942041 -0.028615093 0.999510109 -0.012676258 -0.097349115 -0.041209929 0.011491055 0.999084413 -0.022674957
0.998915434 0.024179857 0.039791081 -0.008325809 -0.024104547 0.999706626 -0.002371388 -0.068383403 -0.039836746 0.001409670 0.999205232 -0.013897033
0.998914599 0.026429445 0.038354650 -0.006057068 -0.026638094 0.999632955 0.004939158 -0.038453951 -0.038210034 -0.005955492 0.999251962 -0.005682293
0.999051452 0.024899703 0.035723731 -0.003524788 -0.025222272 0.999644816 0.008607459 -0.004174352 -0.035496719 -0.009500328 0.999324620 0.003591203
0.999263763 0.024427027 0.029584253 -0.002380307 -0.024787713 0.999622047 0.011887020 0.028052991 -0.029282706 -0.012611595 0.999491632 0.010434655
0.999354541 0.023058955 0.027546866 -0.001284519 -0.023498613 0.999599874 0.015744772 0.061566420 -0.027172787 -0.016381923 0.999496520 0.019834531
0.999531865 0.018508080 0.024361933 -0.001051536 -0.019127611 0.999493122 0.025447844 0.094282746 -0.023878595 -0.025901916 0.999379277 0.026996709
0.999466479 0.015852716 0.028556598 -0.000367236 -0.016959399 0.999097705 0.038938094 0.126015007 -0.027913557 -0.039401624 0.998833477 0.036130898
0.999400973 0.012235358 0.032373209 -0.000648489 -0.013995951 0.998403192 0.054728761 0.156145036 -0.031651888 -0.055149071 0.997976303 0.043669738
0.999268651 0.013122339 0.035916600 -0.000805810 -0.015683938 0.997281730 0.071994513 0.182712704 -0.034874234 -0.072505176 0.996758163 0.049745772
0.999264419 0.015199864 0.035208225 -0.001989536 -0.018297082 0.995828867 0.089387074 0.202450812 -0.033702694 -0.089965522 0.995374441 0.050908394
0.999386549 0.014372631 0.031937413 -0.003578320 -0.017622847 0.994427681 0.103937499 0.217627630 -0.030265592 -0.104436569 0.994070947 0.053362265
0.999488771 0.015129069 0.028164992 -0.004706365 -0.018282289 0.993162930 0.115296088 0.228066847 -0.026228102 -0.115752064 0.992931783 0.054603767
0.999540746 0.015319906 0.026146112 -0.006313416 -0.018408149 0.992323756 0.122289278 0.226597860 -0.024071949 -0.122714423 0.992150068 0.054172643
0.999612987 0.015363708 0.023190740 -0.007915401 -0.018135961 0.992053449 0.124503233 0.216913462 -0.021093622 -0.124875642 0.991948128 0.051779225
0.999682426 0.013856881 0.021047579 -0.009902134 -0.016276063 0.992700934 0.119498581 0.198870629 -0.019238075 -0.119803205 0.992611229 0.047342338
0.999693096 0.014194915 0.020301925 -0.012016065 -0.016287804 0.994131505 0.106945232 0.174186885 -0.018664705 -0.107243091 0.994057596 0.040053565
0.999705493 0.013193653 0.020368995 -0.013645506 -0.015004448 0.995694637 0.091471307 0.146487713 -0.019074460 -0.091749988 0.995599389 0.033303943
0.999586105 0.017025281 0.023189219 -0.014653040 -0.018793058 0.996754229 0.078280255 0.116403036 -0.021781208 -0.078683659 0.996661663 0.026292175
0.999484360 0.017573345 0.026874172 -0.015551470 -0.019370299 0.997487962 0.068136476 0.084857807 -0.025609275 -0.068621896 0.997313976 0.018983729
0.999225318 0.021899285 0.032698594 -0.015539230 -0.023889398 0.997804701 0.061766606 0.052751057 -0.031274170 -0.062499907 0.997554839 0.011278218
0.999027550 0.022144863 0.038124811 -0.015385705 -0.024294486 0.998085618 0.056876175 0.020090519 -0.036792312 -0.057747088 0.997653067 0.003113352
0.998950303 0.021177985 0.040617831 -0.014945153 -0.023335386 0.998300612 0.053397603 -0.012383962 -0.039417952 -0.054289386 0.997746885 -0.004757031
0.998872876 0.016935155 0.044340979 -0.013056639 -0.018944934 0.998793542 0.045304731 -0.043598924 -0.043520238 -0.046093702 0.997988641 -0.010669707
0.998640120 0.011937344 0.050748650 -0.011524036 -0.013759543 0.999267459 0.035709973 -0.075527489 -0.050285194 -0.036359686 0.998072803 -0.017529568
0.998180389 0.007293848 0.059855558 -0.009018519 -0.008649273 0.999711275 0.022417178 -0.107858576 -0.059674770 -0.022894094 0.997955322 -0.024362288
0.997802854 0.002499582 0.066206209 -0.007313840 -0.002917350 0.999976456 0.006214175 -0.137607634 -0.066189118 -0.006393668 0.997786641 -0.031466536
0.997555912 0.002300215 0.069835253 -0.005843213 -0.001546438 0.999939978 -0.010845792 -0.163849697 -0.069856010 0.010711289 0.997499585 -0.038380682
0.997318089 0.002230624 0.073155113 -0.003482565 -0.000204720 0.999616563 -0.027689077 -0.184185490 -0.073188819 0.027599841 0.996936142 -0.046447773
0.997322679 0.005057138 0.072951421 -0.002654521 -0.002259015 0.999260366 -0.038387615 -0.197125152 -0.073091596 0.038120043 0.996596456 -0.050899785
0.997172296 0.007237121 0.074799925 -0.001658621 -0.004019444 0.999063611 -0.043078464 -0.202719107 -0.075041652 0.042655993 0.996267617 -0.052907418
0.996829331 0.011763647 0.078695223 -0.000527485 -0.008365760 0.999024093 -0.043368988 -0.199669734 -0.079128608 0.042573132 0.995954931 -0.052120525
0.996698260 0.015705569 0.079660967 0.000064138 -0.012466546 0.999081552 -0.040995724 -0.188850313 -0.080231667 0.039867274 0.995978653 -0.048911713
0.996804893 0.017179608 0.078005485 0.000312848 -0.014309969 0.999205410 -0.037198804 -0.171331391 -0.078582563 0.035963692 0.996258676 -0.043568648
0.996948600 0.016990356 0.076189138 0.000955576 -0.014506285 0.999348760 -0.033039749 -0.149421975 -0.076700874 0.031833708 0.996545851 -0.036230791
0.997050047 0.018125290 0.074583255 0.002500927 -0.016051406 0.999470234 -0.028312435 -0.122840099 -0.075056918 0.027031748 0.996812820 -0.027676413
0.997411668 0.016263710 0.070039317 0.004347754 -0.014646138 0.999615431 -0.023547165 -0.093593046 -0.070395350 0.022460412 0.997266293 -0.018696852
0.997641742 0.019824412 0.065711491 0.005612284 -0.018755376 0.999682188 -0.016845847 -0.061293997 -0.066024564 0.015573675 0.997696459 -0.007912055
0.997837007 0.020691853 0.062395211 0.008342763 -0.020071141 0.999742806 -0.010558579 -0.028699288 -0.062597640 0.009283397 0.997995675 0.000871946
0.997791171 0.024337223 0.061810095 0.010595085 -0.024263820 0.999703705 -0.001937970 0.005458316 -0.061838944 0.000433941 0.998086035 0.010265076
0.997400403 0.027091168 0.066772081 0.012214638 -0.027757157 0.999573588 0.009066433 0.039675310 -0.066497989 -0.010896267 0.997727036 0.020655721
0.997870386 0.023453886 0.060865492 0.012803184 -0.025067693 0.999350488 0.025887489 0.073617652 -0.060218796 -0.027358115 0.997810245 0.029086733
0.998225927 0.015458379 0.057498116 0.012781428 -0.018192708 0.998713136 0.047339756 0.105300479 -0.056692328 -0.048301820 0.997222602 0.037100200
0.998563230 0.007469209 0.053063054 0.012967297 -0.011209585 0.997445583 0.070545301 0.134873986 -0.052400593 -0.071038753 0.996096194 0.043563515
0.998635769 0.001688181 0.052189309 0.013000374 -0.006441071 0.995826721 0.091036819 0.161873892 -0.051817823 -0.091248773 0.994479060 0.049440924
0.998639166 0.000893054 0.052144088 0.013188437 -0.006432028 0.994328916 0.106153660 0.186471298 -0.051753573 -0.106344588 0.992981553 0.054289050
0.998556197 0.006143895 0.053365026 0.013885358 -0.012328004 0.993132889 0.116340235 0.208753064 -0.052283783 -0.116830140 0.991774738 0.059457827
0.998638272 0.012662286 0.050609335 0.013767229 -0.018785974 0.992300570 0.122420110 0.225799426 -0.048669554 -0.123204149 0.991187155 0.061533164
0.998854935 0.016206112 0.045013640 0.012198315 -0.021729674 0.991910100 0.125068456 0.237206697 -0.042622615 -0.125903368 0.991126478 0.062187411
0.999122441 0.018485773 0.037584223 0.010568847 -0.023058202 0.991874099 0.125116512 0.242316529 -0.034965940 -0.125873342 0.991429925 0.061542485
0.999314249 0.018630352 0.031998735 0.008592416 -0.022498965 0.991883636 0.125142321 0.239367291 -0.029407578 -0.125776455 0.991622627 0.059159834
0.999418795 0.019437766 0.028004332 0.007433519 -0.022805085 0.991839886 0.125433475 0.229613513 -0.025337668 -0.125999212 0.991706729 0.057009593
0.999423862 0.020992387 0.026670108 0.006754111 -0.024169568 0.991860628 0.125013396 0.212904125 -0.023828698 -0.125585988 0.991796553 0.053733662
0.999452591 0.020457240 0.025999714 0.006990822 -0.023485279 0.992243230 0.122073047 0.191309214 -0.023300763 -0.122616835 0.992180526 0.051000997
0.999409556 0.021681111 0.026655449 0.005180248 -0.024687912 0.992681921 0.118207991 0.164256126 -0.023897501 -0.118796259 0.992631018 0.044166066
0.999270916 0.024688553 0.029121753 0.004626836 -0.027872484 0.993026912 0.114545465 0.134957835 -0.026090723 -0.115273654 0.992991090 0.038648583
0.998842537 0.031006891 0.036771502 0.005780831 -0.034886274 0.993314862 0.110038735 0.102908216 -0.033113722 -0.111194186 0.993246853 0.034471031
0.998380244 0.036157090 0.043926336 0.005219490 -0.040539984 0.993816078 0.103373595 0.068187982 -0.039917007 -0.104986928 0.993672192 0.027233817
0.998140991 0.038057648 0.047603931 0.004953191 -0.042374499 0.994742334 0.093231201 0.032057244 -0.043805484 -0.095075071 0.994505823 0.020434862
0.998052657 0.036294926 0.050730400 0.005282118 -0.040259358 0.996025980 0.079444855 -0.004489645 -0.047645353 -0.081332520 0.995547533 0.015168940
0.997875810 0.034438353 0.055297673 0.004707579 -0.037856121 0.997358084 0.061997831 -0.041065749 -0.053016476 -0.063959494 0.996543229 0.006429526
0.997518718 0.032107595 0.062653951 0.004305736 -0.034731608 0.998544991 0.041251220 -0.076867215 -0.061238308 -0.043324932 0.997182429 -0.000781039
0.997116506 0.032166462 0.068731181 0.003732682 -0.033566687 0.999249816 0.019315392 -0.110756658 -0.068058319 -0.021566775 0.997448206 -0.008733812
0.996544659 0.031892825 0.076691300 0.002421204 -0.031926837 0.999489903 -0.000782820 -0.142129019 -0.076677144 -0.001668396 0.997054577 -0.014749872
0.996266127 0.032357696 0.080042310 0.001444804 -0.031058598 0.999365687 -0.017422574 -0.169835612 -0.080555297 0.014871518 0.996639192 -0.022404974
0.996252954 0.027971817 0.081839241 0.000027729 -0.025526142 0.999200225 -0.030779261 -0.193252027 -0.082634740 0.028574891 0.996170163 -0.029487921
0.996412694 0.025033841 0.080839738 -0.001492720 -0.021849172 0.998959064 -0.040042065 -0.211180016 -0.081757993 0.038132139 0.995922446 -0.035750888
0.996425271 0.018696064 0.082383975 0.000016719 -0.015064811 0.998896658 -0.044480462 -0.222777888 -0.083124682 0.043080356 0.995607555 -0.041468766
0.996162355 0.016172068 0.086017586 -0.000335658 -0.012445934 0.998968065 -0.043679547 -0.226630673 -0.086635210 0.042441349 0.995335639 -0.042224701
0.995891094 0.013658284 0.089523226 -0.000383143 -0.010084379 0.999138653 -0.040252987 -0.223206446 -0.089995906 0.039184805 0.995171010 -0.040707368
0.995859504 0.012611751 0.090026736 -0.000651214 -0.009445967 0.999324858 -0.035504777 -0.213885233 -0.090413734 0.034507383 0.995306313 -0.037130821
0.995420933 0.011213508 0.094928361 -0.000002250 -0.008417362 0.999520302 -0.029804686 -0.198508665 -0.095217042 0.028869161 0.995037854 -0.031381991
0.994867921 0.011941398 0.100474820 0.001459322 -0.009624854 0.999677300 -0.023509238 -0.178783923 -0.100723132 0.022421531 0.994661808 -0.024024762
0.994100332 0.018196926 0.106927030 0.003014995 -0.016471609 0.999719858 -0.016996587 -0.156256706 -0.107206367 0.015135052 0.994121611 -0.013702039
0.993465483 0.023691973 0.111646630 0.006048657 -0.022548763 0.999679685 -0.011491301 -0.131390557 -0.111883126 0.008898718 0.993681550 -0.005029571
0.992906928 0.032611620 0.114334390 0.007669671 -0.032229003 0.999467015 -0.005193863 -0.105579481 -0.114442825 0.001472139 0.993428767 0.002827613
0.992705047 0.036525432 0.114902571 0.012005692 -0.036919396 0.999317408 0.001301727 -0.079033040 -0.114776596 -0.005534364 0.993375897 0.011505312
0.993294477 0.039933782 0.108495869 0.014412335 -0.041343842 0.999086857 0.010777299 -0.051678643 -0.107966416 -0.015190667 0.994038463 0.015892582
0.993771374 0.042097535 0.103180781 0.016333753 -0.044533242 0.998778343 0.021416342 -0.025721876 -0.102153152 -0.025877921 0.994432032 0.020959437
0.994866252 0.043333635 0.091451116 0.017567204 -0.046533346 0.998366535 0.033149980 -0.000875547 -0.089865230 -0.037235320 0.995257616 0.023176128
0.996021807 0.042348474 0.078403972 0.017205225 -0.046035789 0.997887731 0.045834776 0.020373860 -0.076297320 -0.049261827 0.995867431 0.023116630
0.997109532 0.037687123 0.065971814 0.017745258 -0.041627049 0.997365832 0.059402302 0.039338890 -0.063559331 -0.061976813 0.996051729 0.023379562
0.998055458 0.032137029 0.053408764 0.017568847 -0.036069959 0.996577084 0.074384719 0.054113798 -0.050835446 -0.076166525 0.995798409 0.020135073
0.998633683 0.026170908 0.045231182 0.017775813 -0.030179059 0.995454192 0.090333395 0.064916104 -0.042661462 -0.091575004 0.994883895 0.016745899
0.999197543 0.017378658 0.036086518 0.016852623 -0.021137718 0.994082928 0.106547572 0.072854102 -0.034021337 -0.107224859 0.993652523 0.013619774
0.999534667 0.010660239 0.028579576 0.016248289 -0.014155121 0.992053270 0.125019655 0.077466689 -0.027019722 -0.125366017 0.991742551 0.008593560
0.999718547 0.004844630 0.023223689 0.015649941 -0.008133359 0.989590168 0.143684015 0.079546958 -0.022285840 -0.143832460 0.989351094 0.003531631
0.999726295 0.000119961 0.023395436 0.015208337 -0.003978872 0.986291111 0.164966673 0.080664627 -0.023054922 -0.165014595 0.986021638 -0.000881632
0.999550998 -0.004970872 0.029548554 0.014946776 -0.000699828 0.982001305 0.188872784 0.080728903 -0.029955583 -0.188808650 0.981556892 -0.004178282
0.999052882 -0.007360131 0.042884946 0.015410252 -0.001967635 0.976939857 0.213505656 0.080413222 -0.043467440 -0.213387817 0.976000130 -0.006745358
0.998392761 -0.012556789 0.055264611 0.014420649 -0.000776283 0.972024143 0.234879777 0.079265177 -0.056667868 -0.234545186 0.970452130 -0.009461086
0.997699320 -0.018485539 0.065225519 0.012392744 0.001346890 0.967322350 0.253546208 0.077549733 -0.067781039 -0.252875000 0.965121746 -0.012386456
0.997298956 -0.023864489 0.069464043 0.009440112 0.004195970 0.962711036 0.270499259 0.076229952 -0.073329121 -0.269477159 0.960210860 -0.016201997
0.997144103 -0.027607203 0.070295669 0.007092632 0.006133605 0.957320571 0.288963109 0.075489379 -0.075272955 -0.287706703 0.954755902 -0.020813538
0.996905088 -0.033782024 0.070985973 0.005412628 0.010273442 0.951202154 0.308397353 0.074790910 -0.077940300 -0.306713641 0.948605299 -0.025485655
0.996679306 -0.038780343 0.071598865 0.004723584 0.013161748 0.944468021 0.328339726 0.075060233 -0.080355965 -0.326307029 0.941842139 -0.030910773
0.996421635 -0.045463189 0.071253464 0.004051887 0.017886974 0.937346816 0.347938329 0.075571410 -0.082607582 -0.345418781 0.934805810 -0.036569666
0.996405423 -0.046299655 0.070940234 0.004614801 0.017159786 0.930379033 0.366197288 0.076163530 -0.082956113 -0.363663673 0.927829206 -0.043378357
0.996490121 -0.045403264 0.070327498 0.005949186 0.015135996 0.924008727 0.382071674 0.076728657 -0.082330517 -0.379666150 0.921452820 -0.049131397
0.996754706 -0.044014446 0.067400172 0.008165091 0.013909535 0.918858826 0.394341230 0.076370656 -0.079287961 -0.392123997 0.916489065 -0.054085691
0.997001290 -0.042677544 0.064552337 0.011256974 0.013215723 0.915823221 0.401364148 0.075627491 -0.076247767 -0.399307489 0.913640976 -0.057906572
0.996950567 -0.044232111 0.064289063 0.015594720 0.014659281 0.915329695 0.402438402 0.073536277 -0.076646388 -0.400268734 0.913186848 -0.059604198
0.997082472 -0.043903109 0.062442392 0.020360939 0.015482672 0.917357147 0.397763908 0.071290664 -0.074745044 -0.395636618 0.915360510 -0.060249582
0.997316957 -0.044913549 0.057806794 0.024608696 0.018803891 0.920345008 0.390655249 0.069419660 -0.070747904 -0.388520092 0.918720245 -0.059922218
0.997539878 -0.044495042 0.054169767 0.029290682 0.020410966 0.923611820 0.382785350 0.067632824 -0.067063883 -0.380737990 0.922247827 -0.058528192
0.997724593 -0.042340174 0.052468505 0.032900020 0.019564271 0.926549494 0.375663757 0.066959701 -0.064520337 -0.373782456 0.925269604 -0.056839004
0.998043954 -0.037499934 0.050020088 0.034924060 0.016345339 0.928811669 0.370191514 0.066731453 -0.060341399 -0.368649781 0.927607775 -0.054895360
0.998321235 -0.034624647 0.046430841 0.035639439 0.015248768 0.930483162 0.366017193 0.065759517 -0.055876330 -0.364694744 0.929449081 -0.052717373
0.998695910 -0.028093878 0.042628162 0.036628168 0.010670751 0.931400478 0.363839716 0.065117016 -0.049925558 -0.362910360 0.930485606 -0.050343517
0.998878956 -0.025167868 0.040092506 0.037872571 0.008805922 0.930961072 0.365012228 0.065065153 -0.046511143 -0.364250004 0.930139065 -0.047628973
0.999049067 -0.020865999 0.038282126 0.039450195 0.005256727 0.929283738 0.369329184 0.064396210 -0.043281384 -0.368776768 0.928509772 -0.045200866
0.999122262 -0.017804602 0.037916336 0.042108547 0.002346324 0.927537739 0.373722166 0.063687958 -0.041822810 -0.373305172 0.926765382 -0.042692952
0.999196768 -0.016821099 0.036371969 0.046004664 0.001895045 0.926454723 0.376401514 0.062721133 -0.040028468 -0.376030236 0.925742388 -0.040081996
0.999151170 -0.018239904 0.036935177 0.051618773 0.002914375 0.925680220 0.378295720 0.061845407 -0.041090239 -0.377866983 0.924947619 -0.037152231
0.999074399 -0.020499457 0.037816651 0.059112217 0.004618183 0.925176978 0.379507899 0.060847349 -0.042766802 -0.378982008 0.924415290 -0.033995200
0.998938799 -0.022872314 0.039977208 0.068619199 0.005918978 0.924533367 0.381055236 0.059595518 -0.045675874 -0.380414248 0.923687577 -0.030601570
0.998799860 -0.025790947 0.041637339 0.079620048 0.007900154 0.923827827 0.382726729 0.058418788 -0.048336618 -0.381938457 0.922922850 -0.027317084
0.998629749 -0.030057838 0.042838342 0.091906518 0.011251597 0.922773600 0.385178328 0.056963354 -0.051107720 -0.384168565 0.921847343 -0.024925994
0.998455465 -0.034647498 0.043430556 0.106266730 0.015142214 0.921832263 0.387293160 0.055851959 -0.053454425 -0.386037350 0.920933127 -0.022303764
0.998264372 -0.038590409 0.044486050 0.122250147 0.018298106 0.921246946 0.388547629 0.054538917 -0.055976849 -0.387059242 0.920354128 -0.020251092
0.997942448 -0.042933498 0.047618665 0.139436647 0.021131884 0.921447814 0.387927085 0.053135660 -0.060533181 -0.386122614 0.920459151 -0.017681085
0.997562110 -0.047405198 0.051211644 0.157407224 0.024151534 0.923029602 0.383970171 0.051015045 -0.065472044 -0.381797224 0.921924233 -0.015452817
0.997025609 -0.052758653 0.056182560 0.176166102 0.027679484 0.925453424 0.377848983 0.048474338 -0.071929142 -0.375169992 0.924161077 -0.012827255
0.996327102 -0.059274193 0.061796650 0.195118845 0.032202702 0.928074956 0.370998532 0.045916662 -0.079342559 -0.367645890 0.926575005 -0.010186389
0.995576918 -0.064148463 0.068640970 0.214370847 0.034679689 0.929938436 0.366076171 0.044146586 -0.087315105 -0.362076521 0.928049922 -0.007856368
0.994894624 -0.067919634 0.074642919 0.233056530 0.036194697 0.930569530 0.364321649 0.043235984 -0.094205014 -0.359759986 0.928277016 -0.006005444
0.994172573 -0.071614780 0.080574512 0.250978678 0.037230678 0.929549456 0.366812885 0.043356404 -0.101167217 -0.361675441 0.926798820 -0.004145161
0.993207753 -0.075171024 0.088812701 0.268745005 0.036703859 0.926733851 0.373921424 0.044731747 -0.110413782 -0.368121892 0.923198283 -0.002740409
0.992117763 -0.077695072 0.098314635 0.285316736 0.034179728 0.922617018 0.384199947 0.046348680 -0.120557196 -0.377811223 0.918000340 -0.001516986
0.990964055 -0.083565079 0.104915030 0.300003409 0.035823487 0.918683529 0.393366665 0.048003152 -0.129255414 -0.386053771 0.913375914 -0.000064576
0.990568817 -0.086744301 0.106060721 0.312464774 0.037401944 0.915864646 0.399741232 0.049855903 -0.131812543 -0.392004311 0.910471380 0.001250065
0.990332961 -0.086732745 0.108249880 0.323737293 0.036213756 0.915002227 0.401820183 0.052791562 -0.133899853 -0.394015670 0.909297824 0.002505720
0.990491986 -0.086384989 0.107066497 0.333026737 0.036282107 0.914746165 0.402396590 0.054610256 -0.132699698 -0.394686013 0.909183025 0.003737625
0.990628242 -0.086800098 0.105458170 0.340033889 0.037551738 0.915429294 0.400723279 0.056104302 -0.131322309 -0.393007636 0.910109580 0.004701342
0.990806997 -0.088058800 0.102699101 0.344701588 0.040268078 0.916704893 0.397530675 0.057184637 -0.129150838 -0.389740705 0.911823571 0.004772797
0.991147935 -0.088111863 0.099307969 0.347242981 0.042142406 0.918135464 0.394019425 0.058096819 -0.125895947 -0.386346459 0.913721323 0.005157055
0.991100550 -0.090277173 0.097825192 0.347676814 0.045128264 0.919239819 0.391103029 0.058909856 -0.125232488 -0.383207738 0.915133119 0.005125008
0.991004348 -0.091595873 0.097573340 0.346134007 0.046573464 0.919553041 0.390196264 0.059584469 -0.125464231 -0.382141888 0.915547013 0.004721213
0.990752816 -0.090288669 0.101275712 0.342789412 0.043786243 0.919267476 0.391190559 0.059758071 -0.128419548 -0.383138686 0.914720297 0.003679732
0.990610480 -0.089112073 0.103681684 0.337152809 0.041779686 0.919422567 0.391045481 0.058880929 -0.130174160 -0.383041948 0.914512753 0.002303863
0.990632713 -0.089202531 0.103391163 0.329042107 0.042084090 0.919730246 0.390288621 0.057624210 -0.129906714 -0.382281572 0.914868891 0.000253197
0.990868330 -0.088098697 0.102071442 0.318961561 0.041716851 0.920186818 0.389250487 0.056466576 -0.128217250 -0.381437868 0.915459156 -0.002219649
0.991262734 -0.088380232 0.097913854 0.306957930 0.043470968 0.919745803 0.390099972 0.056274429 -0.124532975 -0.382435173 0.915551662 -0.005076924
0.991982818 -0.085213929 0.093320407 0.293745995 0.042001579 0.918789804 0.392506331 0.056929860 -0.119188838 -0.385439903 0.915002823 -0.008004079
0.992533743 -0.083194435 0.089193538 0.279028147 0.041398726 0.917643011 0.395243466 0.057817888 -0.114729881 -0.388599992 0.914235830 -0.010556947
0.993028581 -0.082062319 0.084616959 0.262670338 0.041982740 0.917014658 0.396637857 0.058681402 -0.110144019 -0.390320301 0.914066970 -0.012695896
0.993577719 -0.080839485 0.079172365 0.244487628 0.043043192 0.917126477 0.396265477 0.059030131 -0.104644962 -0.390312701 0.914716005 -0.014892457
0.994206488 -0.077783078 0.074183539 0.225481868 0.042347167 0.917794228 0.394791633 0.059231751 -0.098793328 -0.389362961 0.915770888 -0.017718488
0.994834781 -0.074293688 0.069168173 0.204743505 0.041467119 0.919404984 0.391120136 0.058896393 -0.092651315 -0.386231720 0.917736769 -0.020793395
0.995493054 -0.070432402 0.063505217 0.183388039 0.040574834 0.921579242 0.386063993 0.058120262 -0.085716501 -0.381747305 0.920283496 -0.024227809
0.996154845 -0.065237544 0.058476824 0.161273450 0.038158044 0.923909843 0.380702764 0.057237618 -0.078863427 -0.377007574 0.922846615 -0.027694311
0.996580601 -0.062163509 0.054431878 0.138982072 0.037219696 0.925889015 0.375957817 0.055634923 -0.073768727 -0.372646302 0.925036728 -0.030814804
0.996937275 -0.059630569 0.050599020 0.115745686 0.036492269 0.926949620 0.373407006 0.054273371 -0.069169208 -0.370416880 0.926286638 -0.033791412
0.997287571 -0.056804560 0.046804864 0.092348985 0.035267346 0.926946640 0.373531938 0.053123694 -0.064603925 -0.370868087 0.926435769 -0.036889035
0.997755766 -0.053106990 0.040780772 0.068012677 0.033803780 0.925247669 0.377854586 0.050569780 -0.057799030 -0.375628054 0.924966395 -0.039341774
0.998118460 -0.049712583 0.035891831 0.043572105 0.032272205 0.923654974 0.381863922 0.051390152 -0.052135110 -0.379987091 0.923521399 -0.041850813
0.998505056 -0.044380121 0.031907823 0.019866036 0.028688282 0.922392368 0.385187447 0.053226553 -0.046526197 -0.383696198 0.922286570 -0.042995799
0.998780131 -0.038338978 0.031118665 -0.004556482 0.023411810 0.922545552 0.385177314 0.055053391 -0.043475691 -0.383978903 0.922317743 -0.046149921
0.998901784 -0.036756188 0.029055368 -0.028648708 0.022817394 0.923255146 0.383509278 0.056508556 -0.040921856 -0.382425129 0.923079848 -0.047767077
0.999046624 -0.035354540 0.025611596 -0.052739970 0.022943182 0.924305379 0.380963504 0.058049217 -0.037141725 -0.380012691 0.924235284 -0.049529184
0.999191880 -0.032593645 0.023520991 -0.075838216 0.021277685 0.925383747 0.378433883 0.059625916 -0.034100480 -0.377627611 0.925329447 -0.051767435
0.999333501 -0.029960848 0.020853255 -0.099233337 0.019926518 0.926382899 0.376055449 0.061494097 -0.030585036 -0.375389308 0.926362514 -0.053383354
0.999443650 -0.027838845 0.018369209 -0.122260459 0.018930204 0.926916242 0.374790519 0.063595012 -0.027460452 -0.374234289 0.926927507 -0.055118456
0.999592006 -0.026100218 0.011603302 -0.144620314 0.019838341 0.926656902 0.375384420 0.065768920 -0.020549893 -0.375001043 0.926796556 -0.056905184
0.999726355 -0.023040023 0.004043635 -0.165869102 0.019788761 0.925172865 0.379029840 0.068818972 -0.012473917 -0.378846079 0.925375640 -0.058423169
0.999807537 -0.019338058 -0.003303580 -0.185450926 0.019118624 0.922673106 0.385108799 0.072202057 -0.004399132 -0.385097831 0.922865272 -0.059795182
0.999783158 -0.017439656 -0.011381531 -0.204563141 0.020493850 0.921020806 0.388973862 0.076052085 0.003699058 -0.389122754 0.921178520 -0.063288674
0.999649167 -0.016398875 -0.020800900 -0.221171007 0.023248313 0.919528544 0.392334998 0.079033047 0.012693168 -0.392680943 0.919587195 -0.064243414
0.999447882 -0.014890136 -0.029701542 -0.235982984 0.025336200 0.919871569 0.391400546 0.081515200 0.021493599 -0.391936988 0.919740975 -0.065203719
0.999272048 -0.012924031 -0.035892949 -0.248521149 0.025800016 0.922016799 0.386289269 0.082315743 0.028101487 -0.386934131 0.921679080 -0.066959433
0.999067664 -0.011350286 -0.041653365 -0.258559346 0.026335165 0.924747825 0.379668206 0.082697794 0.034209520 -0.380411178 0.924184561 -0.067852706
0.998816192 -0.011067729 -0.047367960 -0.265514731 0.027972434 0.927346289 0.373157412 0.082196571 0.039796494 -0.374040633 0.926558077 -0.067967527
0.998716295 -0.009749330 -0.049706556 -0.269185394 0.027437713 0.928994775 0.369074374 0.081713386 0.042578906 -0.369964391 0.928069711 -0.068552174
0.998739183 -0.007901473 -0.049574267 -0.269603133 0.025615251 0.929511905 0.367901444 0.081385605 0.043172907 -0.368707418 0.928542376 -0.069423266
0.998858333 -0.005568625 -0.047444571 -0.266757876 0.022736322 0.928894401 0.369646162 0.081029050 0.042012576 -0.370302886 0.927960515 -0.070701122
0.999065459 -0.005678596 -0.042847782 -0.261380911 0.021218896 0.928088844 0.371753752 0.080586366 0.037655510 -0.372315526 0.927341998 -0.073035754
0.999284506 -0.005209727 -0.037460681 -0.252756655 0.018825581 0.927566111 0.373184532 0.079805382 0.032803070 -0.373622745 0.927000582 -0.074821778
0.999540031 -0.006061918 -0.029714469 -0.241146237 0.016712483 0.927713633 0.372918397 0.078670442 0.025305916 -0.373243481 0.927388251 -0.076237306
0.999725997 -0.005651643 -0.022715325 -0.226944372 0.013675859 0.928590834 0.370853096 0.076973729 0.018997313 -0.371062130 0.928413689 -0.077822924
0.999872684 -0.005603699 -0.014940962 -0.210748091 0.010705821 0.929886460 0.367690802 0.074917898 0.011832971 -0.367803931 0.929828048 -0.079259939
0.999939620 -0.006122628 -0.009123258 -0.193107903 0.009029319 0.931031406 0.364827335 0.072993860 0.006260338 -0.364887714 0.931030512 -0.080359280
0.999967158 -0.007706088 -0.002506929 -0.173947036 0.008090334 0.931655884 0.363251865 0.071398959 -0.000463656 -0.363260210 0.931687593 -0.081044503
0.999949217 -0.009474248 0.003443278 -0.153794542 0.007571340 0.931384325 0.363958627 0.070016965 -0.006655250 -0.363914043 0.931408763 -0.080412410
0.999870539 -0.013431805 0.008861220 -0.132628933 0.009243033 0.930174291 0.367001921 0.069323182 -0.013171976 -0.366872519 0.930177987 -0.079845972
0.999793887 -0.017602213 0.010117475 -0.110776708 0.012573423 0.928079426 0.372169971 0.069055103 -0.015940836 -0.371966064 0.928109467 -0.078888968
0.999679804 -0.022336362 0.011887863 -0.088027902 0.016186522 0.925644338 0.378048390 0.069161989 -0.019448157 -0.377734929 0.925709486 -0.077357396
0.999580622 -0.025211968 0.014243657 -0.064655736 0.017834749 0.923532844 0.383104503 0.069130711 -0.022813303 -0.382689834 0.923595190 -0.075520381
0.999536753 -0.025103785 0.017208654 -0.039194323 0.016472876 0.921644866 0.387684673 0.067490019 -0.025592621 -0.387221605 0.921631396 -0.072564907
0.999509931 -0.025831662 0.017682694 -0.015311820 0.016959120 0.921617270 0.387729317 0.067599766 -0.026312370 -0.387239426 0.921603680 -0.070250534
0.999465644 -0.028589763 0.015845783 0.007830610 0.020321161 0.923163474 0.383870155 0.068788208 -0.025603004 -0.383343011 0.923251092 -0.069098927
0.999455452 -0.029949550 0.013850258 0.030340375 0.022372346 0.923589110 0.382730484 0.068177305 -0.024254553 -0.382212222 0.923756242 -0.066761501
0.999355376 -0.033252511 0.013533656 0.052057981 0.025545452 0.923503876 0.382737577 0.067360900 -0.025225367 -0.382145107 0.923757970 -0.064433619
0.999272346 -0.035419025 0.014153719 0.072929502 0.027262896 0.922769010 0.384387970 0.066812947 -0.026675258 -0.383722365 0.923063159 -0.061622273
0.999162257 -0.037682034 0.015963385 0.092465423 0.028579041 0.921686709 0.386880994 0.067088053 -0.029291702 -0.386100650 0.921991467 -0.058805760
0.999038517 -0.039400239 0.019226976 0.110232867 0.028804075 0.920509636 0.389656693 0.068115324 -0.033051182 -0.388728231 0.920759439 -0.055784717
0.998828650 -0.042178866 0.023711164 0.126340330 0.029510085 0.919360578 0.392307609 0.069699347 -0.038346201 -0.391148359 0.919528425 -0.052236494
0.998598814 -0.045212135 0.027499696 0.139495820 0.030761413 0.918792367 0.393540800 0.071860567 -0.043059327 -0.392143428 0.918895781 -0.049041897
0.998372495 -0.048913840 0.029321438 0.150823176 0.033437293 0.918570757 0.393839717 0.074535392 -0.046198025 -0.392218292 0.918711364 -0.045709748
0.998161376 -0.049743194 0.034633558 0.161172703 0.032211330 0.919359207 0.392098308 0.077247135 -0.051344905 -0.390261769 0.919271111 -0.041463684
0.997518003 -0.053142317 0.046192110 0.170504704 0.031276770 0.922174811 0.385506719 0.079722017 -0.063083917 -0.383105129 0.921548069 -0.036218882
0.996397495 -0.057796180 0.062061295 0.178677008 0.030451147 0.926831424 0.374240875 0.082030728 -0.079150051 -0.371002853 0.925252497 -0.030259542
0.995243669 -0.060706116 0.076189280 0.184720263 0.029617630 0.933630824 0.357010186 0.083913818 -0.092805356 -0.353055596 0.930988133 -0.024443636
0.994288683 -0.060255758 0.088086680 0.189223334 0.027147068 0.941014349 0.337275952 0.085219607 -0.103213638 -0.332958370 0.937275648 -0.019380126
0.993212044 -0.058759332 0.100385331 0.193202898 0.024011264 0.948008478 0.317337930 0.085385785 -0.113812707 -0.312773466 0.942984343 -0.014573740
0.991861165 -0.058923446 0.112869091 0.197066680 0.022903273 0.954580247 0.297072381 0.083653450 -0.125247136 -0.292069465 0.948160648 -0.010440001
0.990574181 -0.059975952 0.123148985 0.200005025 0.023250969 0.959621906 0.280330569 0.082226992 -0.134989560 -0.274824888 0.951971173 -0.006558654
0.989118099 -0.063159324 0.132877097 0.203017876 0.025184805 0.962521136 0.270034820 0.080528788 -0.144952223 -0.263749868 0.953637719 -0.002635126
0.987640440 -0.070865214 0.139801562 0.206107363 0.030858917 0.962410808 0.269839168 0.079045355 -0.153668731 -0.262189925 0.952702641 0.001372645
0.986007988 -0.078678988 0.146962136 0.210615575 0.035306953 0.960173786 0.277163655 0.077376433 -0.162916154 -0.268096775 0.949516952 0.006583342
0.983761430 -0.088733554 0.156012073 0.216420591 0.041218672 0.957702696 0.284792244 0.075341091 -0.174683794 -0.273737013 0.945808470 0.013769696
0.981449366 -0.098226860 0.164647013 0.223127544 0.046539187 0.955156684 0.292420655 0.073208749 -0.185987264 -0.279333502 0.942009330 0.022476863
0.979056597 -0.108174399 0.172471851 0.230805650 0.052121732 0.952107847 0.301287234 0.070895366 -0.196803361 -0.285987735 0.937805653 0.033097889
0.977329969 -0.114847258 0.177865654 0.237769961 0.054914892 0.948847294 0.310923100 0.068634570 -0.204475999 -0.294107020 0.933643758 0.043505955
0.976357818 -0.118893817 0.180525988 0.244182512 0.056009937 0.945774257 0.319959313 0.065789558 -0.208778024 -0.302283555 0.930073321 0.054689631
0.976320148 -0.121064976 0.179282635 0.248955667 0.056712162 0.942993999 0.327942103 0.062102593 -0.208764762 -0.310008973 0.927529931 0.066343069
0.976552486 -0.126259983 0.174366519 0.252211511 0.061799116 0.940277874 0.334751219 0.058308609 -0.206218675 -0.316126436 0.926033437 0.079859123
0.978081822 -0.126312360 0.165532961 0.253114194 0.063684821 0.938361764 0.339737326 0.053646855 -0.198242828 -0.321748942 0.925838768 0.093508869
0.980098009 -0.123712480 0.155251816 0.251560897 0.064565346 0.938203096 0.340009302 0.048306353 -0.187721118 -0.323218554 0.927518487 0.108207799
0.982841969 -0.117064506 0.142539635 0.247598171 0.063471481 0.940239191 0.334547013 0.042614777 -0.173184916 -0.319759637 0.931536794 0.123854630
0.985754490 -0.107411236 0.129425466 0.241227061 0.060153395 0.943768263 0.325089306 0.036876027 -0.157065898 -0.312672883 0.936784923 0.138850451
0.988884270 -0.095056042 0.114333741 0.232625812 0.054728746 0.947668910 0.314528823 0.031730108 -0.138248399 -0.304775298 0.942337215 0.153866768
0.991634130 -0.081439495 0.100146562 0.221758977 0.047180057 0.950842619 0.306059301 0.027381493 -0.120148942 -0.298773944 0.946730375 0.168006957
0.994123757 -0.068797775 0.083575554 0.208638251 0.040663190 0.952855527 0.300687194 0.023701878 -0.100322045 -0.295521855 0.950053871 0.182853132
0.996460319 -0.056241363 0.062480304 0.192448869 0.035111226 0.953749299 0.298545629 0.020642713 -0.076381162 -0.295295089 0.952347994 0.194743201
0.998271108 -0.045306344 0.037445221 0.173157170 0.032089580 0.953840554 0.298594236 0.018005161 -0.049244981 -0.296876371 0.953645289 0.204372704
0.999346316 -0.035137013 0.008502897 0.149949402 0.030943215 0.953001142 0.301382393 0.017515501 -0.018692946 -0.300922304 0.953465462 0.211311042
0.999534667 -0.023608591 -0.019314392 0.125461370 0.028390329 0.951586485 0.306067228 0.017483495 0.011153499 -0.306473136 0.951813936 0.217295527
0.998841584 -0.012263851 -0.046530899 0.098118752 0.026172930 0.949893475 0.311476022 0.018665414 0.040379506 -0.312333077 0.949114084 0.217901036
0.997225344 -0.000247113 -0.074441701 0.068663783 0.023883896 0.948190749 0.316802502 0.021117039 0.070506647 -0.317701459 0.945565760 0.214296997
0.994855464 0.012556623 -0.100523204 0.038853027 0.020582516 0.946537971 0.321935147 0.024106156 0.099191442 -0.322347969 0.941410005 0.207737103
0.991861999 0.027386306 -0.124337383 0.008048063 0.014691109 0.945449710 0.325436622 0.027950052 0.126467258 -0.324614853 0.937353313 0.197021618
0.988088310 0.036199033 -0.149569869 -0.022758218 0.014978571 0.944701612 0.327588975 0.032139968 0.153157294 -0.325927198 0.932906389 0.183418065
0.984265149 0.040068652 -0.172094688 -0.053147681 0.018979639 0.944340825 0.328420758 0.036350965 0.175675407 -0.326519430 0.928721309 0.166775569
0.979928374 0.041229498 -0.195039734 -0.081955865 0.025770504 0.943970025 0.329023540 0.041162994 0.197677150 -0.327445805 0.923960507 0.147225618
