1.000000000 0.000000000 0.000000000 -0.000000119 0.000000000 1.000000000 0.000000000 0.000000119 0.000000000 0.000000000 1.000000000 -0.000000238
0.999999762 0.000444577 -0.000473252 0.002715508 -0.000444422 0.999999821 0.000327287 0.000495867 0.000473398 -0.000327076 0.999999821 -0.004051154
1.000000000 -0.000049165 -0.000124804 -0.000067420 0.000049168 1.000000000 0.000028929 0.000213126 0.000124802 -0.000028935 1.000000000 0.000451550
1.000000000 -0.000118497 -0.000091399 -0.000121684 0.000118513 1.000000000 0.000181551 0.000085154 0.000091377 -0.000181562 1.000000000 0.000800299
0.999999940 -0.000319645 -0.000097559 -0.000060857 0.000319614 0.999999881 -0.000319098 0.000312107 0.000097661 0.000319067 0.999999940 0.000818346
0.999999642 -0.000665335 -0.000550353 0.000134398 0.000665342 0.999999762 0.000013596 -0.000141189 0.000550343 -0.000013962 0.999999821 0.001543316
0.999999940 -0.000236074 -0.000132391 -0.000052921 0.000236040 0.999999940 -0.000253746 0.000338611 0.000132451 0.000253715 0.999999940 0.001139005
0.999999523 -0.000896660 -0.000443414 0.000177233 0.000896463 0.999999523 -0.000443735 0.001096112 0.000443811 0.000443337 0.999999821 0.000024744
0.999999702 -0.000722575 -0.000201598 -0.000104529 0.000722510 0.999999702 -0.000325650 0.000363898 0.000201833 0.000325505 0.999999940 0.001562216
0.999999881 -0.000531985 0.000029736 -0.000488309 0.000532008 0.999999523 -0.000784840 -0.000189337 -0.000029318 0.000784856 0.999999702 0.003239615
1.000000000 0.000054109 -0.000019753 -0.000240458 -0.000054103 0.999999940 0.000296272 -0.000040921 0.000019769 -0.000296271 0.999999940 0.000549801
0.999999940 -0.000273461 0.000186828 -0.000671875 0.000273398 0.999999881 0.000338849 -0.000036837 -0.000186920 -0.000338797 0.999999940 0.000732390
1.000000000 0.000093737 -0.000054293 -0.000173726 -0.000093720 0.999999940 0.000312725 0.000013594 0.000054322 -0.000312720 0.999999940 0.000724302
0.999999464 0.000886061 0.000500145 -0.001394995 -0.000886068 0.999999583 0.000014487 0.000160919 -0.000500132 -0.000014930 0.999999881 0.002251651
0.999999940 0.000358169 -0.000081228 -0.000064082 -0.000358144 0.999999881 0.000304583 -0.000019395 0.000081337 -0.000304553 0.999999940 0.000729561
0.999999881 -0.000381249 -0.000256226 -0.000071383 0.000381120 0.999999821 -0.000502322 0.000589714 0.000256417 0.000502224 0.999999821 0.000357539
0.999999821 0.000497850 -0.000268740 0.000159972 -0.000497771 0.999999821 0.000293066 -0.000099644 0.000268886 -0.000292932 0.999999940 0.000728679
0.999999523 0.000421842 -0.000862412 0.000187020 -0.000421151 0.999999583 0.000801390 -0.000080832 0.000862749 -0.000801026 0.999999285 -0.000155973
0.999999821 0.000327103 -0.000463820 0.000181363 -0.000327132 0.999999940 -0.000061494 -0.000170698 0.000463800 0.000061645 0.999999881 0.000809982
0.999999881 0.000062316 -0.000542195 -0.000234597 -0.000062643 0.999999821 -0.000603683 0.000370014 0.000542157 0.000603717 0.999999642 -0.000116127
0.999999881 0.000132613 -0.000502213 0.000043897 -0.000132806 0.999999940 -0.000384131 -0.000136472 0.000502162 0.000384198 0.999999821 0.000856846
0.999999821 0.000257474 -0.000537311 0.000039555 -0.000257615 0.999999940 -0.000261005 -0.000192667 0.000537244 0.000261143 0.999999821 0.000701917
0.999997377 -0.002229782 -0.000496214 -0.000149214 0.002229939 0.999997437 0.000315466 -0.000479238 0.000495510 -0.000316572 0.999999821 0.000038433
0.999997795 -0.002041499 -0.000460489 0.000033946 0.002041652 0.999997854 0.000331240 -0.000411494 0.000459812 -0.000332179 0.999999821 -0.000250171
0.999999106 -0.001322568 -0.000299873 -0.000211606 0.001322522 0.999999106 -0.000155222 -0.000130103 0.000300078 0.000154825 0.999999940 0.000603592
0.999998927 -0.001431928 0.000282280 -0.000108149 0.001431967 0.999998987 -0.000137385 -0.000158745 -0.000282083 0.000137789 0.999999940 0.000398430
0.999999762 -0.000669391 0.000010710 -0.000058788 0.000669389 0.999999762 0.000161157 -0.000224858 -0.000010818 -0.000161150 1.000000000 0.000989459
0.999999702 -0.000739986 -0.000082469 0.000050392 0.000740015 0.999999642 0.000354856 -0.000271064 0.000082206 -0.000354917 0.999999940 0.000871885
0.999999821 -0.000483552 -0.000372632 -0.000274308 0.000483772 0.999999702 0.000588726 -0.000153494 0.000372348 -0.000588907 0.999999762 0.001659367
0.999999702 -0.000363245 -0.000638021 -0.000156923 0.000363765 0.999999583 0.000815681 -0.000101047 0.000637725 -0.000815912 0.999999464 0.001500195
0.999999821 -0.000495172 -0.000397314 -0.000373082 0.000495547 0.999999404 0.000943497 -0.000367525 0.000396847 -0.000943694 0.999999464 0.000951564
0.999999762 -0.000636476 -0.000348672 -0.000082111 0.000636850 0.999999225 0.001072816 -0.000328293 0.000347989 -0.001073038 0.999999344 0.000761916
0.999997020 -0.002419689 0.000365674 -0.000641415 0.002419055 0.999995589 0.001722299 -0.000390791 -0.000369839 -0.001721409 0.999998450 0.000646680
0.999995887 -0.002638281 0.001130601 -0.000410739 0.002636272 0.999994934 0.001775218 -0.000384804 -0.001135279 -0.001772230 0.999997795 0.000402461
0.999995530 -0.002837765 0.000923879 -0.000347977 0.002836321 0.999994755 0.001559517 -0.000323346 -0.000928299 -0.001556890 0.999998331 0.000870817
0.999995530 -0.002926424 0.000620068 -0.000236546 0.002925493 0.999994576 0.001497897 -0.000323763 -0.000624448 -0.001496076 0.999998689 0.000533624
0.999994755 -0.003157935 0.000702782 -0.000858252 0.003156332 0.999992430 0.002270152 -0.000364873 -0.000709946 -0.002267922 0.999997199 0.001483937
0.999995589 -0.002961015 0.000250192 -0.000940905 0.002960441 0.999993026 0.002264947 -0.000319770 -0.000256897 -0.002264196 0.999997377 0.001149920
0.999999940 0.000225571 -0.000154064 -0.000137385 -0.000225427 0.999999523 0.000931664 -0.000381617 0.000154274 -0.000931629 0.999999583 0.000960834
0.999999940 0.000285221 0.000036536 -0.000225965 -0.000285246 0.999999702 0.000681662 -0.000363869 -0.000036342 -0.000681672 0.999999762 0.000596640
0.999999940 0.000348276 -0.000097544 0.000048500 -0.000348204 0.999999702 0.000730646 -0.000363198 0.000097799 -0.000730612 0.999999702 0.001332449
0.999999940 0.000331056 0.000023529 -0.000070832 -0.000331068 0.999999821 0.000493094 -0.000356770 -0.000023366 -0.000493102 0.999999881 0.001112225
0.999999940 0.000235082 -0.000068616 -0.000033783 -0.000235035 0.999999762 0.000683792 -0.000370187 0.000068777 -0.000683776 0.999999762 0.001147208
0.999999940 0.000283506 -0.000001121 -0.000167334 -0.000283506 0.999999821 0.000556488 -0.000291048 0.000001278 -0.000556487 0.999999821 0.000889642
0.999999940 0.000322430 0.000048715 -0.000209908 -0.000322463 0.999999702 0.000678489 -0.000187132 -0.000048496 -0.000678505 0.999999762 0.001652095
1.000000000 0.000220014 0.000105194 -0.000277397 -0.000220085 0.999999762 0.000678634 -0.000111429 -0.000105045 -0.000678657 0.999999762 0.001330633
0.999999940 0.000255933 0.000184952 -0.000044963 -0.000256055 0.999999762 0.000659478 -0.000224739 -0.000184783 -0.000659526 0.999999762 0.000840999
1.000000000 0.000216349 -0.000020088 -0.000136699 -0.000216335 0.999999702 0.000739225 -0.000264835 0.000020248 -0.000739221 0.999999702 0.000596991
1.000000000 -0.000084930 -0.000185006 -0.000006823 0.000084973 0.999999940 0.000236234 0.000066209 0.000184986 -0.000236250 0.999999940 0.001089228
1.000000000 -0.000077116 -0.000093881 -0.000027590 0.000077142 0.999999940 0.000273739 0.000070963 0.000093860 -0.000273746 0.999999940 0.000713194
1.000000000 0.000197433 0.000052574 -0.000071098 -0.000197462 0.999999821 0.000557241 -0.000190422 -0.000052464 -0.000557252 0.999999821 0.000911525
1.000000000 0.000042924 0.000045129 -0.000056273 -0.000042948 0.999999881 0.000539017 -0.000235596 -0.000045106 -0.000539019 0.999999881 0.000592395
1.000000000 -0.000114442 0.000077458 -0.000134255 0.000114410 0.999999881 0.000421330 -0.000264342 -0.000077506 -0.000421321 0.999999881 0.000825214
1.000000000 -0.000090111 0.000046769 -0.000098565 0.000090090 0.999999881 0.000458361 -0.000273835 -0.000046810 -0.000458357 0.999999881 0.000523885
1.000000000 -0.000180232 0.000048542 -0.000239583 0.000180212 0.999999881 0.000416310 -0.000179729 -0.000048617 -0.000416302 0.999999940 0.001127255
1.000000000 -0.000137556 0.000048775 -0.000197870 0.000137535 0.999999881 0.000429529 -0.000227552 -0.000048834 -0.000429522 0.999999881 0.000788570
0.999999940 -0.000242752 -0.000206563 -0.000034040 0.000242862 0.999999821 0.000535904 -0.000343659 0.000206433 -0.000535954 0.999999821 0.000722079
0.999999940 -0.000241929 -0.000191044 -0.000049347 0.000242034 0.999999821 0.000553690 -0.000343273 0.000190910 -0.000553737 0.999999821 0.000349651
0.999999762 -0.000683121 -0.000007033 -0.000247117 0.000683121 0.999999762 -0.000007002 -0.000368237 0.000007038 0.000006997 1.000000000 0.001290213
0.999999821 -0.000607933 0.000021708 -0.000185786 0.000607925 0.999999762 0.000367863 -0.000275161 -0.000021932 -0.000367849 0.999999940 0.001034086
1.000000000 0.000003303 0.000020810 0.000023673 -0.000003313 0.999999881 0.000485299 -0.000565099 -0.000020809 -0.000485299 0.999999881 0.000578409
1.000000000 -0.000210686 -0.000090472 -0.000035320 0.000210746 0.999999762 0.000664761 -0.000544129 0.000090331 -0.000664780 0.999999762 0.000356720
1.000000000 -0.000055715 0.000061327 -0.000014253 0.000055672 0.999999762 0.000703038 -0.000459819 -0.000061366 -0.000703035 0.999999762 0.000427123
1.000000000 -0.000189515 0.000072264 0.000026070 0.000189477 0.999999821 0.000520461 -0.000318206 -0.000072363 -0.000520448 0.999999881 0.000396931
0.999999940 -0.000338049 -0.000096595 0.000056985 0.000338135 0.999999523 0.000890466 -0.000358002 0.000096294 -0.000890498 0.999999583 -0.000006620
1.000000000 -0.000123074 -0.000003940 0.000137562 0.000123078 0.999999642 0.000811823 -0.000292816 0.000003840 -0.000811823 0.999999642 -0.000081849
0.999999523 -0.000909915 -0.000345763 -0.000241089 0.000909964 0.999999583 0.000140475 -0.000476814 0.000345636 -0.000140790 0.999999940 0.000875710
0.999999642 -0.000862633 -0.000064566 -0.000285296 0.000862656 0.999999583 0.000361865 -0.000640156 0.000064254 -0.000361921 0.999999940 0.000911037
0.999999106 -0.001280530 -0.000337530 -0.000030819 0.001280755 0.999998987 0.000665791 -0.000608358 0.000336677 -0.000666223 0.999999702 0.001083739
0.999998748 -0.001542223 -0.000427242 -0.000315777 0.001542525 0.999998569 0.000708057 -0.000745476 0.000426150 -0.000708716 0.999999642 0.000993831
0.999998748 -0.001494167 -0.000504501 -0.000313938 0.001494379 0.999998808 0.000421282 -0.000853222 0.000503871 -0.000422036 0.999999762 0.001228936
0.999998748 -0.001551563 -0.000366784 -0.000433687 0.001551633 0.999998808 0.000188292 -0.000851975 0.000366491 -0.000188861 0.999999940 0.001394742
0.999998689 -0.001599143 -0.000333695 -0.000275439 0.001599330 0.999998569 0.000561299 -0.001114576 0.000332797 -0.000561831 0.999999762 0.001252902
0.999998868 -0.001454972 -0.000449462 -0.000395294 0.001455381 0.999998510 0.000910062 -0.001108950 0.000448137 -0.000910715 0.999999464 0.001478179
0.999993384 -0.003625289 0.000328876 -0.000177443 0.003624482 0.999990523 0.002422588 -0.001925497 -0.000337655 -0.002421380 0.999997020 -0.000366257
0.999992013 -0.003996294 0.000247766 -0.000504995 0.003995763 0.999989808 0.002106339 -0.001862940 -0.000256181 -0.002105332 0.999997735 -0.000172160
0.999998629 -0.001588353 -0.000449891 -0.000640406 0.001588827 0.999998212 0.001054143 -0.001773855 0.000448216 -0.001054856 0.999999344 0.000997427
0.999998808 -0.001519317 -0.000316754 -0.000593854 0.001519833 0.999997497 0.001635135 -0.001822045 0.000314269 -0.001635615 0.999998629 0.001227520
0.999998629 -0.001604652 -0.000434227 -0.000329110 0.001605458 0.999996960 0.001863525 -0.001940824 0.000431235 -0.001864219 0.999998152 0.000390637
0.999998569 -0.001614151 -0.000451842 -0.000325832 0.001615089 0.999996543 0.002084186 -0.001951628 0.000448476 -0.002084913 0.999997735 0.000694868
0.999998868 -0.001426712 -0.000444527 -0.000175187 0.001427380 0.999997854 0.001504963 -0.002263424 0.000442379 -0.001505596 0.999998748 0.000047183
0.999999523 -0.000908636 -0.000285206 -0.000077139 0.000909071 0.999998450 0.001526332 -0.002357183 0.000283819 -0.001526591 0.999998808 0.000144554
0.999993265 -0.003636199 0.000488973 -0.000904573 0.003634834 0.999989569 0.002762631 -0.002668567 -0.000499013 -0.002760835 0.999996066 0.000375696
0.999994099 -0.003387386 0.000589114 -0.001299820 0.003385425 0.999988854 0.003298999 -0.002712726 -0.000600282 -0.003296985 0.999994397 0.000711889
0.999994099 -0.003387103 0.000611506 -0.001323512 0.003384722 0.999986827 0.003853039 -0.002969101 -0.000624549 -0.003850946 0.999992371 0.000255349
0.999994397 -0.003273662 0.000665472 -0.001677503 0.003270708 0.999984980 0.004391883 -0.003142742 -0.000679839 -0.004389682 0.999990106 0.000564432
0.999994576 -0.003233018 0.000589805 -0.001779076 0.003229399 0.999976575 0.006036255 -0.003463541 -0.000609307 -0.006034318 0.999981582 0.000739863
0.999993026 -0.003723074 0.000346565 -0.001690136 0.003720056 0.999958336 0.008336783 -0.003390724 -0.000377589 -0.008335437 0.999965191 0.001798615
0.999993742 -0.003521705 0.000295324 -0.001875466 0.003517258 0.999897122 0.013906730 -0.003671303 -0.000344269 -0.013905605 0.999903262 0.002155073
0.999984205 -0.005607461 0.000444685 -0.001987817 0.005595432 0.999706924 0.023554312 -0.004995850 -0.000576634 -0.023551451 0.999722481 0.002647023
0.999983490 -0.005750462 0.000084080 -0.002236319 0.005745172 0.999512255 0.030695520 -0.007278780 -0.000260553 -0.030694529 0.999528766 0.002706544
0.999954641 -0.009525445 -0.000133851 -0.003531207 0.009524659 0.999407351 0.033079214 -0.012102981 -0.000181322 -0.033078991 0.999452710 0.002862833
0.999882877 -0.015233853 0.001469524 -0.006327188 0.015180322 0.999393284 0.031347226 -0.019049048 -0.001946171 -0.031321246 0.999507487 0.002062681
0.999816835 -0.018986488 0.002398410 -0.008429009 0.018915629 0.999463439 0.026740508 -0.027858248 -0.002904831 -0.026690243 0.999639511 0.002619763
0.999767542 -0.021232992 0.003737064 -0.011387608 0.021143284 0.999521017 0.022598401 -0.037990510 -0.004215105 -0.022514135 0.999737620 0.002698497
0.999714732 -0.023377132 0.004890235 -0.013840591 0.023280855 0.999550343 0.018895987 -0.049136214 -0.005329770 -0.018776748 0.999809504 0.003035800
0.999702394 -0.023384407 0.006948124 -0.017079854 0.023269255 0.999597728 0.016216144 -0.060490824 -0.007324534 -0.016049642 0.999844372 0.003236111
0.999711335 -0.022445412 0.008569046 -0.020056373 0.022347944 0.999686301 0.011305757 -0.072897598 -0.008820121 -0.011110993 0.999899387 0.003202028
0.999688506 -0.022855766 0.010022407 -0.024215974 0.022764899 0.999699533 0.009088523 -0.087167293 -0.010227121 -0.008857532 0.999908447 0.003514233
0.999705970 -0.021271424 0.011640457 -0.028091388 0.021173751 0.999740124 0.008450693 -0.099793486 -0.011817190 -0.008201736 0.999896526 0.002813939
0.999785542 -0.017654264 0.010823314 -0.034092963 0.017537789 0.999788284 0.010763644 -0.113520674 -0.011011046 -0.010571520 0.999883473 -0.000520332
0.999815226 -0.018470410 0.005320325 -0.039745223 0.018393643 0.999730945 0.014133368 -0.126061350 -0.005579942 -0.014032897 0.999885976 -0.001894248
0.999816835 -0.018630890 -0.004375963 -0.046734918 0.018690599 0.999726951 0.014024884 -0.141183183 0.004113473 -0.014104105 0.999892056 -0.002393001
0.999725759 -0.015938438 -0.017155850 -0.053835325 0.016190365 0.999761641 0.014647352 -0.158179983 0.016918303 -0.014921095 0.999745548 -0.005759961
0.999412119 -0.011731339 -0.032215331 -0.061109923 0.012316004 0.999761939 0.018010622 -0.177918226 0.031996373 -0.018396797 0.999318659 -0.008661267
0.998787642 -0.005736973 -0.048891317 -0.068747953 0.006898960 0.999696910 0.023631221 -0.198121101 0.048740927 -0.023939868 0.998524487 -0.012771362
0.997760296 0.002223272 -0.066854380 -0.076564573 -0.000246566 0.999562919 0.029561058 -0.218276054 0.066890888 -0.029478364 0.997324765 -0.016002471
0.996289372 0.012521419 -0.085151061 -0.084925361 -0.009522513 0.999323070 0.035534080 -0.236277312 0.085538357 -0.034591373 0.995734215 -0.019110730
0.994353175 0.022448035 -0.103720218 -0.093549006 -0.018647885 0.999123991 0.037464123 -0.253591001 0.104470357 -0.035318408 0.993900657 -0.020374099
0.992241323 0.030713828 -0.120473079 -0.102699734 -0.026498044 0.998984456 0.036441177 -0.268937677 0.121469982 -0.032966144 0.992047489 -0.021079184
0.990220428 0.037811708 -0.134289965 -0.109687895 -0.033424664 0.998836100 0.034774851 -0.283302963 0.135448560 -0.029946173 0.990331709 -0.021175465
0.988277256 0.043033827 -0.146479338 -0.119535796 -0.038467590 0.998685837 0.033865716 -0.295152783 0.147744209 -0.027834009 0.988633871 -0.018772619
0.986540735 0.048149578 -0.156265825 -0.129115596 -0.043751501 0.998546839 0.031465441 -0.306205928 0.157553792 -0.024205076 0.987213731 -0.014433380
0.984959483 0.051666770 -0.164879784 -0.139635801 -0.047718097 0.998473287 0.027823266 -0.315455049 0.166065589 -0.019537039 0.985921144 -0.009552286
0.983406246 0.058467217 -0.171737373 -0.150282234 -0.055043563 0.998180032 0.024634257 -0.325157821 0.172865123 -0.014772445 0.984834731 -0.003704857
0.981968403 0.063462362 -0.178074718 -0.162061378 -0.060102802 0.997898698 0.024203084 -0.334881127 0.179236531 -0.013063878 0.983719289 0.002122806
0.980785310 0.064162567 -0.184237108 -0.173733473 -0.061130624 0.997885168 0.022095758 -0.346762747 0.185265198 -0.010408669 0.982633412 0.008918639
0.979800642 0.065606274 -0.188908771 -0.186457217 -0.062738277 0.997806370 0.021128450 -0.358960837 0.189880535 -0.008849857 0.981767297 0.014507268
0.979323566 0.061966047 -0.192576200 -0.211778030 -0.059218839 0.998044789 0.019994607 -0.387910247 0.193438649 -0.008177051 0.981078267 0.031150201
0.978722036 0.059952550 -0.196236655 -0.225281298 -0.058149390 0.998196065 0.014942715 -0.402995467 0.196778521 -0.003213724 0.980442703 0.036610484
0.978286266 0.061609194 -0.197889730 -0.239101782 -0.061315566 0.998089373 0.007616882 -0.419080287 0.197980896 0.004682229 0.980194688 0.041847900
0.977983356 0.065400153 -0.198170066 -0.252899408 -0.067378312 0.997722208 -0.003248122 -0.436180115 0.197506249 0.016528973 0.980162263 0.047393478
0.977836132 0.071551993 -0.196765989 -0.267567486 -0.075716987 0.997035027 -0.013716597 -0.453983694 0.195201129 0.028311111 0.980354548 0.051274985
0.977802932 0.078410476 -0.194301784 -0.282680631 -0.083154976 0.996402144 -0.016370453 -0.472129077 0.192319095 0.032164235 0.980805218 0.054762468
0.977663279 0.086042255 -0.191758320 -0.298418850 -0.090143397 0.995847166 -0.012750163 -0.491548777 0.189864919 0.029751111 0.981359363 0.055965520
0.977603734 0.094402224 -0.188093394 -0.315475494 -0.097138941 0.995256364 -0.005364224 -0.513585806 0.186694741 0.023515277 0.982136488 0.055741504
0.977556169 0.099997312 -0.185430512 -0.333620518 -0.101684138 0.994816661 0.000415437 -0.539396703 0.184510902 0.018449228 0.982657313 0.052464984
0.977902234 0.096273988 -0.185576111 -0.353984207 -0.097003475 0.995270610 0.005166415 -0.568518639 0.185195833 0.012949277 0.982616305 0.048209224
0.978084087 0.089494765 -0.187995300 -0.375515610 -0.089439169 0.995953441 0.008795936 -0.601279616 0.188021764 0.008210978 0.982130527 0.041329961
0.977508187 0.082813732 -0.193957701 -0.398635387 -0.082091771 0.996555269 0.011770991 -0.635461509 0.194264367 0.004416089 0.980939269 0.034035668
0.976165056 0.080282897 -0.201634452 -0.424354970 -0.079216674 0.996767819 0.013365086 -0.673317730 0.202055708 0.002926277 0.979369640 0.027246136
0.974380255 0.078946166 -0.210595861 -0.449446708 -0.077477507 0.996877789 0.015228804 -0.705989540 0.211140588 0.001477795 0.977454603 0.019220512
0.972644627 0.078724355 -0.218551844 -0.475121111 -0.077195719 0.996894896 0.015538216 -0.735979438 0.219096452 0.001758102 0.975701630 0.012523528
0.970990598 0.077207692 -0.226309970 -0.501342952 -0.075997479 0.997008741 0.014068774 -0.762332082 0.226719245 0.003538339 0.973953724 0.006018329
0.969065368 0.076393895 -0.234683454 -0.528102219 -0.075308554 0.997067571 0.013596917 -0.785713315 0.235033989 0.004497372 0.971976757 0.000634925
0.966305971 0.077122889 -0.245570332 -0.555447698 -0.075929590 0.997010112 0.014338391 -0.807384014 0.245941907 0.004790779 0.969272733 -0.005077806
0.962367713 0.078864217 -0.260055482 -0.584396899 -0.077455834 0.996872544 0.015675791 -0.830708742 0.260478437 0.005056938 0.965466440 -0.010386010
0.957642198 0.081496224 -0.276188076 -0.612604976 -0.080142453 0.996651709 0.016204741 -0.851448238 0.276583910 0.006616043 0.960967004 -0.016246811
0.952944398 0.084780723 -0.291048348 -0.640828311 -0.083232254 0.996372640 0.017720345 -0.872233748 0.291494966 0.007338106 0.956544220 -0.021705406
0.948798954 0.092335872 -0.302083850 -0.669046462 -0.090280391 0.995699346 0.020791642 -0.892280698 0.302704513 0.007545157 0.953054607 -0.026679965
0.944837868 0.097623467 -0.312651575 -0.697530091 -0.092138216 0.995221913 0.032308631 -0.911833942 0.314311802 -0.001719264 0.949318230 -0.031413075
0.941231430 0.106330052 -0.320589006 -0.725947380 -0.094979495 0.994177818 0.050885402 -0.929308534 0.324133158 -0.017445557 0.945850611 -0.035488389
0.938195229 0.114235319 -0.326710969 -0.753389299 -0.094783418 0.992675602 0.074908018 -0.945270956 0.332875162 -0.039311565 0.942151129 -0.038958386
0.935559332 0.120818280 -0.331860900 -0.782605410 -0.094185717 0.990986705 0.095259726 -0.961189449 0.340378881 -0.057864565 0.938506246 -0.041098036
0.933205187 0.112803563 -0.341179520 -0.813573360 -0.079138428 0.990655899 0.111076765 -0.981702387 0.350521356 -0.076657005 0.933412313 -0.041848496
0.930819094 0.097146630 -0.352332681 -0.844698608 -0.062893748 0.992222190 0.107422173 -1.000636458 0.360027999 -0.077831089 0.929689288 -0.040200084
0.928447485 0.079950280 -0.362757862 -0.873518705 -0.049444441 0.994472325 0.092628665 -1.021367908 0.368158340 -0.068064488 0.927268386 -0.036395941
0.926523745 0.065202788 -0.370543242 -0.903218985 -0.040459827 0.996424615 0.074168593 -1.042385221 0.374054432 -0.053726852 0.925849199 -0.029906100
0.925045133 0.055509668 -0.375779361 -0.931674778 -0.036287975 0.997654319 0.058043230 -1.064414382 0.378119856 -0.040056337 0.924889624 -0.021630274
0.924294651 0.052206274 -0.378092498 -0.958286881 -0.037998836 0.998266459 0.044945765 -1.081987977 0.379783541 -0.027176056 0.924676120 -0.011130530
0.923641384 0.049767949 -0.380012810 -0.984152257 -0.039420903 0.998610675 0.034967307 -1.098044753 0.381225109 -0.017316807 0.924320042 0.001190074
0.923073828 0.048169646 -0.381594479 -1.008452177 -0.040055562 0.998771191 0.029183380 -1.109419823 0.382531345 -0.011653434 0.923869014 0.015223593
0.922430158 0.045112543 -0.383519888 -1.033224463 -0.036799870 0.998902142 0.028988589 -1.125912070 0.384406567 -0.012626465 0.923077524 0.028903671
0.921817482 0.042565554 -0.385280043 -1.055651069 -0.033199176 0.998969913 0.030933686 -1.131732464 0.386199862 -0.015724234 0.922281086 0.045558840
0.922302604 0.047557894 -0.383531123 -1.076435447 -0.039084662 0.998789608 0.029860539 -1.137858748 0.384487003 -0.012550270 0.923045099 0.062889583
0.923545957 0.057423837 -0.379164070 -1.095967412 -0.050905257 0.998332918 0.027203949 -1.142450333 0.380094141 -0.005822653 0.924929500 0.081891447
0.924865782 0.064931683 -0.374709457 -1.113621354 -0.063199662 0.997857392 0.016923398 -1.148323536 0.375005454 0.008029637 0.926987827 0.100789808
0.926068068 0.070246428 -0.370760590 -1.130743265 -0.073860124 0.997258604 0.004462066 -1.154633522 0.370057613 0.023252241 0.928717792 0.120012395
0.927045584 0.071741454 -0.368021250 -1.146899343 -0.080192231 0.996749699 -0.007699512 -1.161576748 0.366272688 0.036650244 0.929785490 0.138044581
0.928197682 0.073907010 -0.364673585 -1.162567019 -0.086489446 0.996085286 -0.018267361 -1.167850375 0.361895889 0.048496135 0.930956244 0.155931562
0.928932965 0.074296728 -0.362716913 -1.177142143 -0.088996783 0.995743632 -0.023962334 -1.173499346 0.359392762 0.054540038 0.931591272 0.171748608
0.929692507 0.077064864 -0.360184431 -1.191758871 -0.093666770 0.995185852 -0.028839216 -1.178416014 0.356227934 0.060548909 0.932435274 0.187424079
0.930418253 0.080667682 -0.357511699 -1.205485106 -0.098195873 0.994680524 -0.031116940 -1.184820771 0.353099763 0.064057939 0.933390141 0.200523168
0.930726826 0.081393607 -0.356542647 -1.219101787 -0.099901967 0.994423926 -0.033773482 -1.188838959 0.351805568 0.067053191 0.933668435 0.213601455
0.930696964 0.080431953 -0.356838703 -1.232110977 -0.099546134 0.994399667 -0.035494432 -1.192357421 0.351985395 0.068556473 0.933491468 0.224891648
0.929338098 0.079107597 -0.360655844 -1.245246887 -0.099145815 0.994370937 -0.037369929 -1.195287108 0.355669439 0.070486821 0.931950033 0.234861135
0.927248120 0.076555319 -0.366538137 -1.257585168 -0.096049018 0.994753480 -0.035214901 -1.197473049 0.361919194 0.067858577 0.929736376 0.242932200
0.925112545 0.072898299 -0.372629374 -1.270445466 -0.089959174 0.995535314 -0.028579418 -1.198580623 0.368882328 0.059960607 0.927540064 0.250008792
0.923040748 0.065478541 -0.379088759 -1.280911803 -0.080764972 0.996430933 -0.024544433 -1.199999809 0.376128614 0.053272605 0.925034761 0.255131304
0.920990586 0.061561730 -0.384690076 -1.292192221 -0.074993223 0.996983528 -0.019995382 -1.200367093 0.382298738 0.047264703 0.922829211 0.260252029
0.919308960 0.055424072 -0.389614165 -1.299752712 -0.066868216 0.997635722 -0.015860599 -1.196202397 0.387813985 0.040633593 0.920841575 0.260696590
0.917107463 0.044302888 -0.396170706 -1.308932424 -0.054432049 0.998414278 -0.014355937 -1.196098089 0.394906491 0.034730315 0.918064654 0.264793277
0.914563239 0.030062601 -0.403324097 -1.315512180 -0.039912179 0.999074519 -0.016035331 -1.196127653 0.402468771 0.030762868 0.914916694 0.268276542
0.911788583 0.014132619 -0.410416633 -1.320955753 -0.024585415 0.999493599 -0.020202007 -1.195966601 0.409923285 0.028510224 0.911674321 0.271552294
0.909089506 -0.000585980 -0.416600496 -1.323906660 -0.011202762 0.999602973 -0.025852250 -1.196007729 0.416450232 0.028169086 0.908722043 0.275308758
0.906601012 -0.011581980 -0.421829969 -1.323631883 -0.001405057 0.999534905 -0.030463507 -1.194234014 0.421986610 0.028210940 0.906163037 0.278182060
0.905361533 -0.019765068 -0.424181312 -1.320931673 0.005883141 0.999404132 -0.034011211 -1.191520810 0.424600810 0.028296925 0.904938340 0.283590317
0.905829847 -0.026050014 -0.422840029 -1.313914895 0.011723781 0.999266803 -0.036446802 -1.188010454 0.423479468 0.028057316 0.905471087 0.287077099
0.907932997 -0.031640433 -0.417919368 -1.302901626 0.018235460 0.999184310 -0.036030989 -1.184873581 0.418718487 0.025092773 0.907769322 0.292978078
0.911935210 -0.039159257 -0.408461422 -1.289530635 0.027363410 0.999023616 -0.034684710 -1.177792192 0.409420818 0.020453312 0.912116349 0.298370063
0.917521238 -0.047444537 -0.394846588 -1.273787975 0.037142478 0.998741627 -0.033698715 -1.165889263 0.395948559 0.016253710 0.918128848 0.304378748
0.924272835 -0.055125035 -0.377731293 -1.254024506 0.047007151 0.998423159 -0.030684978 -1.153313875 0.378827184 0.010605223 0.925406694 0.312299430
0.932120621 -0.063072801 -0.356613219 -1.230813503 0.056121267 0.997978628 -0.029818051 -1.137405276 0.357773066 0.007780435 0.933776140 0.321809858
0.941107690 -0.069172271 -0.330955505 -1.204440475 0.060963470 0.997521460 -0.035133541 -1.121254086 0.332565486 0.012888249 0.942992091 0.331847072
0.950582266 -0.072392911 -0.301915020 -1.173341036 0.060109898 0.996949196 -0.049791016 -1.105354905 0.304598421 0.029182380 0.952033699 0.340918541
0.958793581 -0.076761067 -0.273537219 -1.138824344 0.062013388 0.996137023 -0.062172525 -1.093789458 0.277252972 0.042647645 0.959849954 0.348414481
0.966260850 -0.076613538 -0.245907262 -1.100617647 0.061831009 0.995815456 -0.067293912 -1.091131330 0.250033885 0.049818780 0.966954589 0.354236722
0.971917987 -0.074495845 -0.223216847 -1.059387922 0.060937606 0.995888054 -0.067034207 -1.084804058 0.227292761 0.051549457 0.972461164 0.356208771
0.976456821 -0.071700662 -0.203448176 -1.015959263 0.059992954 0.996199250 -0.063149363 -1.080672860 0.207202762 0.049457170 0.977047086 0.354996979
0.979666412 -0.070914492 -0.187682986 -0.969694853 0.061849419 0.996638179 -0.053730465 -1.080097318 0.190862298 0.041029848 0.980758965 0.351676971
0.981175900 -0.077489316 -0.176887557 -0.921822190 0.070980489 0.996557236 -0.042841863 -1.082195997 0.179598376 0.029479841 0.983298182 0.345310301
0.981084585 -0.091764882 -0.170447290 -0.871629238 0.087444931 0.995632589 -0.032697719 -1.088682771 0.172703385 0.017174477 0.984824121 0.336588144
0.980431736 -0.105101496 -0.166455224 -0.819744051 0.102738753 0.994447827 -0.022766631 -1.096765518 0.167923853 0.005219724 0.985786140 0.323752820
0.978930652 -0.120325133 -0.164974675 -0.764194965 0.120089814 0.992697179 -0.011437040 -1.108778596 0.165146038 -0.008615706 0.986231506 0.310120255
0.977706373 -0.131816640 -0.163445920 -0.705553472 0.133355454 0.991067052 -0.001570222 -1.122069955 0.162192851 -0.020261191 0.986551046 0.295282453
0.976663351 -0.141346321 -0.161709517 -0.642553687 0.143914416 0.989581168 0.004219235 -1.140250325 0.159428328 -0.027393103 0.986829400 0.279792547
0.977753758 -0.138997763 -0.157089800 -0.576484561 0.142388791 0.989755273 0.010487003 -1.158746362 0.154022783 -0.032621533 0.987528622 0.264528960
0.979757190 -0.131501243 -0.150941446 -0.506733894 0.135150805 0.990724206 0.014134622 -1.177725434 0.147682622 -0.034248352 0.988441646 0.249575526
0.982836187 -0.116215415 -0.143272653 -0.434579909 0.120047070 0.992598295 0.018366251 -1.193488598 0.140077755 -0.035250481 0.989512801 0.235776916
0.985223889 -0.103235215 -0.136661723 -0.360487550 0.106825531 0.994092703 0.019183833 -1.208070993 0.133873984 -0.033499334 0.990432024 0.223666504
0.987323165 -0.089621224 -0.131000072 -0.284716904 0.093138628 0.995432436 0.020962195 -1.218491316 0.128523052 -0.032897629 0.991160691 0.212638065
0.989017904 -0.077070497 -0.126109943 -0.207828104 0.080403902 0.996529341 0.021551725 -1.225668669 0.124011263 -0.031454772 0.991782129 0.202933237
0.990803659 -0.061439756 -0.120554000 -0.129301533 0.064442553 0.997696936 0.021166151 -1.233465910 0.118975908 -0.028740307 0.992481112 0.194784924
0.992129326 -0.046044502 -0.116444588 -0.050835263 0.048834819 0.998581350 0.021222733 -1.234013319 0.115302205 -0.026742246 0.992970407 0.187502399
0.993348420 -0.029360132 -0.111341208 0.028308405 0.031981476 0.999250054 0.021830508 -1.232448220 0.110616758 -0.025246156 0.993542433 0.182177424
0.994070172 -0.015127542 -0.107683383 0.107014783 0.017611396 0.999599457 0.022152722 -1.227128506 0.107305132 -0.023917813 0.993938386 0.177102432
0.994304419 -0.006149755 -0.106399968 0.185970142 0.008582108 0.999711871 0.022417722 -1.221357226 0.106231451 -0.023203177 0.994070649 0.175433800
0.994592071 0.001252893 -0.103851117 0.263302416 0.001091146 0.999745965 0.022511266 -1.211117983 0.103852935 -0.022502843 0.994338095 0.173072979
0.995044827 0.004494292 -0.099325515 0.340553135 -0.002159150 0.999719024 0.023604993 -1.199675918 0.099403702 -0.023273569 0.994774997 0.172590435
0.995677054 0.005161392 -0.092739470 0.416529596 -0.002909752 0.999698102 0.024398029 -1.184453607 0.092837401 -0.024022710 0.995391428 0.172679290
0.996555388 0.004639194 -0.082800038 0.489744514 -0.002564760 0.999680579 0.025142342 -1.171092987 0.082890235 -0.024843372 0.996248960 0.181598768
0.997511446 0.001481768 -0.070489399 0.564609289 0.000300113 0.999680817 0.025261404 -1.153655767 0.070504330 -0.025219696 0.997192621 0.184001118
0.998379290 -0.005605995 -0.056633499 0.638552427 0.007136317 0.999613881 0.026855500 -1.137835145 0.056461077 -0.027216131 0.998033762 0.189756900
0.999169409 -0.011360016 -0.039132997 0.712008953 0.012517113 0.999487817 0.029451326 -1.120308161 0.038778387 -0.029916696 0.998799920 0.193140015
0.999635220 -0.018845191 -0.019346554 0.784751713 0.019481624 0.999257088 0.033252828 -1.104194522 0.018705525 -0.033617601 0.999259710 0.198916987
0.999628842 -0.027013987 0.003530346 0.856828332 0.026838619 0.998725533 0.042743843 -1.086458802 -0.004680527 -0.042633224 0.999079823 0.202970773
0.998960793 -0.034523364 0.029756436 0.927122653 0.032878105 0.997993469 0.054111116 -1.069335818 -0.031564828 -0.053076550 0.998091459 0.212983623
0.997375250 -0.043491919 0.057888385 0.997962892 0.039627749 0.997012258 0.066304155 -1.051256776 -0.060599122 -0.063836135 0.996118844 0.218377307
0.994639337 -0.054448918 0.087908506 1.054500461 0.047886826 0.996025145 0.075105026 -1.022213101 -0.091648474 -0.070492759 0.993293166 0.235645801
0.991159797 -0.063366823 0.116562940 1.123041630 0.053620826 0.994943142 0.084929034 -1.005249381 -0.121355183 -0.077928036 0.989545405 0.243622303
0.987154007 -0.071505308 0.142877281 1.189729095 0.058688488 0.994028628 0.091993265 -0.989527881 -0.148602128 -0.082426272 0.985455871 0.257356882
0.982983530 -0.080152139 0.165284604 1.255660057 0.064034641 0.992859721 0.100643538 -0.974118710 -0.172171235 -0.088346995 0.981097281 0.267849028
0.978734672 -0.088676393 0.184972852 1.319948316 0.068564132 0.991290390 0.112437911 -0.959075809 -0.193332404 -0.097364374 0.976290286 0.283612907
0.974819303 -0.098658741 0.199984446 1.383379221 0.074548692 0.989388466 0.124711312 -0.945074677 -0.210166171 -0.106662415 0.971829891 0.297251552
0.971300304 -0.108448513 0.211694598 1.443372488 0.079965301 0.987090051 0.138775975 -0.932040751 -0.224011689 -0.117864929 0.967433035 0.316890538
0.968183339 -0.117305152 0.221044168 1.504359961 0.085156552 0.985048056 0.149762183 -0.920692563 -0.235306993 -0.126173884 0.963696420 0.335465997
0.965437949 -0.125550777 0.228400037 1.563555837 0.090323076 0.983192265 0.158665568 -0.911381841 -0.244481727 -0.132551968 0.960551202 0.359416008
0.962926924 -0.135091498 0.233499482 1.623188257 0.097930290 0.981580496 0.164040923 -0.904304802 -0.251359075 -0.135092765 0.958419859 0.384220898
0.960093677 -0.155052215 0.232763663 1.681858182 0.118257768 0.979256809 0.164533377 -0.899064362 -0.253446668 -0.130441338 0.958514392 0.413739294
0.957225561 -0.172351032 0.232409805 1.741641283 0.138176560 0.978017032 0.156172886 -0.895769179 -0.254217297 -0.117379107 0.959997773 0.444139719
0.954992115 -0.184708640 0.232105076 1.802127600 0.154728279 0.977773786 0.141483337 -0.893400908 -0.253079444 -0.099202260 0.962345958 0.478015751
0.953969717 -0.187644869 0.233946890 1.863804936 0.162197500 0.978959978 0.123811468 -0.891823471 -0.252257228 -0.080166787 0.964333773 0.512724817
0.953985155 -0.184580043 0.236310273 1.925688267 0.164524987 0.981072366 0.102119982 -0.891883194 -0.250686795 -0.058542002 0.966296554 0.549393833
0.955252767 -0.178080618 0.236176670 1.989062071 0.161757648 0.982993543 0.086937726 -0.890577018 -0.247642070 -0.044844124 0.967813194 0.586520612
0.957966685 -0.167752922 0.232720464 2.047739029 0.154027283 0.985132992 0.076082468 -0.889817476 -0.242023677 -0.037039172 0.969563127 0.625343561
0.961765707 -0.156827927 0.224525675 2.111602306 0.144947022 0.987061203 0.068560921 -0.887879074 -0.232372835 -0.033395216 0.972053289 0.663699269
0.966613472 -0.138164729 0.215798184 2.174413204 0.127998352 0.989929438 0.060465716 -0.886350393 -0.221979216 -0.030825162 0.974564016 0.702777863
0.971951962 -0.115118176 0.205078483 2.237910748 0.105708659 0.992802143 0.056299560 -0.883560061 -0.210083455 -0.033041894 0.977124929 0.741276264
0.976916194 -0.096901834 0.190380618 2.299137354 0.087110832 0.994440377 0.059161011 -0.880739272 -0.195054993 -0.041211139 0.979926109 0.781418800
0.981606185 -0.079655752 0.173505828 2.360927582 0.069503114 0.995537281 0.063834138 -0.877823949 -0.177816287 -0.050600797 0.982761919 0.820865452
0.985291243 -0.069507949 0.156108305 2.421097994 0.058817573 0.995662272 0.072091013 -0.875445783 -0.160442039 -0.061848734 0.985105634 0.861451864
0.988293171 -0.059269063 0.140583575 2.480819702 0.048016556 0.995464444 0.082127757 -0.874123633 -0.144813597 -0.074415959 0.986656606 0.902109265
0.990656495 -0.052473363 0.125881702 2.538426161 0.041133065 0.994996071 0.091054186 -0.873877704 -0.130029708 -0.085025519 0.987857759 0.944041610
0.992593169 -0.044450413 0.113061689 2.596042395 0.033267055 0.994536638 0.098945253 -0.875169396 -0.116842143 -0.094451152 0.988649011 0.987691104
0.994031966 -0.033544160 0.103803940 2.651036978 0.022338489 0.993976951 0.107288316 -0.876833439 -0.106777616 -0.104329199 0.988794208 1.036775231
0.995150268 -0.021364415 0.096017987 2.706176281 0.010499606 0.993622780 0.112265259 -0.881139517 -0.097804144 -0.110712647 0.989028335 1.084358215
0.995973945 -0.009209065 0.089168981 2.759176970 -0.000964258 0.993551135 0.113380842 -0.886553347 -0.089638069 -0.113010339 0.989542127 1.133208752
0.996461987 0.005206695 0.083883390 2.810407877 -0.014349286 0.993964374 0.108761087 -0.894730985 -0.082810819 -0.109579951 0.990522385 1.183842301
0.996369004 0.023870576 0.081725068 2.860758781 -0.032046195 0.994447470 0.100236103 -0.903646052 -0.078878589 -0.102491125 0.991601586 1.237503529
0.995782614 0.042846322 0.081124656 2.907511473 -0.050114736 0.994699061 0.089789994 -0.915048361 -0.076847456 -0.093476854 0.992651284 1.291131616
0.994967759 0.058920905 0.081040122 2.952240944 -0.065366827 0.994702756 0.079332270 -0.929171264 -0.075936504 -0.084230386 0.993548632 1.349493146
0.994141579 0.071925759 0.080679893 2.992481709 -0.077448338 0.994705617 0.067546614 -0.943257451 -0.075394392 -0.073399417 0.994448721 1.405526996
0.993537724 0.080968820 0.079541124 3.029963732 -0.085522585 0.994782925 0.055612877 -0.958430052 -0.074623249 -0.062056057 0.995279074 1.463443160
0.992870390 0.089269504 0.078989878 3.062907696 -0.092703402 0.994852483 0.040922649 -0.974759817 -0.074930131 -0.047953516 0.996035099 1.521393061
0.992692888 0.092815869 0.077110283 3.092624664 -0.094871901 0.995213628 0.023434546 -0.992191315 -0.074566104 -0.030578904 0.996747136 1.580758691
0.992890060 0.094237871 0.072722472 3.116735458 -0.094415061 0.995532393 -0.001004845 -1.011351228 -0.072492279 -0.005868396 0.997351706 1.637897491
0.993018627 0.096992888 0.067129888 3.136561632 -0.095626019 0.995144784 -0.023291463 -1.032307148 -0.069063060 0.016709493 0.997472346 1.697090864
0.992556572 0.104525283 0.062497739 3.152845383 -0.101839975 0.993795216 -0.044718251 -1.051880002 -0.066784143 0.038020626 0.997042775 1.751853228
0.991408646 0.116053872 0.060335860 3.165509462 -0.112044878 0.991504967 -0.066059142 -1.070961952 -0.067489728 0.058731277 0.995989859 1.806132913
0.989331126 0.132178634 0.061259937 3.174357653 -0.126621872 0.988117754 -0.087122023 -1.089550257 -0.072047696 0.078435674 0.994312286 1.856076598
0.987168670 0.147010133 0.062338531 3.178518295 -0.139779881 0.984303713 -0.107739419 -1.108028293 -0.077198833 0.097643301 0.992222846 1.904249310
0.985582650 0.157179758 0.062620997 3.177597523 -0.147881553 0.980083644 -0.132540762 -1.127125978 -0.082206547 0.121369384 0.989197433 1.947610259
0.984081149 0.166181922 0.062990904 3.171533108 -0.154361278 0.974899709 -0.160446629 -1.149351358 -0.088073149 0.148169145 0.985032499 1.991180539
0.983085632 0.172283545 0.062137194 3.159523726 -0.157734498 0.968876004 -0.190785512 -1.168623447 -0.093072437 0.177757308 0.979663134 2.025165558
0.982936978 0.173687920 0.060559399 3.142138004 -0.156703040 0.963104606 -0.218800589 -1.187430978 -0.096328057 0.205577359 0.973888516 2.054327726
0.983961821 0.168697610 0.057968229 3.118517637 -0.149992272 0.958359599 -0.243000403 -1.205515146 -0.096547991 0.230408326 0.968292594 2.076050758
0.988355696 0.143274128 0.051239826 3.089897156 -0.125695169 0.958544552 -0.255720794 -1.223015547 -0.085753821 0.246302500 0.965391815 2.091560364
0.993090391 0.109075032 0.043291397 3.054843664 -0.094727807 0.962841809 -0.252907753 -1.238795877 -0.069268689 0.247059345 0.966521323 2.098211050
