0.959730268 0.112360202 -0.257474363 -0.011460299 -0.114478402 0.993402481 0.006798781 0.339229137 0.256539583 0.022950256 0.966261208 -1.187112689
0.959747672 0.112382635 -0.257399708 -0.011651992 -0.114509821 0.993399084 0.006761014 0.339254797 0.256460458 0.022985928 0.966281354 -1.187068701
0.959693968 0.112371743 -0.257604450 -0.011112262 -0.114439443 0.993405521 0.007002472 0.338753015 0.256692559 0.022759881 0.966225088 -1.186943531
0.959730923 0.112223923 -0.257531315 -0.011304829 -0.114380211 0.993414819 0.006642614 0.339466780 0.256580919 0.023081364 0.966247141 -1.187151670
0.959845543 0.112213373 -0.257108271 -0.011917192 -0.114343539 0.993418694 0.006700361 0.339643687 0.256168008 0.022967353 0.966359377 -1.186874866
0.959900856 0.111998528 -0.256995589 -0.011736341 -0.114208415 0.993436456 0.006360703 0.340157866 0.256021172 0.023245409 0.966391623 -1.186756849
0.959881723 0.112477973 -0.256857485 -0.012293668 -0.114594132 0.993389368 0.006764869 0.339655250 0.255920380 0.022940882 0.966425598 -1.186954498
0.959973395 0.112280041 -0.256601334 -0.011671938 -0.114348128 0.993416786 0.006896729 0.339556515 0.255686462 0.022721210 0.966492712 -1.186887980
0.959914029 0.112470239 -0.256740034 -0.012122236 -0.114564195 0.993392348 0.006836814 0.339399815 0.255812526 0.022850465 0.966456294 -1.186817765
0.959932387 0.112117074 -0.256826013 -0.012437412 -0.114342056 0.993421435 0.006303363 0.340330362 0.255843192 0.023315210 0.966437101 -1.186423063
0.959719062 0.112261616 -0.257559061 -0.011110397 -0.114362188 0.993415415 0.006859978 0.339319110 0.256633282 0.022871368 0.966238201 -1.187289000
0.959805250 0.112131841 -0.257294357 -0.011692742 -0.114267938 0.993427455 0.006684491 0.339833379 0.256352842 0.022984682 0.966309965 -1.187117100
0.959937155 0.112221658 -0.256762505 -0.011998827 -0.114320606 0.993420720 0.006787295 0.339377463 0.255834877 0.022837870 0.966450691 -1.186586261
0.960405827 0.112616681 -0.254829556 -0.012785954 -0.114443861 0.993399918 0.007694714 0.337814540 0.254014224 0.021773627 0.966955364 -1.186397195
0.960071862 0.112028286 -0.256342977 -0.012645777 -0.114129499 0.993443191 0.006714491 0.339246839 0.255414397 0.022809900 0.966562569 -1.186872721
0.960024476 0.111981481 -0.256540716 -0.012585640 -0.114043236 0.993452013 0.006875787 0.338326603 0.255630851 0.022655806 0.966508985 -1.186930418
0.959893763 0.111212321 -0.257363170 -0.011781628 -0.113342486 0.993534088 0.006591791 0.339298904 0.256432205 0.022842761 0.966292262 -1.186674833
0.959624350 0.111550897 -0.258219868 -0.012288966 -0.113588661 0.993502736 0.007062528 0.338905245 0.257329971 0.022553468 0.966060400 -1.186312079
0.959769845 0.111858666 -0.257545233 -0.012845935 -0.113800138 0.993476093 0.007404402 0.338820547 0.256693244 0.022202155 0.966237903 -1.186992526
0.959734678 0.111929804 -0.257645220 -0.012399500 -0.113675669 0.993484437 0.008158648 0.338091224 0.256879717 0.021457853 0.966205120 -1.186589718
0.959792256 0.111639209 -0.257556885 -0.011803598 -0.113589264 0.993500650 0.007344149 0.339421272 0.256702811 0.022206837 0.966235220 -1.186836362
0.960017622 0.111969791 -0.256571501 -0.014071298 -0.113784485 0.993474722 0.007810871 0.338476986 0.255771905 0.021695284 0.966493666 -1.186407447
0.960073233 0.111905627 -0.256391376 -0.013905087 -0.113689877 0.993484855 0.007901739 0.338113338 0.255605191 0.021562850 0.966540754 -1.186574221
0.960074127 0.112576328 -0.256094277 -0.015386796 -0.114391007 0.993404806 0.007848729 0.338302284 0.255288839 0.021759517 0.966619968 -1.186309099
0.959705949 0.112007461 -0.257718474 -0.011620929 -0.113950126 0.993458629 0.007435141 0.339396596 0.256865412 0.022231499 0.966191471 -1.186973333
0.959702075 0.112481833 -0.257526278 -0.012674025 -0.114398509 0.993406057 0.007578438 0.338941544 0.256680608 0.022187576 0.966241598 -1.186554193
0.959924102 0.113094568 -0.256428093 -0.014375501 -0.114982873 0.993337870 0.007668006 0.338558465 0.255586952 0.022124134 0.966532886 -1.186759949
0.959736347 0.112021066 -0.257599354 -0.011416810 -0.114169203 0.993439019 0.006652866 0.339810580 0.256654501 0.023024913 0.966228902 -1.187512636
0.959737778 0.112448156 -0.257407933 -0.011480060 -0.114571616 0.993391812 0.006784470 0.339478046 0.256469816 0.022980325 0.966279030 -1.186938524
0.959827483 0.112476096 -0.257060975 -0.012115322 -0.114558414 0.993392467 0.006911152 0.339076340 0.256139785 0.022814985 0.966370463 -1.186337233
0.959797144 0.112486005 -0.257169992 -0.011781626 -0.114633128 0.993385434 0.006678136 0.339540988 0.256220132 0.023070538 0.966343105 -1.186258554
0.959763706 0.112490371 -0.257292718 -0.011611261 -0.114630967 0.993385434 0.006714727 0.339431912 0.256346196 0.023049165 0.966310203 -1.186193943
0.959797680 0.112157263 -0.257311344 -0.011645416 -0.114277236 0.993425965 0.006750215 0.339526147 0.256376863 0.022925992 0.966304958 -1.186834097
0.959854662 0.112496056 -0.256950766 -0.012332463 -0.114620008 0.993386507 0.006746515 0.339582652 0.256010383 0.022976022 0.966400921 -1.186924815
0.959787011 0.112261184 -0.257305831 -0.011631833 -0.114395998 0.993412614 0.006707495 0.339303195 0.256363839 0.022996990 0.966306746 -1.186791062
0.959799826 0.112302072 -0.257240206 -0.011765219 -0.114408053 0.993410468 0.006815515 0.339271337 0.256310493 0.022888817 0.966323435 -1.186642528
0.959826469 0.112178728 -0.257194757 -0.011985280 -0.114288121 0.993424475 0.006782157 0.339409590 0.256264389 0.022884607 0.966335773 -1.186994195
0.959829211 0.112116277 -0.257211685 -0.012052967 -0.114258155 0.993428826 0.006652976 0.339260072 0.256267428 0.023002811 0.966332197 -1.187068105
0.959837735 0.112354822 -0.257075787 -0.012199617 -0.114389963 0.993410707 0.007074489 0.338841021 0.256176710 0.022616528 0.966365337 -1.186943889
0.959864497 0.111975439 -0.257141232 -0.012331626 -0.114077948 0.993448675 0.006776369 0.338311464 0.256215394 0.022829741 0.966350079 -1.187557578
0.959856868 0.112031884 -0.257145286 -0.012158129 -0.114150338 0.993440747 0.006724027 0.339145482 0.256211877 0.022899114 0.966349363 -1.187230706
1.000000000 0.000000000 0.000000000 0.000000030 0.000000000 1.000000000 0.000000000 0.000000238 0.000000000 0.000000000 1.000000000 -0.000000358
0.999996543 -0.002190524 0.001463163 -0.002058285 0.002194235 0.999994338 -0.002539863 -0.002822611 -0.001457591 0.002543065 0.999995708 0.000794551
0.999990225 -0.003776517 0.002296724 -0.001468774 0.003793133 0.999966323 -0.007274109 -0.005251436 -0.002269176 0.007282750 0.999970913 0.003747659
0.999971449 -0.006891294 0.003105180 -0.002119019 0.006945288 0.999818742 -0.017726613 -0.009359189 -0.002982457 0.017747672 0.999838054 0.007019210
0.999943018 -0.010183196 0.003210930 -0.001237355 0.010268695 0.999559581 -0.027841918 -0.013396800 -0.002925996 0.027873304 0.999607205 0.010005880
0.999952614 -0.008556342 0.004637985 -0.003001456 0.008702662 0.999433696 -0.032503989 -0.021488093 -0.004357244 0.032542814 0.999460816 0.013977916
0.999901891 -0.013203814 0.004679780 -0.006547573 0.013370090 0.999207735 -0.037485775 -0.033068746 -0.004181117 0.037544664 0.999286175 0.017497152
0.999840617 -0.017564809 0.003204515 -0.007342233 0.017691651 0.998823524 -0.045151092 -0.048561335 -0.002407675 0.045200586 0.998975039 0.020265358
0.999804616 -0.019681823 0.001847155 -0.008326950 0.019750487 0.998499930 -0.051066369 -0.068372920 -0.000839305 0.051092871 0.998693526 0.022571217
0.999735415 -0.022988100 -0.000810018 -0.006505406 0.022896916 0.997903049 -0.060541037 -0.083901443 0.002200043 0.060506474 0.998165369 0.023832561
0.999719620 -0.023631413 -0.001478664 -0.007329174 0.023494326 0.997799695 -0.061998658 -0.104882345 0.002940526 0.061946534 0.998075128 0.024714431
0.999734402 -0.023004824 -0.001360873 -0.008261507 0.022868926 0.997649610 -0.064592853 -0.124117762 0.002843621 0.064544573 0.997910798 0.025694188
0.999794543 -0.020212758 0.001510530 -0.014897632 0.020267792 0.997802258 -0.063086137 -0.145576730 -0.000232066 0.063103795 0.998006940 0.027881740
0.999806583 -0.019654084 0.000756122 -0.013586733 0.019661494 0.997670174 -0.065327018 -0.150610492 0.000529582 0.065329254 0.997863650 0.031165151
0.999818504 -0.018891070 0.002469352 -0.017503761 0.019014966 0.997522473 -0.067730218 -0.153423011 -0.001183738 0.067764878 0.997700632 0.036530431
0.999849021 -0.017298799 0.001655659 -0.016462140 0.017370231 0.997685373 -0.065743223 -0.156496271 -0.000514548 0.065762058 0.997835219 0.042254467
0.999882758 -0.015027064 0.002936668 -0.020809554 0.015176141 0.998085797 -0.059953064 -0.164025217 -0.002030129 0.059990600 0.998196900 0.047176141
0.999893308 -0.014557201 0.001210532 -0.018849552 0.014603313 0.998143375 -0.059131958 -0.159824252 -0.000347489 0.059143327 0.998249412 0.054330181
0.999889493 -0.014820211 0.001179044 -0.020132588 0.014863500 0.998232722 -0.057537433 -0.156064138 -0.000324244 0.057548601 0.998342633 0.060081922
0.999872565 -0.015948433 0.000718608 -0.021066053 0.015963841 0.998367012 -0.054849979 -0.154635608 0.000157337 0.054854456 0.998494327 0.065113664
0.999845743 -0.017549984 0.000680640 -0.025350763 0.017561447 0.998451769 -0.052779451 -0.156246796 0.000246692 0.052783266 0.998605967 0.069358967
0.999829412 -0.018469431 -0.000046778 -0.025887044 0.018443070 0.998531461 -0.050939407 -0.155825168 0.000987531 0.050929856 0.998701751 0.073037423
0.999827325 -0.018578330 -0.000463807 -0.027069222 0.018531883 0.998576343 -0.050018065 -0.156620294 0.001392399 0.050000831 0.998748183 0.076473162
0.999844432 -0.017625222 -0.000649559 -0.026093101 0.017570762 0.998596370 -0.049965516 -0.159026906 0.001529301 0.049946330 0.998750746 0.078919090
0.999854505 -0.017057363 0.000101566 -0.028280551 0.017042648 0.998706758 -0.047899779 -0.163145483 0.000715609 0.047894541 0.998852134 0.079962753
0.999865711 -0.016387504 0.000255842 -0.029934395 0.016380906 0.998714209 -0.047974538 -0.165050611 0.000530670 0.047972288 0.998848498 0.080974661
0.999857128 -0.016898189 0.000441278 -0.030482089 0.016899869 0.998701751 -0.048054513 -0.170454070 0.000371328 0.048055101 0.998844624 0.081205159
0.999849260 -0.017362405 -0.000023605 -0.029413329 0.017341405 0.998704910 -0.047830336 -0.175328121 0.000854024 0.047822714 0.998855472 0.080572732
0.999832511 -0.018291414 -0.000570492 -0.027730342 0.018245254 0.998756409 -0.046397772 -0.182813182 0.001418463 0.046379592 0.998922884 0.080232374
0.999839365 -0.017901843 -0.000849041 -0.026325880 0.017842388 0.998741686 -0.046869453 -0.185318604 0.001687023 0.046846773 0.998900652 0.080438048
0.999836445 -0.018062605 -0.000913673 -0.025320968 0.018002776 0.998813510 -0.045249052 -0.191656828 0.001729904 0.045225203 0.998975337 0.079132348
0.999850094 -0.017292142 -0.000862965 -0.023771193 0.017243657 0.999047279 -0.040089950 -0.197825089 0.001555384 0.040069059 0.999195695 0.076804526
0.999849975 -0.017311605 -0.000595208 -0.024296815 0.017289853 0.999501646 -0.026409578 -0.208763167 0.001052104 0.026395325 0.999651015 0.072512701
0.999853551 -0.017096143 -0.000736291 -0.023148375 0.017087400 0.999798000 -0.010581959 -0.216357127 0.000917053 0.010567829 0.999943733 0.070906110
0.999944985 -0.010385511 0.001467071 -0.022386286 0.010381862 0.999943078 0.002472783 -0.221461132 -0.001492669 -0.002457416 0.999995887 0.070153356
0.999984503 -0.004498306 0.003277870 -0.021443866 0.004469899 0.999952853 0.008622385 -0.224412292 -0.003316502 -0.008607599 0.999957442 0.067923740
0.999965191 0.005350097 0.006398135 -0.019425748 -0.005429667 0.999907315 0.012484425 -0.236514702 -0.006330749 -0.012518731 0.999901593 0.069161564
0.999856353 0.014043938 0.009487242 -0.017258288 -0.014139967 0.999848664 0.010131881 -0.244096756 -0.009343515 -0.010264575 0.999903679 0.070541672
0.999715090 0.020601349 0.012056468 -0.020757085 -0.020688510 0.999760389 0.007149996 -0.257059306 -0.011906279 -0.007397389 0.999901772 0.071798824
0.999573290 0.025534930 0.014186055 -0.018304383 -0.025558339 0.999672234 0.001471210 -0.265316665 -0.014143839 -0.001833154 0.999898314 0.073717497
0.999415219 0.028828213 0.018389640 -0.019753477 -0.028752824 0.999577105 -0.004350841 -0.277317047 -0.018507289 0.003819543 0.999821424 0.078853950
0.999488950 0.023330286 0.021851268 -0.021700539 -0.023176700 0.999705076 -0.007255899 -0.288756579 -0.022014104 0.006745751 0.999734879 0.083102226
0.999554753 0.011115768 0.027689034 -0.024888396 -0.010813442 0.999880552 -0.011044553 -0.300186872 -0.027808497 0.010740223 0.999555588 0.088138506
0.999338984 -0.001416649 0.036325775 -0.028290682 0.001939887 0.999894798 -0.014372859 -0.311873734 -0.036301591 0.014433827 0.999236643 0.093832336
0.998711705 -0.014675072 0.048575528 -0.031130992 0.015585308 0.999709010 -0.018413145 -0.323958308 -0.048291177 0.019146487 0.998649776 0.101472355
0.997514784 -0.025431016 0.065707751 -0.033950128 0.026843121 0.999425352 -0.020697832 -0.335513890 -0.065143622 0.022410195 0.997624218 0.108699784
0.995690644 -0.037392695 0.084863901 -0.036617603 0.039410163 0.998975992 -0.022222996 -0.346949905 -0.083946019 0.025471728 0.996144712 0.116609290
0.993156791 -0.048397198 0.106288493 -0.039082631 0.050977722 0.998464108 -0.021695729 -0.357623488 -0.105075225 0.026965607 0.994098604 0.124890521
0.989924490 -0.059426881 0.128521964 -0.041236743 0.062413342 0.997863114 -0.019332116 -0.367122263 -0.127098486 0.027158821 0.991518199 0.133521676
0.986004114 -0.069219545 0.151672572 -0.043415781 0.072940320 0.997153401 -0.019100023 -0.377238035 -0.149918735 0.029895747 0.988246262 0.142298907
0.981813669 -0.077656925 0.173237726 -0.045221016 0.081956223 0.996477067 -0.017792832 -0.386772394 -0.171245679 0.031667154 0.984719276 0.151030034
0.977822602 -0.084653571 0.191563830 -0.047528487 0.089537024 0.995839000 -0.016965669 -0.396243483 -0.189330533 0.033741467 0.981333494 0.159585163
0.973946214 -0.091457568 0.207519472 -0.050810676 0.096909247 0.995160758 -0.016236616 -0.402850181 -0.205030262 0.035924144 0.978096128 0.167846262
0.970384836 -0.095721610 0.221789747 -0.053553715 0.101299323 0.994759083 -0.013884209 -0.411626697 -0.219298363 0.035940174 0.974995673 0.175811231
0.967155516 -0.099958561 0.233705997 -0.056776859 0.105861388 0.994298279 -0.012818693 -0.420296073 -0.231092125 0.037138112 0.972222805 0.183299512
0.964401186 -0.102671944 0.243698239 -0.060064398 0.109026738 0.993957758 -0.012695781 -0.429043114 -0.240922242 0.038813446 0.969767988 0.191208676
0.961683452 -0.105481565 0.253058404 -0.063200727 0.112020776 0.993638992 -0.011530653 -0.435834438 -0.250232428 0.039436635 0.967382312 0.200614989
0.958598435 -0.110175528 0.262584001 -0.066121235 0.116706513 0.993122399 -0.009356628 -0.444355249 -0.259747177 0.039614510 0.964863777 0.209046766
0.954969525 -0.114933670 0.273538768 -0.068706580 0.121105313 0.992623150 -0.005725170 -0.451993287 -0.270862877 0.038594358 0.961843967 0.217970818
0.950726032 -0.120362714 0.285714537 -0.070976228 0.126050681 0.992022634 -0.001529980 -0.459041297 -0.283251137 0.037469104 0.958313584 0.226926729
0.945836544 -0.125478253 0.299413532 -0.073775873 0.130735084 0.991414189 0.002494561 -0.462843776 -0.297155827 0.036784403 0.954120159 0.236025304
0.939820766 -0.130518094 0.315756232 -0.075144783 0.135687068 0.990735590 0.005660687 -0.469067544 -0.313569754 0.037524004 0.948823452 0.245987251
0.932602942 -0.136506170 0.334092647 -0.076240584 0.141562670 0.989885688 0.009290038 -0.474952579 -0.331981689 0.038631126 0.942494452 0.256583452
0.924032927 -0.142754227 0.354660928 -0.076736055 0.147387832 0.988978684 0.014068909 -0.480217069 -0.352760494 0.039272569 0.934889138 0.267359525
0.914206147 -0.149778232 0.376554817 -0.078008980 0.154399231 0.987843275 0.018070919 -0.482847720 -0.374683768 0.041619226 0.926218033 0.277805418
0.902705073 -0.158955649 0.399820834 -0.078107491 0.163449064 0.986281693 0.023082230 -0.486876428 -0.398005038 0.044513892 0.916302621 0.289310127
0.889767945 -0.167685181 0.424493432 -0.078291543 0.171797603 0.984708726 0.028883984 -0.490322500 -0.422845781 0.047226898 0.904970229 0.301009327
0.875575721 -0.177954689 0.449109495 -0.078060672 0.181362674 0.982763410 0.035827797 -0.493814230 -0.447744131 0.050081741 0.892758131 0.312896550
0.860218525 -0.188241228 0.473908633 -0.078788392 0.190729126 0.980685711 0.043334845 -0.496540219 -0.472912818 0.053110730 0.879507065 0.325262159
0.843710721 -0.198025838 0.498936862 -0.078450873 0.200447991 0.978458822 0.049385030 -0.499241740 -0.497968704 0.058344219 0.865230083 0.337694913
0.826488793 -0.207156584 0.523452401 -0.078128323 0.208651915 0.976331055 0.056939170 -0.501298547 -0.522858143 0.062159769 0.850150287 0.350332081
0.808746099 -0.216978952 0.546671689 -0.077401549 0.218048051 0.973840833 0.063945994 -0.502544582 -0.546246111 0.067484602 0.834901810 0.364393055
0.789979160 -0.226745561 0.569665968 -0.079157338 0.227097169 0.971232295 0.071657009 -0.503938258 -0.569525898 0.072761990 0.818746567 0.379391551
0.771482110 -0.236068547 0.590835929 -0.078293562 0.235959351 0.968555927 0.078883447 -0.504446685 -0.590879560 0.078556068 0.802926123 0.393643022
0.753064632 -0.241888061 0.611869156 -0.077308439 0.241099134 0.966732264 0.085439458 -0.504607856 -0.612180412 0.083179682 0.786330879 0.408247411
0.734521985 -0.250444978 0.630678058 -0.076190472 0.249032721 0.964040041 0.092787392 -0.504648983 -0.631237030 0.088905089 0.770477593 0.423128635
0.715483844 -0.256015450 0.650029957 -0.077873737 0.254134327 0.962069333 0.099188633 -0.506465375 -0.650767744 0.094227053 0.753407359 0.439116269
0.696011364 -0.263510585 0.667929947 -0.076573282 0.260376453 0.959534109 0.107230440 -0.506506264 -0.669157922 0.099279597 0.736458600 0.454822212
0.676371574 -0.270712554 0.685008168 -0.075156331 0.266347706 0.956968009 0.115200445 -0.506745398 -0.686717153 0.104532063 0.719369590 0.471054226
0.655856252 -0.277223259 0.702139497 -0.073414862 0.271617442 0.954494059 0.123146437 -0.506577492 -0.704326987 0.109946959 0.701309562 0.486849517
0.635503709 -0.282332033 0.718626201 -0.074238166 0.273245126 0.952750981 0.132675141 -0.508329511 -0.722130239 0.112045571 0.682622671 0.504475236
0.614434600 -0.289985776 0.733742774 -0.072602376 0.279883325 0.949632883 0.140935004 -0.508505225 -0.737655461 0.118767031 0.664649487 0.521571875
0.593323588 -0.294791102 0.749042928 -0.070737898 0.284279108 0.947305739 0.147638828 -0.508747101 -0.753095329 0.125339657 0.645861804 0.539396346
0.571605682 -0.300136596 0.763665438 -0.069742650 0.288912803 0.944717646 0.155041903 -0.509361804 -0.767982006 0.132009894 0.626719296 0.557582200
0.550437570 -0.302615911 0.778101623 -0.068022162 0.292889327 0.942755818 0.159459412 -0.511271417 -0.781814754 0.140125185 0.607561171 0.578447104
0.529378057 -0.305793732 0.791359067 -0.066274047 0.298835725 0.940210342 0.163406700 -0.512192488 -0.794012666 0.149982423 0.589108825 0.597420275
0.507703841 -0.309528917 0.804007947 -0.064734340 0.305736870 0.937221646 0.167751387 -0.513018429 -0.805457532 0.160646781 0.570465446 0.616658986
0.486420333 -0.314248502 0.815256596 -0.063658059 0.314115405 0.933591962 0.172446042 -0.513453424 -0.815307856 0.172203362 0.552828372 0.636023641
0.464701355 -0.320237309 0.825530648 -0.061412126 0.321656436 0.929672658 0.179571435 -0.514915347 -0.824978709 0.182090119 0.535026550 0.659164667
0.443008482 -0.322710097 0.836421967 -0.059656769 0.326004148 0.927085638 0.185022980 -0.514907837 -0.835143566 0.190710276 0.515911639 0.678583622
0.420858502 -0.323775768 0.847376764 -0.057955235 0.329364419 0.924924850 0.189823985 -0.515021503 -0.845220268 0.199206710 0.495902717 0.697979093
0.398486555 -0.326962054 0.856915593 -0.056315839 0.333996594 0.921878815 0.196432695 -0.514880240 -0.854198337 0.207931057 0.476560473 0.717219710
0.375453353 -0.329355478 0.866348624 -0.053504825 0.339003384 0.918762565 0.202366069 -0.516204774 -0.862619042 0.217716023 0.456605077 0.741284072
0.352493823 -0.331747949 0.875037968 -0.051994503 0.345299602 0.915182173 0.207869634 -0.516314626 -0.869779527 0.228877470 0.437148452 0.760339558
0.329743445 -0.334963471 0.882648766 -0.050768912 0.352187902 0.911091745 0.214185759 -0.516417921 -0.875918448 0.240231857 0.418396592 0.779286146
0.306783140 -0.337485075 0.889937162 -0.050170004 0.360042155 0.906692445 0.219723701 -0.516665041 -0.881052732 0.253007293 0.399666786 0.797647834
0.283698261 -0.339254797 0.896895587 -0.046732426 0.366772652 0.902593315 0.225395635 -0.518550456 -0.885998547 0.265012324 0.380493522 0.821009755
0.261410892 -0.340374798 0.903221667 -0.046255589 0.371378690 0.899191380 0.231371388 -0.518488407 -0.890922129 0.274954259 0.361466348 0.838288546
0.239298761 -0.342380702 0.908576727 -0.045963585 0.376993895 0.895111501 0.238014817 -0.518313825 -0.894769192 0.285571218 0.343274474 0.855251491
0.217298627 -0.341856778 0.914284170 -0.045623899 0.379328310 0.892619014 0.243600786 -0.518371940 -0.899383962 0.293879688 0.323640823 0.871383190
0.195813417 -0.345963657 0.917587340 -0.044160783 0.381221235 0.888958633 0.253816843 -0.519517064 -0.903508604 0.300102949 0.305958688 0.890843272
0.175480604 -0.351015955 0.919779480 -0.044625282 0.382817298 0.885079145 0.264737248 -0.518378139 -0.907004654 0.305651307 0.289689183 0.905235112
0.155265450 -0.355798393 0.921574950 -0.045243442 0.380543381 0.882436037 0.276574433 -0.516796052 -0.911635637 0.307756722 0.272408545 0.919063210
0.135920286 -0.360290080 0.922885001 -0.046125710 0.377225131 0.880182505 0.288062423 -0.515398800 -0.916093290 0.308981866 0.255545139 0.931714058
0.117846131 -0.365917921 0.923155844 -0.041023135 0.373791397 0.877605915 0.300146401 -0.514858007 -0.919995964 0.309696496 0.240199387 0.950174451
0.103738844 -0.369974405 0.923232019 -0.041937232 0.370865613 0.875684977 0.309248269 -0.514177501 -0.922874391 0.310313940 0.228053331 0.962350607
0.091785729 -0.372013509 0.923678219 -0.042602956 0.368421793 0.874456942 0.315579563 -0.513982773 -0.925116718 0.311337441 0.217320561 0.974438787
0.082676172 -0.373143792 0.924082398 -0.043455601 0.367868781 0.873197913 0.319684029 -0.514010906 -0.926195025 0.313510835 0.209460616 0.986303508
0.074750602 -0.371208370 0.925535917 -0.038656235 0.369211316 0.872475684 0.320108086 -0.513011456 -0.926334381 0.317790061 0.202272415 1.003459811
0.069756746 -0.368843824 0.926870167 -0.043921471 0.368291408 0.873015821 0.319694906 -0.515191317 -0.927089751 0.319057435 0.196740746 1.010080814
0.065018773 -0.365895063 0.928382277 -0.038864136 0.369987994 0.872878194 0.318107814 -0.514017224 -0.926758766 0.322807223 0.192130208 1.026402235
0.062529862 -0.364100516 0.929258287 -0.038527846 0.370882809 0.872881711 0.317054391 -0.514488339 -0.926572263 0.324820459 0.189619780 1.037988305
0.060069621 -0.367648184 0.928022921 -0.034877658 0.371501386 0.871149063 0.321070105 -0.512567043 -0.926487148 0.325475186 0.188911378 1.055190802
0.059964895 -0.371965885 0.926307559 -0.033824921 0.371910512 0.869488120 0.325073838 -0.512228549 -0.926329732 0.325010478 0.190476775 1.067685008
0.060433626 -0.376648366 0.924383044 -0.031390190 0.374393404 0.867018759 0.328797907 -0.511642396 -0.925298691 0.326212376 0.193411767 1.081795216
0.061496258 -0.380555600 0.922711134 -0.032278180 0.377563268 0.864635110 0.331439584 -0.512954831 -0.923939586 0.327999443 0.196855605 1.093855262
0.063000798 -0.383978993 0.921190023 -0.027519822 0.385111004 0.860888779 0.332505673 -0.509114683 -0.920717359 0.333812267 0.202111185 1.106963754
0.065125704 -0.386739194 0.919886708 -0.025273919 0.392433167 0.857491255 0.332723558 -0.509631991 -0.917472005 0.339325190 0.207613945 1.118422747
0.067616642 -0.388861179 0.918811679 -0.022334933 0.400804222 0.853928924 0.331905633 -0.509722471 -0.913665056 0.345821291 0.213597000 1.129659534
0.070299923 -0.388806075 0.918633640 -0.018377304 0.406292588 0.852224112 0.329606444 -0.509940207 -0.911034763 0.350062758 0.217880309 1.139559269
0.073701680 -0.386338443 0.919407904 -0.012469292 0.402269751 0.855104446 0.327071130 -0.508220673 -0.912549913 0.345744252 0.218434870 1.147755980
0.077329576 -0.383810788 0.920168281 -0.006418228 0.396236926 0.858744442 0.324891180 -0.507315159 -0.914886117 0.339480847 0.218486309 1.155343652
0.081558347 -0.380400956 0.921218455 0.000340343 0.386913121 0.863891602 0.322474211 -0.505953550 -0.918502390 0.330131024 0.217639685 1.162107587
0.085855424 -0.375907719 0.922671437 0.008119583 0.379555285 0.868595600 0.318558604 -0.504736483 -0.921176910 0.322854728 0.217251360 1.168433070
0.086489797 -0.369750559 0.925096869 0.010627389 0.371876717 0.873441577 0.314336747 -0.506997466 -0.924244285 0.316835016 0.213045359 1.175597072
0.090660989 -0.366587847 0.925955832 0.019035339 0.364990324 0.877319694 0.311596245 -0.505394578 -0.926586688 0.309715182 0.213339627 1.181415439
0.094424605 -0.363801569 0.926678121 0.027586818 0.361032337 0.879983485 0.308682203 -0.504248142 -0.927760541 0.305413604 0.214436233 1.187198162
0.096205354 -0.360832214 0.927655578 0.036420822 0.356997073 0.882480621 0.306236953 -0.503124952 -0.929138184 0.301708609 0.213715434 1.192774177
0.094156086 -0.357523203 0.929145753 0.044754505 0.353966951 0.884331465 0.304409593 -0.502567708 -0.930506289 0.300224870 0.209816575 1.198378444
0.088447213 -0.352787465 0.931513965 0.053766608 0.353135139 0.885541797 0.301846474 -0.501973450 -0.931382239 0.302252799 0.202905297 1.203576922
0.078691781 -0.348524600 0.933990419 0.062634349 0.357233137 0.884534597 0.299971730 -0.501651406 -0.930694401 0.310047060 0.194110155 1.208837509
0.064374447 -0.341717064 0.937595487 0.071658731 0.360996664 0.883889079 0.297357500 -0.501797616 -0.930342555 0.319326639 0.180258632 1.213553786
0.046343625 -0.333745807 0.941523373 0.078785539 0.369299859 0.881483734 0.294285625 -0.504996419 -0.928154171 0.334066123 0.164103389 1.217037082
0.025988996 -0.326709509 0.944767535 0.087261796 0.375164211 0.879195094 0.293713778 -0.506053805 -0.926594079 0.346809596 0.145419061 1.220831394
0.002796710 -0.322459400 0.946579218 0.095047712 0.375971615 0.877471685 0.297806561 -0.507196367 -0.926627040 0.355054021 0.123689592 1.223775983
-0.020547509 -0.323392242 0.946041942 0.100364208 0.376825064 0.873953283 0.306934088 -0.509029269 -0.926056504 0.362799019 0.103904784 1.226185679
-0.044433594 -0.328081250 0.943604052 0.104835153 0.379362524 0.868244410 0.319743395 -0.511156261 -0.924180686 0.372175276 0.085882425 1.228662491
-0.065157413 -0.333965123 0.940330803 0.108545423 0.382679522 0.861922622 0.332634568 -0.513912320 -0.921580732 0.381518900 0.071640909 1.230318427
-0.082892179 -0.342633665 0.935805082 0.110680342 0.388145566 0.853783011 0.346983582 -0.518569231 -0.917862773 0.391990751 0.062219799 1.231459618
-0.098198533 -0.351886779 0.930877507 0.112419724 0.392574102 0.845844090 0.361155540 -0.526057601 -0.914463103 0.400903314 0.055080950 1.230932117
-0.109803796 -0.362262785 0.925585687 0.113377571 0.395045757 0.838600993 0.375082970 -0.538396716 -0.912075698 0.406834245 0.051028728 1.226492167
-0.118984818 -0.369293541 0.921664417 0.115139723 0.395979732 0.833593726 0.385125369 -0.552318454 -0.910517991 0.410784394 0.047047675 1.222175598
-0.126301289 -0.374460042 0.918600976 0.116945148 0.397752047 0.829201877 0.392705411 -0.568401158 -0.908758104 0.414974600 0.044212937 1.216086626
-0.132304668 -0.376473606 0.916931391 0.118523955 0.401163936 0.825577259 0.396849692 -0.585659266 -0.906401157 0.420344889 0.041799843 1.208876133
-0.137144804 -0.377129704 0.915950179 0.120872259 0.404311508 0.822840929 0.399330676 -0.605027258 -0.904280782 0.425095260 0.039629459 1.198546648
-0.140901685 -0.377955109 0.915039182 0.123964071 0.404685229 0.821529150 0.401646197 -0.622288227 -0.903535604 0.426895440 0.037198067 1.188843608
-0.144209266 -0.378819257 0.914166093 0.127607703 0.406331092 0.819677174 0.403762728 -0.638572454 -0.902274251 0.429680437 0.035720944 1.178292513
-0.147028208 -0.376368761 0.914729118 0.131844521 0.403480351 0.821521938 0.402871400 -0.653989792 -0.903098226 0.428308636 0.031070471 1.166386724
-0.150144577 -0.376007527 0.914371490 0.142554164 0.399579257 0.822875500 0.403995514 -0.670145869 -0.904319286 0.426021516 0.026694417 1.154883146
-0.151571035 -0.376411796 0.913969755 0.147561908 0.391338170 0.826245725 0.405182064 -0.682764590 -0.907678843 0.419085026 0.022069275 1.141277313
-0.152042031 -0.377114177 0.913601756 0.152785778 0.380546451 0.830751717 0.406246245 -0.694447756 -0.912177444 0.409434378 0.017200291 1.126594067
-0.152233839 -0.380731553 0.912068188 0.158447266 0.370389491 0.833594203 0.409795493 -0.705276251 -0.916316807 0.400205165 0.014117777 1.111687899
-0.152082443 -0.382972300 0.911154866 0.164560914 0.360351443 0.836937845 0.411924630 -0.716041207 -0.920335770 0.390982419 0.010721028 1.097167730
-0.152419806 -0.384642392 0.910394788 0.171358347 0.351889879 0.839670360 0.413675278 -0.725266993 -0.923548579 0.383410960 0.007369339 1.082467437
-0.152922511 -0.385887414 0.909783423 0.177940726 0.349230438 0.840109169 0.415035844 -0.734346867 -0.924474537 0.381192267 0.006291986 1.068559170
-0.153839946 -0.386552453 0.909346402 0.185525775 0.351914585 0.838520229 0.415980756 -0.743025661 -0.923303783 0.384006619 0.007035494 1.054826260
-0.155089498 -0.388010353 0.908512712 0.193980575 0.357004315 0.835477829 0.417761534 -0.750760257 -0.921138048 0.389133364 0.008947492 1.041455507
-0.155516148 -0.388913304 0.908053577 0.202837110 0.360209435 0.833618343 0.418723822 -0.758161187 -0.919817388 0.392207742 0.010449052 1.027838469
-0.155436993 -0.389080048 0.907995641 0.212564588 0.358562827 0.834257483 0.418864161 -0.764708757 -0.920473874 0.390680403 0.009835184 1.014141440
-0.155311704 -0.387722105 0.908597827 0.222797871 0.356334656 0.835849881 0.417588979 -0.770876288 -0.921359897 0.388621300 0.008341491 1.000432253
-0.155247211 -0.387616575 0.908653915 0.235035181 0.353784204 0.836982846 0.417488307 -0.777099311 -0.922353089 0.386281163 0.007193387 0.988211215
-0.155149698 -0.386188239 0.909278512 0.246754527 0.350239843 0.839133501 0.416157573 -0.781775355 -0.923721194 0.383032233 0.005067110 0.975219667
-0.155707479 -0.385460645 0.909491897 0.259140611 0.346803933 0.840779424 0.415712684 -0.786293745 -0.924922943 0.380144864 0.002763629 0.962429643
-0.156724811 -0.382887453 0.910403609 0.271895885 0.344353110 0.842766583 0.413721442 -0.790701210 -0.925666451 0.378340662 -0.000234008 0.949673176
-0.160619497 -0.379275799 0.911236167 0.289872885 0.344387233 0.843666196 0.411855340 -0.795084476 -0.924985886 0.379970074 -0.004891515 0.938216448
-0.168143749 -0.372181594 0.912802637 0.304133296 0.344363511 0.845469236 0.408161223 -0.799550116 -0.923656642 0.382965624 -0.013994694 0.925727665
-0.178629637 -0.361644328 0.915043771 0.318505287 0.344296753 0.848229885 0.402449787 -0.803666949 -0.921711147 0.386935949 -0.027006149 0.913562298
-0.191403151 -0.354457527 0.915273190 0.332886696 0.343093842 0.849524260 0.400743246 -0.806901038 -0.919593215 0.390727997 -0.040989399 0.901751339
-0.204899311 -0.355073601 0.912106991 0.349550009 0.340088397 0.847990274 0.406512380 -0.809381306 -0.917799711 0.393491030 -0.052996159 0.891581714
-0.216877222 -0.360247046 0.907296181 0.362621188 0.338447183 0.844023764 0.416025728 -0.810829878 -0.915651560 0.397298306 -0.061124921 0.881371737
-0.227056265 -0.367613792 0.901834667 0.375709653 0.334652066 0.840180397 0.426737547 -0.812437952 -0.914578378 0.398694217 -0.067745447 0.871659994
-0.236322045 -0.373540759 0.897005856 0.388918400 0.331188560 0.836910665 0.435769081 -0.813767195 -0.913491309 0.400059819 -0.074068069 0.861707628
-0.245190263 -0.378261566 0.892636716 0.414041400 0.326355875 0.834800184 0.443396598 -0.815701902 -0.912893236 0.400033623 -0.081237078 0.853302896
-0.252686858 -0.379581988 0.889981449 0.427947521 0.324940920 0.833114564 0.447586387 -0.818821907 -0.911352217 0.402290553 -0.087175369 0.844750762
-0.259165049 -0.379601151 0.888108253 0.442506790 0.320725948 0.833521724 0.449862659 -0.822309971 -0.911025882 0.401428103 -0.094271779 0.836835384
-0.264780879 -0.375033796 0.888392270 0.457764924 0.319162071 0.835267484 0.447731882 -0.826377630 -0.909959733 0.402091950 -0.101466298 0.829353392
-0.269755363 -0.367184758 0.890172899 0.476775169 0.317898512 0.838653147 0.442268580 -0.829997063 -0.908940613 0.402288824 -0.109503746 0.822717667
-0.273952961 -0.360654861 0.891559362 0.492827177 0.317028612 0.841345310 0.437756747 -0.834797859 -0.907988429 0.402574450 -0.116151094 0.816411495
-0.276950002 -0.353362828 0.893551111 0.509150624 0.318837255 0.843445063 0.432369381 -0.839986265 -0.906444550 0.404642016 -0.120926976 0.810697496
-0.279641747 -0.348965436 0.894440532 0.525423765 0.320117444 0.844410777 0.429529220 -0.844422460 -0.905166030 0.406440228 -0.124422550 0.806168914
-0.281286836 -0.346431047 0.894909799 0.551606834 0.324715942 0.843190134 0.428474009 -0.851043284 -0.903015792 0.411115468 -0.124686599 0.798737884
-0.283486605 -0.343374163 0.895393789 0.567217290 0.333120376 0.840293765 0.427711606 -0.856863797 -0.899258912 0.419524252 -0.123827100 0.795157015
-0.287671089 -0.341014445 0.894960821 0.582585812 0.340761960 0.836866438 0.428410858 -0.863003612 -0.895057023 0.428209931 -0.124537587 0.791543663
-0.295872211 -0.338445723 0.893260539 0.596703053 0.347829640 0.832756996 0.430732310 -0.868572891 -0.889648497 0.438144147 -0.128668308 0.788323760
-0.307632923 -0.337100714 0.889789581 0.615044236 0.355230600 0.826835632 0.436066628 -0.875143290 -0.882708073 0.450228810 -0.134613514 0.782036424
-0.322184324 -0.334572732 0.885583580 0.628368497 0.360817313 0.821454823 0.441613942 -0.881332934 -0.875218809 0.461814970 -0.143940210 0.776793122
-0.339180470 -0.331715316 0.880296290 0.641281068 0.363400608 0.816924751 0.447854757 -0.887425601 -0.867696106 0.471803844 -0.156539440 0.770204425
-0.357937336 -0.328446746 0.874073148 0.654228449 0.362930715 0.813552797 0.454327226 -0.892774045 -0.860326886 0.479848564 -0.171997547 0.762581289
-0.378821373 -0.324756235 0.866618752 0.675294876 0.357261032 0.812507927 0.460646778 -0.904372931 -0.853732467 0.484111875 -0.191772699 0.749375880
-0.400798678 -0.319226146 0.858752072 0.686600924 0.351352215 0.812106252 0.465870231 -0.909739733 -0.846115887 0.488444597 -0.213330269 0.739150584
-0.424792767 -0.313268661 0.849361002 0.697736740 0.342554867 0.812835932 0.471119851 -0.914673567 -0.837978303 0.491080910 -0.237975121 0.727607012
-0.450013638 -0.307654470 0.838353395 0.707480788 0.332908958 0.813316584 0.477166384 -0.919258833 -0.828649044 0.493826777 -0.263582706 0.715590119
-0.476103187 -0.301942110 0.825927734 0.721242785 0.323954940 0.812933385 0.483934373 -0.925471365 -0.817544460 0.497966081 -0.289224505 0.701815367
-0.501194239 -0.294467986 0.813690960 0.729843855 0.316942990 0.812508583 0.489261657 -0.929494262 -0.805202782 0.503108799 -0.313894987 0.689532161
-0.523270845 -0.288267970 0.801928520 0.737830758 0.312146544 0.810803473 0.495138675 -0.933088899 -0.792939067 0.509410799 -0.334288001 0.677693605
-0.541930199 -0.284415483 0.790834963 0.745772123 0.306881368 0.809049785 0.501260698 -0.934351861 -0.782391131 0.514340699 -0.351166725 0.666044593
-0.557658792 -0.283040434 0.780323744 0.753423810 0.301446527 0.806833148 0.508084953 -0.945228040 -0.773399711 0.518563807 -0.364616156 0.656908631
-0.570490122 -0.281938434 0.771395981 0.758760810 0.297496676 0.804512620 0.514057636 -0.941349685 -0.765530407 0.522752523 -0.375090718 0.648712039
-0.580635905 -0.281743914 0.763860166 0.763577819 0.291129440 0.804332972 0.517969251 -0.934573710 -0.760332644 0.523133636 -0.385000587 0.641725302
-0.588694215 -0.281746507 0.757666051 0.767185211 0.287970185 0.802705109 0.522242904 -0.923892558 -0.755322516 0.525626659 -0.391413212 0.636764646
-0.594765902 -0.280487359 0.753379345 0.774446964 0.287583172 0.800901592 0.525216699 -0.918472588 -0.750699401 0.529040217 -0.395685554 0.631519914
-0.598860145 -0.278326601 0.750933409 0.777973533 0.288463205 0.799761415 0.526470065 -0.907536864 -0.747098207 0.531898499 -0.398658276 0.627251029
-0.601581216 -0.276204824 0.749540627 0.781093001 0.288403451 0.799930394 0.526246011 -0.899341345 -0.744931996 0.532749832 -0.401564717 0.621894240
-0.603332043 -0.275928020 0.748234153 0.784557581 0.290004492 0.798090458 0.528156221 -0.893750250 -0.742891669 0.535644829 -0.401493311 0.615551949
-0.604224920 -0.272472203 0.748779953 0.780137658 0.294292331 0.796964645 0.527484000 -0.888293564 -0.740475833 0.539079130 -0.401359558 0.612511277
-0.604413509 -0.272394150 0.748656034 0.782529116 0.296158582 0.795560479 0.528558135 -0.889406621 -0.739577293 0.541188478 -0.400175691 0.602856040
-0.603814363 -0.272361547 0.749151409 0.784474134 0.295750052 0.796190858 0.527837098 -0.893005848 -0.740230024 0.540277064 -0.400200605 0.592071176
-0.602908850 -0.277735502 0.747906804 0.786659718 0.290185302 0.796897888 0.529854953 -0.897471666 -0.743164897 0.536485612 -0.399862051 0.580822647
-0.602025747 -0.281307071 0.747282624 0.784160137 0.286563665 0.797418416 0.531041563 -0.902074695 -0.745282650 0.533844769 -0.399453998 0.571472824
-0.602412701 -0.285865217 0.745238066 0.784898758 0.280350477 0.798400640 0.532878935 -0.901946068 -0.747330189 0.529940903 -0.400824308 0.561523139
-0.604912281 -0.290236920 0.741514564 0.785213113 0.272383064 0.799616516 0.535183132 -0.898818135 -0.748257160 0.525714815 -0.404642224 0.552482963
-0.609340787 -0.292920947 0.736818433 0.784854054 0.265701711 0.800101042 0.537811279 -0.892628551 -0.747065425 0.523484111 -0.409704566 0.544222713
-0.615643740 -0.294916630 0.730757952 0.779752016 0.261523843 0.798307002 0.542504549 -0.882386804 -0.743362784 0.525100112 -0.414345026 0.539729834
-0.623461485 -0.295431167 0.723889768 0.779027939 0.258044511 0.796231866 0.547200084 -0.870310783 -0.738044083 0.527953863 -0.420185447 0.534281015
-0.632616639 -0.296158552 0.715602100 0.777991056 0.252766907 0.794441938 0.552241743 -0.855491102 -0.732055485 0.530237854 -0.427718043 0.530304730
-0.641139746 -0.297580391 0.707379520 0.776521325 0.246204719 0.793274879 0.556864679 -0.839166164 -0.726858437 0.531188190 -0.435334444 0.526951313
-0.649077892 -0.298138112 0.699865520 0.774550796 0.239693627 0.792986453 0.560106695 -0.822716296 -0.721973002 0.531306088 -0.443248153 0.524517834
-0.657001138 -0.298233747 0.692391753 0.773931742 0.235531211 0.791252792 0.564308524 -0.806672275 -0.716152787 0.533831120 -0.449610710 0.522285700
-0.666217685 -0.298880577 0.683245301 0.773258448 0.228887498 0.790009320 0.568766952 -0.790253997 -0.709763527 0.535308957 -0.457908154 0.520337462
-0.676862836 -0.297606647 0.673266351 0.772370815 0.222446024 0.789170802 0.572474718 -0.774035454 -0.701694429 0.537252069 -0.467959046 0.518895209
-0.688666582 -0.295790017 0.662002027 0.773609638 0.218009517 0.786291957 0.578114808 -0.755621374 -0.691527545 0.542451084 -0.477007985 0.516454935
-0.701325178 -0.293067127 0.649811327 0.773892164 0.214100271 0.782891154 0.584159672 -0.737506688 -0.679929554 0.548810661 -0.486315608 0.516273201
-0.714402676 -0.290921181 0.636391342 0.774707198 0.209367484 0.778938293 0.591117918 -0.718715191 -0.667678297 0.555535734 -0.495566130 0.516652942
-0.727748632 -0.286695808 0.623046994 0.775442839 0.205114871 0.775879681 0.596605957 -0.699011862 -0.654453874 0.561975300 -0.505839825 0.517552972
-0.740186691 -0.283563256 0.609685183 0.779909253 0.201058313 0.771905899 0.603106022 -0.679330051 -0.641638279 0.568993211 -0.514341831 0.516930044
-0.750522614 -0.282558799 0.597391546 0.782570958 0.196783096 0.767416477 0.610203624 -0.658921361 -0.630866468 0.575528026 -0.520360708 0.518666744
-0.759000182 -0.279198676 0.588189363 0.786285162 0.195841581 0.763656735 0.615202785 -0.638535142 -0.620938540 0.582131028 -0.524936914 0.520564616
-0.764881015 -0.277810156 0.581187308 0.790201783 0.192409053 0.762508214 0.617705464 -0.619099796 -0.614764988 0.584296823 -0.529774904 0.522161722
