1.000000000 0.000000000 0.000000000 0.000000000 0.000000000 1.000000000 0.000000000 0.000000477 0.000000000 0.000000000 1.000000000 -0.000000238
0.999999821 0.000561940 0.000115463 -0.000227486 -0.000561950 0.999999821 0.000084135 -0.000350138 -0.000115415 -0.000084200 1.000000000 -0.000061039
1.000000000 0.000077977 0.000054614 0.000003724 -0.000077956 0.999999940 -0.000388295 0.000341880 -0.000054645 0.000388291 0.999999940 0.000029696
0.999999881 0.000527401 0.000118700 0.000008744 -0.000527336 0.999999702 -0.000544993 0.000484808 -0.000118987 0.000544930 0.999999821 -0.000015095
0.999999940 0.000209727 0.000178068 0.000007439 -0.000209659 0.999999881 -0.000382425 0.000203120 -0.000178148 0.000382388 0.999999940 0.000029402
0.999999940 -0.000324190 -0.000048648 0.000378402 0.000324185 0.999999940 -0.000115797 -0.000135835 0.000048686 0.000115782 1.000000000 0.000669007
0.999999702 -0.000202388 0.000715843 -0.000343530 0.000202618 0.999999940 -0.000322113 0.000534402 -0.000715778 0.000322258 0.999999702 0.000195206
0.999999940 0.000038345 0.000397999 0.000377589 -0.000038227 0.999999940 -0.000296262 0.000793836 -0.000398010 0.000296247 0.999999881 -0.000846147
0.999999344 -0.000460221 0.001045980 -0.000324102 0.000460514 0.999999881 -0.000279237 0.000500667 -0.001045852 0.000279719 0.999999404 0.000361445
0.999999106 -0.001065535 0.000820598 0.001154366 0.001065996 0.999999285 -0.000561478 0.001714376 -0.000819999 0.000562353 0.999999523 -0.000384188
0.999998689 -0.000703569 0.001476888 -0.000522464 0.000703510 0.999999762 0.000040378 0.000607386 -0.001476916 -0.000039339 0.999998927 0.000633511
0.999999106 -0.000728794 0.001121978 -0.000232971 0.000728288 0.999999642 0.000451418 0.000403153 -0.001122307 -0.000450600 0.999999285 0.000208515
0.999999166 -0.000569932 0.001137746 -0.000625495 0.000569776 0.999999821 0.000137181 0.000452250 -0.001137824 -0.000136532 0.999999344 0.000642234
0.999999046 -0.000867758 0.001099985 -0.001140464 0.000867834 0.999999642 -0.000068796 0.000923331 -0.001099925 0.000069750 0.999999404 0.002301643
0.999999344 -0.000609966 0.000984768 -0.000477557 0.000609902 0.999999821 0.000065234 0.000434379 -0.000984807 -0.000064633 0.999999523 0.000506843
0.999999404 -0.000647231 0.000870409 -0.000533047 0.000646998 0.999999762 0.000268384 0.000054079 -0.000870582 -0.000267821 0.999999583 0.000682278
0.999999583 -0.000910172 0.000250799 0.000684813 0.000910072 0.999999523 0.000397494 -0.000726966 -0.000251161 -0.000397265 0.999999881 -0.000438573
0.999999881 -0.000530750 0.000013254 0.000552438 0.000530738 0.999999464 0.000891704 -0.001265227 -0.000013727 -0.000891696 0.999999583 -0.000298045
0.999999821 -0.000494624 0.000274615 -0.000262583 0.000494605 0.999999881 0.000071065 0.000452871 -0.000274650 -0.000070930 0.999999940 0.000074188
0.999999762 -0.000467833 0.000491872 -0.000724996 0.000467963 0.999999881 -0.000264056 0.001544850 -0.000491748 0.000264286 0.999999821 0.000290968
0.999999344 -0.001076288 0.000430939 0.000536866 0.001076110 0.999999344 0.000413825 -0.000836739 -0.000431384 -0.000413361 0.999999821 -0.000553016
0.999999404 -0.001043778 0.000378436 0.000654843 0.001043638 0.999999404 0.000370120 -0.001152330 -0.000378822 -0.000369724 0.999999881 -0.000681869
0.999999821 -0.000180223 0.000525216 -0.000240212 0.000180213 1.000000000 0.000019421 0.000288807 -0.000525219 -0.000019326 0.999999881 0.000330867
0.999999762 -0.000361529 0.000550649 -0.000216422 0.000361511 0.999999940 0.000031536 0.000117744 -0.000550660 -0.000031337 0.999999821 0.000124031
0.999999702 -0.000342155 0.000731120 -0.000276898 0.000342203 0.999999940 -0.000064369 0.000341773 -0.000731098 0.000064619 0.999999702 0.000377641
0.999999642 -0.000339811 0.000799797 -0.000474627 0.000339841 0.999999940 -0.000037347 0.000270664 -0.000799785 0.000037618 0.999999702 0.000201546
0.999999821 -0.000028991 0.000594879 -0.000126165 0.000029011 1.000000000 -0.000033661 0.000118842 -0.000594878 0.000033678 0.999999821 0.000186820
0.999999821 0.000100741 0.000560991 -0.000294204 -0.000100734 1.000000000 -0.000013497 -0.000008694 -0.000560992 0.000013441 0.999999821 0.000118546
0.999999881 0.000009739 0.000540564 -0.000321737 -0.000009722 1.000000000 -0.000031941 0.000192160 -0.000540564 0.000031936 0.999999881 0.000260712
0.999999821 0.000147308 0.000569171 -0.000495895 -0.000147239 1.000000000 -0.000122342 0.000079654 -0.000569189 0.000122258 0.999999821 0.000243929
0.999998987 -0.001439129 0.000072817 0.001611484 0.001439112 0.999998927 0.000234920 -0.000263836 -0.000073155 -0.000234814 0.999999940 0.001690690
0.999998808 -0.001529792 0.000071380 0.001422291 0.001529774 0.999998808 0.000249270 -0.000326497 -0.000071761 -0.000249161 0.999999940 0.001588914
0.999999642 -0.000336148 0.000753249 -0.000327946 0.000336177 0.999999940 -0.000039071 0.000234476 -0.000753236 0.000039324 0.999999702 0.000449973
0.999999762 -0.000406230 0.000580336 -0.000484597 0.000406206 0.999999940 0.000041612 0.000243346 -0.000580353 -0.000041376 0.999999821 0.000284959
0.999999881 0.000114559 0.000452318 0.000069238 -0.000114487 1.000000000 -0.000158068 0.000173254 -0.000452336 0.000158017 0.999999881 0.000434156
0.999999881 0.000212650 0.000398691 0.000041346 -0.000212576 0.999999940 -0.000187217 0.000144940 -0.000398731 0.000187133 0.999999881 0.000156524
0.999999821 -0.000199998 0.000597934 -0.000112620 0.000200046 1.000000000 -0.000079442 0.000261835 -0.000597918 0.000079562 0.999999821 0.000566571
0.999999821 -0.000097041 0.000629090 -0.000083634 0.000097035 1.000000000 0.000008619 0.000268153 -0.000629091 -0.000008558 0.999999821 0.000252496
0.999999702 0.000578634 0.000469737 -0.000204077 -0.000578970 0.999999583 0.000716965 0.000143819 -0.000469322 -0.000717237 0.999999642 0.000573568
1.000000000 0.000127718 0.000103790 -0.000424956 -0.000127776 0.999999821 0.000556605 0.000061769 -0.000103719 -0.000556618 0.999999821 0.000248076
0.999999881 -0.000401661 0.000256268 -0.000268932 0.000401572 0.999999881 0.000347117 0.000272091 -0.000256407 -0.000347014 0.999999881 0.000469778
0.999999940 0.000140105 0.000384552 -0.000297789 -0.000140314 0.999999821 0.000544876 0.000297981 -0.000384475 -0.000544929 0.999999762 0.000283749
0.999999881 0.000146608 0.000464720 -0.000433534 -0.000146825 0.999999881 0.000467610 0.000283428 -0.000464651 -0.000467678 0.999999762 0.000263283
0.999999881 -0.000181278 0.000483654 -0.000460962 0.000181134 0.999999940 0.000297565 0.000233068 -0.000483708 -0.000297477 0.999999821 0.000101008
0.999999881 0.000208086 0.000492308 -0.000251962 -0.000208014 0.999999940 -0.000145773 0.000309607 -0.000492338 0.000145670 0.999999881 0.000220051
0.999999881 0.000325718 0.000430593 -0.000160377 -0.000325761 0.999999940 0.000098349 0.000224447 -0.000430561 -0.000098489 0.999999881 0.000075955
0.999999821 -0.000023792 0.000628615 -0.000478144 0.000023787 1.000000000 0.000007246 0.000591865 -0.000628615 -0.000007231 0.999999821 0.000266431
0.999999821 -0.000267888 0.000582975 -0.000477546 0.000267937 0.999999940 -0.000084577 0.000321137 -0.000582952 0.000084733 0.999999821 0.000305270
0.999999821 0.000382956 0.000519800 -0.000130390 -0.000382882 0.999999940 -0.000141494 0.000596077 -0.000519854 0.000141295 0.999999881 0.000139925
0.999999881 0.000207564 0.000477267 -0.000064460 -0.000207537 1.000000000 -0.000057094 0.000345366 -0.000477279 0.000056995 0.999999881 0.000138806
0.999999762 -0.000048222 0.000704659 -0.000193958 0.000048367 1.000000000 -0.000206285 0.000475706 -0.000704649 0.000206319 0.999999702 0.000237342
0.999999881 -0.000089014 0.000525491 -0.000099331 0.000089008 1.000000000 0.000011796 0.000242420 -0.000525492 -0.000011750 0.999999881 0.000094661
0.999999821 0.000010950 0.000574617 -0.000275578 -0.000011022 1.000000000 0.000124065 0.000389370 -0.000574616 -0.000124071 0.999999821 0.000233880
0.999999821 0.000273500 0.000571348 -0.000289888 -0.000273695 0.999999881 0.000340976 0.000205663 -0.000571254 -0.000341132 0.999999762 0.000208499
0.999999762 -0.000584079 0.000278018 0.000292133 0.000583919 0.999999642 0.000575692 -0.000482802 -0.000278354 -0.000575529 0.999999821 -0.000304383
0.999999702 -0.000500258 0.000551001 0.000332977 0.000499923 0.999999702 0.000608137 -0.000592129 -0.000551305 -0.000607861 0.999999642 -0.000356910
0.999999642 -0.000589209 0.000617637 -0.000002650 0.000588638 0.999999404 0.000925655 -0.000763613 -0.000618183 -0.000925291 0.999999404 0.000047796
0.999999702 -0.000545287 0.000537436 -0.000002625 0.000544867 0.999999523 0.000781051 -0.000712313 -0.000537861 -0.000780758 0.999999523 -0.000054347
0.999999821 -0.000032232 0.000567719 -0.000167893 0.000032037 0.999999940 0.000343464 0.000327504 -0.000567731 -0.000343445 0.999999762 0.000120980
0.999999821 -0.000113112 0.000602334 -0.000165852 0.000112893 0.999999940 0.000362746 0.000399747 -0.000602374 -0.000362678 0.999999762 0.000127211
0.999999702 -0.000058371 0.000794168 -0.000483484 0.000058104 0.999999940 0.000337087 0.000298834 -0.000794188 -0.000337041 0.999999642 0.000368402
0.999999523 0.000160755 0.000959960 -0.000448056 -0.000161045 0.999999940 0.000301423 0.000371308 -0.000959912 -0.000301577 0.999999523 0.000367869
0.999999821 0.000050934 0.000603685 -0.000300318 -0.000051139 0.999999940 0.000339653 0.000183183 -0.000603667 -0.000339683 0.999999762 0.000182390
0.999999762 0.000284575 0.000626850 -0.000169411 -0.000284683 0.999999940 0.000173019 0.000303532 -0.000626801 -0.000173197 0.999999762 0.000098364
0.999999642 -0.000073378 0.000861788 -0.000393261 0.000073115 0.999999940 0.000305197 0.000319315 -0.000861811 -0.000305134 0.999999583 0.000333074
0.999999762 -0.000007649 0.000709865 -0.000530992 0.000007648 1.000000000 0.000001453 0.000473929 -0.000709865 -0.000001447 0.999999762 0.000335198
0.999999762 0.000125016 0.000667370 -0.000030992 -0.000124966 1.000000000 -0.000074706 0.000186132 -0.000667379 0.000074623 0.999999762 -0.000567163
0.999999940 0.000061321 0.000410200 -0.000203060 -0.000061330 1.000000000 0.000021021 0.000235731 -0.000410198 -0.000021046 0.999999940 -0.000675694
0.999999821 -0.000018672 0.000599809 -0.000321304 0.000018663 1.000000000 0.000016104 0.000516650 -0.000599809 -0.000016093 0.999999821 0.000168508
0.999999821 0.000055815 0.000632756 -0.000335185 -0.000055714 1.000000000 -0.000158912 0.000577816 -0.000632765 0.000158877 0.999999762 0.000098431
0.999999881 -0.000078318 0.000516175 -0.000410504 0.000078308 1.000000000 0.000017667 0.000513052 -0.000516177 -0.000017627 0.999999881 0.000439668
0.999999762 -0.000025952 0.000715203 -0.000399213 0.000026042 1.000000000 -0.000126786 0.000411370 -0.000715200 0.000126805 0.999999762 0.000419620
0.999999821 0.000406068 0.000471787 -0.000281643 -0.000406015 0.999999940 -0.000112122 0.000207640 -0.000471833 0.000111930 0.999999881 0.000160970
0.999999881 0.000349634 0.000335658 -0.000335227 -0.000349636 0.999999940 0.000008293 0.000078197 -0.000335655 -0.000008410 0.999999940 0.000152525
0.999998868 -0.001484986 0.000214077 0.000722292 0.001484963 0.999998868 0.000105597 0.000356002 -0.000214234 -0.000105279 1.000000000 0.001539098
0.999998927 -0.001442033 0.000203565 0.000663556 0.001441997 0.999998927 0.000174026 0.000397625 -0.000203816 -0.000173732 0.999999940 0.001451186
0.999998748 -0.001587255 0.000011760 0.000738539 0.001587250 0.999998629 0.000404991 0.000440769 -0.000012403 -0.000404971 0.999999940 0.001648716
0.999998987 -0.001403498 0.000140448 0.000781504 0.001403461 0.999998987 0.000266819 0.000398626 -0.000140822 -0.000266621 0.999999940 0.001636562
0.999999046 -0.001376961 0.000199962 0.000877963 0.001376937 0.999999046 0.000117405 0.000482633 -0.000200123 -0.000117130 1.000000000 0.001501566
0.999998748 -0.001590572 0.000056349 0.000833985 0.001590553 0.999998689 0.000349860 0.000439536 -0.000056906 -0.000349770 0.999999940 0.001522088
0.999999821 -0.000095138 0.000583854 -0.000232964 0.000095120 1.000000000 0.000030650 0.000625829 -0.000583857 -0.000030594 0.999999821 0.000090418
0.999999762 -0.000114482 0.000717118 -0.000274227 0.000114507 1.000000000 -0.000034327 0.000644539 -0.000717114 0.000034409 0.999999762 0.000132827
0.999999821 0.000204649 0.000506764 -0.000103954 -0.000204582 0.999999940 -0.000133314 0.000202419 -0.000506791 0.000133210 0.999999881 0.000147482
0.999999821 0.000360006 0.000474211 -0.000095184 -0.000359960 0.999999940 -0.000097117 0.000175949 -0.000474246 0.000096946 0.999999881 0.000168396
0.999999583 0.000432833 0.000771529 -0.000044292 -0.000433036 0.999999881 0.000263805 0.000240443 -0.000771415 -0.000264139 0.999999642 0.000369579
0.999999762 0.000722798 -0.000050876 -0.000164857 -0.000722765 0.999999523 0.000646806 0.000185892 0.000051343 -0.000646769 0.999999762 0.000307977
0.999998033 -0.001813249 0.000778712 0.000871750 0.001812641 0.999998033 0.000781316 0.000292602 -0.000780127 -0.000779903 0.999999404 0.002485323
0.999998987 -0.001326939 0.000522534 0.000837149 0.001326483 0.999998748 0.000871831 0.000308480 -0.000523690 -0.000871137 0.999999464 0.002290241
0.999999166 -0.001244260 0.000262820 0.000568982 0.001243972 0.999998629 0.001091391 0.000494766 -0.000264178 -0.001091064 0.999999344 0.004091708
0.999998927 -0.001442982 0.000308983 0.000593277 0.001442611 0.999998271 0.001197250 0.000497581 -0.000310710 -0.001196803 0.999999225 0.003725725
0.999998987 -0.001362164 0.000398363 0.000721637 0.001361663 0.999998271 0.001253929 0.000456191 -0.000400070 -0.001253386 0.999999106 0.002621091
0.999998927 -0.001372705 0.000465557 0.000872508 0.001372037 0.999998033 0.001433125 0.000605328 -0.000467523 -0.001432485 0.999998868 0.002063920
0.999999404 0.000264181 0.001058061 -0.000346243 -0.000266002 0.999998510 0.001721685 0.000230839 -0.001057605 -0.001721966 0.999997973 0.000252276
0.999999344 0.000331184 0.001076343 -0.000154054 -0.000334268 0.999995828 0.002866807 0.000473007 -0.001075389 -0.002867165 0.999995291 -0.000206094
0.999999464 0.000108869 0.001041556 0.000059066 -0.000112264 0.999994695 0.003260053 0.000729773 -0.001041195 -0.003260168 0.999994159 -0.000117061
0.999999583 0.000039052 0.000898787 -0.000105659 -0.000042152 0.999994040 0.003449372 0.000720938 -0.000898647 -0.003449408 0.999993622 -0.000260948
0.999999881 0.000237199 0.000478606 0.000075837 -0.000239369 0.999989688 0.004539756 -0.000001413 -0.000477524 -0.004539870 0.999989569 -0.000175985
0.999999642 0.000725433 0.000472313 0.000162022 -0.000728218 0.999982178 0.005922672 -0.000128883 -0.000468008 -0.005923014 0.999982357 -0.000009924
0.999998748 -0.001514853 -0.000485895 0.002071744 0.001518435 0.999971032 0.007459008 0.000143868 0.000474582 -0.007459736 0.999972045 0.001573898
0.999997556 -0.002116350 -0.000660112 0.002008656 0.002122012 0.999959946 0.008697942 -0.000024255 0.000641678 -0.008699322 0.999961972 0.001955610
0.999999821 -0.000402674 0.000466897 0.000290210 0.000398479 0.999959886 0.008949223 -0.000159031 -0.000470481 -0.008949035 0.999959826 0.000013686
0.999999285 -0.001179120 0.000117785 0.000073459 0.001177749 0.999938428 0.011035275 -0.000315730 -0.000130789 -0.011035128 0.999939084 0.000378157
0.999999762 -0.000672582 0.000184100 0.000332219 0.000670300 0.999926209 0.012127692 -0.000347442 -0.000192244 -0.012127565 0.999926448 0.000558159
0.999999821 -0.000587818 0.000161357 0.000183901 0.000585372 0.999890804 0.014764928 -0.000149142 -0.000170018 -0.014764831 0.999890983 0.001357621
0.999998689 0.001226132 0.001033340 -0.000048420 -0.001243201 0.999860048 0.016682616 -0.000341513 -0.001012741 -0.016683878 0.999860287 0.001715448
0.999999821 -0.000632530 0.000042148 0.000050100 0.000631379 0.999729514 0.023249844 0.000849457 -0.000056843 -0.023249814 0.999729693 0.002317161
0.999999583 0.000385354 0.000803750 0.000150549 -0.000402870 0.999759912 0.021907968 0.000156157 -0.000795115 -0.021908285 0.999759674 0.000397812
0.999993563 0.002409834 0.002655665 0.000854204 -0.002486605 0.999567747 0.029294815 0.000560792 -0.002583921 -0.029301230 0.999567270 0.000097139
0.999980569 0.004344358 0.004469222 0.001922188 -0.004502175 0.999344170 0.035929915 -0.000366016 -0.004310199 -0.035949338 0.999344289 -0.001072066
0.999953210 0.006516938 0.007144738 0.002897758 -0.006796437 0.999183774 0.039819632 -0.003396682 -0.006879405 -0.039866332 0.999181330 -0.002839257
0.999896765 0.009196494 0.011039234 0.003418454 -0.009601938 0.999259651 0.037254520 -0.007555441 -0.010688451 -0.037356675 0.999244809 -0.006114139
0.999805093 0.013063541 0.014801973 0.004171798 -0.013614368 0.999194682 0.037744503 -0.012626465 -0.014296977 -0.037938666 0.999177814 -0.008807018
0.999749720 0.014012611 0.017438201 0.008003974 -0.014621020 0.999271035 0.035265341 -0.021727286 -0.016931331 -0.035511479 0.999225855 -0.015854692
0.999615610 0.017861623 0.021204492 0.008245857 -0.018684555 0.999054015 0.039267469 -0.029312572 -0.020483052 -0.039648574 0.999003708 -0.019837141
0.999497414 0.019507624 0.024987157 0.005122947 -0.020613354 0.998783886 0.044786748 -0.036949974 -0.024083085 -0.045279305 0.998684049 -0.021892838
0.999285638 0.024554130 0.028728306 0.004961211 -0.025763661 0.998763442 0.042518731 -0.051561069 -0.027648773 -0.043228503 0.998682559 -0.028063092
0.999275029 0.023810616 0.029706445 0.007598964 -0.025076026 0.998761296 0.042978071 -0.071250513 -0.028646313 -0.043691829 0.998634279 -0.037983373
0.999181569 0.024884386 0.031890202 0.006589655 -0.026409836 0.998481691 0.048341420 -0.090589993 -0.030638834 -0.049144071 0.998321652 -0.045856472
0.998995125 0.028312398 0.034744747 0.001799838 -0.030173050 0.998071373 0.054250944 -0.110486172 -0.033141762 -0.055244785 0.997922659 -0.051525276
0.998883665 0.029807553 0.036646187 -0.000695180 -0.032155171 0.997351646 0.065236397 -0.131500751 -0.034604594 -0.066341929 0.997196734 -0.059572220
0.998872817 0.028491421 0.037964907 -0.003924095 -0.031378184 0.996479094 0.077748328 -0.151491433 -0.035616074 -0.078851968 0.996249914 -0.066646285
0.998921037 0.026079936 0.038426764 -0.007848945 -0.029433468 0.995555341 0.089460820 -0.170413822 -0.035922840 -0.090495333 0.995248795 -0.072813436
0.999051511 0.022317931 0.037389942 -0.007557874 -0.025971171 0.994622529 0.100257479 -0.195567891 -0.034951337 -0.101133443 0.994258761 -0.083606824
0.998884141 0.026375521 0.039175905 -0.012271774 -0.030490227 0.993634343 0.108448841 -0.211402163 -0.036066130 -0.109522305 0.993329823 -0.086056881
0.998911262 0.024745703 0.039546032 -0.017760780 -0.029220685 0.992711961 0.116914846 -0.225421533 -0.036364678 -0.117943116 0.992354274 -0.086855821
0.998931110 0.024090989 0.039450068 -0.024113886 -0.028670294 0.992364109 0.119964771 -0.238012448 -0.036258761 -0.120967589 0.991994023 -0.085109062
0.999013841 0.022045827 0.038539596 -0.030303583 -0.026510088 0.992485523 0.119455881 -0.250385523 -0.035616487 -0.120359771 0.992091238 -0.082175739
0.998999596 0.022994546 0.038354591 -0.037773058 -0.027165225 0.993333638 0.112028129 -0.263173997 -0.035522871 -0.112957962 0.992964566 -0.076575123
0.998990595 0.024262629 0.037803553 -0.044902500 -0.027994640 0.994437099 0.101544037 -0.276983649 -0.035129532 -0.102499843 0.994112492 -0.070731044
0.999024391 0.025019910 0.036391195 -0.053405385 -0.028205741 0.995556474 0.089842819 -0.292654514 -0.033981632 -0.090781607 0.995290875 -0.062675372
0.999012053 0.026532810 0.035649385 -0.059896346 -0.029340576 0.996306837 0.080696188 -0.308462113 -0.033376630 -0.081662439 0.996101022 -0.057262495
0.999036133 0.026974261 0.034628652 -0.069177598 -0.029521469 0.996724784 0.075287350 -0.325849801 -0.032484412 -0.076237075 0.996560395 -0.047922336
0.998905420 0.031011725 0.035017479 -0.082850456 -0.033637144 0.996458948 0.077059016 -0.348642409 -0.032503750 -0.078152552 0.996411383 -0.033664774
0.998991609 0.030167168 0.033252399 -0.093528025 -0.032680944 0.996429682 0.077844813 -0.366677910 -0.030785318 -0.078853041 0.996410787 -0.023837447
0.998935044 0.032032311 0.033207767 -0.104625903 -0.034664996 0.996029496 0.081997506 -0.385103554 -0.030449346 -0.083061330 0.996079147 -0.013295168
0.998967886 0.032292757 0.031942464 -0.116136946 -0.034910146 0.995760798 0.085098498 -0.403865665 -0.029058989 -0.086125784 0.995860398 -0.003329810
0.999218106 0.027132187 0.028757745 -0.122266039 -0.029622093 0.995499015 0.090023302 -0.425735801 -0.026185779 -0.090804778 0.995524406 -0.006908266
0.999400198 0.021903303 0.026822418 -0.135693491 -0.024332743 0.995286107 0.093880340 -0.442900717 -0.024639688 -0.094476700 0.995222092 0.006293645
0.999546885 0.017749922 0.024310710 -0.149211735 -0.020042149 0.995029330 0.097544424 -0.456340700 -0.022458462 -0.097987466 0.994934201 0.021312665
0.999661088 0.013854634 0.022039456 -0.163092420 -0.015930936 0.995156050 0.097008482 -0.465414226 -0.020588683 -0.097326711 0.995039523 0.038267091
0.999666452 0.013063060 0.022279229 -0.186822340 -0.015025038 0.995801270 0.090300061 -0.475472003 -0.021006089 -0.090604685 0.995665371 0.078557864
0.999810159 0.005541319 0.018679583 -0.200731769 -0.007051687 0.996624947 0.081786171 -0.480943769 -0.018163336 -0.081902370 0.996474862 0.098601289
0.999866843 -0.001840526 0.016212977 -0.213971078 0.000719787 0.997625887 0.068862475 -0.487368256 -0.016301230 -0.068841644 0.997494400 0.119593076
0.999879241 -0.008284329 0.013149207 -0.225334942 0.007476987 0.998152137 0.060303017 -0.494059503 -0.013624480 -0.060197420 0.998093486 0.136545300
0.999836206 -0.015004361 0.010120841 -0.240318999 0.014459644 0.998547494 0.051902037 -0.501412749 -0.010884898 -0.051747192 0.998600900 0.162139073
0.999739826 -0.021493068 0.007635566 -0.251993507 0.021121679 0.998728275 0.045779150 -0.508964479 -0.008609789 -0.045605961 0.998922408 0.182406545
0.999689281 -0.024272868 0.005673426 -0.263696700 0.024010347 0.998808384 0.042489123 -0.517224610 -0.006697998 -0.042339701 0.999080837 0.203475043
0.999603689 -0.027824972 0.004266290 -0.273548126 0.027647264 0.998924911 0.037210491 -0.525697827 -0.005297085 -0.037077796 0.999298334 0.223111302
0.999479651 -0.032078061 0.003383598 -0.288214326 0.031937104 0.998852432 0.035691604 -0.540510416 -0.004524632 -0.035564966 0.999357104 0.249255881
0.999596417 -0.028165998 0.003691223 -0.296125591 0.028030368 0.999071360 0.032722428 -0.549450934 -0.004609455 -0.032605760 0.999457657 0.267711222
0.999762535 -0.020742251 0.006683711 -0.303218305 0.020585725 0.999530494 0.022693569 -0.559324205 -0.007151289 -0.022550592 0.999720097 0.285560250
0.999826312 -0.016423816 0.008806681 -0.309438825 0.016446808 0.999861479 -0.002544710 -0.571367323 -0.008763667 0.002689110 0.999957979 0.302663803
0.999875009 -0.011178882 0.011177885 -0.317051589 0.011608335 0.999166965 -0.039123233 -0.586851180 -0.010731219 0.039248098 0.999171853 0.319751382
0.999897957 -0.004982801 0.013389423 -0.322028250 0.006155280 0.996012211 -0.089004718 -0.601497173 -0.012892537 0.089078046 0.995941222 0.332293659
0.999896049 -0.004099459 0.013821761 -0.329524666 0.005978695 0.990303338 -0.138793141 -0.618232071 -0.013118760 0.138861358 0.990224957 0.347651154
0.999873817 0.001238936 0.015836995 -0.333803833 0.001709985 0.982766628 -0.184842780 -0.631750464 -0.015793078 0.184846535 0.982640505 0.351188481
0.999847651 0.002766581 0.017234895 -0.344379723 0.000843905 0.978544176 -0.206035420 -0.648728549 -0.017435119 0.206018582 0.978392720 0.346210957
0.999765575 0.009585315 0.019414870 -0.348986506 -0.005619633 0.980815649 -0.194856420 -0.656060755 -0.020910168 0.194701627 0.980639577 0.338569522
0.999770641 0.008715393 0.019564368 -0.354569495 -0.005651935 0.988440990 -0.151500642 -0.660495460 -0.020658612 0.151355326 0.988263547 0.325805098
0.999718547 0.010441503 0.021303501 -0.359261751 -0.008411263 0.995606422 -0.093258455 -0.663267553 -0.022183660 0.093053013 0.995414019 0.306548089
0.999695897 0.010220610 0.022441117 -0.365830392 -0.009614462 0.999590456 -0.026954340 -0.666198552 -0.022707416 0.026730383 0.999384761 0.286127985
0.999634206 0.011680126 0.024393121 -0.371345818 -0.012704050 0.999026239 0.042251717 -0.668143034 -0.023875860 -0.042546157 0.998809159 0.260338157
0.999653280 0.010929537 0.023955548 -0.374769330 -0.013378867 0.994424939 0.104594722 -0.665217996 -0.022678824 -0.104878962 0.994226396 0.240972668
0.999677181 0.007970210 0.024124246 -0.381160766 -0.011699313 0.987268984 0.158628583 -0.669135273 -0.022552818 -0.158859611 0.987043560 0.216131210
0.999674022 0.003457117 0.025296766 -0.388015687 -0.008601449 0.978474140 0.206190199 -0.673805535 -0.024039406 -0.206340581 0.978184879 0.202096716
0.999710977 -0.001997390 0.023957342 -0.394791692 -0.003933120 0.969526112 0.244956478 -0.678826809 -0.023716543 -0.244979903 0.969238043 0.184576556
0.999675691 -0.002842621 0.025306335 -0.401029408 -0.004347991 0.960105062 0.279605776 -0.682121634 -0.025091553 -0.279625148 0.959781349 0.174010560
0.999667823 -0.004476894 0.025381329 -0.407750100 -0.003587146 0.951044381 0.309033453 -0.685215890 -0.025522279 -0.309021831 0.950712442 0.167902499
0.999648333 -0.012301711 0.023492949 -0.411659926 0.003928455 0.944815874 0.327578247 -0.686341345 -0.026226284 -0.327370763 0.944531918 0.168694809
0.999549806 -0.020914987 0.021512214 -0.418047637 0.012905385 0.946975708 0.321045965 -0.691311479 -0.027086217 -0.320623785 0.946819246 0.176447660
0.999442816 -0.025680425 0.021321457 -0.422454178 0.018457344 0.957450986 0.288005143 -0.697352707 -0.027810343 -0.287451118 0.957391500 0.192198023
0.999079406 -0.038736969 0.018432116 -0.427692235 0.033155702 0.969906032 0.241211534 -0.705338717 -0.027221223 -0.240378350 0.970297515 0.214227051
0.998563170 -0.050834540 0.016952880 -0.432661116 0.046787526 0.981311917 0.186649114 -0.706085801 -0.026124284 -0.185587764 0.982280374 0.239581421
0.997955143 -0.061861996 0.016082862 -0.435022116 0.059348512 0.990224361 0.126227841 -0.713203371 -0.023734348 -0.125015214 0.991870880 0.272348195
0.997228980 -0.072832234 0.015159221 -0.434572339 0.071717255 0.995349228 0.064316377 -0.717612028 -0.019773023 -0.063050985 0.997814417 0.305955857
0.996940315 -0.076652758 0.015308280 -0.433514535 0.076568864 0.997046292 0.005994333 -0.722706735 -0.015722545 -0.004803855 0.999864876 0.340774029
0.996797144 -0.078348979 0.016026013 -0.430685729 0.079093933 0.995465457 -0.052845247 -0.722915649 -0.011812970 0.053943552 0.998474121 0.373746336
0.996997476 -0.075142235 0.018699378 -0.425506949 0.076688975 0.991599500 -0.104159512 -0.725411177 -0.010715516 0.105280809 0.994384825 0.404709965
0.997517765 -0.067745671 0.019206077 -0.419383049 0.069805011 0.987214327 -0.143300712 -0.721682966 -0.009252510 0.144285679 0.989492834 0.428733349
0.998383284 -0.052914679 0.020756345 -0.410478175 0.055714890 0.983335614 -0.173051924 -0.720504403 -0.011253468 0.173928589 0.984693944 0.449720979
0.998824477 -0.043140173 0.022104718 -0.405519783 0.046596408 0.980177045 -0.192566320 -0.718371153 -0.013359193 0.193369940 0.981034935 0.455430716
0.999269664 -0.031664688 0.021389194 -0.394889653 0.035239842 0.980085015 -0.195426494 -0.713928282 -0.014775109 0.196037531 0.980485082 0.463719338
0.999651015 -0.015178109 0.021620478 -0.379781038 0.018643664 0.985202432 -0.170377791 -0.700591922 -0.018714536 0.170721412 0.985141575 0.468513548
0.999746680 -0.011522712 0.019334447 -0.368167460 0.013781533 0.992545784 -0.121090770 -0.690164566 -0.017795030 0.121326551 0.992453098 0.463918209
0.999812603 -0.007144099 0.017990666 -0.359986037 0.008185639 0.998253763 -0.058501530 -0.677781403 -0.017541310 0.058637831 0.998125196 0.453955382
0.999847412 -0.002663005 0.017265037 -0.348262161 0.002463131 0.999929845 0.011587746 -0.665433228 -0.017294683 -0.011543452 0.999783814 0.441128314
0.999829888 0.002569991 0.018263606 -0.339445293 -0.004077632 0.996541381 0.082997642 -0.652400315 -0.017987138 -0.083057992 0.996382356 0.428568512
0.999821126 0.004884743 0.018272787 -0.327905834 -0.007485710 0.989387989 0.145104587 -0.640920937 -0.017370079 -0.145215422 0.989247561 0.414111584
0.999773324 0.008011540 0.019726397 -0.316955000 -0.011751529 0.980235457 0.197485104 -0.633122981 -0.017754355 -0.197672144 0.980107427 0.407509744
0.999776661 0.007344844 0.019816978 -0.306202888 -0.011854356 0.971165478 0.238111436 -0.625322163 -0.017496673 -0.238293171 0.971035659 0.398700207
0.999752223 0.008682767 0.020495368 -0.295957267 -0.013866100 0.963232398 0.268311530 -0.619989514 -0.017412117 -0.268529266 0.963114142 0.396578461
0.999685884 0.012002055 0.022003233 -0.285989851 -0.017867345 0.956917405 0.289809972 -0.615907848 -0.017576963 -0.290112048 0.956831276 0.398794919
0.999657750 0.012942431 0.022734081 -0.276105464 -0.019161167 0.953905284 0.299495548 -0.615090787 -0.017809959 -0.299828678 0.953826785 0.407436341
0.999545038 0.017616350 0.024482176 -0.267044187 -0.024101865 0.954514325 0.297189355 -0.616999149 -0.018133197 -0.297644198 0.954504669 0.422635108
0.999295056 0.025528632 0.027525827 -0.257061750 -0.032080904 0.961500049 0.272925824 -0.622996807 -0.019498661 -0.273616463 0.961641192 0.444343299
0.999262094 0.026766403 0.027547181 -0.249061957 -0.032618728 0.970059991 0.240665033 -0.632120609 -0.020280682 -0.241386011 0.970217228 0.471610814
0.999122977 0.030961558 0.028190538 -0.237942547 -0.036036707 0.978647947 0.202359974 -0.646232784 -0.021323230 -0.203198403 0.978905380 0.509040833
0.999113917 0.031519908 0.027891453 -0.231637165 -0.035656374 0.985978425 0.163018808 -0.658741415 -0.022362035 -0.163868859 0.986228645 0.544074118
0.998830140 0.038854264 0.028787060 -0.225394666 -0.042255364 0.990756094 0.128906429 -0.671646178 -0.023512391 -0.129972041 0.991238832 0.582245946
0.998734593 0.041886225 0.027834581 -0.220915943 -0.044548146 0.993669271 0.103135109 -0.684365690 -0.023338428 -0.104244575 0.994277835 0.621007800
0.998562634 0.045757867 0.027908266 -0.215445131 -0.047940746 0.995367050 0.083343171 -0.697736740 -0.023965362 -0.084561326 0.996130049 0.661919057
0.998524845 0.047169931 0.026892032 -0.212696716 -0.048952617 0.996343851 0.070018105 -0.710769475 -0.023490962 -0.071231253 0.997183204 0.701659381
0.998484433 0.048891075 0.025269343 -0.210493430 -0.050403178 0.996731043 0.063141122 -0.726326585 -0.022099702 -0.064319074 0.997684658 0.742780387
0.998319447 0.052353580 0.024846714 -0.210049301 -0.053412203 0.997600496 0.044049352 -0.744788766 -0.022480953 -0.045302443 0.998720348 0.781147301
0.998200417 0.054906044 0.024108484 -0.211052969 -0.055358078 0.998295128 0.018500520 -0.776039004 -0.023051593 -0.019801827 0.999538124 0.819562256
0.998146653 0.056638874 0.022256272 -0.213176563 -0.056369454 0.998331070 -0.012552158 -0.801073492 -0.022930069 0.011274320 0.999673486 0.854973555
0.998013496 0.059517488 0.020658694 -0.216456398 -0.058681644 0.997516692 -0.038947981 -0.827788234 -0.022925477 0.037658323 0.999027669 0.888768315
0.998011470 0.061309353 0.014637523 -0.222099409 -0.060310856 0.996315539 -0.060975444 -0.853390276 -0.018321956 0.059971388 0.998031914 0.919388890
0.997965455 0.063542143 0.005234221 -0.227465600 -0.062936276 0.994921029 -0.078557022 -0.879797578 -0.010199318 0.078067772 0.996895909 0.949374676
0.997657478 0.067885764 -0.008428411 -0.236518890 -0.068364628 0.993778110 -0.087927848 -0.902879059 0.002406921 0.088298082 0.996091187 0.972715855
0.996909499 0.073711663 -0.027167086 -0.246359870 -0.075902238 0.992939889 -0.091155060 -0.926582336 0.020256091 0.092935391 0.995466053 0.993361354
0.995615304 0.079111092 -0.049915604 -0.258851051 -0.083492450 0.992173791 -0.092844918 -0.947705090 0.042179890 0.096605405 0.994428635 1.009827495
0.993731499 0.082229875 -0.075736053 -0.272703588 -0.089050569 0.991807699 -0.091582946 -0.978003383 0.067584746 0.097753190 0.992913187 1.040488362
0.990730286 0.088549338 -0.103017338 -0.287402570 -0.097708605 0.991356909 -0.087547205 -0.991289377 0.094374709 0.096801348 0.990819335 1.052242160
0.986846030 0.092519067 -0.132571131 -0.303297192 -0.104492821 0.990765870 -0.086395860 -1.001122355 0.123353690 0.099112138 0.987400949 1.064917207
0.981731951 0.095649749 -0.164479584 -0.319460809 -0.110422373 0.990401924 -0.083131701 -1.005070210 0.154949367 0.099775270 0.982871115 1.072788954
0.975015283 0.101379141 -0.197654858 -0.337843120 -0.118875071 0.989782810 -0.078731596 -1.003196359 0.187653646 0.100260749 0.977104843 1.080512762
0.966693878 0.107338585 -0.232338846 -0.355315387 -0.126655877 0.989484727 -0.069844410 -1.002064586 0.222398758 0.096945241 0.970123947 1.082624435
0.956298769 0.115350224 -0.268676370 -0.374296248 -0.134237930 0.989533007 -0.052958563 -1.000982285 0.259755343 0.086710766 0.961773574 1.082840562
0.943901896 0.125161082 -0.305587888 -0.392973244 -0.142309636 0.989224076 -0.034405708 -0.999423265 0.297988653 0.075963706 0.951542079 1.078472018
0.929237902 0.134852245 -0.343993932 -0.411867052 -0.148911044 0.988742054 -0.014650542 -0.998928607 0.338145584 0.064838335 0.938857555 1.070753694
0.912158251 0.149144158 -0.381737202 -0.431391180 -0.157833651 0.987427890 0.008644212 -0.999194384 0.378227204 0.052366089 0.924230456 1.060893416
0.893065393 0.159880534 -0.420562029 -0.451676220 -0.164580360 0.986037493 0.025364105 -0.999753296 0.418745160 0.046564434 0.906909168 1.049950242
0.872389555 0.172304034 -0.457436115 -0.472025067 -0.172337085 0.984140933 0.042030737 -1.002148509 0.457423657 0.042166039 0.888248622 1.036942124
0.850785851 0.187655255 -0.490865588 -0.490451545 -0.180744812 0.981575310 0.061977539 -1.002749801 0.493451953 0.035991784 0.869028091 1.021640658
0.828656554 0.205478102 -0.520679474 -0.510066330 -0.188079715 0.978315115 0.086749852 -1.004738808 0.527213812 0.026043396 0.849333525 1.006907701
0.806184173 0.224639669 -0.547361076 -0.530129611 -0.197746888 0.974221826 0.108572669 -1.005495071 0.557640851 0.020709388 0.829823971 0.991039395
0.783068538 0.243197843 -0.572414637 -0.551447928 -0.209275141 0.969741762 0.125717133 -1.008199692 0.585668564 0.021347009 0.810269535 0.976400733
0.759727895 0.261866271 -0.595180333 -0.567674577 -0.224123985 0.964689672 0.138355464 -1.010780454 0.610395014 0.028281659 0.791592181 0.957295179
0.735163927 0.282100916 -0.616403401 -0.590754747 -0.241974249 0.958600044 0.150114685 -1.014263034 0.633231819 0.038794830 0.772989273 0.943242550
0.710604250 0.293538511 -0.639434755 -0.613808692 -0.250507116 0.954813778 0.159927517 -1.017486453 0.657486022 0.046537749 0.752028227 0.927945256
0.687955618 0.304323107 -0.658866048 -0.640051007 -0.259654492 0.950955331 0.168117493 -1.021576285 0.677714229 0.055420142 0.733233929 0.914327621
0.668523967 0.304397464 -0.678541005 -0.666450262 -0.263525903 0.950155437 0.166609704 -1.026648879 0.695434988 0.067430556 0.715418279 0.900788665
0.652149558 0.302344292 -0.695189893 -0.695778310 -0.268957645 0.949650228 0.160705328 -1.032438278 0.708775580 0.082172707 0.700631738 0.888060451
0.638909101 0.300341159 -0.708230376 -0.719753802 -0.282441467 0.947924614 0.147192702 -1.039133191 0.715557098 0.105990902 0.690466523 0.870221496
0.627861917 0.304188251 -0.716420949 -0.751267910 -0.299443007 0.944023132 0.138398886 -1.044525743 0.718417227 0.127631843 0.683803201 0.857875943
0.617787957 0.303005755 -0.725620866 -0.781802654 -0.312295437 0.941425800 0.127235964 -1.048308492 0.721671462 0.148003206 0.676228881 0.843976378
0.610254884 0.306447744 -0.730533242 -0.815640569 -0.326481819 0.937486708 0.120533250 -1.049743056 0.721802354 0.164949819 0.672155499 0.830876708
0.605341315 0.308226526 -0.733865321 -0.845629692 -0.341575086 0.933364153 0.110262841 -1.047293782 0.718949497 0.183923453 0.670286298 0.813941300
0.602810264 0.313718885 -0.733621359 -0.880841136 -0.358335882 0.927961767 0.102383301 -1.042232037 0.712892175 0.201165125 0.671801627 0.799197733
0.602302134 0.316833466 -0.732699633 -0.911932409 -0.379314691 0.921211720 0.086541094 -1.034506321 0.702390552 0.225799829 0.675027370 0.778901994
0.604489565 0.317691386 -0.730523527 -0.949561059 -0.390490294 0.917475164 0.075872488 -1.025482893 0.694341242 0.239398181 0.678659558 0.759584427
0.608281374 0.315890640 -0.728153110 -0.980298579 -0.398759693 0.914835989 0.063764080 -1.016850114 0.686283112 0.251571536 0.682442129 0.729002118
0.613919735 0.311328679 -0.725380659 -1.020269513 -0.396446437 0.916241825 0.057715967 -1.004722118 0.682592750 0.252141535 0.685924113 0.702453017
0.617678642 0.306339264 -0.724313080 -1.058995485 -0.391751349 0.918462992 0.054375410 -0.990766764 0.681912124 0.250164032 0.687323809 0.670000315
0.618848801 0.296853095 -0.727258205 -1.100732684 -0.383031517 0.922351003 0.050551705 -0.975699306 0.685793757 0.247278929 0.684499860 0.634660304
0.616065860 0.286686569 -0.733671308 -1.140662074 -0.375131935 0.925791323 0.046759300 -0.960039139 0.692631841 0.246416748 0.677893758 0.593881547
0.609715462 0.274897903 -0.743423343 -1.183654904 -0.368986279 0.928542078 0.040727288 -0.942030311 0.701495767 0.249480933 0.667580009 0.550229073
0.599563479 0.264441103 -0.755377114 -1.222388983 -0.360010475 0.932066798 0.040546134 -0.922210634 0.714783967 0.247633681 0.654034734 0.500955641
0.585669637 0.251475453 -0.770552576 -1.264552712 -0.345023930 0.937573969 0.043743640 -0.899650037 0.733450472 0.240239739 0.635873675 0.449365735
0.567581058 0.235524848 -0.788910508 -1.301196694 -0.319186479 0.946217179 0.052849390 -0.873936653 0.758928061 0.221813262 0.612231255 0.388335705
0.545256972 0.221893311 -0.808367670 -1.341168165 -0.293884456 0.953725100 0.063563466 -0.848867238 0.785064876 0.202908248 0.585236311 0.330537736
0.520549536 0.219396085 -0.825162768 -1.376887321 -0.276107222 0.957752407 0.080468521 -0.821977675 0.807956100 0.185945526 0.559134424 0.272143185
0.494587004 0.216610566 -0.841702819 -1.412944436 -0.262698978 0.960405231 0.092795730 -0.794531822 0.828476310 0.175218910 0.531907320 0.211643159
0.467098296 0.219457984 -0.856538057 -1.444456816 -0.253347129 0.961311638 0.108144060 -0.764149547 0.847133040 0.166487530 0.504626095 0.146012723
0.439831495 0.226702437 -0.868996263 -1.475839019 -0.246446773 0.960937083 0.125951916 -0.734273255 0.863604307 0.158763647 0.478520453 0.086036921
0.413439393 0.237519458 -0.879006445 -1.504340768 -0.247526839 0.958339691 0.142532483 -0.702257872 0.876241028 0.158649161 0.455007792 0.024651885
0.387312829 0.247488439 -0.888109386 -1.531715393 -0.251788020 0.955070794 0.156341374 -0.670106649 0.886900008 0.163062274 0.432225764 -0.033145547
0.361441910 0.254819036 -0.896898627 -1.556542397 -0.248965919 0.953380167 0.170535102 -0.634106159 0.898540974 0.161658630 0.408032775 -0.098084450
0.336099267 0.259211987 -0.905453801 -1.581450343 -0.251468211 0.951177061 0.178957999 -0.600979447 0.907634974 0.167545170 0.384873450 -0.154491127
0.313890338 0.260851026 -0.912923753 -1.602889299 -0.260168314 0.948347628 0.181519136 -0.566916108 0.913118541 0.180536702 0.365542352 -0.213462293
0.295589864 0.265227497 -0.917758703 -1.625566721 -0.275757253 0.943482161 0.183846101 -0.532393217 0.914649963 0.198735550 0.352022171 -0.267222941
0.279677153 0.269960523 -0.921358824 -1.643571615 -0.280702174 0.940714896 0.190425143 -0.498693407 0.918143272 0.205369845 0.338874996 -0.323818803
0.265499413 0.276771545 -0.923529983 -1.663990974 -0.289565444 0.936574101 0.197435498 -0.465307593 0.919598818 0.215003341 0.328803360 -0.377759814
0.253795624 0.284027308 -0.924616933 -1.683229327 -0.285772651 0.935261011 0.208856031 -0.430532008 0.924078941 0.211223438 0.318532348 -0.436012506
0.245248318 0.289713025 -0.925159335 -1.702450991 -0.280191779 0.934759259 0.218443885 -0.398132503 0.928087234 0.205649003 0.310423374 -0.490255415
0.239761472 0.293901205 -0.925276518 -1.718816042 -0.264506876 0.936795592 0.229020000 -0.367322028 0.934104204 0.189831793 0.302346349 -0.545426250
0.236779392 0.297243893 -0.924976647 -1.736131787 -0.252677262 0.938128591 0.236788929 -0.336040437 0.938131034 0.177653819 0.297236264 -0.598834813
0.235224664 0.302960336 -0.923517585 -1.750535250 -0.247717977 0.937486589 0.244447857 -0.306285739 0.939843297 0.171271652 0.295568705 -0.650971293
