1.000000000 0.000000000 0.000000000 0.000000119 0.000000000 1.000000000 0.000000000 0.000000119 0.000000000 0.000000000 1.000000000 0.000000000
0.999999404 0.000986914 0.000471084 0.000242244 -0.000987102 0.999999464 0.000397162 0.000224494 -0.000470692 -0.000397627 0.999999821 0.000058567
0.999999106 0.001325027 0.000179133 0.000276792 -0.001325099 0.999999046 0.000403166 0.000239902 -0.000178599 -0.000403403 0.999999881 0.000152203
0.999999464 0.001002075 0.000115338 0.000211061 -0.001002146 0.999999285 0.000619840 0.000158566 -0.000114717 -0.000619956 0.999999821 0.000177380
0.999999940 0.000303815 -0.000238317 0.000107299 -0.000303750 0.999999940 0.000276503 0.000228202 0.000238401 -0.000276431 0.999999940 0.000247679
0.999999285 0.001177365 -0.000014245 0.000214158 -0.001177361 0.999999285 0.000250801 0.000255283 0.000014540 -0.000250784 0.999999940 0.000278412
0.999998510 0.001651737 0.000544609 0.000391961 -0.001652028 0.999998510 0.000533670 0.000306405 -0.000543727 -0.000534569 0.999999702 0.000165205
0.999996006 0.002815899 0.000291302 0.000232063 -0.002815974 0.999996006 0.000255764 0.000186667 -0.000290580 -0.000256583 0.999999940 -0.000300523
0.999999881 0.000449705 -0.000029345 0.000118220 -0.000449699 0.999999881 0.000221542 0.000194766 0.000029444 -0.000221529 1.000000000 0.000142296
0.999999762 0.000276317 -0.000592524 -0.000206595 -0.000275980 0.999999821 0.000568853 0.000162726 0.000592681 -0.000568690 0.999999642 -0.000720716
0.999999762 0.000472509 -0.000465737 -0.000039970 -0.000472284 0.999999762 0.000482126 -0.000056248 0.000465965 -0.000481906 0.999999762 -0.000494591
0.999999940 0.000101266 -0.000247896 -0.000020726 -0.000101167 0.999999940 0.000398343 0.000081767 0.000247936 -0.000398318 0.999999881 -0.000030913
0.999999702 0.000759830 0.000010541 0.000130629 -0.000759835 0.999999642 0.000435929 0.000124497 -0.000010209 -0.000435937 0.999999881 0.000051443
0.999999940 0.000413139 -0.000061123 0.000168158 -0.000413101 0.999999702 0.000620147 0.000183420 0.000061379 -0.000620121 0.999999821 0.000041739
0.999999702 0.000281389 -0.000685911 -0.000025742 -0.000281204 0.999999940 0.000270057 0.000022895 0.000685987 -0.000269864 0.999999702 -0.000000858
0.999999344 0.000866439 -0.000735495 -0.000044191 -0.000866148 0.999999523 0.000395694 0.000094119 0.000735838 -0.000395057 0.999999642 0.000062396
0.999999702 0.000729550 -0.000143824 0.000008500 -0.000729497 0.999999642 0.000363642 -0.000010129 0.000144089 -0.000363537 0.999999940 -0.000300641
0.999999881 -0.000479010 -0.000103661 -0.000050252 0.000479030 0.999999881 0.000190088 -0.000036332 0.000103570 -0.000190137 1.000000000 -0.000356911
0.999999702 -0.000624019 -0.000507755 -0.000168355 0.000624176 0.999999762 0.000309712 -0.000070061 0.000507562 -0.000310029 0.999999821 -0.000321094
0.999999642 -0.000326730 -0.000767192 -0.000273805 0.000327088 0.999999821 0.000465871 0.000188378 0.000767039 -0.000466122 0.999999583 -0.000260651
0.999999702 0.000746560 -0.000131858 0.000147474 -0.000746507 0.999999642 0.000400233 0.000208579 0.000132157 -0.000400134 0.999999940 0.000181611
0.999999821 0.000198942 -0.000571476 -0.000207107 -0.000198740 0.999999940 0.000353469 0.000313030 0.000571547 -0.000353355 0.999999762 -0.000134116
0.999999702 -0.000422625 -0.000630681 -0.000328989 0.000422837 0.999999881 0.000337184 0.000163801 0.000630538 -0.000337451 0.999999762 -0.000249619
1.000000000 0.000108635 -0.000096293 -0.000159693 -0.000108609 0.999999940 0.000269396 0.000212521 0.000096323 -0.000269385 0.999999940 -0.000255166
0.999999940 -0.000326792 -0.000198836 -0.000176475 0.000326818 0.999999940 0.000128670 0.000143423 0.000198794 -0.000128735 1.000000000 -0.000309476
0.999999762 0.000510791 -0.000465257 -0.000113118 -0.000510564 0.999999762 0.000488718 0.000354030 0.000465507 -0.000488480 0.999999762 -0.000148448
0.999998927 0.001480927 0.000012390 0.000018524 -0.001480931 0.999998868 0.000318550 0.000393830 -0.000011918 -0.000318568 0.999999940 -0.000055200
0.999999046 0.001370169 0.000260616 0.000018207 -0.001370228 0.999999046 0.000226585 0.000256104 -0.000260306 -0.000226942 0.999999940 -0.000325787
0.999997318 0.002182173 0.000797788 0.000215001 -0.002182390 0.999997556 0.000271316 0.000284551 -0.000797194 -0.000273057 0.999999642 -0.000172342
0.999998927 0.001408911 0.000374559 0.000245894 -0.001409032 0.999998927 0.000325259 0.000511414 -0.000374101 -0.000325786 0.999999881 0.000052536
0.999998212 0.001801040 0.000554558 0.000284435 -0.001801061 0.999998391 0.000037337 0.000237039 -0.000554490 -0.000038336 0.999999821 0.000092906
0.999997973 0.001996711 0.000105460 0.000075298 -0.001996754 0.999997914 0.000404065 0.000514380 -0.000104653 -0.000404275 0.999999940 0.000036709
0.999998450 0.001729680 0.000276982 0.000173159 -0.001729757 0.999998450 0.000278625 0.000522797 -0.000276499 -0.000279104 0.999999940 -0.000009164
0.999999940 -0.000081468 -0.000316157 -0.000276269 0.000081447 1.000000000 -0.000066361 0.000092173 0.000316162 0.000066336 0.999999940 -0.000585295
0.999999464 0.001054989 0.000063948 -0.000006419 -0.001055000 0.999999404 0.000182231 0.000266243 -0.000063755 -0.000182298 1.000000000 -0.000384453
0.999998868 0.001505843 0.000204686 0.000115199 -0.001505890 0.999998868 0.000232577 0.000258939 -0.000204336 -0.000232885 0.999999940 -0.000240544
0.999999046 0.001398068 0.000016126 0.000073683 -0.001398074 0.999998987 0.000345512 0.000267291 -0.000015643 -0.000345534 0.999999940 -0.000260223
0.999995053 0.003094836 0.000557365 0.000411451 -0.003094995 0.999995172 0.000284753 0.000576040 -0.000556481 -0.000286476 0.999999821 0.000006640
0.999996185 0.002723402 0.000504487 0.000396852 -0.002723563 0.999996245 0.000319138 0.000565553 -0.000503616 -0.000320511 0.999999821 0.000024147
0.999999464 0.000998182 0.000139934 0.000156000 -0.000998216 0.999999464 0.000247344 0.000425442 -0.000139687 -0.000247483 0.999999940 0.000053994
0.999999583 0.000879705 0.000060816 0.000012000 -0.000879720 0.999999583 0.000242779 0.000170021 -0.000060602 -0.000242832 0.999999940 -0.000177411
0.999999642 0.000821516 -0.000006931 0.000103524 -0.000821516 0.999999642 0.000003855 0.000351679 0.000006934 -0.000003850 1.000000000 0.000008657
0.999999642 0.000839927 0.000039610 -0.000029046 -0.000839925 0.999999642 -0.000051045 -0.000009148 -0.000039653 0.000051012 1.000000000 -0.000278994
0.999999881 -0.000146370 0.000443010 0.000066514 0.000146632 0.999999821 -0.000592061 -0.000378590 -0.000442923 0.000592126 0.999999702 -0.000405804
0.999999046 0.001022812 0.000912445 0.000425357 -0.001022118 0.999999166 -0.000760283 0.000063025 -0.000913222 0.000759349 0.999999285 -0.000181702
0.999997318 -0.002129772 0.000940735 -0.000116206 0.002129961 0.999997735 -0.000199308 -0.000698511 -0.000940308 0.000201311 0.999999523 -0.000289127
0.999993384 -0.003500716 0.000987966 -0.000086787 0.003498987 0.999992371 0.001746310 -0.001080823 -0.000994071 -0.001742842 0.999997973 -0.000088552
0.999998569 -0.001268857 0.001094582 -0.000122280 0.001269763 0.999998868 -0.000827890 -0.000913215 -0.001093530 0.000829278 0.999999046 -0.000379917
0.999988496 -0.004184161 -0.002356470 -0.000475144 0.004176160 0.999985516 -0.003389980 -0.001464500 0.002370620 0.003380100 0.999991477 -0.001857793
0.999996424 -0.002307060 -0.001366232 -0.000081167 0.002302036 0.999990642 -0.003667680 -0.002313774 0.001374681 0.003664522 0.999992311 -0.003073387
0.999983907 0.004283704 0.003726670 0.000875700 -0.004270095 0.999984205 -0.003652174 -0.002969699 -0.003742256 0.003636202 0.999986410 -0.003148418
0.999939024 0.008721120 0.006771957 0.001441333 -0.008705302 0.999959290 -0.002361823 -0.004339222 -0.006792279 0.002302727 0.999974310 -0.004398009
0.999892473 0.010945397 0.009758998 0.001760770 -0.010944490 0.999940097 -0.000146301 -0.007137666 -0.009760015 0.000039478 0.999952376 -0.005995577
0.999791086 0.011211696 0.017089775 0.002744062 -0.011267767 0.999931455 0.003188207 -0.011560340 -0.017052857 -0.003380105 0.999848902 -0.007348868
0.999696493 0.010061774 0.022488015 0.003469456 -0.010271225 0.999904752 0.009217859 -0.016637605 -0.022393124 -0.009446041 0.999704599 -0.008889736
0.999736428 0.007659946 0.021641428 0.003207908 -0.008050368 0.999805391 0.018011367 -0.019649476 -0.021499248 -0.018180842 0.999603570 -0.011038361
0.999657989 0.004511226 0.025758645 0.004225020 -0.005232148 0.999594510 0.027989168 -0.022200963 -0.025621934 -0.028114367 0.999276280 -0.011439302
0.999554574 0.000814846 0.029832441 0.005603685 -0.001927213 0.999303102 0.037277441 -0.024248485 -0.029781274 -0.037318330 0.998859584 -0.011891629
0.999388695 -0.000650448 0.034954835 0.007401761 -0.000871406 0.999052823 0.043504875 -0.027088640 -0.034950022 -0.043508742 0.998441517 -0.013256182
0.999184012 0.001832135 0.040348627 0.009578750 -0.003724465 0.998893857 0.046874397 -0.031994045 -0.040218115 -0.046986423 0.998085558 -0.015904007
0.998983860 0.002679404 0.044989903 0.011401350 -0.004832911 0.998843968 0.047826141 -0.040067155 -0.044809747 -0.047994971 0.997841954 -0.019224592
0.998749912 0.001320205 0.049968414 0.013093499 -0.003709529 0.998852253 0.047754224 -0.052558538 -0.049848013 -0.047879886 0.997608483 -0.024975307
0.998185337 0.000170434 0.060216613 0.014276001 -0.003208535 0.998726010 0.050359797 -0.068034716 -0.060131311 -0.050461616 0.996914148 -0.029677531
0.997507393 -0.002574123 0.070515104 0.014863884 -0.001396166 0.998418748 0.056197025 -0.088405088 -0.070548259 -0.056155398 0.995926440 -0.034880120
0.996985614 -0.006631277 0.077302575 0.014477538 0.001849558 0.998088956 0.061765373 -0.113778204 -0.077564433 -0.061436214 0.995092630 -0.041549478
0.996333539 -0.006508206 0.085306026 0.013516550 0.001004862 0.997923791 0.064397752 -0.142408833 -0.085548021 -0.064075917 0.994271517 -0.048605349
0.995784402 -0.005044824 0.091586143 0.011681040 -0.000801085 0.997969985 0.063680932 -0.173593193 -0.091721475 -0.063485846 0.993758857 -0.057696868
0.994933009 0.001886186 0.100522086 0.010206476 -0.008160602 0.998040080 0.062043723 -0.204717979 -0.100208044 -0.062549673 0.992998421 -0.066196889
0.993705750 0.009629823 0.111607008 0.008219698 -0.016334122 0.998105824 0.059312850 -0.235212684 -0.110824428 -0.060762525 0.991980791 -0.074877918
0.992157757 0.018777132 0.123573698 0.007775490 -0.025631696 0.998205662 0.054115467 -0.269295931 -0.122335829 -0.056858480 0.990858734 -0.079254396
0.990417302 0.027001284 0.135442019 0.005724938 -0.032922350 0.998588920 0.041668609 -0.299955428 -0.134125799 -0.045728378 0.989908695 -0.086530052
0.989789963 0.030621938 0.139205307 0.003150487 -0.034556836 0.999066114 0.025937743 -0.328080863 -0.138281047 -0.030483413 0.989923775 -0.093770437
0.989504516 0.033410899 0.140586525 0.001517453 -0.034949817 0.999352992 0.008490978 -0.352988452 -0.140211880 -0.013315333 0.990031958 -0.099676721
0.989278316 0.034765590 0.141844153 0.000515501 -0.033808175 0.999386430 -0.009154883 -0.373258650 -0.142075390 0.004261237 0.989846647 -0.104478516
0.988847554 0.031042054 0.145660207 -0.000405880 -0.028063308 0.999353766 -0.022460917 -0.386847734 -0.146263316 0.018122716 0.989079654 -0.107314587
0.989027560 0.021483690 0.146160543 0.001383725 -0.017289065 0.999403119 -0.029908920 -0.393322140 -0.146715850 0.027053768 0.988808632 -0.105149478
0.988844752 0.014862694 0.148206428 0.002248732 -0.010538878 0.999496818 -0.029917058 -0.391213030 -0.148576513 0.028021395 0.988503814 -0.102942929
0.988490403 0.012694872 0.150749892 0.004331823 -0.009237190 0.999678433 -0.023614716 -0.380061120 -0.151001215 0.021950416 0.988289833 -0.098472729
0.988031745 0.014844388 0.153534934 0.007842117 -0.013112089 0.999838531 -0.012289261 -0.361063480 -0.153692558 0.010129015 0.988066792 -0.091992013
0.987815022 0.017438637 0.154652461 0.012069490 -0.018081861 0.999832690 0.002753369 -0.334843010 -0.154578581 -0.005516223 0.987965107 -0.083244011
0.988407671 0.016877692 0.150882080 0.016295087 -0.020525582 0.999532700 0.022652382 -0.302330226 -0.150429264 -0.025486732 0.988292217 -0.073277235
0.989208400 0.015149302 0.145730034 0.021864975 -0.022333331 0.998607814 0.047787733 -0.267908365 -0.144803211 -0.050526664 0.988169551 -0.062672570
0.990019202 0.008377945 0.140683353 0.024825130 -0.019061500 0.997018933 0.074765652 -0.230510429 -0.139637589 -0.076701060 0.987227559 -0.053679861
0.990897954 0.001084643 0.134610683 0.027445452 -0.014847515 0.994747102 0.101280421 -0.193647876 -0.133793741 -0.102357194 0.985709012 -0.045818031
0.991227865 -0.008616403 0.131882727 0.029111050 -0.007682215 0.992429078 0.122578569 -0.159522712 -0.131940454 -0.122516446 0.983657181 -0.038872849
0.991831541 -0.018283220 0.126237616 0.030591154 0.001034282 0.990794241 0.135372311 -0.129848510 -0.127550557 -0.134135962 0.982719898 -0.033492528
0.992071390 -0.023690317 0.123422645 0.031742163 0.005942337 0.989816427 0.142225459 -0.104535259 -0.125535131 -0.140364394 0.982109368 -0.028786900
0.992241323 -0.027225111 0.121309377 0.032626163 0.009224820 0.989161611 0.146540940 -0.083975948 -0.123984165 -0.144284904 0.981738150 -0.025654150
0.992398679 -0.025553240 0.120382227 0.033987675 0.006968936 0.988304377 0.152334914 -0.068855815 -0.122866936 -0.150338039 0.980970025 -0.023171762
0.992428482 -0.022462402 0.120752491 0.034490019 0.002688635 0.986872137 0.161481068 -0.059725974 -0.122794516 -0.159933761 0.979460418 -0.022831755
0.992419362 -0.020691406 0.121143147 0.033601005 -0.001105894 0.984181583 0.177159131 -0.057291895 -0.122892529 -0.175950110 0.976697981 -0.027489219
0.992202103 -0.020415952 0.122956194 0.033857774 -0.003408711 0.981679857 0.190507382 -0.066353381 -0.124593012 -0.189440936 0.973955214 -0.030609449
0.991821229 -0.019763224 0.126095504 0.033373069 -0.005127105 0.980972707 0.194077969 -0.086651035 -0.127531856 -0.193137139 0.972848237 -0.036268700
0.991316259 -0.016322831 0.130482331 0.032917522 -0.008242907 0.982601464 0.185543641 -0.115128577 -0.131240711 -0.185007975 0.973934233 -0.041881464
0.990687788 -0.008838622 0.135866091 0.032404635 -0.014065942 0.985907137 0.166701049 -0.150223419 -0.135424748 -0.167059779 0.976601839 -0.048391223
0.989736974 0.001934906 0.142888010 0.031864807 -0.022526149 0.989519477 0.142631516 -0.190042913 -0.141114503 -0.144386396 0.979407609 -0.055572245
0.989013612 0.010499761 0.147450924 0.030725546 -0.028077275 0.992659330 0.117639974 -0.232267305 -0.145133346 -0.120487556 0.982048392 -0.063369185
0.987666965 0.019821001 0.155309826 0.029379137 -0.034895495 0.994870782 0.094944373 -0.275269479 -0.152631313 -0.099193037 0.983292639 -0.071302965
0.986238658 0.024505764 0.163501725 0.027718814 -0.036885861 0.996640980 0.073117368 -0.316953808 -0.161160722 -0.078142069 0.983829796 -0.078602158
0.985333383 0.026184253 0.168619305 0.025641998 -0.035259087 0.998073459 0.051050782 -0.357310653 -0.166957736 -0.056247406 0.984358370 -0.085934289
0.985301077 0.022656851 0.169317514 0.023369653 -0.028464530 0.999083996 0.031952024 -0.393309951 -0.168438494 -0.036301903 0.985043466 -0.093555801
0.985643804 0.016759844 0.168004304 0.021080246 -0.019823289 0.999666095 0.016573697 -0.429402500 -0.167670429 -0.019666158 0.985646904 -0.101033635
0.985798120 0.012786882 0.167447194 0.019901145 -0.013986468 0.999884248 0.005986555 -0.450158596 -0.167351261 -0.008243530 0.985862851 -0.105478756
0.985947847 0.007683221 0.166876748 0.019765530 -0.007822644 0.999969363 0.000178176 -0.462038040 -0.166870281 -0.001481089 0.985977769 -0.107501574
0.985692680 0.005178723 0.168473065 0.020380531 -0.005295099 0.999985933 0.000241517 -0.463444859 -0.168469459 -0.001130142 0.985706210 -0.106352717
0.985936224 0.003585319 0.167083636 0.020918287 -0.004460707 0.999978244 0.004864220 -0.455816746 -0.167062566 -0.005541122 0.985930741 -0.102924556
0.986245871 0.004464082 0.165224656 0.022065768 -0.006646501 0.999897778 0.012658269 -0.437566519 -0.165151253 -0.013582331 0.986174703 -0.096879542
0.986136973 0.007539827 0.165762126 0.023616532 -0.011447618 0.999678314 0.022631934 -0.411127150 -0.165538162 -0.024215767 0.985906065 -0.087660365
0.985985160 0.006406736 0.166710109 0.024615690 -0.012354186 0.999322712 0.034662846 -0.378199965 -0.166375130 -0.036236618 0.985396504 -0.077481166
0.985471666 0.010916119 0.169488728 0.026507225 -0.019791152 0.998514652 0.050762746 -0.339400023 -0.168682843 -0.053379629 0.984223902 -0.065370373
0.985482275 0.006991080 0.169634417 0.029620141 -0.019237757 0.997315049 0.070658766 -0.298978567 -0.168684974 -0.072896339 0.982970774 -0.051928461
0.985637724 0.005058244 0.168797866 0.030834703 -0.021466997 0.995195329 0.095526934 -0.257576615 -0.167503640 -0.097778529 0.981010675 -0.042048849
0.985542893 0.000374891 0.169425830 0.032184254 -0.021282461 0.992350578 0.121603392 -0.217730865 -0.168084219 -0.123451151 0.978012025 -0.033339541
0.986158967 -0.007219359 0.165645331 0.033061728 -0.017478351 0.988958538 0.147158280 -0.180778489 -0.164878756 -0.148016676 0.975144148 -0.027300010
0.986907780 -0.013885948 0.160686761 0.034026310 -0.014040305 0.985108018 0.171362266 -0.146802977 -0.160673350 -0.171374843 0.972015798 -0.022363674
0.987863719 -0.024531618 0.153373748 0.034341305 -0.005367357 0.981467605 0.191553026 -0.119753763 -0.155230463 -0.190051496 0.969424546 -0.019619642
0.988469839 -0.033722810 0.147614792 0.034160122 0.002598984 0.978518963 0.206140533 -0.101211458 -0.151395515 -0.203380063 0.967324138 -0.018535288
0.988733768 -0.037421599 0.144931376 0.033915181 0.005424034 0.976566315 0.215148374 -0.091072969 -0.149586290 -0.211938366 0.965767086 -0.019272005
0.988886058 -0.036328219 0.144168884 0.034447581 0.003609905 0.975269198 0.220990896 -0.088674381 -0.148631662 -0.218014389 0.964561224 -0.019211438
0.988911271 -0.031511251 0.145126119 0.034337372 -0.001794755 0.974622071 0.223849520 -0.098837294 -0.148496911 -0.221627787 0.963758171 -0.023217177
0.989007294 -0.032012753 0.144359946 0.033309214 -0.000966812 0.974862397 0.222805679 -0.120544970 -0.147863716 -0.220495999 0.964115083 -0.029428300
0.989061952 -0.030127179 0.144391224 0.031817455 -0.001910270 0.976220131 0.216773108 -0.152080446 -0.147488371 -0.214677855 0.965484619 -0.037329786
0.989269435 -0.026201114 0.143734276 0.029999193 -0.003414000 0.979374230 0.202026024 -0.190951288 -0.146062940 -0.200348869 0.968775511 -0.047123119
0.988845885 -0.019942947 0.147601172 0.028667614 -0.007101120 0.983555675 0.180465430 -0.235766411 -0.148773000 -0.179500639 0.972443402 -0.057020687
0.987971783 -0.016410507 0.153760999 0.028243845 -0.007884195 0.987713754 0.156074986 -0.282980800 -0.154433131 -0.155409977 0.975703955 -0.066575103
0.986073554 -0.011231520 0.165930212 0.027888084 -0.010810138 0.991278529 0.131339327 -0.330960780 -0.165958196 -0.131303951 0.977352142 -0.076550975
0.984200358 -0.010632429 0.176738963 0.027338579 -0.008357285 0.994293153 0.106354572 -0.377391756 -0.176861152 -0.106151260 0.978494763 -0.086298667
0.982446611 -0.011753268 0.186173290 0.025827473 -0.003481956 0.996683955 0.081295922 -0.418610156 -0.186511427 -0.080517158 0.979147851 -0.096775666
0.982078314 -0.019505592 0.187461317 0.025300819 0.008730531 0.998270631 0.058133580 -0.454821229 -0.188271046 -0.055455089 0.980550230 -0.103713639
0.982417822 -0.026110526 0.184860617 0.023332063 0.019352835 0.999080181 0.038266335 -0.479302555 -0.185689718 -0.034015950 0.982019484 -0.109472409
0.983060539 -0.025228141 0.181536451 0.023138599 0.021311095 0.999496758 0.023495823 -0.492731184 -0.182037845 -0.019229077 0.983103514 -0.112489276
0.983182788 -0.022839405 0.181190446 0.023999896 0.020691786 0.999691546 0.013734449 -0.495913386 -0.181448236 -0.009754321 0.983352125 -0.112538949
0.983175874 -0.019647773 0.181601763 0.025888415 0.018769242 0.999802351 0.006555128 -0.488979310 -0.181694657 -0.003036316 0.983350337 -0.109679133
0.983516932 -0.016521493 0.180059507 0.027503936 0.016265268 0.999863505 0.002899431 -0.472436875 -0.180082843 0.000077077 0.983651459 -0.103911236
0.984145045 -0.016728645 0.176574826 0.028909415 0.016314829 0.999859691 0.003795211 -0.447162598 -0.176613539 -0.000854250 0.984279931 -0.095512882
0.984258115 -0.011924290 0.176334411 0.030839477 0.009875895 0.999873221 0.012489621 -0.414277256 -0.176460981 -0.010551549 0.984251082 -0.084658287
0.984492183 -0.006328307 0.175314277 0.032026872 0.001416780 0.999603391 0.028126569 -0.376059473 -0.175422728 -0.027442006 0.984110653 -0.073402330
0.983889341 0.000924121 0.178776234 0.034610718 -0.010154983 0.998660982 0.050725393 -0.333851725 -0.178489983 -0.051723644 0.982581317 -0.061616085
0.982868969 0.005170439 0.184233129 0.036406539 -0.020050237 0.996673346 0.078995109 -0.289457381 -0.183211803 -0.081335753 0.979702950 -0.050356027
0.982188880 0.002407136 0.187880889 0.037547797 -0.023099717 0.993879735 0.108025275 -0.245535016 -0.186470971 -0.110441215 0.976233244 -0.039904788
0.982717931 -0.004320913 0.185058877 0.037920486 -0.021001562 0.990669906 0.134655580 -0.203989238 -0.183914080 -0.136214986 0.973458290 -0.030948786
0.983833969 -0.011306303 0.178725719 0.037534453 -0.016943477 0.987651408 0.155748472 -0.166268185 -0.178279638 -0.156258866 0.971493483 -0.024778148
0.985105574 -0.016690271 0.171138734 0.037159331 -0.013239766 0.984961033 0.172268629 -0.133478910 -0.171440184 -0.171968609 0.970069587 -0.021045284
0.986419439 -0.019349242 0.163102105 0.036473639 -0.011744234 0.982185423 0.187546864 -0.106736496 -0.163825408 -0.186915383 0.968619585 -0.020067174
0.986918509 -0.019014120 0.160094902 0.036932807 -0.014152500 0.978969693 0.203514382 -0.088560067 -0.160597697 -0.203117862 0.965894163 -0.020234093
0.987202883 -0.018242322 0.158422574 0.037651375 -0.017434433 0.975134194 0.220928326 -0.080813706 -0.158513531 -0.220863089 0.962337255 -0.022303939
0.987461388 -0.021373531 0.156406924 0.038494051 -0.016527424 0.971348941 0.237082511 -0.083654605 -0.156992987 -0.236694843 0.958816350 -0.023529163
0.987835407 -0.026058018 0.153304115 0.038926598 -0.012262575 0.969736099 0.243847370 -0.101119459 -0.155018702 -0.242760986 0.957620144 -0.028758261
0.988747597 -0.026716862 0.147188485 0.038714249 -0.009388812 0.970899701 0.239302412 -0.129872173 -0.149298668 -0.237991616 0.959723890 -0.035795890
0.989303529 -0.013509301 0.145244867 0.039983049 -0.019726353 0.974166095 0.224969432 -0.167382836 -0.144531816 -0.225428209 0.963479459 -0.043179788
0.988046229 0.007764528 0.153962195 0.042171866 -0.038937971 0.978916585 0.200514778 -0.211106345 -0.149159253 -0.204112843 0.967517197 -0.051582288
0.986560643 0.020599088 0.162091777 0.042944442 -0.048322506 0.984429479 0.169007570 -0.258945495 -0.156086519 -0.174568892 0.972194791 -0.060522515
0.984926045 0.030162649 0.170325711 0.042701401 -0.053311937 0.989678264 0.133021593 -0.307638258 -0.164555386 -0.140096813 0.976367950 -0.070852004
0.983271122 0.031975247 0.179319561 0.039133999 -0.049963705 0.994057417 0.096713558 -0.356484860 -0.175161511 -0.104055122 0.979025543 -0.082157061
0.981228352 0.037316442 0.189204782 0.038402930 -0.049886174 0.996821702 0.062112026 -0.396605670 -0.186285615 -0.070384778 0.979971230 -0.089669421
0.979355454 0.038657524 0.198414803 0.036457926 -0.046370313 0.998332798 0.034372166 -0.430950731 -0.196755260 -0.042863123 0.979515254 -0.094870627
0.978157759 0.038204368 0.204322770 0.034844901 -0.041706506 0.999047160 0.012859935 -0.456379205 -0.203636780 -0.021100635 0.978819072 -0.100692421
0.977430224 0.039246075 0.207581133 0.034013201 -0.039630942 0.999211729 -0.002305897 -0.471430182 -0.207507998 -0.005972782 0.978215098 -0.104103908
0.977786183 0.037509833 0.206221253 0.034466445 -0.036044236 0.999291182 -0.010860610 -0.476011753 -0.206482470 0.003186267 0.978445113 -0.104880884
0.978276730 0.035471015 0.204246178 0.035344474 -0.033783898 0.999360204 -0.011742281 -0.469848573 -0.204532012 0.004586967 0.978849113 -0.101842299
0.979223371 0.028946083 0.200707972 0.036913153 -0.028048556 0.999579787 -0.007314694 -0.453988791 -0.200835377 0.001533151 0.979623795 -0.095180430
0.979546130 0.023183564 0.199879676 0.038858853 -0.024147166 0.999705553 0.002384062 -0.429624557 -0.199765563 -0.007161825 0.979817569 -0.085468926
0.979193568 0.017582327 0.202165261 0.042080000 -0.021405127 0.999630749 0.016738418 -0.397463888 -0.201796308 -0.020717524 0.979208350 -0.072692171
0.979123414 0.013511393 0.202817172 0.045342099 -0.020883907 0.999194920 0.034254536 -0.359726429 -0.202191055 -0.037775032 0.978617311 -0.059716422
0.979814231 0.011585098 0.199574187 0.048484948 -0.022295434 0.998423994 0.051502377 -0.319101185 -0.198662981 -0.054912359 0.978528321 -0.048689898
0.982113659 0.000680608 0.188287735 0.049790271 -0.013236465 0.997769058 0.065435089 -0.276860237 -0.187823147 -0.066756956 0.979931593 -0.035722032
0.984481454 -0.009815285 0.175214082 0.050454546 -0.003856215 0.996983588 0.077516891 -0.235362828 -0.175446421 -0.076989599 0.981473982 -0.023383118
0.986285448 -0.019904770 0.163843781 0.050486784 0.005559994 0.996144712 0.087548584 -0.196163207 -0.164954752 -0.085436925 0.982593715 -0.012212977
0.987534165 -0.026036553 0.155236587 0.049800694 0.011134323 0.995308995 0.096104227 -0.160070822 -0.157010600 -0.093177758 0.983191550 -0.002750399
0.988696575 -0.031781286 0.146523267 0.048631910 0.016470052 0.994383335 0.104549259 -0.127611458 -0.149022996 -0.100954250 0.983666778 0.005210280
0.989540935 -0.031805795 0.140702128 0.047601867 0.016181417 0.993708074 0.110826336 -0.099859573 -0.143341750 -0.107390441 0.983829498 0.012606955
0.990260124 -0.030981097 0.135738745 0.046721395 0.015596252 0.993475795 0.112971611 -0.078077167 -0.138353154 -0.109754272 0.984282672 0.018469712
0.990816355 -0.027667491 0.132353768 0.046153583 0.012403158 0.993312061 0.114792362 -0.061763782 -0.134644613 -0.112096548 0.984533012 0.024215994
0.991450846 -0.021747999 0.128655642 0.046091177 0.006712674 0.993207514 0.116162732 -0.050028358 -0.130308062 -0.114306018 0.984862387 0.029329566
0.992634118 -0.016716756 0.119991705 0.046119023 0.002767957 0.993305326 0.115485281 -0.042130265 -0.121118933 -0.114302501 0.986035049 0.032533348
0.993759334 -0.013704513 0.110700384 0.045923799 0.001241991 0.993721902 0.111871645 -0.036814813 -0.111538544 -0.111036003 0.987537444 0.035124205
0.994591236 -0.013450112 0.102992289 0.045017663 0.002362918 0.994253576 0.107024372 -0.032920547 -0.103839941 -0.106202140 0.988907695 0.037217811
0.994966328 -0.012007746 0.099487983 0.044083625 0.001951336 0.994928241 0.100568242 -0.029414304 -0.100191005 -0.099867873 0.989943504 0.039375108
0.995232582 -0.006880738 0.097286969 0.043630321 -0.002312307 0.995563209 0.094067000 -0.026315225 -0.097502574 -0.093843497 0.990801036 0.041198533
0.995550394 -0.003837176 0.094152622 0.043028392 -0.004592199 0.996007681 0.089149117 -0.023558980 -0.094118811 -0.089184806 0.991558254 0.042962212
0.995840251 -0.002208030 0.091089435 0.042247053 -0.005659144 0.996277452 0.086018920 -0.019613428 -0.090940274 -0.086176589 0.992120683 0.044052370
0.995868146 -0.000760176 0.090807781 0.043375801 -0.006965483 0.996379614 0.084729828 -0.016094010 -0.090543434 -0.085012250 0.992257416 0.046003975
0.995991588 -0.003762284 0.089367621 0.043223843 -0.003270288 0.996915340 0.078416079 -0.012218934 -0.089386977 -0.078394011 0.992907047 0.044676259
0.995840192 -0.004345381 0.091013670 0.044539846 -0.001535422 0.997920096 0.064445026 -0.014994456 -0.091104403 -0.064316683 0.993762195 0.043890983
0.995453894 -0.008296101 0.094882362 0.044620890 0.003124112 0.998507321 0.054528665 -0.016586041 -0.095193110 -0.053984348 0.993993938 0.041986600
0.994933248 -0.014344221 0.099509127 0.046501402 0.009727634 0.998860419 0.046724647 -0.013937266 -0.100065954 -0.045519918 0.993938982 0.043686762
0.994330883 -0.022652145 0.103889517 0.046011027 0.018813249 0.999108791 0.037784018 -0.015668891 -0.104652829 -0.035615318 0.993870854 0.040834229
0.993686020 -0.020792104 0.110253491 0.049143881 0.018109646 0.999516487 0.025275841 -0.012462059 -0.110725723 -0.023119599 0.993582070 0.042213246
0.992979169 -0.020488398 0.116501257 0.049709182 0.019120974 0.999734700 0.012843044 -0.012892260 -0.116733477 -0.010525258 0.993107498 0.040592909
0.992502511 -0.022628287 0.120111518 0.049961921 0.021973344 0.999735594 0.006774575 -0.013178150 -0.120233051 -0.004084531 0.992737293 0.039551932
0.991832078 -0.022422934 0.125563964 0.051869322 0.021351850 0.999723315 0.009869712 -0.012189116 -0.125750527 -0.007108075 0.992036402 0.040347315
0.991602957 -0.024633916 0.126951814 0.052547529 0.023610255 0.999675512 0.009562100 -0.011567938 -0.127146184 -0.006484442 0.991862774 0.039339378
0.991534054 -0.029199494 0.126521170 0.053133111 0.028311150 0.999560297 0.008814216 -0.011413071 -0.126722902 -0.005157636 0.991924763 0.039561927
0.991553843 -0.032449916 0.125570521 0.053209130 0.031622507 0.999463081 0.008577459 -0.011403871 -0.125781432 -0.004534158 0.992047608 0.039931033
0.991582632 -0.030615805 0.125803843 0.053331807 0.029737404 0.999518514 0.008854833 -0.011391945 -0.126014367 -0.005039218 0.992015600 0.039822329
0.991560757 -0.032814160 0.125421375 0.052890364 0.031994447 0.999451518 0.008544996 -0.011497250 -0.125632972 -0.004460096 0.992066741 0.039769016
0.991554320 -0.032885451 0.125453278 0.052731715 0.032070320 0.999449372 0.008512137 -0.011508353 -0.125664130 -0.004416921 0.992062986 0.039867539
0.991557419 -0.035365630 0.124752261 0.052415133 0.034571741 0.999365866 0.008523570 -0.011664929 -0.124974586 -0.004138707 0.992151320 0.039419502
0.991570234 -0.035057478 0.124737523 0.052352156 0.034268633 0.999376833 0.008464785 -0.011671922 -0.124956541 -0.004118845 0.992153645 0.039325446
0.991584480 -0.035414383 0.124523357 0.052000493 0.034614235 0.999363899 0.008584047 -0.011798083 -0.124748141 -0.004201526 0.992179573 0.038235489
0.991580129 -0.035225123 0.124611765 0.052071478 0.034425080 0.999370575 0.008568453 -0.011615551 -0.124835148 -0.004206538 0.992168605 0.038863428
0.991596222 -0.035334710 0.124452516 0.051934380 0.034525033 0.999366343 0.008657351 -0.011666388 -0.124679565 -0.004287868 0.992187798 0.038574614
0.991600156 -0.035445333 0.124389730 0.051761094 0.034638606 0.999362528 0.008642909 -0.011928197 -0.124616779 -0.004261623 0.992195785 0.038438667
0.991597235 -0.035547886 0.124383770 0.051857095 0.034734327 0.999358654 0.008703949 -0.012017383 -0.124613412 -0.004310424 0.992196023 0.038461439
0.991588771 -0.035391886 0.124495469 0.051781397 0.034577202 0.999364197 0.008699249 -0.012074647 -0.124724187 -0.004321374 0.992182016 0.038145721
0.991596937 -0.035470270 0.124408163 0.051882673 0.034646608 0.999361098 0.008778639 -0.011881082 -0.124640055 -0.004394551 0.992192268 0.038577646
0.991595864 -0.035426226 0.124429181 0.051811967 0.034601633 0.999362588 0.008782551 -0.011950512 -0.124660999 -0.004403288 0.992189646 0.038274445
0.991583526 -0.035571337 0.124485947 0.051718336 0.034752741 0.999357700 0.008741882 -0.011887772 -0.124716945 -0.004342078 0.992182851 0.038376257
0.991586030 -0.035556253 0.124470465 0.052100778 0.034730967 0.999357998 0.008794727 -0.011722332 -0.124703266 -0.004397749 0.992184341 0.039001457
0.991595626 -0.035635900 0.124371283 0.051805656 0.034816127 0.999355376 0.008759348 -0.011747799 -0.124603249 -0.004355606 0.992197096 0.038268391
0.991590381 -0.035369553 0.124489017 0.052013703 0.034548499 0.999364734 0.008748761 -0.011624091 -0.124719374 -0.004374279 0.992182434 0.039278395
0.991589308 -0.035409287 0.124486290 0.051881153 0.034582846 0.999363124 0.008794200 -0.011654338 -0.124718405 -0.004415145 0.992182374 0.038907703
0.991596818 -0.035552442 0.124385826 0.051813692 0.034745298 0.999358714 0.008653053 -0.011477062 -0.124613695 -0.004258517 0.992196202 0.038642298
0.991597772 -0.035442520 0.124409586 0.051825628 0.034626942 0.999362350 0.008712551 -0.011759696 -0.124639049 -0.004331422 0.992192686 0.039570794
0.991599858 -0.035419662 0.124399461 0.051773295 0.034594599 0.999362826 0.008786952 -0.011707402 -0.124631427 -0.004409591 0.992193282 0.039135098
0.991597891 -0.035261508 0.124459788 0.051938619 0.034441236 0.999368548 0.008736815 -0.011667334 -0.124689266 -0.004376859 0.992186189 0.039002206
0.991588652 -0.035357434 0.124506205 0.052080799 0.034537632 0.999365211 0.008737462 -0.011627848 -0.124736100 -0.004363819 0.992180347 0.038801346
0.991586685 -0.035319488 0.124532506 0.051949311 0.034496222 0.999366403 0.008761670 -0.011668018 -0.124763057 -0.004392054 0.992176831 0.038369548
0.991590023 -0.035215631 0.124535434 0.052062619 0.034409024 0.999370635 0.008622630 -0.011660779 -0.124760710 -0.004264972 0.992177665 0.039043028
0.991590917 -0.035362411 0.124486655 0.051997382 0.034549791 0.999365270 0.008681285 -0.011752195 -0.124714628 -0.004307295 0.992183328 0.038674124
0.991584182 -0.035324574 0.124551013 0.051986538 0.034507960 0.999366462 0.008708479 -0.011686252 -0.124779731 -0.004337190 0.992174983 0.038339704
0.991583943 -0.035255555 0.124572374 0.052040104 0.034441147 0.999368966 0.008685843 -0.011662912 -0.124799989 -0.004322327 0.992172480 0.038594015
0.991598010 -0.035299171 0.124448426 0.052078702 0.034485605 0.999367476 0.008686242 -0.011628781 -0.124676324 -0.004321581 0.992188036 0.038822748
0.991586804 -0.035187297 0.124568939 0.052012652 0.034350753 0.999370575 0.008857681 -0.011809751 -0.124802217 -0.004504124 0.992171407 0.038544554
0.991583467 -0.035506882 0.124505073 0.051765978 0.034670092 0.999359369 0.008881921 -0.011607964 -0.124740675 -0.004490564 0.992179215 0.038303360
0.991587520 -0.035513952 0.124470480 0.051864773 0.034702994 0.999359965 0.008678077 -0.011655523 -0.124699004 -0.004285574 0.992185354 0.039405055
0.991580307 -0.035589453 0.124506764 0.051818497 0.034776207 0.999357283 0.008699733 -0.011744747 -0.124736361 -0.004296611 0.992180645 0.038950011
0.991596282 -0.035438254 0.124422252 0.052023396 0.034615599 0.999362230 0.008768170 -0.011809806 -0.124653623 -0.004387535 0.992190599 0.039121959
0.991601408 -0.035559636 0.124346733 0.051983394 0.034723576 0.999357462 0.008885136 -0.011824098 -0.124582782 -0.004492750 0.992199063 0.038699880
0.991573334 -0.035437707 0.124605268 0.052267279 0.034612287 0.999362230 0.008783597 -0.011641364 -0.124837071 -0.004396707 0.992167532 0.039611965
0.991571605 -0.035542712 0.124589399 0.052063297 0.034719892 0.999358594 0.008770064 -0.011583628 -0.124821201 -0.004370416 0.992169619 0.039223373
0.991585612 -0.035550691 0.124475338 0.052021004 0.034716554 0.999357879 0.008864647 -0.011755104 -0.124710552 -0.004468701 0.992183089 0.038428646
0.991577446 -0.035559971 0.124537893 0.052091926 0.034733739 0.999357879 0.008800101 -0.011716873 -0.124770857 -0.004400314 0.992175817 0.039057665
0.991573393 -0.035365175 0.124625489 0.052070834 0.034542020 0.999364853 0.008760354 -0.011745486 -0.124856144 -0.004381718 0.992165208 0.038739167
0.991581917 -0.035517626 0.124514222 0.051984478 0.034682103 0.999359012 0.008872166 -0.011735356 -0.124749526 -0.004479065 0.992178142 0.038632818
0.991568685 -0.035560228 0.124607489 0.051874995 0.034735329 0.999357939 0.008787051 -0.011775552 -0.124839947 -0.004384683 0.992167234 0.038189057
0.991579592 -0.035384133 0.124570668 0.052297033 0.034580402 0.999364853 0.008609088 -0.011650002 -0.124796167 -0.004228893 0.992173374 0.039235037
0.991588473 -0.035318643 0.124518670 0.052064937 0.034509987 0.999366939 0.008645955 -0.011736653 -0.124745212 -0.004276092 0.992179573 0.038707417
0.991586566 -0.035411544 0.124507435 0.051968828 0.034594417 0.999363422 0.008719502 -0.011706869 -0.124736942 -0.004338879 0.992180347 0.038381290
0.991584778 -0.035283085 0.124558263 0.052103527 0.034492355 0.999368787 0.008499797 -0.011765115 -0.124779545 -0.004131962 0.992175877 0.038599189
0.991574645 -0.035456814 0.124589354 0.052022982 0.034632206 0.999361575 0.008778942 -0.011791979 -0.124821082 -0.004390174 0.992169559 0.038153253
0.991580009 -0.036535941 0.124234483 0.051173814 0.035709172 0.999322832 0.008875949 -0.010104045 -0.124474645 -0.004364904 0.992213190 0.037150953
0.991571128 -0.036561180 0.124297835 0.050980221 0.035734709 0.999321938 0.008872907 -0.010175893 -0.124537952 -0.004356370 0.992205262 0.036934596
0.991572320 -0.036552586 0.124290958 0.050908443 0.035733141 0.999322474 0.008816597 -0.010178179 -0.124529019 -0.004300987 0.992206633 0.036682062
0.991574109 -0.036609147 0.124260262 0.050963763 0.035785150 0.999320269 0.008857487 -0.010273586 -0.124500066 -0.004336182 0.992210150 0.036748845
0.991573155 -0.036642112 0.124258123 0.050900102 0.035820030 0.999319136 0.008844363 -0.010256461 -0.124497600 -0.004318903 0.992210507 0.036806237
0.991572201 -0.036672480 0.124256723 0.051025752 0.035862446 0.999318421 0.008750265 -0.010216844 -0.124492921 -0.004220370 0.992211521 0.036755931
0.991579473 -0.036687419 0.124193974 0.051146593 0.035870224 0.999317646 0.008810440 -0.010173245 -0.124432452 -0.004281386 0.992218852 0.036955055
0.991583586 -0.036653057 0.124171302 0.050871488 0.035827011 0.999318540 0.008879711 -0.010159127 -0.124412149 -0.004356289 0.992221057 0.036414810
0.991578877 -0.036668248 0.124204561 0.050985515 0.035845034 0.999318123 0.008856883 -0.010174314 -0.124444634 -0.004330181 0.992217124 0.036635563
0.991577208 -0.036670253 0.124217205 0.051144693 0.035847314 0.999318063 0.008854398 -0.010213396 -0.124457188 -0.004326967 0.992215574 0.036950704
0.991577387 -0.036671523 0.124215573 0.051072877 0.035853159 0.999318182 0.008818053 -0.010154972 -0.124454245 -0.004290262 0.992216051 0.037031814
0.991587639 -0.036638752 0.124143332 0.051104296 0.035813756 0.999319077 0.008871417 -0.010148177 -0.124383837 -0.004350749 0.992224634 0.036904369
0.991586566 -0.036654368 0.124147214 0.050937194 0.035830654 0.999318600 0.008862009 -0.010143659 -0.124387451 -0.004339173 0.992224216 0.036555875
0.991574585 -0.036657479 0.124242008 0.051059637 0.035842936 0.999318838 0.008785771 -0.010180105 -0.124479443 -0.004258549 0.992213070 0.036704946
0.991581380 -0.036682472 0.124180213 0.050989181 0.035872035 0.999318004 0.008756751 -0.010158218 -0.124416739 -0.004228435 0.992221057 0.036554307
0.991581798 -0.036752474 0.124156348 0.051007710 0.035924245 0.999314845 0.008903848 -0.010103617 -0.124398522 -0.004368670 0.992222726 0.036709923
0.991581500 -0.036723725 0.124167427 0.051021431 0.035926767 0.999316990 0.008652224 -0.010136656 -0.124400362 -0.004118452 0.992223561 0.036826096
0.991584778 -0.036810275 0.124115363 0.050902851 0.035992850 0.999313116 0.008822683 -0.010220219 -0.124354869 -0.004281173 0.992228568 0.036453452
0.991586626 -0.036761176 0.124115117 0.051091477 0.035940710 0.999314785 0.008843870 -0.010184475 -0.124355190 -0.004308678 0.992228389 0.036809508
0.991583645 -0.036686454 0.124161154 0.051148545 0.035878021 0.999317944 0.008741652 -0.010106751 -0.124397174 -0.004213422 0.992223561 0.037320014
0.991587639 -0.036728140 0.124116905 0.051185880 0.035923373 0.999316514 0.008716496 -0.010004160 -0.124352209 -0.004184471 0.992229342 0.037634835
0.991582990 -0.036759809 0.124144673 0.051346421 0.035955325 0.999315381 0.008715280 -0.010002295 -0.124380052 -0.004178261 0.992225826 0.037805412
0.991581082 -0.036769215 0.124157168 0.051308855 0.035972025 0.999315321 0.008657245 -0.010099998 -0.124390475 -0.004118176 0.992224813 0.037405305
0.991641879 -0.036677659 0.123697668 0.051389687 0.035888672 0.999318779 0.008601338 -0.010114441 -0.123928875 -0.004090101 0.992282689 0.037841648
0.991642892 -0.036647897 0.123698264 0.051348068 0.035842445 0.999319315 0.008731307 -0.010110155 -0.123934045 -0.004224691 0.992281437 0.038004998
0.991629124 -0.036736742 0.123782329 0.051074527 0.035935007 0.999316216 0.008704137 -0.010202921 -0.124017455 -0.004183157 0.992271245 0.037118487
0.991614461 -0.036783978 0.123885758 0.051237807 0.035979904 0.999314427 0.008722279 -0.010163061 -0.124121673 -0.004191740 0.992258132 0.037462972
0.991571426 -0.037229903 0.124096930 0.051391266 0.036429830 0.999298275 0.008710903 -0.010241432 -0.124334157 -0.004116652 0.992231846 0.037725072
