0.999324799 0.023457181 0.028278876 -2.394610167 -0.023929622 0.999577701 0.016485492 0.537002444 -0.027880233 -0.017151063 0.999464095 -1.309687257
0.999104500 0.026776914 0.032760069 -2.394032478 -0.027460046 0.999410987 0.020583393 0.556356788 -0.032189615 -0.021464555 0.999251246 -1.302901268
0.999009848 0.027437724 0.035021145 -2.393258333 -0.028520804 0.999118209 0.030810926 0.579429090 -0.034144882 -0.031779248 0.998911500 -1.295209646
0.999020219 0.026661389 0.035324313 -2.393164873 -0.028185252 0.998661518 0.043367635 0.603558004 -0.034120791 -0.044320766 0.998434484 -1.288287520
0.999097168 0.023728181 0.035239752 -2.393282413 -0.025576342 0.998269260 0.052955434 0.629378080 -0.033922229 -0.053808928 0.997974873 -1.281470776
0.999102831 0.022321681 0.035990611 -2.393761396 -0.024467377 0.997878969 0.060323801 0.655793667 -0.034567744 -0.061150271 0.997529805 -1.274833798
0.999223471 0.017490240 0.035306718 -2.393699169 -0.019771514 0.997667611 0.065333627 0.680001020 -0.034081664 -0.065980963 0.997238636 -1.268950939
0.999289513 0.015055766 0.034550484 -2.393787146 -0.017434156 0.997422457 0.069602802 0.704210877 -0.033413503 -0.070155710 0.996976256 -1.262731194
0.999324739 0.014515405 0.033755418 -2.393588781 -0.016972976 0.997136235 0.073697165 0.727898955 -0.032589007 -0.074220330 0.996709228 -1.257616520
0.999314904 0.015815735 0.033459473 -2.393336535 -0.018427297 0.996685147 0.079241157 0.749294698 -0.032095302 -0.079803437 0.996293783 -1.253083229
0.999208629 0.020496584 0.034087423 -2.393591881 -0.023394506 0.995941281 0.086911842 0.768758595 -0.032167677 -0.087640524 0.995632648 -1.249522924
0.999281704 0.020761251 0.031701833 -2.393964529 -0.023795392 0.994848192 0.098543406 0.786659539 -0.029492626 -0.099226981 0.994627655 -1.246830344
0.999186873 0.023514550 0.032750566 -2.394339323 -0.027070940 0.993253171 0.112762272 0.803337753 -0.029878048 -0.113557175 0.993082106 -1.245145917
0.999185085 0.024690863 0.031929396 -2.394780874 -0.028662622 0.991020143 0.130604491 0.815520644 -0.028417936 -0.131413236 0.990920246 -1.243832111
0.999190211 0.024027400 0.032273494 -2.395775080 -0.028539505 0.988643169 0.147547409 0.822223127 -0.028361790 -0.148349002 0.988528311 -1.244261980
0.999344647 0.021116287 0.029401198 -2.396550655 -0.025599614 0.986525059 0.161595225 0.820625961 -0.025592726 -0.162241966 0.986419082 -1.245448828
0.999419570 0.020435533 0.027255671 -2.398030519 -0.024680069 0.985847890 0.165815666 0.810760319 -0.023481416 -0.166392103 0.985780060 -1.249590039
0.999458611 0.019551046 0.026462756 -2.399748802 -0.023622509 0.986255944 0.163527325 0.792312205 -0.022901922 -0.164063916 0.986183822 -1.254978299
0.999252379 0.024795789 0.029661432 -2.400602818 -0.029112998 0.987435222 0.155319542 0.767092168 -0.025437471 -0.156066954 0.987418890 -1.259065509
0.998844028 0.032901082 0.035044737 -2.402708054 -0.037694614 0.988519132 0.146318331 0.735194802 -0.029828362 -0.147470191 0.988616586 -1.265669227
0.998446584 0.037327711 0.041364577 -2.403126240 -0.042488273 0.990356743 0.131864503 0.700827897 -0.036043491 -0.133417174 0.990404308 -1.271861076
0.997707903 0.044131365 0.051297061 -2.404372454 -0.049869012 0.991930187 0.116565585 0.662479699 -0.045738906 -0.118856534 0.991857409 -1.278430104
0.996811628 0.050979286 0.061381321 -2.404874563 -0.056963056 0.993350625 0.100048810 0.625648797 -0.055872757 -0.103226289 0.993087411 -1.283230662
0.996334016 0.055184536 0.065369718 -2.407480955 -0.060630068 0.994578898 0.084479854 0.587485671 -0.060353361 -0.088133529 0.994278610 -1.290486813
0.996170759 0.058280278 0.065170854 -2.409925461 -0.062852539 0.995532453 0.070460178 0.551847219 -0.060773265 -0.074286528 0.995383382 -1.297700286
0.996370018 0.057353895 0.062906995 -2.412701845 -0.060971599 0.996500254 0.057181247 0.517948449 -0.059407268 -0.060809217 0.996379972 -1.304967761
0.996409535 0.056444019 0.063103579 -2.414146662 -0.059292816 0.997260690 0.044221345 0.486196190 -0.060434684 -0.047804158 0.997026801 -1.311213255
0.996668816 0.051010553 0.063632846 -2.415688515 -0.052912612 0.998190343 0.028571848 0.456989586 -0.062060222 -0.031843651 0.997564316 -1.317344189
0.996750236 0.048467107 0.064342216 -2.417164564 -0.049419910 0.998689532 0.013299388 0.428019464 -0.063613310 -0.016435955 0.997839272 -1.325413823
0.996987581 0.044037238 0.063847221 -2.417768002 -0.043853417 0.999028802 -0.004278341 0.405661196 -0.063973613 0.001465535 0.997950494 -1.331421971
0.996965826 0.046178557 0.062663183 -2.417366743 -0.045046620 0.998797297 -0.019358726 0.389649779 -0.063481778 0.016477225 0.997846961 -1.336460590
0.996896088 0.046599466 0.063455731 -2.417542696 -0.044777583 0.998551309 -0.029837463 0.380911589 -0.064754218 0.026903458 0.997538507 -1.340633512
0.996358871 0.051987499 0.067574732 -2.415876150 -0.049878687 0.998225391 -0.032529525 0.381566495 -0.069145940 0.029040543 0.997183800 -1.341289639
0.995870352 0.057556983 0.070209816 -2.414471865 -0.055708554 0.998054147 -0.028008750 0.390621334 -0.071685299 0.023981797 0.997138977 -1.340846777
0.995390594 0.062264111 0.072943337 -2.411885500 -0.061128605 0.997972965 -0.017699476 0.407554686 -0.073897518 0.013158970 0.997179031 -1.337170720
0.995428801 0.059303019 0.074864455 -2.409967184 -0.059074808 0.998239696 -0.005261015 0.430427223 -0.075044669 0.000814363 0.997179866 -1.331841707
0.995708168 0.056345265 0.073420085 -2.407602549 -0.057078246 0.998338282 0.007922046 0.457524657 -0.072851710 -0.012078734 0.997269630 -1.324071527
0.996042311 0.051294800 0.072584972 -2.405257702 -0.052733045 0.998445749 0.018037772 0.487283677 -0.071546912 -0.021794012 0.997199118 -1.316502213
0.995913982 0.054893289 0.071708098 -2.401348114 -0.056833971 0.998062849 0.025308143 0.519631207 -0.070179939 -0.029280189 0.997104526 -1.307512164
0.996300817 0.051079411 0.069105297 -2.398236036 -0.053178485 0.998167217 0.028883088 0.551763117 -0.067503318 -0.032451160 0.997191191 -1.299755692
0.996702731 0.050934114 0.063161232 -2.395677328 -0.053046107 0.998072028 0.032223664 0.584961891 -0.061398175 -0.035467871 0.997482955 -1.292379975
0.996913791 0.049379516 0.061028942 -2.393250704 -0.051691722 0.997980893 0.036906660 0.617972434 -0.059083283 -0.039947450 0.997453451 -1.285804152
0.997325718 0.044494715 0.057979207 -2.392296791 -0.047231589 0.997790694 0.046721350 0.650673568 -0.055772264 -0.049334858 0.997223914 -1.279117823
0.997172296 0.041522488 0.062635951 -2.390817642 -0.045291245 0.997170329 0.060000446 0.682101846 -0.059967346 -0.062667646 0.996231258 -1.273137569
0.997045219 0.037782345 0.066883035 -2.389996052 -0.042847659 0.996187150 0.075994827 0.711438358 -0.063756756 -0.078636058 0.994862556 -1.266213655
0.996775389 0.037760407 0.070802771 -2.389116764 -0.044291042 0.994674921 0.093059793 0.738182306 -0.066911764 -0.095895633 0.993139863 -1.261388063
0.996736050 0.039058588 0.070651829 -2.388665915 -0.046709709 0.992821932 0.110103726 0.760375082 -0.065844193 -0.113044485 0.991405785 -1.257256508
0.997024119 0.037345193 0.067440726 -2.389581680 -0.045550093 0.991168320 0.124541536 0.775953114 -0.062194083 -0.127242848 0.989919782 -1.255739093
0.997203588 0.038082056 0.064302169 -2.390891314 -0.046570867 0.989592671 0.136152685 0.784180820 -0.058447979 -0.138766557 0.988598824 -1.255067945
0.997308433 0.038287602 0.062529363 -2.392143011 -0.046935216 0.988569260 0.143275663 0.783864617 -0.056328923 -0.145824865 0.987705529 -1.255791664
0.997486174 0.038243826 0.059655368 -2.394141197 -0.046594772 0.988252461 0.145554125 0.773983479 -0.053388022 -0.147967845 0.987550139 -1.257673264
0.997672439 0.036867090 0.057362694 -2.396574974 -0.044632114 0.989061952 0.140586063 0.755938411 -0.051552262 -0.142819062 0.988405347 -1.261558652
0.997735083 0.037266973 0.055999082 -2.399637699 -0.044185195 0.990805805 0.127873287 0.731994510 -0.050718766 -0.130058005 0.990208328 -1.266948104
0.997772038 0.036760505 0.055674404 -2.402231932 -0.042847682 0.992736936 0.112416178 0.704280794 -0.051137567 -0.114551231 0.992100298 -1.273114681
0.997509837 0.040365279 0.057833951 -2.404303551 -0.045942321 0.994066536 0.098595083 0.674467325 -0.053510975 -0.101006597 0.993445635 -1.277304292
0.997274399 0.041259289 0.061167695 -2.406203508 -0.046583049 0.995001256 0.088331558 0.642697096 -0.057217441 -0.090940170 0.994211257 -1.284116507
0.996637046 0.046844013 0.067232855 -2.407701015 -0.052362353 0.995188653 0.082811132 0.608914137 -0.063030176 -0.086053118 0.994294763 -1.293139458
0.996246219 0.047181506 0.072576463 -2.408818007 -0.052814100 0.995572567 0.077755786 0.576301873 -0.068586498 -0.081296973 0.994327247 -1.300688863
0.996136308 0.046079859 0.074760303 -2.409334660 -0.051549204 0.996001899 0.072958589 0.544145167 -0.071099475 -0.076530531 0.994529009 -1.308294535
0.995989025 0.042452585 0.078763463 -2.409339905 -0.047702331 0.996677816 0.066013411 0.511318088 -0.075699352 -0.069505826 0.994705260 -1.315099120
0.995702028 0.037922695 0.084494822 -2.408054113 -0.042758837 0.997504592 0.056180906 0.479463845 -0.082153447 -0.059552338 0.994838834 -1.319829702
0.995077074 0.033673376 0.093207814 -2.406979799 -0.037778959 0.998376012 0.042638954 0.447028399 -0.091620646 -0.045950342 0.994733214 -1.326047063
0.994614661 0.029112950 0.099468932 -2.407263756 -0.031862784 0.999149621 0.026168985 0.416622698 -0.098622486 -0.029197415 0.994696498 -1.334810734
0.994286716 0.029429093 0.102605186 -2.406589508 -0.030510113 0.999494076 0.008981939 0.390407443 -0.102288954 -0.012061119 0.994681597 -1.341308236
0.993951619 0.029745396 0.105713733 -2.405901909 -0.029094156 0.999547064 -0.007697565 0.370135725 -0.105894811 0.004575355 0.994366825 -1.346672297
0.993902326 0.032823492 0.105265558 -2.405523062 -0.031045953 0.999347091 -0.018481050 0.357338846 -0.105803445 0.015100289 0.994272411 -1.351180673
0.993636012 0.035314042 0.106959790 -2.404998779 -0.033029344 0.999188364 -0.023057567 0.350793839 -0.107687235 0.019378016 0.993995965 -1.353358865
0.993041754 0.039754536 0.110849902 -2.403718233 -0.037367184 0.999024451 -0.023532584 0.354145259 -0.111677289 0.019226689 0.993558526 -1.353092074
0.992846847 0.043625779 0.111139305 -2.399963856 -0.041511409 0.998911619 -0.021269076 0.366946578 -0.111946218 0.016503386 0.993577242 -1.346180558
0.992960870 0.044877980 0.109611653 -2.399000645 -0.043216135 0.998912632 -0.017491262 0.384843141 -0.110277437 0.012631147 0.993820548 -1.341475010
0.993168235 0.044477288 0.107882507 -2.397314787 -0.043298278 0.998974323 -0.013247678 0.406456620 -0.108361073 0.008486047 0.994075358 -1.334714055
0.993289292 0.045367267 0.106386833 -2.394989967 -0.044717375 0.998963594 -0.008487501 0.433292478 -0.106661625 0.003673205 0.994288564 -1.326954365
0.993840754 0.043310508 0.102003694 -2.392375946 -0.043177634 0.999061227 -0.003511191 0.462314218 -0.102060005 -0.000914713 0.994777799 -1.318537951
0.994129896 0.046709232 0.097591236 -2.389192581 -0.047234483 0.998879075 0.003077458 0.495125055 -0.097338095 -0.007669064 0.995221853 -1.310602784
0.994369090 0.047511745 0.094724394 -2.386520624 -0.048640136 0.998769879 0.009637957 0.528210044 -0.094149955 -0.014191093 0.995456874 -1.300380468
0.994243085 0.050740793 0.094371647 -2.383093357 -0.052688658 0.998443961 0.018262887 0.562411427 -0.093298122 -0.023130065 0.995369494 -1.292225003
0.993598521 0.053328846 0.099589452 -2.380285263 -0.056473542 0.997982025 0.029027145 0.596698940 -0.097840503 -0.034465495 0.994605124 -1.282469034
0.994344890 0.049069084 0.094183125 -2.378610134 -0.053581178 0.997503817 0.045990970 0.630726933 -0.091691293 -0.050777327 0.994491994 -1.275110245
0.994959414 0.040934812 0.091543041 -2.377633333 -0.047231663 0.996586323 0.067711458 0.661617339 -0.088458784 -0.071693882 0.993496358 -1.269011021
0.995625973 0.032116301 0.087735310 -2.376410723 -0.040114358 0.995044887 0.090975165 0.691451609 -0.084378794 -0.094096676 0.991980851 -1.263309121
0.995845258 0.025500629 0.087417990 -2.375522852 -0.035216291 0.993144035 0.111466512 0.718121290 -0.083976194 -0.114081934 0.989915788 -1.257724047
0.995852709 0.024122920 0.087723866 -2.374359131 -0.035159245 0.991339922 0.126526743 0.742775917 -0.083911970 -0.129086316 0.988076687 -1.253413796
0.995560229 0.029594945 0.089353256 -2.373252392 -0.041682512 0.989748597 0.136602670 0.764430106 -0.084394507 -0.139720649 0.986587882 -1.249472737
0.995582163 0.035809379 0.086797863 -2.372748137 -0.047997076 0.988605499 0.142672703 0.781728983 -0.080699816 -0.146208450 0.985956728 -1.247483492
0.995923221 0.039116412 0.081282593 -2.373404741 -0.050683849 0.988056660 0.145516902 0.793191791 -0.074619703 -0.149043381 0.986011147 -1.247004390
0.996408403 0.041334808 0.073903628 -2.374879837 -0.051796645 0.987960637 0.145777002 0.798331082 -0.066988207 -0.149081394 0.986553252 -1.247785449
0.996849298 0.041119911 0.067827724 -2.376533508 -0.050682597 0.987999380 0.145905927 0.795857191 -0.061014108 -0.148883894 0.986970544 -1.249469519
0.997082055 0.041855443 0.063839421 -2.377969503 -0.050837141 0.987936437 0.146277726 0.786200881 -0.056946769 -0.149096310 0.987181544 -1.251453996
0.997098625 0.043427978 0.062516853 -2.379467726 -0.052174438 0.987926900 0.145870924 0.769319057 -0.055427197 -0.148709476 0.987326324 -1.254978299
0.997127473 0.043367259 0.062097412 -2.381093264 -0.051887296 0.988372564 0.142924488 0.747199893 -0.055177134 -0.145736009 0.987783611 -1.259155869
0.997103572 0.043896839 0.062109306 -2.383031845 -0.052191727 0.988923430 0.138947666 0.720470965 -0.055321984 -0.141786814 0.988350153 -1.265206099
0.996815741 0.046945825 0.064455219 -2.384280682 -0.055333607 0.989269972 0.135214999 0.691145718 -0.057415836 -0.138350978 0.988717556 -1.269920707
0.995949507 0.053557951 0.072222456 -2.385015488 -0.062695250 0.989418209 0.130847052 0.658574224 -0.064450309 -0.134845063 0.988768399 -1.274919987
0.995151162 0.058715615 0.078909442 -2.385681391 -0.068218827 0.989971757 0.123701796 0.624067605 -0.070854887 -0.128485098 0.989176989 -1.279719830
0.994740486 0.060976662 0.082299329 -2.386857748 -0.070139296 0.991062284 0.113472760 0.588216782 -0.074644573 -0.118648365 0.990126610 -1.285748839
0.994551778 0.059842907 0.085355610 -2.388436317 -0.068297885 0.992656171 0.099845253 0.551221609 -0.078753740 -0.105130874 0.991335154 -1.291242361
0.994186699 0.059446707 0.089771457 -2.390037537 -0.066884309 0.994364738 0.082250848 0.514547825 -0.084376030 -0.087777004 0.992560267 -1.296103477
0.993639827 0.057775438 0.096653655 -2.391739607 -0.063881211 0.996072054 0.061316039 0.478526145 -0.092731446 -0.067100413 0.993427634 -1.301859021
0.993095040 0.058335189 0.101780489 -2.392367601 -0.062587880 0.997273266 0.039099723 0.445058018 -0.099222064 -0.045199968 0.994038224 -1.308367372
0.992357850 0.058133937 0.108840816 -2.394201279 -0.060527042 0.997989297 0.018811330 0.414188504 -0.107528396 -0.025255382 0.993881166 -1.314938068
0.991982877 0.058901906 0.111805663 -2.395715475 -0.059506029 0.998225808 0.002071094 0.386632293 -0.111485302 -0.008707601 0.993727922 -1.322158456
0.992050231 0.054877352 0.113246858 -2.398107052 -0.053932574 0.998479605 -0.011391878 0.363290310 -0.113699839 0.005193621 0.993501544 -1.328839183
0.992333293 0.052216340 0.112018190 -2.400182724 -0.050208282 0.998524725 -0.020674869 0.344927758 -0.112932496 0.014892121 0.993491054 -1.335149169
0.992427468 0.046154056 0.113831177 -2.402029276 -0.043538790 0.998729885 -0.025356365 0.333995789 -0.114856899 0.020208282 0.993176460 -1.338737488
0.992130339 0.043635797 0.117359899 -2.402416229 -0.041009080 0.998853266 -0.024705257 0.329757780 -0.118303351 0.019698013 0.992782116 -1.339269280
0.991809607 0.040945850 0.120984048 -2.402473211 -0.038636342 0.999024689 -0.021374907 0.333494455 -0.121741265 0.016525459 0.992424309 -1.337838531
0.991774559 0.040110823 0.121549822 -2.401963472 -0.038340408 0.999122322 -0.016870268 0.340015382 -0.122119822 0.012071231 0.992441952 -1.336656809
0.991203249 0.038456872 0.126637831 -2.400746822 -0.037327729 0.999239445 -0.011278282 0.355652213 -0.126975253 0.006451967 0.991884887 -1.331428170
0.990443170 0.038925532 0.132314682 -2.398450136 -0.038594153 0.999242127 -0.005069087 0.375305772 -0.132411718 -0.000085930 0.991194785 -1.324869633
0.989313066 0.044934642 0.138710201 -2.395058155 -0.045527909 0.998962462 0.001105429 0.398657650 -0.138516605 -0.007408800 0.990332425 -1.317059278
0.988363802 0.050123256 0.143612757 -2.390858412 -0.051594224 0.998646736 0.006534475 0.423624068 -0.143090889 -0.013868027 0.989612401 -1.308491111
0.987506330 0.058720332 0.146229699 -2.386970520 -0.061174106 0.998050869 0.012336350 0.450107962 -0.145220295 -0.021127693 0.989173770 -1.300909758
0.987113416 0.062670574 0.147239625 -2.383218765 -0.066238791 0.997614145 0.019452242 0.476088047 -0.145669252 -0.028954545 0.988909543 -1.292683601
0.987800658 0.065602764 0.141230881 -2.380656958 -0.070351675 0.997103691 0.028893620 0.502363503 -0.138926327 -0.038476966 0.989554942 -1.287118316
0.988336504 0.067601472 0.136458650 -2.378170729 -0.073659569 0.996487379 0.039839391 0.530647576 -0.133286133 -0.049426209 0.989844382 -1.280399799
0.989776909 0.068473227 0.125112146 -2.376465321 -0.075453408 0.995796382 0.051926658 0.555056214 -0.121030636 -0.060835943 0.990782797 -1.278659225
0.991405308 0.067058384 0.112332925 -2.375350475 -0.074655518 0.995098889 0.064844340 0.577047527 -0.107434005 -0.072673291 0.991552591 -1.278982997
0.993017972 0.062404022 0.100105137 -2.374688864 -0.070462808 0.994373560 0.079096109 0.595246911 -0.094605982 -0.085597545 0.991827965 -1.281050086
0.994530261 0.056352522 0.087942615 -2.374741554 -0.064636350 0.993435562 0.094382092 0.610111415 -0.082046658 -0.099550143 0.991644144 -1.284358144
0.995530307 0.049861364 0.080207564 -2.374516010 -0.058593288 0.992149472 0.110481694 0.620900214 -0.074069120 -0.114687502 0.990636408 -1.288171768
0.996582806 0.041286863 0.071540549 -2.375196457 -0.050144441 0.990659058 0.126807645 0.628447354 -0.065636799 -0.129961684 0.989344120 -1.292498708
0.997343063 0.033947490 0.064454280 -2.375783443 -0.043043636 0.988429487 0.145445362 0.633025944 -0.058771007 -0.147833273 0.987264574 -1.297645450
0.997841597 0.027416036 0.059669573 -2.376711607 -0.036901720 0.985738575 0.164188042 0.635911882 -0.054317217 -0.166035578 0.984622657 -1.302271962
0.997937918 0.021842228 0.060355835 -2.376986742 -0.032707524 0.982123852 0.185372397 0.636944532 -0.055227958 -0.186964229 0.980813026 -1.306686640
0.997621715 0.015900875 0.067068078 -2.377464533 -0.029630156 0.977467060 0.208998188 0.636947632 -0.062233578 -0.210488364 0.975613475 -1.310126185
0.996645629 0.012511483 0.080875963 -2.377279520 -0.031115234 0.971960783 0.233075365 0.636695504 -0.075692147 -0.234810010 0.969089746 -1.312721729
0.995580554 0.006476179 0.093687646 -2.378530264 -0.030188225 0.966740370 0.253971934 0.635416508 -0.088926859 -0.255677760 0.962663412 -1.315266013
0.994581342 -0.000122771 0.103961453 -2.380633354 -0.028335487 0.961818695 0.272216588 0.633826017 -0.100025490 -0.273687333 0.956603467 -1.318245769
0.994095802 -0.006433429 0.108314902 -2.383451462 -0.025294637 0.956997514 0.288991332 0.632040977 -0.105516300 -0.290024877 0.951184452 -1.322026610
0.993928730 -0.010864884 0.109488189 -2.385856390 -0.023451596 0.951325059 0.307295710 0.631142259 -0.107497588 -0.307997674 0.945294499 -1.326679230
0.993712068 -0.017804187 0.110540845 -2.387389183 -0.019391153 0.944990695 0.326521993 0.630335689 -0.110273533 -0.326612353 0.938703418 -1.331859946
0.993484914 -0.023751903 0.111461312 -2.388465405 -0.016428664 0.937975705 0.346311569 0.630469978 -0.112773567 -0.345886469 0.931474447 -1.337177277
0.993280053 -0.031269275 0.111431435 -2.389228582 -0.011739203 0.930624247 0.365787834 0.630686164 -0.115138710 -0.364637882 0.924003422 -1.342827439
0.993245065 -0.032760397 0.111314736 -2.389142275 -0.012584457 0.923245549 0.384004384 0.631703377 -0.115350969 -0.382811278 0.916596770 -1.349040985
0.993296921 -0.032570388 0.110907219 -2.387912750 -0.014584794 0.916498065 0.399773180 0.631835997 -0.114667021 -0.398711026 0.909879684 -1.355166912
0.993629634 -0.031629980 0.108164959 -2.385955095 -0.015849488 0.911042571 0.412007540 0.631460488 -0.111574672 -0.411097258 0.904737592 -1.360170960
0.993956208 -0.030785004 0.105372384 -2.382873535 -0.016310235 0.907806993 0.419070929 0.629712939 -0.108558893 -0.418256789 0.901818275 -1.364268541
0.993936896 -0.032344490 0.105086900 -2.378672361 -0.014901483 0.907308877 0.420200616 0.627650559 -0.108937450 -0.419218868 0.901325822 -1.366045713
0.994087696 -0.032376472 0.103640921 -2.374687910 -0.013715181 0.909422755 0.415646642 0.624700546 -0.107710592 -0.414610654 0.903601944 -1.367839813
0.994549274 -0.032996871 0.098908916 -2.370498180 -0.010372669 0.912588835 0.408746898 0.622934878 -0.103750542 -0.407544851 0.907272279 -1.367523670
0.994938672 -0.032196663 0.095186323 -2.365978718 -0.008725754 0.916015685 0.401047558 0.620860934 -0.100104555 -0.399848312 0.911098480 -1.366373897
0.995183885 -0.029664371 0.093429640 -2.362309933 -0.009597885 0.919045269 0.394035101 0.620407760 -0.097554877 -0.393034101 0.914334297 -1.364519715
0.995556116 -0.024573373 0.090907224 -2.360327005 -0.012753157 0.921277344 0.388697147 0.619995117 -0.093302362 -0.388129175 0.916869879 -1.362471104
0.995984614 -0.021310931 0.086951338 -2.359111786 -0.013818724 0.923017621 0.384509414 0.619944036 -0.088451870 -0.384166986 0.919016898 -1.360288739
0.996432483 -0.014659552 0.083110616 -2.358022690 -0.018309722 0.923789322 0.382463068 0.619033635 -0.082383439 -0.382620364 0.920225322 -1.357848763
0.996667027 -0.011874219 0.080708645 -2.357018232 -0.020077733 0.923212051 0.383766025 0.618570805 -0.079068117 -0.384107381 0.919896603 -1.355520248
0.996823907 -0.008329130 0.079200789 -2.356208324 -0.023133934 0.921344817 0.388057470 0.617022157 -0.076203421 -0.388657153 0.918225825 -1.353324294
0.996869445 -0.005398725 0.078880705 -2.353345871 -0.026080772 0.919371963 0.392523974 0.616655707 -0.074639834 -0.393352419 0.916352987 -1.350877643
0.996991634 -0.004513738 0.077377394 -2.349354267 -0.026520807 0.918179333 0.395276308 0.615652263 -0.072830498 -0.396139264 0.915297449 -1.348446488
0.996941984 -0.005956811 0.077917621 -2.343569040 -0.025556039 0.917410374 0.397121012 0.615091681 -0.073848009 -0.397897899 0.914452672 -1.345616937
0.996857345 -0.008264150 0.078785613 -2.335918665 -0.023878653 0.916938722 0.398312956 0.613953650 -0.075533301 -0.398942500 0.913859725 -1.342662096
0.996661305 -0.010641309 0.080950610 -2.326348066 -0.022686740 0.916332781 0.399774343 0.612866640 -0.078431822 -0.400276154 0.913032055 -1.339449406
0.996495903 -0.013571586 0.082533382 -2.315155983 -0.020772755 0.915676534 0.401378840 0.611445487 -0.081021227 -0.401686817 0.912185967 -1.336481571
0.996334434 -0.018064700 0.083614320 -2.302442789 -0.017280467 0.914794147 0.403550595 0.610157967 -0.083779916 -0.403516263 0.911128759 -1.333879709
0.996176422 -0.022489674 0.084420063 -2.288304806 -0.013747941 0.913905084 0.405695111 0.608533621 -0.086275868 -0.405304521 0.910101473 -1.332119107
0.995990753 -0.026421389 0.085465208 -2.272235394 -0.010688515 0.913394451 0.406935304 0.606980264 -0.088815242 -0.406217307 0.909450054 -1.330386877
0.995597839 -0.030825051 0.088514052 -2.255097866 -0.007818202 0.913769066 0.406158775 0.604940355 -0.093401276 -0.405062824 0.909505546 -1.328766346
0.995135009 -0.035140365 0.092040457 -2.236871958 -0.004862776 0.915568233 0.402133197 0.602458894 -0.098400436 -0.400624424 0.910943151 -1.326914430
0.994468451 -0.040238902 0.097022347 -2.218235016 -0.001471518 0.918279946 0.395928979 0.599383235 -0.105025418 -0.393881619 0.913141251 -1.324836016
0.993642986 -0.046420187 0.102560893 -2.199312925 0.002885779 0.921232522 0.389001697 0.596306801 -0.112539962 -0.386232823 0.915510237 -1.322822690
0.992691636 -0.051054113 0.109347396 -2.180440903 0.005201085 0.923360705 0.383898407 0.593784034 -0.120566674 -0.380524009 0.916877925 -1.320890546
0.991752625 -0.056308597 0.115135238 -2.161665440 0.008088922 0.924030066 0.382234275 0.592336297 -0.127911493 -0.378150523 0.916864693 -1.319392204
0.990796506 -0.060221300 0.121225767 -2.144142628 0.009024238 0.922976553 0.384750426 0.591757715 -0.135058701 -0.380115390 0.915025353 -1.318212271
0.989504039 -0.064056829 0.129531920 -2.126554489 0.008311555 0.920126379 0.391533345 0.592465997 -0.144266129 -0.386347204 0.911001205 -1.317378879
0.987994313 -0.066997565 0.139207125 -2.110060930 0.005537085 0.915850222 0.401481867 0.593566895 -0.154391199 -0.395891011 0.905225754 -1.316249371
0.986587644 -0.073210604 0.145893842 -2.095186472 0.006975144 0.911871910 0.410415590 0.594925106 -0.163083285 -0.403893352 0.900152206 -1.315647125
0.986144006 -0.076674148 0.147108883 -2.082650661 0.008514941 0.909004450 0.416699469 0.596570373 -0.165672690 -0.409673095 0.897062182 -1.314414740
0.985974908 -0.076397613 0.148380890 -2.071171522 0.007076930 0.907413542 0.420179188 0.598257959 -0.166743532 -0.413236082 0.895227671 -1.313937306
0.986166120 -0.076038614 0.147290751 -2.061877489 0.007090863 0.907115936 0.420821130 0.599776030 -0.165608451 -0.413955092 0.895106137 -1.313190699
0.986384928 -0.076357603 0.145651385 -2.054790020 0.008370128 0.907833815 0.419246554 0.601080954 -0.164239928 -0.412319362 0.896112680 -1.312514067
0.986670792 -0.077331267 0.143180370 -2.049277782 0.011194348 0.910040379 0.414368540 0.603858650 -0.162343562 -0.407242507 0.898775935 -1.310029149
0.987165570 -0.077239446 0.139778987 -2.046721220 0.013123609 0.911534250 0.411014706 0.604830682 -0.159159884 -0.403905183 0.900848866 -1.309867859
0.987213492 -0.079248779 0.138308316 -2.046368361 0.016088925 0.912766933 0.408163846 0.605572224 -0.158589751 -0.400719643 0.902370811 -1.309939981
0.987149835 -0.080526263 0.138024285 -2.047880411 0.017547667 0.913148522 0.407249093 0.606379449 -0.158830926 -0.399593890 0.902827501 -1.310465574
0.986728966 -0.079285324 0.141703203 -2.051313639 0.014732514 0.912800610 0.408139735 0.606458426 -0.161706254 -0.400635630 0.901854873 -1.311322570
0.986482263 -0.078098655 0.144060284 -2.056878090 0.012711886 0.912945628 0.407883227 0.605790138 -0.163374335 -0.400538266 0.901597440 -1.312602043
0.986505330 -0.078125641 0.143887639 -2.065180779 0.012951076 0.913295388 0.407091856 0.604731441 -0.163216233 -0.399734795 0.901982546 -1.314177513
0.986808956 -0.077005804 0.142401487 -2.075262547 0.012683637 0.913695931 0.406200528 0.603724480 -0.161391467 -0.399036169 0.902620077 -1.316360831
0.987363040 -0.077331781 0.138325736 -2.087394476 0.014483072 0.913237154 0.407170892 0.603748918 -0.157811448 -0.400022089 0.902816653 -1.318790913
0.988226116 -0.074279949 0.133759767 -2.100669384 0.013098866 0.912108302 0.409739971 0.604677022 -0.152438849 -0.403163612 0.902342200 -1.321375489
0.988909543 -0.072434738 0.129657656 -2.115480900 0.012631048 0.910859168 0.412523925 0.605951548 -0.147980928 -0.406311154 0.901672244 -1.323337674
0.989575982 -0.071367249 0.125084177 -2.131867647 0.013301486 0.910152733 0.414059281 0.607348442 -0.143395975 -0.408079326 0.901614606 -1.325016260
0.990332782 -0.070150547 0.119665667 -2.150154352 0.014472051 0.910237968 0.413832605 0.608197391 -0.137954816 -0.408100188 0.902453721 -1.326919556
0.991122544 -0.067082465 0.114786953 -2.169526815 0.013882037 0.910871208 0.412457168 0.608614862 -0.132224768 -0.407202125 0.903716266 -1.329027653
0.991953313 -0.063493237 0.109532103 -2.190010786 0.013248514 0.912460566 0.408950210 0.609024346 -0.125909299 -0.404208362 0.905959427 -1.330816269
0.992824376 -0.059399672 0.103785351 -2.211270094 0.012474390 0.914615571 0.404132098 0.608632207 -0.118929014 -0.399937540 0.908793628 -1.333605051
0.993662000 -0.053907104 0.098640226 -2.233277798 0.010130683 0.916883469 0.399026453 0.608053267 -0.111951955 -0.395498097 0.911618352 -1.336545348
0.994234145 -0.050618544 0.094531462 -2.255623341 0.009285284 0.918899298 0.394382983 0.607012331 -0.106827974 -0.391231269 0.914071083 -1.338964939
0.994716823 -0.047947824 0.090771608 -2.279268742 0.008580470 0.919960439 0.391917348 0.606122136 -0.102297865 -0.389067888 0.915511489 -1.340971828
0.995187402 -0.045188501 0.086948216 -2.302993774 0.007497862 0.919834375 0.392235279 0.605876803 -0.097702488 -0.389695704 0.915746391 -1.343211055
0.995784163 -0.040467083 0.082318738 -2.327121496 0.004718667 0.918836296 0.394610763 0.606296539 -0.091606185 -0.392558694 0.915153503 -1.345232964
0.996302009 -0.037225462 0.077437773 -2.351304054 0.003276488 0.917076707 0.398697317 0.607716084 -0.085858077 -0.396969199 0.913807333 -1.347282052
0.996761024 -0.032181755 0.073701054 -2.375357389 -0.000154374 0.915674925 0.401919693 0.609346509 -0.080420688 -0.400629252 0.912704110 -1.348886251
0.997024357 -0.027848944 0.071880609 -2.398999929 -0.003459726 0.915357053 0.402628243 0.611106932 -0.077009186 -0.401678860 0.912536979 -1.349909544
0.997223496 -0.026148170 0.069724657 -2.422830582 -0.004016992 0.916070402 0.400997400 0.613095224 -0.074358039 -0.400164127 0.913421869 -1.351163149
0.997504354 -0.024610918 0.066176839 -2.446798086 -0.003816216 0.917118669 0.398596078 0.615205765 -0.070501827 -0.397853881 0.914735913 -1.352234244
0.997694433 -0.021821383 0.064262226 -2.470526457 -0.005431016 0.918188810 0.396105886 0.617428422 -0.067648426 -0.395541668 0.915953338 -1.353652120
0.997921944 -0.019077986 0.061544977 -2.493894100 -0.006714647 0.919170260 0.393803239 0.619664013 -0.064083286 -0.393398166 0.917132080 -1.354664683
0.998114228 -0.016919641 0.059006009 -2.516782284 -0.007620003 0.919674575 0.392607510 0.622274458 -0.060909104 -0.392316759 0.917811334 -1.356019616
0.998515725 -0.015211739 0.052296743 -2.539339066 -0.006600807 0.919327080 0.393438965 0.625300407 -0.054062702 -0.393200189 0.917862117 -1.357057333
0.998924434 -0.012239204 0.044723533 -2.560691833 -0.006526868 0.917815387 0.396953851 0.628086150 -0.045906343 -0.396818787 0.916748285 -1.359861732
0.999260008 -0.008788493 0.037445709 -2.580353737 -0.007060007 0.915096521 0.403173089 0.631830275 -0.037809722 -0.403139114 0.914357305 -1.360795856
0.999555469 -0.005836971 0.029236380 -2.598094940 -0.006636408 0.912481070 0.409065127 0.635650039 -0.029065344 -0.409077287 0.912036717 -1.361799836
0.999790967 -0.004942255 0.019838633 -2.614638090 -0.003685229 0.910885096 0.412643611 0.639002204 -0.020110106 -0.412630498 0.910676479 -1.362349987
0.999934793 -0.003388357 0.010903758 -2.629395485 -0.001403870 0.911224842 0.411906958 0.641867757 -0.011331462 -0.411895394 0.911160707 -1.363426447
0.999988019 -0.001203463 0.004742046 -2.641886473 -0.000831621 0.913353860 0.407165885 0.642985046 -0.004821175 -0.407164931 0.913341939 -1.363675237
0.999999166 0.000670643 -0.001086895 -2.651778698 -0.000178932 0.916209698 0.400699109 0.643781245 0.001264550 -0.400698572 0.916209102 -1.364853501
0.999975502 0.001219773 -0.006894948 -2.658967972 0.001598517 0.918937147 0.394400746 0.643605590 0.006817104 -0.394402117 0.918912709 -1.365395427
0.999952912 0.002613970 -0.009342973 -2.663260698 0.001234169 0.920922160 0.389744669 0.643297553 0.009622932 -0.389737874 0.920875549 -1.367393732
0.999947131 0.004527139 -0.009230273 -2.663665771 -0.000585247 0.921435356 0.388531327 0.642793536 0.010264035 -0.388505399 0.921389282 -1.368405342
0.999951959 0.006801130 -0.007061024 -2.661101818 -0.003507548 0.920750380 0.390136510 0.642108917 0.009154809 -0.390092999 0.920729935 -1.370001674
0.999974966 0.006624762 -0.002478885 -2.655337334 -0.005121673 0.919855475 0.392223954 0.641293943 0.004878607 -0.392201424 0.919866443 -1.371207237
0.999970675 0.007055656 0.002986667 -2.646706343 -0.007661691 0.919285178 0.393517524 0.640090942 0.000030925 -0.393528849 0.919312239 -1.373038888
0.999923527 0.006215121 0.010691094 -2.635052919 -0.009917746 0.919448912 0.393084437 0.638592482 -0.007386848 -0.393160433 0.919440210 -1.374459267
0.999821305 0.006681285 0.017683066 -2.620765209 -0.013062456 0.920376122 0.390816063 0.636685967 -0.013663918 -0.390977234 0.920298934 -1.376262069
0.999656498 0.006867422 0.025292840 -2.604639292 -0.016144121 0.921583712 0.387843847 0.634412110 -0.020645984 -0.388118923 0.921378016 -1.377679706
0.999498844 0.006443629 0.030992026 -2.586759329 -0.017881997 0.922812700 0.384833694 0.632230341 -0.026120109 -0.385195017 0.922465503 -1.379335284
0.999279916 0.004901274 0.037624512 -2.567831755 -0.018955220 0.923498034 0.383134604 0.629996657 -0.032868315 -0.383571923 0.922925949 -1.380316973
0.999040186 0.002913890 0.043706100 -2.547642469 -0.019455023 0.923486769 0.383136690 0.628079891 -0.039245587 -0.383619249 0.922657073 -1.380781293
0.998793244 -0.001189294 0.049097922 -2.526523590 -0.017875940 0.922329903 0.385989666 0.626667976 -0.045743536 -0.386401534 0.921195626 -1.380871177
0.998715281 -0.005560870 0.050366860 -2.504711151 -0.014596182 0.920262694 0.391028732 0.625554860 -0.048525203 -0.391261548 0.918999314 -1.380906940
0.998581886 -0.010545982 0.052182786 -2.481965542 -0.011045219 0.917816281 0.396851748 0.624981523 -0.052079402 -0.396865338 0.916398168 -1.380109668
0.998416543 -0.013617987 0.054579940 -2.458409548 -0.009475989 0.915675044 0.401807636 0.624212503 -0.055449303 -0.401688606 0.914096117 -1.379340649
0.998218477 -0.015065817 0.057731159 -2.434413433 -0.009567352 0.914655745 0.404120505 0.623602927 -0.058892541 -0.403952897 0.912882090 -1.378320217
0.998178959 -0.015756076 0.058228586 -2.410637856 -0.009143132 0.914615512 0.404221296 0.623068273 -0.059625711 -0.404017568 0.912805915 -1.376787424
0.998270512 -0.016871246 0.056314446 -2.387589216 -0.007251372 0.915280461 0.402751982 0.622112453 -0.058338441 -0.402463794 0.913575172 -1.375263691
0.998368621 -0.017710891 0.054281425 -2.364306211 -0.005694230 0.915052950 0.403293550 0.620199978 -0.056813065 -0.402944684 0.913459301 -1.372010589
0.998321354 -0.021042593 0.053959779 -2.342552423 -0.002514862 0.915036559 0.403363168 0.618935049 -0.057862975 -0.402821779 0.913447618 -1.370343804
0.998235106 -0.023257151 0.054642532 -2.321742058 -0.000853316 0.914411902 0.404784083 0.617807329 -0.059379909 -0.404116333 0.912778199 -1.368223190
0.998073816 -0.025620271 0.056499705 -2.302024364 0.000393758 0.913336873 0.407204628 0.617679000 -0.062035955 -0.406398058 0.911587715 -1.366301179
0.997834623 -0.027404811 0.059791956 -2.284172535 0.000488937 0.912129343 0.409902215 0.618177056 -0.065771289 -0.408985376 0.910167634 -1.363652468
0.997482836 -0.030269790 0.064122602 -2.268354654 0.001130692 0.910979867 0.412449330 0.619307160 -0.070899159 -0.411338657 0.908720970 -1.361569643
0.997130632 -0.033348337 0.067958608 -2.255036592 0.002264561 0.910475314 0.413557291 0.621285260 -0.075666085 -0.412216723 0.907938361 -1.358603477
0.996872306 -0.037044309 0.069809087 -2.243815422 0.004855251 0.910373747 0.413758516 0.623675227 -0.078879751 -0.412125468 0.907706261 -1.355693817
0.996446729 -0.037932403 0.075199947 -2.233367443 0.003596786 0.911192715 0.411964744 0.626640975 -0.084148452 -0.410230428 0.908091426 -1.350959897
0.995395958 -0.041006468 0.086633265 -2.223860502 0.002404669 0.914259851 0.405121207 0.629070520 -0.095817909 -0.403047681 0.910149157 -1.346306324
0.993721843 -0.045142427 0.102367505 -2.215561628 0.001225915 0.919321418 0.393505573 0.631398082 -0.111872435 -0.390909553 0.913605094 -1.340700626
0.992124081 -0.047195792 0.116027340 -2.208851099 0.000096677 0.926588595 0.376076609 0.632998645 -0.125258833 -0.373103470 0.919295430 -1.335183501
0.990762115 -0.045904376 0.127605751 -2.204352140 -0.002584048 0.934405267 0.356202364 0.634305894 -0.135586724 -0.353241563 0.925654709 -1.330163240
0.989256144 -0.043664526 0.139519393 -2.200234890 -0.005835902 0.941798210 0.336128026 0.634276211 -0.146075994 -0.333330959 0.931424856 -1.325875044
0.987487674 -0.042802341 0.151776299 -2.196732283 -0.007356679 0.948908627 0.315465212 0.633170128 -0.157524481 -0.312634587 0.936720669 -1.321251869
0.985884070 -0.043217100 0.161755651 -2.193612814 -0.007147374 0.954368472 0.298546106 0.631675422 -0.167276800 -0.295487970 0.940587759 -1.317594290
0.984142601 -0.046248250 0.171243906 -2.190290213 -0.005138287 0.957573295 0.288143992 0.630022466 -0.177304745 -0.284454703 0.942151010 -1.313552141
0.982522309 -0.053974546 0.178147882 -2.187093258 0.000427386 0.957690418 0.287800163 0.628511250 -0.186144412 -0.282693952 0.940975249 -1.309808254
0.980702221 -0.062117428 0.185376823 -2.182155609 0.004774375 0.955509603 0.294921279 0.626784027 -0.195449084 -0.288344920 0.937366962 -1.304638267
0.978230238 -0.072480731 0.194453612 -2.176136255 0.010535188 0.953160167 0.302282453 0.624804616 -0.207255080 -0.293653250 0.933173656 -1.297688007
0.975687861 -0.082246304 0.203146994 -2.169131517 0.015678834 0.950733781 0.309611768 0.622702062 -0.218603134 -0.298899323 0.928908944 -1.289096117
0.973165572 -0.091859818 0.210975200 -2.161738873 0.020550136 0.947892725 0.317926258 0.620382667 -0.229186505 -0.305059344 0.924344301 -1.279493332
0.971284389 -0.098879293 0.216401234 -2.154342175 0.023212813 0.944593132 0.327421695 0.617945075 -0.236786351 -0.312996298 0.919763863 -1.269197702
0.970201969 -0.103256606 0.219194442 -2.147719860 0.024215035 0.941441178 0.336306661 0.615096807 -0.241084546 -0.320977598 0.915888429 -1.258243561
0.970122159 -0.106098250 0.218188494 -2.142433882 0.025225822 0.938547850 0.344226032 0.611982584 -0.241302133 -0.328437299 0.913182497 -1.245161414
0.970581949 -0.111502990 0.213395715 -2.139286041 0.030306708 0.935830593 0.351144671 0.608173370 -0.238855928 -0.334347367 0.911679626 -1.232246518
0.972413778 -0.111796454 0.204726696 -2.138003111 0.032324951 0.933782101 0.356379092 0.603708446 -0.231012046 -0.339930177 0.911636412 -1.218579292
0.974798322 -0.109236896 0.194513425 -2.139258862 0.033372942 0.933507502 0.357001424 0.598633111 -0.220577464 -0.341512918 0.913627148 -1.204069734
0.978025734 -0.102281928 0.181670234 -2.142773390 0.032452796 0.935453057 0.351957917 0.593430459 -0.205942914 -0.338328183 0.918216527 -1.188534379
0.981379330 -0.092275158 0.168463439 -2.148729324 0.029402349 0.938880503 0.342985362 0.588229239 -0.189816058 -0.331645519 0.924111009 -1.173270941
0.984964132 -0.079614013 0.153320849 -2.156846046 0.024356635 0.942614377 0.332993865 0.583658040 -0.171033412 -0.324252605 0.930380464 -1.157519817
0.988098443 -0.065775111 0.139050782 -2.167433500 0.017206965 0.945556462 0.325002939 0.580052674 -0.152857482 -0.318742245 0.935434639 -1.142736912
0.991043150 -0.053102456 0.122529969 -2.180254221 0.011169879 0.947286069 0.320194244 0.577414453 -0.133074030 -0.315957665 0.939394534 -1.126396656
0.994012237 -0.040488854 0.101490349 -2.196271181 0.006074861 0.947855651 0.318642110 0.575264692 -0.109099656 -0.316117615 0.942426085 -1.114028931
0.996623278 -0.029587939 0.076593630 -2.215441465 0.003586504 0.947615027 0.319394559 0.572757542 -0.082031496 -0.318041354 0.944521308 -1.103907704
0.998672128 -0.019647438 0.047622886 -2.237879515 0.003215148 0.946386337 0.323020935 0.572726190 -0.051416185 -0.322438896 0.945192873 -1.096406102
0.999767721 -0.008425359 0.019838402 -2.262710094 0.001441307 0.944504559 0.328495145 0.573498905 -0.021505149 -0.328390241 0.944297314 -1.091221333
0.999969363 0.002707526 -0.007344806 -2.289830208 -0.000093678 0.942350924 0.334626287 0.575510085 0.007827394 -0.334615320 0.942322314 -1.090120435
0.999274909 0.014525721 -0.035194732 -2.319042683 -0.001666104 0.940162420 0.340722591 0.578377128 0.038038008 -0.340416878 0.939504921 -1.092239261
0.997759700 0.027060151 -0.061183028 -2.349994183 -0.004203688 0.938095927 0.346350104 0.581900537 0.066767834 -0.345316976 0.936108053 -1.098675370
0.995506644 0.041607350 -0.085060708 -2.379425049 -0.009232761 0.936662376 0.350111902 0.586434484 0.094240390 -0.347753406 0.932837784 -1.106969118
0.992613792 0.050401561 -0.110351965 -2.411104918 -0.008285861 0.935656250 0.352815419 0.591118097 0.121033952 -0.349295110 0.929162920 -1.120387912
