1.000000000 0.000000000 0.000000000 0.000000000 0.000000000 1.000000000 0.000000000 -0.000000238 0.000000000 0.000000000 1.000000000 -0.000000030
0.999999821 0.000561940 0.000115463 -0.000227486 -0.000561950 0.999999821 0.000084135 -0.000350854 -0.000115415 -0.000084200 1.000000000 -0.000060831
0.999999940 -0.000167519 0.000201307 -0.000122707 0.000167554 1.000000000 -0.000174902 -0.000277325 -0.000201278 0.000174936 0.999999940 -0.000092991
1.000000000 0.000222812 -0.000008116 0.000017684 -0.000222815 0.999999940 -0.000357163 0.000165425 0.000008037 0.000357165 0.999999940 -0.000573665
1.000000000 -0.000003063 0.000094667 0.000033381 0.000003114 0.999999881 -0.000537008 0.000191938 -0.000094665 0.000537008 0.999999881 -0.000496078
1.000000000 -0.000092982 0.000085230 0.000156155 0.000093018 0.999999881 -0.000413466 0.000268409 -0.000085192 0.000413474 0.999999940 -0.000775301
0.999999881 0.000095322 0.000498532 -0.000024359 -0.000095078 0.999999881 -0.000488318 0.000174814 -0.000498579 0.000488270 0.999999762 -0.000593028
0.999999881 0.000203960 0.000496366 0.000125234 -0.000203731 0.999999881 -0.000462257 0.000284268 -0.000496460 0.000462156 0.999999762 -0.000398380
0.999999583 0.000126027 0.000919906 0.000018396 -0.000125652 0.999999881 -0.000407916 0.000167886 -0.000919958 0.000407800 0.999999523 -0.000806209
0.999999225 -0.000543932 0.001135128 -0.000047972 0.000544254 0.999999821 -0.000283292 0.000075972 -0.001134974 0.000283910 0.999999344 -0.000637754
0.999998391 -0.000266866 0.001759633 -0.001690420 0.000266399 0.999999940 0.000265646 -0.000834798 -0.001759704 -0.000265177 0.999998391 0.000602804
0.999999464 -0.000414500 0.000933382 0.000208687 0.000414715 0.999999881 -0.000230312 -0.000007289 -0.000933287 0.000230699 0.999999523 -0.000853426
0.999999166 -0.000712364 0.001097111 -0.000481815 0.000712060 0.999999702 0.000276973 -0.000301334 -0.001097308 -0.000276191 0.999999344 -0.000385865
0.999998748 -0.001074491 0.001160885 -0.001346305 0.001073880 0.999999285 0.000527325 -0.000804241 -0.001161451 -0.000526077 0.999999166 0.000713315
0.999998748 -0.000826386 0.001356454 -0.001818143 0.000825819 0.999999583 0.000418093 -0.000695784 -0.001356799 -0.000416972 0.999998987 0.000464596
0.999999642 -0.000419483 0.000756080 -0.000229638 0.000419653 0.999999881 -0.000225296 0.000270391 -0.000755985 0.000225613 0.999999702 -0.000534956
0.999999762 -0.000387543 0.000547624 -0.000508372 0.000387816 0.999999821 -0.000499419 0.000490472 -0.000547430 0.000499631 0.999999702 0.000765517
0.999999762 -0.000604063 0.000331012 -0.000766632 0.000603855 0.999999642 0.000627525 -0.000996246 -0.000331391 -0.000627325 0.999999762 0.000230558
0.999999940 -0.000324731 0.000190697 -0.000076570 0.000324751 0.999999940 -0.000108605 0.000391067 -0.000190661 0.000108666 1.000000000 -0.000782611
0.999999821 -0.000064582 0.000592424 -0.000377368 0.000064513 1.000000000 0.000116586 -0.000077983 -0.000592431 -0.000116548 0.999999821 -0.000637431
0.999999762 -0.000264913 0.000615085 -0.000321847 0.000264966 0.999999940 -0.000086114 0.000005848 -0.000615062 0.000086277 0.999999821 -0.000403069
0.999999821 -0.000405933 0.000365169 -0.000033833 0.000405949 0.999999940 -0.000041976 -0.000013340 -0.000365152 0.000042124 0.999999940 -0.000605154
0.999999464 -0.001016383 0.000307459 0.000354399 0.001016379 0.999999464 0.000013048 -0.000046583 -0.000307473 -0.000012736 0.999999940 -0.000291669
0.999999762 -0.000250778 0.000617100 -0.000459648 0.000250645 0.999999940 0.000216029 -0.000143872 -0.000617154 -0.000215874 0.999999762 -0.000741386
0.999999583 -0.000544719 0.000721275 0.000051045 0.000544728 0.999999881 -0.000012213 -0.000025952 -0.000721269 0.000012606 0.999999762 -0.000648685
0.999999344 -0.000940281 0.000690463 -0.000053187 0.000940126 0.999999523 0.000224061 -0.000319778 -0.000690674 -0.000223412 0.999999762 -0.000009144
0.999999106 -0.000821492 0.001052903 -0.000826917 0.000821281 0.999999642 0.000200979 -0.000273280 -0.001053068 -0.000200114 0.999999404 0.000037717
0.999999523 -0.000524020 0.000794264 0.000155886 0.000524015 0.999999881 0.000006527 -0.000039738 -0.000794267 -0.000006111 0.999999702 -0.000676756
0.999999583 -0.000571539 0.000744592 -0.000001542 0.000571577 0.999999821 -0.000051318 -0.000189894 -0.000744563 0.000051743 0.999999702 -0.000606477
0.999999702 -0.000405485 0.000665572 -0.000439723 0.000405480 0.999999940 0.000006546 -0.000643236 -0.000665575 -0.000006276 0.999999762 -0.000411344
0.999999583 -0.000460520 0.000810481 0.000567485 0.000460730 0.999999881 -0.000258931 -0.000237383 -0.000810362 0.000259304 0.999999642 -0.000369553
0.999999523 -0.000565860 0.000810387 0.000387614 0.000566050 0.999999821 -0.000234250 -0.000381067 -0.000810254 0.000234708 0.999999642 -0.000330623
0.999999702 -0.000316740 0.000704353 -0.000664696 0.000316769 0.999999940 -0.000042273 -0.000721103 -0.000704340 0.000042496 0.999999762 -0.000279635
0.999999583 -0.000683015 0.000596388 -0.000088152 0.000682967 0.999999762 0.000079595 -0.000298572 -0.000596442 -0.000079188 0.999999821 -0.000235872
0.999999642 -0.000588302 0.000588574 -0.000237484 0.000588284 0.999999821 0.000030140 -0.000378122 -0.000588592 -0.000029793 0.999999821 -0.000318029
0.999999881 -0.000282276 0.000429256 -0.000425404 0.000282301 0.999999940 -0.000059370 -0.000738276 -0.000429239 0.000059491 0.999999881 -0.000956510
0.999999702 -0.000485289 0.000613554 0.000421968 0.000485417 0.999999881 -0.000209078 -0.000173808 -0.000613452 0.000209376 0.999999762 -0.000191999
0.999999702 -0.000397904 0.000640227 0.000452885 0.000397971 0.999999940 -0.000104762 -0.000189879 -0.000640185 0.000105017 0.999999762 -0.000289139
0.999999821 0.000523375 0.000343887 0.000271934 -0.000523613 0.999999642 0.000693364 -0.000268746 -0.000343524 -0.000693544 0.999999702 -0.000624158
1.000000000 -0.000075262 0.000028860 0.000370771 0.000075247 0.999999881 0.000501618 -0.000377612 -0.000028897 -0.000501616 0.999999881 0.000059642
0.999999762 -0.000659416 0.000101860 0.000277801 0.000659387 0.999999762 0.000281487 -0.000279887 -0.000102045 -0.000281420 0.999999940 -0.000027515
0.999999940 -0.000098822 0.000323702 -0.000323644 0.000098649 0.999999881 0.000532961 -0.000016762 -0.000323754 -0.000532929 0.999999821 -0.000627579
0.999999881 -0.000130929 0.000473070 -0.000150780 0.000130705 0.999999881 0.000473125 -0.000125775 -0.000473132 -0.000473063 0.999999762 -0.000245295
0.999999762 -0.000471297 0.000500070 -0.000149564 0.000471146 0.999999821 0.000301061 -0.000120381 -0.000500212 -0.000300826 0.999999821 -0.000421552
0.999999940 -0.000017901 0.000420047 0.000341745 0.000017990 1.000000000 -0.000212521 0.000371242 -0.000420043 0.000212529 0.999999881 -0.001139321
0.999999762 -0.000386063 0.000574230 -0.000239868 0.000385937 0.999999881 0.000219829 0.000164342 -0.000574315 -0.000219607 0.999999821 -0.000337965
0.999999762 -0.000324619 0.000631366 -0.000123352 0.000324603 0.999999940 0.000025636 0.000008706 -0.000631374 -0.000025431 0.999999821 -0.000400034
0.999999762 -0.000527049 0.000486108 0.000365724 0.000527014 0.999999881 0.000072450 -0.000872660 -0.000486146 -0.000072194 0.999999881 -0.000851469
0.999999702 -0.000328544 0.000719280 -0.000289847 0.000328515 0.999999940 0.000040873 0.000016281 -0.000719293 -0.000040637 0.999999762 -0.000558765
0.999999642 -0.000517567 0.000679807 -0.000228301 0.000517480 0.999999881 0.000127590 -0.000217708 -0.000679873 -0.000127239 0.999999762 -0.000539897
0.999999702 -0.000198015 0.000708964 -0.000028909 0.000197979 1.000000000 0.000050229 -0.000653246 -0.000708974 -0.000050089 0.999999762 -0.000363384
0.999999642 -0.000472886 0.000671928 0.000539363 0.000472898 0.999999881 -0.000018388 -0.000199988 -0.000671919 0.000018706 0.999999762 -0.001115446
0.999999702 -0.000356974 0.000648518 0.000660249 0.000356907 0.999999940 0.000103239 -0.000357103 -0.000648554 -0.000103007 0.999999762 -0.001138523
0.999999881 -0.000094484 0.000525507 0.000539673 0.000094264 0.999999881 0.000418433 -0.000561930 -0.000525546 -0.000418383 0.999999762 -0.000595131
0.999997675 -0.002158280 0.000051413 0.001920038 0.002158234 0.999997258 0.000887402 -0.000601937 -0.000053328 -0.000887288 0.999999583 -0.001087625
0.999997795 -0.002088062 0.000316624 0.002063117 0.002087770 0.999997377 0.000921337 -0.000743875 -0.000318547 -0.000920673 0.999999523 -0.001206895
0.999999881 0.000131701 0.000482613 0.000671262 -0.000131861 0.999999940 0.000330454 -0.000155347 -0.000482570 -0.000330518 0.999999821 -0.001159843
0.999999583 0.000042496 0.000898021 -0.000349160 -0.000042746 0.999999940 0.000279355 -0.000260764 -0.000898009 -0.000279393 0.999999583 -0.001443816
0.999999583 -0.000066487 0.000914319 -0.000159894 0.000066270 0.999999940 0.000237077 -0.000241734 -0.000914335 -0.000237016 0.999999583 -0.001586505
0.999999762 -0.000416090 0.000574053 0.000843786 0.000415874 0.999999821 0.000376297 -0.000085032 -0.000574210 -0.000376058 0.999999762 -0.001465066
0.999999762 -0.000176877 0.000678537 0.000143033 0.000176602 0.999999881 0.000405769 -0.000440137 -0.000678609 -0.000405650 0.999999702 -0.000140362
0.999999642 0.000026196 0.000822984 0.000259788 -0.000026515 0.999999940 0.000387269 -0.000470552 -0.000822974 -0.000387291 0.999999583 -0.000211380
0.999999940 -0.000191094 0.000355376 0.001067690 0.000190971 0.999999940 0.000346855 -0.000589687 -0.000355443 -0.000346787 0.999999881 -0.001037146
0.999999762 0.000117880 0.000722735 0.000333455 -0.000117998 1.000000000 0.000163385 -0.000540872 -0.000722715 -0.000163470 0.999999702 -0.000699315
0.999999702 -0.000124077 0.000759044 0.000449755 0.000123832 0.999999940 0.000323482 -0.000569027 -0.000759085 -0.000323388 0.999999642 -0.000764535
0.999999881 -0.000232004 0.000476819 0.000623817 0.000231932 0.999999940 0.000151805 -0.000642854 -0.000476855 -0.000151694 0.999999881 -0.001189783
0.999999642 -0.000355250 0.000761841 -0.000207946 0.000355238 0.999999940 0.000015581 -0.000177491 -0.000761847 -0.000015311 0.999999702 -0.000768054
0.999999762 -0.000438925 0.000483898 -0.000303388 0.000438868 0.999999881 0.000118364 -0.000156214 -0.000483950 -0.000118152 0.999999881 -0.000864677
0.999999940 -0.000091204 0.000398020 0.000271964 0.000091223 1.000000000 -0.000048623 -0.000273465 -0.000398016 0.000048659 0.999999940 -0.001251268
0.999999702 -0.000275693 0.000711833 0.000277140 0.000276238 0.999999642 -0.000765456 0.001115937 -0.000711622 0.000765652 0.999999464 -0.000099527
0.999999821 -0.000333910 0.000525800 0.000194774 0.000334208 0.999999762 -0.000565086 0.001059007 -0.000525611 0.000565262 0.999999702 -0.000082201
0.999999762 -0.000457918 0.000567437 0.000086285 0.000457875 0.999999881 0.000076832 -0.000513356 -0.000567472 -0.000076573 0.999999821 -0.000970803
0.999999881 -0.000055485 0.000436857 0.000053906 0.000055544 1.000000000 -0.000135733 0.000188887 -0.000436850 0.000135758 0.999999881 -0.000468394
0.999999940 -0.000131047 0.000297218 0.000068745 0.000131048 1.000000000 -0.000004198 0.000082673 -0.000297218 0.000004237 0.999999940 -0.000477782
0.999999821 -0.000202725 0.000511641 0.000062017 0.000202841 0.999999940 -0.000226901 -0.000023541 -0.000511595 0.000227005 0.999999821 -0.000442697
0.999999702 -0.000399602 0.000701841 0.000126759 0.000399719 0.999999881 -0.000165804 0.000028987 -0.000701774 0.000166084 0.999999762 -0.000436521
0.999999762 -0.000505314 0.000503136 0.000089962 0.000505279 0.999999881 0.000070290 0.000001313 -0.000503171 -0.000070035 0.999999881 -0.000418511
0.999999762 -0.000451296 0.000525591 -0.000046403 0.000451217 0.999999881 0.000149047 -0.000417057 -0.000525658 -0.000148810 0.999999821 -0.000659934
0.999999762 -0.000345786 0.000590853 0.000187629 0.000346231 0.999999642 -0.000753557 0.001384421 -0.000590593 0.000753762 0.999999523 0.000800510
0.999999702 -0.000572440 0.000471032 0.000124781 0.000572680 0.999999702 -0.000510535 0.001302147 -0.000470740 0.000510804 0.999999762 0.000943259
0.999999762 -0.000418363 0.000562252 -0.000045541 0.000418237 0.999999881 0.000224343 -0.000495650 -0.000562345 -0.000224108 0.999999821 0.000316112
0.999999642 -0.000433956 0.000717447 -0.000333651 0.000433911 0.999999881 0.000063999 -0.000088878 -0.000717475 -0.000063687 0.999999762 -0.000531235
0.999999642 -0.000550261 0.000675992 -0.000336154 0.000550202 0.999999821 0.000087693 -0.000035711 -0.000676040 -0.000087321 0.999999762 -0.000527058
0.999999762 -0.000348720 0.000566930 0.000420171 0.000348995 0.999999821 -0.000484182 0.001260520 -0.000566761 0.000484379 0.999999702 -0.000175698
0.999999523 -0.000206886 0.000969801 -0.000404766 0.000206465 0.999999881 0.000434128 -0.000055383 -0.000969891 -0.000433928 0.999999464 -0.000432645
1.000000000 0.000072831 0.000169337 -0.000609459 -0.000072969 0.999999642 0.000814262 -0.000070171 -0.000169277 -0.000814274 0.999999642 -0.000411576
0.999998808 -0.000809278 0.001333354 -0.000657169 0.000808517 0.999999523 0.000571141 -0.000080072 -0.001333815 -0.000570063 0.999998927 -0.000360954
0.999999702 0.000092881 0.000764686 -0.000069232 -0.000093234 0.999999881 0.000461815 0.000221710 -0.000764643 -0.000461886 0.999999583 0.000477630
0.999999821 0.000105696 0.000617346 -0.000043036 -0.000106059 0.999999821 0.000588619 0.000239815 -0.000617284 -0.000588684 0.999999642 0.000215711
0.999999583 -0.000485975 0.000790448 0.000299823 0.000485274 0.999999464 0.000885923 -0.000422792 -0.000790878 -0.000885540 0.999999285 -0.001179354
0.999999523 -0.000392227 0.000886677 -0.000151807 0.000391834 0.999999821 0.000443532 0.000792475 -0.000886851 -0.000443185 0.999999523 0.001767967
0.999999464 -0.000419302 0.000950068 0.000041585 0.000418714 0.999999702 0.000618715 0.000969514 -0.000950327 -0.000618316 0.999999344 0.001187824
0.999999583 -0.000045687 0.000900055 0.000171201 0.000044207 0.999998629 0.001644998 0.000206932 -0.000900129 -0.001644958 0.999998271 -0.002975431
0.999999523 -0.000205313 0.000944452 0.000207366 0.000203336 0.999997795 0.002092178 0.001349858 -0.000944880 -0.002091984 0.999997377 0.000985790
0.999999642 -0.000213348 0.000845022 0.000280803 0.000211097 0.999996424 0.002663053 0.001365954 -0.000845587 -0.002662874 0.999996126 0.000673151
0.999999881 0.000243119 0.000397263 0.000358074 -0.000244463 0.999994218 0.003387340 0.000108258 -0.000396437 -0.003387437 0.999994159 -0.001168393
0.999992192 -0.003949396 0.000262085 0.002318749 0.003948108 0.999980927 0.004745126 -0.001755699 -0.000280821 -0.004744054 0.999988735 -0.002218427
0.999993920 -0.003473810 0.000255322 0.002385427 0.003472181 0.999975204 0.006129105 -0.001848616 -0.000276607 -0.006128181 0.999981165 -0.002121045
0.999991357 -0.004152466 -0.000143298 0.002310445 0.004153420 0.999963522 0.007464539 -0.002071310 0.000112296 -0.007465070 0.999972105 -0.001824586
0.999999106 -0.001325036 0.000256304 0.000289806 0.001322892 0.999965608 0.008190499 -0.000263202 -0.000267147 -0.008190152 0.999966443 -0.000826656
0.999999762 -0.000294847 0.000608759 0.000325024 0.000289448 0.999960780 0.008849754 -0.000314940 -0.000611345 -0.008849575 0.999960661 -0.000617252
0.999999344 -0.001087171 0.000283167 0.000171599 0.001084007 0.999939561 0.010943271 -0.000521573 -0.000295047 -0.010942956 0.999940097 -0.000438305
0.999999344 -0.001117899 -0.000065818 0.001029795 0.001118586 0.999932408 0.011574404 0.000333957 0.000052875 -0.011574471 0.999933004 0.000739241
0.999999464 -0.001045347 -0.000092707 0.000917484 0.001046560 0.999898314 0.014223309 0.000509348 0.000077829 -0.014223399 0.999898851 0.001389286
0.999998510 0.001332722 0.001097036 0.000157742 -0.001350825 0.999860168 0.016669624 0.000053770 -0.001074667 -0.016671080 0.999860466 0.001836852
0.999992132 -0.003911401 -0.000648767 0.002675429 0.003925576 0.999715745 0.023516946 -0.001424159 0.000556599 -0.023519307 0.999723256 -0.000866918
0.999995887 -0.002872596 0.000145010 0.002971008 0.002868700 0.999752760 0.022050725 -0.001004624 -0.000208317 -0.022050219 0.999756813 -0.001006766
0.999997675 -0.000870476 0.001970475 0.003632944 0.000812112 0.999566555 0.029429175 -0.000499481 -0.001995238 -0.029427506 0.999564946 -0.001338459
0.999979258 0.004376830 0.004731360 0.001222378 -0.004541686 0.999362469 0.035413116 0.000054452 -0.004573347 -0.035433866 0.999361575 -0.001413859
0.999951184 0.006537887 0.007404493 0.002271895 -0.006824086 0.999203742 0.039310195 -0.003062180 -0.007141592 -0.039358802 0.999199629 -0.003191238
0.999897361 0.009128437 0.011042750 0.003254523 -0.009538171 0.999245882 0.037639026 -0.008420999 -0.010690837 -0.037740488 0.999230385 -0.003986496
0.999853969 0.009731585 0.014046612 0.006789163 -0.010264289 0.999211133 0.038363826 -0.013504267 -0.013662190 -0.038502399 0.999165118 -0.010347823
0.999761879 0.012899857 0.017599277 0.007379535 -0.013509830 0.999296248 0.034992088 -0.019878235 -0.017135501 -0.035221521 0.999232590 -0.013251440
0.999632716 0.016730042 0.021320427 0.007711014 -0.017552746 0.999084890 0.039003234 -0.027505552 -0.020648392 -0.039363142 0.999011576 -0.016833115
0.999487758 0.019747065 0.025184717 0.005032879 -0.020846782 0.998806119 0.044178151 -0.036204822 -0.024282262 -0.044680543 0.998706162 -0.022383735
0.999274433 0.024780247 0.028924029 0.004818369 -0.025981531 0.998782933 0.041923329 -0.050743826 -0.027849957 -0.042644404 0.998702049 -0.028273996
0.999205828 0.025151392 0.030904792 0.004205897 -0.026446367 0.998757660 0.042233527 -0.068149716 -0.029804166 -0.043017305 0.998629689 -0.035030343
0.999116361 0.026173266 0.032885849 0.002847112 -0.027733183 0.998466611 0.047909491 -0.088302098 -0.031581476 -0.048779182 0.998310149 -0.042392977
0.999007940 0.027640561 0.034915283 0.001306171 -0.029506093 0.998099685 0.054096311 -0.109668709 -0.033353679 -0.055072859 0.997925103 -0.050871387
0.998900235 0.029102229 0.036761843 -0.000957564 -0.031453054 0.997384429 0.065077089 -0.130814835 -0.034771800 -0.066161789 0.997202873 -0.058908422
0.999011040 0.024509834 0.037096895 0.000169923 -0.027393287 0.996472120 0.079328246 -0.159809694 -0.035021700 -0.080266006 0.996158063 -0.072608195
0.999051809 0.022087330 0.037518233 -0.003722314 -0.025428640 0.995521426 0.091052242 -0.178624660 -0.035339102 -0.091919951 0.995139122 -0.078843795
0.999075770 0.020767635 0.037633736 -0.008102633 -0.024485229 0.994566739 0.101180546 -0.196164325 -0.035327982 -0.102008499 0.994156003 -0.083423413
0.998918772 0.024811344 0.039315876 -0.011833500 -0.028981412 0.993584275 0.109317549 -0.212580964 -0.036351319 -0.110338785 0.993229032 -0.086535640
0.998942435 0.023169182 0.039714620 -0.017485822 -0.027708024 0.992646098 0.117838748 -0.226386055 -0.036692336 -0.118814535 0.992238283 -0.086809114
0.998961389 0.022484299 0.039630294 -0.023841666 -0.027129475 0.992297292 0.120871924 -0.238933831 -0.036607310 -0.121821530 0.991876721 -0.084884837
0.999040544 0.020415591 0.038745757 -0.029991686 -0.024948208 0.992416561 0.120361567 -0.251837045 -0.035994682 -0.121212721 0.991973698 -0.082553081
0.999027371 0.021357102 0.038577080 -0.037404392 -0.025595078 0.993272483 0.112936504 -0.264556766 -0.035905555 -0.113814048 0.992853045 -0.076833159
0.999018788 0.022610962 0.038081247 -0.045491006 -0.026413400 0.994381666 0.102505982 -0.278787673 -0.035549533 -0.103411257 0.994003177 -0.069448419
0.999061167 0.022939788 0.036749847 -0.054216307 -0.026212240 0.995488167 0.091193371 -0.300183415 -0.034492083 -0.092071049 0.995154858 -0.062890202
0.999034762 0.024631144 0.036370251 -0.062811911 -0.027566029 0.996207118 0.082531705 -0.316532463 -0.034199450 -0.083454624 0.995924532 -0.054008350
0.999060512 0.025066262 0.035352536 -0.072107211 -0.027733916 0.996637106 0.077106006 -0.333581001 -0.033300892 -0.078014024 0.996395946 -0.044460986
0.998948812 0.029311720 0.035243042 -0.081689201 -0.031991009 0.996437430 0.078032017 -0.351071566 -0.032830231 -0.079077452 0.996327698 -0.035354834
0.999034345 0.028453689 0.033477213 -0.092584766 -0.031020023 0.996406198 0.078818932 -0.369201541 -0.031114215 -0.079781279 0.996326685 -0.025178140
0.998979986 0.030332852 0.033450380 -0.103963628 -0.033021566 0.996002555 0.082997166 -0.387574673 -0.030799123 -0.084017090 0.995988250 -0.014411229
0.999014497 0.030523205 0.032223705 -0.115363993 -0.033200644 0.995731711 0.086116776 -0.406941235 -0.029457605 -0.087101758 0.995763779 -0.002952201
0.999184191 0.026773216 0.030234450 -0.127742767 -0.029426625 0.995413423 0.091028616 -0.425788850 -0.027658651 -0.091844052 0.995389223 0.008037624
0.999369025 0.021507613 0.028265547 -0.140690401 -0.024100866 0.995198727 0.094861478 -0.442794085 -0.026089590 -0.095482841 0.995089114 0.020351248
0.999516428 0.017034173 0.026015082 -0.158537015 -0.019530468 0.994902670 0.098930195 -0.463293016 -0.024197282 -0.099390447 0.994754255 0.040964790
0.999632239 0.013126817 0.023729352 -0.172302976 -0.015402105 0.995028079 0.098396666 -0.472397089 -0.022319736 -0.098725967 0.994864345 0.058015373
0.999683976 0.011280270 0.022466740 -0.186044320 -0.013286758 0.995738268 0.091262080 -0.478869736 -0.021341531 -0.091531746 0.995573461 0.077131838
0.999813676 0.003613513 0.018960783 -0.201869071 -0.005173952 0.996543944 0.082906052 -0.487191319 -0.018595671 -0.082988709 0.996376991 0.099917121
0.999856234 -0.003781124 0.016529880 -0.215278551 0.002615438 0.997544885 0.069981113 -0.493214399 -0.016753905 -0.069927812 0.997411370 0.120961376
0.999856710 -0.010232076 0.013486469 -0.228418991 0.009385634 0.998069286 0.061397266 -0.499357849 -0.014088651 -0.061261889 0.998022318 0.142261386
0.999800980 -0.016995374 0.010449168 -0.241589263 0.016419258 0.998462319 0.052946873 -0.506821811 -0.011332952 -0.052764766 0.998542666 0.163764790
0.999692082 -0.023490118 0.007993619 -0.255126953 0.023091191 0.998637736 0.046791863 -0.512259662 -0.009081875 -0.046592873 0.998872697 0.189319998
0.999636412 -0.026288059 0.005998883 -0.267867595 0.026003446 0.998719037 0.043406852 -0.517886162 -0.007132280 -0.043235078 0.999039471 0.214355260
0.999543309 -0.029863864 0.004620961 -0.274730504 0.029665411 0.998826146 0.038291868 -0.532385468 -0.005759079 -0.038137298 0.999255896 0.223945603
0.999421716 -0.033831108 0.003415328 -0.283906609 0.033684645 0.998769462 0.036399219 -0.541056037 -0.004642552 -0.036263127 0.999331474 0.243252710
0.999544442 -0.029947080 0.003745834 -0.291914910 0.029805500 0.998997331 0.033405341 -0.549905419 -0.004742471 -0.033278480 0.999434888 0.261997163
0.999712586 -0.022922508 0.007020624 -0.306702286 0.022749409 0.999457479 0.023815688 -0.567237616 -0.007562730 -0.023649126 0.999691725 0.289919943
0.999784529 -0.018611943 0.009190785 -0.312835664 0.018625746 0.999825537 -0.001418477 -0.579068780 -0.009162780 0.001589357 0.999956787 0.306942046
0.999843359 -0.013420650 0.011537057 -0.318191499 0.013850364 0.999181330 -0.038010653 -0.592287481 -0.011017486 0.038164493 0.999210715 0.322310537
0.999877036 -0.007202795 0.013928050 -0.324250400 0.008399607 0.996096313 -0.087872788 -0.609301507 -0.013240749 0.087978974 0.996034324 0.335739583
0.999874890 -0.006211798 0.014545438 -0.328937352 0.008155745 0.990446508 -0.137656271 -0.624191165 -0.013551385 0.137757689 0.990373254 0.344164133
0.999860764 -0.000871164 0.016662607 -0.333045602 0.003918301 0.982968867 -0.183730483 -0.638102174 -0.016218765 0.183770210 0.982835412 0.347611159
0.999847710 0.001814034 0.017358080 -0.342670709 0.001808735 0.978457451 -0.206440732 -0.651223004 -0.017358631 0.206440672 0.978305101 0.354733825
0.999772310 0.008613784 0.019521367 -0.346790999 -0.004637283 0.980741322 -0.195256144 -0.658757269 -0.020827305 0.195121169 0.980557978 0.347151816
0.999776900 0.007750204 0.019648582 -0.351167113 -0.004676499 0.988384008 -0.151905194 -0.663167477 -0.020597640 0.151779428 0.988199770 0.333275527
0.999733031 0.008705995 0.021401793 -0.360098302 -0.006670955 0.995607853 -0.093383923 -0.668996036 -0.022120792 0.093216226 0.995400131 0.314512193
0.999709547 0.008472831 0.022561584 -0.364915788 -0.007858603 0.999599814 -0.027175345 -0.671601713 -0.022782806 0.026990149 0.999376059 0.290963858
0.999653578 0.009913689 0.024380051 -0.369886339 -0.010932625 0.999056876 0.042021997 -0.673723221 -0.023940463 -0.042273976 0.998819172 0.264846832
0.999665260 0.008632324 0.024390126 -0.373423249 -0.011165374 0.994334579 0.105707459 -0.670810699 -0.023339445 -0.105944403 0.994098127 0.243943930
0.999685168 0.005639095 0.024449330 -0.379566222 -0.009474957 0.987113595 0.159740478 -0.675058126 -0.023233473 -0.159921855 0.986856222 0.218841895
0.999675035 0.002507929 0.025368106 -0.385577470 -0.007712533 0.978265405 0.207213253 -0.680140138 -0.024297062 -0.207341582 0.977966845 0.196346879
0.999713242 -0.003130611 0.023741053 -0.393461108 -0.002807334 0.969259322 0.246025443 -0.684690893 -0.023781447 -0.246021539 0.968972564 0.185879812
0.999678195 -0.003927359 0.025061060 -0.399718881 -0.003264855 0.959805548 0.280646771 -0.688779533 -0.025155947 -0.280638307 0.959483862 0.173649177
0.999670267 -0.005579327 0.025064709 -0.406019002 -0.002467848 0.950716019 0.310053080 -0.692075789 -0.025559308 -0.310012728 0.950388789 0.167269886
0.999623060 -0.014971058 0.023013599 -0.414795876 0.006579253 0.944442332 0.328611284 -0.693147480 -0.026654676 -0.328336030 0.944184840 0.171730235
0.999499798 -0.023603477 0.021047410 -0.421107650 0.015571147 0.946579993 0.322092861 -0.698157012 -0.027525567 -0.321604043 0.946474075 0.179589555
0.999376774 -0.028393835 0.020973591 -0.426831424 0.021126322 0.957084715 0.289037317 -0.705349207 -0.028280379 -0.288414091 0.957088053 0.195046142
0.998973191 -0.041492265 0.018192090 -0.429346830 0.035859827 0.969561219 0.242208913 -0.709365904 -0.027688142 -0.241307840 0.970053554 0.216884300
0.998459578 -0.052983902 0.016467171 -0.433328867 0.048962682 0.981010020 0.187675297 -0.716810703 -0.026098227 -0.186579913 0.982093096 0.244780600
0.997821867 -0.064051844 0.015774798 -0.436021984 0.061534580 0.989955425 0.127286300 -0.724075496 -0.023769267 -0.126038358 0.991740584 0.277440548
0.997071683 -0.075001657 0.014928596 -0.435033828 0.073878303 0.995129168 0.065268509 -0.723318338 -0.019751126 -0.063974477 0.997756064 0.309768230
0.996770740 -0.078845806 0.015211500 -0.434413552 0.078748010 0.996870518 0.006925738 -0.728165984 -0.015709961 -0.005705498 0.999860287 0.344524801
0.996617496 -0.080587894 0.016097246 -0.431981534 0.081321120 0.995341897 -0.051781792 -0.731904745 -0.011849279 0.052915689 0.998528659 0.378161937
0.996777415 -0.077933401 0.019003239 -0.425966024 0.079477444 0.991567910 -0.102354310 -0.729005218 -0.010866183 0.103534795 0.994566500 0.399326861
0.997316003 -0.070547752 0.019590754 -0.419334531 0.072616361 0.987277508 -0.141456857 -0.729271293 -0.009362048 0.142499790 0.989750564 0.425677747
0.998220742 -0.055704333 0.021269346 -0.410865992 0.058530472 0.983495831 -0.171201855 -0.728175104 -0.011381628 0.172142148 0.985006392 0.446915776
0.998765647 -0.044462461 0.022142923 -0.402661890 0.047907297 0.980027080 -0.193007290 -0.722053051 -0.013119085 0.193829864 0.980947435 0.459690690
0.999225557 -0.032986164 0.021451624 -0.391922057 0.036555022 0.979945004 -0.195886627 -0.717358649 -0.014559863 0.196519092 0.980391860 0.467828661
0.999590635 -0.017932069 0.022292273 -0.380206019 0.021437261 0.985461831 -0.168538973 -0.708953083 -0.018945934 0.168947861 0.985442877 0.469412595
0.999698281 -0.014474357 0.019845782 -0.370953888 0.016739834 0.992728829 -0.119202785 -0.697233438 -0.017976096 0.119499035 0.992671549 0.463584244
0.999787390 -0.010040905 0.018009845 -0.359402508 0.011048635 0.998326898 -0.056756768 -0.685384631 -0.017409824 0.056943689 0.998225570 0.454227448
0.999839008 -0.005585911 0.017050862 -0.347872347 0.005358056 0.999896109 0.013379822 -0.672942400 -0.017123830 -0.013286308 0.999765098 0.441729605
0.999843180 -0.000688616 0.017694373 -0.336697578 -0.000815812 0.996391237 0.084875315 -0.659904957 -0.017688964 -0.084876448 0.996234477 0.430264324
0.999845624 0.001653040 0.017493231 -0.325685620 -0.004206765 0.989131451 0.146973550 -0.648219883 -0.017060151 -0.147024453 0.988985717 0.416349620
0.999807000 0.006120971 0.018667802 -0.314773798 -0.009706385 0.980051935 0.198504508 -0.638196409 -0.017080374 -0.198647380 0.979922175 0.404542804
0.999809206 0.005416212 0.018767897 -0.303772748 -0.009750247 0.970915854 0.239222378 -0.631412923 -0.016926371 -0.239359736 0.970783412 0.396801800
0.999788582 0.006832136 0.019392448 -0.293355793 -0.011804868 0.962972045 0.269342810 -0.625286341 -0.016834198 -0.269514769 0.962849140 0.393160343
0.999731123 0.010142144 0.020851836 -0.283235341 -0.015770886 0.956646860 0.290823191 -0.620966077 -0.016998272 -0.291073829 0.956549585 0.395211071
0.999712050 0.010697845 0.021478429 -0.270574182 -0.016670587 0.953467727 0.301033974 -0.623546779 -0.017258573 -0.301305354 0.953371525 0.412179321
0.999611557 0.015355061 0.023257662 -0.261172801 -0.021606341 0.954092503 0.298731714 -0.625186086 -0.017602917 -0.299118191 0.954053700 0.426976323
0.999381185 0.023208171 0.026430873 -0.252132803 -0.029579099 0.961140633 0.274469912 -0.630890369 -0.019033844 -0.275081873 0.961232364 0.448370010
0.999352217 0.024414659 0.026440674 -0.243066117 -0.030101389 0.969739437 0.242279395 -0.640300751 -0.019725395 -0.242918357 0.969846189 0.476174295
0.999206126 0.029132267 0.027174642 -0.235466480 -0.034062233 0.978484750 0.203487873 -0.651142478 -0.020661911 -0.204251945 0.978700280 0.507626891
0.999197245 0.029643027 0.026948242 -0.228891537 -0.033674061 0.985863566 0.164131284 -0.663470149 -0.021701941 -0.164906979 0.986070335 0.542505682
0.998927057 0.036940373 0.027930789 -0.222536564 -0.040272526 0.990686476 0.130070999 -0.676908433 -0.022865783 -0.131056294 0.991111219 0.580877542
0.998836517 0.039938964 0.027026558 -0.217692614 -0.042553119 0.993635178 0.104299292 -0.689612687 -0.022688935 -0.105328009 0.994178653 0.619746208
0.998668075 0.043847110 0.027194943 -0.213626921 -0.046003055 0.995360553 0.084504664 -0.702217817 -0.023363490 -0.085643157 0.996051908 0.659338176
0.998637617 0.045173235 0.026120069 -0.209299803 -0.046934284 0.996351242 0.071283519 -0.717064738 -0.022804657 -0.072412327 0.997114062 0.701350451
0.998599291 0.046873849 0.024541408 -0.207758814 -0.048368569 0.996754944 0.064343624 -0.731274903 -0.021445736 -0.065440528 0.997626007 0.740732908
0.998440564 0.050310049 0.024194185 -0.207290679 -0.051366340 0.997655392 0.045223590 -0.749570668 -0.021862257 -0.046395835 0.998683870 0.779303133
0.998307288 0.053487081 0.022839488 -0.204699248 -0.053928826 0.998360455 0.019184142 -0.785048723 -0.021775940 -0.020383377 0.999555051 0.835064948
0.998255193 0.055166110 0.021054097 -0.207131118 -0.054924920 0.998419940 -0.011867374 -0.810125291 -0.021675508 0.010690274 0.999707878 0.869970083
0.998123944 0.058031585 0.019517697 -0.211034417 -0.057252903 0.997623503 -0.038333543 -0.835803449 -0.021695871 0.037144184 0.999074399 0.902602434
0.998120427 0.059773523 0.013519041 -0.215094417 -0.058856625 0.996444464 -0.060285363 -0.863109410 -0.017074442 0.059376370 0.998089612 0.935955048
0.998065889 0.062021974 0.004211375 -0.222145349 -0.061506633 0.995062232 -0.077897578 -0.887840629 -0.009021943 0.077487886 0.996952474 0.962992072
0.997752070 0.066349424 -0.009410467 -0.231148317 -0.066918649 0.993934810 -0.087266728 -0.911055744 0.003563294 0.087700292 0.996140540 0.986101449
0.997003675 0.072058119 -0.028129373 -0.241614789 -0.074329428 0.993124068 -0.090441726 -0.936770499 0.021418896 0.092261575 0.995504439 1.012981892
0.995697796 0.077447303 -0.050871037 -0.254138082 -0.081897326 0.992369950 -0.092166670 -0.957930207 0.043344833 0.095936351 0.994443297 1.029325604
0.993801534 0.080994189 -0.076147474 -0.268087804 -0.087884709 0.991875231 -0.091977172 -0.976163268 0.068079181 0.098099254 0.992845297 1.042657375
0.990832388 0.086794443 -0.103527240 -0.284145713 -0.096014746 0.991510987 -0.087676153 -0.991017938 0.095038600 0.096812516 0.990754783 1.062146664
0.986941397 0.090757139 -0.133078411 -0.299879611 -0.102799736 0.990925729 -0.086593539 -0.999476254 0.124011837 0.099143162 0.987315416 1.072022319
0.981821537 0.093874171 -0.164966896 -0.316281140 -0.108722821 0.990567684 -0.083396703 -1.003045797 0.155582085 0.099816352 0.982766986 1.079840064
0.975078523 0.099721797 -0.198185340 -0.334356248 -0.117315300 0.989941001 -0.079082213 -1.004359007 0.188305572 0.100361533 0.976969063 1.089577556
0.966755271 0.105656847 -0.232853740 -0.351867348 -0.125080869 0.989656150 -0.070252903 -1.002688050 0.223022431 0.097042911 0.969970942 1.091667056
0.956338286 0.113717675 -0.269231051 -0.370415837 -0.132733807 0.989709377 -0.053452164 -1.001342535 0.260382026 0.086854413 0.961591125 1.089464784
0.943936646 0.123426452 -0.306185514 -0.389681220 -0.140720025 0.989431500 -0.034974761 -1.000160933 0.298632771 0.076100394 0.951329172 1.087966442
0.929227531 0.133197039 -0.344666123 -0.408918679 -0.147411793 0.988957763 -0.015240384 -0.999735951 0.338830292 0.064969629 0.938601613 1.080664396
0.912144661 0.147491843 -0.382411152 -0.428427666 -0.156358778 0.987668097 0.007978758 -0.999956489 0.378872126 0.052515551 0.923957825 1.071024060
0.893028319 0.158301786 -0.421237409 -0.447538555 -0.163319215 0.986271381 0.024403915 -1.000748158 0.419317603 0.047002777 0.906622052 1.059244871
0.872343183 0.170730770 -0.458113909 -0.467840999 -0.171122611 0.984395742 0.041013796 -1.002959251 0.457967699 0.042615537 0.887946784 1.046100616
0.850749731 0.186153099 -0.491499603 -0.487886578 -0.179618731 0.981845558 0.060962386 -1.004848719 0.493925035 0.036418803 0.868741453 1.031758547
0.828692794 0.203862771 -0.521256387 -0.506931603 -0.186701879 0.978651285 0.085930943 -1.005848169 0.527646363 0.026109198 0.849062800 1.015879154
0.806231618 0.223030478 -0.547948956 -0.527060568 -0.196402222 0.974589944 0.107706368 -1.007869363 0.558047295 0.020782102 0.829548895 1.001283765
0.783145189 0.241610989 -0.572981477 -0.548010945 -0.207974657 0.970136940 0.124823228 -1.010589838 0.586029172 0.021410909 0.810007036 0.986964762
0.759732306 0.260439187 -0.595800579 -0.567061305 -0.223080799 0.965068698 0.137395024 -1.012582421 0.610771477 0.028528199 0.791292846 0.968843699
0.735199094 0.280666977 -0.617015660 -0.590177059 -0.240972146 0.959010005 0.149104685 -1.015927315 0.633572996 0.039061941 0.772696257 0.955157161
0.710625529 0.292160541 -0.640041828 -0.614973426 -0.249531835 0.955226779 0.158983156 -1.020002246 0.657833695 0.046733338 0.751711905 0.941352963
0.687998056 0.302842587 -0.659503698 -0.637810171 -0.258716136 0.951409459 0.166990876 -1.022404790 0.678030014 0.055734821 0.732918143 0.925486565
0.668570101 0.302927583 -0.679153085 -0.665871561 -0.262607902 0.950605214 0.165489540 -1.027693987 0.695737839 0.067709610 0.715097427 0.912532687
0.652201533 0.300885558 -0.695773721 -0.695584953 -0.268063605 0.950091302 0.159588188 -1.033532977 0.709066391 0.082427919 0.700307488 0.900127411
0.638928890 0.298916519 -0.708815098 -0.721041501 -0.281740308 0.948324025 0.145958677 -1.039024353 0.715815902 0.106444553 0.690128446 0.884374022
0.627911091 0.302754611 -0.716984928 -0.752702177 -0.298759669 0.944422007 0.137148738 -1.044270992 0.718658745 0.128088951 0.683463931 0.872254372
0.617844820 0.301627606 -0.726146400 -0.785747051 -0.311668187 0.941797078 0.126020640 -1.048538208 0.721893847 0.148455501 0.675892234 0.859308839
0.610331774 0.304838389 -0.731141984 -0.809406400 -0.325394481 0.938002288 0.119457625 -1.052020550 0.722228110 0.165000796 0.671685338 0.835673094
0.605479717 0.306651056 -0.734411001 -0.843593955 -0.340498924 0.933880150 0.109216951 -1.050206900 0.719343305 0.183937490 0.669859827 0.821217716
0.603004098 0.312134951 -0.734137535 -0.878947318 -0.357265621 0.928491116 0.101318732 -1.044874668 0.713265300 0.201186463 0.671398997 0.806020975
0.602538943 0.315225184 -0.733198404 -0.910099149 -0.378229022 0.921758294 0.085466214 -1.037295461 0.702772856 0.225820184 0.674622536 0.786100805
0.604772031 0.316060424 -0.730997026 -0.947831631 -0.389403760 0.918027878 0.074763298 -1.028116703 0.694705307 0.239438236 0.678272665 0.766467035
0.608574331 0.314524323 -0.728499770 -0.987183511 -0.398046523 0.915225387 0.062621489 -1.017407060 0.686437488 0.251866937 0.682178020 0.743897200
0.614116251 0.309865147 -0.725840747 -1.020509601 -0.395694107 0.916640818 0.056531504 -1.005736709 0.682852447 0.252493978 0.685535848 0.712618351
0.617882967 0.304891378 -0.724749565 -1.061715841 -0.391001731 0.918851137 0.053199716 -0.991946697 0.682157159 0.250507116 0.686955571 0.681726456
0.619098306 0.295422137 -0.727628350 -1.103983402 -0.382269979 0.922730207 0.049382649 -0.976864159 0.685993433 0.247577757 0.684191704 0.646449447
0.616277456 0.285071313 -0.734122872 -1.138062477 -0.373983741 0.926306188 0.045749195 -0.960993111 0.693064332 0.246355832 0.677473664 0.598593891
0.609906673 0.273271352 -0.743866026 -1.181186080 -0.367843002 0.929040134 0.039698206 -0.942784846 0.701929748 0.249413669 0.667148709 0.555065215
0.599870324 0.262844324 -0.755690753 -1.224642515 -0.358930051 0.932531118 0.039432839 -0.922335804 0.715069830 0.247585490 0.653740466 0.507800519
0.585852861 0.249840721 -0.770944893 -1.261845827 -0.343923807 0.938029170 0.042634822 -0.900850773 0.733820736 0.240168571 0.635473251 0.456319153
0.567668200 0.234079272 -0.789278030 -1.303327441 -0.318404883 0.946543097 0.051715314 -0.877185464 0.759191155 0.221952796 0.611854434 0.400767744
0.545346022 0.220449954 -0.808702409 -1.343514800 -0.293141037 0.954031527 0.062387459 -0.852085233 0.785280883 0.203041077 0.584900260 0.342603743
0.520532846 0.217904910 -0.825568318 -1.376378298 -0.275394797 0.958060265 0.079235122 -0.824830592 0.808209896 0.186112747 0.558711767 0.282681584
0.494552135 0.215117157 -0.842106223 -1.412907362 -0.262035340 0.960708320 0.091526106 -0.797331810 0.828707337 0.175397113 0.531488657 0.222883999
0.467131376 0.218031541 -0.856884301 -1.447622299 -0.252740651 0.961610734 0.106897026 -0.768608272 0.847296059 0.166634500 0.504303932 0.162802100
0.439762950 0.225168139 -0.869429708 -1.477309108 -0.245429873 0.961343348 0.124832332 -0.733439922 0.863928795 0.158487350 0.478026152 0.089109838
0.413334370 0.235997245 -0.879465818 -1.506798387 -0.246536538 0.958761513 0.141407475 -0.702420473 0.876569748 0.158371851 0.454471052 0.030130088
0.387211800 0.245981306 -0.888572037 -1.534397840 -0.250819772 0.955509603 0.155212089 -0.670400262 0.887218416 0.162771478 0.431681573 -0.027952135
0.361324787 0.253289610 -0.897378802 -1.556811571 -0.248553306 0.953740001 0.169119179 -0.636170626 0.898702145 0.161939561 0.407565832 -0.090613008
0.335985839 0.257680833 -0.905932784 -1.581713796 -0.251087487 0.951544583 0.177532986 -0.603365064 0.907782316 0.167819813 0.384405971 -0.146605372
0.313711345 0.259304613 -0.913425624 -1.605581403 -0.259804755 0.948718727 0.180095062 -0.570300519 0.913283527 0.180814430 0.364992380 -0.200985610
0.295523286 0.263764173 -0.918201804 -1.627251863 -0.275101334 0.943913817 0.182608888 -0.532178998 0.914869070 0.198633328 0.351510406 -0.264531672
0.279557645 0.268531114 -0.921812654 -1.648828387 -0.280081898 0.941142559 0.189221755 -0.498731613 0.918369055 0.205284610 0.338314295 -0.317904353
0.265361726 0.275342435 -0.923996627 -1.669287920 -0.288964480 0.937012255 0.196233556 -0.465769440 0.919827521 0.214929327 0.328211367 -0.370973706
0.253764570 0.282480180 -0.925099254 -1.684458256 -0.285519540 0.935665429 0.207385540 -0.432605296 0.924165726 0.211506754 0.318092346 -0.429596424
0.245189905 0.288171381 -0.925656080 -1.703634739 -0.279959649 0.935170352 0.216976956 -0.400651306 0.928172708 0.205945775 0.309970677 -0.483371735
0.239593446 0.292393625 -0.925797522 -1.722257018 -0.264275432 0.937206149 0.227603167 -0.370044976 0.934212863 0.190133244 0.301820874 -0.537193179
0.236625612 0.296362430 -0.925298810 -1.753298998 -0.251270860 0.938612044 0.236369297 -0.357417732 0.938547611 0.176569536 0.296566844 -0.590384781
