0.998136282 -0.006030909 0.060725324 -1.290671468 0.007312534 0.999754727 -0.020905223 -0.832178712 -0.060584351 0.021310318 0.997935593 0.592637360
0.998143375 -0.006044887 0.060607161 -1.290217876 0.007324295 0.999754548 -0.020909954 -0.832006276 -0.060465883 0.021315038 0.997942686 0.592522085
0.998129725 -0.006069927 0.060828846 -1.290669322 0.007348692 0.999756217 -0.020820722 -0.831846535 -0.060687635 0.021228794 0.997931063 0.592906535
0.998136103 -0.005925171 0.060738914 -1.290515423 0.007197279 0.999758840 -0.020746542 -0.832137883 -0.060601339 0.021145029 0.997938037 0.592902243
0.998140454 -0.006048566 0.060655650 -1.290745378 0.007331595 0.999753594 -0.020952472 -0.831696928 -0.060513970 0.021358212 0.997938812 0.592965961
0.998168945 -0.006322107 0.060156289 -1.289057374 0.007592555 0.999752462 -0.020914031 -0.831949830 -0.060009178 0.021332478 0.997969866 0.591495872
0.998123884 -0.006028626 0.060929153 -1.290704727 0.007315371 0.999754429 -0.020917753 -0.831572533 -0.060788084 0.021324227 0.997922897 0.593187630
0.998130202 -0.006030496 0.060825758 -1.291007400 0.007331101 0.999748766 -0.021182019 -0.831175089 -0.060682736 0.021588333 0.997923613 0.592878759
0.998134613 -0.005990509 0.060756914 -1.290722489 0.007280238 0.999752343 -0.021028586 -0.831334054 -0.060615897 0.021431684 0.997931063 0.593233049
0.998133302 -0.006093714 0.060768552 -1.290740967 0.007386092 0.999750793 -0.021065310 -0.831301987 -0.060625046 0.021474827 0.997929573 0.593185365
0.998136878 -0.006116331 0.060706817 -1.290767789 0.007408321 0.999750316 -0.021080252 -0.831295907 -0.060562730 0.021490712 0.997933030 0.593213737
0.998124301 -0.006047643 0.060920734 -1.290918827 0.007331293 0.999755323 -0.020869389 -0.831424177 -0.060779620 0.021276873 0.997924387 0.593698800
0.998132885 -0.006118083 0.060772881 -1.290815711 0.007404966 0.999752641 -0.020972690 -0.831335485 -0.060629532 0.021383552 0.997931242 0.593156934
0.998128474 -0.006002056 0.060856845 -1.290998459 0.007299994 0.999750137 -0.021127865 -0.831131577 -0.060714830 0.021532577 0.997922897 0.593473673
0.998130202 -0.005924881 0.060836080 -1.290832281 0.007223720 0.999750197 -0.021152109 -0.831344068 -0.060695555 0.021552023 0.997923613 0.593000412
0.998135984 -0.005809116 0.060752485 -1.290822387 0.007103879 0.999751747 -0.021117870 -0.831327081 -0.060614724 0.021510083 0.997929454 0.592821658
0.998138130 -0.005990108 0.060699265 -1.290835619 0.007276272 0.999753177 -0.020990293 -0.831336617 -0.060558554 0.021392878 0.997935355 0.592963457
0.998129129 -0.006245719 0.060821280 -1.290964603 0.007529220 0.999753296 -0.020896563 -0.831414402 -0.060675763 0.021315405 0.997929931 0.592827320
0.998126864 -0.006034626 0.060879476 -1.290797114 0.007329374 0.999751210 -0.021066550 -0.831396401 -0.060737200 0.021473300 0.997922778 0.592949629
0.998131335 -0.005881834 0.060821701 -1.290879965 0.007170280 0.999754012 -0.020987473 -0.831545532 -0.060683299 0.021384362 0.997927964 0.593063951
0.998139560 -0.006033414 0.060671400 -1.290794373 0.007325308 0.999750674 -0.021093477 -0.831412196 -0.060529005 0.021498669 0.997934878 0.592952728
0.998129964 -0.006043884 0.060827587 -1.290732145 0.007336671 0.999751449 -0.021052448 -0.831525385 -0.060685229 0.021459350 0.997926235 0.592923760
0.998133361 -0.006199876 0.060756896 -1.290770173 0.007485300 0.999752462 -0.020952143 -0.831397891 -0.060611952 0.021367814 0.997932673 0.592986107
0.998138964 -0.006113735 0.060673382 -1.290745258 0.007400448 0.999751985 -0.021005198 -0.831490695 -0.060529914 0.021415118 0.997936606 0.592989385
0.998135269 -0.006098103 0.060735539 -1.290773988 0.007387146 0.999751747 -0.021021981 -0.831388950 -0.060592264 0.021431442 0.997932494 0.593110859
0.998130262 -0.006187754 0.060808890 -1.290770173 0.007479935 0.999750555 -0.021045260 -0.831448495 -0.060663499 0.021460757 0.997927547 0.593104064
0.998126149 -0.006165405 0.060877942 -1.290758371 0.007459739 0.999750435 -0.021056792 -0.831447124 -0.060732923 0.021471469 0.997923076 0.593125701
0.998131156 -0.006201152 0.060792312 -1.290816426 0.007495031 0.999749720 -0.021078713 -0.831471741 -0.060646385 0.021494962 0.997927845 0.593062937
0.998135388 -0.006232935 0.060720071 -1.290805101 0.007521535 0.999750853 -0.021016590 -0.831531227 -0.060573950 0.021434110 0.997933567 0.593041360
0.998132527 -0.006176320 0.060772404 -1.290793896 0.007466377 0.999751091 -0.021023534 -0.831515610 -0.060627431 0.021438025 0.997930229 0.592998266
0.998128891 -0.006161626 0.060834024 -1.290798903 0.007457078 0.999749780 -0.021090832 -0.831601918 -0.060688850 0.021505013 0.997925043 0.593014240
1.000000000 0.000000000 0.000000000 0.000000119 0.000000000 1.000000000 0.000000000 -0.000000119 0.000000000 0.000000000 1.000000000 0.000000179
0.999996066 -0.002443722 0.001362355 -0.000078010 0.002442641 0.999996722 0.000794776 0.000634802 -0.001364293 -0.000791445 0.999998748 -0.000128352
0.999994159 -0.001937317 0.002810461 0.000916759 0.001939989 0.999997675 -0.000948288 0.000826004 -0.002808617 0.000953735 0.999995589 -0.000139004
0.999977469 0.001046021 0.006630018 0.001440613 -0.001025431 0.999994636 -0.003108312 0.001495211 -0.006633234 0.003101444 0.999973178 0.000312857
0.999915779 0.006213772 0.011391563 0.002374790 -0.006176997 0.999975622 -0.003260544 -0.000681959 -0.011411546 0.003189904 0.999929786 -0.001485045
0.999826133 0.010393375 0.015481559 0.002132723 -0.010322801 0.999935985 -0.004631475 -0.002973946 -0.015528704 0.004470856 0.999869406 -0.002211787
0.999734640 0.013646675 0.018558074 0.003570544 -0.013518801 0.999884129 -0.006998628 -0.006574837 -0.018651430 0.006745889 0.999803305 -0.004981765
0.999634981 0.016225085 0.021601144 0.004929018 -0.015979707 0.999806345 -0.011483979 -0.011951901 -0.021783289 0.011134609 0.999700725 -0.008522781
0.999442160 0.021463487 0.025587093 0.004176469 -0.021165967 0.999705851 -0.011842422 -0.017506961 -0.025833745 0.011294240 0.999602437 -0.012456196
0.999298751 0.023967732 0.028766563 0.003748949 -0.023664262 0.999661148 -0.010843890 -0.023255505 -0.029016720 0.010155546 0.999527335 -0.016234171
0.999229610 0.025355054 0.029954810 0.002707309 -0.025195939 0.999666393 -0.005677392 -0.032645743 -0.030088767 0.004918278 0.999535143 -0.022428336
0.999189138 0.024968300 0.031585567 0.000295923 -0.024864998 0.999684095 -0.003659155 -0.042793367 -0.031666949 0.002870813 0.999494374 -0.028233504
0.999201715 0.023989877 0.031944539 -0.002062784 -0.024010120 0.999711692 0.000250230 -0.055676494 -0.031929325 -0.001017022 0.999489605 -0.037653390
0.999184370 0.023777617 0.032637160 -0.005072065 -0.023866234 0.999712467 0.002328313 -0.068314523 -0.032572415 -0.003105340 0.999464571 -0.045460533
0.999064147 0.025829604 0.034694426 -0.009241224 -0.025895262 0.999663591 0.001444423 -0.078435920 -0.034645446 -0.002341493 0.999396920 -0.054864779
0.998967350 0.027476475 0.036183819 -0.013887867 -0.027590476 0.999615788 0.002654993 -0.087145217 -0.036096968 -0.003650580 0.999341607 -0.063231312
0.998986959 0.027076093 0.035944220 -0.018670296 -0.027253961 0.999618530 0.004467627 -0.094413728 -0.035809543 -0.005442724 0.999343812 -0.071583115
0.998914599 0.028339306 0.036966968 -0.024356041 -0.028629472 0.999563098 0.007343688 -0.101961985 -0.036742706 -0.008394062 0.999289513 -0.081384063
0.998895824 0.028183177 0.037587114 -0.031202069 -0.028561607 0.999546230 0.009569349 -0.106111474 -0.037300363 -0.010632331 0.999247551 -0.090024315
0.998875320 0.028905079 0.037584431 -0.038369354 -0.029313665 0.999516487 0.010365837 -0.110270895 -0.037266634 -0.011455917 0.999239683 -0.098848775
0.998820722 0.029328236 0.038691230 -0.046913803 -0.029730076 0.999509394 0.009851518 -0.112284392 -0.038383320 -0.010990194 0.999202669 -0.109087743
0.998787522 0.030463703 0.038670257 -0.055652793 -0.030851327 0.999479175 0.009466816 -0.113471918 -0.038361721 -0.010648366 0.999207199 -0.119263537
0.998826087 0.029998899 0.038033262 -0.065821424 -0.030392401 0.999489903 0.009810544 -0.116652623 -0.037719555 -0.010954949 0.999228299 -0.129464239
0.998788476 0.030223383 0.038834453 -0.076322734 -0.030619906 0.999484479 0.009656585 -0.119329825 -0.038522579 -0.010833993 0.999198973 -0.141726226
0.998830676 0.029690778 0.038154677 -0.088471584 -0.030036429 0.999512494 0.008517976 -0.123821788 -0.037883170 -0.009654046 0.999235511 -0.153143391
0.998869598 0.028947853 0.037703123 -0.100646935 -0.029304072 0.999530673 0.008929756 -0.130283609 -0.037426930 -0.010024517 0.999249101 -0.167044237
0.998895228 0.027567353 0.038057148 -0.115527041 -0.027944490 0.999565125 0.009413559 -0.138225004 -0.037781090 -0.010466646 0.999231219 -0.176866293
0.998952627 0.026820237 0.037071928 -0.129331708 -0.027161932 0.999592781 0.008744312 -0.147966474 -0.036822312 -0.009742100 0.999274313 -0.191983446
0.998975933 0.026003161 0.037025865 -0.144505039 -0.026279608 0.999630153 0.006999176 -0.158739761 -0.036830168 -0.007965034 0.999289811 -0.205858201
0.999071956 0.023076370 0.036369555 -0.159262449 -0.023372095 0.999696970 0.007726955 -0.169483155 -0.036180221 -0.008569817 0.999308527 -0.221841574
0.999312639 0.015516963 0.033667166 -0.174896538 -0.015745915 0.999854624 0.006546021 -0.178323418 -0.033560697 -0.007071641 0.999411643 -0.239246070
0.999473631 0.007522196 0.031556811 -0.190466002 -0.007761114 0.999942064 0.007455396 -0.185570568 -0.031498905 -0.007696388 0.999474168 -0.254653424
0.999603510 -0.004527349 0.027790595 -0.207832336 0.004299851 0.999956787 0.008240476 -0.191030979 -0.027826700 -0.008117713 0.999579787 -0.267793149
0.999600947 -0.017549062 0.022136565 -0.223821521 0.017381491 0.999818981 0.007739684 -0.194563955 -0.022268381 -0.007351829 0.999724984 -0.282791227
0.999307036 -0.032476448 0.018185586 -0.240503252 0.032297499 0.999427795 0.010048984 -0.195095852 -0.018501535 -0.009454671 0.999784112 -0.295787841
0.998926401 -0.043916300 0.014742881 -0.254974663 0.043718129 0.998952627 0.013505568 -0.193255350 -0.015320554 -0.012846538 0.999800086 -0.309943348
0.998978734 -0.042887580 0.014218191 -0.271337539 0.042681973 0.998984039 0.014462009 -0.189436138 -0.014823986 -0.013840379 0.999794304 -0.318163753
0.999244869 -0.033924364 0.018943820 -0.282927305 0.033689618 0.999353230 0.012576519 -0.183088422 -0.019358218 -0.011928812 0.999741435 -0.331185669
0.999455154 -0.023500271 0.023176486 -0.293747514 0.023240294 0.999664664 0.011423622 -0.174563572 -0.023437170 -0.010878771 0.999666095 -0.347197682
0.999569237 -0.011524911 0.026990246 -0.304146349 0.011277759 0.999893248 0.009291477 -0.165584654 -0.027094446 -0.008983084 0.999592543 -0.360211998
0.999465585 -0.000501996 0.032685548 -0.315715730 0.000245162 0.999969065 0.007861247 -0.156445518 -0.032688484 -0.007849032 0.999434769 -0.371561170
0.999359667 0.007659689 0.034950867 -0.326336294 -0.007836220 0.999957204 0.004916630 -0.148163840 -0.034911714 -0.005187365 0.999376953 -0.385030538
0.999264896 0.012734394 0.036159627 -0.338056475 -0.012857615 0.999912262 0.003177183 -0.140806243 -0.036115997 -0.003639774 0.999340951 -0.398222119
0.999223530 0.012201618 0.037462439 -0.349830061 -0.012324424 0.999919415 0.003048899 -0.133967683 -0.037422221 -0.003508235 0.999293387 -0.412909150
0.999161661 0.016797272 0.037334021 -0.364114791 -0.017107697 0.999821544 0.008010903 -0.130287871 -0.037192795 -0.008642886 0.999270737 -0.423826635
0.999251544 0.014092811 0.036023598 -0.377016485 -0.014766269 0.999719858 0.018497732 -0.123442493 -0.035752822 -0.019015823 0.999179721 -0.439452976
0.999413192 0.004188301 0.033996269 -0.390282869 -0.005401514 0.999348879 0.035673615 -0.117569581 -0.033824719 -0.035836313 0.998785079 -0.454263359
0.999526024 -0.003666515 0.030566052 -0.403790236 0.002047379 0.998601139 0.052835662 -0.111877471 -0.030717015 -0.052748036 0.998135328 -0.470033377
0.999558806 -0.009280911 0.028213788 -0.417174131 0.007362914 0.997702897 0.067340322 -0.107174017 -0.028773956 -0.067102872 0.997331083 -0.484681338
0.999517858 -0.013989180 0.027719483 -0.429959863 0.011827344 0.996986032 0.076674439 -0.103672467 -0.028708551 -0.076309629 0.996670783 -0.498449653
0.999521554 -0.017687956 0.025372570 -0.441952616 0.015562222 0.996538639 0.081661232 -0.102008767 -0.026729168 -0.081227310 0.996337116 -0.510922372
0.999543905 -0.017415844 0.024672326 -0.453617007 0.015375554 0.996627986 0.080599517 -0.101745702 -0.025992837 -0.080183402 0.996441185 -0.522163510
0.999478221 -0.018185206 0.026694780 -0.476221591 0.016029961 0.996758282 0.078841567 -0.104439706 -0.028041994 -0.078372508 0.996529698 -0.525685549
0.999513388 -0.018326215 0.025242429 -0.486949056 0.016333759 0.996897638 0.076995373 -0.106442571 -0.026575152 -0.076545596 0.996711850 -0.534413159
0.999560475 -0.017680438 0.023795050 -0.497083008 0.015896441 0.997192025 0.073180705 -0.109182328 -0.025022101 -0.072770283 0.997034788 -0.542267382
0.999594569 -0.017556410 0.022416783 -0.506308258 0.015938655 0.997390687 0.070411876 -0.113572508 -0.023594471 -0.070026040 0.997266114 -0.548740923
0.999630034 -0.017528156 0.020798182 -0.515571177 0.016042726 0.997448981 0.069556639 -0.116829567 -0.021964325 -0.069197252 0.997361183 -0.554424345
0.999632359 -0.019967679 0.018341934 -0.523660064 0.018676616 0.997507155 0.068049170 -0.122319147 -0.019654995 -0.067681588 0.997513354 -0.558518767
0.999653399 -0.018901378 0.018323950 -0.533517420 0.017647866 0.997642934 0.066310897 -0.127402559 -0.019534126 -0.065964535 0.997630715 -0.564724207
0.999672174 -0.018300064 0.017905207 -0.540249944 0.017125223 0.997822046 0.063701913 -0.130421594 -0.019031959 -0.063374400 0.997808337 -0.565143645
0.999692380 -0.018075101 0.016983835 -0.546947122 0.017035171 0.998082995 0.059499003 -0.130854174 -0.018026726 -0.059191376 0.998083889 -0.564855754
0.999707758 -0.017093198 0.017094003 -0.552340329 0.016122827 0.998335302 0.055377670 -0.131357059 -0.018012127 -0.055085883 0.998319149 -0.562728584
0.999719679 -0.017239731 0.016229851 -0.558258772 0.016410947 0.998620212 0.049883187 -0.132837147 -0.017067431 -0.049602859 0.998623192 -0.561331034
0.999746799 -0.015279884 0.016517054 -0.562571645 0.014557776 0.998969495 0.042988777 -0.136324331 -0.017156895 -0.042737439 0.998939037 -0.559028685
0.999775708 -0.012424098 0.017151700 -0.567243934 0.011809526 0.999300599 0.035479415 -0.143588111 -0.017580504 -0.035268907 0.999223232 -0.557281911
0.999802768 -0.006236033 0.018856840 -0.570267856 0.005707582 0.999593019 0.027949492 -0.153352514 -0.019023461 -0.027836351 0.999431491 -0.556653678
0.999795914 -0.004364909 0.019725466 -0.574560463 0.003860710 0.999666691 0.025526997 -0.167900994 -0.019830314 -0.025445633 0.999479532 -0.557148576
0.999790490 -0.001141296 0.020438209 -0.577238381 0.000692403 0.999758661 0.021957027 -0.183806151 -0.020458337 -0.021938274 0.999549985 -0.559627891
0.999766469 0.003211105 0.021369072 -0.580434859 -0.003614532 0.999815464 0.018867221 -0.200979874 -0.021304542 -0.018940054 0.999593616 -0.559909225
0.999753237 0.004564603 0.021740288 -0.583148301 -0.004913184 0.999859810 0.016007556 -0.216060728 -0.021664172 -0.016110418 0.999635518 -0.562343121
0.999724150 0.006176737 0.022659095 -0.586623013 -0.006465842 0.999898374 0.012707873 -0.229464427 -0.022578297 -0.012850878 0.999662459 -0.563716114
0.999707103 0.006582682 0.023289019 -0.589747429 -0.006844045 0.999914289 0.011160704 -0.240290925 -0.023213556 -0.011316826 0.999666452 -0.566791475
0.999681711 0.007710829 0.024022151 -0.593257666 -0.007950906 0.999919236 0.009914558 -0.250984073 -0.023943760 -0.010102401 0.999662280 -0.568029284
0.999650300 0.009825487 0.024549942 -0.596639931 -0.010026168 0.999917209 0.008064762 -0.261626869 -0.024468672 -0.008308083 0.999666095 -0.571363688
0.999640524 0.009181482 0.025190758 -0.600558341 -0.009356988 0.999932706 0.006858047 -0.272795588 -0.025126094 -0.007091291 0.999659121 -0.572879076
0.999583304 0.011734677 0.026371622 -0.604520738 -0.011884221 0.999914110 0.005521070 -0.283858091 -0.026304571 -0.005832175 0.999636948 -0.576781332
0.999588311 0.011832685 0.026138879 -0.610858023 -0.011974747 0.999914348 0.005285063 -0.297625005 -0.026074104 -0.005595894 0.999644339 -0.573308885
0.999573767 0.011311561 0.026913298 -0.615422010 -0.011456778 0.999920607 0.005247708 -0.308979422 -0.026851801 -0.005553811 0.999624014 -0.578056693
0.999564171 0.011555894 0.027164087 -0.620689511 -0.011747747 0.999907076 0.006913767 -0.320231348 -0.027081668 -0.007229871 0.999607086 -0.582046747
0.999586344 0.010513559 0.026769884 -0.625936985 -0.010821743 0.999876559 0.011393577 -0.331002116 -0.026646793 -0.011678560 0.999576688 -0.587580919
0.999590516 0.008651146 0.027275467 -0.631610811 -0.009078919 0.999837101 0.015598808 -0.340525061 -0.027136078 -0.015840054 0.999506235 -0.591679633
0.999584556 0.007900454 0.027717588 -0.637359798 -0.008394137 0.999807417 0.017740298 -0.347149402 -0.027572094 -0.017965592 0.999458373 -0.596358538
0.999602854 0.008117994 0.026985670 -0.642791629 -0.008555140 0.999833405 0.016123429 -0.352462977 -0.026850285 -0.016347893 0.999505758 -0.599547327
0.999613047 0.005621114 0.027243657 -0.648658991 -0.006026699 0.999871910 0.014828117 -0.353661120 -0.027156817 -0.014986568 0.999518812 -0.601999283
0.999666989 -0.000387947 0.025802083 -0.656108916 -0.000036946 0.999864459 0.016464876 -0.355426699 -0.025804974 -0.016460346 0.999531448 -0.600624979
0.999725580 -0.008736353 0.021736814 -0.662204623 0.008257158 0.999723017 0.022038287 -0.352413982 -0.021923328 -0.021852752 0.999520779 -0.602172494
0.999625504 -0.018851789 0.019836415 -0.666461051 0.018340176 0.999502361 0.025664911 -0.352621794 -0.020310372 -0.025291495 0.999473751 -0.607700229
0.999554276 -0.024094433 0.017628428 -0.671150088 0.023591403 0.999323666 0.028207304 -0.353782535 -0.018296145 -0.027778851 0.999446630 -0.610534847
0.999509811 -0.026620310 0.016476573 -0.676040113 0.026095308 0.999169409 0.031297930 -0.362337589 -0.017296048 -0.030852627 0.999374270 -0.615001559
0.999451339 -0.026559973 0.019787461 -0.678569496 0.025952628 0.999202549 0.030342732 -0.369134068 -0.020577583 -0.029812548 0.999343693 -0.618960977
0.999447644 -0.025219856 0.021641895 -0.684189856 0.024496531 0.999153078 0.033060689 -0.388393104 -0.022457354 -0.032512274 0.999219000 -0.624271929
0.999450684 -0.024608565 0.022197207 -0.685408294 0.023806574 0.999078989 0.035698455 -0.398708373 -0.023055254 -0.035150405 0.999116063 -0.628563464
0.999400020 -0.023888234 0.025077917 -0.686357200 0.022954684 0.999056160 0.036876142 -0.411399662 -0.025935154 -0.036278360 0.999005139 -0.633281112
0.999411881 -0.021121176 0.027014354 -0.686310947 0.020022986 0.998987138 0.040296048 -0.423321635 -0.027838094 -0.039731443 0.998822510 -0.637461185
0.999411702 -0.020463165 0.027522165 -0.686703026 0.019260515 0.998877525 0.043274622 -0.436555088 -0.028376810 -0.042719077 0.998684049 -0.642069578
0.999388754 -0.016076222 0.031043794 -0.685329199 0.014592005 0.998766601 0.047459006 -0.448973715 -0.031768467 -0.046977006 0.998390675 -0.645488322
0.999375761 -0.015157696 0.031910948 -0.684413731 0.013498394 0.998577297 0.051586155 -0.462305129 -0.032647476 -0.051123206 0.998158574 -0.649597704
0.999396086 -0.011751908 0.032700416 -0.682496190 0.009949465 0.998450696 0.054746851 -0.475940526 -0.033293132 -0.054388441 0.997964680 -0.652044713
0.999345899 -0.007095774 0.035460528 -0.680574775 0.005109362 0.998429060 0.055797432 -0.490092874 -0.035800744 -0.055579755 0.997812212 -0.654891014
0.999330342 -0.004015629 0.036370315 -0.678484917 0.001921300 0.998347342 0.057436366 -0.502223849 -0.036540851 -0.057328019 0.997686446 -0.655263126
0.999236226 0.003137234 0.038950883 -0.679342508 -0.005504319 0.998133957 0.060813390 -0.519989371 -0.038687415 -0.060981341 0.997388899 -0.657992840
0.999146998 0.007532128 0.040602446 -0.677337945 -0.009979011 0.998124182 0.060402736 -0.527822673 -0.040071324 -0.060756385 0.997347951 -0.655321956
0.999110878 0.010758170 0.040763438 -0.676006377 -0.013140739 0.998192787 0.058639035 -0.535762846 -0.040058918 -0.059122562 0.997446656 -0.652680397
0.999098301 0.012610471 0.040540431 -0.674735665 -0.014667420 0.998598695 0.050847881 -0.544567823 -0.039842408 -0.051396653 0.997883260 -0.648649037
0.999142706 0.011602429 0.039739419 -0.674284697 -0.013265355 0.999036193 0.041840997 -0.553493977 -0.039215658 -0.042332288 0.998333693 -0.645478904
0.999227703 0.012299803 0.037318911 -0.674110830 -0.013567441 0.999332905 0.033906799 -0.562761009 -0.036876973 -0.034386937 0.998727977 -0.641437590
0.999223769 0.014061514 0.036798149 -0.674842834 -0.015125504 0.999470830 0.028797349 -0.571629465 -0.036373742 -0.029331585 0.998907685 -0.637470841
0.999293685 0.012664328 0.035379838 -0.675077140 -0.013588824 0.999569237 0.026013514 -0.581092536 -0.035035152 -0.026475912 0.999035299 -0.633675456
0.999351919 0.012748948 0.033663169 -0.681805551 -0.013447630 0.999697149 0.020610886 -0.583996236 -0.033390209 -0.021050217 0.999220669 -0.632618248
0.999388337 0.012258243 0.032751642 -0.682434380 -0.012929494 0.999709070 0.020362608 -0.590518832 -0.032492504 -0.020773616 0.999256074 -0.628856063
0.999439776 0.011323539 0.031494588 -0.683306813 -0.011918225 0.999752998 0.018758986 -0.593618035 -0.031274393 -0.019123837 0.999327898 -0.624387741
0.999549747 0.010077885 0.028262407 -0.684731781 -0.010561590 0.999799371 0.017018016 -0.594784617 -0.028085232 -0.017308850 0.999455690 -0.619273067
0.999569893 0.010989488 0.027188661 -0.685981393 -0.011445087 0.999795735 0.016658466 -0.592356503 -0.027000038 -0.016962480 0.999491513 -0.612727940
0.999591112 0.011478951 0.026188701 -0.687354386 -0.011922386 0.999787152 0.016839454 -0.587790787 -0.025989827 -0.017144801 0.999515176 -0.605919778
0.999650836 0.010832078 0.024100402 -0.689031839 -0.011303651 0.999745607 0.019517614 -0.579253674 -0.023882857 -0.019783223 0.999518991 -0.598465264
0.999651790 0.011973852 0.023514772 -0.690339327 -0.012566352 0.999603093 0.025212899 -0.569235086 -0.023203542 -0.025499616 0.999405503 -0.591184437
0.999645650 0.012522663 0.023489268 -0.692717791 -0.013350963 0.999282479 0.035443999 -0.555937052 -0.023028562 -0.035745047 0.999095559 -0.583331406
0.999696553 0.012067122 0.021476451 -0.694577813 -0.013036055 0.998876393 0.045563187 -0.546211123 -0.020902503 -0.045829330 0.998730600 -0.576193094
0.999642730 0.015127159 0.022035616 -0.695232213 -0.016286062 0.998440444 0.053398829 -0.539939344 -0.021193476 -0.053738628 0.998330116 -0.568117440
0.999703586 0.013179801 0.020470109 -0.697432518 -0.014383323 0.998106420 0.059804983 -0.533012033 -0.019643132 -0.060081683 0.998000145 -0.560725272
0.999816239 0.008738501 0.017063323 -0.700306654 -0.009791117 0.997989893 0.062612735 -0.527707696 -0.016481884 -0.062768303 0.997892022 -0.551639736
0.999838829 0.008067253 0.016038349 -0.702537835 -0.009097480 0.997828364 0.065236114 -0.524975002 -0.015477243 -0.065371506 0.997740984 -0.544230282
0.999868035 0.007003088 0.014658083 -0.705636501 -0.007996379 0.997595608 0.068840876 -0.524553478 -0.014140741 -0.068948999 0.997519970 -0.533981621
0.999847591 0.010397507 0.014023241 -0.707511723 -0.011331901 0.997601330 0.068287127 -0.527343988 -0.013279589 -0.068435632 0.997567177 -0.525509119
0.999886692 0.008767552 0.012234282 -0.711001635 -0.009629798 0.997336626 0.072297469 -0.529998600 -0.011567825 -0.072407097 0.997308075 -0.514646292
0.999906182 0.008378796 0.010836543 -0.713038325 -0.009184213 0.997023761 0.076545961 -0.537207305 -0.010162928 -0.076638304 0.997007191 -0.505391121
0.999924123 0.008157952 0.009232592 -0.715470970 -0.008882467 0.996644735 0.081365407 -0.546583951 -0.008537840 -0.081441239 0.996641576 -0.494244874
0.999957740 0.006659254 0.006337064 -0.717767239 -0.007166958 0.996457517 0.083791494 -0.558492303 -0.005756626 -0.083833367 0.996463180 -0.483769208
0.999964356 0.007457713 0.003964448 -0.720593631 -0.007777339 0.996099830 0.087889813 -0.571960032 -0.003293529 -0.087917514 0.996122301 -0.470875114
0.999939680 0.010642459 0.002718603 -0.722665548 -0.010834976 0.996325552 0.084958561 -0.587553084 -0.001804446 -0.084982894 0.996380806 -0.458399922
0.999938905 0.011050032 0.000321122 -0.725409508 -0.011040558 0.996769965 0.079547413 -0.603606820 0.000558916 -0.079546101 0.996831059 -0.442876101
0.999940932 0.010692381 -0.001940958 -0.727253020 -0.010517607 0.997152269 0.074677296 -0.620573401 0.002733909 -0.074652471 0.997205853 -0.428191006
0.999885738 0.015011948 -0.001768396 -0.730473816 -0.014846321 0.997309864 0.071781978 -0.640194535 0.002841226 -0.071747527 0.997418761 -0.409763277
0.999791622 0.020300327 -0.002137666 -0.732162237 -0.020110307 0.997526109 0.067358635 -0.657107770 0.003499779 -0.067301609 0.997726560 -0.392945826
0.999715149 0.023793736 -0.001866625 -0.734376013 -0.023623275 0.997626722 0.064674839 -0.673963666 0.003401051 -0.064612314 0.997904658 -0.374096811
0.999707580 0.024024179 -0.002752361 -0.736633182 -0.023812978 0.997872353 0.060693447 -0.689609826 0.004204615 -0.060610157 0.998152673 -0.355041951
0.999651551 0.026237659 -0.002892267 -0.739436984 -0.026025865 0.997976720 0.058009207 -0.702474058 0.004408441 -0.057913721 0.998311877 -0.333554894
0.999631405 0.026970806 -0.003097482 -0.742258966 -0.026765211 0.998192072 0.053816959 -0.710943401 0.004543369 -0.053714216 0.998546004 -0.310956270
0.999565899 0.029363267 -0.002409568 -0.745805800 -0.029211286 0.998387098 0.048681136 -0.714763105 0.003835119 -0.048589621 0.998811483 -0.285526752
0.999541283 0.030231951 -0.001797097 -0.749179184 -0.030130195 0.998667538 0.041897148 -0.713274300 0.003061335 -0.041823782 0.999120295 -0.259032935
0.999550939 0.029954892 -0.000780011 -0.755879581 -0.029905535 0.998867571 0.037003193 -0.715383768 0.001887554 -0.036963250 0.999314845 -0.228374302
0.999544144 0.030171979 0.001086332 -0.759627938 -0.030191034 0.999086738 0.030236254 -0.706050694 -0.000173052 -0.030255267 0.999542177 -0.199362859
0.999538362 0.030164804 0.003630442 -0.763256907 -0.030242648 0.999260664 0.023738932 -0.690260351 -0.002911677 -0.023837768 0.999711573 -0.168340862
0.999555051 0.029053612 0.006752220 -0.767624795 -0.029192114 0.999344528 0.021408746 -0.677336454 -0.006125793 -0.021596333 0.999747992 -0.139303893
0.999526024 0.028930038 0.010523885 -0.774654567 -0.029147018 0.999352753 0.021084411 -0.673716009 -0.009907099 -0.021381157 0.999722302 -0.110307716
0.999548614 0.026737221 0.013701986 -0.780170262 -0.026990380 0.999461949 0.018636953 -0.666662574 -0.013196313 -0.018998362 0.999732435 -0.083572164
0.999521971 0.025722606 0.017150592 -0.787103653 -0.026085095 0.999433696 0.021257978 -0.665057898 -0.016594067 -0.021695193 0.999626935 -0.058274001
0.999367654 0.027509201 0.022527479 -0.793862641 -0.027978379 0.999392450 0.020783577 -0.664528251 -0.021942053 -0.021400716 0.999530196 -0.033881985
0.999264240 0.028012611 0.026196171 -0.804325759 -0.028634109 0.999309957 0.023658397 -0.677159131 -0.025515359 -0.024391094 0.999376833 -0.002349821
0.999223769 0.026764911 0.028905950 -0.812508404 -0.027386837 0.999397159 0.021338223 -0.683416128 -0.028317407 -0.022113303 0.999354362 0.020160265
0.999228001 0.023440845 0.031526756 -0.821241379 -0.024179131 0.999437392 0.023243958 -0.690458417 -0.030964160 -0.023988305 0.999232590 0.042512532
0.999204695 0.021628829 0.033499435 -0.830547035 -0.022324560 0.999539852 0.020535558 -0.695364296 -0.033039860 -0.021267086 0.999227762 0.064711824
0.999134243 0.021087974 0.035861015 -0.840399265 -0.021792475 0.999574900 0.019369194 -0.699153364 -0.035437316 -0.020133926 0.999169052 0.087606847
0.999083698 0.020211419 0.037725847 -0.850437164 -0.020899327 0.999620795 0.017929994 -0.699022949 -0.037349153 -0.018702008 0.999127269 0.109726399
0.998955131 0.022191005 0.039953019 -0.860757470 -0.022822240 0.999620736 0.015413275 -0.698477924 -0.039595831 -0.016308988 0.999082685 0.133026019
0.998936176 0.021485310 0.040803153 -0.871611178 -0.021974418 0.999691486 0.011576530 -0.693850100 -0.040541839 -0.012460839 0.999100149 0.155412719
0.998851180 0.022431321 0.042345531 -0.884898424 -0.022914115 0.999677479 0.010950479 -0.689335644 -0.042086236 -0.011908210 0.999042988 0.186579362
0.998738229 0.019618003 0.046228603 -0.896167278 -0.020141060 0.999737978 0.010876012 -0.679235220 -0.046003126 -0.011793382 0.998871684 0.210496485
0.998580456 0.014551548 0.051237967 -0.908241987 -0.014987314 0.999854624 0.008130804 -0.668270051 -0.051112201 -0.008887181 0.998653352 0.235831484
0.998253167 0.007854215 0.058556631 -0.919815779 -0.008276955 0.999941409 0.006980290 -0.654287279 -0.058498375 -0.007452768 0.998259664 0.260535657
0.997741699 -0.003730155 0.067063779 -0.932273567 0.003225450 0.999965668 0.007632450 -0.639411807 -0.067089945 -0.007398903 0.997719526 0.286250949
0.996858180 -0.014316509 0.077902496 -0.944262624 0.013939668 0.999888361 0.005379016 -0.623393834 -0.077970803 -0.004276181 0.996946454 0.311234474
0.995539308 -0.026639568 0.090508930 -0.955927849 0.026310949 0.999642193 0.004822208 -0.608388364 -0.090605013 -0.002419322 0.995883942 0.338228673
0.993902624 -0.038214423 0.103427686 -0.967172384 0.037355728 0.999249697 0.010227380 -0.593393505 -0.103740923 -0.006301404 0.994584382 0.359853327
0.991902471 -0.050289873 0.116620846 -0.979298294 0.048828166 0.998689115 0.015358901 -0.573637128 -0.117240362 -0.009540150 0.993057728 0.391984373
0.989446342 -0.058660954 0.132494703 -0.989146709 0.056403957 0.998192847 0.020727312 -0.559145331 -0.133471146 -0.013035340 0.990966976 0.410719424
0.986730158 -0.068378769 0.147268221 -0.998807907 0.065164454 0.997521341 0.026547134 -0.545850992 -0.148718461 -0.016598206 0.988740265 0.430356652
0.984484494 -0.073837131 0.159180164 -1.007388711 0.070206612 0.997130394 0.028319623 -0.536475360 -0.160814434 -0.016704731 0.986843288 0.446009248
0.982091427 -0.079252459 0.170925274 -1.016005158 0.074634276 0.996655226 0.033287603 -0.526712775 -0.172991708 -0.019934587 0.984721541 0.463715851
0.980331182 -0.079841167 0.180488661 -1.023326635 0.074392289 0.996550918 0.036770742 -0.522749364 -0.182801947 -0.022620544 0.982889473 0.476103485
0.979021609 -0.078025833 0.188224882 -1.031394958 0.071682587 0.996613622 0.040285878 -0.518943369 -0.190730810 -0.025948301 0.981299341 0.492229283
0.977596343 -0.077599213 0.195662275 -1.037368536 0.070679501 0.996609688 0.042113896 -0.521072567 -0.198266909 -0.027341079 0.979766667 0.504728317
0.976506352 -0.076227263 0.201555699 -1.045367002 0.069181636 0.996728718 0.041782930 -0.517953336 -0.204081357 -0.026857346 0.978585482 0.526281416
0.975835323 -0.079460822 0.203546971 -1.051007509 0.071980141 0.996439159 0.043906890 -0.520436525 -0.206311047 -0.028194560 0.978080153 0.538857579
0.975044608 -0.078734398 0.207578734 -1.056759953 0.070655659 0.996436715 0.046061661 -0.520579338 -0.210465714 -0.030245561 0.977133274 0.553176582
0.974080026 -0.080946609 0.211224452 -1.061507225 0.072239265 0.996200979 0.048631992 -0.522888303 -0.214358613 -0.032112751 0.976226985 0.566493332
0.972359002 -0.082870305 0.218289807 -1.065712452 0.073955253 0.996071100 0.048713483 -0.523278713 -0.221469060 -0.031223319 0.974667430 0.580388427
0.969524801 -0.092278086 0.226950362 -1.068824172 0.082699873 0.995249271 0.051377412 -0.527236879 -0.230613187 -0.031042907 0.972550213 0.594186902
0.966010094 -0.101203412 0.237870529 -1.071405172 0.090754941 0.994380713 0.054502457 -0.530446529 -0.242049709 -0.031061994 0.969766498 0.608178258
0.960934758 -0.113835014 0.252281457 -1.072637439 0.103093140 0.993125439 0.055440702 -0.536709607 -0.256858200 -0.027266413 0.966064394 0.622579098
0.954545796 -0.126102433 0.270075023 -1.073352098 0.114174739 0.991677642 0.059494399 -0.540449321 -0.275329769 -0.025954382 0.960999429 0.639353633
0.946930289 -0.139357448 0.289659321 -1.071945190 0.126468390 0.989977837 0.062846325 -0.546946824 -0.295514405 -0.022878347 0.955064297 0.653136551
0.937917173 -0.150963768 0.312284112 -1.069008589 0.137671605 0.988387287 0.064320013 -0.555120826 -0.318367660 -0.017334195 0.947808862 0.666870356
0.927376866 -0.160325170 0.338035464 -1.064442754 0.146077722 0.986977518 0.067354575 -0.562665522 -0.344432056 -0.013083624 0.938720107 0.679605186
0.916170180 -0.164043933 0.365679830 -1.058635950 0.148974270 0.986412168 0.069265872 -0.572021663 -0.372073680 -0.008982440 0.928159714 0.692195058
0.903533757 -0.166305870 0.394929260 -1.051157475 0.150800139 0.986066520 0.070229389 -0.580154002 -0.401106089 -0.003899246 0.916023314 0.703868330
0.889311075 -0.164738283 0.426599532 -1.042627215 0.148267373 0.986337125 0.071804278 -0.588743687 -0.432599872 -0.000605561 0.901585817 0.716987431
0.874522865 -0.162971258 0.456782371 -1.033923268 0.146090269 0.986624658 0.072314948 -0.591676772 -0.462457985 0.003490370 0.886634350 0.728641510
0.858502328 -0.159880236 0.487249523 -1.025747418 0.141015783 0.987128556 0.075443834 -0.595226228 -0.493039876 0.003941156 0.869997799 0.744217932
0.842085004 -0.157727182 0.515766442 -1.016737700 0.138915837 0.987447381 0.075166494 -0.589201570 -0.521148026 0.008351546 0.853425443 0.758017659
0.824947894 -0.160161838 0.542041719 -1.008699059 0.141626433 0.986991525 0.076090001 -0.584884286 -0.547177255 0.013997130 0.836899757 0.774846256
0.809063852 -0.166846931 0.563540459 -1.001102090 0.148739219 0.985770524 0.078314275 -0.576987028 -0.568588018 0.020459305 0.822367966 0.789199173
0.793617427 -0.174954504 0.582719743 -0.994539142 0.158261448 0.984155834 0.079941437 -0.572508633 -0.587473094 0.028779151 0.808731794 0.804608047
0.778628409 -0.183042228 0.600194514 -0.987959743 0.166545808 0.982485771 0.083571404 -0.568209469 -0.604979694 0.034888793 0.795476198 0.818056345
0.765913010 -0.193108618 0.613258839 -0.983577728 0.176314265 0.980347574 0.088498004 -0.571529150 -0.618296504 0.040344499 0.784908772 0.832173586
0.754522502 -0.201843649 0.624463737 -0.977707744 0.185120821 0.978347778 0.092552163 -0.574058235 -0.629623830 0.045768537 0.775550902 0.843926370
0.745019674 -0.214813322 0.631506860 -0.973703980 0.195758969 0.975451231 0.100862928 -0.581037283 -0.637670815 0.048478253 0.768782020 0.857480645
0.736974478 -0.224880219 0.637414753 -0.968293548 0.200761765 0.973301351 0.111261800 -0.585078895 -0.645417273 0.045971390 0.762445569 0.868187606
0.729748011 -0.237172291 0.641262293 -0.964921653 0.207549438 0.970492482 0.122750290 -0.588187039 -0.651453137 0.043516807 0.757439911 0.882753134
0.724369645 -0.247453615 0.643471360 -0.959308565 0.212185577 0.968078315 0.133422732 -0.589242339 -0.655946612 0.039887935 0.753752649 0.894994438
0.720176637 -0.255584538 0.644997776 -0.954236269 0.216590896 0.966032386 0.140960544 -0.588836551 -0.659116089 0.038184151 0.751071215 0.909597337
0.716697276 -0.262704909 0.646011710 -0.947325706 0.219950020 0.964205921 0.148084104 -0.586075425 -0.661790729 0.035958815 0.748825729 0.923901379
0.713882089 -0.264544845 0.648373544 -0.940746605 0.219950899 0.963746011 0.151047215 -0.582023382 -0.664826214 0.034780454 0.746187925 0.939458132
0.712924659 -0.254622668 0.653380275 -0.931280136 0.209930912 0.966512680 0.147588074 -0.579591095 -0.669079542 0.031945549 0.742503881 0.954447150
0.711541414 -0.242761314 0.659375250 -0.921782613 0.200320452 0.969561219 0.140793353 -0.575986028 -0.673483789 0.031906046 0.738512993 0.971575499
0.711403072 -0.232169151 0.663327336 -0.910849869 0.189494371 0.972267032 0.137071893 -0.575022995 -0.676755190 0.028183434 0.735668480 0.986985803
0.711982131 -0.224275500 0.665418625 -0.901491225 0.182018936 0.974178672 0.133585319 -0.571116567 -0.678196549 0.026008423 0.734420180 1.003720522
0.712334156 -0.216053590 0.667758107 -0.890808940 0.172632501 0.976145208 0.131675899 -0.571131468 -0.680277944 0.021479499 0.732639432 1.020189643
0.713248789 -0.212094441 0.668051064 -0.880799413 0.167937651 0.977067828 0.130902156 -0.571040690 -0.680494845 0.018825095 0.732511044 1.037482262
0.714580297 -0.209004730 0.667601824 -0.870817542 0.164495558 0.977768660 0.130037129 -0.572556317 -0.679938555 0.016895555 0.733074546 1.055176258
0.715462625 -0.207869232 0.667010963 -0.861327171 0.164759994 0.977985799 0.128054172 -0.573649168 -0.678945839 0.018278752 0.733960867 1.073562145
0.716488242 -0.206414118 0.666361690 -0.852034450 0.166370496 0.978219032 0.124130383 -0.576945841 -0.677469969 0.021924958 0.735223651 1.091880560
0.717349648 -0.208714947 0.664716244 -0.843121052 0.171966031 0.977597058 0.121374145 -0.579544783 -0.675157189 0.027240898 0.737170696 1.111804724
0.718636274 -0.210724130 0.662689447 -0.834475160 0.176976517 0.977023780 0.118759610 -0.584141195 -0.672488809 0.031935476 0.739417970 1.130555391
0.719284713 -0.217565030 0.659768820 -0.822823644 0.188657910 0.975179851 0.115898602 -0.589901507 -0.668608785 0.041106515 0.742477298 1.153102517
0.719228923 -0.221656233 0.658466637 -0.814490318 0.193258524 0.974166512 0.116836525 -0.595187068 -0.667353690 0.043222062 0.743485689 1.171553612
0.718960404 -0.223228440 0.658228815 -0.806056440 0.196796820 0.973647714 0.115243748 -0.600473523 -0.666608632 0.046681613 0.743944764 1.191082239
0.718664527 -0.227300942 0.657157183 -0.797661662 0.200303525 0.972676575 0.117383271 -0.605954230 -0.665882707 0.047271699 0.744557321 1.209310293
0.718040168 -0.231151119 0.656496406 -0.789021850 0.204428330 0.971678376 0.118533492 -0.611552536 -0.665302515 0.049094651 0.744957924 1.228743196
0.717511833 -0.232718453 0.656520307 -0.780100465 0.206529275 0.971230924 0.118558645 -0.617339730 -0.665223658 0.050523434 0.744932830 1.246707320
0.714899778 -0.234256357 0.658818841 -0.770827293 0.210256696 0.970623553 0.116970375 -0.623426080 -0.666866183 0.054898981 0.743152499 1.265639424
0.710600555 -0.236931503 0.662503064 -0.760865092 0.215076953 0.969672263 0.116093203 -0.629438519 -0.669916928 0.059993252 0.740008116 1.282993555
0.704388261 -0.239176556 0.668305159 -0.749246597 0.217756227 0.968934298 0.117253996 -0.635371745 -0.675588250 0.062935270 0.734588146 1.304920197
0.695900083 -0.243593365 0.675563037 -0.738065660 0.221531063 0.967652798 0.120714620 -0.640473247 -0.683115780 0.065652862 0.727353156 1.321321845
0.685482919 -0.248155758 0.684493899 -0.725963354 0.226331666 0.966174304 0.123617202 -0.645432830 -0.692016721 0.070185140 0.718461514 1.337882996
0.673892796 -0.251192331 0.694817305 -0.713785052 0.228570506 0.965175629 0.127245992 -0.649458051 -0.702583909 0.073064551 0.707840025 1.353222489
0.659863710 -0.257978350 0.705710351 -0.700765610 0.237360016 0.962686777 0.129978374 -0.653880000 -0.712909639 0.081739396 0.696475744 1.368419051
0.644726336 -0.262687713 0.717860162 -0.687309623 0.242464453 0.960881889 0.133854270 -0.657107651 -0.724940717 0.087756172 0.683198333 1.382753372
0.627837896 -0.266585380 0.731267333 -0.672906935 0.248646155 0.958981812 0.136121288 -0.661468685 -0.737560034 0.096364677 0.668370485 1.397498846
0.608320713 -0.272351235 0.745500386 -0.658214152 0.255197853 0.956522524 0.141204447 -0.663676023 -0.751545131 0.104352482 0.651375890 1.410246134
0.587379098 -0.274541736 0.761322916 -0.640175223 0.257815421 0.955170631 0.145534575 -0.666372538 -0.767148554 0.110796802 0.631828368 1.426970720
0.565961599 -0.279602021 0.775570929 -0.624565542 0.263230294 0.952779174 0.151399136 -0.667729616 -0.781279266 0.118467651 0.612836123 1.438134909
0.543337941 -0.283743024 0.790110052 -0.607798398 0.264287114 0.951110184 0.159817845 -0.669379890 -0.796828926 0.121980786 0.591763854 1.449803829
0.521869779 -0.289773524 0.802298725 -0.591258347 0.267386973 0.948702335 0.168724716 -0.670258045 -0.810034692 0.126471907 0.572580695 1.459609270
0.502979338 -0.291778326 0.813558400 -0.574379385 0.265220344 0.947985113 0.176018298 -0.671679199 -0.822599590 0.127238631 0.554202437 1.470801711
0.485311210 -0.293888122 0.823470056 -0.557352245 0.264215082 0.947080374 0.182288557 -0.672634065 -0.833464801 0.129106492 0.537278414 1.479671359
