0.999981344 -0.005973049 -0.001277495 0.606701493 0.004392958 0.848595440 -0.529024124 -1.003584981 0.004243963 0.529008627 0.848605812 1.747119427
0.999982953 -0.004563616 0.003634711 0.608722508 0.005793226 0.850408196 -0.526091516 -1.004609704 -0.000690108 0.526103675 0.850420177 1.745360374
0.999968529 -0.004917380 0.006221785 0.611111939 0.007446895 0.851996541 -0.523494482 -1.005750537 -0.002726719 0.523524404 0.852006376 1.741814613
0.999938726 -0.005689098 0.009496545 0.614945471 0.009805306 0.853362799 -0.521225333 -1.008553028 -0.005138697 0.521286488 0.853366256 1.737553954
0.999864042 -0.006884313 0.014984824 0.619539678 0.013665961 0.854485154 -0.519296050 -1.012946844 -0.009229314 0.519430161 0.854463041 1.733457804
0.999773145 -0.007792675 0.019822797 0.624587417 0.016937789 0.855159044 -0.518088877 -1.017931342 -0.012914347 0.518307149 0.855097055 1.727484226
0.999657214 -0.007528670 0.025076028 0.629955351 0.019409724 0.855883300 -0.516804636 -1.023165703 -0.017571304 0.517114222 0.855736017 1.720716953
0.999534845 -0.007012256 0.029679369 0.635377944 0.021290708 0.857233524 -0.514487565 -1.029526114 -0.021834433 0.514880121 0.856984138 1.713634133
0.999419868 -0.005552341 0.033602152 0.640817404 0.021933250 0.859718561 -0.510296941 -1.034827709 -0.026055053 0.510737896 0.859341621 1.707570195
0.999308586 -0.004562383 0.036899630 0.645937800 0.022563413 0.863217890 -0.504327059 -1.039405346 -0.029551487 0.504810929 0.862723947 1.701102138
0.999224782 -0.004861552 0.039067235 0.650968850 0.023729755 0.866191924 -0.499147773 -1.043823123 -0.031413089 0.499687850 0.865635753 1.694513202
0.999013543 -0.006188230 0.043973267 0.655519783 0.027170807 0.868426323 -0.495073199 -1.049392939 -0.035123914 0.495779634 0.867737830 1.688179135
0.998685062 -0.006793518 0.050813496 0.659247398 0.031119261 0.868012130 -0.495566905 -1.056254745 -0.040740088 0.496496558 0.867082119 1.681299686
0.998314857 -0.002332948 0.057983037 0.662459731 0.030947644 0.866643429 -0.497967362 -1.064382672 -0.049088884 0.498922646 0.865255177 1.671668887
0.997950792 -0.000404002 0.063984379 0.665123820 0.032458015 0.864966214 -0.500779390 -1.074342847 -0.055142011 0.501829982 0.863206863 1.660243154
0.997674644 -0.000270078 0.068156213 0.667257071 0.034381777 0.865427554 -0.499853015 -1.086245179 -0.058849260 0.501034021 0.863424420 1.648247600
0.997405171 -0.000166008 0.071992077 0.669269204 0.035807885 0.868671417 -0.494092822 -1.099970698 -0.062455438 0.495388627 0.866423368 1.633209229
0.996980548 0.001943000 0.077627018 0.671470582 0.036311921 0.871982992 -0.488187581 -1.115025759 -0.068637997 0.489532322 0.869279563 1.619282126
0.996128857 0.006371045 0.087673627 0.672858179 0.037254013 0.872777343 -0.486694902 -1.131663561 -0.079620309 0.488077015 0.869161367 1.604119778
0.995163202 0.012064775 0.097491801 0.674295187 0.037397593 0.871172309 -0.489551008 -1.148915887 -0.090838477 0.490829110 0.866507471 1.589278579
0.994510114 0.012588995 0.103880242 0.675194025 0.041003630 0.866461277 -0.497557610 -1.166677713 -0.096271962 0.499085575 0.861188293 1.574087620
0.993701100 0.017117841 0.110747799 0.676260531 0.041688278 0.860869348 -0.507115483 -1.184259772 -0.104020104 0.508538127 0.854733229 1.557483673
0.992654860 0.024252877 0.118524700 0.676175356 0.040704638 0.855629086 -0.515986443 -1.200956106 -0.113927335 0.517020941 0.848357201 1.543306112
0.991535544 0.032633021 0.125667587 0.676145494 0.038213730 0.851676404 -0.522672951 -1.215533137 -0.124084510 0.523051083 0.843220353 1.528773546
0.990801573 0.037097301 0.130138546 0.674899757 0.037433777 0.849026084 -0.527023137 -1.230254889 -0.130042166 0.527046978 0.839827716 1.515263319
0.990365922 0.038218036 0.133096486 0.673770070 0.038504109 0.847252905 -0.529792368 -1.242696166 -0.133014023 0.529813111 0.837618887 1.501938343
0.989970982 0.038393728 0.135953397 0.675070524 0.039987780 0.846846819 -0.530331492 -1.251834393 -0.135493100 0.530449271 0.836818516 1.492861986
0.989458323 0.037404429 0.139904082 0.676313758 0.042617220 0.848082483 -0.528147638 -1.257835746 -0.138405263 0.528542340 0.837548196 1.486189246
0.989098132 0.033004187 0.143511727 0.678381920 0.047579654 0.850661933 -0.523555636 -1.258353829 -0.139359489 0.524676085 0.839817822 1.483054399
0.989012599 0.029604986 0.144836411 0.680702925 0.050330602 0.853779376 -0.518196523 -1.254636884 -0.138999537 0.519792616 0.842908502 1.487917304
0.989124715 0.025906168 0.144779861 0.683345616 0.052303843 0.858063400 -0.510873258 -1.243961453 -0.137465060 0.512889922 0.847376704 1.498926520
0.989849865 0.018587315 0.140896097 0.686933219 0.055116057 0.863608778 -0.501140833 -1.230288148 -0.130993977 0.503819823 0.853818595 1.514340878
0.990307212 0.011302432 0.138433784 0.688191473 0.058217905 0.871127367 -0.487593979 -1.208895683 -0.126104444 0.490927130 0.862025678 1.533156514
0.990363181 0.004203785 0.138431042 0.691070914 0.061873067 0.880815029 -0.469400316 -1.189285874 -0.123905398 0.473441929 0.872066617 1.554245949
0.990318954 -0.004005279 0.138752595 0.692809105 0.066535577 0.890967727 -0.449165463 -1.168488860 -0.121825054 0.454049051 0.882608712 1.575116038
0.990314901 -0.013054095 0.138224557 0.694949865 0.071606621 0.900966108 -0.427939922 -1.147334099 -0.118949279 0.433693081 0.893174887 1.593285084
0.990384579 -0.019888418 0.136904299 0.694516480 0.074545868 0.910370708 -0.407023400 -1.124717712 -0.116538614 0.413315386 0.903099775 1.611067891
0.990888536 -0.028049566 0.131731242 0.695223987 0.077652611 0.918124318 -0.388610154 -1.106782198 -0.110045306 0.395298630 0.911936939 1.626231074
0.991063118 -0.032488849 0.129377082 0.695795000 0.079061672 0.924238145 -0.373541266 -1.090939283 -0.107439309 0.380431741 0.918546975 1.639360189
0.991688669 -0.035380933 0.123700306 0.696185052 0.078570247 0.927886009 -0.364491880 -1.077673674 -0.101883724 0.371181607 0.922953904 1.649276018
0.992292762 -0.033999708 0.119160056 0.696762323 0.075082183 0.929967523 -0.359893173 -1.067744851 -0.098578721 0.366066188 0.925352812 1.657155871
0.992543578 -0.027614603 0.118720874 0.697555423 0.068851352 0.930745840 -0.359126329 -1.061331987 -0.100581825 0.364622653 0.925707102 1.660895228
0.992778540 -0.018884750 0.118465774 0.698279798 0.060680598 0.930930018 -0.360121012 -1.059276223 -0.103482552 0.364708960 0.925353289 1.660576463
0.992965281 -0.010979636 0.117895871 0.698586881 0.053157970 0.931046009 -0.361009121 -1.062241435 -0.105802730 0.364736617 0.925080001 1.655740023
0.993245661 -0.005110476 0.115918033 0.697774172 0.047018487 0.931057155 -0.361831278 -1.069731116 -0.106077187 0.364837617 0.925008714 1.645113945
0.993620276 -0.000585536 0.112776056 0.697645307 0.041823432 0.930593848 -0.363656312 -1.082237720 -0.104735777 0.366052955 0.924681425 1.630993843
0.993737936 0.003690431 0.111674696 0.697575867 0.038074397 0.928455472 -0.369487226 -1.098872066 -0.105048552 0.371425450 0.922500908 1.613629580
0.993811011 0.005443912 0.110950619 0.697417200 0.037372984 0.924188018 -0.380104989 -1.118506551 -0.104608491 0.381899089 0.918264747 1.594122052
0.993676901 0.007982749 0.111993395 0.696177065 0.037084524 0.918154836 -0.394482523 -1.140330195 -0.105976336 0.396141380 0.912053227 1.571648121
0.993528783 0.009995217 0.113139920 0.696250498 0.037952628 0.909649253 -0.413639784 -1.163086891 -0.107052065 0.415256977 0.903383374 1.550606966
0.993429184 0.014013176 0.113587104 0.696496248 0.037057713 0.899623275 -0.435091615 -1.186599970 -0.108282618 0.436442018 0.893192768 1.529180527
0.993500233 0.016317125 0.112654515 0.698514521 0.037447684 0.887733340 -0.458832443 -1.209432721 -0.107493989 0.460068762 0.881352246 1.506837130
0.993426502 0.018408850 0.112981983 0.697513521 0.038191382 0.877133608 -0.478725523 -1.230925798 -0.107913084 0.479893535 0.870664716 1.484391809
0.993285537 0.019004777 0.114117086 0.698346496 0.040529225 0.866737902 -0.497114420 -1.250849843 -0.108357161 0.498401642 0.860147953 1.464977264
0.993172944 0.016436411 0.115487546 0.699186862 0.045437716 0.857321501 -0.512772202 -1.267642975 -0.107438087 0.514518976 0.850721657 1.448822737
0.992895842 0.017176662 0.117740303 0.700448990 0.047570590 0.849698424 -0.525118649 -1.279708624 -0.109063536 0.526989162 0.842844963 1.437787056
0.992656887 0.016257526 0.119866669 0.701685250 0.050533891 0.844580293 -0.533038914 -1.286604285 -0.109902918 0.535182059 0.837556839 1.430963278
0.992173970 0.017137749 0.123681448 0.703353703 0.052111737 0.843311071 -0.534893274 -1.286959052 -0.113468803 0.537152410 0.835818231 1.432312489
0.992146015 0.016351650 0.124011762 0.704936206 0.052402496 0.845889747 -0.530777276 -1.281326652 -0.113579370 0.533107102 0.838389277 1.439735055
0.992404640 0.013845561 0.122234583 0.706215382 0.052478462 0.851045370 -0.522463262 -1.270403624 -0.111260965 0.524909675 0.843854785 1.452425480
0.992637694 0.012607260 0.120463729 0.707092285 0.051284477 0.857268274 -0.512309551 -1.256555080 -0.109728545 0.514715672 0.850310206 1.468353391
0.992845416 0.012686787 0.118730724 0.708096802 0.049000591 0.863469362 -0.502015591 -1.238949180 -0.108889312 0.504241705 0.856669962 1.487524033
0.992887735 0.013997689 0.118228681 0.708824992 0.046314690 0.869425893 -0.491887838 -1.219670296 -0.109676369 0.493865103 0.862594008 1.507749796
0.993385255 0.011970144 0.114203520 0.709622502 0.044862997 0.875047922 -0.481952727 -1.199065447 -0.105702601 0.483888268 0.868722737 1.529636621
0.993867934 0.009047154 0.110202700 0.706914663 0.043854982 0.882655442 -0.467970252 -1.178992033 -0.101504818 0.469933569 0.876846194 1.548351049
0.994273067 0.004061084 0.106792159 0.705686808 0.044724349 0.891750872 -0.450311095 -1.157737494 -0.097060762 0.452508420 0.886462271 1.568513513
0.994669080 -0.002023647 0.103098407 0.704064310 0.046538554 0.901003718 -0.431307912 -1.136690140 -0.092019230 0.433806717 0.896294713 1.588368058
0.994936883 -0.009000519 0.100097641 0.701893389 0.049890958 0.908826590 -0.414180011 -1.116903305 -0.087243557 0.417076975 0.904674172 1.606850147
0.995030820 -0.014008913 0.098576859 0.699366689 0.052594785 0.914604843 -0.400913745 -1.099316716 -0.084542513 0.404106170 0.910796762 1.625026941
0.995342612 -0.019617677 0.094383277 0.697519481 0.055244721 0.918433070 -0.391699761 -1.084458828 -0.079000480 0.395089656 0.915239394 1.639492869
0.995652854 -0.018021181 0.091382071 0.696988642 0.052002385 0.921507120 -0.384864092 -1.071692348 -0.077273518 0.387943089 0.918438315 1.650022030
0.995624781 -0.011059001 0.092784539 0.697129130 0.045505296 0.924651682 -0.378085434 -1.063707829 -0.081612140 0.380653441 0.921109378 1.656220913
0.995565891 -0.004955256 0.093935862 0.696760356 0.039633550 0.927742422 -0.371110797 -1.061102748 -0.085309327 0.373188257 0.923825145 1.658598065
0.995593786 -0.000191489 0.093770847 0.696849763 0.034429528 0.930900037 -0.363647878 -1.064278960 -0.087221652 0.365274072 0.926804900 1.654064655
0.995750189 0.000520317 0.092093959 0.696945727 0.032781072 0.932488799 -0.359708250 -1.073770046 -0.086063758 0.361198485 0.928508878 1.642697811
0.995862961 0.000902156 0.090863436 0.696554959 0.032097515 0.931996942 -0.361042231 -1.088074684 -0.085010156 0.362465054 0.928112268 1.626767397
0.995600879 0.003620111 0.093625911 0.696396589 0.031137399 0.929677546 -0.367056042 -1.106036901 -0.088370688 0.368356556 0.925475061 1.608487487
0.994790196 0.007051537 0.101699419 0.697149754 0.031897821 0.925981641 -0.376218796 -1.127425313 -0.096824713 0.377502739 0.920932472 1.588517547
0.993326962 0.015245827 0.114320301 0.699202478 0.030510681 0.921173215 -0.387955010 -1.150887847 -0.111223496 0.388854146 0.914560974 1.567100644
0.992105246 0.019488361 0.123884402 0.700203657 0.032167919 0.915254354 -0.401590258 -1.174982190 -0.121212073 0.402404934 0.907401741 1.544988513
0.991085827 0.023932811 0.131057516 0.700199425 0.032825861 0.909534872 -0.414329350 -1.200415373 -0.129117444 0.414938033 0.900641501 1.521277428
0.991015673 0.016691238 0.132700324 0.699012876 0.041688133 0.904203713 -0.425062060 -1.225564241 -0.127082944 0.426775157 0.895384192 1.497392774
0.990579844 0.013215704 0.136297092 0.698476434 0.047282249 0.901106834 -0.431011468 -1.250437021 -0.128514364 0.433395714 0.891993403 1.473469615
0.990295947 0.003438640 0.138931885 0.697831452 0.058095612 0.897911727 -0.436324984 -1.274235368 -0.126248941 0.440162212 0.888998568 1.450615764
0.990028977 -0.002691865 0.140837952 0.697107852 0.065331876 0.894555330 -0.442156672 -1.295245290 -0.124797121 0.446949124 0.885811627 1.427712917
0.990078568 -0.010427687 0.140127346 0.695981443 0.073108733 0.889861703 -0.450334638 -1.313154817 -0.119998015 0.456111223 0.881795347 1.408144951
0.990403891 -0.010856535 0.137776062 0.695571661 0.073749214 0.884622097 -0.460439861 -1.324783564 -0.116880968 0.466182292 0.876933813 1.394408703
0.990319669 -0.003825869 0.138752744 0.696295619 0.069323853 0.879656672 -0.470529884 -1.330394745 -0.120254591 0.475593895 0.871406496 1.387627363
0.989681780 0.006399596 0.143139675 0.696725011 0.063502386 0.875939131 -0.478223890 -1.329756021 -0.128442094 0.482379168 0.866494656 1.386565447
0.989034414 0.017101739 0.146691695 0.698282719 0.056680065 0.873253465 -0.483958483 -1.323636770 -0.136375561 0.486966074 0.862708390 1.393546462
0.988356650 0.025658213 0.149976045 0.699384332 0.050944448 0.872984111 -0.485080808 -1.311690688 -0.143373013 0.487073272 0.861512542 1.406478643
0.988043308 0.030279849 0.151173949 0.699962854 0.047146153 0.874216497 -0.483241916 -1.295692682 -0.146791250 0.484591186 0.862336159 1.424364328
0.987165749 0.037121270 0.155324832 0.701406240 0.042613331 0.876116276 -0.480212867 -1.277336836 -0.153908715 0.480668604 0.863290131 1.445690632
0.986598313 0.039100748 0.158413827 0.702354193 0.041803028 0.877889574 -0.477034986 -1.256032109 -0.157722265 0.477264106 0.864489853 1.469292164
0.985361457 0.041760780 0.165284082 0.704039693 0.042006381 0.880163193 -0.472808838 -1.234143496 -0.165221825 0.472830594 0.865524650 1.494202733
0.984862864 0.039562665 0.168760151 0.704911947 0.044681169 0.882757425 -0.467699647 -1.211208940 -0.167477727 0.468160391 0.867627263 1.519058347
0.984953046 0.030978180 0.170022994 0.705914736 0.051109001 0.887587130 -0.457795799 -1.187770963 -0.165091902 0.459597051 0.872648358 1.544318795
0.986723542 0.019623440 0.161219120 0.705096662 0.055279385 0.892821908 -0.447004706 -1.163505197 -0.152711749 0.449982136 0.879883647 1.567870498
0.988129258 0.008625539 0.153382286 0.704980552 0.059480056 0.899069846 -0.433745980 -1.138926983 -0.141642675 0.437720299 0.887884200 1.589766264
0.989336312 -0.001374282 0.145642683 0.703920186 0.063109063 0.905256808 -0.420151651 -1.115118980 -0.131266609 0.424862683 0.895690143 1.608543038
0.990208089 -0.010896888 0.139173150 0.705064654 0.067165419 0.911162555 -0.406536192 -1.096362829 -0.122379385 0.411903054 0.902972400 1.628273726
0.990414023 -0.020358393 0.136622265 0.705606341 0.073099159 0.916478097 -0.393350303 -1.080375195 -0.117203332 0.399566591 0.909180880 1.643233180
0.990611613 -0.024863845 0.134426326 0.705936790 0.074678838 0.922059596 -0.379775256 -1.068496108 -0.114506409 0.386248559 0.915259719 1.652530313
0.990681410 -0.026220394 0.133651704 0.706480384 0.074190274 0.926821172 -0.368100941 -1.062334895 -0.114219487 0.374586403 0.920129836 1.655980945
0.990983784 -0.026599893 0.131314859 0.706954718 0.072625808 0.930260181 -0.359640837 -1.063097358 -0.112590574 0.365935087 0.923804581 1.654834032
0.991576910 -0.026892411 0.126696408 0.707188904 0.070679046 0.932067573 -0.355323106 -1.070020437 -0.108534120 0.361285001 0.926117420 1.645247102
0.992011666 -0.024757672 0.123692751 0.707368553 0.067670390 0.931964874 -0.356177151 -1.083004951 -0.106459185 0.361702204 0.926195383 1.628878951
0.992500782 -0.021542028 0.120325178 0.706716299 0.064077161 0.929954350 -0.362048388 -1.100885749 -0.104097679 0.367043376 0.924360752 1.607250452
0.992447853 -0.012552366 0.122023501 0.705827713 0.057092868 0.927706420 -0.368918985 -1.122049928 -0.108571179 0.373099536 0.921416879 1.585181952
0.991779745 -0.004089925 0.127891466 0.705590665 0.052409481 0.924789011 -0.376853466 -1.146143556 -0.116731316 0.380458355 0.917401373 1.559967399
0.990927279 0.001980413 0.134384319 0.705543339 0.050315320 0.921711087 -0.384599864 -1.171922803 -0.124625184 0.387872100 0.913249016 1.534079075
0.990398407 0.004894666 0.138155669 0.704590559 0.049969189 0.919127524 -0.390778303 -1.197139263 -0.128895402 0.393929720 0.910057902 1.508625150
0.990546584 0.004846025 0.137090981 0.702097654 0.050215617 0.917198539 -0.395253450 -1.221409321 -0.127655059 0.398401052 0.908284545 1.484384775
0.990675926 0.003374385 0.136197791 0.699738741 0.051908806 0.914937913 -0.400242597 -1.243874431 -0.125963107 0.403580576 0.906231761 1.461787224
0.990543067 0.000798950 0.137200028 0.697740257 0.055906698 0.910849988 -0.408933699 -1.264918566 -0.125295371 0.412736833 0.902191401 1.441004276
0.990059733 -0.002858669 0.140618309 0.695968688 0.062696323 0.903933048 -0.423053503 -1.285074592 -0.125900164 0.427664518 0.895126939 1.422150850
0.989562631 -0.008420847 0.143857390 0.694688618 0.071830481 0.894253194 -0.441759735 -1.303344727 -0.124924935 0.447482258 0.885524392 1.405266881
0.989713013 -0.016284414 0.142137110 0.692678511 0.080852345 0.883299947 -0.461783677 -1.317546129 -0.118029825 0.468525440 0.875530064 1.393363833
0.989370167 -0.016385619 0.144492701 0.691896677 0.084349424 0.874060869 -0.478437841 -1.326431274 -0.118455924 0.485540032 0.866151929 1.387127876
0.989070952 -0.012078565 0.146944687 0.691897035 0.083422735 0.867611587 -0.490194708 -1.328977704 -0.121570066 0.497095853 0.859137058 1.386706948
0.988599539 -0.001996584 0.150555730 0.692175150 0.077038407 0.865826488 -0.494378000 -1.324931026 -0.129368067 0.500340402 0.856109440 1.390818954
0.988087296 0.007109616 0.153730214 0.693473637 0.070344537 0.867602468 -0.492257625 -1.315073967 -0.136876464 0.497207552 0.856766880 1.402288914
0.988043845 0.011363195 0.153753683 0.694170356 0.065592624 0.871538937 -0.485919237 -1.300416231 -0.139523908 0.490194619 0.860373378 1.418016791
0.988021433 0.012461288 0.153812781 0.694638669 0.063353963 0.876107574 -0.477935016 -1.282611728 -0.140712216 0.481954694 0.864823580 1.437524557
0.987743437 0.011286689 0.155677557 0.695756435 0.063911185 0.880693853 -0.469354570 -1.264354229 -0.142401725 0.473551452 0.869178236 1.459189773
0.986962557 0.012889462 0.160432950 0.697277486 0.063139305 0.885879934 -0.459597856 -1.244512200 -0.148048297 0.463735491 0.873516500 1.482050657
0.985844910 0.013912018 0.167081654 0.698791683 0.063502878 0.891319394 -0.448906541 -1.223165631 -0.155168325 0.453162372 0.877819240 1.505649209
0.985712469 0.013426755 0.167900592 0.699975669 0.062287066 0.897099912 -0.437415212 -1.202253222 -0.156496674 0.441623658 0.883446276 1.528944254
0.985672712 0.009264514 0.168414429 0.701610744 0.064251021 0.902584672 -0.425690889 -1.182782650 -0.155952111 0.430412710 0.889057875 1.551515818
0.986707747 -0.007405020 0.162335992 0.701678693 0.075272202 0.906159759 -0.416183352 -1.164522886 -0.144020498 0.422870755 0.894672275 1.572412729
0.988018155 -0.024485921 0.152382791 0.701047003 0.085638918 0.908371210 -0.409301519 -1.147004843 -0.128398001 0.417447269 0.899584234 1.590770602
0.988995194 -0.040903818 0.142180741 0.700652778 0.095784351 0.909451485 -0.404627472 -1.131809115 -0.112755686 0.413793296 0.903361082 1.606523871
0.989488721 -0.050008409 0.135688156 0.700767040 0.101156525 0.909889996 -0.402327627 -1.119745255 -0.103341527 0.411824375 0.905384541 1.620501995
0.989240050 -0.053544246 0.136150956 0.701872051 0.104501881 0.909900546 -0.401447862 -1.110193849 -0.102388605 0.411356360 0.905705571 1.631717324
0.989255130 -0.050276324 0.137282982 0.702047050 0.101659715 0.911393940 -0.398781121 -1.101516724 -0.105069630 0.408452392 0.906712174 1.639928699
0.989347160 -0.042961851 0.139091611 0.702557623 0.094932407 0.914752722 -0.392702609 -1.097073436 -0.110363200 0.401723534 0.909086466 1.644585490
0.989203751 -0.034801781 0.142354339 0.702049494 0.087405898 0.919809937 -0.382504791 -1.097104192 -0.117627084 0.390817791 0.912921309 1.644839883
0.989464164 -0.028137723 0.142017573 0.701737165 0.079582110 0.925150156 -0.371165603 -1.102000475 -0.120943822 0.378557116 0.917642176 1.639612675
0.989792466 -0.024894327 0.140325040 0.700594485 0.074818008 0.928795636 -0.362961352 -1.111252666 -0.121297605 0.369755268 0.921177506 1.628312469
0.990496695 -0.024599720 0.135318652 0.697856486 0.072357580 0.929914236 -0.360588282 -1.125033140 -0.116964377 0.366952807 0.922856927 1.612537146
0.991163850 -0.023936043 0.130465746 0.694350958 0.070501424 0.928211391 -0.365312487 -1.142215133 -0.112355657 0.371282548 0.921697080 1.593221784
0.991390884 -0.024195015 0.128680572 0.691053212 0.071281187 0.924111784 -0.375415027 -1.162334085 -0.109832063 0.381355524 0.917880654 1.571960211
0.991506875 -0.024206981 0.127781689 0.688405633 0.072567068 0.918329835 -0.389107138 -1.184671760 -0.107926629 0.395075113 0.912286997 1.548909187
0.991442323 -0.025772950 0.127975941 0.686328530 0.075954385 0.911190867 -0.404922336 -1.208466649 -0.106174469 0.411177486 0.905350804 1.525384784
0.991425872 -0.025612919 0.128135428 0.684807777 0.077988885 0.902781725 -0.422969133 -1.232402086 -0.104844846 0.429335684 0.897038698 1.500118971
0.991466582 -0.027620848 0.127401486 0.682908833 0.081972882 0.891998053 -0.444544613 -1.256686687 -0.101363190 0.451194584 0.886650443 1.475170970
0.991327047 -0.027925069 0.128417030 0.680685520 0.085406028 0.879575551 -0.468030632 -1.280582309 -0.099882692 0.474938989 0.874332011 1.449807882
0.990809441 -0.027762754 0.132385373 0.679044008 0.090092108 0.865481317 -0.492773265 -1.303005099 -0.100896321 0.500171304 0.860028267 1.426082015
0.990312815 -0.024376411 0.136697933 0.678491235 0.092054024 0.852290154 -0.514905393 -1.322378874 -0.103954755 0.522501051 0.846277773 1.404814243
0.989896297 -0.018697482 0.140555188 0.677513003 0.091498196 0.841495991 -0.532459021 -1.338604093 -0.108320996 0.539939761 0.834704518 1.386020780
0.989639640 -0.013233241 0.142962560 0.677210748 0.089653835 0.834703267 -0.543353140 -1.349758387 -0.112140998 0.550540984 0.827241838 1.372340679
0.989190280 -0.008632131 0.146383360 0.676965177 0.088292442 0.832087755 -0.547571361 -1.355926991 -0.117077097 0.554576814 0.823855281 1.364232302
0.988542318 -0.002747551 0.150918782 0.676500380 0.085467011 0.834307790 -0.544633746 -1.356001735 -0.124416314 0.551292062 0.824983418 1.361592412
0.987529039 0.001316845 0.157431364 0.676970661 0.084491245 0.839331448 -0.537013948 -1.351775885 -0.132844269 0.543618500 0.828752935 1.366219640
0.986793995 0.005675990 0.161880761 0.678187370 0.081508279 0.846239984 -0.526530385 -1.342842579 -0.139978558 0.532771707 0.834601879 1.376236677
0.986340702 0.006428801 0.164592415 0.679412425 0.080612563 0.852556407 -0.516380847 -1.330304623 -0.143644035 0.522595704 0.840392828 1.391393185
0.986212611 0.008093294 0.165285155 0.680611670 0.077886730 0.858556151 -0.506769180 -1.314233661 -0.146008030 0.512655735 0.846088529 1.409811020
0.985936105 0.008711815 0.166895509 0.682979882 0.076569445 0.864112377 -0.497440428 -1.295858145 -0.148550093 0.503223598 0.851292491 1.431164622
0.985528588 0.008035827 0.169318572 0.685654759 0.076609984 0.869923949 -0.487199306 -1.276512027 -0.151209339 0.493120372 0.856719375 1.452918530
0.984709084 0.009257000 0.173960820 0.689299524 0.075805217 0.876319349 -0.475728869 -1.257569551 -0.156849071 0.481641650 0.862217903 1.473582268
0.984361649 0.008675314 0.175945699 0.693832457 0.075194843 0.882529378 -0.464206547 -1.241501689 -0.159304380 0.470177323 0.868075728 1.492429256
0.985056102 0.009043459 0.171996087 0.697050154 0.071226314 0.887838423 -0.454609483 -1.225283027 -0.156815976 0.460066527 0.873926520 1.506855130
0.986092865 0.007639164 0.166019574 0.698476613 0.068263665 0.892169833 -0.446512103 -1.208441377 -0.151528642 0.451635480 0.879240870 1.518890262
0.987989426 0.003164791 0.154489249 0.698643684 0.065710306 0.896281123 -0.438591331 -1.191406846 -0.139853835 0.443475097 0.885308266 1.528510451
0.989585817 -0.005316993 0.143845707 0.699799061 0.066894673 0.901836872 -0.426866859 -1.180703402 -0.127455711 0.432043940 0.892800689 1.538494468
0.991014719 -0.014660079 0.132946849 0.699819744 0.068816856 0.908205628 -0.412827790 -1.169044375 -0.114690989 0.418267429 0.901054025 1.546319723
0.991546869 -0.020494957 0.128120005 0.699197114 0.070426673 0.914337099 -0.398782790 -1.157159090 -0.108971834 0.404434919 0.908051491 1.551955223
0.991434574 -0.024421319 0.128300786 0.699213266 0.072672613 0.919391870 -0.386571109 -1.148545384 -0.108518131 0.392583907 0.913291693 1.556407452
0.991653860 -0.024810668 0.126518875 0.698907733 0.071234554 0.923362851 -0.377262086 -1.140970826 -0.107462697 0.383125931 0.917423725 1.560053825
0.992170036 -0.028382817 0.121626571 0.698136270 0.071931355 0.925963938 -0.370697618 -1.135357857 -0.102100372 0.376543820 0.920755267 1.560266256
0.993262053 -0.029847549 0.111980401 0.696661115 0.069176510 0.927938402 -0.366257995 -1.129616499 -0.092979006 0.371536583 0.923750758 1.558021665
0.994634092 -0.029985076 0.099014446 0.694579124 0.064091146 0.929888725 -0.362214446 -1.124549747 -0.081211388 0.366616786 0.926820815 1.554543734
0.995500028 -0.029891955 0.089923047 0.693213642 0.060343191 0.931638420 -0.358341426 -1.120764971 -0.073064230 0.362155169 0.929249823 1.550864697
0.995863497 -0.030052224 0.085747920 0.692378759 0.058528744 0.934018612 -0.352396905 -1.118697524 -0.069499843 0.355957925 0.931914032 1.546735168
0.995841146 -0.027788453 0.086765364 0.692061424 0.056224696 0.936814427 -0.345278829 -1.118134737 -0.071688280 0.348721236 0.934480786 1.542631149
0.995707273 -0.026974060 0.088540837 0.691054463 0.055256158 0.940659285 -0.334823579 -1.117426395 -0.074255213 0.338278681 0.938111782 1.538057208
0.995400965 -0.025928771 0.092220180 0.689971983 0.054245010 0.946025372 -0.319520801 -1.116288900 -0.078957848 0.323053807 0.943081081 1.533889651
0.995208085 -0.022439566 0.095169745 0.689235032 0.049680334 0.954361439 -0.294492900 -1.113243222 -0.084218048 0.297809780 0.950903058 1.529889345
0.995153069 -0.022111686 0.095820084 0.688985229 0.046342395 0.964861035 -0.258641720 -1.109204173 -0.086734071 0.261828601 0.961209118 1.526386619
0.995250165 -0.026051359 0.093800217 0.688339591 0.045450643 0.976415038 -0.211063698 -1.103569269 -0.086089447 0.214324459 0.972961307 1.523456454
0.995311677 -0.034013096 0.090541683 0.687694013 0.047671262 0.987036824 -0.153250843 -1.098437309 -0.084155433 0.156848580 0.984030664 1.520069003
0.995174706 -0.041888457 0.088728182 0.687258542 0.049967375 0.994607449 -0.090880908 -1.091650724 -0.084442846 0.094875894 0.991901219 1.517784357
0.994703174 -0.049185533 0.090257131 0.687511683 0.052321281 0.998094440 -0.032710299 -1.085292578 -0.088476263 0.037259407 0.995381176 1.515776634
0.993969500 -0.059271239 0.092258200 0.687789261 0.058370009 0.998217523 0.012438835 -1.081190467 -0.092831016 -0.006978710 0.995657444 1.514393568
0.993430138 -0.066162989 0.093375929 0.687879622 0.062740669 0.997262657 0.039125782 -1.081032157 -0.095709004 -0.033010263 0.994861841 1.512474179
0.992758572 -0.073493242 0.095022060 0.687456250 0.069222122 0.996470094 0.047493882 -1.082264781 -0.098177113 -0.040572330 0.994341552 1.511369348
0.992511511 -0.075480312 0.096039645 0.686681926 0.071734995 0.996544302 0.041875076 -1.083531857 -0.098868512 -0.034672093 0.994496286 1.510709286
0.992276073 -0.076355465 0.097765014 0.686082184 0.074032716 0.996885478 0.027174985 -1.085987806 -0.099535480 -0.019727280 0.994838417 1.509585142
0.992329717 -0.074481681 0.098661996 0.685247958 0.073795617 0.997217178 0.010590018 -1.088090181 -0.099176191 -0.003227968 0.995064676 1.506296039
0.992399275 -0.073282212 0.098860390 0.684524834 0.074006379 0.997251034 -0.003672980 -1.089085817 -0.098319463 0.010961361 0.995094538 1.504524946
0.992613912 -0.073447764 0.096555866 0.683508337 0.074911788 0.997122467 -0.011620999 -1.088427305 -0.095424481 0.018768338 0.995259702 1.503423810
0.992770910 -0.072866030 0.095375635 0.682449162 0.074515648 0.997123718 -0.013845477 -1.087207913 -0.094092436 0.020852365 0.995345056 1.501875401
0.992523313 -0.077821374 0.094027989 0.680366158 0.079318196 0.996773660 -0.012282147 -1.085487366 -0.092768811 0.019648448 0.995493770 1.499445200
1.000000000 0.000000000 0.000000000 0.000000000 0.000000000 1.000000000 0.000000000 0.000000015 0.000000000 0.000000000 1.000000000 -0.000000030
0.999989033 0.000490938 0.004662843 -0.003452089 -0.000446147 0.999953806 -0.009602173 0.001806266 -0.004667342 0.009599986 0.999943018 -0.002563641
0.999939978 -0.000406661 0.010950916 -0.006784199 0.000650724 0.999751270 -0.022292638 0.003023556 -0.010939127 0.022298427 0.999691486 -0.005828733
0.999872923 -0.004680078 0.015240445 -0.009786082 0.005134900 0.999538422 -0.029941989 0.002752878 -0.015093279 0.030016443 0.999435425 -0.009497860
0.999791980 -0.008229572 0.018661974 -0.012549182 0.008852597 0.999397755 -0.033551581 0.003402025 -0.018374620 0.033709809 0.999262750 -0.013047698
0.999743879 -0.008743423 0.020874245 -0.014728560 0.009381632 0.999485373 -0.030674471 0.005088666 -0.020595303 0.030862449 0.999311447 -0.016811680
0.999807715 -0.004695176 0.019038305 -0.017010365 0.005139651 0.999713778 -0.023365067 0.007718429 -0.018923152 0.023458427 0.999545693 -0.020162860
0.999832332 0.000196613 0.018311642 -0.019574588 0.000072518 0.999891996 -0.014695431 0.010790901 -0.018312555 0.014694295 0.999724329 -0.022878407
0.999804080 0.006714339 0.018621383 -0.020973798 -0.006542374 0.999935508 -0.009280396 0.013614883 -0.018682493 0.009156750 0.999783516 -0.024910321
0.999696672 0.011671708 0.021687388 -0.023193069 -0.011468790 0.999889493 -0.009457457 0.014624570 -0.021795377 0.009205860 0.999720097 -0.026077256
0.999667287 0.012825515 0.022379365 -0.026000172 -0.012470601 0.999795377 -0.015927119 0.015639145 -0.022579059 0.015642734 0.999622703 -0.027072079
0.999766767 0.013929252 0.016502546 -0.028168168 -0.013569554 0.999672174 -0.021711553 0.014997004 -0.016799564 0.021482559 0.999628067 -0.028042873
0.999865294 0.012806784 0.010265885 -0.029659498 -0.012513367 0.999525309 -0.028153675 0.015055979 -0.010621570 0.028021423 0.999550879 -0.028218728
0.999903619 0.012828698 0.005313630 -0.031903893 -0.012649290 0.999390960 -0.032522965 0.014855348 -0.005727620 0.032452617 0.999456882 -0.028915321
0.999929249 0.011876622 0.000618782 -0.033785570 -0.011847733 0.999318480 -0.034960717 0.015487962 -0.001033575 0.034950912 0.999388516 -0.028883887
0.999891102 0.014471665 -0.002900322 -0.034494601 -0.014561964 0.999315679 -0.034002218 0.015823061 0.002406268 0.034040745 0.999417543 -0.028648544
0.999867558 0.015904367 -0.003443997 -0.035465457 -0.016010612 0.999313712 -0.033403408 0.015916634 0.002910374 0.033454124 0.999436021 -0.028021418
0.999826014 0.018262777 -0.003802347 -0.036183264 -0.018378992 0.999280393 -0.033179414 0.016537456 0.003193663 0.033243526 0.999442160 -0.027117057
0.999822319 0.017960219 -0.005725531 -0.036809538 -0.018141584 0.999278128 -0.033377998 0.016229561 0.005121922 0.033475935 0.999426425 -0.026158603
0.999793291 0.018975154 -0.007298131 -0.036364153 -0.019210350 0.999249578 -0.033633862 0.015927104 0.006654447 0.033767108 0.999407589 -0.025318570
0.999785781 0.018791024 -0.008675961 -0.035935618 -0.019074909 0.999243557 -0.033888415 0.015583977 0.008032599 0.034046650 0.999387980 -0.024574131
0.999799907 0.018384324 -0.007883879 -0.034494709 -0.018648634 0.999217629 -0.034876164 0.015645714 0.007236536 0.035016213 0.999360561 -0.023649389
0.999802947 0.018505363 -0.007188608 -0.031175125 -0.018745152 0.999216378 -0.034860197 0.014923604 0.006537875 0.034988079 0.999366343 -0.023031279
0.999822319 0.017694201 -0.006504307 -0.025796870 -0.017900720 0.999288499 -0.033197720 0.013778588 0.005912271 0.033308249 0.999427617 -0.022248978
0.999824703 0.017911348 -0.005457524 -0.018022714 -0.018070042 0.999369323 -0.030567510 0.012905580 0.004906577 0.030660769 0.999517798 -0.021550152
0.999860048 0.016680157 -0.001278142 -0.008075556 -0.016707888 0.999518275 -0.026154701 0.011831712 0.000841262 0.026172396 0.999657094 -0.020243745
0.999882102 0.015326348 0.000919536 0.005174363 -0.015301139 0.999618113 -0.023011409 0.010112973 -0.001271866 0.022994626 0.999734759 -0.018381005
0.999919474 0.012082773 0.003886617 0.020524964 -0.011993731 0.999682248 -0.022170622 0.006893159 -0.004153265 0.022122219 0.999746621 -0.015951347
0.999933422 0.006720684 0.009377509 0.037195574 -0.006492859 0.999688029 -0.024117338 0.001562781 -0.009536669 0.024054846 0.999665141 -0.012428815
0.999868631 0.001150928 0.016169082 0.055484973 -0.000711263 0.999630570 -0.027171189 -0.005811252 -0.016194381 0.027156120 0.999500036 -0.009840794
0.999752045 -0.005095987 0.021675806 0.075812772 0.005865153 0.999349952 -0.035570759 -0.010487554 -0.021480449 0.035689075 0.999132037 -0.005916990
0.999521673 -0.010922330 0.028933665 0.097018890 0.012072559 0.999131441 -0.039882269 -0.016049149 -0.028472928 0.040212493 0.998785377 -0.002227232
0.999276400 -0.017701101 0.033665910 0.121205807 0.019110136 0.998934686 -0.042002831 -0.020535596 -0.032886550 0.042615797 0.998550117 0.002443027
0.998876452 -0.024125189 0.040790472 0.145563468 0.025629479 0.998995185 -0.036766794 -0.026600428 -0.039862480 0.037770923 0.998491049 0.007176943
0.998403132 -0.028337361 0.048869025 0.170644313 0.029941877 0.999025762 -0.032419492 -0.031197745 -0.047902729 0.033830952 0.998278916 0.011749125
0.998024702 -0.028366471 0.056054182 0.196450800 0.029907795 0.999191940 -0.026852023 -0.036989681 -0.055247188 0.028475437 0.998066604 0.015657749
0.997632802 -0.030489208 0.061637718 0.221118808 0.031958345 0.999224722 -0.022991136 -0.043826193 -0.060888950 0.024906550 0.997833729 0.018916311
0.997309923 -0.033624530 0.065132774 0.247033685 0.035434917 0.999011457 -0.026842201 -0.049910463 -0.064165838 0.029077968 0.997515500 0.022186451
0.996807754 -0.037409727 0.070532776 0.270956993 0.039894734 0.998619854 -0.034158368 -0.056575138 -0.069157578 0.036863212 0.996924460 0.025736351
0.996224165 -0.037255116 0.078418583 0.295838565 0.040619984 0.998301625 -0.041760072 -0.062226266 -0.076729625 0.044787757 0.996045470 0.029651506
0.995628238 -0.037155502 0.085696764 0.319536150 0.041212603 0.998087764 -0.046069138 -0.065825619 -0.083821170 0.049399517 0.995255589 0.034797695
0.995153606 -0.044722881 0.087573983 0.340048790 0.048727144 0.997836649 -0.044132560 -0.068815172 -0.085410796 0.048185907 0.995179951 0.038343724
0.994536698 -0.054692324 0.088912845 0.358086765 0.058212172 0.997600138 -0.037486963 -0.071022823 -0.086649224 0.042457968 0.995333731 0.041575585
0.993657827 -0.056003552 0.097507276 0.376195848 0.058973830 0.997870982 -0.027849112 -0.072180100 -0.095740028 0.033422865 0.994845092 0.044917051
0.992590845 -0.057797708 0.106877632 0.392941028 0.060337313 0.997963786 -0.020680146 -0.073297262 -0.105464749 0.026975634 0.994057119 0.049674440
0.991700113 -0.058707405 0.114386886 0.407173783 0.061506186 0.997883856 -0.021090876 -0.074966088 -0.112906635 0.027951322 0.993212402 0.052443132
0.991405189 -0.060157813 0.116175532 0.418466359 0.063807480 0.997570693 -0.027952541 -0.077369578 -0.114211738 0.035125162 0.992835283 0.055205971
0.991211712 -0.067356944 0.113852642 0.426675946 0.072139025 0.996654570 -0.038413160 -0.078725651 -0.110884361 0.046288796 0.992754757 0.058180656
0.991055071 -0.072274052 0.112188630 0.433714896 0.078375317 0.995620787 -0.050956208 -0.079321817 -0.108014517 0.059293229 0.992379546 0.061317649
0.991236329 -0.071821555 0.110870078 0.438969374 0.078963622 0.994983196 -0.061426692 -0.078730874 -0.105902106 0.069643073 0.991934776 0.063313060
0.991457760 -0.074205011 0.107261986 0.442335069 0.081895992 0.994237900 -0.069166914 -0.078121394 -0.101511404 0.077360392 0.991821945 0.065030985
0.991523325 -0.078232065 0.103736319 0.443946183 0.085914180 0.993713856 -0.071774557 -0.076766059 -0.097469144 0.080078572 0.992011666 0.066270560
0.991296709 -0.085472420 0.100126199 0.443978727 0.092475310 0.993423283 -0.067516528 -0.075569823 -0.093696900 0.076188110 0.992681324 0.068486311
0.990832806 -0.087647788 0.102801576 0.444007665 0.093780510 0.993993282 -0.056414418 -0.073560603 -0.097239479 0.065538041 0.993100822 0.070055947
0.990178764 -0.086572088 0.109778136 0.443443835 0.091828056 0.994813204 -0.043753099 -0.071787693 -0.105420947 0.053404104 0.992992640 0.070417508
0.989359200 -0.088781260 0.115265869 0.440455556 0.093380384 0.995010793 -0.035122514 -0.071233802 -0.111572571 0.045512356 0.992713571 0.070021674
0.988867402 -0.090119794 0.118404537 0.435538948 0.094589800 0.994979799 -0.032679498 -0.071818575 -0.114865050 0.043515548 0.992427528 0.069325678
0.988947868 -0.090863995 0.117157549 0.428422362 0.095587276 0.994793653 -0.035336193 -0.072398141 -0.113336802 0.046144422 0.992484510 0.067445643
0.989372909 -0.087696478 0.115976468 0.419298053 0.092620522 0.994985163 -0.037762403 -0.072237819 -0.112083226 0.048102900 0.992533863 0.065309308
0.989916384 -0.082199223 0.115363911 0.407652378 0.087185808 0.995433927 -0.038857609 -0.071437329 -0.111643091 0.048523881 0.992562950 0.062970534
0.990600109 -0.078026071 0.112353534 0.393207014 0.083039314 0.995716929 -0.040647376 -0.070607968 -0.108700767 0.049595054 0.992836595 0.061157361
0.991114855 -0.075713709 0.109355934 0.376076758 0.080699146 0.995857418 -0.041900463 -0.069341943 -0.105730481 0.050353102 0.993119121 0.059049256
0.991539240 -0.075005673 0.105943851 0.356544495 0.079789795 0.995940804 -0.041658841 -0.067786038 -0.102389164 0.049759611 0.993499100 0.056677088
0.992166281 -0.072247773 0.101913117 0.334831148 0.076417074 0.996366262 -0.037612375 -0.065572456 -0.098825388 0.045105632 0.994081974 0.053564370
0.992540300 -0.074616387 0.096416362 0.311454415 0.078552738 0.996197164 -0.037692018 -0.063968718 -0.093237258 0.044984616 0.994627178 0.051097572
0.993391931 -0.074877985 0.086981237 0.285786301 0.078222074 0.996296883 -0.035691321 -0.062223155 -0.083986640 0.042259321 0.995570362 0.047396384
0.994237900 -0.074866749 0.076720215 0.258934647 0.077766396 0.996338367 -0.035527520 -0.060441546 -0.073779471 0.041289061 0.996419489 0.043501474
0.994971514 -0.072321616 0.069291085 0.231567353 0.074892245 0.996568561 -0.035245627 -0.058341224 -0.066504300 0.040257759 0.996973693 0.040664863
0.995764434 -0.065594688 0.064424507 0.204217270 0.068011180 0.997032702 -0.036058690 -0.055364043 -0.061868083 0.040287551 0.997270882 0.039465539
0.996416628 -0.061768558 0.057779964 0.175697938 0.064090349 0.997172654 -0.039231058 -0.053121213 -0.055193353 0.042793620 0.997558236 0.038255721
0.997055352 -0.058602389 0.049461484 0.146294892 0.060810145 0.997162342 -0.044377625 -0.051263608 -0.046720497 0.047254704 0.997789621 0.037419781
0.997647882 -0.057030462 0.038029391 0.116176583 0.058960125 0.996919990 -0.051713593 -0.049613439 -0.034963008 0.053834178 0.997937620 0.037272487
0.998084009 -0.055990294 0.026331801 0.086382717 0.057474121 0.996575296 -0.059451330 -0.046672594 -0.022912923 0.060850818 0.997883856 0.036235403
0.998525143 -0.051902995 0.015926139 0.057498209 0.052836783 0.996469378 -0.065245688 -0.044110883 -0.012483465 0.065990940 0.997742116 0.037110437
0.998814821 -0.047836717 0.008979995 0.030152407 0.048339922 0.996488929 -0.068359859 -0.041717749 -0.005678355 0.068712927 0.997620285 0.037734810
0.999063611 -0.043131676 0.003401102 0.004484481 0.043262746 0.996803761 -0.067161366 -0.038261332 -0.000493449 0.067245618 0.997736335 0.038863599
0.999248505 -0.038235247 -0.006364127 -0.020181565 0.037776589 0.997420609 -0.061033495 -0.033839978 0.008681342 0.060747214 0.998115420 0.038663704
