0.992399335 -0.083336644 -0.090546183 0.762195945 -0.112828620 -0.322457433 -0.939835608 0.223201752 0.049125455 0.942908466 -0.329409361 6.769382477
0.992325604 -0.082714260 -0.091914192 0.752260745 -0.112279192 -0.291346788 -0.950005591 0.180666924 0.051800106 0.953034937 -0.298397899 6.829504013
0.991749287 -0.088040695 -0.093178496 0.744982839 -0.114303589 -0.278256893 -0.953681231 0.150020599 0.058035214 0.956463337 -0.286024451 6.871365547
0.991325676 -0.090056665 -0.095724612 0.738319337 -0.116834007 -0.270267844 -0.955670178 0.123374939 0.060193185 0.958564222 -0.278445125 6.912570000
0.991946638 -0.082195610 -0.096362688 0.732404113 -0.114610463 -0.258677006 -0.959140718 0.101699829 0.053910352 0.962460577 -0.266014218 6.948704720
0.991967380 -0.071273260 -0.104503095 0.723798752 -0.116810240 -0.199114323 -0.972989798 0.076580048 0.048540089 0.977381110 -0.205840349 6.995580673
0.989241242 -0.086642176 -0.117876604 0.724504888 -0.132829264 -0.194307566 -0.971905887 0.058279037 0.061303724 0.977106869 -0.203725696 7.043125629
0.993823469 -0.059445169 -0.093707874 0.734055161 -0.104477376 -0.216556907 -0.970663548 0.149107933 0.037408173 0.974458575 -0.221429944 6.891712189
0.996208310 -0.049812473 -0.071328349 0.742179573 -0.081493460 -0.247233391 -0.965523005 0.188538551 0.030460343 0.967674851 -0.250355363 6.824882507
0.996917129 -0.048947908 -0.061321661 0.744090497 -0.073233515 -0.299962044 -0.951136112 0.264229774 0.028161956 0.952694654 -0.302621961 6.693466187
0.996211708 -0.067060538 -0.055363555 0.756711841 -0.075908773 -0.359980464 -0.929866612 0.314985275 0.042427551 0.930546582 -0.363707185 6.615529537
0.997707367 -0.050342754 -0.045229066 0.758040428 -0.060372949 -0.360092163 -0.930961311 0.302996635 0.030580524 0.931557596 -0.362305880 6.636109829
0.997302771 -0.052802138 -0.050981659 0.748667955 -0.065333888 -0.322115421 -0.944443285 0.224394798 0.033446644 0.945226729 -0.324696302 6.743703842
0.995855868 -0.065672964 -0.062913589 0.744925976 -0.078454196 -0.270454526 -0.959530950 0.134614944 0.045999978 0.960490346 -0.274486065 6.901601791
0.995798647 -0.057739615 -0.071071953 0.732597768 -0.081779703 -0.211585402 -0.973932087 0.099175453 0.041196682 0.975652516 -0.215418458 6.964598179
0.994285703 -0.051794738 -0.093344674 0.866488099 -0.103557736 -0.255691051 -0.961196125 0.432942390 0.025917515 0.965370119 -0.259593606 7.183246613
0.992399335 -0.083336644 -0.090546183 0.762195945 -0.112828620 -0.322457433 -0.939835608 0.223201752 0.049125455 0.942908466 -0.329409361 6.769382477
0.992450297 -0.090513289 -0.082763344 0.767905533 -0.108722180 -0.336960554 -0.935220599 0.240630150 0.056761902 0.937158108 -0.344257355 6.744259357
0.992973626 -0.094171040 -0.071660124 0.779748023 -0.102287896 -0.378546596 -0.919912934 0.272096634 0.059502460 0.920779228 -0.385519385 6.697593212
0.994009852 -0.087504059 -0.065478280 0.783935785 -0.094257414 -0.383149505 -0.918864608 0.279200554 0.055316418 0.919532299 -0.389102221 6.693953037
0.994392157 -0.080563001 -0.068511501 0.777065516 -0.093888991 -0.374356627 -0.922519326 0.249195099 0.048673190 0.923778415 -0.379821181 6.735804558
0.993799031 -0.080872148 -0.076310009 0.774514437 -0.100835040 -0.366265178 -0.925031066 0.210606575 0.046859544 0.926989675 -0.372148752 6.781890869
0.993599892 -0.074688531 -0.084740080 0.767391503 -0.105879463 -0.354444027 -0.929063439 0.174360275 0.039354764 0.932089567 -0.360083580 6.835325718
0.994428813 -0.065829284 -0.082327671 0.762009859 -0.099807031 -0.336762428 -0.936285198 0.131603241 0.033910118 0.939285815 -0.341456532 6.893097878
0.991550207 -0.079779260 -0.102290809 0.750178516 -0.120862879 -0.281726122 -0.951852322 0.057040215 0.047120094 0.956172585 -0.288987875 6.994534969
0.991101921 -0.081965923 -0.104873955 0.746654212 -0.122923717 -0.261413693 -0.957367539 0.041097641 0.051056027 0.961740255 -0.269163132 7.017862797
0.990678251 -0.061362006 -0.121619299 0.734730840 -0.132674128 -0.232185841 -0.963580430 0.005764008 0.030888949 0.970733941 -0.238162637 7.090503693
0.989771843 -0.063144691 -0.127923369 0.733315825 -0.139209241 -0.231494069 -0.962824583 0.001333237 0.031183764 0.970784783 -0.237916589 7.087513924
0.991298199 -0.050324980 -0.121635698 0.747547865 -0.130354673 -0.246714354 -0.960281193 0.081292152 0.018316858 0.967780769 -0.251127601 6.967149734
0.993601024 -0.052744210 -0.099875271 0.766155243 -0.110968083 -0.291062117 -0.950246930 0.155285835 0.021050122 0.955249310 -0.295052528 6.841048241
0.995213449 -0.073555276 -0.064341605 0.785437822 -0.087668583 -0.381080747 -0.920376122 0.270905495 0.043179173 0.921611369 -0.385705233 6.678867817
0.994640350 -0.095871389 -0.038720258 0.831307590 -0.079932749 -0.475440860 -0.876108825 0.302373886 0.065584578 0.874508202 -0.480555892 6.570291519
0.992399335 -0.083336644 -0.090546183 0.762195945 -0.112828620 -0.322457433 -0.939835608 0.223201752 0.049125455 0.942908466 -0.329409361 6.769382477
0.990711272 -0.086774021 -0.104696691 0.760243833 -0.126635537 -0.308231711 -0.942845047 0.220456123 0.049543619 0.947345555 -0.316357374 6.784310341
0.987469912 -0.095987648 -0.125257820 0.758173525 -0.147348300 -0.276672840 -0.949600339 0.219343185 0.056494482 0.956158280 -0.287349701 6.803603172
0.984309852 -0.103702933 -0.142757863 0.758691490 -0.163979560 -0.238881469 -0.957103252 0.227960587 0.065152228 0.965495586 -0.252138495 6.814294815
0.984348238 -0.106076956 -0.140734553 0.758756459 -0.159271091 -0.193618059 -0.968062520 0.234430313 0.075440377 0.975325584 -0.207482576 6.818326950
0.987766862 -0.110988438 -0.109536104 0.755960107 -0.121671647 -0.109209895 -0.986544132 0.248295784 0.097532563 0.987803102 -0.121378064 6.818425655
0.987211645 -0.114357531 -0.111065418 0.753657818 -0.119411349 -0.068901539 -0.990451217 0.258589268 0.105612978 0.991047502 -0.081676006 6.820178986
0.986452758 -0.118179321 -0.113774292 0.753355265 -0.117566898 -0.025609374 -0.992734730 0.269262791 0.114407025 0.992662013 -0.039156437 6.824415207
0.986718833 -0.112137400 -0.117520683 0.756870389 -0.117283873 0.008729279 -0.993060172 0.278455257 0.112385057 0.993654430 -0.004538536 6.831964493
0.986470282 -0.105925761 -0.125124186 0.763952374 -0.122626074 0.029802680 -0.992005408 0.285905838 0.108807974 0.993927419 0.016410172 6.834136963
0.984875858 -0.106203549 -0.136895254 0.787627637 -0.138155833 -0.004569650 -0.990400136 0.282557487 0.104558453 0.994334042 -0.019173145 6.826645851
0.984675705 -0.090489812 -0.149081811 0.791335106 -0.150313020 -0.006908655 -0.988614321 0.274318695 0.088429570 0.995873451 -0.020404577 6.820083141
0.984928131 -0.087252215 -0.149344027 0.808741033 -0.149660558 0.002939403 -0.988733232 0.261201382 0.086708151 0.996182024 -0.010163069 6.814867973
0.983975530 -0.108656578 -0.141371503 0.886932075 -0.140691176 0.013941109 -0.989955366 0.234098434 0.109536037 0.993981540 -0.001569271 6.807651043
0.984050989 -0.141797453 -0.107410952 0.994436800 -0.109428018 -0.006481767 -0.993973613 0.208810806 0.140246704 0.989874482 -0.021895051 6.801121712
0.984282613 -0.152511775 -0.089038447 1.084070683 -0.085744604 0.028053105 -0.995922148 0.176003456 0.154387668 0.987903416 0.014535129 6.813786507
0.978893220 -0.150596514 -0.138161913 1.198453426 -0.139771953 -0.000107288 -0.990183830 0.149981499 0.149103388 0.988595366 -0.021154165 6.871291161
0.992399335 -0.083336644 -0.090546183 0.762195945 -0.112828620 -0.322457433 -0.939835608 0.223201752 0.049125455 0.942908466 -0.329409361 6.769382477
0.993740022 -0.093198717 -0.061601572 0.777443409 -0.089962110 -0.340641141 -0.935879588 0.209125519 0.066238753 0.935562849 -0.346893072 6.765274048
0.994362414 -0.100243360 -0.034563251 0.787086070 -0.070166439 -0.377675653 -0.923275769 0.197932243 0.079498559 0.920495927 -0.382580280 6.760216236
0.994673848 -0.102786496 -0.007674459 0.793262422 -0.050035123 -0.416414618 -0.907797158 0.191196442 0.090113521 0.903346121 -0.419339657 6.753105640
0.991711140 -0.125554889 0.027295448 0.806133986 -0.030367654 -0.435455680 -0.899697721 0.180816650 0.124847420 0.891411364 -0.435659051 6.736567497
0.988573074 -0.144027039 0.044491909 0.817163110 -0.020507213 -0.420903087 -0.906873703 0.171151161 0.149341136 0.895598531 -0.419046998 6.722620964
0.985724032 -0.158508793 0.056772295 0.829706967 -0.012253642 -0.403833866 -0.914750397 0.157551765 0.167922541 0.900995791 -0.400011063 6.705129623
0.984801769 -0.168268263 0.043026358 0.841096163 -0.023645662 -0.375319004 -0.926594198 0.129380226 0.172064975 0.911494195 -0.373593569 6.661356926
0.928268254 -0.191510588 0.318813056 0.571808875 0.218505830 -0.412842631 -0.884203911 -0.134624958 0.300953954 0.890440941 -0.341382504 6.497306824
0.992399335 -0.083336644 -0.090546183 0.762195945 -0.112828620 -0.322457433 -0.939835608 0.223201752 0.049125455 0.942908466 -0.329409361 6.769382477
0.987362683 -0.060194436 -0.146600127 0.705263078 -0.158127517 -0.312800050 -0.936563909 0.229871750 0.010519415 0.947909772 -0.318365455 6.771866322
0.980201185 -0.032490015 -0.195320278 0.642776310 -0.195710421 -0.308686852 -0.930811584 0.245901108 -0.030050695 0.950608790 -0.308933854 6.786592484
0.968982339 -0.025063269 -0.245855689 0.586591005 -0.241550893 -0.306247354 -0.920796454 0.263618469 -0.052214444 0.951622188 -0.302802324 6.805848122
0.958281219 -0.023632020 -0.284848392 0.535830498 -0.278525680 -0.301018476 -0.912037134 0.293924332 -0.064191304 0.953325629 -0.295042515 6.835573196
0.953803957 -0.017953828 -0.299892843 0.501464725 -0.291806579 -0.292808294 -0.910556197 0.326100349 -0.071463078 0.956002831 -0.284520745 6.871746540
0.958684266 -0.008797482 -0.284336209 0.476973981 -0.274300218 -0.293483019 -0.915765941 0.348961830 -0.075391397 0.955923855 -0.283770680 6.916091919
0.992399335 -0.083336644 -0.090546183 0.762195945 -0.112828620 -0.322457433 -0.939835608 0.223201752 0.049125455 0.942908466 -0.329409361 6.769382477
0.985344112 -0.160423011 0.057977919 0.868228734 -0.003543757 -0.359068632 -0.933304429 0.233750343 0.170541555 0.919420600 -0.354374647 6.791745186
0.965238035 -0.213832885 0.150303245 0.987985432 0.066794164 -0.354156256 -0.932797909 0.223662376 0.252693683 0.910411358 -0.327562332 6.769963264
0.992399335 -0.083336644 -0.090546183 0.762195945 -0.112828620 -0.322457433 -0.939835608 0.223201752 0.049125455 0.942908466 -0.329409361 6.769382477
0.990191579 -0.069578543 -0.121158868 0.733795404 -0.137505308 -0.331647992 -0.933328509 0.203929901 0.024757564 0.940834045 -0.337962389 6.741406441
0.789654732 -0.583594561 -0.189374804 0.772804737 -0.512188196 -0.457078457 -0.727146924 -0.033919334 0.337799847 0.671190560 -0.659844398 6.716199875
0.992399335 -0.083336644 -0.090546183 0.762195945 -0.112828620 -0.322457433 -0.939835608 0.223201752 0.049125455 0.942908466 -0.329409361 6.769382477
0.991364062 -0.076598115 -0.106442407 0.743781805 -0.125388309 -0.315953016 -0.940452814 0.240443230 0.038406104 0.945677757 -0.322829008 6.793374062
0.993311286 -0.083670281 -0.079573475 0.749592781 -0.101474054 -0.303714633 -0.947344005 0.233960152 0.055096928 0.949082196 -0.310173512 6.829496384
0.995241761 -0.092417389 -0.030868648 0.796047211 -0.057582870 -0.302305341 -0.951470256 0.249919891 0.078600630 0.948720455 -0.306188583 6.862519264
0.995408356 -0.067555144 -0.067811981 0.901211917 -0.085602939 -0.311287522 -0.946452618 0.261232376 0.042828720 0.947911739 -0.315641165 6.899904251
0.992399335 -0.083336644 -0.090546183 0.762195945 -0.112828620 -0.322457433 -0.939835608 0.223201752 0.049125455 0.942908466 -0.329409361 6.769382477
0.993483543 -0.064357132 -0.094067112 0.702933669 -0.110475451 -0.340782881 -0.933628798 0.288747787 0.028029211 0.937936902 -0.345672131 6.819765091
0.993653595 -0.052328631 -0.099570483 0.671912074 -0.111521155 -0.342752218 -0.932783067 0.308274269 0.014683280 0.937967479 -0.346412659 6.834199429
0.995201170 -0.036385674 -0.090833381 0.674719691 -0.097829461 -0.350973725 -0.931261003 0.268667221 0.002004433 0.935678184 -0.352849007 6.783529758
0.993087649 -0.015985310 -0.116281658 0.690507293 -0.115339592 -0.316609263 -0.941517651 0.191617012 -0.021765385 0.948421419 -0.316264391 6.686423779
0.985172868 0.018841147 -0.170527086 0.696151495 -0.154670075 -0.332571149 -0.930308461 0.122567177 -0.074240446 0.942890048 -0.324725866 6.569677353
0.969087660 0.054397613 -0.240645006 0.672302485 -0.205247909 -0.363487363 -0.908708155 0.075909615 -0.136902943 0.930009782 -0.341086149 6.492250443
0.992399335 -0.083336644 -0.090546183 0.762195945 -0.112828620 -0.322457433 -0.939835608 0.223201752 0.049125455 0.942908466 -0.329409361 6.769382477
0.992560267 -0.080341198 -0.091484711 0.739595592 -0.110055424 -0.270639300 -0.956369340 0.265746117 0.052076519 0.959322631 -0.277467728 6.844321251
0.995174825 -0.072149970 -0.066494167 0.745674253 -0.081234403 -0.225795031 -0.970782161 0.270661354 0.055027846 0.971499562 -0.230566621 6.900528908
0.997999430 -0.052092213 -0.035826288 0.755226493 -0.046117391 -0.212195277 -0.976138711 0.293063164 0.043247052 0.975838065 -0.214173198 6.937555313
0.971521258 0.159195751 -0.175508410 1.511089444 -0.145853847 0.985513330 0.086545222 -0.000648901 0.186743528 -0.058481939 0.980666459 6.779038906
0.977061689 0.137967259 -0.162220404 1.516079783 -0.141071498 0.989969313 -0.007719164 0.013446786 0.159528241 0.030426774 0.986724377 6.822397232
0.980406284 0.135747567 -0.142745048 1.520571828 -0.136369631 0.990642965 0.005462372 0.025842283 0.142150879 0.014110744 0.989744425 6.834653854
0.980674565 0.122054026 -0.152905822 1.523414254 -0.130482182 0.990368187 -0.046316933 0.026555337 0.145779908 0.065373316 0.987154782 6.832721710
0.982493460 0.106354542 -0.152955294 1.526216507 -0.115322717 0.992018878 -0.050982881 0.027435094 0.146312267 0.067729563 0.986917138 6.831476688
0.982423127 0.104704194 -0.154537410 1.525551319 -0.113927387 0.992124081 -0.052060820 0.027494658 0.147869289 0.068751797 0.986614347 6.831734657
0.982531726 0.103695348 -0.154527232 1.525404215 -0.112963930 0.992214561 -0.052434895 0.027482748 0.147886917 0.068974957 0.986596107 6.832310200
0.982481003 0.104256146 -0.154472306 1.525628448 -0.113456510 0.992182910 -0.051968541 0.027330443 0.147846743 0.068583995 0.986629426 6.831471443
0.982463896 0.104663670 -0.154305622 1.525529742 -0.113904044 0.992114842 -0.052287363 0.027637899 0.147616312 0.068946481 0.986638665 6.831660748
0.982533216 0.103584491 -0.154592097 1.525444031 -0.112767436 0.992268145 -0.051840693 0.027354524 0.148026913 0.068368159 0.986617386 6.831316471
0.982521474 0.104562111 -0.154007390 1.525474548 -0.113757662 0.992139697 -0.052134685 0.027444668 0.147345528 0.068742968 0.986693323 6.831294060
0.982535958 0.103920929 -0.154348716 1.525516510 -0.113110401 0.992222011 -0.051975846 0.027441747 0.147746816 0.068526581 0.986648381 6.831254482
0.982538760 0.104364723 -0.154031143 1.525408745 -0.113535002 0.992173970 -0.051967286 0.027553186 0.147402152 0.068547793 0.986698449 6.831403732
0.982548416 0.103704363 -0.154415131 1.525380254 -0.112900645 0.992244422 -0.052004486 0.027574025 0.147824466 0.068530492 0.986636460 6.831232071
0.982536077 0.104588427 -0.153896585 1.525292039 -0.113798402 0.992127299 -0.052281931 0.027724303 0.147216901 0.068882070 0.986702800 6.831706047
0.982574224 0.103584625 -0.154331058 1.525356054 -0.112775870 0.992257893 -0.052018069 0.027419101 0.147747934 0.068516433 0.986648917 6.831241131
0.982543528 0.104088172 -0.154187799 1.525450706 -0.113277614 0.992199600 -0.052040037 0.027504265 0.147568315 0.068597622 0.986670136 6.831665993
0.982536435 0.103967987 -0.154313982 1.525432467 -0.113134556 0.992226601 -0.051835969 0.027479950 0.147725165 0.068388976 0.986661136 6.831208706
0.982544720 0.103908837 -0.154301107 1.525466442 -0.113078564 0.992231369 -0.051867031 0.027503654 0.147712946 0.068409823 0.986661553 6.831212044
0.982545137 0.104025669 -0.154219598 1.525604010 -0.113199688 0.992214441 -0.051926143 0.027596779 0.147617251 0.068477385 0.986671150 6.831112862
0.982562423 0.104167864 -0.154013291 1.525620699 -0.113343120 0.992193043 -0.052021928 0.027521871 0.147391900 0.068571135 0.986698329 6.831135750
0.982553005 0.104125135 -0.154102594 1.525460362 -0.113311298 0.992194891 -0.052055702 0.027581073 0.147479504 0.068609044 0.986682594 6.830914497
0.982551336 0.104323842 -0.153978765 1.525386095 -0.113488384 0.992179871 -0.051956173 0.027657241 0.147354364 0.068524405 0.986707211 6.830737591
0.968940675 0.117179237 -0.217768118 2.596292973 -0.129181162 0.990745127 -0.041668758 0.511731565 0.210869983 0.068506092 0.975110650 6.496761799
0.969002068 0.118071944 -0.217011482 2.596220016 -0.130073115 0.990621865 -0.041824836 0.511686265 0.210037977 0.068755709 0.975272655 6.497671127
0.968938828 0.119555749 -0.216480821 2.596277475 -0.131814390 0.990339220 -0.043049246 0.511506319 0.209242672 0.070247367 0.975337267 6.497549057
0.969047010 0.117504872 -0.217118740 2.595932007 -0.129668415 0.990641832 -0.042601310 0.511406898 0.210081041 0.069436111 0.975215137 6.497000694
0.968935728 0.118973464 -0.216815427 2.596288681 -0.131135821 0.990450978 -0.042546779 0.511258364 0.209683105 0.069657356 0.975284994 6.498319149
0.968970895 0.116461180 -0.218018696 2.596049070 -0.128628120 0.990785122 -0.042422548 0.511364877 0.211069092 0.069149546 0.975022137 6.497511387
0.968944013 0.116798803 -0.217957705 2.595889091 -0.128936544 0.990751445 -0.042272910 0.511703968 0.211004466 0.069062792 0.975042284 6.497416496
0.968899190 0.117374465 -0.217847571 2.596251965 -0.129610971 0.990644813 -0.042706791 0.511517704 0.210796878 0.069614016 0.975048006 6.497498512
0.968895614 0.117652006 -0.217713729 2.596246481 -0.129844591 0.990622222 -0.042519901 0.511493862 0.210669503 0.069466293 0.975086033 6.497335434
0.968864501 0.118628703 -0.217321813 2.596431017 -0.130887255 0.990470469 -0.042857133 0.511544108 0.210166752 0.069967411 0.975158691 6.497201443
0.968898714 0.119714849 -0.216572523 2.596519232 -0.132003456 0.990310013 -0.043141052 0.511835933 0.209309310 0.070387632 0.975312889 6.496941090
0.968920827 0.119595252 -0.216539681 2.596281528 -0.131946832 0.990303695 -0.043458179 0.511833131 0.209242642 0.070679255 0.975306094 6.496973038
0.968946159 0.119501650 -0.216477916 2.596323967 -0.131817549 0.990326881 -0.043322712 0.511780322 0.209206745 0.070512965 0.975325823 6.497116566
0.968944073 0.119434766 -0.216524079 2.596368551 -0.131768897 0.990329981 -0.043398701 0.511760712 0.209246978 0.070582047 0.975312173 6.497179508
0.968970478 0.118484281 -0.216927931 2.596304655 -0.130873144 0.990439415 -0.043612242 0.511685967 0.209686592 0.070649013 0.975212932 6.497569084
0.968966186 0.118793614 -0.216777861 2.596322298 -0.131112486 0.990421176 -0.043306358 0.511624217 0.209556848 0.070384681 0.975259900 6.497301579
0.968973219 0.118393764 -0.216964930 2.596248865 -0.130665988 0.990490615 -0.043066543 0.511541367 0.209802926 0.070080265 0.975228965 6.497098923
0.968975067 0.118668839 -0.216806486 2.596251965 -0.131005138 0.990431666 -0.043390475 0.511727691 0.209582910 0.070447050 0.975249827 6.497007370
0.968979120 0.118381858 -0.216945067 2.596412182 -0.130703747 0.990475237 -0.043305486 0.511677742 0.209752128 0.070317648 0.975222766 6.496860504
0.968987584 0.118814439 -0.216670603 2.596221209 -0.131176665 0.990402281 -0.043542966 0.511811137 0.209417522 0.070614718 0.975273252 6.497104645
0.968937874 0.119262077 -0.216647089 2.596306801 -0.131587595 0.990356922 -0.043333933 0.511761725 0.209389865 0.070495956 0.975287735 6.497336864
0.968951404 0.119345233 -0.216540650 2.596413612 -0.131677136 0.990342498 -0.043391824 0.511702418 0.209270790 0.070558019 0.975308836 6.497349262
0.968986988 0.119258605 -0.216429219 2.596219063 -0.131592020 0.990351439 -0.043446176 0.511700630 0.209159657 0.070579134 0.975331128 6.497051716
0.998189986 0.033206549 -0.050140563 1.012061834 -0.035434920 0.998392820 -0.044227771 -0.467665523 0.048591327 0.045924447 0.997762382 6.851613998
0.998494208 0.033451810 -0.043477125 1.016402721 -0.034660682 0.999024689 -0.027354691 -0.466419607 0.042519659 0.028820448 0.998679876 6.847886086
0.998791516 0.033665407 -0.035806362 1.023016810 -0.034105133 0.999349296 -0.011741357 -0.465479940 0.035387781 0.012948349 0.999289751 6.842160702
0.998702407 0.041639674 -0.029320458 1.030156732 -0.042074952 0.999010861 -0.014388225 -0.462655663 0.028692333 0.015603212 0.999466479 6.840792656
0.997851431 0.061323974 -0.023063902 1.043339014 -0.061614942 0.998026371 -0.012123471 -0.459064603 0.022274923 0.013518503 0.999660492 6.831185341
0.995023251 0.099140659 -0.009993759 1.060988784 -0.099058107 0.995045841 0.008443928 -0.456681401 0.010781384 -0.007411943 0.999914408 6.816354275
0.993392467 0.114692800 -0.004112214 1.067672968 -0.114579119 0.993180454 0.021546949 -0.458929867 0.006555450 -0.020933405 0.999759376 6.807535648
0.991375566 0.131026119 0.002567737 1.080667973 -0.130960017 0.989763856 0.056718107 -0.479373455 0.004890099 -0.056565221 0.998386919 6.775751114
0.993347585 0.115057446 -0.004726967 1.081928968 -0.114581011 0.991659045 0.059021447 -0.504714787 0.011478396 -0.058087189 0.998245537 6.757172108
0.994324386 0.105852917 -0.010683388 1.080871820 -0.105266467 0.993404210 0.045464415 -0.529594123 0.015425462 -0.044081774 0.998908818 6.744616508
0.994751751 0.100761421 -0.017777354 1.082633615 -0.099730887 0.993677020 0.051572934 -0.528657556 0.022861511 -0.049529314 0.998511016 6.745570183
0.994620681 0.101903833 -0.018581439 1.082721591 -0.100765549 0.993423760 0.054365154 -0.525228441 0.023999259 -0.052200336 0.998348236 6.749466419
0.994181037 0.105561666 -0.021466611 1.077758908 -0.104500405 0.993475258 0.045679163 -0.536479712 0.026148515 -0.043170091 0.998725474 6.759687424
0.994243443 0.103845559 -0.026383368 1.072336435 -0.103226103 0.994371951 0.023849754 -0.566204906 0.028711570 -0.020989010 0.999367356 6.769521713
0.994714558 0.097725436 -0.031506181 1.063213348 -0.097626224 0.995212197 0.004675854 -0.610644877 0.031812288 -0.001575310 0.999492645 6.770712852
0.996106923 0.077220812 -0.042519420 1.044303179 -0.077716887 0.996923923 -0.010137728 -0.709774554 0.041605785 0.013402739 0.999044180 6.772087097
0.996997774 0.059916306 -0.049045615 1.036225915 -0.060609248 0.998079956 -0.012763973 -0.753575861 0.048186675 0.015698271 0.998714983 6.770946980
0.997089267 0.055730376 -0.052030087 1.033970475 -0.056602646 0.998277366 -0.015443292 -0.802458465 0.051079795 0.018343382 0.998526096 6.775160789
0.996416867 0.068443820 -0.049687725 1.039627433 -0.069715008 0.997270525 -0.024316056 -0.810582936 0.047887821 0.027692908 0.998468757 6.780683994
0.994302928 0.093709901 -0.050795104 1.062301993 -0.095666960 0.994704187 -0.037568614 -0.812141716 0.047005553 0.042213991 0.998002231 6.785997391
0.993972301 0.096180834 -0.052614376 1.072212338 -0.097553469 0.994936764 -0.024168400 -0.803313255 0.050023444 0.029155435 0.998322427 6.781977177
0.993533850 0.101310611 -0.051250391 1.088451266 -0.101308331 0.994851530 0.002648828 -0.781588554 0.051254883 0.002560391 0.998682320 6.776549339
0.993448198 0.103003681 -0.049506869 1.098165631 -0.102106914 0.994565845 0.020320844 -0.769260347 0.051330965 -0.015132711 0.998567045 6.771012306
0.993342817 0.103017844 -0.051550232 1.110704780 -0.102913924 0.994679272 0.004673339 -0.772169292 0.051757388 0.000663009 0.998659492 6.758266926
0.993765533 0.096566804 -0.055721566 1.120697021 -0.097010873 0.995269120 -0.005314030 -0.797329545 0.054944798 0.010686498 0.998432219 6.739038467
0.995903134 0.082371160 -0.037309367 1.137856126 -0.082506210 0.996588349 -0.002091840 -0.834917724 0.037009772 0.005161524 0.999301553 6.711019039
0.997309029 0.073133580 0.005115974 1.164257526 -0.073267095 0.996714532 0.034526609 -0.820300758 -0.002574112 -0.034808531 0.999390662 6.698434353
0.996874630 0.067321673 0.041336764 1.185260296 -0.069660172 0.995882630 0.058010619 -0.802942753 -0.037261192 -0.060708839 0.997459769 6.700483799
0.996401191 0.054307852 0.065079741 1.213433027 -0.054854672 0.998472273 0.006643835 -0.836068809 -0.064619504 -0.010189853 0.997857928 6.716656208
0.997952878 0.023942234 0.059303284 1.247635841 -0.022896240 0.999571145 -0.018255275 -0.909877360 -0.059714921 0.016860083 0.998073101 6.732265472
0.996889412 0.032369472 0.071859367 1.312931061 -0.032163128 0.999474525 -0.004027096 -0.936525643 -0.071951963 0.001703347 0.997406662 6.749729156
0.992710590 0.033625517 0.115736663 1.396399975 -0.037234809 0.998880863 0.029165380 -0.961788714 -0.114626437 -0.033262216 0.992851675 6.759143353
0.977297783 -0.031488445 0.209517315 1.553261876 0.031185288 0.999502301 0.004751213 -1.003399134 -0.209562644 0.001890506 0.977793396 6.807349682
0.941824853 -0.070429325 0.328642100 1.688254595 0.056097466 0.997022808 0.052901477 -0.967979848 -0.331389517 -0.031387940 0.942971766 6.874372959
0.914096117 -0.076731190 0.398171693 1.831694365 0.076039374 0.996950269 0.017554941 -0.971416295 -0.398304373 0.014229821 0.917142928 6.950383186
0.909516275 -0.060408011 0.411255449 2.020363808 0.060088500 0.998098791 0.013718227 -1.062335610 -0.411302239 0.012234770 0.911416888 7.034543037
0.918480754 -0.067170650 0.389719397 2.192094326 0.065484688 0.997697890 0.017627001 -1.145489454 -0.390006214 0.009330591 0.920764923 7.148768425
0.921777129 -0.059728749 0.383091927 2.361696720 0.064734690 0.997902513 -0.000176175 -1.171988726 -0.382277846 0.024961729 0.923710227 7.289006710
0.923714221 -0.047972273 0.380066752 2.483192205 0.051249024 0.998684764 0.001499013 -1.164092779 -0.379638791 0.018093389 0.924957871 7.406070232
0.923962355 -0.036460280 0.380741686 2.625809908 0.040064968 0.999195874 -0.001543190 -1.216123343 -0.380379289 0.016680254 0.924680114 7.551792145
0.923166811 -0.052082863 0.380854905 2.728857279 0.052242849 0.998585105 0.009925836 -1.253547192 -0.380832970 0.010733743 0.924581528 7.707933426
0.965656757 -0.030489791 0.258025944 2.813932657 0.025565006 0.999421716 0.022420760 -1.259039998 -0.258560359 -0.015054324 0.965877771 7.884443760
0.982811868 0.031607468 0.181884110 2.890563965 -0.033162836 0.999434769 0.005515731 -1.311786890 -0.181606948 -0.011452719 0.983304501 8.019216537
0.987256229 0.007884832 0.158943385 2.985976934 -0.013444329 0.999333680 0.033932954 -1.328628778 -0.158569932 -0.035637408 0.986704409 8.231240273
0.984423816 -0.030812120 0.173090592 3.129882574 0.027170734 0.999357641 0.023368170 -1.418861747 -0.173699424 -0.018301187 0.984628677 8.535504341
0.986537695 0.037194669 0.159247980 3.367886782 -0.034715235 0.999229252 -0.018324342 -1.593685746 -0.159806803 0.012549324 0.987068534 8.927450180
0.991861761 0.056548160 0.114072479 3.499600649 -0.058118861 0.998254597 0.010488242 -1.700239778 -0.113280289 -0.017032649 0.993417084 9.169462204
0.995379567 0.030657161 0.090992942 3.610281944 -0.033341918 0.999047995 0.028132828 -1.793360829 -0.090043843 -0.031036722 0.995454073 9.423782349
0.995143056 0.015352951 0.097234935 3.815946817 -0.019009864 0.999141991 0.036794942 -2.067762852 -0.096586600 -0.038464654 0.994581044 9.794642448
0.993243635 0.046412852 0.106362246 3.905872822 -0.046601873 0.998913288 -0.000708902 -2.184339762 -0.106279559 -0.004252568 0.994327188 9.920614243
0.990408421 0.079540640 0.112979807 4.032885075 -0.073594466 0.995722234 -0.055866659 -2.350312710 -0.116940178 0.047016121 0.992025435 10.094712257
0.985261142 0.117301278 0.124502547 4.128674030 -0.112546287 0.992645621 -0.044586383 -2.424592257 -0.128816947 0.029916929 0.991217017 10.247428894
0.993604958 0.058111630 0.096810110 4.182821751 -0.058576226 0.998281002 0.001961526 -2.431937456 -0.096529700 -0.007619752 0.995300949 10.422311783
0.994689584 0.057357255 0.085455984 4.218914986 -0.058404077 0.998244941 0.009798499 -2.556454420 -0.084743991 -0.014737444 0.996293783 10.624305725
0.995039403 0.058978349 0.080113299 4.233896255 -0.058038466 0.998216033 -0.014012266 -2.663813114 -0.080796801 0.009293104 0.996687293 10.750317574
0.997751772 0.015224198 0.065266125 4.273651600 -0.019781111 0.997368157 0.069752999 -2.671763659 -0.064032428 -0.070887215 0.995426953 10.992893219
0.998724043 -0.008718695 0.049742073 4.394081116 0.007791174 0.999792695 0.018810119 -2.839838743 -0.049895763 -0.018398568 0.998584926 11.319833755
0.995180786 0.063396141 0.074806988 4.533028603 -0.064717337 0.997785270 0.015369187 -2.849658489 -0.073666960 -0.020136429 0.997079611 11.567997932
0.994055271 0.077469595 0.076502480 4.594169617 -0.077425264 0.996991813 -0.003549696 -2.846799374 -0.076547347 -0.002394630 0.997063100 11.678516388
0.995576680 0.063205719 0.069513738 4.648025513 -0.062099162 0.997908235 -0.017968100 -2.854265451 -0.070504025 0.013571876 0.997419178 11.780372620
0.996282756 0.061329015 0.060493030 4.714600563 -0.060090490 0.997948527 -0.022086587 -2.882583857 -0.061723478 0.018369429 0.997924209 11.898433685
0.996297657 0.080558129 0.030022152 4.775549889 -0.079999410 0.996606708 -0.019370247 -2.937089682 -0.031480707 0.016896777 0.999361515 11.999255180
0.995870769 0.090310618 0.009242009 4.832411766 -0.090140626 0.995777011 -0.017401498 -2.985456228 -0.010774521 0.016496561 0.999805868 12.088500977
0.995510638 0.094595209 -0.003217854 4.900608540 -0.094630465 0.995419919 -0.013575425 -3.013787270 0.001918946 0.013818987 0.999902666 12.198916435
0.995142102 0.098269880 -0.005932935 4.961304188 -0.098281890 0.995157063 -0.001767502 -3.040366650 0.005730510 0.002342016 0.999980867 12.301160812
0.995187223 0.097953826 -0.002724314 5.012580872 -0.097972780 0.995156765 -0.008020367 -3.072538137 0.001925494 0.008248676 0.999964118 12.391572952
0.997322321 0.072762884 -0.007334597 5.068712234 -0.072832234 0.997297227 -0.009679221 -3.069466591 0.006610486 0.010187497 0.999926269 12.500596046
0.996263027 0.086366653 -0.000850454 5.110293388 -0.086370781 0.996202350 -0.010995998 -3.067484140 -0.000102463 0.011028362 0.999939203 12.555589676
0.996473372 0.076560371 0.034341849 5.183192730 -0.075816624 0.996868730 -0.022462321 -3.143920660 -0.035954043 0.019779423 0.999157667 12.629354477
0.995928168 0.065777108 0.061647881 5.216427803 -0.064142048 0.997543991 -0.028138613 -3.177139759 -0.063347347 0.024069818 0.997701228 12.660477638
0.993441463 0.047172282 0.104157664 5.266417503 -0.045813043 0.998831213 -0.015405232 -3.171060562 -0.104762621 0.010532416 0.994441509 12.705643654
0.992700517 0.038275637 0.114370830 5.297210217 -0.040136926 0.999095917 0.014015048 -3.146752357 -0.113730989 -0.018503238 0.993339241 12.735313416
0.992998302 0.033677559 0.113226354 5.340181351 -0.034417313 0.999397039 0.004584470 -3.162680387 -0.113003686 -0.008449317 0.993558645 12.770061493
0.993468881 0.032059032 0.109507315 5.391552448 -0.032284629 0.999478698 0.000287213 -3.172184229 -0.109441020 -0.003820740 0.993985951 12.814002991
0.993978620 0.033153966 0.104438372 5.451154232 -0.037730373 0.998398542 0.042152248 -3.222535133 -0.102873601 -0.045838930 0.993637681 12.865267754
0.993869305 0.037701864 0.103934698 5.495191574 -0.044149045 0.997194707 0.060444523 -3.277063131 -0.101364262 -0.064662568 0.992745697 12.908641815
0.993960857 0.037429240 0.103154697 5.566525459 -0.043384057 0.997482121 0.056100778 -3.336510181 -0.100795157 -0.060237244 0.993081987 13.026562691
0.996094406 -0.000314905 0.088294290 5.616989613 0.000459019 0.999998569 -0.001611902 -3.366302729 -0.088293664 0.001646135 0.996093154 13.136447906
0.996126354 -0.001115866 0.087926582 5.730501175 0.004083146 0.999427855 -0.033574626 -3.356162548 -0.087838814 0.033803590 0.995561004 13.311312675
0.992531359 0.046614040 0.112732671 5.876490116 -0.046624254 0.998909235 -0.002547246 -3.292306423 -0.112728439 -0.002727855 0.993622065 13.475355148
0.992914855 0.034554087 0.113693208 5.921485424 -0.039722502 0.998262942 0.043511841 -3.278201580 -0.111992195 -0.047719728 0.992562652 13.521460533
0.992710888 0.029250242 0.116916470 6.011346340 -0.039971456 0.995100021 0.090433680 -3.279821396 -0.113698371 -0.094447829 0.989015818 13.618541718
0.992244065 0.034971058 0.119284399 6.102049351 -0.041897647 0.997547805 0.056062598 -3.309432268 -0.117031313 -0.060625512 0.991276085 13.744018555
0.991778314 0.039898213 0.121588938 6.193367958 -0.045413923 0.998045206 0.042934235 -3.330858707 -0.119638257 -0.048103075 0.991651535 13.896162987
0.992419541 0.033276133 0.118305482 6.280593395 -0.038525477 0.998359203 0.042364076 -3.382444859 -0.116701655 -0.046600714 0.992073119 14.056990623
0.989731014 0.005556964 0.142834187 6.368294239 -0.007067044 0.999924362 0.010067125 -3.478198528 -0.142767429 -0.010973162 0.989695430 14.213007927
0.959394038 -0.061384689 0.275308907 6.527107716 0.072301418 0.996941388 -0.029670734 -3.611672640 -0.272645533 0.048371147 0.960897863 14.449325562
0.931121349 -0.055139914 0.360517085 6.647159100 0.078800932 0.995571971 -0.051252704 -3.674706459 -0.356094658 0.076131567 0.931343436 14.587081909
0.910981774 -0.060054291 0.408051133 6.815350056 0.082793683 0.995831311 -0.038278516 -3.800316811 -0.404051304 0.068655081 0.912156224 14.736447334
0.908974588 -0.066640154 0.411490321 6.968685627 0.077633470 0.996931434 -0.010039582 -3.909397840 -0.409558594 0.041071139 0.911358833 14.853256226
0.917234600 -0.071149975 0.391941845 7.171357632 0.099016517 0.993761420 -0.051322080 -3.990476608 -0.385845125 0.085883103 0.918557405 15.003903389
0.914725006 -0.069715604 0.398017466 7.251580715 0.096059516 0.994283795 -0.046608392 -4.018273830 -0.392492950 0.080867231 0.916193068 15.045070648
0.906746566 -0.069601148 0.415892214 7.333948135 0.094044864 0.994821191 -0.038553663 -4.047663212 -0.411054999 0.074070923 0.908596337 15.075600624
0.873926938 -0.088841222 0.477869183 7.449850559 0.117083080 0.992681801 -0.029570837 -4.047718525 -0.471744925 0.081793144 0.877933145 15.114442825
0.817204595 -0.118492767 0.564035594 7.566895008 0.154298082 0.987894475 -0.016018074 -4.029246807 -0.555309594 0.100119650 0.825595140 15.144544601
0.745561361 -0.145914108 0.650267124 7.681857586 0.190567017 0.981672585 0.001784611 -3.979705095 -0.638609767 0.122588903 0.759703577 15.163621902
0.688366175 -0.165440083 0.706244707 7.784076214 0.208848894 0.977616787 0.025447946 -3.945597172 -0.694646835 0.129980892 0.707510352 15.160854340
0.660889149 -0.208214760 0.721021652 7.901376724 0.210370839 0.973622739 0.088334113 -3.925485373 -0.720395565 0.093302846 0.687259018 15.139545441
0.659969926 -0.168717355 0.732102633 8.026836395 0.206018299 0.977746248 0.039607678 -3.973033190 -0.722493052 0.124686643 0.680041969 15.112937927
0.674084842 -0.161007121 0.720892727 8.162709236 0.197514072 0.979705989 0.034122124 -4.073339462 -0.711756885 0.119385257 0.692206144 15.063805580
0.672650874 -0.155429840 0.723451793 8.242443085 0.213629246 0.976850092 0.011242978 -4.162539959 -0.708451450 0.146987826 0.690283418 15.017088890
0.639389396 -0.148676768 0.754371643 8.351393700 0.216917560 0.976152658 0.008532174 -4.240043640 -0.737650394 0.158181041 0.656392217 14.945094109
0.522029936 -0.181567609 0.833377540 8.468295097 0.256992489 0.965155244 0.049297169 -4.209888458 -0.813289464 0.188437134 0.550501466 14.849786758
0.434526801 -0.217958748 0.873888195 8.510812759 0.279055923 0.955110133 0.099460483 -4.158227921 -0.856337726 0.200645417 0.475843608 14.797358513
0.372681618 -0.218433976 0.901884198 8.558866501 0.290040433 0.950626731 0.110387146 -4.087829590 -0.881467581 0.220443606 0.417635798 14.718702316
0.369334042 -0.201798141 0.907121778 8.584760666 0.289510727 0.952545047 0.094028898 -4.075244427 -0.883049250 0.227893412 0.410230041 14.621161461
0.393288910 -0.205056310 0.896256506 8.581426620 0.284872383 0.954017401 0.093265854 -4.075162411 -0.874169052 0.218638301 0.433619320 14.481223106
0.334910274 -0.201369405 0.920481086 8.559146881 0.338483155 0.937400103 0.081916064 -3.995028019 -0.879354477 0.284132808 0.382105052 14.346519470
0.211359024 -0.223135993 0.951597512 8.542091370 0.338529706 0.930042863 0.142891020 -3.915740013 -0.916910589 0.291942716 0.272111118 14.258870125
0.016810417 -0.281130731 0.959522367 8.490409851 0.354023457 0.899162471 0.257243574 -3.763156891 -0.935085535 0.335368991 0.114642143 14.121669769
-0.042011738 -0.311853111 0.949201167 8.469012260 0.349861205 0.885297239 0.306342870 -3.697235346 -0.935859144 0.344958633 0.071912408 14.025791168
-0.056584001 -0.306252003 0.950267375 8.460965157 0.349022329 0.885671914 0.306216836 -3.651720047 -0.935404599 0.348991454 0.056773901 13.916624069
-0.039940119 -0.251196295 0.967111945 8.505775452 0.340338260 0.906589150 0.249531597 -3.584270716 -0.939454675 0.339111418 0.049282372 13.740690231
-0.025998950 -0.233080685 0.972109854 8.530360222 0.335509837 0.913998961 0.228120759 -3.556523561 -0.941677868 0.332083315 0.054437816 13.672829628
-0.008934736 -0.229503050 0.973266959 8.555440903 0.336039543 0.916012228 0.219086885 -3.535974264 -0.941805482 0.329013646 0.068937778 13.580466270
0.000671268 -0.210774645 0.977534533 8.570807457 0.334419012 0.921299934 0.198419765 -3.524962902 -0.942424297 0.326772928 0.071105480 13.492297173
0.003543973 -0.214358300 0.976748586 8.572179794 0.340291947 0.918719649 0.200388521 -3.494567394 -0.940313101 0.331669539 0.076200306 13.419768333
-0.011674762 -0.213012353 0.976979852 8.564531326 0.351915061 0.913662493 0.203412533 -3.448753595 -0.935959220 0.346188664 0.064295411 13.357536316
-0.109955430 -0.226035252 0.967893541 8.525873184 0.347543478 0.903583944 0.250498742 -3.401948929 -0.931194603 0.363928765 -0.020796895 13.237770081
-0.167157292 -0.236467242 0.957153082 8.499315262 0.354279399 0.891563892 0.282134593 -3.404455662 -0.920078754 0.386260390 -0.065256000 13.174518585
-0.204683065 -0.243401021 0.948082864 8.471710205 0.355588466 0.883925438 0.303698391 -3.393738747 -0.911955059 0.399289161 -0.094373941 13.119017601
-0.233012438 -0.225619629 0.945939362 8.439820290 0.351550460 0.887388468 0.298251569 -3.365176439 -0.906707108 0.402041674 -0.127455950 13.055664062
-0.241980553 -0.195407391 0.950400710 8.407861710 0.357060432 0.892841816 0.274483800 -3.319390774 -0.902193666 0.405770183 -0.146278143 13.005435944
-0.266263247 -0.179287508 0.947079718 8.360334396 0.368916690 0.888781905 0.271969140 -3.269444942 -0.890507996 0.421808839 -0.170507789 12.960056305
-0.313725710 -0.194760695 0.929324865 8.288217545 0.371217310 0.875681579 0.308835715 -3.236983776 -0.873941779 0.441871077 -0.202425361 12.910797119
-0.383577824 -0.220785066 0.896728694 8.177855492 0.379791617 0.847378135 0.371091187 -3.156777382 -0.841799676 0.482912302 -0.241183162 12.860363007
-0.464208245 -0.206955597 0.861208737 8.072744370 0.376276672 0.834139347 0.403271019 -3.048369169 -0.801827252 0.511254370 -0.309341788 12.803812027
-0.499069691 -0.217282563 0.838878930 7.938963890 0.358010918 0.829876661 0.427940309 -2.985970259 -0.789150059 0.513899803 -0.336376667 12.692358971
-0.493270874 -0.194404960 0.847874284 7.826666832 0.353805304 0.845604241 0.399719030 -2.968468666 -0.794673443 0.497152060 -0.348330498 12.543835640
-0.480149746 -0.156899750 0.863040268 7.720316887 0.352055192 0.866686881 0.353427500 -2.907016277 -0.803438365 0.473535985 -0.360902071 12.409532547
-0.469668508 -0.155172199 0.869099200 7.584618568 0.373844534 0.856857359 0.355015188 -2.815124750 -0.799782574 0.491647333 -0.344428658 12.307598114
-0.469673276 -0.188402653 0.862503171 7.446771622 0.385775745 0.834957182 0.392458469 -2.747277021 -0.794093490 0.517059982 -0.319475889 12.219205856
-0.476689696 -0.187004358 0.858950794 7.304916382 0.389934629 0.830742061 0.397263944 -2.653879642 -0.787856638 0.524306238 -0.323086739 12.122894287
-0.485342741 -0.190568626 0.853302836 7.195761681 0.405834496 0.815348208 0.412923276 -2.567495108 -0.774429202 0.546709120 -0.318384051 12.031306267
-0.496682405 -0.206303805 0.843057215 7.075659752 0.370814949 0.827786088 0.421030343 -2.498651028 -0.784731209 0.521736503 -0.334646344 11.911072731
