0.996398449 -0.012606228 0.083852217 0.127220124 0.016781298 0.998644292 -0.049273852 -1.548108816 -0.083117381 0.050503541 0.995259225 17.753215790
0.996407866 -0.013405555 0.083615810 0.126963824 0.017563034 0.998635232 -0.049185503 -1.548229814 -0.082842335 0.050477374 0.995283484 17.752880096
0.996382475 -0.012772538 0.084017016 0.127203107 0.016930278 0.998657167 -0.048962079 -1.548193574 -0.083278827 0.050207391 0.995260715 17.752733231
0.996402144 -0.012227811 0.083864734 0.127261639 0.016377077 0.998666108 -0.048967600 -1.548159003 -0.083154097 0.050164878 0.995273292 17.753164291
0.996409953 -0.012675109 0.083704904 0.127407730 0.016808402 0.998664141 -0.048860718 -1.548209906 -0.082973778 0.050092254 0.995291948 17.753307343
0.996416211 -0.013475765 0.083505124 0.127215862 0.017626172 0.998635054 -0.049166225 -1.548128366 -0.082728595 0.050461903 0.995293736 17.753248215
0.996408701 -0.013018990 0.083667368 0.127290457 0.017184945 0.998637855 -0.049266201 -1.548065662 -0.082911998 0.050527092 0.995275140 17.753252029
0.996382296 -0.012475587 0.084063709 0.127327695 0.016639946 0.998659134 -0.049021006 -1.548037529 -0.083339423 0.050242476 0.995253861 17.752866745
0.996397555 -0.011184089 0.084064521 0.127396613 0.015344596 0.998680413 -0.049009815 -1.547981858 -0.083405457 0.050123192 0.995254338 17.752922058
0.996411920 -0.012915332 0.083644755 0.127079666 0.017072823 0.998643935 -0.049181163 -1.548171878 -0.082896136 0.050432749 0.995281279 17.753080368
0.996439457 -0.013326800 0.083251186 0.126948833 0.017431881 0.998657465 -0.048778947 -1.548084497 -0.082489349 0.050056491 0.995334029 17.752914429
0.996447384 -0.013122333 0.083188787 0.126852110 0.017235324 0.998654068 -0.048917916 -1.548129082 -0.082434908 0.050177913 0.995332420 17.752902985
0.996435642 -0.013515621 0.083266944 0.126909778 0.017646128 0.998639405 -0.049071070 -1.547823310 -0.082490429 0.050365504 0.995318353 17.752775192
0.996408761 -0.013617713 0.083571509 0.126974627 0.017771337 0.998632789 -0.049160559 -1.548113823 -0.082787797 0.050469186 0.995288432 17.753007889
0.996405780 -0.013863576 0.083566487 0.127046689 0.018001404 0.998638153 -0.048967071 -1.548162580 -0.082773820 0.050295383 0.995298386 17.753032684
0.996460736 -0.013526309 0.082963951 0.126991853 0.017649587 0.998634517 -0.049169332 -1.548210979 -0.082185589 0.050459586 0.995338798 17.753055573
0.996466160 -0.013341793 0.082928628 0.127014697 0.017447665 0.998647094 -0.048985094 -1.548166275 -0.082162887 0.050258897 0.995350838 17.753046036
0.996414363 -0.013186099 0.083573572 0.127353996 0.017330684 0.998645365 -0.049062237 -1.548197627 -0.082813419 0.050334707 0.995293081 17.753305435
0.996384561 -0.014128562 0.083774403 0.127097368 0.018289708 0.998625755 -0.049113292 -1.548217058 -0.082965374 0.050467934 0.995273709 17.753021240
0.996424079 -0.014253426 0.083282165 0.126911342 0.018381771 0.998628855 -0.049015988 -1.548285961 -0.082469322 0.050371584 0.995319784 17.752996445
0.996449471 -0.013944516 0.083030216 0.126878545 0.018050579 0.998640120 -0.048909158 -1.548102260 -0.082235284 0.050234251 0.995346129 17.753103256
0.996426523 -0.013484115 0.083381161 0.127238914 0.017611885 0.998645008 -0.048969168 -1.548029542 -0.082607880 0.050262678 0.995313823 17.753309250
0.996448159 -0.013921418 0.083049469 0.127210334 0.018035315 0.998636305 -0.048992764 -1.548078775 -0.082254164 0.050316576 0.995340407 17.753210068
0.996437788 -0.014154425 0.083134487 0.126855224 0.018273683 0.998631656 -0.048999302 -1.548060775 -0.082327172 0.050343931 0.995332956 17.752979279
0.996400058 -0.013551405 0.083685733 0.127101868 0.017702071 0.998639107 -0.049057137 -1.547996163 -0.082907058 0.050361942 0.995283902 17.753349304
0.996406853 -0.013915899 0.083545037 0.126965359 0.018076718 0.998622656 -0.049255282 -1.548170209 -0.082744531 0.050588518 0.995285988 17.753053665
0.996439397 -0.013452657 0.083231926 0.127093434 0.017551836 0.998658419 -0.048716046 -1.548177958 -0.082464904 0.050003462 0.995338738 17.752967834
0.996398985 -0.012365885 0.083881743 0.127209410 0.016524676 0.998658776 -0.049067561 -1.547945738 -0.083162479 0.050276984 0.995266914 17.753406525
0.996394634 -0.012590511 0.083900020 0.127375543 0.016760834 0.998648882 -0.049188361 -1.547968864 -0.083167359 0.050417252 0.995259404 17.753190994
0.996368825 -0.011753039 0.084326804 0.127385080 0.015939336 0.998664558 -0.049143508 -1.547866702 -0.083636597 0.050309174 0.995225549 17.753356934
0.996376812 -0.012231521 0.084164023 0.127207801 0.016408583 0.998658180 -0.049118660 -1.548027515 -0.083450288 0.050321706 0.995240569 17.753087997
0.996367991 -0.012126257 0.084283717 0.127064109 0.016325735 0.998649776 -0.049316242 -1.548032641 -0.083571889 0.050513119 0.995220661 17.752868652
0.996397853 -0.011733846 0.083985969 0.127299860 0.015889496 0.998673141 -0.048984163 -1.547866106 -0.083299756 0.050142206 0.995262206 17.753231049
0.996384382 -0.012125433 0.084090069 0.127350450 0.016300607 0.998658717 -0.049143743 -1.547854066 -0.083381385 0.050336774 0.995245576 17.753431320
0.996417344 -0.013324737 0.083515882 0.127178743 0.017476656 0.998636901 -0.049181879 -1.548315167 -0.082746714 0.050465256 0.995292068 17.753194809
0.996403515 -0.012586883 0.083794810 0.127103746 0.016756423 0.998646259 -0.049243078 -1.547989607 -0.083061554 0.050470077 0.995265543 17.753002167
0.996389270 -0.012226081 0.084017567 0.127130330 0.016396102 0.998658121 -0.049123362 -1.548030138 -0.083304234 0.050323553 0.995252728 17.753156662
0.996400058 -0.012294662 0.083879314 0.127114251 0.016453370 0.998659790 -0.049069971 -1.548043489 -0.083163597 0.050273418 0.995266974 17.753164291
0.996377170 -0.010912395 0.084341079 0.127232820 0.015069599 0.998694301 -0.048812013 -1.547991514 -0.083698303 0.049906161 0.995240688 17.752986908
0.996382356 -0.011301678 0.084228583 0.127144635 0.015460186 0.998684824 -0.048884157 -1.548086166 -0.083565332 0.050009500 0.995246649 17.752790451
0.996390402 -0.012637731 0.083942905 0.127270356 0.016813429 0.998646200 -0.049225356 -1.547944903 -0.083207160 0.050459038 0.995253980 17.753257751
0.996397674 -0.012793260 0.083833545 0.127208799 0.016945746 0.998654544 -0.049009673 -1.547975779 -0.083093762 0.050253741 0.995273829 17.753038406
0.996383786 -0.012606631 0.084026210 0.127152443 0.016778378 0.998651564 -0.049128383 -1.548176050 -0.083293565 0.050360546 0.995251715 17.753007889
0.996396959 -0.012691600 0.083857402 0.127116457 0.016871719 0.998640060 -0.049328841 -1.548370004 -0.083117306 0.050565928 0.995256066 17.753061295
0.996362805 -0.013828144 0.084082752 0.127232984 0.018072838 0.998589039 -0.049932610 -1.548476100 -0.083273634 0.051270608 0.995206952 17.753305435
0.996324658 -0.012528346 0.084736437 0.127581969 0.016824812 0.998598397 -0.050181344 -1.548479080 -0.083988979 0.051422581 0.995138943 17.753372192
0.996292293 -0.015715471 0.084585465 0.127132028 0.019960405 0.998570919 -0.049575713 -1.548618913 -0.083685480 0.051080260 0.995182157 17.753383636
0.996247053 -0.016314570 0.085003771 0.126916558 0.020529371 0.998590350 -0.048947848 -1.548854113 -0.084085383 0.050509222 0.995177627 17.753681183
0.996285856 -0.014810480 0.084824055 0.126930296 0.019125637 0.998551667 -0.050287303 -1.548908353 -0.083956420 0.051722843 0.995126128 17.753221512
0.996527314 -0.017513243 0.081403971 0.126345322 0.021864323 0.998362005 -0.052870139 -1.549450397 -0.080344707 0.054466382 0.995277941 17.751565933
0.996462762 -0.015477649 0.082597800 0.126615450 0.019926531 0.998379052 -0.053312391 -1.550192118 -0.081638761 0.054769702 0.995155990 17.750444412
0.996124983 -0.009295397 0.087456062 0.127642035 0.013997296 0.998480201 -0.053304333 -1.550785065 -0.086827666 0.054321926 0.994741201 17.750108719
0.995882869 -0.004600538 0.090532504 0.128387123 0.009318167 0.998616278 -0.051756334 -1.552903414 -0.090169124 0.052386846 0.994547725 17.749170303
0.995617211 -0.002610498 0.093485683 0.128763691 0.007263924 0.998749137 -0.049471270 -1.555483341 -0.093239605 0.049933519 0.994390786 17.747495651
0.994906425 -0.002763885 0.100764610 0.129453093 0.007418831 0.998920739 -0.045850828 -1.559745789 -0.100529127 0.046364844 0.993853211 17.745496750
0.994352758 -0.004373317 0.106035411 0.129886374 0.008642573 0.999168813 -0.039836552 -1.564686775 -0.105773062 0.040528003 0.993564069 17.743488312
0.994436443 -0.007500551 0.105071187 0.129428282 0.010819369 0.999459207 -0.031052088 -1.567478061 -0.104781464 0.032016132 0.993979812 17.741107941
0.993975043 -0.011501490 0.109001637 0.130486190 0.013881766 0.999680936 -0.021103436 -1.569907188 -0.108724132 0.022489423 0.993817508 17.740436554
0.993476093 -0.015913360 0.112925060 0.131806433 0.017347354 0.999780774 -0.011727358 -1.571510553 -0.112713672 0.013609801 0.993534327 17.739572525
0.992850363 -0.017989701 0.118002340 0.133774921 0.018754149 0.999809682 -0.005370963 -1.574663758 -0.117883265 0.007545596 0.992998779 17.738199234
0.993693113 -0.014835527 0.111148328 -0.012235590 0.014710167 0.999889910 0.001947867 -1.364281416 -0.111164987 -0.000300571 0.993801892 18.329912186
0.992441416 -0.018170396 0.121366613 -0.011987029 0.017322412 0.999817669 0.008038484 -1.384608030 -0.121490546 -0.005875362 0.992575228 18.322938919
0.991525650 -0.022255607 0.127990633 -0.012088465 0.020653844 0.999691069 0.013828490 -1.409735799 -0.128258854 -0.011067804 0.991678953 18.315162659
0.990502894 -0.022219224 0.135684624 -0.012768975 0.020190632 0.999663115 0.016308846 -1.437850952 -0.136001274 -0.013414402 0.990617871 18.307189941
0.989682376 -0.021090854 0.141717806 -0.013862146 0.019039012 0.999693573 0.015818881 -1.468537450 -0.142008021 -0.012957500 0.989780724 18.297369003
0.988436282 -0.014000781 0.150988966 -0.015320327 0.011904655 0.999819934 0.014777680 -1.499544501 -0.151168674 -0.012809324 0.988425016 18.289724350
0.986747921 -0.006746899 0.162120447 -0.016725652 0.004826352 0.999913454 0.012237338 -1.530257225 -0.162188992 -0.011292718 0.986695111 18.280792236
0.984739602 0.002580446 0.174015030 -0.018298928 -0.003815420 0.999969840 0.006762789 -1.559645057 -0.173992321 -0.007323526 0.984719753 18.272916794
0.982465267 0.011529169 0.186088964 -0.020313952 -0.010761150 0.999928892 -0.005136752 -1.590292096 -0.186134949 0.003044149 0.982519448 18.263952255
0.981541753 0.016762812 0.190511808 -0.023571879 -0.013043199 0.999699354 -0.020761590 -1.619713902 -0.190802559 0.017893486 0.981465340 18.257205963
0.981321096 0.019466674 0.191389680 -0.023243960 -0.012318259 0.999183834 -0.038469262 -1.644380808 -0.191982359 0.035393111 0.980759978 18.248838425
0.981062949 0.021095917 0.192536950 -0.022944663 -0.010392755 0.998352349 -0.056431822 -1.662560463 -0.193410188 0.053362183 0.979665756 18.246311188
0.980374396 0.018161323 0.196306452 -0.022479240 -0.004461323 0.997536540 -0.070006952 -1.674754977 -0.197094277 0.067757234 0.978040278 18.244752884
0.980419576 0.009348403 0.196697772 -0.021657839 0.006115242 0.996945381 -0.077862352 -1.680782557 -0.196824819 0.077540636 0.977367640 18.244503021
0.980139911 0.002368600 0.198293000 -0.018850543 0.013440341 0.996836007 -0.078341246 -1.677538991 -0.197851151 0.079450503 0.977006912 18.249189377
0.979411662 0.000511651 0.201872647 -0.021127991 0.013952369 0.997433960 -0.070219778 -1.671660185 -0.201390564 0.071590669 0.976891279 18.246931076
0.978895545 0.001688176 0.204354405 -0.016835816 0.010519000 0.998224080 -0.058634315 -1.652942896 -0.204090476 0.059546474 0.977139354 18.255088806
0.978727758 0.003420514 0.205134675 -0.011640131 0.005547506 0.999054193 -0.043126684 -1.627371788 -0.205088183 0.043347266 0.977783144 18.266407013
0.979539871 0.001337857 0.201245755 -0.007045925 0.003447717 0.999719620 -0.023427371 -1.595523119 -0.201220661 0.023641881 0.979260564 18.275163651
0.980728269 -0.001533472 0.195370704 -0.001969755 0.001247872 0.999997973 0.001584911 -1.562730670 -0.195372730 -0.001310569 0.980728209 18.286579132
0.981661499 -0.008418548 0.190446511 -0.001253523 0.003211434 0.999612927 0.027633741 -1.523046017 -0.190605447 -0.026515372 0.981308579 18.297042847
0.982823312 -0.017232094 0.183742821 0.001159690 0.007202198 0.998454034 0.055114895 -1.487871528 -0.184408516 -0.052844852 0.981428027 18.305479050
0.983064830 -0.028320488 0.181056499 0.002728961 0.014676438 0.996980071 0.076258369 -1.453878403 -0.182669401 -0.072309665 0.980511725 18.314884186
0.983762503 -0.039251640 0.175130308 0.004285149 0.023807062 0.995708168 0.089434467 -1.424382329 -0.177889109 -0.083812945 0.980474830 18.321777344
0.984043956 -0.044767052 0.172201663 0.005172327 0.028430400 0.994956613 0.096192546 -1.399652958 -0.175639451 -0.089761935 0.980353832 18.329872131
0.984326065 -0.047586590 0.169816718 0.005189352 0.030877477 0.994536936 0.099714085 -1.378044605 -0.173634037 -0.092907667 0.980417967 18.330753326
0.984557867 -0.046620406 0.168737680 0.006008785 0.028949551 0.993975639 0.105708696 -1.363035917 -0.172649324 -0.099191450 0.979976177 18.332780838
0.984657884 -0.043857310 0.168894753 0.006743360 0.024468761 0.993039548 0.115211904 -1.353952169 -0.172772035 -0.109311655 0.978877306 18.333793640
0.984636188 -0.041638777 0.169581383 0.006478220 0.019422960 0.991243124 0.130613416 -1.353289127 -0.173534960 -0.125312924 0.976822555 18.331806183
0.984378934 -0.042590179 0.170833856 0.006690800 0.017820405 0.989419401 0.143985063 -1.362969756 -0.175158679 -0.138691545 0.974722564 18.327552795
0.983859777 -0.042109758 0.173915774 0.006925285 0.016318917 0.988980830 0.147141457 -1.381598353 -0.178195447 -0.141928434 0.973705649 18.322225571
0.983229876 -0.038366314 0.178289220 0.006523557 0.013284954 0.990091324 0.139795288 -1.409698248 -0.181886032 -0.135082349 0.973997056 18.315246582
0.982448936 -0.027893204 0.184434563 0.005670801 0.005349369 0.992562771 0.121616438 -1.444390655 -0.186455160 -0.118495330 0.975291431 18.306783676
0.981335640 -0.017106026 0.191540331 0.004959702 -0.001319745 0.995413244 0.095659636 -1.483112812 -0.192298144 -0.094126992 0.976811945 18.297224045
0.980523825 -0.008628011 0.196210444 0.007410362 -0.005166392 0.997555733 0.069683813 -1.523006439 -0.196332097 -0.069340341 0.978082657 18.290222168
0.978797376 0.001871853 0.204822481 0.003529362 -0.012011757 0.998761892 0.048273712 -1.569615126 -0.204478532 -0.049710460 0.977608025 18.277097702
0.976914048 0.007982299 0.213483557 0.001503497 -0.013950659 0.999552369 0.026465133 -1.609990120 -0.213176742 -0.028832395 0.976588130 18.269069672
0.975639999 0.011197848 0.219091743 -0.001476258 -0.012508204 0.999911189 0.004594654 -1.650839090 -0.219020844 -0.007223172 0.975693464 18.259540558
0.975426674 0.008300005 0.220167994 -0.003872521 -0.005234763 0.999881148 -0.014502066 -1.685463309 -0.220262200 0.012993175 0.975354135 18.250677109
0.975980759 0.002527395 0.217842221 -0.003094897 0.004258288 0.999520361 -0.030674450 -1.714810610 -0.217815250 0.030865308 0.975501835 18.242513657
0.975946724 -0.000958632 0.218007132 -0.005160086 0.010051236 0.999124825 -0.040602691 -1.737081409 -0.217777416 0.041817307 0.975102186 18.236555099
0.976053178 -0.005593880 0.217460126 -0.003882371 0.016102878 0.998784542 -0.046584107 -1.748236179 -0.216935247 0.048970297 0.974956930 18.234750748
0.975748181 -0.008608136 0.218726769 -0.002648413 0.019287253 0.998721063 -0.046735827 -1.749861240 -0.218044713 0.049821038 0.974666297 18.237962723
0.976022065 -0.010335489 0.217426032 -0.002661765 0.020062421 0.998891711 -0.042576920 -1.741619468 -0.216745019 0.045918103 0.975147724 18.240970612
0.976460457 -0.010011146 0.215463921 -0.000580758 0.017878119 0.999241531 -0.034593843 -1.724614978 -0.214954183 0.037631609 0.975898862 18.248516083
0.976358175 -0.007202983 0.216038853 -0.000818662 0.012633959 0.999637663 -0.023768397 -1.699674964 -0.215789378 0.025935894 0.976095438 18.256519318
0.976197600 -0.009320457 0.216682613 0.001104020 0.012040026 0.999864399 -0.011234181 -1.668115973 -0.216548532 0.013575645 0.976177454 18.267742157
0.975643873 -0.005299660 0.219296381 0.002123326 0.004415422 0.999980032 0.004522073 -1.630772591 -0.219315961 -0.003443647 0.975647807 18.283065796
0.975642681 -0.010321081 0.219123006 0.004506774 0.005045081 0.999684036 0.024623726 -1.590250015 -0.219307929 -0.022918463 0.975386500 18.296483994
0.975874841 -0.013554519 0.217909515 0.005492501 0.002767465 0.998758793 0.049731635 -1.550035596 -0.218313128 -0.047928795 0.974701107 18.308111191
0.975766242 -0.019525927 0.217942521 0.007107496 0.003005869 0.997112751 0.075875632 -1.510247469 -0.218794808 -0.073381774 0.973007679 18.319406509
0.976486802 -0.028371077 0.213702038 0.007632539 0.006676461 0.994806707 0.101563200 -1.473336935 -0.215473667 -0.097748354 0.971605062 18.327291489
0.977410436 -0.036205120 0.208225816 0.008281820 0.009929804 0.991996765 0.125872329 -1.439680576 -0.211116552 -0.120961294 0.969947517 18.333957672
0.978533983 -0.047768816 0.200473011 0.008261904 0.018364221 0.989107192 0.146046907 -1.412759423 -0.205265790 -0.139230341 0.968752205 18.337636948
0.979230046 -0.057643697 0.194385394 0.008148611 0.026176726 0.986653149 0.160718352 -1.394020438 -0.201055363 -0.152291864 0.967669308 18.340005875
0.979535818 -0.061787084 0.191551536 0.008124784 0.028926879 0.985051155 0.169816062 -1.383705735 -0.199180484 -0.160799935 0.966680169 18.339727402
0.979742885 -0.060930099 0.190765157 0.007809713 0.027041342 0.984117746 0.175445184 -1.382907271 -0.198425278 -0.166732624 0.965830028 18.337985992
0.979866683 -0.056311511 0.191547140 0.007758856 0.021665385 0.983725309 0.178367987 -1.392900705 -0.198473945 -0.170626894 0.965139687 18.333757401
0.979964674 -0.056831639 0.190891027 0.006843150 0.022498075 0.983877838 0.177420959 -1.414334774 -0.197896570 -0.169571593 0.965444148 18.326986313
0.980054617 -0.054673240 0.191059753 0.005482495 0.021543436 0.984974742 0.171349645 -1.445580959 -0.197557256 -0.163815916 0.966506839 18.317295074
0.980352461 -0.050103497 0.190784305 0.004015215 0.020011473 0.987475276 0.156499609 -1.484275460 -0.196235955 -0.149606898 0.969076455 18.305946350
0.979853034 -0.042835135 0.195072323 0.002431899 0.016447701 0.990718544 0.134930640 -1.528370023 -0.199041545 -0.129003704 0.971463084 18.292921066
0.978708625 -0.038187847 0.201670736 0.001877561 0.015988844 0.993738830 0.110577926 -1.575504541 -0.204630762 -0.104999095 0.973191381 18.280500412
0.976248622 -0.031841625 0.214300543 0.001938775 0.013619064 0.996203959 0.085978135 -1.623053551 -0.216224730 -0.081017464 0.972976387 18.268388748
0.973768651 -0.030121334 0.225537956 0.001879133 0.016746577 0.997998357 0.060981993 -1.668130755 -0.226923376 -0.055605363 0.972323954 18.257564545
0.971440852 -0.029845243 0.235397354 0.000865355 0.021946600 0.999107003 0.036103927 -1.708825946 -0.236264691 -0.029906658 0.971228421 18.245725632
0.970796347 -0.036029484 0.237184048 -0.000892445 0.034021195 0.999342263 0.012556219 -1.742389560 -0.237480432 -0.004120249 0.971383572 18.237285614
0.971123517 -0.041561693 0.234929174 -0.002689183 0.044531994 0.998980939 -0.007350007 -1.766849279 -0.234384298 0.017599629 0.971984684 18.230524063
0.971973181 -0.040001862 0.231663644 -0.002575770 0.046346776 0.998682916 -0.022008825 -1.780968785 -0.230478138 0.032128848 0.972546935 18.225145340
0.972150326 -0.037160486 0.231393158 -0.001437232 0.045719035 0.998450160 -0.031733368 -1.784124970 -0.229855299 0.041428674 0.972342610 18.224985123
0.972142100 -0.033666726 0.231961772 0.000026092 0.043843206 0.998282552 -0.038855195 -1.777304530 -0.230255261 0.047942720 0.971948564 18.228504181
0.972602248 -0.030401036 0.230479240 0.001384437 0.041276112 0.998243034 -0.042509768 -1.760643244 -0.228781968 0.050858382 0.972148240 18.235027313
0.973417103 -0.030653354 0.226979017 0.002679706 0.041164074 0.998281062 -0.041718181 -1.736016631 -0.225310057 0.049952570 0.973005712 18.244487762
0.973626554 -0.026342340 0.226621762 0.004472584 0.034720283 0.998850048 -0.033061888 -1.703866959 -0.225490227 0.040058304 0.973421514 18.256168365
0.974021435 -0.021645250 0.225419119 0.006048448 0.026259163 0.999502182 -0.017489703 -1.666113019 -0.224928334 0.022954663 0.974104881 18.268760681
0.973341405 -0.015226448 0.228855193 0.007535577 0.014527712 0.999883235 0.004737694 -1.623128176 -0.228900611 -0.001286652 0.973448932 18.282768250
0.972188592 -0.012389778 0.233871311 0.009345435 0.004748140 0.999437153 0.033209365 -1.579769015 -0.234151125 -0.031175312 0.971700251 18.295007706
0.971434116 -0.016736025 0.236718595 0.011234701 0.001942983 0.998037577 0.062587820 -1.536634564 -0.237301528 -0.060340006 0.969560266 18.309165955
0.972129703 -0.025030527 0.233103678 0.011763126 0.004115230 0.995952845 0.089782745 -1.497076511 -0.234407589 -0.086321205 0.968298376 18.320178986
0.973464429 -0.033012360 0.226444602 0.010942698 0.007891726 0.993794084 0.110955074 -1.459458470 -0.228702188 -0.106223777 0.967683733 18.327960968
0.975039005 -0.039227642 0.218540937 0.010380954 0.011354321 0.991790771 0.127366126 -1.426468730 -0.221743166 -0.121705554 0.967480123 18.333253860
0.976718187 -0.042674657 0.210239083 0.009532742 0.012541119 0.989696980 0.142627344 -1.399863958 -0.214159548 -0.136670098 0.967190266 18.335390091
0.977424324 -0.043118965 0.206839263 0.009683393 0.009982713 0.987285733 0.158641994 -1.381680727 -0.211049914 -0.152995735 0.965427518 18.335960388
0.977853179 -0.043223463 0.204780057 0.010373443 0.006611185 0.984332800 0.176196426 -1.373953938 -0.209187552 -0.170940399 0.962818742 18.334342957
0.978027642 -0.045251571 0.203504771 0.011345774 0.005524782 0.981441379 0.191682845 -1.378361225 -0.208401948 -0.186346799 0.960126817 18.331182480
0.978451610 -0.050255824 0.200266719 0.011834681 0.009711705 0.980054736 0.198490426 -1.396090150 -0.206247628 -0.192268357 0.959424198 18.325122833
0.979641676 -0.050668761 0.194254652 0.011813849 0.012308702 0.980964243 0.193797827 -1.424330831 -0.200376377 -0.187461406 0.961617172 18.316898346
0.980555236 -0.036899105 0.192743152 0.013188228 0.001771459 0.983788073 0.179326162 -1.461705208 -0.196235389 -0.175497755 0.964723885 18.307296753
0.979252994 -0.014856367 0.202096313 0.015383929 -0.016989771 0.987778366 0.154936448 -1.505473018 -0.201928139 -0.155155554 0.967032433 18.296504974
0.977516353 -0.000601260 0.210858822 0.016338617 -0.026006326 0.992017329 0.123390943 -1.553052425 -0.209249794 -0.126100332 0.969697475 18.284803391
0.975742817 0.008644751 0.218749285 0.015583843 -0.028586097 0.995696008 0.088160902 -1.600941539 -0.217045665 -0.092275560 0.971790314 18.273097992
0.973548472 0.012260692 0.228151366 0.014027342 -0.024612671 0.998376191 0.051373113 -1.647522926 -0.227151021 -0.055629630 0.972269416 18.262884140
0.970874488 0.019187042 0.238819256 0.012184396 -0.024057327 0.999557495 0.017494787 -1.689100623 -0.238377914 -0.022730596 0.970906436 18.252611160
0.968369544 0.022217771 0.248529270 0.009924993 -0.020319650 0.999741495 -0.010200398 -1.723388553 -0.248691663 0.004827727 0.968570650 18.242408752
0.966791749 0.022783941 0.254547864 0.008494958 -0.015286578 0.999390185 -0.031393353 -1.748978972 -0.255107909 0.026459668 0.966550469 18.236377716
0.965845406 0.024633400 0.257945478 0.007819429 -0.013093392 0.998838961 -0.046360996 -1.763888240 -0.258787990 0.041400176 0.965046525 18.232357025
0.966228187 0.023401568 0.256623119 0.009203449 -0.009499883 0.998425782 -0.055278249 -1.766862392 -0.257512718 0.050973512 0.964929461 18.229858398
0.966793180 0.021475242 0.254656166 0.010174453 -0.007381819 0.998393953 -0.056170098 -1.760870337 -0.255453438 0.052425042 0.965398967 18.232908249
0.967859566 0.014845882 0.251052588 0.011583835 -0.001867607 0.998652875 -0.051854882 -1.745153308 -0.251484245 0.049719375 0.966583490 18.239990234
0.968175828 0.008481145 0.250127345 0.013652295 0.002147506 0.999107301 -0.042189468 -1.721091509 -0.250261873 0.041383971 0.967293322 18.251245499
0.967668593 0.002231864 0.252215296 0.016594291 0.004947620 0.999600470 -0.027827930 -1.689696550 -0.252176613 0.028176080 0.967270911 18.265350342
0.967532575 -0.002188682 0.252736866 0.019437894 0.004940954 0.999935210 -0.010255701 -1.651467919 -0.252698064 0.011171485 0.967480719 18.281295776
0.968473554 -0.005434222 0.249057069 0.022392780 0.003847587 0.999969065 0.006856935 -1.611277580 -0.249086633 -0.005682491 0.968464553 18.295568466
0.971150100 -0.016435446 0.237902001 0.023610964 0.011884788 0.999718189 0.020550067 -1.569085002 -0.238172695 -0.017129784 0.971071720 18.311428070
0.974043608 -0.027645567 0.224665806 0.024737880 0.020876827 0.999255359 0.032448385 -1.528789759 -0.225395575 -0.026915835 0.973895490 18.326728821
0.976267219 -0.038165588 0.213180125 0.024457425 0.029822405 0.998663247 0.042217508 -1.490246296 -0.214506418 -0.034858026 0.976100385 18.339231491
0.977839231 -0.045208421 0.204417840 0.024350300 0.035512272 0.998074353 0.050856970 -1.455638647 -0.206323370 -0.042470597 0.977561712 18.348972321
0.979334593 -0.051367883 0.195614547 0.023236170 0.040511657 0.997429550 0.059102837 -1.423435092 -0.198147714 -0.049956787 0.978898287 18.358438492
0.980466127 -0.051752105 0.189757481 0.022084489 0.039977513 0.997060359 0.065364353 -1.395679235 -0.192582414 -0.056501504 0.979652762 18.367084503
0.981466174 -0.051057294 0.184708580 0.021299295 0.039163709 0.996951818 0.067478210 -1.374291658 -0.187590793 -0.058993712 0.980474114 18.374542236
0.982269228 -0.047908466 0.181251079 0.020945929 0.035842750 0.996953845 0.069270201 -1.358606815 -0.184017599 -0.061545450 0.980994225 18.381233215
0.983201444 -0.042036328 0.177617297 0.020914190 0.029888179 0.997062027 0.070526496 -1.347709775 -0.180060133 -0.064033091 0.981569231 18.385822296
0.984908402 -0.037128255 0.169047087 0.021274056 0.025611574 0.997231781 0.069805525 -1.339834452 -0.171170890 -0.064422481 0.983132899 18.390823364
0.986545384 -0.033971805 0.159919038 0.021086924 0.023655865 0.997540832 0.065975137 -1.334954977 -0.161767051 -0.061304443 0.984922945 18.393709183
0.987762392 -0.033533283 0.152318671 0.020446084 0.024465701 0.997836649 0.061019696 -1.330808759 -0.154035345 -0.056546375 0.986445963 18.396196365
0.988333583 -0.031801477 0.148947522 0.019892257 0.023907419 0.998227894 0.054493144 -1.327751279 -0.150416538 -0.050296456 0.987342477 18.398706436
0.988807261 -0.026423203 0.146840230 0.019381121 0.019555585 0.998655021 0.048017904 -1.324510455 -0.147911534 -0.044608906 0.987994015 18.400890350
0.998766601 0.043042161 -0.024752604 1.068966627 -0.042013474 0.998288691 0.040676344 -1.808345556 0.026461041 -0.039586227 0.998865724 17.878486633
0.998875499 0.040806264 -0.024136815 1.070741534 -0.040177368 0.998854458 0.025990726 -1.807963252 0.025169749 -0.024991745 0.999370754 17.877891541
0.999142110 0.035751279 -0.020903008 1.072306991 -0.035431739 0.999252498 0.015462624 -1.807657719 0.021440191 -0.014708728 0.999661922 17.877910614
0.999454439 0.028485265 -0.016714012 1.072693348 -0.028360028 0.999568224 0.007682648 -1.806997657 0.016925639 -0.007204447 0.999830782 17.877746582
0.999733388 0.019624792 -0.012165971 1.073089004 -0.019652646 0.999804497 -0.002174053 -1.806679010 0.012120927 0.002412567 0.999923646 17.876663208
0.999791443 0.019409800 -0.006349343 1.074687958 -0.019495623 0.999715447 -0.013746659 -1.806874275 0.006080716 0.013867577 0.999885380 17.875160217
0.999823689 0.018772533 -0.000474316 1.075623631 -0.018778516 0.999478877 -0.026255820 -1.807161689 -0.000018820 0.026260097 0.999655128 17.873603821
0.999862313 0.016324602 0.002975978 1.076213837 -0.016219977 0.999345958 -0.032319587 -1.807241082 -0.003501636 0.032266866 0.999473155 17.872259140
0.999830782 0.016355885 0.008420744 1.077445507 -0.016103892 0.999444723 -0.029170483 -1.806671023 -0.008893178 0.029029939 0.999538958 17.872835159
0.999851108 0.014310417 0.009643376 1.078583598 -0.014015551 0.999452233 -0.029980522 -1.806197047 -0.010067128 0.029840901 0.999503970 17.872364044
0.999914467 0.009226209 0.009270910 1.079002976 -0.008937459 0.999488115 -0.030718805 -1.805744648 -0.009549582 0.030633321 0.999485075 17.872287750
0.999947786 0.005444478 0.008648802 1.078842521 -0.005174479 0.999507844 -0.030939644 -1.805844307 -0.008812996 0.030893276 0.999483824 17.872371674
0.999931693 0.007563969 0.008909556 1.079359531 -0.007286424 0.999499559 -0.030782381 -1.805660129 -0.009137935 0.030715359 0.999486387 17.872047424
0.999952853 0.004930690 0.008368922 1.078712821 -0.004668247 0.999505579 -0.031094206 -1.805814624 -0.008518100 0.031053672 0.999481440 17.872583389
0.999953449 0.004887084 0.008318543 1.079411149 -0.004627680 0.999511063 -0.030922484 -1.805746198 -0.008465596 0.030882549 0.999487162 17.871747971
0.999967515 0.003048599 0.007462943 1.078469396 -0.002815168 0.999512553 -0.031091854 -1.805909634 -0.007554091 0.031069834 0.999488652 17.871988297
0.999966741 0.003473351 0.007377660 1.078589082 -0.003243022 0.999513924 -0.031005483 -1.805940032 -0.007481767 0.030980527 0.999491990 17.871984482
0.999969482 0.003114984 0.007166506 1.078669071 -0.002890625 0.999511898 -0.031106722 -1.805807829 -0.007259904 0.031085055 0.999490380 17.871824265
0.999966860 0.003672656 0.007264211 1.078646779 -0.003444537 0.999508142 -0.031170106 -1.805859685 -0.007375116 0.031144051 0.999487698 17.871913910
0.999973834 0.002742005 0.006693192 1.079036713 -0.002533007 0.999515057 -0.031036755 -1.806057453 -0.006775049 0.031018989 0.999495804 17.872222900
0.999970675 0.003012401 0.007037806 1.078491688 -0.002792885 0.999515653 -0.030995296 -1.805811286 -0.007127767 0.030974733 0.999494731 17.872098923
0.999971509 0.002714420 0.007041434 1.078344226 -0.002495946 0.999520838 -0.030852303 -1.805923581 -0.007121806 0.030833848 0.999499142 17.872314453
0.999970078 0.003008448 0.007126200 1.078429937 -0.002786519 0.999517024 -0.030950459 -1.805756688 -0.007215871 0.030929675 0.999495506 17.872230530
0.999970436 0.002933282 0.007109110 1.078413367 -0.002712494 0.999519706 -0.030870195 -1.805850267 -0.007196246 0.030850001 0.999498129 17.871925354
0.999971151 0.002699217 0.007098942 1.078422308 -0.002478821 0.999520242 -0.030873919 -1.805808544 -0.007178872 0.030855430 0.999498069 17.872369766
0.999970257 0.002873179 0.007156963 1.078521013 -0.002650262 0.999516964 -0.030963849 -1.805780172 -0.007242470 0.030943960 0.999494910 17.872156143
0.999968171 0.003179804 0.007316974 1.078457475 -0.002950704 0.999511600 -0.031111274 -1.805718780 -0.007412328 0.031088695 0.999489129 17.871631622
0.999968052 0.003143475 0.007347439 1.078445673 -0.002913488 0.999511838 -0.031105481 -1.805827737 -0.007441632 0.031083081 0.999489129 17.871719360
0.999968350 0.003158375 0.007303316 1.078430176 -0.002929422 0.999510407 -0.031150183 -1.805673957 -0.007398125 0.031127801 0.999488056 17.871679306
0.999968886 0.003114171 0.007249927 1.078317881 -0.002888859 0.999518812 -0.030883586 -1.805827737 -0.007342615 0.030861681 0.999496698 17.871681213
0.999970317 0.002978946 0.007105721 1.078564763 -0.002757510 0.999516428 -0.030971868 -1.805866361 -0.007194549 0.030951353 0.999494970 17.872106552
0.999970436 0.003049941 0.007055883 1.079107761 -0.002831629 0.999523222 -0.030746143 -1.806285381 -0.007146293 0.030725256 0.999502301 17.872072220
0.999970675 0.003095633 0.007004298 1.079321027 -0.002879115 0.999524057 -0.030713910 -1.806662560 -0.007096043 0.030692844 0.999503672 17.872451782
0.999969959 0.003152521 0.007081165 1.079142332 -0.002933318 0.999522626 -0.030755637 -1.806345344 -0.007174742 0.030733941 0.999501824 17.872364044
0.999969721 0.003182923 0.007097067 1.079237938 -0.002962759 0.999520600 -0.030819390 -1.806285501 -0.007191760 0.030797429 0.999499798 17.872194290
0.999968946 0.003110459 0.007240152 1.078619242 -0.002884992 0.999516904 -0.030945994 -1.805896521 -0.007332911 0.030924145 0.999494851 17.872034073
0.999968648 0.003148668 0.007263211 1.078994989 -0.002924267 0.999524295 -0.030702090 -1.806178808 -0.007356426 0.030679887 0.999502182 17.870529175
0.999969840 0.002907489 0.007204010 1.078287840 -0.002683293 0.999517739 -0.030937655 -1.805616856 -0.007290486 0.030917389 0.999495327 17.872159958
0.999971569 0.002736556 0.007030305 1.078939080 -0.002518130 0.999519527 -0.030892514 -1.806080461 -0.007111466 0.030873932 0.999498010 17.872865677
0.999971390 0.002769461 0.007041370 1.078965187 -0.002550696 0.999519527 -0.030889930 -1.806034565 -0.007123535 0.030871084 0.999498010 17.872068405
0.999969184 0.002991315 0.007258779 1.078612804 -0.002765054 0.999516070 -0.030983075 -1.806021571 -0.007347947 0.030962050 0.999493539 17.871910095
0.999967158 0.003225317 0.007431163 1.078438044 -0.002994036 0.999517143 -0.030926790 -1.805950403 -0.007527323 0.030903526 0.999494016 17.872013092
0.999972045 0.002602512 0.007005984 1.078865170 -0.002385278 0.999521554 -0.030838758 -1.805940747 -0.007082890 0.030821186 0.999499798 17.871980667
0.999968112 0.003151288 0.007341741 1.078638196 -0.002921442 0.999511719 -0.031109747 -1.805912614 -0.007436192 0.031087305 0.999489009 17.871896744
0.999969959 0.002803270 0.007229066 1.078631639 -0.002577433 0.999514103 -0.031062456 -1.805900693 -0.007312630 0.031042891 0.999491274 17.871892929
0.999968946 0.003008500 0.007283923 1.078671694 -0.002782172 0.999519050 -0.030885573 -1.806144834 -0.007373339 0.030864350 0.999496400 17.871921539
0.999968767 0.003098796 0.007268404 1.079357266 -0.002874647 0.999526083 -0.030649103 -1.806767821 -0.007359935 0.030627251 0.999503791 17.871221542
0.999973059 0.002298270 0.006969644 1.077650189 -0.002080142 0.999512732 -0.031144153 -1.804633856 -0.007037825 0.031128816 0.999490619 17.872985840
0.999968767 0.003068543 0.007286091 1.078410506 -0.002842017 0.999518454 -0.030899566 -1.807101130 -0.007377399 0.030877892 0.999495924 17.871107101
0.999968290 0.003150138 0.007311434 1.078322887 -0.002922751 0.999518037 -0.030905293 -1.807209134 -0.007405266 0.030882945 0.999495566 17.871049881
0.999968588 0.003104373 0.007294965 1.078364491 -0.002877521 0.999518216 -0.030904450 -1.807131767 -0.007387389 0.030882485 0.999495745 17.870952606
0.999967635 0.003207069 0.007377889 1.078458071 -0.002977101 0.999515831 -0.030972466 -1.806347609 -0.007473648 0.030949499 0.999493003 17.871494293
0.999968410 0.003113274 0.007311179 1.078387022 -0.002885685 0.999517202 -0.030935872 -1.806581736 -0.007403961 0.030913796 0.999494612 17.871065140
0.999968052 0.003137886 0.007351608 1.078363538 -0.002908843 0.999516308 -0.030961748 -1.806350112 -0.007445207 0.030939374 0.999493539 17.871118546
0.999968827 0.003019894 0.007297049 1.078363538 -0.002791915 0.999513805 -0.031053390 -1.806171656 -0.007387280 0.031032048 0.999491096 17.871370316
0.999968231 0.003054013 0.007361489 1.078508019 -0.002823593 0.999511957 -0.031110495 -1.805877805 -0.007452909 0.031088721 0.999488831 17.872295380
0.999968529 0.002972280 0.007352643 1.078409553 -0.002742507 0.999513566 -0.031065587 -1.805812597 -0.007441402 0.031044446 0.999490321 17.872274399
0.999968231 0.003088457 0.007345579 1.077940345 -0.002858707 0.999512672 -0.031084662 -1.805319905 -0.007438002 0.031062676 0.999489784 17.871784210
0.999968410 0.003081985 0.007328434 1.077812433 -0.002852408 0.999511182 -0.031133553 -1.805036545 -0.007420805 0.031111667 0.999488354 17.871585846
0.999968708 0.002996145 0.007321134 1.077775359 -0.002766702 0.999510825 -0.031151542 -1.805229187 -0.007410887 0.031130312 0.999487877 17.871591568
0.999968469 0.002958547 0.007365752 1.077935576 -0.002727496 0.999509990 -0.031183140 -1.805536509 -0.007454399 0.031162066 0.999486566 17.871616364
0.999968469 0.002953661 0.007367465 1.078083396 -0.002721976 0.999507546 -0.031261280 -1.805666089 -0.007456172 0.031240240 0.999484122 17.871522903
0.999968886 0.002910386 0.007330799 1.078196883 -0.002680055 0.999508440 -0.031235827 -1.805790663 -0.007418104 0.031215208 0.999485135 17.871452332
0.999969125 0.002888057 0.007308377 1.078286290 -0.002658073 0.999506950 -0.031285007 -1.805532336 -0.007395127 0.031264614 0.999483764 17.871202469
0.999969482 0.002849086 0.007274355 1.078487754 -0.002619855 0.999505699 -0.031329699 -1.805886745 -0.007360020 0.031309687 0.999482632 17.871297836
0.999969542 0.002868226 0.007257822 1.078394175 -0.002640581 0.999510229 -0.031182997 -1.805787444 -0.007343707 0.031162884 0.999487340 17.872198105
0.999969721 0.002930887 0.007209271 1.078385949 -0.002705113 0.999511659 -0.031130070 -1.805834293 -0.007296990 0.031109625 0.999489367 17.872135162
0.999969423 0.002907785 0.007260349 1.078385115 -0.002680266 0.999511063 -0.031152677 -1.805890441 -0.007347384 0.031132266 0.999488294 17.872085571
0.999969423 0.002975721 0.007232718 1.078513384 -0.002748951 0.999510527 -0.031163516 -1.806132436 -0.007321911 0.031142680 0.999488115 17.872331619
0.999969602 0.002903647 0.007236169 1.078478098 -0.002676641 0.999510050 -0.031185644 -1.805938959 -0.007323176 0.031165326 0.999487400 17.872009277
0.999969840 0.002974631 0.007176131 1.078628063 -0.002749803 0.999511302 -0.031138852 -1.806180120 -0.007265251 0.031118181 0.999489307 17.872304916
0.999969721 0.002924462 0.007209028 1.078570485 -0.002698242 0.999509752 -0.031192500 -1.805880666 -0.007296714 0.031172104 0.999487400 17.872041702
0.999969304 0.002929094 0.007270745 1.078630447 -0.002700197 0.999506533 -0.031294651 -1.805871964 -0.007358823 0.031274058 0.999483764 17.872102737
0.999969959 0.002852311 0.007211306 1.078591466 -0.002625174 0.999506176 -0.031312913 -1.805856824 -0.007297060 0.031293042 0.999483645 17.872196198
0.999970257 0.002840720 0.007170521 1.078653336 -0.002615691 0.999509752 -0.031199176 -1.805937886 -0.007255633 0.031179491 0.999487460 17.872461319
0.999969721 0.002898047 0.007225342 1.078774571 -0.002669305 0.999501169 -0.031469353 -1.805717945 -0.007312937 0.031449109 0.999478579 17.871969223
0.994956791 -0.022516429 0.097744271 -0.026595213 0.026080724 0.999034882 -0.035342187 -1.498537779 -0.096854165 0.037713192 0.994583845 17.235502243
0.994954646 -0.022556035 0.097757488 -0.026597004 0.026105998 0.999039650 -0.035188183 -1.498576283 -0.096869901 0.037562706 0.994588017 17.235393524
0.994976521 -0.022006301 0.097659960 -0.026635990 0.025576053 0.999044001 -0.035452686 -1.498396397 -0.096786425 0.037772343 0.994588196 17.235073090
0.994974613 -0.022201562 0.097634859 -0.026641656 0.025775785 0.999037206 -0.035500292 -1.498550892 -0.096752696 0.037838507 0.994588971 17.235853195
0.994987547 -0.022094246 0.097527623 -0.026621319 0.025654975 0.999043584 -0.035408076 -1.498571515 -0.096652031 0.037732664 0.994602740 17.235389709
0.995002568 -0.022292849 0.097328842 -0.026232125 0.025853068 0.999036193 -0.035472587 -1.497981548 -0.096444249 0.037811562 0.994619906 17.235511780
0.995031714 -0.022094408 0.097075574 -0.026541092 0.025638307 0.999043882 -0.035412066 -1.498076677 -0.096200354 0.037724987 0.994646847 17.234725952
0.995084703 -0.022436142 0.096452311 -0.026456021 0.025940996 0.999042213 -0.035238504 -1.498149753 -0.095569313 0.037567362 0.994713604 17.235887527
0.995044768 -0.022249807 0.096906498 -0.026527576 0.025763780 0.999049485 -0.035162296 -1.498155713 -0.096032038 0.037484739 0.994672179 17.234632492
0.995021641 -0.022334445 0.097124130 -0.026431194 0.025861584 0.999045253 -0.035209712 -1.498174310 -0.096245006 0.037546206 0.994649291 17.234867096
0.995005071 -0.022053881 0.097357690 -0.026244607 0.025577595 0.999056637 -0.035094939 -1.498575091 -0.096491858 0.037409820 0.994630516 17.235555649
0.994993985 -0.022067778 0.097467721 -0.025765721 0.025587883 0.999059200 -0.035014421 -1.499052882 -0.096603334 0.037333131 0.994622588 17.236877441
0.994985163 -0.022302018 0.097504683 -0.026279386 0.025849031 0.999043584 -0.035267171 -1.498185992 -0.096624903 0.037610713 0.994610012 17.236415863
0.994972646 -0.022601461 0.097563259 -0.026376333 0.026146425 0.999037802 -0.035210632 -1.498100042 -0.096673571 0.037584543 0.994606256 17.235912323
0.994981050 -0.022394750 0.097525135 -0.026175560 0.025941126 0.999041855 -0.035248742 -1.498018861 -0.096642300 0.037601739 0.994608641 17.235544205
