1.000000000 0.000000000 0.000000000 0.000000000 0.000000000 1.000000000 0.000000000 -0.000000089 0.000000000 0.000000000 1.000000000 0.000000060
0.999989092 0.003186613 0.003417200 0.002663179 -0.003235532 0.999890983 0.014406878 -0.003522553 -0.003370919 -0.014417776 0.999890387 -0.003229117
0.999887466 0.011926482 0.009100830 0.002456062 -0.012123876 0.999685526 0.021951815 -0.006381793 -0.008836159 -0.022059681 0.999717593 -0.003970830
0.999681592 0.020380517 0.014877959 0.001551600 -0.020857586 0.999249279 0.032647483 -0.012670571 -0.014201417 -0.032947406 0.999356210 -0.006266170
0.999387622 0.029552849 0.018733967 0.005711113 -0.030279389 0.998750210 0.039763760 -0.026192792 -0.017535422 -0.040306661 0.999033451 -0.010224667
0.998863578 0.041108150 0.024118172 0.007302404 -0.042166423 0.998090029 0.045147087 -0.042012904 -0.022216195 -0.046112757 0.998689175 -0.013095806
0.998138309 0.053428762 0.029415447 0.007719687 -0.054702185 0.997517824 0.044337444 -0.062704630 -0.026973538 -0.045863993 0.998583436 -0.017136728
0.997183561 0.066615917 0.034456089 0.008520741 -0.067818247 0.997083962 0.034988850 -0.085674949 -0.032024801 -0.037227057 0.998793542 -0.020701433
0.996079504 0.079348542 0.039107885 0.004955564 -0.080337100 0.996469378 0.024387490 -0.118178166 -0.037034702 -0.027433693 0.998937368 -0.022868278
0.996003032 0.079503201 0.040709142 -0.001653009 -0.080081291 0.996706545 0.012769934 -0.149289221 -0.039559815 -0.015978934 0.999089420 -0.023800081
0.996691048 0.072236069 0.037267502 -0.006746669 -0.072457038 0.997360885 0.004611466 -0.185141519 -0.036836032 -0.007296500 0.999294698 -0.027586590
0.997544169 0.061603896 0.033325430 -0.012304351 -0.061485484 0.998097539 -0.004567303 -0.219092414 -0.033543389 0.002507057 0.999434114 -0.031093664
0.998202562 0.051189873 0.031163827 -0.024906641 -0.050895568 0.998652220 -0.010165432 -0.246572524 -0.031642191 0.008561060 0.999462605 -0.029084882
0.998721361 0.041803207 0.028428128 -0.035839293 -0.041358959 0.999015570 -0.016039843 -0.269559771 -0.029070659 0.014843576 0.999467134 -0.025237026
0.999108911 0.033132877 0.026146717 -0.046758816 -0.032657508 0.999297142 -0.018403322 -0.290226758 -0.026738096 0.017533034 0.999488711 -0.023120856
0.999378681 0.025568176 0.024259074 -0.058100030 -0.025077842 0.999479234 -0.020305753 -0.301523328 -0.024765620 0.019684773 0.999499440 -0.016060935
0.999524355 0.021402426 0.022202794 -0.068213969 -0.020995833 0.999610484 -0.018386964 -0.319043726 -0.022587672 0.017912053 0.999584377 -0.009975734
0.999688208 0.014350763 0.020434374 -0.080746092 -0.013818031 0.999567032 -0.025977161 -0.320813686 -0.020798320 0.025686700 0.999453664 0.002598058
0.999786258 0.008789046 0.018712468 -0.093302123 -0.008028466 0.999153733 -0.040339839 -0.328049660 -0.019051183 0.040180985 0.999010801 0.009196632
0.999870837 0.003654284 0.015650863 -0.102833629 -0.002673952 0.998059690 -0.062206622 -0.332797915 -0.015847815 0.062156741 0.997940600 0.016330756
0.999849141 0.002652439 0.017164459 -0.118336886 -0.001255709 0.996723235 -0.080878057 -0.336572677 -0.017322740 0.080844305 0.996576190 0.027287709
0.999825299 0.004956670 0.018022807 -0.129497334 -0.003420559 0.996435881 -0.084284417 -0.339576334 -0.018376341 0.084208049 0.996278763 0.034170199
0.999784827 0.008015416 0.019133465 -0.142311916 -0.006549779 0.997126520 -0.075470582 -0.341283262 -0.019683415 0.075329021 0.996964455 0.038646672
0.999732316 0.011632850 0.020000359 -0.153428599 -0.010344753 0.997938216 -0.063342988 -0.343465060 -0.020695983 0.063119128 0.997791409 0.041864239
0.999700427 0.013380638 0.020494828 -0.166680977 -0.012343849 0.998677671 -0.049905006 -0.346572459 -0.021135489 0.049637068 0.998543680 0.043661878
0.999633372 0.015948471 0.021880133 -0.177905485 -0.015088314 0.999128044 -0.038929421 -0.349909812 -0.022481920 0.038585018 0.999002397 0.044262372
0.999609470 0.017424250 0.021846203 -0.190179244 -0.016753873 0.999394238 -0.030502580 -0.353206158 -0.022364454 0.030124661 0.999295950 0.041762624
0.999545693 0.019911071 0.022625435 -0.202011064 -0.019345080 0.999501109 -0.024965120 -0.358074486 -0.023111232 0.024516089 0.999432266 0.040962454
0.999506235 0.021072807 0.023307268 -0.215754226 -0.020592554 0.999574542 -0.020656865 -0.365067691 -0.023732647 0.020166710 0.999514937 0.039550282
0.999449611 0.023588896 0.023324797 -0.228421271 -0.023175385 0.999572158 -0.017842576 -0.371357620 -0.023735704 0.017292194 0.999568701 0.038069393
0.999464273 0.023115804 0.023168556 -0.242683992 -0.022681551 0.999565303 -0.018834019 -0.380645305 -0.023593850 0.018298430 0.999554157 0.036373172
0.999535263 0.021281244 0.021826411 -0.256108284 -0.020897882 0.999625921 -0.017644316 -0.388464421 -0.022193739 0.017179988 0.999606073 0.034324583
0.999544561 0.021963030 0.020695439 -0.269986719 -0.021577574 0.999592900 -0.018668009 -0.401254088 -0.021097017 0.018212950 0.999611497 0.031286974
0.999598801 0.020355819 0.019693278 -0.283895701 -0.019905062 0.999541402 -0.022820286 -0.405956060 -0.020148773 0.022419136 0.999545574 0.029819440
0.999632835 0.019219115 0.019100448 -0.299430728 -0.018433094 0.999009132 -0.040509347 -0.408154190 -0.019860076 0.040142391 0.998996556 0.031304106
0.999674797 0.018445766 0.017608445 -0.313643426 -0.016902877 0.996316075 -0.084075101 -0.407921016 -0.019094408 0.083750121 0.996303856 0.032322023
0.999766052 0.015814399 0.014756680 -0.327809751 -0.013552651 0.989708483 -0.142455101 -0.414363444 -0.016857654 0.142221779 0.989691257 0.032599621
0.999888659 0.010394621 0.010705300 -0.342345148 -0.008025265 0.979462385 -0.201467305 -0.408494949 -0.012579614 0.201358974 0.979436755 0.030300692
0.999930978 0.006712731 0.009643046 -0.357505262 -0.004117746 0.968885660 -0.247474477 -0.396089613 -0.011004239 0.247417673 0.968846440 0.024494754
0.999972641 0.003094310 0.006715284 -0.371588975 -0.001135647 0.961718380 -0.274037421 -0.385052800 -0.007306168 0.274022281 0.961695611 0.012068607
0.999911070 0.010647355 0.008030592 -0.386979043 -0.007928832 0.958797336 -0.283980221 -0.374156743 -0.010723347 0.283891290 0.958796501 -0.005871698
0.999930322 0.009255258 0.007324318 -0.400342911 -0.006779561 0.958365381 -0.285464168 -0.359410584 -0.009661417 0.285394609 0.958361387 -0.032004330
0.999931514 0.008567736 0.007970287 -0.415840507 -0.005966119 0.959212959 -0.282621473 -0.355328560 -0.010066629 0.282554597 0.959198415 -0.062735155
0.999932051 0.009000859 0.007408747 -0.428737342 -0.006567829 0.960012674 -0.279879421 -0.339781821 -0.009631647 0.279811770 0.960006595 -0.102145992
0.999908626 0.010487763 0.008527465 -0.443793893 -0.007743897 0.961541235 -0.274551451 -0.326989502 -0.011078939 0.274460316 0.961534619 -0.147076234
0.999882638 0.012027816 0.009488842 -0.456786275 -0.009116002 0.964894176 -0.262480736 -0.310642749 -0.012312798 0.262363434 0.964890599 -0.200443640
0.999849081 0.013439219 0.011008457 -0.471516997 -0.010444815 0.971396565 -0.237233236 -0.296050906 -0.013881807 0.237082466 0.971390367 -0.257461488
0.999822676 0.014035167 0.012555957 -0.484797865 -0.011261405 0.979993999 -0.198708162 -0.277310848 -0.015093666 0.198531523 0.979978263 -0.322786808
0.999800146 0.014325071 0.013945336 -0.499948531 -0.012071708 0.988604307 -0.150052518 -0.257940501 -0.015935933 0.149854183 0.988579690 -0.389203668
0.999762952 0.015508818 0.015280903 -0.513441443 -0.013832474 0.994451284 -0.104284935 -0.238877937 -0.016813450 0.104048841 0.994430065 -0.462557435
0.999757469 0.014684863 0.016412819 -0.528843939 -0.013566822 0.997709394 -0.066271119 -0.224600986 -0.017348407 0.066032372 0.997666657 -0.545907497
0.999686897 0.016621383 0.018704003 -0.542698324 -0.015889550 0.999127686 -0.038617898 -0.208581433 -0.019329572 0.038308609 0.999078989 -0.621851146
0.999632955 0.017798090 0.020424370 -0.557620406 -0.017392481 0.999651313 -0.019867817 -0.192021474 -0.020770859 0.019505294 0.999593973 -0.696766078
0.999511421 0.020649277 0.023462061 -0.572336972 -0.020452056 0.999753714 -0.008615092 -0.175384298 -0.023634177 0.008131036 0.999687612 -0.771511674
0.999485552 0.019440413 0.025508329 -0.587841749 -0.019378450 0.999808669 -0.002674159 -0.157047704 -0.025555436 0.002178472 0.999671042 -0.845320106
0.999424040 0.019645549 0.027669465 -0.602967680 -0.019801050 0.999789596 0.005357235 -0.137593970 -0.027558396 -0.005902034 0.999602795 -0.915778279
0.999290526 0.019910036 0.031970069 -0.632673264 -0.020232031 0.999747455 0.009779997 -0.103200562 -0.031767279 -0.010419877 0.999440968 -0.980561912
0.999221206 0.019600943 0.034246191 -0.648554087 -0.020143948 0.999675632 0.015583531 -0.078601703 -0.033929631 -0.016261248 0.999291897 -1.046572447
0.999099016 0.021082986 0.036832556 -0.664986193 -0.021777555 0.999590576 0.018559139 -0.052077308 -0.036426194 -0.019344542 0.999149084 -1.111306548
0.999081552 0.018905653 0.038453117 -0.681745052 -0.019836383 0.999515891 0.023968475 -0.023411976 -0.037981361 -0.024709230 0.998972893 -1.173240900
0.999021411 0.018723208 0.040070385 -0.698919594 -0.020046044 0.999258578 0.032869726 0.005520878 -0.039425246 -0.033640817 0.998656094 -1.232105255
0.998954713 0.018859377 0.041639261 -0.716272533 -0.020838229 0.998648465 0.047612719 0.037217088 -0.040685035 -0.048430637 0.997997582 -1.290045500
0.998826087 0.019770507 0.044221468 -0.732891202 -0.022810455 0.997332931 0.069330640 0.066533297 -0.042732827 -0.070257969 0.996613145 -1.342156053
0.998802304 0.019335998 0.044945225 -0.750709951 -0.023603683 0.995057881 0.096450172 0.097259142 -0.042858139 -0.097395532 0.994322538 -1.395691991
0.998686492 0.022401467 0.046081316 -0.769382715 -0.028044198 0.991671741 0.125700831 0.124599881 -0.042881656 -0.126828045 0.990997374 -1.448539019
0.998606682 0.022824934 0.047577921 -0.788376093 -0.029743822 0.988206744 0.150208905 0.150904462 -0.043588314 -0.151414767 0.987508774 -1.495836496
0.998624265 0.022414640 0.047403753 -0.807565153 -0.030367859 0.984213710 0.174359351 0.172235861 -0.042747222 -0.175559044 0.983540416 -1.536763072
0.998652399 0.023301613 0.046372022 -0.828038335 -0.031922013 0.980310977 0.194862574 0.192422017 -0.040918391 -0.196080267 0.979733765 -1.575074911
0.998576105 0.025461266 0.046877850 -0.848335743 -0.034809865 0.976882637 0.210923240 0.207272083 -0.040423784 -0.212254718 0.976377904 -1.605836153
0.998610914 0.026627786 0.045466650 -0.870153368 -0.035975493 0.975035250 0.219116479 0.219961435 -0.038496997 -0.220447779 0.974638760 -1.632847667
0.998671055 0.026810834 0.044014797 -0.891816854 -0.035948548 0.974350989 0.222143784 0.227311596 -0.036930002 -0.223430827 0.974019945 -1.652069092
0.998782516 0.026072174 0.041876849 -0.914563060 -0.034506582 0.975915790 0.215401188 0.231936440 -0.035252299 -0.216583982 0.975627303 -1.667023778
0.998740673 0.029673310 0.040454980 -0.937187731 -0.037305631 0.978395700 0.203347266 0.230559438 -0.033546995 -0.204600394 0.978270531 -1.675881147
0.998795092 0.029185612 0.039454043 -0.960640311 -0.036207359 0.980926633 0.190976262 0.227950320 -0.033127762 -0.192174673 0.980801404 -1.679572582
0.999062002 0.022588208 0.036943663 -0.984655559 -0.028869819 0.983336568 0.179487541 0.220510796 -0.032273751 -0.180385754 0.983066320 -1.677349210
0.999391377 0.011351651 0.032985434 -1.009005547 -0.016903101 0.984734297 0.173241749 0.211682022 -0.030515306 -0.173693851 0.984326780 -1.671307564
0.999561012 -0.000703729 0.029619580 -1.033121705 -0.004177537 0.986382723 0.164413214 0.199506551 -0.029331943 -0.164464772 0.985946715 -1.660079002
0.999594450 -0.012116484 0.025769856 -1.056917906 0.007883456 0.987338185 0.158433527 0.186126053 -0.027363218 -0.158166111 0.987033308 -1.645112991
0.999540865 -0.021942355 0.020896090 -1.080259204 0.018421222 0.987602174 0.155892968 0.170600310 -0.024057681 -0.155436456 0.987552881 -1.625426650
0.999413669 -0.029764043 0.016924813 -1.102551103 0.026854513 0.988044202 0.151813924 0.154082134 -0.021241061 -0.151270390 0.988264203 -1.602697253
0.999233186 -0.036963213 0.012914878 -1.124831676 0.034667265 0.988528550 0.147001848 0.134493127 -0.018200386 -0.146441385 0.989051878 -1.576328397
0.998940408 -0.045303557 0.008099528 -1.144760847 0.043617446 0.988114655 0.147400603 0.115334503 -0.014681034 -0.146891132 0.989043713 -1.545746922
0.998529017 -0.054030769 0.004525162 -1.163670301 0.052794069 0.987891972 0.145884231 0.093702428 -0.012352608 -0.145430729 0.989291310 -1.511170149
0.998122275 -0.061233468 0.001552901 -1.180113912 0.060424604 0.988460302 0.138906702 0.070519559 -0.010040717 -0.138552025 0.990304232 -1.472744584
0.997975469 -0.063595086 0.000782609 -1.194563150 0.062945083 0.989386797 0.130964637 0.045558512 -0.009103010 -0.130650222 0.991386712 -1.431061387
0.997878611 -0.065052569 0.002529053 -1.206814051 0.064351112 0.991510987 0.112981923 0.018455407 -0.009857347 -0.112579502 0.993593812 -1.386128426
0.998105109 -0.061402049 0.003995141 -1.217499375 0.060767744 0.993830860 0.092776403 -0.009433012 -0.009667154 -0.092357829 0.995678961 -1.338247895
0.998277009 -0.058363471 0.006063029 -1.226010323 0.057812270 0.995970786 0.068556063 -0.038853634 -0.010039769 -0.068087421 0.997628868 -1.288109422
0.998366892 -0.056553464 0.008080901 -1.233183861 0.056067031 0.997108638 0.051291335 -0.068103909 -0.010958239 -0.050754499 0.998651028 -1.237064123
0.998534203 -0.053518243 0.008078413 -1.238695383 0.053159639 0.997804761 0.039492827 -0.098198824 -0.010174265 -0.039005492 0.999187171 -1.184154391
0.998600662 -0.052171029 0.008653673 -1.245180607 0.051876374 0.998161197 0.031353004 -0.131131217 -0.010273480 -0.030860212 0.999470890 -1.130972028
0.998521566 -0.053873546 0.007232710 -1.247890711 0.053650878 0.998164773 0.028083084 -0.162414074 -0.008732372 -0.027653525 0.999579430 -1.076562166
0.998407960 -0.056134079 0.005523412 -1.249658108 0.055968817 0.998079777 0.026537638 -0.194265872 -0.007002472 -0.026186250 0.999632537 -1.021679163
0.998304427 -0.057959761 0.005381942 -1.248963833 0.057807926 0.998013794 0.025034517 -0.226186827 -0.006822247 -0.024680950 0.999672115 -0.966143727
0.998105466 -0.061351836 0.004632932 -1.250890851 0.061223671 0.997834802 0.024027724 -0.256479174 -0.006097046 -0.023698557 0.999700546 -0.907733202
0.998055339 -0.062172484 0.004484090 -1.247020245 0.062056381 0.997817874 0.022548990 -0.285302639 -0.005876232 -0.022226876 0.999735653 -0.850233614
0.998211563 -0.059544448 0.005306690 -1.243279219 0.059412684 0.997985542 0.022249090 -0.309197783 -0.006620810 -0.021894014 0.999738395 -0.789758980
0.998453438 -0.055222277 0.006420356 -1.236973643 0.055077765 0.998264432 0.020847507 -0.329118639 -0.007560460 -0.020461645 0.999762058 -0.727528512
0.998679698 -0.050775666 0.007788657 -1.231123805 0.050630588 0.998558581 0.017812151 -0.344076782 -0.008681854 -0.017394289 0.999810994 -0.664587796
0.998929739 -0.044953939 0.010884016 -1.222574830 0.044809077 0.998908281 0.013206763 -0.358278185 -0.011465830 -0.012704926 0.999853551 -0.598931253
0.999149799 -0.039065771 0.013175764 -1.214576840 0.038917676 0.999178350 0.011315066 -0.368472219 -0.013606970 -0.010792676 0.999849200 -0.532659054
0.999299407 -0.034196548 0.015207682 -1.203917384 0.034102917 0.999397993 0.006374327 -0.379966944 -0.015416507 -0.005851234 0.999864042 -0.465033293
0.999405265 -0.030137770 0.016757892 -1.195693493 0.030084047 0.999541402 0.003448777 -0.393287241 -0.016854146 -0.002942581 0.999853611 -0.392649114
0.999506712 -0.026765026 0.016431091 -1.183409333 0.026764840 0.999641716 0.000231348 -0.405363381 -0.016431397 0.000208542 0.999864995 -0.325989515
0.999517441 -0.027258396 0.014895391 -1.171327114 0.027259424 0.999628365 0.000133939 -0.418004900 -0.014893506 0.000272166 0.999889076 -0.259156257
0.999547243 -0.026525866 0.014201912 -1.157641649 0.026581176 0.999639750 -0.003719983 -0.431636512 -0.014098120 0.004095802 0.999892235 -0.193334028
0.999626815 -0.023882892 0.013259250 -1.144865513 0.024017040 0.999661028 -0.010051886 -0.446394980 -0.013014686 0.010366583 0.999861538 -0.127146274
0.999690473 -0.021129435 0.013134781 -1.130275846 0.021395842 0.999561191 -0.020484319 -0.461954921 -0.012696195 0.020759007 0.999703884 -0.062635921
0.999738574 -0.018859582 0.012926346 -1.117258906 0.019271502 0.999285281 -0.032519694 -0.477622747 -0.012303799 0.032760303 0.999387503 0.001204777
0.999777794 -0.017663045 0.011503849 -1.102177858 0.018159727 0.998839557 -0.044606142 -0.494728208 -0.010702619 0.044805139 0.998938441 0.064431198
0.999827802 -0.014445547 0.011646718 -1.086794019 0.014986891 0.998743653 -0.047817089 -0.514072418 -0.010941342 0.047983401 0.998788178 0.134478375
0.999869585 -0.011623142 0.011211291 -1.071240187 0.012122814 0.998887062 -0.045581307 -0.531031191 -0.010669015 0.045711275 0.998897731 0.195578977
0.999891698 -0.010847764 0.009948574 -1.056452632 0.011230800 0.999164701 -0.039290152 -0.547359943 -0.009514054 0.039397627 0.999178290 0.254392624
0.999906659 -0.009300616 0.010005880 -1.040744781 0.009651799 0.999318004 -0.035641659 -0.564489305 -0.009667568 0.035734911 0.999314547 0.312782675
0.999918401 -0.008897044 0.009166963 -1.025727987 0.009236421 0.999247551 -0.037669856 -0.579877734 -0.008824915 0.037751455 0.999248207 0.369708151
0.999929488 -0.007195121 0.009447908 -1.010311723 0.007589167 0.999073744 -0.042356033 -0.594173014 -0.009134401 0.042424750 0.999057889 0.426106602
0.999923468 -0.007658429 0.009715965 -0.993002951 0.008122455 0.998782635 -0.048654698 -0.610755861 -0.009331519 0.048729889 0.998768389 0.494237006
0.999916971 -0.005964646 0.011423362 -0.977027714 0.006539932 0.998677075 -0.051003780 -0.619002223 -0.011104031 0.051074255 0.998633146 0.549472034
0.999851048 -0.007146704 0.015711254 -0.961602867 0.007995301 0.998474658 -0.054630101 -0.626775861 -0.015296863 0.054747581 0.998383045 0.606388330
0.999677479 -0.010394336 0.023170013 -0.945161402 0.011609784 0.998529375 -0.052955993 -0.631996572 -0.022585496 0.053207912 0.998328030 0.659886658
0.999344349 -0.016885785 0.032027796 -0.929008245 0.018541941 0.998467743 -0.052138198 -0.639041781 -0.031098327 0.052697871 0.998126149 0.713531733
0.998810112 -0.018133691 0.045272090 -0.911969185 0.020446276 0.998481512 -0.051152732 -0.645432770 -0.044275753 0.052017514 0.997664213 0.764333308
0.997912109 -0.017642938 0.062130436 -0.894571543 0.021292474 0.998055816 -0.058576446 -0.654034317 -0.060976185 0.059777055 0.996347606 0.815856516
0.996536613 -0.022034988 0.080182731 -0.877029896 0.027015604 0.997737050 -0.061570819 -0.662118375 -0.078644574 0.063523762 0.994876742 0.863557160
0.994452477 -0.027433529 0.101546131 -0.854025662 0.034325019 0.997178972 -0.066752538 -0.674753428 -0.099428408 0.069867805 0.992588758 0.924998105
0.991347075 -0.033302695 0.126972243 -0.835616112 0.042298235 0.996731937 -0.068821102 -0.684873641 -0.124265358 0.073596299 0.989515901 0.969979107
0.986833632 -0.038339548 0.157128721 -0.817002118 0.049649715 0.996401250 -0.068698063 -0.694276214 -0.153929412 0.075594962 0.985185862 1.014756322
0.980865061 -0.049466599 0.188299835 -0.798562288 0.062880419 0.995840371 -0.065939352 -0.704091072 -0.184254795 0.076517969 0.979895473 1.054149866
0.973010540 -0.054629326 0.224201173 -0.780145824 0.069491215 0.995840073 -0.058936425 -0.713210762 -0.220048845 0.072925769 0.972759128 1.093105674
0.962919712 -0.063293941 0.262258589 -0.762164891 0.079956137 0.995369911 -0.053346038 -0.721480429 -0.257667840 0.072337136 0.963522017 1.128920436
0.950264215 -0.069911093 0.303496987 -0.744294882 0.088817880 0.994845390 -0.048928712 -0.730561256 -0.298511893 0.073451161 0.951575339 1.165322185
0.936145186 -0.080107704 0.342366785 -0.727582574 0.102090567 0.993680835 -0.046646185 -0.739668906 -0.336466581 0.078620024 0.938407779 1.197746992
0.919686615 -0.086932965 0.382908821 -0.705599248 0.112468116 0.992646396 -0.044767145 -0.757716775 -0.376201332 0.084236786 0.922700763 1.242712021
0.900829077 -0.090029120 0.424737215 -0.690148830 0.123449340 0.990999639 -0.051768325 -0.767339051 -0.416253805 0.099067934 0.903835356 1.271460414
0.880628705 -0.093005374 0.464589208 -0.675228596 0.133980319 0.989406586 -0.055891953 -0.778635621 -0.454469353 0.111465864 0.883760691 1.302201986
0.858241856 -0.097522639 0.503895104 -0.662843466 0.146932125 0.987375677 -0.059162762 -0.787903190 -0.491764069 0.124814332 0.861736298 1.326186776
0.833710313 -0.108693242 0.541399002 -0.651470661 0.167641342 0.983983397 -0.060605872 -0.799957037 -0.526140213 0.141288608 0.838578582 1.349900365
0.808128238 -0.130809307 0.574297607 -0.643406510 0.200015903 0.978033602 -0.058684941 -0.811316431 -0.554005802 0.162293598 0.816540480 1.367327929
0.780331314 -0.155076891 0.605833471 -0.633800387 0.229282975 0.972250700 -0.046453513 -0.826010823 -0.581818163 0.175156444 0.794234157 1.393985033
0.750053406 -0.185507476 0.634828269 -0.629482210 0.261640310 0.964782000 -0.027204141 -0.836256564 -0.607424319 0.186501205 0.772174239 1.403555036
0.717947543 -0.214341015 0.662275910 -0.622041166 0.288135082 0.957586646 -0.002439752 -0.850810170 -0.633663654 0.192576513 0.749256134 1.422194600
0.685632229 -0.240747511 0.686985552 -0.617792487 0.312055528 0.949822485 0.021415398 -0.860110462 -0.657670081 0.199694529 0.726355433 1.427210450
0.651693404 -0.267417133 0.709777355 -0.612342060 0.337112010 0.940398932 0.044781774 -0.870712459 -0.679449201 0.210090458 0.703001261 1.434961200
0.616875410 -0.294603646 0.729844868 -0.607271910 0.362526774 0.929433703 0.068755344 -0.879593611 -0.698597968 0.222174808 0.680146456 1.434633613
0.581178188 -0.319232762 0.748546839 -0.599767327 0.385322392 0.918144941 0.092393644 -0.893096328 -0.716769576 0.234734684 0.656613350 1.442085028
0.545044184 -0.345531404 0.763894618 -0.592084765 0.407199264 0.905545354 0.119064532 -0.900232255 -0.732881725 0.246161848 0.634262383 1.436528444
0.507760048 -0.373344719 0.776397765 -0.582445383 0.425465345 0.892316282 0.150834128 -0.907005727 -0.749105513 0.253742784 0.611927748 1.432654619
0.472348332 -0.398861676 0.786000311 -0.570717990 0.434079736 0.881379187 0.186401397 -0.911024749 -0.767112672 0.253140420 0.589455724 1.421232939
0.441895843 -0.424174994 0.790445209 -0.557889223 0.428579360 0.873905540 0.229366213 -0.913096011 -0.788065910 0.237412512 0.567967892 1.413635731
0.417645097 -0.445034057 0.792159975 -0.541522384 0.405825049 0.871408701 0.275595486 -0.911076665 -0.812944472 0.206377208 0.544545531 1.398765922
0.399080813 -0.454492986 0.796348393 -0.518689990 0.369905055 0.874499261 0.313721687 -0.914966345 -0.838990390 0.169372976 0.517115116 1.391787887
0.386637092 -0.451330811 0.804246366 -0.494209528 0.329870433 0.882050872 0.336410105 -0.909636855 -0.861218512 0.135228485 0.489914298 1.377577424
0.377360225 -0.434933871 0.817576826 -0.466516137 0.285474449 0.894488275 0.344085813 -0.904615164 -0.880967438 0.103552952 0.461706817 1.370285630
0.370829880 -0.403955877 0.836244524 -0.435753703 0.239643037 0.911572874 0.334075034 -0.899903834 -0.897249401 0.076515198 0.434843659 1.359833241
0.365668714 -0.362986892 0.857045472 -0.401362777 0.196674734 0.930158496 0.310039043 -0.899087965 -0.909728229 0.055187628 0.411520183 1.357010722
0.360563636 -0.326202929 0.873833895 -0.367997646 0.167601064 0.944261432 0.283337593 -0.898621917 -0.917553186 0.044294223 0.395138264 1.353391767
0.356614888 -0.301885456 0.884132981 -0.330072522 0.161683619 0.952017188 0.259849340 -0.904334605 -0.920154572 0.050283648 0.388313472 1.358721137
0.354073048 -0.287964016 0.889780402 -0.296804547 0.173890337 0.955095530 0.239905566 -0.908558905 -0.918909431 0.069780089 0.388247728 1.364794374
0.354203284 -0.281172484 0.891898096 -0.256429076 0.190786541 0.955397785 0.225423023 -0.922456741 -0.915500224 0.090316519 0.392048955 1.377870202
0.355237007 -0.276690662 0.892888010 -0.225035071 0.206205711 0.954853833 0.213853538 -0.929055572 -0.911748827 0.108149886 0.396254599 1.390067577
0.356735587 -0.280891120 0.890976965 -0.191654086 0.221695721 0.951937020 0.211345434 -0.937607825 -0.907519042 0.122131318 0.401862204 1.406734586
0.359517097 -0.285020769 0.888544202 -0.161971807 0.231750965 0.949648857 0.210851893 -0.945564330 -0.903902173 0.130116060 0.407468796 1.422887921
0.362595081 -0.290118098 0.885639012 -0.129987240 0.238127723 0.947606742 0.212924123 -0.955222249 -0.901010573 0.133689910 0.412682712 1.443812370
0.364530087 -0.292620838 0.884019673 -0.100511312 0.239864901 0.946813583 0.214496806 -0.964946985 -0.899768054 0.133854762 0.415331483 1.462625980
0.367886484 -0.292559087 0.882648766 -0.069206715 0.237648487 0.947274566 0.214928210 -0.977392852 -0.898989856 0.130690902 0.418015718 1.485600352
0.367048323 -0.290931970 0.883534968 -0.039656997 0.233582884 0.948224664 0.215195373 -0.988989592 -0.900396883 0.127391562 0.416001022 1.506811500
0.362276018 -0.292482376 0.884991646 -0.005562782 0.228505850 0.948383987 0.219892934 -1.014117479 -0.903626680 0.122563794 0.410410643 1.529222250
0.353244305 -0.290342748 0.889336646 0.024477482 0.219530106 0.949804306 0.222886413 -1.027390718 -0.909409225 0.116502792 0.399251938 1.552764058
0.339237750 -0.286921412 0.895876050 0.053655863 0.209341198 0.951494753 0.225463971 -1.042702556 -0.917111754 0.111057863 0.382847428 1.577875257
0.319437146 -0.281093955 0.904956460 0.083298922 0.196989685 0.953826249 0.226739049 -1.057626963 -0.926906228 0.105838172 0.360060155 1.604040623
0.296365619 -0.265725046 0.917364597 0.113551736 0.187724918 0.957986295 0.216844827 -1.077056289 -0.936443806 0.107946813 0.333797395 1.632567286
0.269434631 -0.243245363 0.931792200 0.140414476 0.189249575 0.962081134 0.196429387 -1.096620202 -0.944240272 0.123416379 0.305252075 1.662318826
0.239682794 -0.218120873 0.946031451 0.166185021 0.200935870 0.964481235 0.171466410 -1.121457815 -0.949829936 0.148994088 0.274997830 1.694950342
0.212199390 -0.186892882 0.959188521 0.187480927 0.216914997 0.966063797 0.140244827 -1.145574927 -0.952848017 0.178302482 0.245537996 1.727473617
0.189452887 -0.157516733 0.969172895 0.215865374 0.237528667 0.965084195 0.110420339 -1.176977992 -0.952726543 0.209286869 0.220252752 1.770383358
0.170890152 -0.128440693 0.976882696 0.228899121 0.267344296 0.960316420 0.079494901 -1.203752995 -0.948326826 0.247579068 0.198446453 1.805271387
0.156902611 -0.096324600 0.982905507 0.237393975 0.297106534 0.953733802 0.046038240 -1.232165933 -0.941864848 0.284804106 0.178261995 1.842148423
0.148837984 -0.064632550 0.986747205 0.238520741 0.329992831 0.943906486 0.012051284 -1.260151625 -0.932176054 0.323825806 0.161817431 1.876596928
0.144563019 -0.044010282 0.988516450 0.227939367 0.369614631 0.929098487 -0.012688458 -1.280928612 -0.917870760 0.367204398 0.150580108 1.892461061
0.144953966 -0.067865267 0.987108290 0.215244412 0.402840853 0.915262282 0.003769696 -1.301542401 -0.903718889 0.397101074 0.160009801 1.925493956
0.142082930 -0.119769484 0.982582152 0.198551416 0.421099097 0.905662775 0.049502015 -1.317041397 -0.895816982 0.406731069 0.179114044 1.960508108
0.137795866 -0.181665391 0.973658204 0.174795270 0.438759595 0.892515659 0.104430795 -1.328632355 -0.887976646 0.412811637 0.202692389 1.990037560
0.131493986 -0.249227986 0.959476352 0.147897243 0.447086692 0.878764808 0.166990608 -1.335954666 -0.884772778 0.407010823 0.226978779 2.019503832
0.124145210 -0.321243584 0.938824177 0.117463589 0.453032792 0.860124588 0.234407753 -1.339882612 -0.882807732 0.396217436 0.252314210 2.044358730
0.115896165 -0.394770890 0.911440611 0.089308500 0.453533024 0.837412655 0.305037349 -1.341203690 -0.883671761 0.378015786 0.276094556 2.070462704
0.106822729 -0.462327152 0.880251408 0.061045170 0.450166851 0.811867595 0.371780604 -1.341731191 -0.886531830 0.356545359 0.294850290 2.088469028
0.097261488 -0.515899837 0.851109803 0.038164377 0.445275247 0.787359893 0.426373571 -1.343818069 -0.890095770 0.337508291 0.306297183 2.106024265
0.090078533 -0.559249580 0.824090898 0.020263195 0.433492631 0.766977072 0.473107100 -1.346584439 -0.896643817 0.314620495 0.311518729 2.116999626
0.085888207 -0.592440546 0.801022828 0.010699272 0.414415658 0.752384543 0.512032449 -1.351529479 -0.906025946 0.287978768 0.310137570 2.125757933
0.085584700 -0.604447484 0.792034388 0.010188580 0.384090364 0.753522217 0.533553064 -1.357229233 -0.919320345 0.258548796 0.296652436 2.130881786
0.089882433 -0.591599464 0.801206291 0.020724058 0.346760154 0.772717357 0.531662822 -1.366112947 -0.933637440 0.230039120 0.274596751 2.133843899
0.093119264 -0.545454741 0.832951427 0.041702271 0.313702255 0.810050368 0.495388001 -1.379386663 -0.944944382 0.215168506 0.246541679 2.135713100
0.092561543 -0.471795142 0.876836181 0.068081617 0.289383948 0.855351567 0.429686725 -1.401917934 -0.952727318 0.213969871 0.215702593 2.134524822
0.090993822 -0.382506400 0.919461250 0.100466490 0.276296407 0.896740854 0.345710993 -1.423138142 -0.956755161 0.222586259 0.187283039 2.137259960
0.088108063 -0.282414436 0.955237865 0.133747101 0.275575817 0.928449750 0.249076352 -1.449047446 -0.957233071 0.241294757 0.159630477 2.139942169
0.087281704 -0.189247504 0.978042722 0.164898157 0.281188786 0.946546376 0.158059448 -1.474345088 -0.955675125 0.261218876 0.135830462 2.144915104
0.089497626 -0.110323474 0.989858150 0.191235185 0.291977406 0.953088105 0.079826288 -1.500610828 -0.952228785 0.281871885 0.117511094 2.149258375
0.093208909 -0.046072930 0.994580150 0.210981250 0.304650694 0.952336967 0.015565112 -1.525929332 -0.947892547 0.301548660 0.102802455 2.155402422
0.101927400 0.013880864 0.994695127 0.222013712 0.327343822 0.943749905 -0.046713233 -1.552093029 -0.939391911 0.330368608 0.091650128 2.162279129
0.113583148 0.060870260 0.991662204 0.224313498 0.348724902 0.932175219 -0.097161204 -1.577402830 -0.930317223 0.356853127 0.084652424 2.167158842
0.125981033 0.087960184 0.988125563 0.215814590 0.371562362 0.919372380 -0.129212379 -1.600932360 -0.919820905 0.383428514 0.083140790 2.169519424
0.140688479 0.085209221 0.986380398 0.197904825 0.395250231 0.908618867 -0.134866729 -1.619926095 -0.907735765 0.408841252 0.094153285 2.171770096
0.154472589 0.052140564 0.986620367 0.169217110 0.415148228 0.902745366 -0.112706691 -1.633503914 -0.896543562 0.427003771 0.117803335 2.173620701
0.164051831 -0.016633272 0.986311495 0.131893635 0.435119539 0.898552656 -0.057219550 -1.642941475 -0.885301054 0.438550353 0.154646695 2.171657801
0.169463515 -0.096022815 0.980847418 0.087637186 0.452213079 0.891862690 0.009181380 -1.655660868 -0.875662863 0.441996127 0.194560945 2.164883137
0.171600103 -0.187995881 0.967063129 0.036595106 0.472303599 0.877160490 0.086711168 -1.659523487 -0.864570916 0.441867709 0.239311934 2.156279564
0.167904079 -0.286740452 0.943179846 -0.016224861 0.488973349 0.854994774 0.172884285 -1.656519771 -0.855986834 0.432161808 0.283765554 2.150431871
0.159684539 -0.387139380 0.908088148 -0.071777105 0.501305103 0.824254096 0.263245940 -1.653670073 -0.850408256 0.413192868 0.325695574 2.135238647
0.147559762 -0.468540758 0.871031523 -0.125539541 0.508264661 0.791412234 0.339608222 -1.647290349 -0.848465323 0.392601937 0.354923248 2.116891861
0.134309530 -0.527650237 0.838776529 -0.174579382 0.508250117 0.763312042 0.398793876 -1.640695333 -0.850671947 0.372746468 0.370698392 2.093032360
0.120888531 -0.570061624 0.812659800 -0.216935158 0.502272904 0.741259575 0.445259720 -1.634883285 -0.856217325 0.354350060 0.375936210 2.066280365
0.112938285 -0.595364690 0.795478344 -0.251854181 0.482228994 0.732831895 0.480013162 -1.623574615 -0.868734837 0.329390794 0.369866908 2.035784483
0.107447624 -0.612231612 0.783343792 -0.279980183 0.457385182 0.730015635 0.507814944 -1.608389020 -0.882753611 0.303726315 0.358464122 2.004125357
0.107358932 -0.616634846 0.779894769 -0.298183203 0.422018647 0.738517582 0.525825143 -1.592609048 -0.900208056 0.272678018 0.339517832 1.969726324
0.110274076 -0.608314574 0.785998106 -0.307048559 0.379767776 0.756603956 0.532284558 -1.574262977 -0.918485761 0.239799604 0.314452052 1.934526443
0.113833964 -0.586551905 0.801872134 -0.307153940 0.338517040 0.781720281 0.523755312 -1.556599736 -0.934049368 0.211826131 0.287544072 1.899745107
0.115273356 -0.545853198 0.829913616 -0.299893618 0.303613722 0.814861059 0.493781507 -1.539337277 -0.945796490 0.195053205 0.259660244 1.866114259
0.113963366 -0.496079743 0.860765576 -0.286128759 0.275785446 0.848155618 0.452298999 -1.521961212 -0.954439521 0.185841069 0.233470261 1.835581779
0.110529721 -0.436216831 0.893027484 -0.270656347 0.258639216 0.880199075 0.397938877 -1.506528378 -0.959629595 0.186987847 0.210110962 1.802114964
0.106303155 -0.368733317 0.923436761 -0.249451399 0.247382015 0.909305453 0.334612787 -1.489264727 -0.963068962 0.192871228 0.187880039 1.777423620
0.101781785 -0.289784282 0.951664746 -0.228867888 0.245235652 0.934418678 0.258304536 -1.471374035 -0.964105904 0.207091361 0.166172206 1.754077196
0.098132432 -0.213123038 0.972084701 -0.209005237 0.248400792 0.951126933 0.183452010 -1.452231884 -0.963673770 0.223464012 0.146276295 1.735031128
0.095681071 -0.141322598 0.985329032 -0.193090677 0.258372068 0.959469736 0.112524256 -1.432052493 -0.961295605 0.243815020 0.128316939 1.716056585
0.096043229 -0.086500540 0.991611660 -0.182728052 0.271608770 0.960688770 0.057496183 -1.408913970 -0.957603633 0.263808221 0.115761936 1.701277614
0.098621905 -0.051021546 0.993816257 -0.180152416 0.289971411 0.956818998 0.020346642 -1.386249900 -0.951940417 0.286171645 0.109158039 1.685274124
0.103491306 -0.040022671 0.993824959 -0.184623957 0.312979907 0.949742913 0.005655438 -1.362391949 -0.944104552 0.310461909 0.110816419 1.671962023
0.110345840 -0.053835630 0.992434263 -0.188321471 0.333705842 0.942572892 0.014027029 -1.329455972 -0.936196804 0.329633236 0.121974289 1.662422419
0.116421759 -0.095260382 0.988621116 -0.208334565 0.357886761 0.932545245 0.047711685 -1.304623842 -0.926478982 0.348259687 0.142660975 1.648473978
0.120208263 -0.148322165 0.981606066 -0.234724164 0.381541491 0.919736981 0.092249781 -1.280644059 -0.916502059 0.363434255 0.167151034 1.633572578
0.122825861 -0.207813233 0.970426500 -0.266276598 0.402874261 0.904076219 0.142613173 -1.256944776 -0.906976402 0.373443246 0.194766521 1.615663409
0.121412873 -0.271835148 0.954654276 -0.300393105 0.404403389 0.891874850 0.202526882 -1.232075214 -0.906486094 0.361476004 0.218216121 1.597246766
0.118681312 -0.340382427 0.932767153 -0.336576223 0.397616774 0.877088904 0.269473433 -1.206616163 -0.909843802 0.338902414 0.239435792 1.574954748
0.117056012 -0.398323685 0.909745097 -0.370634079 0.377196759 0.865230918 0.330300003 -1.181796312 -0.918705940 0.304489285 0.251526833 1.551478028
0.116585255 -0.443507731 0.888655663 -0.404007912 0.355103135 0.854225516 0.379737467 -1.158696771 -0.927528858 0.271292597 0.257081032 1.525532722
0.116294026 -0.479027063 0.870062530 -0.423918605 0.335127443 0.843558490 0.419641137 -1.132560611 -0.934968054 0.242780030 0.258635938 1.503430724
0.116102219 -0.502689719 0.856634974 -0.448208332 0.319464564 0.835537672 0.447011441 -1.114042997 -0.940458894 0.221765429 0.257599294 1.476891518
0.116003752 -0.522150576 0.844927251 -0.465137362 0.308102906 0.827625394 0.469157577 -1.097099543 -0.944254100 0.205900386 0.256883740 1.451979756
0.114720583 -0.538594246 0.834718823 -0.477531672 0.299709082 0.819877505 0.487827182 -1.081865549 -0.947108030 0.194208995 0.255478382 1.427258253
0.114947677 -0.548706055 0.828075469 -0.479939818 0.288201958 0.816167593 0.500809431 -1.067515850 -0.950645506 0.181085974 0.251954675 1.404127359
0.116099119 -0.554735780 0.823886812 -0.478502274 0.275971025 0.814850807 0.509762883 -1.055533290 -0.954128563 0.168185800 0.247694373 1.382885456
0.118326604 -0.552575409 0.825020790 -0.465667725 0.262548983 0.818699002 0.510685802 -1.045203686 -0.957636118 0.156180605 0.241952002 1.362828732
0.120840967 -0.531441569 0.838431656 -0.448720932 0.242292687 0.834865808 0.494260430 -1.038409948 -0.962648451 0.143418849 0.229650319 1.345953345
0.122933328 -0.492094815 0.861818016 -0.421728611 0.223663226 0.859801173 0.459038913 -1.034929872 -0.966882765 0.136325762 0.215761721 1.330412507
0.122326136 -0.446898222 0.886182010 -0.392614007 0.210577488 0.884245336 0.416854084 -1.034111023 -0.969893634 0.135617793 0.202273011 1.319379926
0.120422959 -0.398252457 0.909336805 -0.358497620 0.209883898 0.905510247 0.368781775 -1.037304521 -0.970281959 0.146445304 0.192631006 1.310228586
0.116995096 -0.361809075 0.924881876 -0.324429035 0.217957079 0.917927444 0.331517577 -1.040262818 -0.968920529 0.162798584 0.186251819 1.306175113
0.114361346 -0.342819005 0.932414472 -0.289022684 0.231861502 0.921861827 0.310501158 -1.044360757 -0.966003001 0.180681661 0.184911907 1.303741455
0.111769140 -0.335994720 0.935208857 -0.254382014 0.242865264 0.921802640 0.302152842 -1.047384739 -0.963599741 0.193358272 0.184630513 1.305481195
0.109787107 -0.334549993 0.935961187 -0.219298720 0.250783831 0.920511127 0.299610913 -1.051956654 -0.961797535 0.201830447 0.184959948 1.307321191
0.108409762 -0.336430877 0.935447276 -0.184141874 0.256953150 0.918499112 0.300556988 -1.056942225 -0.960324109 0.207782790 0.186021268 1.312697291
0.107073188 -0.338984907 0.934678912 -0.139383674 0.258805275 0.917178690 0.302990258 -1.062049389 -0.959976673 0.209457681 0.185936272 1.319309711
0.106426835 -0.336478382 0.935657799 -0.103887677 0.257840306 0.918152809 0.300855160 -1.069323301 -0.960308135 0.209231272 0.184473753 1.327351213
0.105975747 -0.337414175 0.935372174 -0.067692399 0.256079704 0.918201566 0.302206963 -1.076594949 -0.960829079 0.207503125 0.183712006 1.337382793
0.104768693 -0.335993797 0.936019123 -0.032176375 0.254542321 0.918907046 0.301360309 -1.085563898 -0.961369812 0.206683338 0.181797326 1.348791003
0.104213238 -0.336108506 0.936039865 0.005178213 0.253544867 0.919045687 0.301778078 -1.093984365 -0.961693585 0.205878809 0.180995345 1.362464428
0.103797495 -0.335353285 0.936357021 0.041247129 0.251571745 0.919681132 0.301493526 -1.103068829 -0.962256670 0.204266623 0.179825962 1.377813816
0.102916718 -0.330685139 0.938112736 0.079623222 0.250760496 0.921284735 0.297243267 -1.109766483 -0.962562919 0.204650313 0.177738369 1.395432472
0.102604806 -0.324219942 0.940400958 0.116217017 0.249222934 0.923616052 0.291240990 -1.116581917 -0.962995529 0.204486698 0.175570488 1.415537119
0.101919949 -0.315535456 0.943424582 0.154311061 0.249425918 0.926174641 0.282820135 -1.121531248 -0.963015676 0.206489474 0.173098385 1.435480356
0.101411104 -0.313295424 0.944225550 0.189716935 0.249736831 0.926743865 0.280672908 -1.128694654 -0.962988853 0.207344487 0.172223508 1.459640026
0.101425290 -0.313690364 0.944092870 0.225264430 0.250867128 0.926383376 0.280855060 -1.137777328 -0.962693453 0.208356023 0.172653317 1.484858513
0.100620508 -0.316595882 0.943208635 0.259745717 0.251155704 0.925399423 0.283825070 -1.150501490 -0.962702572 0.208333656 0.172629058 1.511241555
0.099918962 -0.318400413 0.942675710 0.295813680 0.251428694 0.924749553 0.285695434 -1.166626692 -0.962704539 0.208469301 0.172455013 1.537859917
0.099898517 -0.322080255 0.941426933 0.329382300 0.254359663 0.922987938 0.288780838 -1.187242746 -0.961936295 0.210612267 0.174129367 1.565823674
0.099166453 -0.331637055 0.938180745 0.364750147 0.268470675 0.916781306 0.295695007 -1.211328745 -0.958169997 0.222550914 0.179948747 1.593283176
0.098817647 -0.343595982 0.933904111 0.398172855 0.288818419 0.908002198 0.303506047 -1.238606453 -0.952270448 0.239736930 0.188963532 1.623080254
0.098043084 -0.364205569 0.926143646 0.434061050 0.315529436 0.893989086 0.318158358 -1.267624497 -0.943837285 0.261032313 0.202566981 1.652777553
0.096137762 -0.384864867 0.917952478 0.469075561 0.338729739 0.879830837 0.333406448 -1.295978546 -0.935959280 0.278884828 0.214950085 1.683322191
0.093953490 -0.401616335 0.910975933 0.506130934 0.360179543 0.866754770 0.344973713 -1.324208498 -0.928139806 0.295703381 0.226088643 1.712644339
