0.996860325 0.069860131 -0.037269913 -1.100672722 -0.015008885 -0.295447588 -0.955241323 -0.200950146 -0.077744566 0.952801585 -0.293471456 1.232980728
0.996987283 0.067395911 -0.038394302 -1.098987937 -0.017421089 -0.287782669 -0.957537353 -0.228973985 -0.075583309 0.955321491 -0.285741568 1.274016976
0.996898770 0.068644658 -0.038481273 -1.098036408 -0.017546488 -0.282793403 -0.959020376 -0.241020083 -0.076713875 0.956721425 -0.280711889 1.292311907
0.996527791 0.074555025 -0.037066780 -1.097959518 -0.015151214 -0.275375485 -0.961217344 -0.250920534 -0.081870869 0.958441436 -0.273289680 1.310558558
0.996071279 0.080688700 -0.036487225 -1.096620560 -0.015173111 -0.250428438 -0.968016386 -0.269892812 -0.087245405 0.964766979 -0.248220325 1.341314912
0.996080458 0.080636770 -0.036351737 -1.096915841 -0.018044557 -0.217084169 -0.975986123 -0.278446913 -0.086591750 0.972816706 -0.214778185 1.358350039
0.996105492 0.078326046 -0.040483411 -1.098835826 -0.024141336 -0.199317694 -0.979637682 -0.269486547 -0.084800184 0.976799786 -0.196650505 1.349541664
0.995840967 0.082753688 -0.038113020 -1.103293180 -0.020065214 -0.208848119 -0.977742255 -0.243888259 -0.088871606 0.974440515 -0.206319094 1.311875105
0.995214939 0.093768105 -0.027472347 -1.108473063 -0.005138915 -0.230543256 -0.973048568 -0.208101869 -0.097574472 0.968533635 -0.228958249 1.253954887
0.994278193 0.106457561 -0.008811913 -1.114874959 0.019162353 -0.258906007 -0.965712607 -0.166680455 -0.105088852 0.960018098 -0.259464622 1.187170506
0.993605196 0.112720668 -0.006537508 -1.122085929 0.026328351 -0.287604094 -0.957387507 -0.123929620 -0.109797567 0.951093137 -0.288732648 1.120971799
0.994002163 0.108890064 -0.010129053 -1.127458096 0.024628334 -0.313132763 -0.949390054 -0.088554859 -0.106550872 0.943446279 -0.313936353 1.064738274
0.995117664 0.098108664 -0.010747720 -1.131893516 0.023708917 -0.343337059 -0.938913047 -0.057547569 -0.095805585 0.934074104 -0.343986750 1.019331813
0.995124698 0.098157749 -0.009585947 -1.131160259 0.029173229 -0.385811210 -0.922116399 -0.024819732 -0.094211228 0.917341113 -0.386793852 0.982333302
0.993925035 0.109991342 -0.003856819 -1.126051784 0.037582308 -0.372128367 -0.927420139 -0.039945245 -0.103443414 0.921641231 -0.374001384 1.006377697
0.994717062 0.102053404 -0.011092532 -1.105757713 0.022907402 -0.326004148 -0.945090711 -0.143499136 -0.100065947 0.939843714 -0.326619625 1.151284099
0.995399415 0.095811203 0.000426996 -1.092442989 0.024512433 -0.250350595 -0.967844903 -0.239644289 -0.092623487 0.963402689 -0.251547456 1.301723123
0.995465040 0.094707936 -0.008932795 -1.096845508 0.012087580 -0.219072580 -0.975633860 -0.251216888 -0.094357178 0.971101403 -0.219223976 1.317461491
0.998786807 0.007451078 -0.048676476 -1.064967990 -0.045354493 -0.245824814 -0.968252778 -0.274959087 -0.019180402 0.969285846 -0.245188594 1.339963794
0.996860325 0.069860131 -0.037269913 -1.100672722 -0.015008885 -0.295447588 -0.955241323 -0.200950146 -0.077744566 0.952801585 -0.293471456 1.232980728
0.997470856 0.063496880 -0.031938374 -1.099974513 -0.010649227 -0.310767770 -0.950426340 -0.183951259 -0.070274517 0.948362708 -0.309305549 1.206940293
0.997629702 0.063307509 -0.026966400 -1.093055964 -0.002541300 -0.357723832 -0.933824122 -0.151230693 -0.068764597 0.931679189 -0.356715083 1.155356288
0.997179508 0.071703419 -0.022172228 -1.090718627 0.004821740 -0.356013656 -0.934468448 -0.160994411 -0.074898191 0.931725919 -0.355355263 1.167232752
0.996744752 0.074934199 -0.029744234 -1.086807966 -0.002596799 -0.338904619 -0.940817177 -0.210612893 -0.080579832 0.937831819 -0.337606788 1.243390679
0.996066630 0.080926485 -0.036085814 -1.083379149 -0.007750459 -0.326120973 -0.945296407 -0.243719101 -0.088267840 0.941857934 -0.324211001 1.297935367
0.996168137 0.079087466 -0.037339047 -1.079543591 -0.014488705 -0.271801591 -0.962244153 -0.322391391 -0.086250275 0.959097981 -0.269614100 1.419257522
0.996468782 0.075323626 -0.037097950 -1.074906588 -0.021008123 -0.204114199 -0.978721678 -0.375793815 -0.081293091 0.976044953 -0.201811075 1.509197474
0.995113432 0.069202252 -0.070429556 -1.034684300 -0.053890876 -0.217024207 -0.974677563 -0.352948546 -0.082734801 0.973710179 -0.212234378 1.660354376
0.996860325 0.069860131 -0.037269913 -1.100672722 -0.015008885 -0.295447588 -0.955241323 -0.200950146 -0.077744566 0.952801585 -0.293471456 1.232980728
0.996507525 0.078912526 -0.027304722 -1.102467895 -0.002195079 -0.302122712 -0.953266501 -0.164785743 -0.083474047 0.949997187 -0.300894260 1.180442691
0.996666312 0.080903724 -0.010530282 -1.108119369 0.018216781 -0.346487999 -0.937877536 -0.081267834 -0.079526395 0.934559107 -0.346806645 1.053536892
0.997184038 0.074261107 0.010456065 -1.113394737 0.040698893 -0.418776274 -0.907177091 0.000597119 -0.062989220 0.905048013 -0.420619369 0.948772609
0.997790813 0.065594718 0.010526204 -1.116907239 0.038408376 -0.440297961 -0.897030056 0.026601791 -0.054205768 0.895452678 -0.441844583 0.921888828
0.998353124 0.053717423 0.020137463 -1.119005322 0.041632701 -0.436912537 -0.898540020 0.027854562 -0.039468944 0.897898555 -0.438429475 0.919632554
0.996906281 0.066100352 0.042528071 -1.110187888 0.066185869 -0.414122224 -0.907811761 -0.031616449 -0.042394854 0.907817960 -0.417215943 0.980484128
0.995750904 0.079365529 0.046703581 -1.103906512 0.074812450 -0.401472092 -0.912810743 -0.071646690 -0.053695526 0.912426174 -0.405703783 1.020753860
0.996153235 0.086913913 0.011165064 -1.092918158 0.042030465 -0.362105489 -0.931189120 -0.128444433 -0.076890364 0.928076327 -0.364365578 1.107083440
0.996793091 0.079007395 -0.012702592 -1.091510773 0.014617689 -0.335844159 -0.941804290 -0.138274193 -0.078675583 0.938598275 -0.335922003 1.138849139
0.991038144 0.133378386 0.007324114 -1.107164145 0.042059567 -0.259533882 -0.964817882 -0.065928578 -0.126784980 0.956479311 -0.262817860 1.209858537
0.996860325 0.069860131 -0.037269913 -1.100672722 -0.015008885 -0.295447588 -0.955241323 -0.200950146 -0.077744566 0.952801585 -0.293471456 1.232980728
0.997438550 0.065070324 -0.029701833 -1.097345710 -0.014718065 -0.219651699 -0.975467443 -0.183315516 -0.069998026 0.973405957 -0.218131423 1.248001337
0.997070134 0.067655377 -0.035691384 -1.081695676 -0.021320922 -0.202299953 -0.979091585 -0.171033263 -0.073461175 0.976983964 -0.200264812 1.247294664
0.996798694 0.065458238 -0.045908015 -1.073245883 -0.030621406 -0.217848659 -0.975502074 -0.170837402 -0.073855639 0.973784983 -0.215146899 1.242312431
0.996107638 0.071473464 -0.051585462 -1.068269014 -0.033743285 -0.231451154 -0.972261310 -0.174157739 -0.081430376 0.970217586 -0.228138447 1.238859296
0.994949698 0.080837823 -0.059501007 -1.067055583 -0.038659230 -0.238440752 -0.970387340 -0.177420735 -0.092631459 0.967786789 -0.234111428 1.235183239
0.994135976 0.088096887 -0.062710688 -1.065625787 -0.040626407 -0.233162045 -0.971589029 -0.180803061 -0.100215703 0.968439281 -0.228215694 1.230809808
0.993616402 0.093030751 -0.063810155 -1.059786797 -0.041369855 -0.225744247 -0.973307788 -0.184682965 -0.104952335 0.969734371 -0.220454454 1.225870013
0.993933260 0.090860046 -0.061976604 -1.047735333 -0.040365614 -0.222824931 -0.974022388 -0.189815760 -0.102309652 0.970615029 -0.217805505 1.219774246
0.994562447 0.086940229 -0.057331905 -1.028765202 -0.037073772 -0.218876600 -0.975048065 -0.195615768 -0.097319499 0.971871734 -0.214463234 1.210873723
0.995395660 0.077642523 -0.056206249 -1.002281070 -0.038429044 -0.213933945 -0.976092041 -0.201074839 -0.087810658 0.973757684 -0.209965229 1.202182055
0.996252954 0.068803929 -0.052402489 -0.969936967 -0.036547855 -0.214220762 -0.976101279 -0.205029130 -0.078385301 0.974359035 -0.210903406 1.194230080
0.997301996 0.058331184 -0.044566337 -0.934617221 -0.030388756 -0.224580169 -0.973981798 -0.209682107 -0.066822223 0.972708285 -0.222201705 1.182567358
0.999096513 0.035944447 -0.022673678 -0.861848414 -0.013550634 -0.236236215 -0.971601129 -0.218827486 -0.040280011 0.971030593 -0.235535741 1.163473010
0.999684751 0.024175696 0.006779631 -0.801869571 0.011541513 -0.202657580 -0.979181767 -0.232233286 -0.022298455 0.978951335 -0.202872753 1.157434583
0.999790251 0.020255212 -0.003030697 -0.766896069 0.001300087 -0.210446477 -0.977604628 -0.243535757 -0.020439386 0.977395654 -0.210428715 1.157414556
0.999757290 0.021730090 -0.003630677 -0.805075943 0.001021398 -0.210335255 -0.977628767 -0.230873227 -0.022007620 0.977387726 -0.210306406 1.165494800
0.999313891 0.030604858 -0.020858474 -0.866943538 -0.014193307 -0.203734994 -0.978923321 -0.218803167 -0.034209404 0.978547692 -0.203160763 1.182183146
0.992184281 0.075275861 -0.099518061 -0.879145086 -0.080126725 -0.227034926 -0.970584869 -0.193644404 -0.095655680 0.970973134 -0.219228864 1.230767131
0.996860325 0.069860131 -0.037269913 -1.100672722 -0.015008885 -0.295447588 -0.955241323 -0.200950146 -0.077744566 0.952801585 -0.293471456 1.232980728
0.998072803 0.061011985 -0.011324359 -1.084740996 0.008471079 -0.314743876 -0.949138939 -0.213631153 -0.061473116 0.947213829 -0.314654112 1.227245331
0.998019695 0.055143334 0.030263161 -1.069294572 0.049515523 -0.392014027 -0.918625951 -0.230269074 -0.038792513 0.918305278 -0.393968105 1.213515282
0.997547150 0.032661054 0.061910715 -1.057658911 0.069881558 -0.413751364 -0.907703876 -0.239677310 -0.004030924 0.909803867 -0.415018797 1.195739150
0.996587455 0.013512455 0.081430160 -1.047142982 0.080000862 -0.401090860 -0.912538290 -0.249442697 0.020330252 0.915938735 -0.400803089 1.180697918
0.995291293 -0.001922969 0.096909940 -1.035740733 0.088689879 -0.385311484 -0.918514788 -0.262598991 0.039106775 0.922784746 -0.383326650 1.162060022
0.994962692 -0.007508334 0.099964291 -1.027207971 0.090158299 -0.368934035 -0.925072491 -0.276325941 0.043825984 0.929425180 -0.366398692 1.140934706
0.998004913 -0.003474653 0.063040793 -1.036136389 0.057533704 -0.361158609 -0.930727839 -0.307527661 0.026001684 0.932497859 -0.360238075 1.090904832
0.999317408 0.017317360 0.032632254 -1.055560827 0.036755309 -0.377237797 -0.925386906 -0.323268890 -0.003715140 0.925954580 -0.377616882 1.065058470
0.996560872 0.068643555 -0.046417035 -1.115752935 -0.016278068 -0.387072563 -0.921905518 -0.340152502 -0.081249632 0.919490576 -0.384624004 1.035287380
0.990635455 0.089692436 -0.102939941 -1.163304448 -0.061621524 -0.379083037 -0.923308730 -0.347221851 -0.121836580 0.921005726 -0.370006084 1.033828378
0.971159160 0.171565741 -0.165575042 -1.238334298 -0.090447314 -0.377442241 -0.921605527 -0.344816685 -0.220610932 0.910001457 -0.351038814 1.065315962
0.996860325 0.069860131 -0.037269913 -1.100672722 -0.015008885 -0.295447588 -0.955241323 -0.200950146 -0.077744566 0.952801585 -0.293471456 1.232980728
0.996795058 0.072805613 -0.033150852 -1.144651890 -0.011081910 -0.284732342 -0.958542943 -0.168637395 -0.079226434 0.955838203 -0.283012986 1.292945862
0.999509692 0.026543180 0.016606959 -1.142910242 0.022934357 -0.259573698 -0.965451002 -0.124570966 -0.021315409 0.965358496 -0.260055184 1.373907804
0.998697281 -0.018354623 -0.047611222 -1.108989000 -0.050706647 -0.252649307 -0.966228426 -0.105840683 0.005705822 0.967383921 -0.253250837 1.444441795
0.996860325 0.069860131 -0.037269913 -1.100672722 -0.015008885 -0.295447588 -0.955241323 -0.200950146 -0.077744566 0.952801585 -0.293471456 1.232980728
0.997750223 0.027206963 0.061272264 -0.994795918 0.066596858 -0.297189236 -0.952493370 -0.226509571 -0.007704996 0.954430997 -0.298332572 1.183160663
0.984150231 -0.033403188 0.174162582 -0.894488513 0.151411727 -0.352994680 -0.923292816 -0.240155101 0.092319354 0.935029089 -0.342342138 1.164557695
0.996860325 0.069860131 -0.037269913 -1.100672722 -0.015008885 -0.295447588 -0.955241323 -0.200950146 -0.077744566 0.952801585 -0.293471456 1.232980728
0.994051039 0.084092207 -0.069217421 -1.130328774 -0.040629350 -0.303339243 -0.952016115 -0.223844290 -0.101053484 0.949164867 -0.298118114 1.209378958
0.988564551 0.101802588 -0.111248866 -1.160391808 -0.074096680 -0.314610481 -0.946324468 -0.244164824 -0.131338343 0.943745971 -0.303469539 1.187958956
0.996860325 0.069860131 -0.037269913 -1.100672722 -0.015008885 -0.295447588 -0.955241323 -0.200950146 -0.077744566 0.952801585 -0.293471456 1.232980728
0.990786374 0.091545962 -0.099808186 -1.162120104 -0.070014365 -0.284616232 -0.956081390 -0.193415403 -0.115932420 0.954260468 -0.275584340 1.254765034
0.981638193 0.119475558 -0.148701355 -1.213267088 -0.111725390 -0.271727443 -0.955866873 -0.163764715 -0.154608980 0.954929173 -0.253389597 1.307034492
0.996860325 0.069860131 -0.037269913 -1.100672722 -0.015008885 -0.295447588 -0.955241323 -0.200950146 -0.077744566 0.952801585 -0.293471456 1.232980728
0.998517215 0.049049988 0.023610517 -1.044385314 0.037125714 -0.296393752 -0.954343975 -0.186973691 -0.039812557 0.953805506 -0.297775269 1.255687237
0.995709598 0.027409185 0.088380687 -0.982823431 0.092533216 -0.296181083 -0.950638950 -0.172142982 0.000120454 0.954738438 -0.297446609 1.283966780
0.996860325 0.069860131 -0.037269913 -1.100672722 -0.015008885 -0.295447588 -0.955241323 -0.200950146 -0.077744566 0.952801585 -0.293471456 1.232980728
0.996007204 0.080311522 -0.038983271 -1.129139900 -0.013131626 -0.300124168 -0.953809679 -0.174311042 -0.088301733 0.950513184 -0.297871113 1.257405400
0.994849205 0.091374367 -0.043883622 -1.158715487 -0.014437377 -0.300781369 -0.953583896 -0.160855293 -0.100332499 0.949305713 -0.297912955 1.272416949
0.991987944 0.125100255 -0.017601736 -1.195911646 0.017935324 -0.277375698 -0.960594296 -0.146911263 -0.125052869 0.952582240 -0.277397156 1.240141511
0.996860325 0.069860131 -0.037269913 -1.100672722 -0.015008885 -0.295447588 -0.955241323 -0.200950146 -0.077744566 0.952801585 -0.293471456 1.232980728
0.987098157 0.094199628 -0.129474416 -1.131974816 -0.091870829 -0.329067230 -0.939826906 -0.231830359 -0.131137118 0.939596355 -0.316167474 1.190249562
0.981248736 0.105045155 -0.161605880 -1.155812740 -0.116206229 -0.346508026 -0.930821359 -0.229096532 -0.153776005 0.932146847 -0.327803731 1.198463321
0.976255178 0.121948287 -0.179037631 -1.174998283 -0.125242397 -0.356611013 -0.925820112 -0.214306712 -0.176748961 0.926259756 -0.332870245 1.222385883
0.972382486 0.141850337 -0.185339645 -1.192965746 -0.128901228 -0.335610867 -0.933139861 -0.171181917 -0.194568172 0.931259334 -0.308057427 1.296552777
0.973760009 0.145731971 -0.174796000 -1.190274954 -0.124439977 -0.302113891 -0.945114911 -0.153492451 -0.190541700 0.942066729 -0.276051521 1.336163044
0.977627754 0.156871855 -0.140125498 -1.169937491 -0.095911771 -0.260434270 -0.960716009 -0.153716207 -0.187202737 0.952662349 -0.239561915 1.390743136
0.982254207 0.168044910 -0.083291851 -1.157249689 -0.041906372 -0.236225843 -0.970794201 -0.141694784 -0.182812691 0.957057118 -0.224991679 1.425517201
0.990549505 0.087073751 -0.105970703 0.030455256 -0.068822227 0.983870029 0.165115759 -0.542796552 0.118638642 -0.156262204 0.980564654 0.921089709
0.989799321 0.077905007 -0.119281828 0.034547161 -0.065057181 0.992013693 0.108057439 -0.537123740 0.126747414 -0.099195033 0.986962736 0.938408494
0.991503298 0.061511945 -0.114618689 0.039007105 -0.059871409 0.998049080 0.017704247 -0.528303683 0.115484104 -0.010691436 0.993251801 0.968642116
0.993244767 0.061629847 -0.098318733 0.041017141 -0.060402565 0.998055100 0.015413615 -0.521364093 0.099077456 -0.009370788 0.995035589 0.980087340
0.994810820 0.057066314 -0.084231213 0.042408891 -0.054969266 0.998122633 0.027010858 -0.514897645 0.085614488 -0.022240564 0.996080101 0.987611055
0.995254576 0.055983663 -0.079587646 0.044760723 -0.053806312 0.998122990 0.029245837 -0.508022547 0.081075557 -0.024824737 0.996398747 0.991715431
0.995148242 0.048275772 -0.085729137 0.048058409 -0.050337669 0.998488724 -0.022053517 -0.507552028 0.084534928 0.026261922 0.996074378 0.990160644
0.995754600 0.038139734 -0.083774224 0.050186910 -0.040015373 0.998982012 -0.020824838 -0.506105006 0.082894698 0.024088684 0.996267140 0.991210401
0.995793998 0.033514153 -0.085270897 0.050931938 -0.035941016 0.998986781 -0.027086020 -0.506189525 0.084276736 0.030036818 0.995989561 0.992049277
0.995766163 0.033843841 -0.085465126 0.050988358 -0.036324117 0.998957932 -0.027634108 -0.506003320 0.084440820 0.030621557 0.995957851 0.991774619
0.995718300 0.032045823 -0.086707145 0.050607268 -0.034623314 0.998997211 -0.028387303 -0.505945683 0.085710496 0.031267844 0.995829344 0.990352869
0.995681405 0.031138849 -0.087458141 0.050590020 -0.033759166 0.999019444 -0.028642941 -0.506008267 0.086480476 0.031471759 0.995756328 0.990300477
0.995698214 0.030770244 -0.087397374 0.050583206 -0.033428255 0.999017000 -0.029113673 -0.505945683 0.086415626 0.031909972 0.995747983 0.990391791
0.995733798 0.029813545 -0.087323152 0.050467987 -0.032454196 0.999053061 -0.028977737 -0.506145835 0.086376525 0.031688116 0.995758474 0.990110397
0.995736003 0.030749105 -0.086972974 0.050415576 -0.033353522 0.999032855 -0.028651847 -0.506067216 0.086007841 0.031430531 0.995798588 0.990288615
0.995732605 0.031295385 -0.086817198 0.050426848 -0.033905853 0.999011159 -0.028758356 -0.506038487 0.085831352 0.031579245 0.995809078 0.990399122
0.995738447 0.030422302 -0.087059855 0.050629996 -0.033029787 0.999043107 -0.028668042 -0.506134629 0.086104408 0.031421442 0.995790482 0.990210295
0.995727956 0.031150950 -0.086922288 0.050705709 -0.033771902 0.999013186 -0.028846666 -0.506069362 0.085937917 0.031658962 0.995797336 0.990614235
0.995744407 0.030460225 -0.086978652 0.050550785 -0.033055343 0.999045551 -0.028553195 -0.506199181 0.086025901 0.031306792 0.995800912 0.990052700
0.995755732 0.030699290 -0.086764649 0.050521411 -0.033287250 0.999038279 -0.028539335 -0.506271422 0.085805073 0.031306364 0.995819986 0.989958823
0.995754957 0.029756993 -0.087101229 0.050477725 -0.032351617 0.999069273 -0.028529856 -0.506308734 0.086171202 0.031226613 0.995790839 0.990012109
0.995764792 0.030116532 -0.086864650 0.050528351 -0.032709446 0.999056101 -0.028582497 -0.506263554 0.085921854 0.031302739 0.995810032 0.990311027
0.995755136 0.029819133 -0.087077640 0.050469663 -0.032433372 0.999059975 -0.028762806 -0.505954862 0.086138107 0.031464934 0.995786190 0.990144491
0.995758533 0.029758891 -0.087059639 0.050651565 -0.032372408 0.999061882 -0.028763354 -0.505967736 0.086121999 0.031459685 0.995787799 0.990398526
0.995748997 0.029600032 -0.087222598 0.050882820 -0.032202370 0.999072671 -0.028580841 -0.506092250 0.086295716 0.031268116 0.995778739 0.991007090
0.995729148 0.029022999 -0.087642267 0.050830234 -0.031598300 0.999104440 -0.028140996 -0.506343424 0.086747035 0.030790158 0.995754421 0.990726709
0.995752096 0.030010561 -0.087046549 0.050591677 -0.032610282 0.999058902 -0.028598936 -0.506255686 0.086106360 0.031316064 0.995793641 0.990206540
0.995760143 0.030172577 -0.086898401 0.050586939 -0.032779705 0.999049485 -0.028732689 -0.506280303 0.085948870 0.031459369 0.995802760 0.990152121
0.995765150 0.030008342 -0.086898126 0.050515164 -0.032620821 0.999052763 -0.028801091 -0.506276011 0.085951544 0.031513810 0.995800793 0.990131021
0.995767593 0.030245837 -0.086787559 0.050568603 -0.032861840 0.999042749 -0.028873611 -0.505913973 0.085831173 0.031603407 0.995808303 0.990357995
0.995771408 0.030262964 -0.086737849 0.050484180 -0.032874756 0.999043226 -0.028842457 -0.506168008 0.085781999 0.031571977 0.995813549 0.990124822
0.995771289 0.030209221 -0.086757854 0.050405469 -0.032815360 0.999047220 -0.028771501 -0.506095827 0.085806027 0.031496827 0.995813847 0.990005851
0.995766997 0.030239683 -0.086796746 0.050394859 -0.032851610 0.999044538 -0.028823193 -0.506063581 0.085842207 0.031552598 0.995809019 0.990120530
0.995767653 0.030191401 -0.086805813 0.050439112 -0.032813169 0.999042571 -0.028935818 -0.505992472 0.085849084 0.031661727 0.995804906 0.990187585
0.995771468 0.030225752 -0.086750299 0.050404411 -0.032836564 0.999044895 -0.028827921 -0.505972385 0.085796103 0.031554602 0.995812893 0.990172684
0.995768368 0.030242141 -0.086780012 0.050448187 -0.032851484 0.999045253 -0.028799267 -0.505977273 0.085826203 0.031528253 0.995811164 0.990303218
0.995775163 0.030271437 -0.086691648 0.050459899 -0.032886114 0.999041378 -0.028892724 -0.505757153 0.085733920 0.031621609 0.995816112 0.990318716
0.995769858 0.030223012 -0.086769402 0.050477926 -0.032823265 0.999049067 -0.028698452 -0.506061375 0.085819542 0.031425107 0.995814979 0.990156174
0.995765686 0.030031396 -0.086884253 0.050466292 -0.032646388 0.999050915 -0.028834436 -0.506016374 0.085935853 0.031548798 0.995801032 0.990218043
0.995770633 0.029902343 -0.086871736 0.050422348 -0.032524757 0.999052167 -0.028929988 -0.506089866 0.085924320 0.031633113 0.995799363 0.990188122
0.995765209 0.030199096 -0.086831301 0.050553571 -0.032826982 0.999040306 -0.028997075 -0.505929232 0.085872293 0.031724688 0.995800912 0.990265369
0.995769501 0.030029789 -0.086840741 0.050546642 -0.032656811 0.999046087 -0.028990027 -0.505963445 0.085887335 0.031703327 0.995800316 0.990217030
0.995772541 0.029956602 -0.086831413 0.050456002 -0.032581724 0.999049008 -0.028974224 -0.506002903 0.085880868 0.031680852 0.995801568 0.990174532
0.995764315 0.029991414 -0.086913645 0.050475512 -0.032610599 0.999050975 -0.028873695 -0.506022990 0.085965201 0.031585701 0.995797336 0.990223646
0.995770395 0.030019278 -0.086834446 0.050471425 -0.032643225 0.999047518 -0.028957097 -0.506221414 0.085882470 0.031669177 0.995801806 0.990247250
0.995777726 0.030252350 -0.086669102 0.050772671 -0.032884989 0.999035120 -0.029110475 -0.505776703 0.085704818 0.031837672 0.995811760 0.990773201
1.000000000 0.000000000 0.000000000 0.000000000 0.000000000 1.000000000 0.000000000 -0.000000224 0.000000000 0.000000000 1.000000000 0.000000477
0.999993980 0.000815457 0.003372796 0.001945532 -0.000840100 0.999972939 0.007311209 0.000504012 -0.003366743 -0.007313998 0.999967575 -0.002171534
0.999951363 -0.001218529 0.009787828 0.006815436 0.000959692 0.999650836 0.026406100 0.001997342 -0.009816587 -0.026395423 0.999603391 -0.006936198
0.999863029 0.002540608 0.016354581 0.012601398 -0.003109304 0.999387980 0.034841914 0.002415750 -0.016256051 -0.034887996 0.999258995 -0.012146042
0.999624908 0.015463955 0.022603288 0.022390731 -0.016159436 0.999391317 0.030917272 0.005678322 -0.022111427 -0.031270932 0.999266326 -0.018867511
0.998952627 0.035363775 0.029036306 0.034029324 -0.036324207 0.998786986 0.033243980 0.009564022 -0.027825452 -0.034263883 0.999025404 -0.031167584
0.997326136 0.062706396 0.037529197 0.049755324 -0.064691260 0.996429920 0.054244582 0.010386773 -0.033993732 -0.056527350 0.997822165 -0.043823458
0.995064378 0.087575369 0.046663046 0.060799424 -0.091112725 0.992620528 0.080018781 0.002978710 -0.039311022 -0.083875440 0.995700538 -0.064330794
0.994485795 0.092928670 0.048603408 0.067092910 -0.097552396 0.989833832 0.103501581 -0.013932270 -0.038491033 -0.107672222 0.993441045 -0.088857733
0.996220589 0.076605096 0.040940795 0.069793329 -0.080538675 0.991192341 0.105125017 -0.039669599 -0.032527093 -0.108025022 0.993615925 -0.103514954
0.997085929 0.067612171 0.035329986 0.069280930 -0.070588157 0.993329823 0.091176778 -0.065086178 -0.028929669 -0.093404964 0.995207787 -0.114622556
0.997630894 0.062752716 0.028189659 0.071015663 -0.065225787 0.993081093 0.097650282 -0.065123856 -0.021866798 -0.099257626 0.994821489 -0.115688764
0.997431815 0.066412970 0.026816312 0.070668280 -0.068783224 0.992592275 0.100147143 -0.060231749 -0.019966595 -0.101734459 0.994611204 -0.108579211
0.997356057 0.068391047 0.024566408 0.067115322 -0.070363112 0.993339598 0.091244206 -0.072228402 -0.018162500 -0.092731535 0.995525479 -0.100990646
0.997895122 0.062755585 0.016343273 0.057238124 -0.063508123 0.996701121 0.050533377 -0.148382694 -0.013118108 -0.051464938 0.998588622 -0.085661091
0.998192966 0.058584820 0.013363360 0.050781779 -0.059079085 0.997443259 0.040206488 -0.200307861 -0.010973704 -0.040923331 0.999102056 -0.081153370
0.999151886 0.040830877 0.005319052 0.043625720 -0.040995937 0.998514056 0.035902105 -0.250776500 -0.003845234 -0.036089718 0.999341130 -0.078165442
0.999708116 0.024124157 -0.001303800 0.035810418 -0.024067506 0.999157369 0.033246920 -0.293277115 0.002104755 -0.033205837 0.999446332 -0.081584051
0.999775231 0.020843253 -0.003878567 0.036113825 -0.020714823 0.999315917 0.030637108 -0.341670126 0.004514491 -0.030549876 0.999523044 -0.073271312
0.999416649 0.034134965 -0.001062630 0.041769426 -0.034103382 0.999176383 0.021988405 -0.350442767 0.001812328 -0.021939339 0.999757648 -0.069634601
0.998254240 0.059062541 -0.000271656 0.059597548 -0.059061185 0.998247921 0.003594603 -0.353044629 0.000483487 -0.003572283 0.999993503 -0.064387523
0.997835159 0.065656342 -0.003776703 0.084153309 -0.065451585 0.997041523 0.040302303 -0.327702999 0.006411632 -0.039967861 0.999180377 -0.074324965
0.997734547 0.067226559 -0.002534711 0.093825042 -0.066971391 0.996108115 0.057301771 -0.313051403 0.006377046 -0.057002198 0.998353660 -0.079981484
0.997675776 0.068044513 -0.003611537 0.106962465 -0.067711413 0.995940030 0.059317768 -0.306768864 0.007633123 -0.058935359 0.998232603 -0.092623770
0.998461306 0.055287249 -0.004284893 0.127935350 -0.055068977 0.997659981 0.040521804 -0.359758675 0.006515205 -0.040223490 0.999169469 -0.129274771
0.998708010 0.042861301 0.027297799 0.151569054 -0.044438150 0.997205794 0.060048651 -0.369296104 -0.024647761 -0.061184134 0.997822106 -0.149729937
0.996581793 0.030713344 0.076690383 0.176531762 -0.038518630 0.993990421 0.102466501 -0.343030661 -0.073082410 -0.105070256 0.991775811 -0.155639991
0.993744850 0.004002534 0.111602575 0.222642034 -0.008077201 0.999316156 0.036082320 -0.398073375 -0.111381844 -0.036758058 0.993097663 -0.134746701
0.994270921 -0.011189927 0.106301770 0.256052822 0.007771744 0.999441028 0.032515474 -0.447806180 -0.106606200 -0.031503044 0.993802130 -0.129343748
0.994597435 -0.011834114 0.103130542 0.296067804 0.008204904 0.999334455 0.035543885 -0.473634601 -0.103482537 -0.034505684 0.994032562 -0.124578416
0.992950618 -0.003327820 0.118482128 0.322836459 -0.002334397 0.998862863 0.047618799 -0.475647211 -0.118505865 -0.047559701 0.991813719 -0.121900223
0.990649104 -0.000607212 0.136432961 0.349672526 -0.008335167 0.997852862 0.064963289 -0.475849450 -0.136179462 -0.065493010 0.988516986 -0.118136816
0.988832593 -0.001982829 0.149017215 0.377910256 -0.009772696 0.996896565 0.078113362 -0.484104753 -0.148709625 -0.078697339 0.985744476 -0.119793013
0.983660221 -0.010689430 0.179717302 0.435524851 -0.003951128 0.996713579 0.080909677 -0.515015960 -0.179991573 -0.080297716 0.980385303 -0.130957246
0.980008185 -0.019787909 0.197970718 0.465530932 0.005385168 0.997315407 0.073027365 -0.526368380 -0.198884308 -0.070501305 0.977483809 -0.128874242
0.977269888 -0.033799037 0.209287480 0.496181458 0.021107357 0.997816622 0.062582135 -0.534850717 -0.210945740 -0.056742132 0.975849509 -0.122119769
0.964609742 -0.067884035 0.254793674 0.565721214 0.054093964 0.996685982 0.060753074 -0.531769633 -0.258073419 -0.044820208 0.965085089 -0.104121901
0.953563333 -0.080173202 0.290326178 0.605518937 0.058491897 0.994863451 0.082616255 -0.518355370 -0.295458496 -0.061798107 0.953354776 -0.090633228
0.938992023 -0.093099602 0.331098944 0.649971008 0.063088022 0.992956460 0.100286365 -0.500453115 -0.338103443 -0.073279724 0.938251615 -0.069845580
0.922501862 -0.108568944 0.370409399 0.697786033 0.071886010 0.991162896 0.111483485 -0.481532812 -0.379239708 -0.076216474 0.922154188 -0.043096449
0.908570588 -0.118196495 0.400660813 0.742381692 0.078022845 0.990272999 0.115203515 -0.467250168 -0.410380244 -0.073409826 0.908954918 -0.018804710
0.898368776 -0.119777285 0.422595471 0.789004683 0.083081447 0.991071284 0.104284242 -0.463032097 -0.431313127 -0.058575869 0.900298774 0.005476322
0.890747845 -0.113268957 0.440157324 0.838601112 0.087813467 0.993090153 0.077850878 -0.469341189 -0.445933968 -0.030693758 0.894539416 0.033502057
0.886079788 -0.108001374 0.450775206 0.888901055 0.091017015 0.994084418 0.059262678 -0.483006299 -0.454509079 -0.011483252 0.890668094 0.061232183
0.884222925 -0.109133720 0.454136193 0.938077509 0.090160131 0.993913472 0.063302189 -0.499930024 -0.458280504 -0.015028263 0.888680577 0.092953786
0.884468973 -0.107416488 0.454066426 0.987407386 0.083886735 0.993891060 0.071718752 -0.524911821 -0.458996326 -0.025342861 0.888076603 0.117943890
0.885967314 -0.097936451 0.453288466 1.034100056 0.071622521 0.994615197 0.074905671 -0.554015160 -0.458183557 -0.033898316 0.888210952 0.144666836
0.892383158 -0.095101692 0.441143960 1.139592648 0.067140304 0.994642138 0.078607619 -0.609492481 -0.446256071 -0.040529579 0.893987060 0.227187663
0.895067215 -0.100410633 0.434479505 1.185086250 0.073612191 0.994222343 0.078122541 -0.624996901 -0.439813584 -0.037941933 0.897287250 0.255198509
0.896142185 -0.102849916 0.431683987 1.207756877 0.076697603 0.994029105 0.077612005 -0.630793631 -0.437088817 -0.036442265 0.898679793 0.271613479
0.897886515 -0.102667049 0.428088009 1.280972838 0.079470038 0.994250655 0.071764939 -0.684626281 -0.432994664 -0.030416600 0.900883138 0.273619533
0.898830295 -0.100058243 0.426722825 1.327998161 0.080165327 0.994700253 0.064381205 -0.702942371 -0.430903196 -0.023659401 0.902087927 0.290586829
0.900225282 -0.097531848 0.424360752 1.421886444 0.079156183 0.995008469 0.060765799 -0.731032431 -0.428169131 -0.021112133 0.903451979 0.323443204
0.902337909 -0.095037386 0.420421481 1.458447576 0.074354261 0.995087802 0.065357916 -0.711166024 -0.424567759 -0.027714796 0.904971898 0.352643102
0.903214455 -0.090135165 0.419618070 1.501249552 0.069028713 0.995478570 0.065249562 -0.707873166 -0.423602045 -0.029968658 0.905352533 0.373572975
0.904481351 -0.087825507 0.417372882 1.543027282 0.065658003 0.995576322 0.067207396 -0.706816852 -0.421429098 -0.033383958 0.906246662 0.394146234
0.905550838 -0.085732505 0.415484875 1.582858443 0.063425720 0.995719910 0.067223497 -0.711900711 -0.419469804 -0.034521870 0.907112658 0.411331624
0.905919254 -0.082691513 0.415297925 1.622389913 0.058828644 0.995814145 0.069953091 -0.723890245 -0.419344068 -0.038940441 0.906991839 0.431003183
0.905704081 -0.076550484 0.416941434 1.687726498 0.054524973 0.996426880 0.064501792 -0.740536213 -0.420389324 -0.035685815 0.906641781 0.491459370
0.904220939 -0.068549581 0.421527565 1.721282005 0.046730161 0.996988356 0.061890956 -0.750253499 -0.424500704 -0.036265049 0.904701054 0.516149938
0.903823316 -0.070237592 0.422101974 1.737018347 0.049193542 0.996951759 0.060556971 -0.755025983 -0.425068676 -0.033968113 0.904523492 0.531361103
0.903546751 -0.072227962 0.422358215 1.750191092 0.051022731 0.996813595 0.061313815 -0.746411204 -0.425440967 -0.033850037 0.904352903 0.615678310
0.904619694 -0.092655867 0.416026592 1.803014159 0.066727787 0.994836450 0.076471470 -0.730065405 -0.420963943 -0.041417070 0.906131327 0.730508685
0.911026299 -0.115447760 0.395857126 1.826148391 0.083472967 0.991764784 0.097133413 -0.715898514 -0.403811008 -0.055447727 0.913160563 0.794054747
0.922225535 -0.122821234 0.366626501 1.851104856 0.089230858 0.990217447 0.107271984 -0.703650892 -0.376215219 -0.066214561 0.924163282 0.858463407
0.937472165 -0.109630853 0.330343723 1.878288507 0.079157948 0.991383374 0.104369581 -0.696303129 -0.338939428 -0.071694255 0.938072503 0.920800030
0.953015208 -0.072435342 0.294134527 1.907165647 0.049298637 0.995131850 0.085336328 -0.697234511 -0.298884004 -0.066826388 0.951946735 0.980354667
0.963841975 -0.039846186 0.263478607 1.935956001 0.021513805 0.997165203 0.072101966 -0.705256999 -0.265604705 -0.063826472 0.961966932 1.035467625
0.971051753 -0.020462420 0.237991154 1.965702772 0.004572597 0.997733891 0.067127794 -0.721636832 -0.238825440 -0.064096332 0.968944848 1.082500935
0.975588977 -0.010533924 0.219351649 1.993759751 -0.004010988 0.997827530 0.065757960 -0.729500294 -0.219567806 -0.065032557 0.973427296 1.136217952
0.979698718 -0.016791822 0.199771002 2.030890942 0.002009043 0.997258246 0.073972337 -0.741232514 -0.200465426 -0.072069250 0.977046371 1.195860744
0.980261981 -0.021466890 0.196534097 2.043802977 0.006161632 0.996921897 0.078158446 -0.742354453 -0.197606981 -0.075404786 0.977376878 1.220477700
0.979547977 -0.027003054 0.199390471 2.037112474 0.011177336 0.996726274 0.080073602 -0.738934398 -0.200899959 -0.076207288 0.976643085 1.239480257
0.979004920 -0.032939501 0.201157674 2.064555645 0.015463145 0.996014535 0.087840207 -0.736394823 -0.203249380 -0.082885467 0.975612462 1.296369314
0.976497352 -0.039821718 0.211818606 2.123631239 0.021374531 0.995831013 0.088677451 -0.750770390 -0.214466840 -0.082065776 0.973277569 1.415307641
0.975632191 -0.050958313 0.213413060 2.164092541 0.033445962 0.995829523 0.084881604 -0.698042512 -0.216848463 -0.075675413 0.973267674 1.466795206
0.974169672 -0.070773989 0.214440063 2.227868319 0.056660812 0.995846570 0.071268365 -0.774242342 -0.218593344 -0.057277128 0.974133611 1.581828237
0.974530101 -0.063189387 0.215170160 2.268056393 0.047746640 0.995946288 0.076231308 -0.795376837 -0.219114944 -0.064016052 0.973596752 1.639982343
0.974867642 -0.046391327 0.217901126 2.311696291 0.032011811 0.997098386 0.069065459 -0.825938284 -0.220472887 -0.060354274 0.973524034 1.699523568
0.975184560 -0.030732691 0.219249934 2.356858253 0.020102952 0.998519182 0.050550058 -0.857408285 -0.220478803 -0.044888064 0.974358320 1.760501027
0.976641893 -0.012568107 0.214505628 2.447130203 0.006163002 0.999515712 0.030502573 -0.899033546 -0.214785114 -0.028468091 0.976246357 1.885370135
0.979438901 -0.002079862 0.201730251 2.488623381 -0.003755247 0.999585629 0.028538287 -0.918152571 -0.201706022 -0.028709054 0.979025245 1.953479409
0.982294500 0.002325004 0.187328979 2.527310848 -0.009339519 0.999287426 0.036571011 -0.933946609 -0.187110469 -0.037673064 0.981616199 2.014148235
0.986592054 0.010847164 0.162844762 2.599798679 -0.019195197 0.998575807 0.049778178 -0.980094016 -0.162072882 -0.052236594 0.985395193 2.125680447
0.987779021 0.015773695 0.155060723 2.631655931 -0.024741493 0.998119950 0.056075383 -1.007433534 -0.153884694 -0.059226517 0.986312211 2.184651613
0.988776863 0.016008535 0.148539886 2.663797855 -0.025365354 0.997796237 0.061312944 -1.028952003 -0.147230998 -0.064392582 0.987003863 2.244958401
0.989975572 0.008671690 0.140972376 2.693613291 -0.018179918 0.997634113 0.066300221 -1.045886755 -0.140063912 -0.068198465 0.987791002 2.309129000
0.991327584 -0.011066087 0.130947411 2.756181002 0.001528300 0.997351646 0.072714187 -1.082786202 -0.131405264 -0.071883447 0.988719106 2.437574625
0.991417646 -0.014828549 0.129889145 2.787280083 0.005541957 0.997420311 0.071567975 -1.109635949 -0.130615309 -0.070233919 0.988942266 2.502364874
0.991236150 -0.028320216 0.129030511 2.858279228 0.021716636 0.998395205 0.052301221 -1.183198690 -0.130304620 -0.049040750 0.990260422 2.629382133
0.991046906 -0.042877842 0.126441613 2.896329880 0.036800127 0.998070061 0.050018627 -1.230789423 -0.128342286 -0.044917736 0.990712166 2.692433834
0.990903497 -0.045394544 0.126687169 2.917273521 0.038402382 0.997629583 0.057100412 -1.254666805 -0.128978908 -0.051715907 0.990297914 2.723331213
0.990771770 -0.042745009 0.128624246 2.939200878 0.034200177 0.997104168 0.067923903 -1.279213309 -0.131155178 -0.062898114 0.989364505 2.754909754
0.990333617 -0.026526360 0.136145651 2.986889124 0.015501490 0.996560216 0.081408918 -1.323641419 -0.137836814 -0.078511536 0.987338305 2.818008900
0.989165843 0.005893991 0.146684006 3.087644577 -0.012539216 0.998934269 0.044419665 -1.427641988 -0.146265879 -0.045777719 0.988185585 2.945409536
0.988558233 0.016427608 0.149942577 3.119558811 -0.018991062 0.999696672 0.015680300 -1.478039145 -0.149639517 -0.018348457 0.988570333 2.983968496
0.987989783 0.026414365 0.152244687 3.166354418 -0.026113916 0.999651074 -0.003972986 -1.527756691 -0.152296513 -0.000050435 0.988334835 3.044094563
0.984875798 0.059252895 0.162815124 3.252310753 -0.058961585 0.998238266 -0.006625124 -1.597787261 -0.162920833 -0.003074911 0.986634374 3.155355692
0.982702613 0.079399250 0.167306244 3.339066505 -0.081185706 0.996691525 0.003854263 -1.633800149 -0.166446686 -0.017370468 0.985897422 3.244076252
0.989070535 0.031272661 0.144088566 3.366222620 -0.034845222 0.999143064 0.022337098 -1.642168164 -0.143266559 -0.027113762 0.989312649 3.335965872
0.990459025 0.018888183 0.136507124 3.390813589 -0.025932066 0.998412073 0.050008055 -1.637484312 -0.135345817 -0.053070839 0.989376068 3.422158718
0.990766764 0.018529790 0.134305328 3.401488304 -0.026208224 0.998107374 0.055630840 -1.647670865 -0.133020312 -0.058637090 0.989377201 3.468710661
0.991600215 0.015638314 0.128391623 3.420996666 -0.024031349 0.997655094 0.064084001 -1.690156579 -0.127088398 -0.066631131 0.989650846 3.555194378
0.991980076 0.017767519 0.125139490 3.438925028 -0.025140919 0.998023689 0.057590820 -1.758129954 -0.123868920 -0.060275063 0.990466237 3.636745930
0.992442191 0.020132124 0.121050522 3.459256411 -0.024367098 0.999138057 0.033607159 -1.852931857 -0.120269597 -0.036302809 0.992077291 3.760686874
0.992904902 0.017176615 0.117663860 3.473534822 -0.021156112 0.999242723 0.032655735 -1.863404274 -0.117013842 -0.034913350 0.992516398 3.853697062
0.994365275 -0.026828490 0.102557242 3.506736279 0.014852710 0.993161619 0.115798824 -1.845563173 -0.104962632 -0.113623075 0.987963915 3.981054783
0.993992865 -0.007927154 0.109157458 3.524568558 -0.003786111 0.994285882 0.106682822 -1.852192283 -0.109379411 -0.106455252 0.988283098 4.029052734
0.993765414 0.003313033 0.111442208 3.545480490 -0.013051085 0.996143162 0.086766616 -1.872172832 -0.110724941 -0.087680101 0.989975870 4.081182480
0.994006217 0.001071340 0.109318241 3.566774845 -0.008889534 0.997432768 0.071055487 -1.899666786 -0.108961463 -0.071601391 0.991463900 4.131722450
0.994234979 -0.003017325 0.107180923 3.576133728 -0.004074830 0.997818589 0.065889351 -1.913924456 -0.107145935 -0.065946244 0.992053866 4.156876087
0.994579375 -0.013074044 0.103155129 3.586548328 0.006376490 0.997865438 0.064991549 -1.930177808 -0.103784643 -0.063981488 0.992539704 4.183596611
0.994909763 -0.033859871 0.094910964 3.610451937 0.027996171 0.997655571 0.062446158 -1.959663749 -0.096802875 -0.059471149 0.993525207 4.236572266
0.994802654 -0.048304647 0.089634217 3.638900518 0.042646773 0.997038305 0.063998580 -1.975966215 -0.092460178 -0.059843346 0.993916452 4.295344830
0.994869769 -0.042104792 0.091985337 3.674643993 0.036068331 0.997145653 0.066329263 -1.978108883 -0.094515555 -0.062671222 0.993548751 4.356816769
0.994758129 -0.017521249 0.100743443 3.718205929 0.010671439 0.997619092 0.068133794 -1.975216627 -0.101697370 -0.066701569 0.992576718 4.422031403
0.993920326 0.008537921 0.109770089 3.760908604 -0.015829027 0.997712374 0.065722838 -1.970518351 -0.108957842 -0.067060813 0.991781771 4.487307072
0.992367506 0.035097163 0.118215643 3.806415558 -0.042177174 0.997429252 0.057930738 -1.963332415 -0.115878530 -0.062474586 0.991296649 4.557432175
0.991949558 0.038709000 0.120572396 3.849897861 -0.043938451 0.998191833 0.041018702 -1.971147418 -0.118766584 -0.045986250 0.991856754 4.694752216
0.992749929 0.030273326 0.116323359 3.889990330 -0.033891186 0.998997390 0.029250352 -1.973439813 -0.115321226 -0.032980621 0.992780566 4.763282299
0.994557917 0.031036986 0.099454880 3.998523235 -0.033363506 0.999205172 0.021815151 -2.013680935 -0.098698750 -0.025014594 0.994802892 4.941866398
0.997180343 0.049173150 0.056686103 4.127878666 -0.050692070 0.998384237 0.025675427 -2.090755224 -0.055331968 -0.028476566 0.998061836 5.062458038
0.997583985 0.057291240 0.039292444 4.202591896 -0.058460429 0.997860193 0.029281383 -2.114728928 -0.037530798 -0.031507693 0.998798609 5.202140808
