1.000000000 0.000000000 0.000000000 -0.000000030 0.000000000 1.000000000 0.000000000 -0.000002384 0.000000000 0.000000000 1.000000000 -0.000001907
0.999999702 -0.000630096 0.000457153 -0.001696684 0.000630703 0.999998927 -0.001326909 -0.005308717 -0.000456317 0.001327197 0.999998987 -0.003204995
0.999988914 -0.002645663 -0.003895753 0.001688775 0.002601876 0.999933898 -0.011202116 -0.015192457 0.003925132 0.011191855 0.999929667 -0.003507152
0.999941051 -0.007705510 -0.007646715 -0.000224406 0.007443801 0.999404848 -0.033682514 -0.006152338 0.007901706 0.033623610 0.999403358 -0.007344901
0.999861121 -0.012596346 -0.010912290 -0.001594968 0.011992808 0.998484492 -0.053711392 -0.003463804 0.011572320 0.053573065 0.998496890 -0.009687996
0.999716640 -0.019898590 -0.013063516 -0.004361833 0.018946651 0.997413099 -0.069340438 -0.005810348 0.014409498 0.069073275 0.997507513 -0.010766680
0.999568343 -0.024467682 -0.016260603 -0.006414651 0.023241812 0.997153759 -0.071723185 -0.021925241 0.017969223 0.071314298 0.997292042 -0.017133674
0.999497771 -0.026108949 -0.017957941 -0.010145727 0.024919489 0.997667968 -0.063542321 -0.049024217 0.019575085 0.063062906 0.997817576 -0.025401419
0.999428749 -0.027488383 -0.019661348 -0.010381421 0.026233615 0.997764945 -0.061456446 -0.056109078 0.021306742 0.060905550 0.997916102 -0.031600904
0.999552429 -0.023918495 -0.017967537 -0.014693636 0.022777796 0.997864842 -0.061211765 -0.044716317 0.019393265 0.060775109 0.997963071 -0.023399292
0.999517262 -0.025090439 -0.018322490 -0.016346462 0.024153927 0.998474121 -0.049659599 -0.045911558 0.019540511 0.049193066 0.998598099 -0.028980395
0.999481678 -0.026677951 -0.018019566 -0.020726616 0.025866680 0.998703361 -0.043846138 -0.047693029 0.019165928 0.043357305 0.998875797 -0.035550546
0.999562621 -0.023918342 -0.017392272 -0.026119152 0.023428779 0.999338150 -0.027827233 -0.061811309 0.018046344 0.027407583 0.999461412 -0.046735115
0.999580920 -0.023868721 -0.016379545 -0.032701198 0.023652218 0.999631941 -0.013286659 -0.066059671 0.016690651 0.012893678 0.999777555 -0.051613461
0.999618948 -0.022558814 -0.015907057 -0.036443401 0.022598973 0.999741852 0.002349409 -0.069909588 0.015849952 -0.002707997 0.999870718 -0.059304614
0.999781311 -0.016124588 -0.013317083 -0.040650733 0.016257923 0.999818146 0.009965585 -0.080391288 0.013153971 -0.010179914 0.999861658 -0.068410397
0.999955654 -0.003941638 -0.008552024 -0.044350389 0.003975779 0.999984205 0.003978775 -0.088181667 0.008536207 -0.004012600 0.999955535 -0.075030871
0.999974251 0.006425626 -0.003191205 -0.050174337 -0.006446049 0.999958515 -0.006431118 -0.100716256 0.003149748 0.006451523 0.999974251 -0.082824692
0.999805629 0.019431774 0.003338401 -0.058707070 -0.019369122 0.999652624 -0.017872501 -0.113904327 -0.003684536 0.017804366 0.999834716 -0.085833564
0.999542415 0.029710107 0.005683142 -0.060936671 -0.029558305 0.999246538 -0.025152294 -0.128131539 -0.006426137 0.024972802 0.999667466 -0.092554793
0.999219120 0.038103577 0.010451501 -0.072345912 -0.037792448 0.998878956 -0.028505512 -0.147489265 -0.011525946 0.028088264 0.999539018 -0.099424571
0.998965383 0.042893507 0.015110254 -0.087771803 -0.042404979 0.998610437 -0.031289730 -0.159630805 -0.016431384 0.030616606 0.999396145 -0.108845390
0.999119282 0.039796367 0.013300355 -0.095264204 -0.039418958 0.998843551 -0.027525650 -0.170615718 -0.014380394 0.026977124 0.999532640 -0.117722631
0.999359667 0.033758074 0.011859049 -0.107695304 -0.033533499 0.999263525 -0.018651072 -0.183812141 -0.012479939 0.018241454 0.999755740 -0.123404302
0.999348164 0.032447457 0.015826127 -0.134305134 -0.032284074 0.999423862 -0.010472016 -0.194981739 -0.016156798 0.009954259 0.999819934 -0.126899928
0.999617159 0.025255766 0.011301753 -0.143124148 -0.025194865 0.999667406 -0.005499051 -0.202537045 -0.011436877 0.005212200 0.999921024 -0.131859884
0.999794543 0.018104145 0.009114963 -0.164454937 -0.018101225 0.999836087 -0.000402818 -0.209528938 -0.009120761 0.000237743 0.999958396 -0.135971203
0.999876440 0.012137691 0.009989679 -0.194647834 -0.012148305 0.999925733 0.001002476 -0.222448453 -0.009976769 -0.001123709 0.999949574 -0.139298066
0.999970198 0.003336904 0.006958457 -0.217054933 -0.003320700 0.999991775 -0.002338929 -0.235742018 -0.006966205 0.002315753 0.999973059 -0.145279825
0.999982178 -0.004092231 0.004347220 -0.240280271 0.004126580 0.999960124 -0.007921740 -0.254407257 -0.004314629 0.007939538 0.999959171 -0.156697050
0.999961078 -0.008463796 0.002495869 -0.262784511 0.008504728 0.999821484 -0.016872840 -0.260561168 -0.002352615 0.016893411 0.999854505 -0.149499848
0.999943554 -0.010440432 0.001970598 -0.286887974 0.010484031 0.999666750 -0.023590049 -0.276602417 -0.001723651 0.023609376 0.999719799 -0.154963002
0.999912143 -0.013228589 0.000844139 -0.311293006 0.013247238 0.999508321 -0.028419398 -0.293458462 -0.000467775 0.028428085 0.999595702 -0.160779417
0.999884188 -0.015218597 0.000157797 -0.337245464 0.015216345 0.999420524 -0.030447949 -0.308663547 0.000305670 0.030446824 0.999536335 -0.161422074
0.999893725 -0.014544959 0.001014143 -0.361790866 0.014569693 0.999397457 -0.031503189 -0.325408697 -0.000555319 0.031514619 0.999503136 -0.167076856
0.999832213 -0.018317813 -0.000157713 -0.386768073 0.018303832 0.999339461 -0.031394012 -0.342461854 0.000732678 0.031385861 0.999507070 -0.173149526
0.999784529 -0.020758947 0.000073118 -0.412376642 0.020749738 0.999222934 -0.033510432 -0.350316703 0.000622581 0.033504725 0.999438345 -0.167468563
0.999693573 -0.024730483 -0.001080593 -0.437722623 0.024682520 0.999170303 -0.032395463 -0.366257578 0.001880851 0.032358866 0.999474525 -0.173705563
0.999674737 -0.025478102 -0.001114762 -0.462786734 0.025427576 0.999133706 -0.032943621 -0.381952614 0.001953137 0.032904558 0.999456584 -0.180037603
0.999646664 -0.026553394 -0.001213779 -0.488720179 0.026500029 0.999121606 -0.032462649 -0.394187480 0.002074706 0.032419011 0.999472201 -0.180177331
0.999637961 -0.026883211 -0.001099846 -0.514124691 0.026832242 0.999094069 -0.033030890 -0.409197599 0.001986826 0.032989420 0.999453723 -0.185909793
0.999636710 -0.026946027 -0.000638633 -0.539640963 0.026910048 0.999087811 -0.033156861 -0.423546135 0.001531495 0.033127632 0.999449968 -0.192081749
0.999610603 -0.027898690 -0.000557788 -0.565994143 0.027866906 0.999106884 -0.031763054 -0.434371978 0.001443438 0.031735145 0.999495268 -0.192963943
0.999595404 -0.028439412 -0.000453452 -0.591356456 0.028411334 0.999107182 -0.031268083 -0.448620588 0.001342293 0.031242549 0.999510944 -0.199641064
0.999527991 -0.030714843 -0.000615791 -0.616630197 0.030684333 0.999113202 -0.028832728 -0.462935925 0.001500838 0.028800225 0.999584079 -0.206488460
0.999594688 -0.028463127 0.000537436 -0.643772006 0.028465906 0.999096215 -0.031567246 -0.468278348 0.000361552 0.031569749 0.999501467 -0.200396746
0.999582946 -0.028864451 0.000865614 -0.669144988 0.028877422 0.999114811 -0.030589523 -0.482490003 0.000018102 0.030601764 0.999531627 -0.206015751
0.999541819 -0.030260673 0.000631000 -0.694445312 0.030266108 0.999105752 -0.029523509 -0.496661872 0.000262965 0.029529082 0.999563873 -0.211774066
0.999522746 -0.030873075 0.001046272 -0.720554471 0.030890435 0.999101937 -0.029002622 -0.506770134 -0.000149933 0.029021099 0.999578774 -0.213323012
0.999507248 -0.031370696 0.001075392 -0.745942712 0.031388674 0.999089181 -0.028905801 -0.520303130 -0.000167617 0.028925315 0.999581575 -0.218556136
0.999521315 -0.030915743 0.001177453 -0.771086335 0.030936664 0.999122977 -0.028217925 -0.533865035 -0.000304042 0.028240843 0.999601126 -0.223755032
0.999476969 -0.032332957 0.000586424 -0.796482742 0.032336190 0.999042213 -0.029478982 -0.543793678 0.000367280 0.029482529 0.999565244 -0.226079375
0.999342740 -0.036246881 -0.000546241 -0.821474254 0.036216728 0.998939693 -0.028423257 -0.557091773 0.001575916 0.028384794 0.999595821 -0.231485531
0.999220729 -0.039422262 -0.001947557 -0.846309900 0.039354179 0.998849273 -0.027411006 -0.570600271 0.003025919 0.027313001 0.999622345 -0.236925185
0.998975396 -0.045088269 -0.003901428 -0.875838816 0.044967242 0.998625100 -0.026942005 -0.580847561 0.005110832 0.026738962 0.999629378 -0.235715732
0.998551726 -0.053299565 -0.007325000 -0.900460780 0.053102206 0.998278201 -0.024914563 -0.594136238 0.008640324 0.024489507 0.999662757 -0.239530459
0.997914612 -0.063576683 -0.011153388 -0.924677432 0.063267723 0.997653782 -0.026155919 -0.607317209 0.012790126 0.025395725 0.999595642 -0.243113905
0.996770322 -0.078642368 -0.016258469 -0.946777761 0.078171954 0.996552587 -0.027786562 -0.614987075 0.018387621 0.026425863 0.999481678 -0.246633872
0.995089352 -0.096436828 -0.022295158 -0.968805373 0.095677957 0.994868040 -0.032912951 -0.627694130 0.025354762 0.030618172 0.999209523 -0.249881431
0.992762148 -0.116546988 -0.028983884 -0.989036739 0.115427986 0.992600918 -0.037679821 -0.640857577 0.033160899 0.034061551 0.998869419 -0.253261536
0.990302622 -0.134352431 -0.035356939 -1.006211281 0.132908389 0.990302682 -0.040446393 -0.652513087 0.040448144 0.035354935 0.998555958 -0.257435262
0.988362789 -0.146907359 -0.039462253 -1.020866513 0.145153970 0.988423884 -0.044142313 -0.664434671 0.045490265 0.037900515 0.998245537 -0.260912597
0.986086369 -0.160299674 -0.044018801 -1.032654166 0.158221826 0.986273468 -0.047228310 -0.675904512 0.050985258 0.039606456 0.997913718 -0.264541894
0.984969974 -0.166624174 -0.045503654 -1.038763642 0.164453998 0.985221207 -0.047895949 -0.690465927 0.052811787 0.039692815 0.997815311 -0.263635188
0.983213246 -0.175975308 -0.048211720 -1.043110251 0.173360005 0.983380020 -0.053944387 -0.701852202 0.056903321 0.044680856 0.997379363 -0.267739475
0.982124448 -0.181605250 -0.049507976 -1.043382168 0.178566784 0.982087970 -0.060142558 -0.712920308 0.059543394 0.050226998 0.996961296 -0.272330016
0.981377423 -0.185373768 -0.050348438 -1.040170789 0.181994751 0.981147647 -0.065016709 -0.722227275 0.061451644 0.054642782 0.996613204 -0.279289722
0.980360270 -0.190060765 -0.052636437 -1.032548904 0.186433852 0.980185688 -0.066921301 -0.731816649 0.064312592 0.055793777 0.996368885 -0.285896808
0.979481399 -0.193685561 -0.055696566 -1.020799994 0.190181941 0.979753494 -0.062561058 -0.740226865 0.066686079 0.050684914 0.996485829 -0.292985588
0.978126824 -0.199125037 -0.060142357 -1.006256819 0.195875779 0.979036629 -0.055856667 -0.747029781 0.070004031 0.042854480 0.996625781 -0.302144051
0.976467729 -0.205944747 -0.064012453 -0.986284494 0.202977180 0.977910638 -0.049910598 -0.754684627 0.072877288 0.035743020 0.996700227 -0.310373813
0.973840475 -0.216252461 -0.069782831 -0.962252855 0.213550612 0.975932181 -0.044187371 -0.762036145 0.077658944 0.028129283 0.996583104 -0.318954468
0.970207274 -0.229911804 -0.076409854 -0.935080230 0.227475166 0.972990036 -0.039312057 -0.768778622 0.083384328 0.020759499 0.996301234 -0.330507368
0.966173887 -0.244152173 -0.083052337 -0.901572704 0.242019370 0.969639897 -0.035000633 -0.775603950 0.089076340 0.013716423 0.995930374 -0.339848638
0.963039935 -0.254546344 -0.088092215 -0.862514734 0.252686501 0.967024028 -0.031844616 -0.782003880 0.093293212 0.008407927 0.995603204 -0.348771781
0.962193191 -0.257513523 -0.088718884 -0.827669621 0.255643785 0.966240466 -0.032025725 -0.782599807 0.093970828 0.008134504 0.995541692 -0.368653208
0.962716520 -0.255971253 -0.087496646 -0.776684761 0.254143953 0.966649652 -0.031611815 -0.788366675 0.092670314 0.008196471 0.995663106 -0.376610875
0.966235757 -0.243795067 -0.083380960 -0.720027149 0.242298037 0.969804049 -0.027780985 -0.792959332 0.087636061 0.006639941 0.996130407 -0.384050936
0.972671270 -0.219983235 -0.074282914 -0.660301328 0.218765602 0.975476086 -0.024250131 -0.796991765 0.077795833 0.007336860 0.996942341 -0.391845703
0.980157971 -0.187980160 -0.062878944 -0.593905032 0.187137172 0.982148290 -0.019090418 -0.800243974 0.065345071 0.006944638 0.997838557 -0.398118436
0.987314284 -0.150854528 -0.049531981 -0.523788989 0.150329739 0.988534272 -0.014176358 -0.803514361 0.051102631 0.006550392 0.998671949 -0.403976768
0.991595268 -0.123325177 -0.039111692 -0.454168886 0.123086013 0.992359817 -0.008474324 -0.807383001 0.039857972 0.003588996 0.999198914 -0.410535157
0.994293630 -0.102176756 -0.030661775 -0.380791187 0.101997316 0.994757414 -0.007364493 -0.811547220 0.031253509 0.004195050 0.999502659 -0.415609270
0.995862424 -0.087294444 -0.025252871 -0.306517184 0.087185442 0.996177554 -0.005387858 -0.815770507 0.025626674 0.003163883 0.999666572 -0.420163661
0.996239007 -0.083568223 -0.022894625 -0.237950042 0.083509184 0.996500790 -0.003524165 -0.820611894 0.023109019 0.001598999 0.999731660 -0.425177008
0.995599926 -0.090443991 -0.024507472 -0.163458586 0.090380125 0.995900452 -0.003703248 -0.825723529 0.024741938 0.001471965 0.999692798 -0.428413868
0.994897604 -0.097346090 -0.026504712 -0.088276252 0.097264163 0.995249033 -0.004366161 -0.830115199 0.026803819 0.001765925 0.999639153 -0.431069762
0.993095219 -0.113084912 -0.031204659 -0.013918243 0.112959281 0.993582904 -0.005765415 -0.834509730 0.031656396 0.002200750 0.999496400 -0.435132295
0.991733611 -0.123629674 -0.034352448 0.063070849 0.123403564 0.992318988 -0.008634252 -0.839534104 0.035156038 0.004323663 0.999372482 -0.437224537
0.990739107 -0.130937114 -0.035937097 0.141659811 0.130545989 0.991356611 -0.013032841 -0.844124556 0.037332963 0.008220701 0.999269068 -0.438701600
0.990164638 -0.135183975 -0.036045380 0.220087111 0.134509459 0.990699530 -0.020534908 -0.847818613 0.038486131 0.015484495 0.999139130 -0.443994462
0.991215289 -0.128121436 -0.032819275 0.302714527 0.127293766 0.991519392 -0.026184171 -0.851932287 0.035895701 0.021776464 0.999118268 -0.444914401
0.991903722 -0.123246908 -0.030612936 0.386949390 0.122279555 0.991989672 -0.031689525 -0.856306076 0.034273352 0.027689625 0.999028862 -0.445305198
0.993366778 -0.112154804 -0.025372144 0.463943064 0.111012943 0.992903113 -0.042656247 -0.854886889 0.029976185 0.039556663 0.998767614 -0.454010367
0.994483471 -0.103135981 -0.019121693 0.550687432 0.101909570 0.993175030 -0.056725804 -0.858738303 0.024841657 0.054464187 0.998206675 -0.455134928
0.995584905 -0.093293265 -0.010345652 0.638519526 0.092347547 0.993260145 -0.070044190 -0.862133205 0.016810574 0.068779543 0.997490227 -0.456488192
0.996093690 -0.088302784 0.000191479 0.725950897 0.088022105 0.992749929 -0.081851400 -0.863642693 0.007037614 0.081548519 0.996644497 -0.462267280
0.996544600 -0.081968382 0.013420221 0.814727187 0.082839400 0.992602706 -0.088755541 -0.865770817 -0.006045801 0.089560576 0.995963037 -0.466035396
0.996562898 -0.077846065 0.028326113 0.903691709 0.080081642 0.992810309 -0.088964425 -0.866134226 -0.021196924 0.090927042 0.995631933 -0.470659405
0.996125638 -0.075515598 0.045067288 0.990175843 0.079196990 0.993104935 -0.086431555 -0.860314548 -0.038229614 0.089665882 0.995237947 -0.481852114
0.995136499 -0.076179594 0.062450249 1.078938127 0.080973446 0.993642926 -0.078211375 -0.856521904 -0.056095134 0.082887806 0.994978845 -0.489338875
0.993646979 -0.078633599 0.080513366 1.167039037 0.083912753 0.994388044 -0.064428359 -0.850991547 -0.074995302 0.070775151 0.994669080 -0.497431427
0.991448939 -0.084781289 0.099202693 1.248008370 0.090036675 0.994695127 -0.049748853 -0.845084667 -0.094458669 0.058255330 0.993822873 -0.501339018
0.988834918 -0.090445504 0.118427664 1.334571958 0.095022172 0.994908810 -0.033575010 -0.837490618 -0.114788011 0.044453394 0.992394865 -0.510509193
0.985689759 -0.095725089 0.138753042 1.419244885 0.099685505 0.994778752 -0.021864014 -0.828585088 -0.135935649 0.035382800 0.990085602 -0.522986710
0.981823921 -0.102780506 0.159555450 1.503459930 0.105743840 0.994341373 -0.010171507 -0.818847060 -0.157607153 0.026858635 0.987136543 -0.528695524
0.977224648 -0.108619921 0.182300985 1.586767912 0.112321816 0.993620813 -0.010074741 -0.807093859 -0.180043727 0.030321661 0.983191133 -0.537472367
0.972178340 -0.115360633 0.203865677 1.668890595 0.119903490 0.992734849 -0.010031388 -0.792567849 -0.201227337 0.034196503 0.978947461 -0.545410216
0.967230856 -0.120549701 0.223455176 1.752689481 0.124807067 0.992168546 -0.004974712 -0.777992964 -0.221105501 0.032700475 0.974701524 -0.546174169
0.962450743 -0.126054689 0.240413815 1.832412601 0.129887983 0.991528690 -0.000099575 -0.756992519 -0.238364637 0.031322695 0.970670462 -0.552263737
0.958147705 -0.129787430 0.255163103 1.911025643 0.133089259 0.991094470 0.004359762 -0.733511925 -0.253456563 0.029782169 0.966888189 -0.557319522
0.954115331 -0.135736540 0.266907275 1.993362784 0.137507007 0.990426421 0.012137171 -0.718888879 -0.265999496 0.025121361 0.963645756 -0.556085944
0.950898290 -0.137343615 0.277361035 2.069408894 0.138104200 0.990273654 0.016890315 -0.690247476 -0.276983082 0.022243747 0.960617304 -0.559131920
0.948105454 -0.140921712 0.285021335 2.144258022 0.141851604 0.989733458 0.017488729 -0.659620225 -0.284559697 0.023849573 0.958361626 -0.560759962
0.945861518 -0.143902406 0.290926188 2.219510555 0.143062696 0.989415944 0.024273649 -0.630795777 -0.291340023 0.018661167 0.956437528 -0.554098845
0.944025576 -0.148927853 0.294340402 2.292462587 0.145182773 0.988797426 0.034664746 -0.597005665 -0.296205550 0.010008740 0.955071807 -0.553209066
0.942747772 -0.150809541 0.297461152 2.364718914 0.143166885 0.988560498 0.047448575 -0.564199626 -0.301214039 -0.002145458 0.953554153 -0.551920593
0.942115128 -0.147053942 0.301320851 2.435017347 0.134491071 0.988964319 0.062143125 -0.536561668 -0.307133973 -0.018021015 0.951495647 -0.546242476
0.941906035 -0.143311083 0.303767860 2.505881786 0.126374215 0.989157796 0.074809179 -0.508749127 -0.311195314 -0.032074794 0.949804544 -0.544331372
0.941957414 -0.141951486 0.304246634 2.575322151 0.119398728 0.988612592 0.091591857 -0.483451456 -0.313783675 -0.049948968 0.948179781 -0.542353749
0.942295253 -0.137320474 0.305324107 2.642754078 0.109957293 0.988357067 0.105165072 -0.466134399 -0.316210538 -0.065523945 0.946423531 -0.534464598
0.942866504 -0.129458293 0.306990653 2.709777832 0.098980084 0.988661706 0.112920225 -0.450098246 -0.318128377 -0.076082736 0.944989800 -0.529230177
0.943329692 -0.126970574 0.306606531 2.775325060 0.095955044 0.988806307 0.114257403 -0.439392298 -0.317681789 -0.078361966 0.944953799 -0.522331893
0.944072187 -0.126619548 0.304458916 2.844835520 0.095388390 0.988726854 0.115413383 -0.435154408 -0.315640271 -0.079916716 0.945507526 -0.506501973
0.944794416 -0.126942486 0.302074581 2.908086538 0.096440226 0.988800943 0.113894597 -0.429587096 -0.313149720 -0.078474849 0.946456015 -0.494938999
0.945570529 -0.130440682 0.298130214 2.970091581 0.100213423 0.988345742 0.114586271 -0.425095469 -0.309602439 -0.078472756 0.947622478 -0.480771720
0.946267068 -0.128721818 0.296663672 3.033191919 0.099254847 0.988693476 0.112399444 -0.422575235 -0.307777733 -0.076914579 0.948344350 -0.459712297
0.947248220 -0.123354040 0.295811743 3.092558861 0.094529711 0.989437878 0.109894440 -0.420450687 -0.306243271 -0.076134309 0.948903918 -0.439883113
0.948095024 -0.113888383 0.296892643 3.150645018 0.086736828 0.990880132 0.103118025 -0.420030594 -0.305928946 -0.072014160 0.949326813 -0.417324632
0.948705614 -0.100826740 0.299652517 3.209858894 0.076421648 0.992812097 0.092107929 -0.420618266 -0.306785583 -0.064483382 0.949591756 -0.390357614
0.949141204 -0.084238298 0.303372473 3.265202045 0.062876917 0.994848013 0.079523444 -0.423422724 -0.308508426 -0.056403849 0.949547887 -0.363419950
0.949301541 -0.067731485 0.306983680 3.318270922 0.048481219 0.996374190 0.069914497 -0.427387446 -0.310606033 -0.051486999 0.949143291 -0.335022122
0.948945880 -0.050423458 0.311382681 3.370321751 0.032432064 0.997505784 0.062692702 -0.429321855 -0.313767225 -0.049393199 0.948214352 -0.301526010
0.948542833 -0.037968863 0.314364254 3.418080330 0.021441203 0.998207927 0.055868067 -0.435246527 -0.315922141 -0.046252906 0.947657049 -0.269676119
0.948468447 -0.028719788 0.315567404 3.462436676 0.012810932 0.998545408 0.052373122 -0.442013562 -0.316612512 -0.045631539 0.947456717 -0.236476004
0.947793901 -0.021239962 0.318175405 3.509027719 0.005638418 0.998739541 0.049875427 -0.448031992 -0.318833679 -0.045477618 0.946718991 -0.194623798
0.947316110 -0.013457419 0.320017397 3.547305346 -0.001875145 0.998866856 0.047555309 -0.456672281 -0.320294738 -0.045649987 0.946217418 -0.158063844
0.947260737 -0.008555422 0.320349574 3.581834316 -0.006241969 0.998961329 0.045136038 -0.466630399 -0.320402980 -0.044755209 0.946223497 -0.120018318
0.946778297 -0.003836143 0.321863562 3.613893747 -0.011002246 0.998959005 0.044269808 -0.475669593 -0.321698338 -0.045454912 0.945750535 -0.076880649
0.946898043 -0.003204461 0.321517974 3.640827179 -0.012070267 0.998891234 0.045503579 -0.487487704 -0.321307331 -0.046968058 0.945809484 -0.036044579
0.946639121 -0.000620980 0.322294831 3.663962364 -0.014968441 0.998834372 0.045889564 -0.500469327 -0.321947634 -0.048265107 0.945526421 0.006273944
0.947287977 -0.006047693 0.320326298 3.683546305 -0.009688147 0.998823881 0.047507953 -0.512639225 -0.320236892 -0.048107084 0.946115255 0.051280573
0.949434280 -0.027183073 0.312786967 3.697857618 0.012789460 0.998766541 0.047977675 -0.528653622 -0.313705355 -0.041551273 0.948610783 0.096072666
0.951039851 -0.047344670 0.305420488 3.709074497 0.037074722 0.998537779 0.039342172 -0.546965301 -0.306836516 -0.026092596 0.951404512 0.142020404
0.951831758 -0.062105440 0.300265312 3.718469143 0.056666441 0.998033464 0.026797589 -0.565092564 -0.301339090 -0.008491832 0.953479230 0.191185862
0.952309072 -0.079684466 0.294546843 3.725486755 0.080005407 0.996733963 0.010980722 -0.585088372 -0.294459820 0.013108302 0.955573976 0.238116175
0.952275515 -0.098772809 0.288817137 3.730983973 0.105352655 0.994408250 -0.007285767 -0.605652571 -0.286482483 0.037365709 0.957356572 0.285203576
0.951780915 -0.111180730 0.285922885 3.736008883 0.124615185 0.991776288 -0.029168511 -0.629582345 -0.280328572 0.063392363 0.957808614 0.340055048
0.951361954 -0.113217637 0.286517441 3.740378380 0.133719146 0.989603043 -0.052962862 -0.648693800 -0.277542174 0.088699721 0.956610024 0.385225713
0.951010823 -0.105404250 0.290634423 3.744134188 0.132929370 0.988161504 -0.076593988 -0.667145610 -0.279120415 0.111475565 0.953763604 0.428590864
0.950744867 -0.097449414 0.294258147 3.745573282 0.130520999 0.986894965 -0.094882086 -0.686851263 -0.281155676 0.128615513 0.951004505 0.474007368
0.950232208 -0.088731885 0.298639238 3.747318029 0.126000166 0.986143351 -0.107912987 -0.703288078 -0.284925759 0.140170991 0.948245406 0.512474537
0.949906766 -0.080792852 0.301910073 3.747458935 0.122539483 0.984939873 -0.121973343 -0.719306827 -0.287508696 0.152859211 0.945501328 0.547506988
0.949686408 -0.076589227 0.303693622 3.744298458 0.123283684 0.982775092 -0.137674481 -0.737105727 -0.287918121 0.168188035 0.942770362 0.580928266
0.949273348 -0.069616437 0.306649148 3.740788937 0.120882466 0.981039464 -0.151489198 -0.752338290 -0.290288806 0.180873156 0.939689994 0.608289897
0.949103117 -0.067753360 0.307591826 3.735238791 0.123250380 0.978605747 -0.164742664 -0.766885042 -0.289849252 0.194268569 0.937148392 0.631433725
0.948409796 -0.064452000 0.310426801 3.725470781 0.124063201 0.976488113 -0.176293209 -0.787888110 -0.291765660 0.205710754 0.934107006 0.656428099
0.948126614 -0.064961232 0.311184764 3.715715170 0.127559483 0.974377990 -0.185246050 -0.800728679 -0.291177750 0.215331286 0.932120144 0.670075893
0.947600961 -0.066983648 0.312354892 3.704091549 0.131354988 0.972988307 -0.189841151 -0.812006533 -0.291201383 0.220923036 0.930803299 0.678706229
0.947053790 -0.072795227 0.312713832 3.688956022 0.136447906 0.972883821 -0.186759323 -0.825196981 -0.290639073 0.219540268 0.931306064 0.686526120
0.946589947 -0.081047565 0.312087834 3.673421383 0.141374275 0.974221468 -0.175800472 -0.833210051 -0.289794505 0.210532129 0.933646262 0.685799956
0.946233749 -0.093546905 0.309662223 3.656279802 0.147676408 0.976619542 -0.156223983 -0.838917255 -0.287807941 0.193554193 0.937925041 0.680689037
0.945668042 -0.102211162 0.308649957 3.637434483 0.149463609 0.979713142 -0.133501858 -0.844442964 -0.288743079 0.172380388 0.941760302 0.673581004
0.945249617 -0.108647615 0.307731837 3.618460655 0.150165230 0.982002079 -0.114552490 -0.847792506 -0.289747447 0.154491305 0.944552183 0.661352813
0.944784164 -0.110043131 0.308663845 3.599016905 0.148258656 0.983554363 -0.103151165 -0.851018667 -0.292236626 0.143217683 0.945561469 0.646180391
0.944378793 -0.107125051 0.310922652 3.576024055 0.143644482 0.984866798 -0.096972324 -0.860612571 -0.295829266 0.136240929 0.945475280 0.634678841
0.944199085 -0.109315023 0.310706198 3.554514408 0.144653127 0.985102534 -0.092997357 -0.863067448 -0.295911431 0.132752642 0.945945621 0.614756763
0.944038332 -0.110370725 0.310821474 3.532037497 0.142791152 0.986225367 -0.083488166 -0.863250256 -0.297325373 0.123198569 0.946794450 0.592847228
0.943855286 -0.113576703 0.310221672 3.507727146 0.142364770 0.987212896 -0.071714401 -0.865682483 -0.298109770 0.111852661 0.947955489 0.572063804
0.943973124 -0.116169870 0.308900177 3.483411312 0.140921056 0.988262355 -0.058981437 -0.864511847 -0.298422575 0.099207431 0.949263871 0.547170699
0.944220424 -0.115948677 0.308226764 3.458543301 0.137460500 0.989297390 -0.048942178 -0.862644434 -0.299253166 0.088581204 0.950053096 0.520867705
0.944370031 -0.119182691 0.306530148 3.432637691 0.138548568 0.989459038 -0.042131975 -0.861696303 -0.298277646 0.082257487 0.950928032 0.496073753
0.944594800 -0.121014044 0.305116773 3.406227589 0.138810709 0.989618540 -0.037238654 -0.858369231 -0.297442794 0.077528909 0.951586604 0.468159139
0.944824636 -0.121489778 0.304214835 3.379343987 0.139587149 0.989465773 -0.038378801 -0.854939342 -0.296347558 0.078725711 0.951830029 0.439086199
0.944932640 -0.119037978 0.304847986 3.351559639 0.138407037 0.989456534 -0.042652123 -0.851430655 -0.296556622 0.082496487 0.951445460 0.410975844
0.945321262 -0.112310976 0.306192726 3.323487759 0.131865755 0.990296125 -0.043875553 -0.846158028 -0.298293740 0.081852816 0.950957894 0.380566061
0.945887804 -0.104781978 0.307110667 3.294542313 0.124516346 0.991181672 -0.045327384 -0.840276539 -0.299652994 0.081114918 0.950593770 0.349509001
0.946051419 -0.096358471 0.309357017 3.266657591 0.114424370 0.992595851 -0.040750097 -0.833616078 -0.303139895 0.073949665 0.950072467 0.319772184
0.946402252 -0.092582516 0.309436977 3.235586643 0.108232848 0.993552208 -0.033758901 -0.826058149 -0.304316282 0.065440744 0.950320542 0.288222134
0.946602702 -0.087327398 0.310350239 3.203528166 0.099805795 0.994704664 -0.024525382 -0.818088531 -0.306565106 0.054190546 0.950305879 0.256073713
0.946912646 -0.085871398 0.309810460 3.170916319 0.095530525 0.995296121 -0.016111787 -0.810194492 -0.306969583 0.044852808 0.950661838 0.223664433
0.947198033 -0.085464194 0.309049696 3.136323929 0.093154594 0.995599568 -0.010185192 -0.803061008 -0.306819290 0.038436789 0.950991333 0.191111803
0.947725713 -0.094882138 0.304652870 3.099946260 0.100315474 0.994953275 -0.002193513 -0.796205819 -0.302907228 0.032640245 0.952460945 0.158463970
0.948016346 -0.109140679 0.298920184 3.062722206 0.112353325 0.993647218 0.006471763 -0.790600479 -0.297727555 0.027449336 0.954256177 0.124590650
0.948753476 -0.121065773 0.291907400 3.024110317 0.121877320 0.992424548 0.015474452 -0.784638882 -0.291569501 0.020895449 0.956321418 0.092002675
0.950252473 -0.130090177 0.283013761 2.984974146 0.129138291 0.991380274 0.022100898 -0.779102147 -0.283449352 0.015546473 0.958861172 0.059597082
0.952452004 -0.137840122 0.271726459 2.948982954 0.134813696 0.990420699 0.029868785 -0.770855010 -0.273240596 0.008183856 0.961910903 0.031239521
0.955897450 -0.141234428 0.257512957 2.909623384 0.135544866 0.989971161 0.039807793 -0.763033152 -0.260552615 -0.003147613 0.965454519 0.000374306
0.960093975 -0.140487477 0.241832137 2.870778561 0.132664040 0.989977658 0.048420019 -0.753231227 -0.246210814 -0.014405346 0.969109237 -0.028325308
0.964589775 -0.139582321 0.223793119 2.833584547 0.130351946 0.989908874 0.055576470 -0.740368843 -0.229292303 -0.024436627 0.973050833 -0.054540519
0.969469309 -0.133922473 0.205411866 2.795296431 0.123394772 0.990337253 0.063292190 -0.726272821 -0.211903259 -0.036013089 0.976626873 -0.078258157
0.974165738 -0.126412377 0.187139064 2.757578850 0.115720555 0.991016865 0.067040004 -0.711136937 -0.193932652 -0.043652240 0.980043173 -0.099633604
0.979112446 -0.110425599 0.170719147 2.722788334 0.100087069 0.992648900 0.068049535 -0.693551004 -0.176978588 -0.049541373 0.982967079 -0.116295323
0.983692110 -0.098158322 0.150714278 2.686305285 0.089390837 0.993944585 0.063901581 -0.680243731 -0.156074107 -0.049387008 0.986509919 -0.134096965
0.988007724 -0.080228619 0.131924704 2.650413752 0.072782107 0.995521069 0.060337380 -0.667361736 -0.136174604 -0.050012037 0.989421666 -0.150274768
0.991677403 -0.062082790 0.112790056 2.615589380 0.056062512 0.996867418 0.055788480 -0.653087437 -0.115900241 -0.049000882 0.992051423 -0.164232358
0.994408846 -0.043274228 0.096324414 2.580247164 0.038411546 0.997919679 0.051777333 -0.642296255 -0.098364651 -0.047787867 0.994002342 -0.177198559
0.996250272 -0.034556750 0.079317093 2.544504166 0.030527813 0.998208463 0.051457975 -0.632774830 -0.080953211 -0.048843648 0.995520413 -0.188682139
0.997543037 -0.030930111 0.062858760 2.509063959 0.027310466 0.997963309 0.057649106 -0.621688068 -0.064513832 -0.055790760 0.996356010 -0.197676167
0.998387754 -0.029606827 0.048429135 2.472284079 0.026458278 0.997572660 0.064410448 -0.613861561 -0.050218571 -0.063025251 0.996747673 -0.205774710
0.999029100 -0.029447706 0.032767024 2.435050964 0.026961023 0.996900856 0.073903501 -0.607521772 -0.034841765 -0.072948322 0.996726930 -0.212349936
0.999460042 -0.028948251 0.015545473 2.401134253 0.027577899 0.996241629 0.082110353 -0.608002603 -0.017863998 -0.081637301 0.996501982 -0.213741720
0.999685645 -0.025000034 -0.001903957 2.363755226 0.025070997 0.995929718 0.086576290 -0.609019279 -0.000268203 -0.086596809 0.996243417 -0.216757774
0.999550462 -0.020689921 -0.021698203 2.326261282 0.022537874 0.995803297 0.088700868 -0.614380419 0.019771930 -0.089150019 0.995821953 -0.218302429
0.999008715 -0.012727668 -0.042657237 2.290671349 0.016408695 0.996065676 0.087085716 -0.626443744 0.041381013 -0.087699331 0.995287120 -0.217195511
0.997836173 -0.004405149 -0.065601729 2.253509760 0.010109582 0.996167541 0.086879432 -0.640279949 0.064967595 -0.087354645 0.994056523 -0.215829462
0.995939374 0.005275312 -0.089871898 2.216515064 0.002077554 0.996669114 0.081525587 -0.658498824 0.090002611 -0.081381254 0.992610991 -0.213208765
0.993257701 0.016798718 -0.114703849 2.180941820 -0.008433746 0.997294366 0.073026188 -0.684551716 0.115620255 -0.071566440 0.990711987 -0.207927883
0.989259183 0.017871391 -0.145075530 2.143829107 -0.009207515 0.998145521 0.060173005 -0.711063325 0.145881861 -0.058190912 0.987589121 -0.202809662
0.984042525 0.021905895 -0.176579684 2.106927395 -0.013614498 0.998753071 0.048031200 -0.741350472 0.177411675 -0.044860702 0.983113766 -0.196737260
0.977174222 0.024216274 -0.211054832 2.071792841 -0.017558930 0.999289095 0.033360645 -0.778533816 0.211712658 -0.028893264 0.976904750 -0.188173950
0.968779325 0.031709429 -0.245888382 2.036333323 -0.027505251 0.999411166 0.020514347 -0.813524425 0.246394098 -0.013110655 0.969081044 -0.180304393
0.958673775 0.042104527 -0.281374902 2.001435995 -0.041415714 0.999106705 0.008397199 -0.848591149 0.281477123 0.003603167 0.959561169 -0.171257749
0.946394384 0.048094332 -0.319412887 1.967478514 -0.051124945 0.998691678 -0.001104997 -0.886670947 0.318941832 0.017375726 0.947615027 -0.161703765
0.932299912 0.055774346 -0.357359976 1.934729218 -0.062086694 0.998051465 -0.006205930 -0.921660006 0.356317490 0.027973086 0.933946133 -0.151796713
0.916422904 0.064195871 -0.395029098 1.903237224 -0.073892280 0.997222245 -0.009363948 -0.956213236 0.393330663 0.037770934 0.918620884 -0.141388088
0.898864210 0.082844138 -0.430325449 1.871852756 -0.094823092 0.995473444 -0.006422933 -1.001325727 0.427845418 0.046578132 0.902650952 -0.132950842
0.879789531 0.099168204 -0.464904338 1.843802929 -0.113770001 0.993501365 -0.003376856 -1.033626080 0.461548239 0.055863086 0.885354519 -0.122395515
0.859479070 0.121685810 -0.496475935 1.817139387 -0.140980184 0.990011394 -0.001408268 -1.064853907 0.491345465 0.071203634 0.868049383 -0.111147150
0.837757230 0.141031668 -0.527515769 1.789589763 -0.167314336 0.985901296 -0.002133608 -1.099468827 0.519777536 0.090048388 0.849542618 -0.102685705
0.815391243 0.158868760 -0.556684673 1.763145447 -0.193224579 0.981149912 -0.003017087 -1.127996087 0.545711815 0.110025257 0.830718398 -0.090244882
0.792931676 0.168678835 -0.585497081 1.736720562 -0.210605904 0.977564454 -0.003589522 -1.154098988 0.571755707 0.126155376 0.810666561 -0.077305615
0.770436764 0.180771664 -0.611350000 1.711745739 -0.229811981 0.973233342 -0.001836255 -1.180613041 0.594654262 0.141910270 0.791358232 -0.067164898
0.748400927 0.194891483 -0.633966386 1.685878634 -0.253118128 0.967434347 -0.001402490 -1.199681401 0.613047540 0.161518008 0.773359299 -0.052710831
0.725713491 0.206562519 -0.656255960 1.660017729 -0.275518924 0.961293340 -0.002103783 -1.215418696 0.630419970 0.182337672 0.754535437 -0.038049668
0.701595664 0.217104673 -0.678696632 1.635920882 -0.296843350 0.954925179 -0.001392812 -1.232903481 0.647802114 0.202443749 0.734417439 -0.027762040
0.676495790 0.221929431 -0.702211440 1.610084295 -0.312820137 0.949811637 -0.001182459 -1.241647482 0.666706145 0.220465779 0.711967587 -0.015768528
0.648870230 0.220933646 -0.728118062 1.584090948 -0.318214327 0.948010027 0.004075594 -1.246871948 0.691163659 0.229053020 0.685439706 -0.005462140
0.618521392 0.217404470 -0.755093873 1.557419777 -0.316045821 0.948637009 0.014245652 -1.252546668 0.719407022 0.229832977 0.655462027 0.003989100
0.585215390 0.216539294 -0.781430542 1.531351209 -0.314687461 0.948804140 0.027249277 -1.251543283 0.747325122 0.229959697 0.623396993 0.012803674
0.549106181 0.213935986 -0.807907045 1.505930543 -0.314870507 0.948407948 0.037134506 -1.247089863 0.774169862 0.233995318 0.588138819 0.021035343
0.510411322 0.211845636 -0.833427668 1.484944701 -0.318671942 0.946772695 0.045493923 -1.246157885 0.798704267 0.242369413 0.550752759 0.025847167
0.470133960 0.208660334 -0.857574999 1.461032867 -0.322628111 0.945036769 0.053072058 -1.235320807 0.821513951 0.251726836 0.511613607 0.033228457
0.428939044 0.204028457 -0.879990757 1.438257456 -0.331261784 0.941821933 0.056895323 -1.221627355 0.840402901 0.267102689 0.471571028 0.040590048
0.387702942 0.198502958 -0.900157213 1.417612791 -0.340991318 0.938148856 0.060013950 -1.205466986 0.856394410 0.283678204 0.431410849 0.047871530
0.347310841 0.189480320 -0.918407619 1.397548676 -0.349805951 0.934860766 0.060590014 -1.186005592 0.870063841 0.300220847 0.390968621 0.055297315
0.309821367 0.182260886 -0.933162272 1.378981113 -0.363922656 0.929448605 0.060708746 -1.164123774 0.878391206 0.320789993 0.354291916 0.063156247
0.274281681 0.178979009 -0.944847226 1.368200302 -0.376461774 0.924095035 0.065764070 -1.145328641 0.884899020 0.337660939 0.320841074 0.069595754
0.240472436 0.188859850 -0.952105582 1.356114864 -0.391487330 0.916440904 0.082907796 -1.120823264 0.888206422 0.352800220 0.294315040 0.075747132
0.207269132 0.203389928 -0.956907570 1.347083092 -0.402004719 0.909454644 0.106228366 -1.095728159 0.891869843 0.362663507 0.270265579 0.080288291
0.174766898 0.219334483 -0.959869325 1.340945005 -0.412464023 0.901519835 0.130902514 -1.070775151 0.894052684 0.373034060 0.248023391 0.082592547
0.142457485 0.230601668 -0.962563694 1.336703777 -0.419611931 0.894839704 0.152275294 -1.045980096 0.896455109 0.382210404 0.224239826 0.083297849
0.109793127 0.243795082 -0.963592052 1.334191918 -0.423282862 0.888619781 0.176597089 -1.020805359 0.899320483 0.388482779 0.200758636 0.081841052
0.077817798 0.254898161 -0.963831723 1.332775831 -0.428550631 0.881441295 0.198508590 -0.996304452 0.900160491 0.397603124 0.177828550 0.077512443
0.044014096 0.263863295 -0.963555455 1.332534671 -0.424131781 0.878192008 0.221113235 -0.970850766 0.904530406 0.398942322 0.150565565 0.071851850
0.008768439 0.270911396 -0.962564409 1.333155632 -0.410349965 0.878791273 0.243595585 -0.945836067 0.911886036 0.392852247 0.118874073 0.063945651
-0.027574420 0.276529640 -0.960609794 1.333433628 -0.392737538 0.880703092 0.264800519 -0.920829535 0.919237256 0.384569198 0.084318697 0.054314613
-0.065711975 0.283393711 -0.956749797 1.335727692 -0.377449960 0.880518556 0.286737859 -0.896351337 0.923695683 0.379967213 0.049106359 0.044289708
-0.106235862 0.286541402 -0.952159643 1.338606954 -0.365142763 0.879433990 0.305395752 -0.872056127 0.924870133 0.380118161 0.011201084 0.033875704
-0.149772763 0.293040216 -0.944296539 1.340871811 -0.354413867 0.875689209 0.327962309 -0.846509874 0.923016369 0.383791476 -0.027296901 0.023576856
-0.195058823 0.303761899 -0.932566822 1.344170809 -0.347983658 0.867538214 0.355365813 -0.822022498 0.916983902 0.393835247 -0.063516855 0.014088154
-0.241225839 0.316900313 -0.917270064 1.347104073 -0.341805935 0.856873333 0.385923296 -0.797720551 0.908283472 0.406623036 -0.098381519 0.005195022
-0.288092852 0.328575641 -0.899466813 1.350940228 -0.341295093 0.842377186 0.417035192 -0.778814316 0.894717872 0.427128464 -0.130541563 -0.004149675
-0.335530758 0.334129483 -0.880782068 1.351982474 -0.341307729 0.828339577 0.444255114 -0.755400419 0.878025353 0.449678838 -0.163892508 -0.012469530
-0.382776618 0.330333829 -0.862764120 1.351264715 -0.342713416 0.816478610 0.464661390 -0.733143330 0.857921839 0.473542243 -0.199319124 -0.020997524
-0.429507136 0.313909829 -0.846749365 1.348894119 -0.350298703 0.806311727 0.476604968 -0.711356640 0.832354963 0.501320362 -0.236354470 -0.030829787
-0.474646926 0.286805511 -0.832137644 1.344092011 -0.360286236 0.799278855 0.480985701 -0.691190481 0.803059399 0.528106034 -0.276043177 -0.040832758
-0.518704653 0.257162899 -0.815360665 1.338590741 -0.370305866 0.792013049 0.485375047 -0.671095073 0.770596743 0.553699017 -0.315591931 -0.051719069
-0.561072111 0.234880552 -0.793744087 1.334710717 -0.371397793 0.785531163 0.494979262 -0.650327563 0.739771724 0.572513700 -0.353505492 -0.064093351
-0.601943612 0.213360861 -0.769506991 1.329838037 -0.372169197 0.777627468 0.506740153 -0.629073977 0.706508338 0.591415823 -0.388681531 -0.077262282
-0.640672565 0.193365991 -0.743066788 1.325434446 -0.369936824 0.770297408 0.519411802 -0.607615590 0.672819018 0.607660651 -0.421975136 -0.091869950
-0.677234411 0.174267352 -0.714831948 1.321712732 -0.363672078 0.765286207 0.531111717 -0.587419629 0.639606476 0.619651437 -0.454901934 -0.108665109
-0.711746931 0.153700560 -0.685414195 1.318422318 -0.353547543 0.764777303 0.538627684 -0.565975785 0.606976628 0.625693023 -0.489987493 -0.126724601
-0.743689060 0.131944567 -0.655375719 1.316040039 -0.345418125 0.763494790 0.545675814 -0.544937015 0.572374940 0.632191718 -0.522226691 -0.146493554
-0.774518371 0.117430612 -0.621555626 1.315364718 -0.329148173 0.764289379 0.554547668 -0.526526034 0.540169299 0.634091258 -0.553304076 -0.168334246
-0.804073691 0.108222157 -0.584597111 1.316308260 -0.306137055 0.767547727 0.563161254 -0.510153711 0.509652734 0.631789923 -0.584034204 -0.192501903
-0.831929445 0.101798005 -0.545464039 1.318757057 -0.279505819 0.772323728 0.570431888 -0.496900558 0.479343653 0.627019346 -0.614065766 -0.218640566
-0.858048558 0.095933311 -0.504528940 1.322957873 -0.254556239 0.773783147 0.580052435 -0.490301222 0.446042359 0.626144111 -0.639523149 -0.246422291
