0.969484329 0.244881034 -0.011552826 -0.619373798 0.057077192 -0.271296740 -0.960801959 -0.262651563 -0.238416404 0.930822968 -0.276995063 -0.049014062
0.968672395 0.248262897 -0.006270714 -0.614816487 0.062215194 -0.267041802 -0.961674750 -0.274715334 -0.240422666 0.931157649 -0.274121761 -0.033055663
0.968410194 0.249355108 -0.001924194 -0.609904468 0.064359158 -0.257389188 -0.964162290 -0.286976337 -0.240914047 0.933580816 -0.265306592 -0.013574719
0.968512654 0.248961717 0.001136772 -0.604497015 0.064113915 -0.244999409 -0.967401206 -0.300833642 -0.240567327 0.937013209 -0.253246903 0.006359726
0.969401181 0.245459914 0.003284909 -0.599571466 0.062976979 -0.235738397 -0.969773829 -0.313740134 -0.237266243 0.940306723 -0.243983388 0.028380185
0.969841897 0.243675560 0.005376548 -0.593962550 0.062858157 -0.228744268 -0.971455038 -0.327996343 -0.235489994 0.942495763 -0.237162828 0.050627261
0.970845520 0.239631444 0.005977109 -0.588809252 0.061322592 -0.224183083 -0.972615719 -0.342206866 -0.231729358 0.944626212 -0.232342005 0.071712315
0.971400380 0.237379491 0.005680509 -0.583085775 0.059706829 -0.221036911 -0.973436177 -0.354671597 -0.229818165 0.945935428 -0.228888512 0.093565911
0.971538603 0.236806512 0.005953491 -0.578129590 0.058821142 -0.216825604 -0.974436700 -0.366642773 -0.229462057 0.947053015 -0.224583626 0.113638580
0.971411765 0.237307668 0.006656095 -0.573264539 0.058311708 -0.211331248 -0.975673616 -0.376880229 -0.230128169 0.948168933 -0.219127536 0.132493407
0.970005453 0.242892355 0.009631522 -0.569657147 0.060552299 -0.203066349 -0.977290869 -0.384920537 -0.235420644 0.948560715 -0.211683154 0.148904622
0.969738245 0.243951321 0.009774096 -0.562537849 0.058235310 -0.192243695 -0.979617774 -0.394744158 -0.237100035 0.950542033 -0.200632691 0.166395396
0.968701482 0.247811884 0.014376104 -0.559927523 0.060023308 -0.177649379 -0.982261777 -0.400853574 -0.240862221 0.952381372 -0.186963797 0.179993242
0.968781888 0.247372419 0.016387388 -0.554510891 0.057906330 -0.161514521 -0.985170007 -0.405817598 -0.241057083 0.955363750 -0.170796752 0.194597185
0.969836771 0.243029714 0.018794328 -0.557691932 0.055801652 -0.146303058 -0.987664759 -0.412797034 -0.237282217 0.958922327 -0.155451536 0.200545162
0.969484329 0.244881034 -0.011552826 -0.619373798 0.057077192 -0.271296740 -0.960801959 -0.262651563 -0.238416404 0.930822968 -0.276995063 -0.049014062
0.968475580 0.248894215 -0.010332666 -0.625794947 0.061375432 -0.278607726 -0.958441854 -0.247119173 -0.241429389 0.927593350 -0.285100818 -0.068715334
0.967215896 0.253811061 -0.008564472 -0.633420646 0.067359939 -0.288917899 -0.954981387 -0.228645831 -0.244859248 0.923096240 -0.296542645 -0.091963947
0.965901077 0.258863062 -0.005003259 -0.641294360 0.075641893 -0.300619841 -0.950739741 -0.206663609 -0.247615471 0.917942047 -0.309949875 -0.120678455
0.964031100 0.265781790 0.002014264 -0.651541710 0.088367611 -0.313356996 -0.945514917 -0.183708593 -0.250669479 0.911683798 -0.325572491 -0.152080506
0.962153196 0.272374809 0.008551784 -0.659852624 0.100994810 -0.327261925 -0.939521015 -0.165323526 -0.253103197 0.904826820 -0.342384577 -0.182909176
0.961063802 0.276200056 0.008361220 -0.667644978 0.105923355 -0.340285778 -0.934337258 -0.133185089 -0.255218774 0.898843408 -0.356292367 -0.213176876
0.961117446 0.276101679 0.004589945 -0.676774383 0.106607199 -0.355666876 -0.928512871 -0.120621622 -0.254731447 0.892899215 -0.371272087 -0.235431850
0.962414384 0.271578968 -0.001843378 -0.682956576 0.103073992 -0.371533871 -0.922680140 -0.084645629 -0.251265347 0.887810707 -0.385562301 -0.231123552
0.962277651 0.272052646 -0.003008842 -0.693743229 0.104961276 -0.381416202 -0.918425202 -0.081690371 -0.251007617 0.883464217 -0.395583272 -0.276988983
0.963169217 0.268856227 -0.004627794 -0.704263628 0.105466016 -0.393548250 -0.913234293 -0.058733582 -0.247349948 0.879111111 -0.407408834 -0.314448595
1.000000000 0.000000000 0.000000000 0.000000000 0.000000000 1.000000000 0.000000000 0.000000030 0.000000000 0.000000000 1.000000000 -0.000000022
0.999999046 -0.000201553 0.001381921 0.000606717 0.000216095 0.999944508 -0.010531489 -0.008481991 -0.001379721 0.010531778 0.999943614 -0.003365064
0.999971628 0.004939055 0.005684113 0.001284347 -0.004864802 0.999903619 -0.013003745 -0.007665985 -0.005747791 0.012975723 0.999899268 -0.003508515
0.999911904 0.010781256 0.007743348 0.003189759 -0.010717056 0.999908268 -0.008285163 0.001163131 -0.007831963 0.008201446 0.999935687 -0.002546858
0.999811232 0.016511433 0.010239926 0.003636546 -0.016535193 0.999860764 0.002240119 0.017926142 -0.010201513 -0.002409015 0.999945045 -0.000461483
0.999828219 0.014477067 0.011571713 0.004672191 -0.014646254 0.999785066 0.014672229 0.040485963 -0.011356816 -0.014839191 0.999825418 0.005189328
0.999882877 0.012037884 0.009452107 0.005328118 -0.012298118 0.999532998 0.027974261 0.067192048 -0.009110942 -0.028087227 0.999563932 0.010116041
0.999936461 0.007664392 0.008264081 0.006087285 -0.007974578 0.999239087 0.038178656 0.097404756 -0.007965176 -0.038242135 0.999236763 0.018054670
0.999920666 0.010572689 0.006843329 0.007326984 -0.010869395 0.998933315 0.044879135 0.129924282 -0.006361537 -0.044949960 0.998968959 0.026598556
0.999965370 0.007214992 0.004151155 0.008380089 -0.007407872 0.998795986 0.048494957 0.161513954 -0.003796266 -0.048524030 0.998814821 0.031452682
0.999975801 0.006624432 -0.002131270 0.008352016 -0.006507464 0.998684287 0.050866034 0.196773574 0.002465424 -0.050850932 0.998703182 0.041468401
0.999972403 0.005876163 -0.004548764 0.010912759 -0.005611719 0.998408616 0.056113537 0.226709485 0.004871258 -0.056086462 0.998414040 0.047003184
0.999964952 0.001965777 -0.008139790 0.009729500 -0.001423006 0.997808158 0.066157900 0.255668014 0.008252001 -0.066143997 0.997775972 0.055881526
0.999992788 -0.000459482 -0.003773546 0.007757356 0.000757856 0.996838272 0.079453580 0.289176822 0.003725108 -0.079455860 0.996831417 0.058429167
0.999988973 -0.004591398 -0.000992519 0.009342909 0.004664454 0.995546520 0.094156027 0.327810943 0.000555791 -0.094159618 0.995556951 0.067183010
0.999991834 -0.002006200 0.003504833 0.001275624 0.001599562 0.993662000 0.112397909 0.345143199 -0.003708112 -0.112391382 0.993657112 0.083103016
0.999996543 0.001091289 0.002402572 0.004043293 -0.001392175 0.991639614 0.129030555 0.378068596 -0.002241677 -0.129033446 0.991637707 0.081402801
0.999998212 -0.000897875 -0.001672445 0.002009291 0.001129060 0.989604473 0.143811405 0.392979026 0.001525934 -0.143813044 0.989603698 0.082045719
0.999985635 -0.000363945 -0.005350837 0.000453111 0.001189759 0.987889528 0.155154228 0.400947422 0.005229568 -0.155158371 0.987875760 0.083942220
0.999970794 -0.000151304 -0.007644244 -0.001215779 0.001389191 0.986757934 0.162193865 0.400313377 0.007518478 -0.162199736 0.986729324 0.082585730
0.999947608 0.001578383 -0.010116306 -0.002121516 0.000102190 0.986458361 0.164011791 0.391508162 0.010238188 -0.164004222 0.986406505 0.081553936
0.999931574 0.000570866 -0.011685670 -0.003710464 0.001289691 0.987343490 0.158591181 0.373412341 0.011628305 -0.158595383 0.987275183 0.077564202
0.999916375 -0.000556827 -0.012920610 -0.005329810 0.002442752 0.989220798 0.146411300 0.349262536 0.012699810 -0.146430612 0.989139438 0.071619682
0.999918997 -0.001695462 -0.012616184 -0.005905415 0.003330560 0.991411626 0.130736068 0.321318805 0.012286173 -0.130767480 0.991336942 0.065767914
0.999952018 0.002012103 -0.009586559 -0.006400816 -0.000872682 0.993083298 0.117408745 0.291618705 0.009756490 -0.117394753 0.993037403 0.059872303
0.999978721 0.002662595 -0.005951660 -0.006181699 -0.002005985 0.994178534 0.107726797 0.258625865 0.006203846 -0.107712567 0.994162738 0.053081043
0.999975920 0.006937157 -0.000262460 -0.004377580 -0.006874354 0.994776249 0.101847902 0.224680096 0.000967624 -0.101843640 0.994799972 0.045213588
0.999972522 0.005151644 0.005332401 -0.004550642 -0.005645527 0.995251000 0.097178057 0.187527716 -0.004806451 -0.097205490 0.995252728 0.033380762
0.999959111 0.004496680 0.007847417 -0.002999153 -0.005202226 0.995714247 0.092336752 0.154705226 -0.007398576 -0.092373796 0.995696902 0.027638622
0.999924064 0.000801990 0.012299454 -0.000271916 -0.001849833 0.996343195 0.085421294 0.122914217 -0.012185970 -0.085437551 0.996268988 0.020639364
0.999810815 -0.004192076 0.018994514 0.001125315 0.002727151 0.997065604 0.076503083 0.089744665 -0.019259483 -0.076436803 0.996888399 0.014467745
0.999571681 -0.008502554 0.028003387 0.007235161 0.006697087 0.997930825 0.063947357 0.054617003 -0.028489158 -0.063732423 0.997560322 0.007588165
0.999298096 -0.014082584 0.034713019 0.008292528 0.012435063 0.998806715 0.047228541 0.026995763 -0.035336699 -0.046763729 0.998280764 0.004482320
0.999147892 -0.014459716 0.038658321 0.010896301 0.013268750 0.999434769 0.030888576 -0.001059403 -0.039083108 -0.030349307 0.998774946 -0.002482765
0.998975337 -0.014667712 0.042814534 0.011985414 0.014069352 0.999799550 0.014243684 -0.020977080 -0.043014873 -0.013626716 0.998981476 -0.009197963
0.999019682 -0.012199485 0.042554092 0.014118452 0.012068515 0.999921620 0.003333284 -0.032309618 -0.042591419 -0.002816452 0.999088585 -0.011284917
0.998960555 -0.010079199 0.044454098 0.015162007 0.010145795 0.999947727 -0.001272707 -0.038398661 -0.044438943 0.001722406 0.999010623 -0.012138727
0.998815238 -0.005684080 0.048330497 0.016078912 0.005765573 0.999982178 -0.001546916 -0.035471510 -0.048320841 0.001823736 0.998830199 -0.012420622
0.998784900 -0.001658010 0.049253758 0.017243218 0.001632162 0.999998510 0.000565010 -0.023893991 -0.049254622 -0.000483933 0.998786151 -0.009304991
0.998871744 -0.000203399 0.047488410 0.016820921 -0.000018964 0.999989033 0.004681965 -0.007836339 -0.047488842 -0.004677583 0.998860836 -0.006941542
0.998951495 -0.000036663 0.045780979 0.017229306 -0.000348647 0.999964595 0.008408365 0.014910224 -0.045779668 -0.008415510 0.998916090 0.000766272
0.999042749 0.000991087 0.043733317 0.018906686 -0.001571874 0.999911010 0.013247812 0.040659394 -0.043716293 -0.013303874 0.998955429 0.008675058
0.999233127 -0.001013784 0.039141752 0.018658863 0.000320961 0.999843240 0.017702594 0.071036145 -0.039153561 -0.017676458 0.999076843 0.016140506
0.999403179 0.002754885 0.034433946 0.020217031 -0.003588479 0.999701440 0.024170162 0.103020757 -0.034357078 -0.024279302 0.999114633 0.024419839
0.999504864 0.004014775 0.031206977 0.020838825 -0.004950285 0.999538898 0.029958380 0.139904201 -0.031072311 -0.030098030 0.999063849 0.033610389
0.999511838 0.006766455 0.030500827 0.019270500 -0.007906774 0.999268234 0.037422307 0.179446757 -0.030225294 -0.037645198 0.998833954 0.049116258
0.999326229 0.010431133 0.035189196 0.022062145 -0.012156505 0.998715997 0.049179148 0.212509856 -0.034631021 -0.049573790 0.998169899 0.053004056
0.999560475 0.006046608 0.029022982 0.018592125 -0.007935858 0.997825742 0.065427743 0.248763472 -0.028564265 -0.065629311 0.997435153 0.065920711
0.999673784 -0.001804809 0.025475688 0.017372390 -0.000399451 0.996273041 0.086254902 0.281515241 -0.025536414 -0.086236946 0.995947301 0.072030850
0.999761641 -0.007691216 0.020432919 0.019441755 0.005384843 0.993847907 0.110622428 0.310534269 -0.021158036 -0.110486038 0.993652463 0.075140990
0.999730825 -0.012948512 0.019252032 0.019290134 0.010310925 0.991290450 0.131289408 0.337281674 -0.020784359 -0.131055549 0.991157115 0.080763482
0.999730110 -0.013156633 0.019146217 0.018584600 0.010207024 0.989124298 0.146727443 0.361725777 -0.020868426 -0.146492422 0.988991678 0.085267611
0.999774396 -0.008201201 0.019592848 0.019082924 0.005030529 0.987632036 0.156708941 0.382708997 -0.020635724 -0.156575039 0.987450480 0.087922119
0.999857843 -0.002775946 0.016629381 0.018439226 0.000035502 0.986696243 0.162574828 0.400200695 -0.016859448 -0.162551135 0.986556053 0.090430103
0.999931395 0.002171223 0.011509844 0.016545683 -0.004046932 0.986193776 0.165545881 0.411092550 -0.010991500 -0.165581107 0.986134946 0.091747336
0.999986827 0.003295237 0.003938895 0.015512542 -0.003900242 0.986274660 0.165067032 0.416417718 -0.003340897 -0.165080205 0.986274481 0.090371966
0.999984324 0.005532460 -0.000866171 0.013094181 -0.005313232 0.986234009 0.165270239 0.414306283 0.001768598 -0.165263057 0.986247957 0.088781334
0.999958754 0.007302862 -0.005400295 0.012539474 -0.006305881 0.986122787 0.165897965 0.404296815 0.006536884 -0.165857077 0.986128151 0.086860955
0.999931335 0.009691794 -0.006583674 0.012228480 -0.008471456 0.986228228 0.165173173 0.387325943 0.008093829 -0.165106058 0.986242592 0.082902193
0.999949932 0.006907220 -0.007236920 0.011955095 -0.005654781 0.986989737 0.160683975 0.365585417 0.008252646 -0.160635009 0.986979365 0.079072580
0.999952078 0.006953428 -0.006890853 0.011696211 -0.005788798 0.987647295 0.156586275 0.339456618 0.007894544 -0.156538889 0.987640262 0.074717730
0.999925137 0.011854718 -0.003024842 0.010787926 -0.011251445 0.988130927 0.153201491 0.309979618 0.004805100 -0.153155982 0.988190353 0.069058999
0.999828219 0.017994858 0.004446881 0.012061980 -0.018458039 0.988542557 0.149809629 0.276151538 -0.001700128 -0.149865985 0.988704860 0.064060487
0.999687254 0.022518259 0.010877514 0.013568661 -0.023846857 0.989367783 0.143466711 0.241158783 -0.007531242 -0.143681228 0.989595354 0.059463520
0.999603152 0.024075780 0.014624229 0.015275877 -0.025823504 0.990608335 0.134269342 0.200620323 -0.011254244 -0.134593710 0.990836978 0.055515196
0.999559104 0.023269471 0.018442841 0.015168858 -0.025337782 0.992297351 0.121259816 0.166971266 -0.015479131 -0.121673651 0.992449462 0.045565177
0.999521375 0.020559411 0.023115132 0.016635126 -0.022877559 0.994213223 0.104960226 0.124368586 -0.020823449 -0.105438806 0.994207740 0.041480690
0.999322295 0.020103646 0.030835861 0.020325968 -0.022695458 0.996024072 0.086145148 0.078799486 -0.028981427 -0.086786598 0.995805264 0.035946798
0.999079823 0.020231476 0.037817232 0.018712709 -0.022678675 0.997598469 0.065444201 0.037290920 -0.036402382 -0.066241622 0.997139394 0.027439963
0.998809159 0.018273700 0.045236863 0.018042279 -0.020354204 0.998735607 0.045966256 0.009268609 -0.044339694 -0.046832275 0.997918189 0.025447216
0.998562872 0.019999780 0.049721278 0.016419612 -0.021568313 0.999280035 0.031212717 -0.026064681 -0.049061231 -0.032240264 0.998275280 0.010673856
0.998578250 0.015179448 0.051097993 0.017945804 -0.016074080 0.999723852 0.017142979 -0.046041604 -0.050823662 -0.017939961 0.998546481 0.008125447
0.998671770 0.011685238 0.050181594 0.019150637 -0.012053964 0.999902487 0.007051475 -0.060873896 -0.050094303 -0.007646997 0.998715222 -0.000791034
0.998593628 0.007239853 0.052520480 0.018637815 -0.007519298 0.999958575 0.005125050 -0.084548712 -0.052481201 -0.005512760 0.998606682 -0.011201264
0.998476028 0.000309067 0.055186480 0.016802216 -0.000193117 0.999997735 -0.002106381 -0.044156309 -0.055187009 0.002092514 0.998473823 -0.001306902
0.998302042 -0.003256224 0.058158163 0.017393727 0.003269990 0.999994636 -0.000141539 -0.032901119 -0.058157388 0.000331476 0.998307347 0.009517232
0.998178720 0.000654023 0.060322896 0.010627091 -0.001352268 0.999932528 0.011535042 -0.066026203 -0.060311280 -0.011595606 0.998112261 0.010391107
0.997965515 -0.004759089 0.063578293 0.017333271 0.004099706 0.999936521 0.010497629 -0.012116793 -0.063624218 -0.010215619 0.997921646 0.020616207
0.997578204 -0.000865583 0.069548704 0.021725271 -0.000661423 0.999759316 0.021929888 -0.023074260 -0.069550939 -0.021922780 0.997337461 0.017905889
0.997239232 0.004267802 0.074132875 0.032209307 -0.006323447 0.999601364 0.027516665 0.003468608 -0.073985890 -0.027909474 0.996868670 0.023275562
0.996664822 0.011769818 0.080751143 0.023502618 -0.014617482 0.999288619 0.034764636 0.020124292 -0.080284528 -0.035829071 0.996127844 0.031245146
0.996374667 0.020139718 0.082655206 0.024188049 -0.023459362 0.998948514 0.039389823 0.046250459 -0.081774995 -0.041186061 0.995799482 0.046837159
0.996187270 0.023437465 0.084033385 0.024017166 -0.027384197 0.998560250 0.046125341 0.079064585 -0.082831338 -0.048250664 0.995394826 0.048974931
0.996605217 0.027607504 0.077561796 0.026781464 -0.032001548 0.997918189 0.055992521 0.098424688 -0.075854510 -0.058284536 0.995413959 0.054071132
0.997107923 0.026935309 0.071064904 0.027808009 -0.031483617 0.997473717 0.063678421 0.145421684 -0.069170177 -0.065731637 0.995437026 0.059768219
0.997658968 0.031576872 0.060658615 0.028235795 -0.036229640 0.996356964 0.077202410 0.153321743 -0.057999823 -0.079219311 0.995168507 0.061764069
0.998500645 0.028179247 0.046930093 0.026362805 -0.032181337 0.995703280 0.086829536 0.193778425 -0.044281658 -0.088209622 0.995117188 0.060988158
0.999109328 0.024811156 0.034132004 0.026180327 -0.028113544 0.994595349 0.099948570 0.213334933 -0.031467691 -0.100819126 0.994406998 0.060785513
0.999574661 0.019747389 0.021459823 0.026185447 -0.022084093 0.993148386 0.114754587 0.227937639 -0.019046685 -0.115179703 0.993162036 0.057640471
0.999836326 0.012810415 0.012774915 0.026526432 -0.014368499 0.991350234 0.130454153 0.238415003 -0.010993242 -0.130616367 0.991372049 0.053111337
0.999975979 0.005761138 0.003850026 0.025330832 -0.006262231 0.989230990 0.146228597 0.245932370 -0.002966122 -0.146249190 0.989243329 0.047400478
0.999986768 -0.002640994 -0.004409056 0.025315227 0.003327837 0.986476243 0.163870573 0.250739127 0.003916648 -0.163883090 0.986472011 0.043524489
0.999916255 -0.008005346 -0.010167718 0.024764536 0.009723037 0.983241141 0.182050303 0.253131807 0.008539943 -0.182133928 0.983236670 0.038201697
0.999902666 -0.009842138 -0.009891833 0.024376119 0.011653430 0.978904784 0.203984410 0.253408164 0.007675520 -0.204079837 0.978924155 0.035041090
0.999796271 -0.019391216 -0.005598255 0.025423128 0.020154044 0.974073052 0.225334078 0.254208893 0.001083608 -0.225401014 0.974265456 0.030705445
0.999777377 -0.019059572 0.009053868 0.024698680 0.016191561 0.968104064 0.250024796 0.254270852 -0.013530453 -0.249822542 0.968197107 0.028062453
0.999533236 -0.021135913 0.022057911 0.022941139 0.014277819 0.961524487 0.274347961 0.250942260 -0.027007816 -0.273904979 0.961377501 0.025271609
0.999139726 -0.026905349 0.031558841 0.021310192 0.016481729 0.955920875 0.293161452 0.249189794 -0.038055368 -0.292389095 0.955541968 0.022590477
0.998857617 -0.031830315 0.035641212 0.018613568 0.019230440 0.950550497 0.309974104 0.247134402 -0.043745343 -0.308934599 0.950076699 0.018172577
0.998727083 -0.035267163 0.036061309 0.016788937 0.021502286 0.944401026 0.328092098 0.246266395 -0.045627214 -0.326899052 0.943957210 0.013588442
0.998497546 -0.040503953 0.036906485 0.015209982 0.025213791 0.937589943 0.346827626 0.245476872 -0.048651036 -0.345375955 0.937202513 0.008777628
0.998257756 -0.045519769 0.037541367 0.014227294 0.028615847 0.929924786 0.366634756 0.245412052 -0.051599778 -0.364921719 0.929607213 0.003171339
0.998007715 -0.051253438 0.036791753 0.013953424 0.033124290 0.921969771 0.385842651 0.245420784 -0.053696644 -0.383855253 0.921830714 -0.002778662
0.998001635 -0.052364066 0.035365425 0.014842780 0.033661947 0.914247036 0.403756469 0.246307388 -0.053475060 -0.401759177 0.914182723 -0.009056197
0.998090327 -0.050855793 0.035063062 0.016293742 0.031512767 0.907403469 0.419077486 0.246868253 -0.053128857 -0.417172223 0.907273233 -0.014535562
0.998258650 -0.049310256 0.032374948 0.018584196 0.030571450 0.901852310 0.430961460 0.246436149 -0.050448239 -0.429221243 0.901789367 -0.019358449
0.998418093 -0.047512218 0.030064803 0.021346917 0.029566566 0.898479402 0.438018948 0.244910285 -0.047823858 -0.436437160 0.898462832 -0.022783291
0.998370290 -0.049280055 0.028779199 0.026493926 0.031666167 0.897916377 0.439025551 0.242660418 -0.047476515 -0.437398762 0.898013532 -0.024700262
0.998418510 -0.049406562 0.026822042 0.031255815 0.032855380 0.899959087 0.434734583 0.240435302 -0.045617480 -0.433165789 0.900159121 -0.025376599
0.998470843 -0.050513390 0.022457790 0.035231177 0.036052998 0.902990043 0.428146213 0.238171309 -0.041906279 -0.426681846 0.903430343 -0.024939515
0.998554051 -0.050343994 0.018847916 0.040044829 0.037775379 0.906606674 0.420282453 0.236746311 -0.038246341 -0.418962747 0.907197595 -0.023508485
0.998695314 -0.048264146 0.016681876 0.044087056 0.037093468 0.910157681 0.412597984 0.236766860 -0.035096824 -0.411440879 0.910760462 -0.021241255
0.998955846 -0.043365352 0.014374109 0.045791563 0.033741117 0.912434816 0.407828659 0.236166835 -0.030801071 -0.406917840 0.912945330 -0.019211035
0.999143302 -0.039845116 0.011180326 0.046458513 0.031963229 0.914603591 0.403086424 0.236041397 -0.026286591 -0.402383745 0.915093601 -0.017384395
0.999409139 -0.033520337 0.007600207 0.046944078 0.027659720 0.915617406 0.401098102 0.235650912 -0.020403827 -0.400650889 0.916003585 -0.014519447
0.999504566 -0.031073127 0.005003997 0.048028726 0.026449215 0.915441275 0.401581466 0.235318840 -0.017059255 -0.401250184 0.915809631 -0.012054748
0.999646723 -0.026334302 0.003590430 0.049156561 0.022604125 0.913448393 0.406326383 0.234159112 -0.013979993 -0.406101674 0.913720965 -0.009555954
0.999742866 -0.022468401 0.003053705 0.052180082 0.019235337 0.911672950 0.410466164 0.233801961 -0.012006499 -0.410301894 0.911870718 -0.007101162
0.999759436 -0.021854060 0.001849515 0.055749495 0.019139169 0.910516024 0.413030624 0.233267590 -0.010710409 -0.412895858 0.910715282 -0.004301713
0.999746442 -0.022373660 0.002543803 0.061236359 0.019306814 0.909836411 0.414517730 0.233369201 -0.011588723 -0.414363533 0.910037696 -0.000608648
0.999684930 -0.024773424 0.004044434 0.068177879 0.020846860 0.909144044 0.415959746 0.232410878 -0.013981719 -0.415744394 0.909374058 0.002230606
0.999605894 -0.027535541 0.005466358 0.078100041 0.022731932 0.908192039 0.417935997 0.231341705 -0.016472597 -0.417647034 0.908460021 0.006098547
0.999525011 -0.029800298 0.007856663 0.088412657 0.023768989 0.907689035 0.418969780 0.231148064 -0.019616831 -0.418584019 0.907966197 0.010078746
0.999387980 -0.034196425 0.007367404 0.102013119 0.027899588 0.906244516 0.421832353 0.229609177 -0.021101827 -0.421368629 0.906643927 0.013315937
0.999216437 -0.038727269 0.008169665 0.116363041 0.031618305 0.905199528 0.423809022 0.228969246 -0.023808144 -0.423218638 0.905714691 0.016311556
0.999019384 -0.043307733 0.009202736 0.132379219 0.035310630 0.904744923 0.424487710 0.228217348 -0.026709728 -0.423746526 0.905386925 0.018699888
0.998843610 -0.046472698 0.012316599 0.149666950 0.036861435 0.904737890 0.424370795 0.226523995 -0.030864950 -0.423426062 0.905404747 0.021521822
0.998547494 -0.051018655 0.017319931 0.166280702 0.039042309 0.906708539 0.419946879 0.225639641 -0.037129253 -0.418660671 0.907383442 0.024323989
0.998165190 -0.056351669 0.022153964 0.185682997 0.042154744 0.909381688 0.413821191 0.222951189 -0.043465920 -0.412128001 0.910088599 0.026821820
0.997587025 -0.064595751 0.025445858 0.206105962 0.048596755 0.911442637 0.408547014 0.220099449 -0.049582839 -0.406324595 0.912382543 0.029976165
0.997006416 -0.070302010 0.032184571 0.224915236 0.051395074 0.913565397 0.403431386 0.218448773 -0.057764739 -0.400569528 0.914443731 0.032823928
0.996493220 -0.074591145 0.037912749 0.243042707 0.053045541 0.913582325 0.403179228 0.217532679 -0.064710014 -0.399754286 0.914335370 0.036465492
0.995886266 -0.078106403 0.045934483 0.260577768 0.052968323 0.913110375 0.404257178 0.218641251 -0.073518321 -0.400161088 0.913491189 0.038124781
0.995205104 -0.081499755 0.054079305 0.277582169 0.052126270 0.909777999 0.411809236 0.220002979 -0.082762510 -0.407015711 0.909664035 0.041139197
0.994531751 -0.084022120 0.062023200 0.295269400 0.050073724 0.904824018 0.422831029 0.220735386 -0.091647245 -0.417413145 0.904083550 0.041888889
0.993731737 -0.089196362 0.067388475 0.310841262 0.051648416 0.900935829 0.430867851 0.223680422 -0.099144533 -0.424686551 0.899895370 0.043897618
0.993292451 -0.090375207 0.072127506 0.320124328 0.049940728 0.897914052 0.437328637 0.227349237 -0.104287967 -0.430793166 0.896404624 0.047274344
0.993238211 -0.089870512 0.073492222 0.331256568 0.048434496 0.896095455 0.441210926 0.229359224 -0.105507888 -0.434668005 0.894389093 0.048620541
0.993378818 -0.089551225 0.071966246 0.340934068 0.048756629 0.895828426 0.441717356 0.231527582 -0.104025736 -0.435283810 0.894263208 0.050034344
0.993437052 -0.089867264 0.070758253 0.347361058 0.049767882 0.896610439 0.440014631 0.233281568 -0.102985501 -0.433605343 0.895198524 0.051119559
0.993492424 -0.091159992 0.068283990 0.351794481 0.052394696 0.898099005 0.436661243 0.234416112 -0.101131812 -0.430241883 0.897030830 0.051659442
0.993724823 -0.091200039 0.064757898 0.354446918 0.054355249 0.899739265 0.433029741 0.235618338 -0.097757548 -0.426792473 0.899050415 0.052061103
0.993597567 -0.093556747 0.063332781 0.354905367 0.057414051 0.900934219 0.430140913 0.236436009 -0.097301245 -0.423750758 0.900537491 0.052050941
0.993508220 -0.094625920 0.063145451 0.353223741 0.058551595 0.901249170 0.429326981 0.237005949 -0.097535245 -0.422842592 0.900938928 0.051654216
0.993374407 -0.093563907 0.066731073 0.349948406 0.055974223 0.901040733 0.430107534 0.237251893 -0.100369953 -0.423522592 0.900308013 0.050386809
0.993318677 -0.092664175 0.068785161 0.344633400 0.054276325 0.901122987 0.430152833 0.235942349 -0.101843640 -0.423545420 0.900131762 0.048645932
0.993362188 -0.092468649 0.068418562 0.336700141 0.054295838 0.901292861 0.429794252 0.234378338 -0.101407662 -0.423226535 0.900330901 0.046591971
0.993547797 -0.091421567 0.067118391 0.326725006 0.054067381 0.902023911 0.428286791 0.233109504 -0.099697039 -0.421894491 0.901146829 0.043748938
0.993808150 -0.091533266 0.062984630 0.314900845 0.055767037 0.901212513 0.429774433 0.232071981 -0.096101195 -0.423600882 0.900736809 0.040525109
0.994345367 -0.088509709 0.058680233 0.301425993 0.054657891 0.900314629 0.431794018 0.232609943 -0.091048628 -0.426145047 0.900061429 0.037184089
0.994761229 -0.086300455 0.054793470 0.286729038 0.054086603 0.899161100 0.434262604 0.233353138 -0.086745210 -0.429024011 0.899118304 0.034423299
0.995148003 -0.084631748 0.050178528 0.270227045 0.054439925 0.898452997 0.435681671 0.233417079 -0.081955552 -0.430836052 0.898701072 0.031039264
0.995454252 -0.083998837 0.044888884 0.252098024 0.056227390 0.898735166 0.434871942 0.233990371 -0.076871954 -0.430371135 0.899372756 0.028807623
0.995958686 -0.080526024 0.039773125 0.233181104 0.055436105 0.899599135 0.433183849 0.233771876 -0.070662439 -0.429228365 0.900427580 0.025308572
0.996398449 -0.077537328 0.034322627 0.213201463 0.055367485 0.901501536 0.429219574 0.233311653 -0.064222433 -0.425773352 0.902547836 0.021837898
0.996916950 -0.072844341 0.029159207 0.191941798 0.053639453 0.903931797 0.424299568 0.231829181 -0.057265755 -0.421427339 0.905052304 0.017450443
0.997473896 -0.066699892 0.024433160 0.169879824 0.050260350 0.905766428 0.420786321 0.229160950 -0.050197139 -0.418495357 0.906830668 0.013851270
0.997719646 -0.064558074 0.019690380 0.148506016 0.050545901 0.908012390 0.415882975 0.227210626 -0.044727713 -0.413939387 0.909204960 0.009306103
0.997963071 -0.061687976 0.016258307 0.124843121 0.049446546 0.908999979 0.413852721 0.225114942 -0.040308535 -0.412205786 0.910198689 0.006207845
0.998161674 -0.059262179 0.012698712 0.100762472 0.048729323 0.909308553 0.413259476 0.224151433 -0.036037698 -0.411881000 0.910524786 0.002234250
0.998528600 -0.053532019 0.008661110 0.076230898 0.045094259 0.908393443 0.415677637 0.223434523 -0.030119758 -0.414675444 0.909470797 -0.001245649
0.998521626 -0.054330040 0.001667155 0.053176444 0.048692044 0.907691896 0.416802734 0.223699987 -0.024158170 -0.416105360 0.908995450 -0.005195803
0.998803854 -0.048844948 -0.002256071 0.029564520 0.045290627 0.906760991 0.419205517 0.225309715 -0.018430352 -0.418806225 0.907888591 -0.007219588
0.999009252 -0.044436961 -0.002433709 0.004843892 0.041358851 0.906836510 0.419448495 0.226308003 -0.016432039 -0.419133544 0.907775879 -0.010372810
0.999085486 -0.042571526 -0.003988171 -0.019642299 0.040336337 0.907449543 0.418220401 0.226155072 -0.014185214 -0.417998791 0.908336818 -0.013773962
0.999121845 -0.041036412 -0.008460387 -0.042811450 0.040843688 0.908841848 0.415136546 0.228113398 -0.009346559 -0.415117532 0.909719765 -0.015367398
0.999229968 -0.038111318 -0.009329870 -0.067047603 0.038560402 0.909882188 0.413070768 0.229544804 -0.007253587 -0.413112432 0.910651147 -0.017138351
0.999300659 -0.035284411 -0.012377842 -0.090728752 0.037251394 0.910670698 0.411450177 0.229683980 -0.003245638 -0.411623508 0.911348224 -0.021471832
0.999394715 -0.032206792 -0.013149920 -0.114511222 0.034767937 0.911909401 0.408916146 0.232637674 -0.001178341 -0.409125835 0.912477255 -0.023344906
0.999355555 -0.030466162 -0.018982826 -0.137711927 0.035572790 0.911365926 0.410057008 0.233003616 0.004807437 -0.410467982 0.911862314 -0.027223138
0.999216497 -0.027691390 -0.028276771 -0.157719985 0.036906887 0.909954846 0.413061857 0.236330166 0.014292330 -0.413781822 0.910263896 -0.029040603
0.999131918 -0.023757309 -0.034219407 -0.178084686 0.035899717 0.907748401 0.417976141 0.239712715 0.021132626 -0.418841779 0.907813311 -0.031237185
0.998872757 -0.019934990 -0.043079123 -0.195305213 0.036343444 0.904972851 0.423914284 0.243112177 0.030534713 -0.425002068 0.904677212 -0.032818574
0.998401523 -0.019086972 -0.053198241 -0.212361678 0.040076077 0.902785182 0.428220600 0.244968280 0.039853148 -0.429668099 0.902107000 -0.033889879
0.997678161 -0.020871256 -0.064827755 -0.223703146 0.046632905 0.903087676 0.426916867 0.246589318 0.049634855 -0.428948730 0.901964188 -0.034229849
0.997371435 -0.018228702 -0.070128337 -0.238589853 0.046268523 0.905049324 0.422782451 0.245102420 0.055762827 -0.424915880 0.903513730 -0.039802153
0.997034550 -0.013976263 -0.075675279 -0.247931689 0.044347502 0.908013403 0.416587353 0.247417822 0.062891826 -0.418708026 0.905940533 -0.039536413
0.996591330 -0.013807783 -0.081332803 -0.254879862 0.046086244 0.910890996 0.410065413 0.246978506 0.068423226 -0.412415981 0.908422410 -0.040899277
0.996427059 -0.012454459 -0.083534658 -0.258677304 0.045464560 0.912631094 0.406248093 0.246253848 0.071176723 -0.408594429 0.909936547 -0.041917689
0.996485114 -0.010355154 -0.083127812 -0.259403825 0.043278560 0.913278282 0.405030638 0.245536521 0.071724668 -0.407204658 0.910516322 -0.043571796
0.996648431 -0.008435749 -0.081367947 -0.256299824 0.040907018 0.912767529 0.406425923 0.245148838 0.070841514 -0.408392280 0.910053432 -0.044734050
0.997012019 -0.008403592 -0.076788142 -0.250726193 0.039165009 0.911815524 0.408727974 0.244593278 0.066581830 -0.410514086 0.909420192 -0.045483813
0.997445941 -0.007896299 -0.070987947 -0.242035002 0.036408789 0.911262572 0.410213262 0.243882954 0.061449490 -0.411750108 0.909222603 -0.046512060
0.997966945 -0.007857567 -0.063247539 -0.230431706 0.033191621 0.911250532 0.410512894 0.242404908 0.054408718 -0.411777586 0.909658670 -0.047080919
0.998390436 -0.007870157 -0.056165881 -0.216092795 0.030151963 0.912429869 0.408120811 0.241357416 0.048035458 -0.409157395 0.911198556 -0.048088547
0.998823643 -0.007456564 -0.047913820 -0.200620815 0.026258070 0.913867652 0.405162215 0.240063936 0.040765770 -0.405943751 0.912988424 -0.048586916
0.999021471 -0.008110269 -0.043477971 -0.181633487 0.024937693 0.915169954 0.402296066 0.238613144 0.036527004 -0.402986646 0.914476633 -0.048785027
0.999309182 -0.008815640 -0.036103807 -0.163042918 0.022565652 0.915812671 0.400971234 0.237279788 0.029529506 -0.401508927 0.915378928 -0.048274010
0.999505103 -0.009979471 -0.029832684 -0.142774165 0.021130871 0.915524960 0.401705742 0.236001059 0.023303758 -0.402137339 0.915282726 -0.048062664
0.999584436 -0.012673297 -0.025891863 -0.120272741 0.022054024 0.914604008 0.403748930 0.236034974 0.018563971 -0.404152155 0.914503396 -0.046440262
0.999567807 -0.016002532 -0.024660658 -0.098571800 0.024692666 0.912244618 0.408901066 0.235886455 0.015953101 -0.409333259 0.912245452 -0.044720046
0.999515176 -0.020388292 -0.023530506 -0.075662538 0.028305283 0.909839392 0.413994133 0.236755311 0.012968346 -0.414459467 0.909975350 -0.042740431
0.999489069 -0.023676373 -0.021471806 -0.052288476 0.030505132 0.907158732 0.419681370 0.236390665 0.009541802 -0.420121968 0.907417476 -0.040066779
0.999523818 -0.024653699 -0.018557683 -0.027676264 0.030184761 0.906060636 0.422069907 0.236649230 0.006408803 -0.422429085 0.906373322 -0.038087241
0.999532461 -0.024884216 -0.017767692 -0.004270976 0.030062545 0.905870378 0.422486782 0.236791924 0.005581975 -0.422823370 0.906194925 -0.035522286
0.999355495 -0.031002231 -0.018094445 0.018214354 0.035743274 0.905923665 0.421929747 0.237181202 0.003311424 -0.422304600 0.906447947 -0.032764543
0.999287426 -0.031508327 -0.020782351 0.041306823 0.037328117 0.906563818 0.420414835 0.237552688 0.005593961 -0.420891017 0.907094002 -0.028884167
0.999215603 -0.033980675 -0.020334359 0.062487699 0.039384507 0.906267941 0.420864910 0.236870006 0.004127105 -0.421335667 0.906895399 -0.026106043
0.999153793 -0.036053102 -0.019794982 0.083448216 0.041042019 0.905396521 0.422578692 0.236933395 0.002687036 -0.423033535 0.906110048 -0.022003412
0.999073684 -0.039126135 -0.017913140 0.103285328 0.043029487 0.904042661 0.425270915 0.237409264 -0.000444965 -0.425647795 0.904888809 -0.018624337
0.999086797 -0.040295139 -0.014206721 0.120388426 0.042498358 0.902921319 0.427699685 0.239117280 -0.004406665 -0.427912891 0.903809249 -0.015138502
0.999003112 -0.043312918 -0.010806960 0.136458233 0.043749485 0.901800454 0.429932445 0.241239145 -0.008875906 -0.429976672 0.902796388 -0.012097846
0.998884857 -0.046650723 -0.007265027 0.149660513 0.045224398 0.901226521 0.430982053 0.243693590 -0.013558191 -0.430830002 0.902331233 -0.008402229
0.998745680 -0.049834229 -0.004859797 0.160321981 0.047053300 0.900944591 0.431375533 0.246950507 -0.017118858 -0.431063145 0.902159393 -0.004175137
0.998718500 -0.050605290 0.000667495 0.170201659 0.045403272 0.901725054 0.429919094 0.249651983 -0.022358079 -0.429337829 0.902867198 -0.000139133
0.998472929 -0.053713389 0.012911195 0.178607285 0.043183424 0.904644072 0.423974395 0.252459258 -0.034453139 -0.422769427 0.905582130 0.005014851
0.997861028 -0.058721788 0.028725311 0.186850116 0.041676715 0.910001397 0.412505209 0.255475491 -0.050363116 -0.410425663 0.910502255 0.011010089
0.997093976 -0.062778816 0.043156411 0.192903906 0.040726829 0.918012381 0.394454807 0.258558273 -0.064381525 -0.391550869 0.917901397 0.017455105
0.996562004 -0.062651455 0.054212511 0.197665855 0.037668891 0.925431132 0.377038866 0.259020209 -0.073791981 -0.373700470 0.924609482 0.022906139
0.995872378 -0.061360300 0.066881776 0.201126754 0.033562191 0.933588147 0.356772721 0.259782344 -0.084331706 -0.353055418 0.931793988 0.027575986
0.994904816 -0.061501615 0.079887033 0.203817576 0.031113647 0.941006601 0.336954713 0.258968204 -0.095897481 -0.332752287 0.938125551 0.031693347
0.993937731 -0.062355645 0.090551600 0.206553668 0.030143373 0.946605086 0.320983142 0.257418454 -0.105731711 -0.316307694 0.942746103 0.035607770
0.992795646 -0.065851919 0.100101531 0.209564999 0.031671546 0.949944973 0.310807765 0.255947977 -0.115558237 -0.305398226 0.945186853 0.039960936
0.991501033 -0.074251994 0.106828764 0.212973654 0.037678752 0.949832201 0.310482115 0.254523188 -0.124523312 -0.303818136 0.944557309 0.043764308
0.989998400 -0.082444444 0.114482023 0.217390597 0.042071559 0.947081745 0.318223387 0.253008008 -0.134659588 -0.310224205 0.941077948 0.050091535
0.988169849 -0.091918528 0.122765407 0.223409384 0.047473297 0.944502532 0.325055808 0.251574486 -0.145830885 -0.315382272 0.937692583 0.056613840
0.985722303 -0.104916327 0.131696954 0.230042145 0.055552058 0.940989852 0.333844453 0.248936713 -0.158951238 -0.321761876 0.933382988 0.065821558
0.983633518 -0.115021966 0.138690278 0.237404242 0.061302312 0.937445998 0.342690825 0.246775955 -0.169431612 -0.328580141 0.929154456 0.075817555
0.982049942 -0.121594071 0.144196987 0.244102255 0.063840121 0.933630824 0.352502465 0.245032787 -0.177488953 -0.336969495 0.924634635 0.086743087
0.981153071 -0.125455186 0.146968096 0.250017911 0.064745322 0.930052817 0.361676335 0.242679834 -0.182062268 -0.345344365 0.920646846 0.098260939
0.981128097 -0.127267540 0.145570055 0.254969060 0.065508187 0.927108288 0.369024247 0.240134791 -0.181924000 -0.352524012 0.917949080 0.110420048
0.981146932 -0.132614255 0.140584961 0.257537305 0.071001075 0.923896968 0.375996321 0.236524850 -0.179748490 -0.358925968 0.915894449 0.123752929
0.982418120 -0.132410958 0.131612957 0.258146882 0.073153332 0.921613574 0.381152302 0.232310638 -0.171765029 -0.364823014 0.915096164 0.137570843
0.984053433 -0.129959241 0.121447429 0.256306589 0.074731305 0.921661139 0.380730897 0.227941394 -0.161412880 -0.365583628 0.916675806 0.152623773
0.986331463 -0.123745769 0.108799130 0.251851916 0.074558988 0.924010873 0.375026584 0.223197639 -0.146939516 -0.361788571 0.920607328 0.168091178
0.988816679 -0.114828423 0.095162854 0.245679229 0.072426349 0.927536666 0.366647243 0.216849387 -0.130368561 -0.355654597 0.925480366 0.182560682
0.991456926 -0.103224680 0.079735711 0.237057582 0.068426713 0.932057440 0.355790287 0.212374479 -0.111044601 -0.347294718 0.931158125 0.197985888
0.993835390 -0.089136839 0.065922998 0.225209370 0.060867429 0.935683191 0.347551554 0.208304793 -0.092662685 -0.341396481 0.935340643 0.211752608
0.995824397 -0.076758303 0.049415506 0.211964846 0.055334400 0.938063920 0.342014939 0.205034360 -0.072607391 -0.337852448 0.938394308 0.225558162
0.997532666 -0.064475834 0.027775520 0.195735037 0.051224988 0.939012170 0.340047330 0.201518491 -0.048006386 -0.337785512 0.939998031 0.236721069
0.998588085 -0.052989263 0.003744763 0.175414592 0.048570830 0.939320803 0.339584112 0.197732598 -0.021511845 -0.338922739 0.940568268 0.243814498
0.998816967 -0.042848002 -0.022994503 0.150126100 0.048131872 0.938496113 0.341918677 0.195766672 0.006929721 -0.342620939 0.939448178 0.250575513
0.998149574 -0.030971896 -0.052327931 0.126723349 0.047192510 0.937248945 0.345452368 0.197347939 0.038344987 -0.347282588 0.936976254 0.254886389
0.996700466 -0.018469891 -0.079038523 0.098728567 0.045175500 0.935236633 0.351129085 0.195766181 0.067434408 -0.353541106 0.932985127 0.252611876
0.994422555 -0.005596871 -0.105320498 0.068357371 0.042861611 0.933857620 0.355067432 0.198517486 0.096367076 -0.357601285 0.928888977 0.247631282
0.991086125 0.006394144 -0.133069381 0.039540555 0.042257059 0.932180762 0.359518319 0.201316327 0.126343533 -0.361936718 0.923601151 0.243316039
0.987632096 0.020380320 -0.155458972 0.007843772 0.037812635 0.931288838 0.362313867 0.204042226 0.152161285 -0.363711119 0.919000089 0.233243853
0.983235061 0.030097753 -0.179841489 -0.025539594 0.038195856 0.930405736 0.364535660 0.206892565 0.178297251 -0.365293413 0.913657904 0.212429747
0.978788733 0.034254029 -0.201988459 -0.053607855 0.042535335 0.930463195 0.363908023 0.211627990 0.200408131 -0.364780694 0.909269810 0.200256899
0.972363353 0.037261046 -0.230480313 -0.075376257 0.050563611 0.930145025 0.363694370 0.215374932 0.227931738 -0.365296960 0.902554870 0.178154543
0.968826354 0.039493430 -0.244572669 -0.104301564 0.054451484 0.929125488 0.365733385 0.221654713 0.241682768 -0.367649496 0.898010731 0.155606106
0.966247320 0.044814907 -0.253688306 -0.123237059 0.053934619 0.927738190 0.369314164 0.228892297 0.251907080 -0.370531410 0.894007444 0.139587611
0.965007961 0.044672582 -0.258387268 -0.139209613 0.056957010 0.926145613 0.372840673 0.235766679 0.255959988 -0.374511212 0.891193509 0.117224492
0.965123594 0.045955099 -0.257729620 -0.148468837 0.056406543 0.924847007 0.376133412 0.242801830 0.255645722 -0.377552897 0.889999509 0.091775179
