1.000000000 0.000000000 0.000000000 0.000000000 0.000000000 1.000000000 0.000000000 -0.000001669 0.000000000 0.000000000 1.000000000 0.000000238
0.999999821 0.000561940 0.000115463 -0.000227486 -0.000561950 0.999999821 0.000084135 -0.000352284 -0.000115415 -0.000084200 1.000000000 -0.000060563
0.999999940 -0.000167519 0.000201307 -0.000122707 0.000167554 1.000000000 -0.000174902 -0.000278755 -0.000201278 0.000174936 0.999999940 -0.000092722
1.000000000 0.000209769 -0.000011400 0.000007255 -0.000209773 0.999999881 -0.000391896 0.000473379 0.000011317 0.000391899 0.999999940 -0.000304513
1.000000000 0.000044377 0.000236285 -0.000161853 -0.000044266 0.999999881 -0.000469211 0.000288911 -0.000236306 0.000469201 0.999999881 0.000155122
1.000000000 -0.000098374 0.000220017 -0.000116169 0.000098451 0.999999940 -0.000353106 0.000395202 -0.000219982 0.000353127 0.999999940 -0.000131937
0.999999881 0.000024019 0.000540857 -0.000102880 -0.000023732 0.999999881 -0.000530679 0.000329147 -0.000540870 0.000530666 0.999999702 -0.000239261
0.999999940 0.000041928 0.000304890 0.000285377 -0.000041783 0.999999881 -0.000476152 0.000767038 -0.000304910 0.000476140 0.999999821 -0.000332512
0.999999642 -0.000175286 0.000795242 0.000013673 0.000175554 0.999999940 -0.000337003 0.000415042 -0.000795183 0.000337142 0.999999642 -0.000493647
0.999999344 -0.000531844 0.001004700 -0.000007583 0.000531972 0.999999821 -0.000127771 0.000054168 -0.001004632 0.000128306 0.999999464 -0.000399575
0.999998689 -0.000410598 0.001567060 -0.001477227 0.000409692 0.999999762 0.000578144 -0.000802503 -0.001567297 -0.000577502 0.999998629 0.001377453
0.999999523 -0.000396263 0.000894195 0.000163383 0.000396538 0.999999881 -0.000306959 0.000130243 -0.000894073 0.000307313 0.999999583 -0.000600324
0.999999166 -0.000688311 0.001068459 -0.000458049 0.000688095 0.999999762 0.000202396 -0.000140056 -0.001068598 -0.000201660 0.999999404 -0.000134189
0.999998987 -0.000977386 0.001049844 -0.001042769 0.000977016 0.999999464 0.000352681 -0.000613665 -0.001050188 -0.000351655 0.999999404 0.001015076
0.999998927 -0.000732435 0.001252553 -0.001516357 0.000732204 0.999999702 0.000184897 -0.000550897 -0.001252688 -0.000183979 0.999999225 0.000866241
0.999999583 -0.000496112 0.000770349 -0.000365081 0.000496320 0.999999821 -0.000269672 0.000490028 -0.000770215 0.000270055 0.999999642 -0.000074569
0.999999762 -0.000699160 0.000188536 0.000439823 0.000699245 0.999999642 -0.000449177 0.000760873 -0.000188222 0.000449309 0.999999881 0.000041622
0.999999702 -0.000699160 0.000252735 -0.000535850 0.000699022 0.999999583 0.000546599 -0.000763375 -0.000253117 -0.000546422 0.999999821 0.000618392
0.999999702 -0.000683016 0.000285931 -0.000271576 0.000682988 0.999999762 0.000096822 0.000099887 -0.000285997 -0.000096627 0.999999940 -0.000654987
0.999999762 -0.000464438 0.000452413 -0.000203399 0.000464239 0.999999821 0.000440294 -0.000699521 -0.000452617 -0.000440084 0.999999821 -0.000427374
0.999999702 -0.000521752 0.000547622 -0.000309639 0.000521550 0.999999821 0.000368107 -0.000790467 -0.000547814 -0.000367821 0.999999762 -0.000302969
0.999999344 -0.001066566 0.000457780 0.000747905 0.001066401 0.999999344 0.000360934 -0.001197420 -0.000458165 -0.000360445 0.999999821 -0.001777679
0.999998689 -0.001489535 0.000606152 0.000582973 0.001489322 0.999998808 0.000351560 -0.001171368 -0.000606675 -0.000350657 0.999999762 -0.001709239
0.999999642 -0.000528452 0.000684961 -0.000592944 0.000528076 0.999999702 0.000549214 -0.000733267 -0.000685251 -0.000548852 0.999999642 -0.000621989
0.999999285 -0.000750698 0.000899703 0.000052536 0.000750780 0.999999702 -0.000090134 0.000030118 -0.000899635 0.000090810 0.999999583 -0.000411555
0.999999106 -0.000935784 0.000963864 -0.000030959 0.000935651 0.999999523 0.000138184 -0.000308709 -0.000963993 -0.000137282 0.999999523 -0.000398359
0.999999404 -0.000575579 0.000942229 -0.000622677 0.000575421 0.999999821 0.000168191 -0.000276708 -0.000942326 -0.000167649 0.999999523 0.000454552
0.999999404 -0.000710889 0.000842034 0.000194579 0.000710860 0.999999762 0.000034630 0.000094785 -0.000842058 -0.000034032 0.999999642 -0.000168014
0.999999404 -0.000755626 0.000791524 0.000039525 0.000755635 0.999999702 -0.000011008 -0.000187605 -0.000791516 0.000011606 0.999999702 -0.000183634
0.999999762 -0.000251495 0.000596873 -0.000292108 0.000251459 0.999999940 0.000059339 -0.001391318 -0.000596888 -0.000059189 0.999999821 -0.000657353
0.999999583 -0.000514975 0.000743113 -0.000030133 0.000515060 0.999999881 -0.000114187 -0.000216470 -0.000743054 0.000114570 0.999999702 -0.000254518
0.999999523 -0.000621079 0.000737103 -0.000179148 0.000621144 0.999999821 -0.000088594 -0.000395964 -0.000737047 0.000089052 0.999999702 -0.000268412
0.999999404 -0.000667710 0.000889661 -0.000400088 0.000667847 0.999999762 -0.000153844 -0.000576859 -0.000889558 0.000154438 0.999999583 -0.000160462
0.999999642 -0.000662885 0.000530889 0.000003194 0.000662871 0.999999762 0.000027950 -0.000220568 -0.000530908 -0.000027599 0.999999881 -0.000125035
0.999999702 -0.000566296 0.000516217 -0.000139126 0.000566308 0.999999821 -0.000022552 -0.000354564 -0.000516204 0.000022844 0.999999881 -0.000212933
0.999999881 -0.000273956 0.000395909 -0.000425807 0.000273992 0.999999940 -0.000089706 -0.000913598 -0.000395884 0.000089815 0.999999940 -0.000604526
0.999999642 -0.000618306 0.000619885 0.000262407 0.000618431 0.999999762 -0.000201020 -0.000086007 -0.000619761 0.000201404 0.999999762 0.000534705
0.999999642 -0.000532933 0.000655631 0.000296700 0.000533000 0.999999881 -0.000102798 -0.000145201 -0.000655576 0.000103148 0.999999762 0.000336778
0.999999762 0.000329573 0.000579320 0.000290514 -0.000329937 0.999999762 0.000629289 -0.000520423 -0.000579112 -0.000629480 0.999999642 -0.001295660
1.000000000 0.000000811 0.000080262 -0.000051007 -0.000000851 0.999999881 0.000492760 -0.000165382 -0.000080261 -0.000492760 0.999999881 0.000177961
0.999999821 -0.000581437 0.000148386 -0.000128794 0.000581398 0.999999821 0.000268757 -0.000111283 -0.000148542 -0.000268671 0.999999940 0.000071295
0.999999940 -0.000069666 0.000265370 -0.000150510 0.000069535 0.999999881 0.000494224 -0.000191071 -0.000265404 -0.000494206 0.999999821 -0.000674862
0.999999940 -0.000016803 0.000416186 -0.000029052 0.000016636 0.999999940 0.000401682 0.000028429 -0.000416193 -0.000401675 0.999999821 -0.000486850
0.999999821 -0.000357983 0.000440754 -0.000011760 0.000357883 0.999999881 0.000226639 0.000015940 -0.000440835 -0.000226481 0.999999881 -0.000652537
0.999999762 -0.000354199 0.000570138 0.000067528 0.000354219 0.999999940 -0.000034394 0.000013989 -0.000570126 0.000034596 0.999999821 -0.000773284
0.999999821 -0.000282683 0.000505074 -0.000084492 0.000282586 0.999999940 0.000192220 0.000271677 -0.000505128 -0.000192077 0.999999881 -0.000500927
0.999999821 -0.000221864 0.000566876 0.000023233 0.000221869 1.000000000 -0.000007762 0.000135617 -0.000566875 0.000007888 0.999999821 -0.000598763
0.999999762 -0.000533147 0.000460655 0.000351777 0.000533177 0.999999881 -0.000066251 -0.000683811 -0.000460620 0.000066497 0.999999881 -0.000984297
0.999999762 -0.000201903 0.000619329 -0.000022751 0.000201926 1.000000000 -0.000037057 0.000411990 -0.000619322 0.000037182 0.999999821 -0.000390158
0.999999762 -0.000392907 0.000568276 0.000075024 0.000392881 0.999999940 0.000045539 0.000181998 -0.000568294 -0.000045316 0.999999821 -0.000403517
0.999999702 -0.000162861 0.000720141 0.000217782 0.000162908 1.000000000 -0.000065315 -0.000539371 -0.000720130 0.000065433 0.999999762 -0.000591042
0.999999821 -0.000356736 0.000530081 0.000092899 0.000356709 0.999999940 0.000051580 0.000185699 -0.000530099 -0.000051391 0.999999881 -0.000484283
0.999999821 -0.000240480 0.000511637 0.000172923 0.000240389 0.999999940 0.000177991 -0.000008828 -0.000511679 -0.000177868 0.999999881 -0.000506828
0.999999821 0.000015400 0.000581575 0.000398970 -0.000015608 0.999999940 0.000357702 -0.000750619 -0.000581569 -0.000357712 0.999999762 -0.000800545
0.999999821 -0.000187553 0.000585535 -0.000100884 0.000187494 1.000000000 0.000101747 0.000445092 -0.000585554 -0.000101637 0.999999821 0.000060106
0.999999642 -0.000117515 0.000849696 0.000014267 0.000117401 1.000000000 0.000134628 0.000314994 -0.000849712 -0.000134528 0.999999642 -0.000068768
0.999999821 -0.000087806 0.000580421 0.000560357 0.000087466 0.999999821 0.000585781 -0.000320204 -0.000580473 -0.000585730 0.999999642 -0.001384802
0.999999642 -0.000219236 0.000807487 -0.000132200 0.000219052 0.999999940 0.000228795 0.000190976 -0.000807538 -0.000228618 0.999999642 0.000202708
0.999999583 -0.000327673 0.000823565 0.000077686 0.000327521 0.999999940 0.000184291 0.000198302 -0.000823625 -0.000184022 0.999999642 0.000083198
0.999999762 -0.000413305 0.000521650 0.001044742 0.000413151 0.999999881 0.000295034 -0.000072731 -0.000521772 -0.000294818 0.999999821 -0.001120409
0.999999523 -0.000294541 0.000937524 -0.000462306 0.000294390 0.999999940 0.000160640 0.000338679 -0.000937571 -0.000160364 0.999999523 0.000093862
0.999999404 -0.000090056 0.001099934 -0.000431217 0.000089904 1.000000000 0.000138396 0.000329243 -0.001099946 -0.000138297 0.999999404 0.000043571
0.999999881 -0.000103002 0.000504078 0.000417960 0.000102845 0.999999940 0.000311955 -0.000309806 -0.000504111 -0.000311903 0.999999821 -0.001282435
0.999999583 -0.000096151 0.000918875 -0.000389363 0.000096134 1.000000000 0.000019015 0.000243172 -0.000918877 -0.000018927 0.999999583 0.000013939
0.999999464 -0.000337001 0.000960657 -0.000254377 0.000336828 0.999999940 0.000180281 0.000227936 -0.000960718 -0.000179957 0.999999523 -0.000072454
0.999999940 -0.000181056 0.000380479 0.000757382 0.000181028 1.000000000 0.000072960 -0.000401091 -0.000380492 -0.000072891 0.999999940 -0.001400629
0.999999642 -0.000285074 0.000824851 -0.000027246 0.000285209 0.999999940 -0.000163746 0.000218362 -0.000824804 0.000163981 0.999999642 -0.000004572
0.999999762 -0.000366952 0.000546521 -0.000097357 0.000366991 0.999999940 -0.000070804 0.000287511 -0.000546495 0.000071005 0.999999821 -0.000152073
0.999999881 -0.000327442 0.000433582 0.000333590 0.000327431 0.999999940 0.000025810 0.000083938 -0.000433591 -0.000025668 0.999999881 -0.001742914
0.999997854 -0.001987532 0.000573685 0.000947843 0.001987232 0.999997914 0.000523424 -0.000783895 -0.000574724 -0.000522282 0.999999702 -0.000830657
0.999997854 -0.002047408 0.000385312 0.000888517 0.002047129 0.999997616 0.000725657 -0.000850509 -0.000386796 -0.000724867 0.999999642 -0.000846299
0.999999821 -0.000289899 0.000529510 0.000200803 0.000289923 0.999999940 -0.000043819 -0.000303935 -0.000529498 0.000043973 0.999999881 -0.001103971
0.999999642 -0.000416008 0.000699609 -0.000150299 0.000416132 0.999999881 -0.000176668 0.000373278 -0.000699535 0.000176959 0.999999762 0.000085275
0.999999702 -0.000489690 0.000557641 -0.000113717 0.000489713 0.999999881 -0.000042398 0.000269870 -0.000557620 0.000042671 0.999999821 0.000020855
0.999999583 -0.000560423 0.000760463 -0.000099556 0.000560623 0.999999821 -0.000263390 0.000166248 -0.000760315 0.000263816 0.999999702 -0.000002146
0.999999762 -0.000388249 0.000590509 0.000018361 0.000388288 0.999999940 -0.000066008 -0.000095799 -0.000590483 0.000066237 0.999999821 -0.000461584
0.999999821 -0.000491917 0.000377462 0.000003918 0.000491851 0.999999881 0.000174045 -0.000105169 -0.000377547 -0.000173859 0.999999940 -0.000405199
0.999999762 -0.000442257 0.000566952 -0.000030060 0.000442245 0.999999881 0.000022498 -0.000219120 -0.000566962 -0.000022248 0.999999821 -0.000199775
0.999999642 -0.000433383 0.000753547 0.000004321 0.000433574 0.999999881 -0.000253740 0.000480609 -0.000753437 0.000254067 0.999999702 -0.000001170
0.999999583 -0.000660582 0.000621999 -0.000030774 0.000660591 0.999999762 -0.000013482 0.000413864 -0.000621989 0.000013893 0.999999821 0.000140155
0.999999881 -0.000082867 0.000431959 -0.000208317 0.000082865 1.000000000 0.000004254 0.000004959 -0.000431960 -0.000004219 0.999999881 0.000669041
0.999999821 -0.000123848 0.000571349 -0.000125643 0.000123996 0.999999940 -0.000258901 0.000389861 -0.000571317 0.000258971 0.999999821 -0.000325857
0.999999821 -0.000235893 0.000525247 -0.000144766 0.000236015 0.999999940 -0.000232022 0.000368195 -0.000525193 0.000232146 0.999999821 -0.000317243
0.999999642 -0.000514542 0.000696142 -0.000093954 0.000514606 0.999999881 -0.000091542 0.000450363 -0.000696095 0.000091900 0.999999762 -0.000258199
0.999999702 0.000066821 0.000761633 0.000037875 -0.000066939 1.000000000 0.000154897 0.000304414 -0.000761623 -0.000154948 0.999999702 -0.000090541
0.999999940 0.000345749 -0.000042317 -0.000105617 -0.000345726 0.999999821 0.000537824 0.000234487 0.000042503 -0.000537809 0.999999881 -0.000106282
0.999999225 -0.000500493 0.001158976 -0.000202082 0.000500190 0.999999821 0.000261624 0.000150802 -0.001159106 -0.000261045 0.999999285 -0.000348926
0.999999583 -0.000280564 0.000895665 -0.000099588 0.000279906 0.999999702 0.000734450 -0.000306782 -0.000895871 -0.000734199 0.999999344 0.000498960
0.999999702 -0.000265085 0.000754170 -0.000104750 0.000264436 0.999999583 0.000860609 -0.000326213 -0.000754398 -0.000860409 0.999999344 0.000266880
0.999999523 -0.000476282 0.000835775 -0.000105788 0.000475478 0.999999404 0.000961737 -0.000346977 -0.000836233 -0.000961339 0.999999166 -0.000202465
0.999999344 -0.000528174 0.001007523 -0.000641047 0.000527290 0.999999464 0.000877728 0.000240691 -0.001007986 -0.000877196 0.999999106 0.001354307
0.999999285 -0.000552366 0.001082813 -0.000511999 0.000551219 0.999999285 0.001059533 0.000380578 -0.001083398 -0.001058936 0.999998868 0.000782779
0.999999702 -0.000037813 0.000762480 0.000467960 0.000036544 0.999998629 0.001664354 -0.000258774 -0.000762542 -0.001664325 0.999998331 -0.002886473
0.999999344 -0.000260523 0.001088192 -0.000064576 0.000257634 0.999996424 0.002654323 0.000340501 -0.001088880 -0.002654041 0.999995887 0.000551350
0.999999464 -0.000268163 0.000995807 -0.000095856 0.000264950 0.999994755 0.003224969 0.000390890 -0.000996667 -0.003224703 0.999994278 0.000232872
0.999999523 -0.000350053 0.000889166 -0.000317032 0.000347011 0.999994099 0.003419207 0.000415103 -0.000890358 -0.003418897 0.999993742 0.000010225
0.999999225 -0.000837275 0.000913159 -0.000165945 0.000833618 0.999991655 0.003998095 0.001314835 -0.000916499 -0.003997330 0.999991596 0.001206462
0.999999523 -0.000364386 0.000901937 -0.000091412 0.000359539 0.999985516 0.005367895 0.001267536 -0.000903880 -0.005367568 0.999985158 0.001299652
0.999999642 -0.000782381 0.000256168 -0.000082617 0.000780570 0.999975204 0.006996272 -0.000117887 -0.000261636 -0.006996070 0.999975502 0.000505126
0.999998927 -0.001408331 0.000351357 0.000158928 0.001405485 0.999967217 0.007973053 0.000305802 -0.000362574 -0.007972551 0.999968171 -0.000397518
0.999999702 -0.000377536 0.000703727 0.000199740 0.000371449 0.999962687 0.008630068 0.000248104 -0.000706959 -0.008629804 0.999962509 -0.000221227
0.999999225 -0.001168804 0.000378628 0.000052500 0.001164677 0.999941826 0.010722662 0.000033276 -0.000391138 -0.010722213 0.999942422 -0.000075801
0.999999642 -0.000767879 0.000361016 0.000269431 0.000763621 0.999931872 0.011648972 0.000124889 -0.000369937 -0.011648692 0.999932110 0.000305325
0.999999702 -0.000697033 0.000342375 0.000119916 0.000692065 0.999897480 0.014300231 0.000257356 -0.000352308 -0.014299989 0.999897659 0.000914737
0.999998689 0.001134390 0.001163735 0.000080545 -0.001153186 0.999866784 0.016280252 0.000432256 -0.001145112 -0.016281571 0.999866784 0.001987878
0.999999940 -0.000309565 0.000090671 0.000387904 0.000307415 0.999739468 0.022822242 0.000360496 -0.000097712 -0.022822212 0.999739528 0.001108082
0.999999344 0.000729222 0.000867014 0.000767093 -0.000747574 0.999771595 0.021358212 0.000637803 -0.000851241 -0.021358846 0.999771535 0.001019862
0.999992728 0.002723456 0.002679735 0.001508552 -0.002799355 0.999583006 0.028739542 0.000994373 -0.002600347 -0.028746832 0.999583364 0.000739955
0.999989510 0.002085786 0.004084292 0.003346818 -0.002231192 0.999351919 0.035926618 -0.002304168 -0.004006710 -0.035935350 0.999346077 -0.003455794
0.999968171 0.004246769 0.006754769 0.004421347 -0.004512556 0.999196172 0.039832175 -0.005425518 -0.006580181 -0.039861389 0.999183536 -0.005114872
0.999897778 0.008963046 0.011140102 0.003130460 -0.009375948 0.999249578 0.037582163 -0.008026752 -0.010794890 -0.037682768 0.999231458 -0.002955694
0.999847949 0.010327253 0.014049242 0.007283176 -0.010854024 0.999220669 0.037950020 -0.014249052 -0.013646374 -0.038096745 0.999180853 -0.010694108
0.999753416 0.013503651 0.017626828 0.007707655 -0.014107191 0.999302447 0.034576844 -0.020665787 -0.017147617 -0.034816984 0.999246597 -0.013836293
0.999620199 0.017343925 0.021415966 0.007882945 -0.018161481 0.999090075 0.038589917 -0.028334513 -0.020727178 -0.038964204 0.999025583 -0.017657682
0.999542058 0.017285163 0.024838177 0.007694095 -0.018410521 0.998780191 0.045816973 -0.040460628 -0.024015924 -0.046253271 0.998641014 -0.025315814
0.999341905 0.022316175 0.028596563 0.007456805 -0.023550125 0.998772979 0.043565877 -0.054979376 -0.027589248 -0.044210657 0.998641193 -0.031132771
0.999282360 0.022984374 0.030107455 0.007092079 -0.024276320 0.998768330 0.043272838 -0.070804216 -0.029075773 -0.043972686 0.998609543 -0.035033412
0.999187112 0.024270246 0.032188702 0.006498388 -0.025824314 0.998475790 0.048777010 -0.092863947 -0.030955810 -0.049568612 0.998290896 -0.046830986
0.999083340 0.025742050 0.034203194 0.005066250 -0.027598489 0.998106956 0.054961909 -0.114040084 -0.032723613 -0.055855479 0.997902453 -0.055631626
0.998979807 0.027217980 0.036035843 0.002916854 -0.029553030 0.997386158 0.065935515 -0.134987563 -0.034147017 -0.066933207 0.997172952 -0.064004809
0.998885810 0.027878936 0.038078364 -0.003990175 -0.030778334 0.996492982 0.077809915 -0.151494071 -0.035775568 -0.078895211 0.996240735 -0.066892304
0.998932660 0.025447469 0.038548060 -0.007944149 -0.028816737 0.995566905 0.089532949 -0.170331657 -0.036098786 -0.090548210 0.995237589 -0.073196895
0.998959661 0.024129853 0.038695674 -0.012383324 -0.027885776 0.994630575 0.099661700 -0.187895313 -0.036083076 -0.100637071 0.994268656 -0.077844232
0.998801112 0.028132999 0.040060278 -0.015205795 -0.032320689 0.993620157 0.108047858 -0.205076814 -0.036764991 -0.109213099 0.993338227 -0.080876298
0.998829007 0.026479453 0.040489849 -0.020950753 -0.031041075 0.992701232 0.116536327 -0.218623668 -0.037108507 -0.117656715 0.992360771 -0.081349067
0.998850167 0.025779627 0.040419240 -0.027397757 -0.030448720 0.992364764 0.119520277 -0.230911613 -0.037029441 -0.120613560 0.992008686 -0.079628251
0.999014854 0.021363642 0.038895473 -0.031272803 -0.025892727 0.992443800 0.119937018 -0.252368480 -0.036039278 -0.120825976 0.992019296 -0.082361326
0.999000907 0.022306148 0.038724508 -0.038798563 -0.026539773 0.993296862 0.112503216 -0.264996499 -0.035955418 -0.113418549 0.992896497 -0.076599315
0.998991132 0.023557128 0.038233534 -0.047005255 -0.027354574 0.994403183 0.102048919 -0.279138654 -0.035615571 -0.102991819 0.994044363 -0.069167346
0.999033689 0.024254942 0.036652651 -0.053626060 -0.027483111 0.995534897 0.090304822 -0.294494510 -0.034298655 -0.091224894 0.995239496 -0.064073175
0.999005556 0.025945751 0.036258206 -0.062390231 -0.028837318 0.996244133 0.081646092 -0.310859829 -0.034003653 -0.082610495 0.996001661 -0.055008065
0.999030292 0.026382534 0.035248540 -0.071861863 -0.029009724 0.996668220 0.076228924 -0.327923745 -0.033119991 -0.077177547 0.996467113 -0.045270465
0.998910666 0.030626722 0.035206929 -0.081465550 -0.033272453 0.996460497 0.077197611 -0.345116526 -0.032718003 -0.078284934 0.996393979 -0.035971604
0.998996854 0.029772768 0.033449993 -0.092397854 -0.032307155 0.996431828 0.077973537 -0.363086164 -0.031009151 -0.078975998 0.996394098 -0.025792403
0.998939157 0.031657446 0.033442784 -0.103812598 -0.034314770 0.996030927 0.082127534 -0.381299734 -0.030710097 -0.083187990 0.996060550 -0.015019872
0.998975992 0.031586211 0.032393169 -0.118077040 -0.034262110 0.995733023 0.085684560 -0.407057405 -0.029548496 -0.086706676 0.995795608 -0.000551673
0.999149561 0.027834052 0.030421505 -0.130473584 -0.030488616 0.995420873 0.090596765 -0.425888866 -0.027760526 -0.091447219 0.995422900 0.010375891
0.999340236 0.022574127 0.028452778 -0.143439874 -0.025170106 0.995211005 0.094454005 -0.442873508 -0.026184300 -0.095107839 0.995122552 0.022624271
0.999481976 0.018711003 0.026186062 -0.159439266 -0.021175159 0.995036721 0.097229451 -0.452064008 -0.024236834 -0.097733572 0.994917452 0.050058167
0.999604523 0.014801308 0.023909584 -0.173093423 -0.017048331 0.995168626 0.096688926 -0.461025864 -0.022362944 -0.097058311 0.995027423 0.066849321
0.999660194 0.012952891 0.022622339 -0.186712682 -0.014930612 0.995869100 0.089564331 -0.467356324 -0.021368772 -0.089871652 0.995724082 0.085698321
0.999806285 0.004948457 0.019050099 -0.201427817 -0.006499846 0.996589959 0.082257032 -0.482569009 -0.018578093 -0.082364917 0.996429086 0.099921696
0.999858916 -0.002440047 0.016617864 -0.214867845 0.001282184 0.997592747 0.069333188 -0.488478214 -0.016747039 -0.069302104 0.997455120 0.121008374
0.999868035 -0.008891288 0.013598244 -0.228036940 0.008049686 0.998121142 0.060740191 -0.494512767 -0.014112753 -0.060622711 0.998061001 0.142351657
0.999822617 -0.015635952 0.010500460 -0.240774795 0.015065771 0.998515427 0.052344512 -0.502463520 -0.011303327 -0.052177031 0.998573899 0.163565114
0.999722838 -0.022131998 0.008024985 -0.253921032 0.021738466 0.998695970 0.046192978 -0.507854223 -0.009036863 -0.046005722 0.998900294 0.189278603
0.999671340 -0.024919633 0.006020193 -0.266244411 0.024639495 0.998778820 0.042823128 -0.513435066 -0.007079978 -0.042660721 0.999064505 0.214486718
0.999576390 -0.028700765 0.004824650 -0.278059512 0.028497584 0.998874366 0.037919085 -0.531643093 -0.005907526 -0.037765529 0.999269187 0.229876295
0.999459565 -0.032673214 0.003604556 -0.287100017 0.032522459 0.998821735 0.036019225 -0.540260375 -0.004777173 -0.035882529 0.999344587 0.249068081
0.999577999 -0.028784065 0.003906759 -0.294971824 0.028639683 0.999044597 0.033010755 -0.549062073 -0.004853209 -0.032884937 0.999447346 0.267694324
0.999748290 -0.021347817 0.006902249 -0.302607894 0.021183748 0.999510348 0.023028640 -0.560438037 -0.007390480 -0.022876630 0.999710977 0.285938770
0.999813914 -0.017038997 0.009046725 -0.308612913 0.017059632 0.999852061 -0.002208583 -0.572482049 -0.009007755 0.002362506 0.999956667 0.302883297
0.999865472 -0.011850797 0.011342550 -0.313836336 0.012282792 0.999171257 -0.038806483 -0.585925400 -0.010873262 0.038940579 0.999182343 0.318171680
0.999889910 -0.005554568 0.013759750 -0.321947694 0.006752869 0.996041596 -0.088631302 -0.602597773 -0.013212974 0.088714465 0.995969474 0.333519489
0.999887407 -0.004576268 0.014290530 -0.326704293 0.006510855 0.990353167 -0.138413399 -0.617450118 -0.013519255 0.138490856 0.990271449 0.341891319
0.999866009 0.000749919 0.016351962 -0.330882013 0.002280206 0.982829809 -0.184500381 -0.631325483 -0.016209556 0.184512958 0.982696414 0.345284760
0.999827683 0.002242413 0.018429171 -0.338188231 0.001606730 0.978502095 -0.206230596 -0.637199700 -0.018495437 0.206224665 0.978329837 0.344567448
0.999747217 0.009027944 0.020590100 -0.342232406 -0.004839451 0.980780363 -0.195055023 -0.644569397 -0.021955311 0.194906071 0.980576158 0.336756289
0.999752522 0.008115534 0.020714443 -0.346539319 -0.004879404 0.988408029 -0.151742563 -0.648818433 -0.021705795 0.151603922 0.988202989 0.322641104
0.999702394 0.009544255 0.022449693 -0.354072064 -0.007407490 0.995600343 -0.093407921 -0.652111709 -0.023242431 0.093213834 0.995374799 0.309016347
0.999677539 0.009240443 0.023651263 -0.358977467 -0.008596012 0.999592900 -0.027205372 -0.654974163 -0.023893023 0.026993295 0.999350011 0.285502732
0.999618232 0.010593232 0.025517905 -0.364043117 -0.011659188 0.999049902 0.041992914 -0.657365203 -0.025048820 -0.042274404 0.998791993 0.259423733
0.999652445 0.010195784 0.024311936 -0.372339815 -0.012699075 0.994376063 0.105142452 -0.664161444 -0.023103198 -0.105414651 0.994159937 0.242433593
0.999674678 0.007204131 0.024467533 -0.378733873 -0.011010054 0.987188876 0.159175590 -0.668486774 -0.023007354 -0.159393206 0.986947060 0.217383593
0.999667227 0.004081915 0.025472017 -0.385010988 -0.009260857 0.978368044 0.206664473 -0.673647940 -0.024077421 -0.206831574 0.978080273 0.194940791
0.999706924 -0.001580527 0.024157651 -0.392260015 -0.004393318 0.969453931 0.245234087 -0.676881373 -0.023807328 -0.245268330 0.969162881 0.185771346
0.999670327 -0.002387136 0.025563974 -0.398721904 -0.004864441 0.960026026 0.279868484 -0.680890918 -0.025210164 -0.279900551 0.959697962 0.173449352
0.999663472 -0.004051336 0.025623180 -0.405233860 -0.004073785 0.950958133 0.309292793 -0.684110224 -0.025619619 -0.309293091 0.950621605 0.166976571
0.999637187 -0.013557109 0.023274699 -0.412459135 0.005179015 0.944717228 0.327845275 -0.687248468 -0.026432643 -0.327605784 0.944444656 0.170917258
0.999526978 -0.022185449 0.021299183 -0.418799907 0.014169321 0.946862936 0.321325064 -0.692298353 -0.027296148 -0.320871294 0.946729422 0.178846061
0.999411583 -0.026962079 0.021203363 -0.424558938 0.019711625 0.957349062 0.288260669 -0.699541271 -0.028071126 -0.287673086 0.957317173 0.194383144
0.999029040 -0.040061630 0.018330157 -0.427255392 0.034460746 0.969812512 0.241404474 -0.703191817 -0.027447872 -0.240538418 0.970251441 0.215577975
0.998533964 -0.051546253 0.016520599 -0.431414217 0.047561631 0.981234372 0.186860889 -0.710590422 -0.025842557 -0.185801208 0.982247472 0.243555382
0.997914016 -0.062609881 0.015734712 -0.434296995 0.060128581 0.990147352 0.126462609 -0.717813969 -0.023497490 -0.125252694 0.991846561 0.276298404
0.997179091 -0.073571526 0.014868986 -0.432606846 0.072471015 0.995286584 0.064440772 -0.717154622 -0.019539908 -0.063181415 0.997810781 0.308318377
0.996884406 -0.077423133 0.015072218 -0.432334244 0.077338912 0.996986270 0.006093264 -0.722047389 -0.015498553 -0.004908611 0.999867857 0.342882186
0.996733844 -0.079173416 0.015913917 -0.430261195 0.079908654 0.995411992 -0.052626714 -0.725838006 -0.011674267 0.053726487 0.998487473 0.376323044
0.996842146 -0.076976791 0.019500794 -0.428885460 0.078587458 0.991547704 -0.103233650 -0.725565672 -0.011389373 0.104440168 0.994465947 0.404849827
0.997375727 -0.069569252 0.020044589 -0.422333628 0.071721233 0.987216115 -0.142339066 -0.725746214 -0.009885920 0.143403158 0.989614964 0.430925518
0.998266876 -0.054694034 0.021722218 -0.413949996 0.057623841 0.983394623 -0.172088698 -0.724562347 -0.011949288 0.173042163 0.984841943 0.451879114
0.998799562 -0.043486767 0.022546148 -0.405473828 0.047039889 0.979902029 -0.193853676 -0.718726933 -0.013662947 0.194681525 0.980771363 0.465136856
0.999248505 -0.032018501 0.021844869 -0.394726723 0.035696354 0.979807496 -0.196730837 -0.714003384 -0.015104740 0.197362795 0.980214119 0.473068953
0.999597967 -0.016971901 0.022713277 -0.383007079 0.020578701 0.985333979 -0.169391602 -0.705566287 -0.019505266 0.169790894 0.985287070 0.474441260
0.999700904 -0.013469080 0.020413369 -0.374553144 0.015825583 0.992640078 -0.120063499 -0.693756759 -0.018645983 0.120350644 0.992556334 0.470015198
0.999785125 -0.009068358 0.018641651 -0.362901300 0.010129238 0.998286843 -0.057625789 -0.682028592 -0.018087145 0.057802234 0.998164177 0.460749120
0.999831796 -0.004659479 0.017739683 -0.351269096 0.004438163 0.999912083 0.012494751 -0.669714391 -0.017796341 -0.012413918 0.999764562 0.448345989
0.999829650 0.000142110 0.018456539 -0.339935660 -0.001695578 0.996449053 0.084180690 -0.655945003 -0.018379038 -0.084197648 0.996279538 0.435367227
0.999829590 0.002433889 0.018299405 -0.328931868 -0.005085628 0.989228129 0.146293804 -0.644321620 -0.017746221 -0.146361932 0.989071906 0.421396345
0.999786496 0.006857764 0.019491460 -0.318029612 -0.010580083 0.980179369 0.197829485 -0.634362102 -0.017748460 -0.197993457 0.980042636 0.409529746
0.999781430 0.007302238 0.019589955 -0.306100160 -0.011734692 0.971498609 0.236754745 -0.621830463 -0.017302776 -0.236932874 0.971371949 0.401088059
0.999756694 0.008693008 0.020273585 -0.295936704 -0.013791028 0.963627875 0.266891539 -0.615780234 -0.017216101 -0.267106175 0.963513315 0.397644579
0.999690652 0.011981166 0.021796644 -0.286082804 -0.017761750 0.957345426 0.288399577 -0.611550093 -0.017411552 -0.288697481 0.957262039 0.399894714
0.999652445 0.013209544 0.022815375 -0.276433110 -0.019410051 0.954409420 0.297869027 -0.610440075 -0.017840495 -0.298208356 0.954334080 0.412041485
0.999537885 0.017866388 0.024591777 -0.267190635 -0.024342239 0.955014110 0.295559645 -0.612191975 -0.018204913 -0.296021700 0.955007732 0.427196681
0.999284923 0.025750935 0.027685644 -0.258324802 -0.032305520 0.961950779 0.271306217 -0.618016899 -0.019645838 -0.272006631 0.962094843 0.448942900
0.999309778 0.025112553 0.027373884 -0.246131808 -0.030990722 0.969885468 0.241581798 -0.635921538 -0.020482797 -0.242263377 0.969994307 0.480961055
0.999159694 0.029867353 0.028068457 -0.238536939 -0.034949467 0.978598833 0.202787861 -0.646672249 -0.021411020 -0.203598425 0.978820324 0.512696505
0.999150991 0.030403344 0.027800625 -0.231963053 -0.034549057 0.985949039 0.163434386 -0.658903182 -0.022441050 -0.164256126 0.986162424 0.547865570
0.998874485 0.037730448 0.028743511 -0.225447327 -0.041146062 0.990742087 0.129372090 -0.672192693 -0.023596140 -0.130409151 0.991179466 0.585767448
0.998781681 0.040751301 0.027830426 -0.220912769 -0.043429635 0.993669868 0.103605524 -0.684726179 -0.023432195 -0.104687959 0.994229019 0.624740958
0.998608828 0.044675630 0.028009417 -0.217164308 -0.046881434 0.995379746 0.083792999 -0.697155416 -0.024136500 -0.084989548 0.996089458 0.664438426
0.998577237 0.046021298 0.026935980 -0.212621137 -0.047822200 0.996361256 0.070549481 -0.712055743 -0.023591191 -0.071737237 0.997144520 0.706162751
0.998538554 0.047724515 0.025359511 -0.211206511 -0.049254738 0.996759117 0.063601859 -0.726056278 -0.022241957 -0.064757980 0.997653067 0.745386779
0.998376787 0.051172145 0.025004108 -0.210871115 -0.052248530 0.997643054 0.044480059 -0.744132161 -0.022669036 -0.045714285 0.998697340 0.783786237
0.998241961 0.053841259 0.024780858 -0.206146479 -0.054323297 0.998338640 0.019207757 -0.767338693 -0.023705520 -0.020520166 0.999508381 0.821286976
0.998189509 0.055582840 0.022984350 -0.208396927 -0.055321623 0.998398244 -0.011849353 -0.792227805 -0.023606157 0.010556368 0.999665618 0.856254935
0.998057187 0.058495041 0.021452514 -0.212112203 -0.057645250 0.997602344 -0.038295411 -0.817714036 -0.023641171 0.036984377 0.999036133 0.888952851
0.998063922 0.060262877 0.015389486 -0.216557145 -0.059234414 0.996422827 -0.060273200 -0.845061779 -0.018966671 0.059244916 0.998063266 0.921388626
0.998023748 0.062543795 0.006074322 -0.223692313 -0.061882783 0.995039999 -0.077884175 -0.869622886 -0.010915365 0.077354364 0.996943891 0.948447406
0.997732699 0.066878237 -0.007531219 -0.232789829 -0.067280762 0.993909180 -0.087280326 -0.892672479 0.001648193 0.087589137 0.996155322 0.971583068
0.997013628 0.072618186 -0.026275577 -0.242550030 -0.074714631 0.993102908 -0.090356976 -0.917797685 0.019532790 0.092050314 0.995562732 0.997037292
0.995746732 0.078007326 -0.049023259 -0.255138636 -0.082274348 0.992346764 -0.092080779 -0.938748300 0.041465100 0.095722489 0.994544029 1.013353229
0.993896484 0.081557147 -0.074284613 -0.269158602 -0.088256262 0.991851568 -0.091876365 -0.956768811 0.066186145 0.097871684 0.992995739 1.026657104
0.990986586 0.087378085 -0.101541676 -0.285375476 -0.096396863 0.991481364 -0.087592244 -0.973870933 0.093023039 0.096591040 0.990967631 1.048991203
0.987154245 0.091341749 -0.131084412 -0.301151425 -0.103174239 0.990894973 -0.086500078 -0.982244790 0.121989816 0.098913461 0.987590313 1.058468223
0.982101679 0.094459116 -0.162953377 -0.317595989 -0.109090447 0.990536034 -0.083292194 -0.985732853 0.153543502 0.099578060 0.983111680 1.065868974
0.975416422 0.100313276 -0.196214288 -0.335476190 -0.117686093 0.989907086 -0.078955084 -0.987304270 0.186313689 0.100105777 0.977377117 1.076736689
0.967160761 0.106239751 -0.230896384 -0.353272587 -0.125446007 0.989619672 -0.070115902 -0.985973418 0.221050501 0.096778370 0.970448673 1.078751564
0.956825733 0.114286385 -0.267251074 -0.371996313 -0.133092105 0.989670336 -0.053283647 -0.984235764 0.258400857 0.086552173 0.962152660 1.076303482
0.944490314 0.123991065 -0.304243714 -0.390642554 -0.141089648 0.989385545 -0.034784123 -0.982885063 0.296701401 0.075778902 0.951958954 1.075064778
0.929867387 0.133737847 -0.342725664 -0.409945190 -0.147770718 0.988907337 -0.015034825 -0.982368708 0.336913198 0.064625196 0.939315200 1.067356944
0.912870467 0.148007303 -0.380475163 -0.429523945 -0.156711727 0.987610459 0.008189892 -0.982498884 0.376973391 0.052148610 0.924754858 1.057299256
0.893810809 0.158783630 -0.419392407 -0.449900746 -0.163513973 0.986226559 0.024907645 -0.984036744 0.417570829 0.046313796 0.907463312 1.046940327
0.873206973 0.171200082 -0.456289530 -0.470325232 -0.171294138 0.984344721 0.041518956 -0.986034274 0.456254244 0.041905075 0.888862193 1.033573270
0.851679265 0.186601490 -0.489716530 -0.490493149 -0.179759294 0.981787801 0.061475996 -0.987705469 0.492269218 0.035673257 0.869711697 1.018995881
0.829635382 0.204289615 -0.519587159 -0.507473767 -0.187065303 0.978570521 0.086060211 -0.987971365 0.526033878 0.025798131 0.850072265 1.003520489
0.807234764 0.223448083 -0.546299338 -0.527619183 -0.196762547 0.974501610 0.107847378 -0.989948988 0.556467891 0.020433087 0.830617845 0.988590837
0.784198284 0.242025614 -0.571363866 -0.548588872 -0.208330959 0.970041871 0.124968022 -0.992630124 0.584492385 0.021033078 0.811126590 0.973929763
0.760842443 0.260942698 -0.594161272 -0.568403542 -0.223569989 0.964941561 0.137492836 -0.994265199 0.609208703 0.028226245 0.792507470 0.958309591
0.736341536 0.281185091 -0.615415394 -0.591419399 -0.241457045 0.958871782 0.149209112 -0.997492015 0.632059872 0.038727500 0.773951232 0.944564939
0.711821437 0.292697757 -0.638465583 -0.616112769 -0.250021368 0.955079556 0.159098715 -1.001446247 0.656353295 0.046380147 0.753026783 0.930702865
0.689239621 0.303272486 -0.658008039 -0.636711061 -0.258800268 0.951319277 0.167374164 -1.006261945 0.676735699 0.054931749 0.734173894 0.910907388
0.669839501 0.303382277 -0.677697837 -0.664768815 -0.262685359 0.950516701 0.165874660 -1.011476040 0.694486558 0.066911876 0.716387630 0.897961795
0.653492391 0.301353842 -0.694358349 -0.694481194 -0.268135697 0.950009704 0.159952611 -1.017240882 0.707849503 0.081654459 0.701627851 0.885562778
0.640259027 0.299434185 -0.707394898 -0.718454957 -0.281708717 0.948262572 0.146418452 -1.024080396 0.714638770 0.105533548 0.691486895 0.868239760
0.629231095 0.303308249 -0.715592384 -0.749807954 -0.298721194 0.944367647 0.137606025 -1.029336929 0.717519283 0.127176613 0.684830070 0.855970800
0.619176745 0.302225918 -0.724761784 -0.782536507 -0.311629862 0.941748381 0.126478508 -1.033616304 0.720768273 0.147544876 0.677291334 0.842871547
0.611666977 0.305567056 -0.729720771 -0.810753644 -0.325790912 0.937842429 0.119632319 -1.034087539 0.720918834 0.164561197 0.673198223 0.825558543
0.606801927 0.307423443 -0.732995391 -0.844881356 -0.340896100 0.933713913 0.109399214 -1.032423019 0.718039870 0.183491603 0.671378851 0.811157763
0.604293227 0.312959254 -0.732725322 -0.880172908 -0.357663631 0.928315163 0.101526633 -1.027239561 0.711973727 0.200717285 0.672908664 0.796015084
0.603739977 0.316034496 -0.731860816 -0.910688043 -0.378582895 0.921595156 0.085658677 -1.019049883 0.701550424 0.225354403 0.676049113 0.775280833
0.605949461 0.316905558 -0.729654789 -0.948237538 -0.389761567 0.917859554 0.074965574 -1.009899020 0.693477631 0.238966048 0.679694057 0.755763113
0.609714389 0.315388948 -0.727171421 -0.987402201 -0.398406833 0.915054739 0.062823944 -0.999215484 0.685215592 0.251405358 0.683575153 0.733309388
0.615312576 0.310713828 -0.724463522 -1.016824961 -0.395707548 0.916603982 0.057032071 -0.990236878 0.681766808 0.251583099 0.686949790 0.699002802
0.619080603 0.305737644 -0.723369777 -1.057660103 -0.391013712 0.918816745 0.053704016 -0.976467252 0.681063592 0.249600351 0.688369215 0.667572618
0.620308340 0.296267152 -0.726252973 -1.099550128 -0.382290542 0.922694862 0.049880899 -0.961399198 0.684887946 0.246698111 0.685615420 0.631736875
0.617413640 0.286039919 -0.732790351 -1.137423873 -0.374395579 0.926124454 0.046059020 -0.945197940 0.691829801 0.245915979 0.678893924 0.589779973
0.611067891 0.274250120 -0.742551684 -1.180503607 -0.368262857 0.928860605 0.040005974 -0.926927388 0.700698614 0.249007791 0.668593049 0.546038687
0.601055145 0.263824791 -0.754406571 -1.223924875 -0.359356612 0.932353497 0.039746270 -0.906414032 0.713859677 0.247211263 0.655202985 0.498551309
0.587074578 0.250769556 -0.769712925 -1.261546969 -0.344319284 0.937870324 0.042935796 -0.885166168 0.732657909 0.239820510 0.636944652 0.449263632
0.568943024 0.234977379 -0.788092315 -1.302788854 -0.318799436 0.946393192 0.052027255 -0.861382067 0.758070409 0.221642822 0.613354445 0.393510938
0.546659112 0.221314356 -0.807578981 -1.342738628 -0.293529689 0.953890383 0.062717006 -0.836160660 0.784222066 0.202763572 0.586415231 0.335132003
0.521984100 0.218736812 -0.824431300 -1.375861645 -0.275451154 0.957999349 0.079774499 -0.807040393 0.807254195 0.185449481 0.560311675 0.266931176
0.496037245 0.215928957 -0.841024339 -1.411866069 -0.262063384 0.960648060 0.092076451 -0.779379845 0.827810347 0.174728304 0.533104300 0.205967605
0.468630791 0.218828291 -0.855861783 -1.446038246 -0.252739072 0.961548150 0.107461996 -0.750488937 0.846468091 0.165949687 0.505917549 0.144672513
0.441380739 0.226015300 -0.868389487 -1.475164533 -0.245876282 0.961182296 0.125193655 -0.720010042 0.862976313 0.158258259 0.479819119 0.083698869
0.414962411 0.236841887 -0.878471434 -1.504997730 -0.246971190 0.958594322 0.141782090 -0.688851118 0.875677645 0.158122912 0.456273735 0.024716139
0.388885915 0.246824339 -0.887606680 -1.532958150 -0.251250744 0.955336809 0.155578479 -0.656689942 0.886363924 0.162509516 0.433531821 -0.033370674
0.363016605 0.254053622 -0.896479607 -1.553618789 -0.248957068 0.953580558 0.169423878 -0.622345805 0.897908330 0.161681265 0.409414053 -0.098267674
0.337690234 0.258459747 -0.905076742 -1.578894854 -0.251483381 0.951380372 0.177852362 -0.589126825 0.907040000 0.167552739 0.386270165 -0.154810429
0.315428793 0.260114282 -0.912603557 -1.603146434 -0.260194689 0.948548853 0.180426866 -0.555634677 0.912580669 0.180542767 0.366879940 -0.209768593
0.297173142 0.264713675 -0.917395711 -1.625156403 -0.275253624 0.943762898 0.183158621 -0.518401027 0.914288640 0.198086634 0.353324354 -0.271428227
0.281210303 0.269501179 -0.921026587 -1.647131681 -0.280225188 0.940986931 0.189782649 -0.484699637 0.917820573 0.204725981 0.340136230 -0.325028360
0.267023146 0.276343763 -0.923218787 -1.668000579 -0.289101124 0.936849833 0.196806982 -0.451472819 0.919303715 0.214351550 0.330051839 -0.378343165
0.255391538 0.283522457 -0.924332380 -1.683959007 -0.285478026 0.935524344 0.208078280 -0.417757452 0.923730254 0.210735098 0.319864392 -0.437948883
0.246817291 0.289207667 -0.924900115 -1.703351259 -0.279908687 0.935022891 0.217676997 -0.385666609 0.927756608 0.205161124 0.311731577 -0.491669893
0.241245270 0.293389648 -0.925053120 -1.722197771 -0.264228135 0.937053025 0.228287295 -0.354920179 0.933800936 0.189351782 0.303581417 -0.545443952
0.238365650 0.296711057 -0.924740136 -1.735993266 -0.252414256 0.938391209 0.236027539 -0.323365808 0.937799990 0.177156746 0.298574328 -0.601897478
