1.000000000 0.000000000 0.000000000 0.000000000 0.000000000 1.000000000 0.000000000 -0.000000075 0.000000000 0.000000000 1.000000000 -0.000000060
0.999999583 0.000842827 0.000285671 0.000466637 -0.000842893 0.999999642 0.000229230 0.000146150 -0.000285477 -0.000229470 0.999999940 -0.000565747
0.999998569 0.001664960 0.000229262 0.000330331 -0.001665044 0.999998569 0.000363598 0.000058303 -0.000228656 -0.000363980 0.999999881 -0.000485803
0.999999583 0.000903832 0.000078394 0.000288299 -0.000903872 0.999999464 0.000517867 0.000213968 -0.000077926 -0.000517938 0.999999881 -0.000010356
1.000000000 0.000069669 -0.000188002 0.000133460 -0.000069621 0.999999940 0.000255366 0.000308292 0.000188020 -0.000255352 0.999999940 -0.000134471
0.999999702 0.000775194 0.000060697 0.000083863 -0.000775212 0.999999642 0.000290786 0.000280350 -0.000060472 -0.000290833 0.999999940 -0.000745508
0.999998629 0.001587892 0.000496708 0.000359415 -0.001588140 0.999998629 0.000498862 0.000194000 -0.000495915 -0.000499651 0.999999762 -0.000107027
0.999994040 0.003395691 0.000601639 0.000450218 -0.003395965 0.999994159 0.000455440 0.000327476 -0.000600088 -0.000457480 0.999999702 -0.000418259
0.999999285 0.001179020 0.000177110 0.000223700 -0.001179056 0.999999285 0.000204774 0.000237203 -0.000176869 -0.000204983 0.999999940 0.000413969
0.999999821 0.000421719 -0.000472213 0.000382253 -0.000421671 0.999999881 0.000101749 0.000468428 0.000472256 -0.000101550 0.999999881 -0.000072853
0.999999702 0.000531621 -0.000511359 0.000452373 -0.000531594 0.999999881 0.000052566 0.000403758 0.000511386 -0.000052294 0.999999881 0.000681216
0.999999940 0.000020411 -0.000243648 -0.000110840 -0.000020312 0.999999940 0.000405942 0.000184078 0.000243656 -0.000405937 0.999999881 -0.000240953
0.999999762 0.000663268 -0.000071882 0.000291241 -0.000663241 0.999999702 0.000368471 0.000137567 0.000072126 -0.000368423 0.999999940 -0.000246674
0.999999940 0.000336630 -0.000067516 0.000373174 -0.000336584 0.999999702 0.000672255 0.000048465 0.000067743 -0.000672233 0.999999762 -0.000247100
0.999999702 0.000041305 -0.000775731 0.000234396 -0.000041504 0.999999940 -0.000257191 0.000514811 0.000775720 0.000257223 0.999999642 0.000329056
0.999999225 0.001013806 -0.000735803 0.000244768 -0.001014182 0.999999344 -0.000511228 0.000296315 0.000735284 0.000511973 0.999999583 -0.000175323
0.999999344 0.001131547 -0.000035508 0.000490637 -0.001131563 0.999999285 -0.000436037 0.000301697 0.000035014 0.000436077 0.999999881 0.000022065
0.999999881 -0.000443946 0.000102854 -0.000104815 0.000443920 0.999999881 0.000255847 0.000190504 -0.000102968 -0.000255802 0.999999940 -0.000277113
0.999999464 -0.000879575 -0.000534284 -0.000008042 0.000880006 0.999999285 0.000807464 -0.000002925 0.000533574 -0.000807933 0.999999523 0.000150470
0.999999344 -0.000747243 -0.000837456 -0.000093014 0.000748117 0.999999166 0.001043841 -0.000011684 0.000836675 -0.001044467 0.999999106 -0.000181863
0.999999762 0.000668329 -0.000134659 0.000276898 -0.000668276 0.999999702 0.000397900 0.000182872 0.000134925 -0.000397810 0.999999940 -0.000351406
0.999999702 0.000628883 -0.000378396 0.000291626 -0.000629118 0.999999583 -0.000621985 0.000304758 0.000378005 0.000622223 0.999999762 -0.000101594
0.999999881 0.000287793 -0.000364839 0.000119681 -0.000288017 0.999999762 -0.000614081 0.000198350 0.000364662 0.000614186 0.999999762 -0.000018227
0.999999940 0.000335768 0.000141482 0.000123633 -0.000335822 0.999999881 0.000384085 0.000210516 -0.000141353 -0.000384132 0.999999940 -0.000286644
1.000000000 0.000017895 -0.000068282 0.000236649 -0.000017943 0.999999762 -0.000700357 0.000429029 0.000068269 0.000700358 0.999999762 0.000064928
0.999999821 0.000437384 -0.000471246 0.000412578 -0.000437446 0.999999881 -0.000131639 0.000435775 0.000471189 0.000131845 0.999999881 -0.000114776
0.999998689 0.001583666 0.000380737 0.000034084 -0.001583824 0.999998689 0.000415500 0.000319210 -0.000380079 -0.000416103 0.999999821 -0.000243239
0.999998510 0.001698460 0.000375726 0.000381033 -0.001698236 0.999998391 -0.000594768 0.000565775 -0.000376736 0.000594129 0.999999762 0.000027135
0.999996424 0.002507461 0.000920196 0.000619984 -0.002506945 0.999996722 -0.000562159 0.000487720 -0.000921602 0.000559850 0.999999404 0.000080813
0.999998808 0.001469438 0.000516438 0.000434158 -0.001469617 0.999998868 0.000347025 -0.000068880 -0.000515928 -0.000347784 0.999999821 -0.000630751
0.999998450 0.001698897 0.000465115 0.000358865 -0.001698909 0.999998569 0.000026810 0.000221396 -0.000465069 -0.000027600 0.999999881 -0.000264519
0.999997795 0.002077090 0.000288552 0.000349099 -0.002077210 0.999997735 0.000415976 0.000260024 -0.000287687 -0.000416574 0.999999881 -0.000303276
0.999998331 0.001775416 0.000463467 0.000273777 -0.001775523 0.999998391 0.000230138 0.000296929 -0.000463057 -0.000230960 0.999999881 -0.000341027
1.000000000 0.000033152 -0.000204411 0.000366336 -0.000033278 0.999999821 -0.000616830 0.000366194 0.000204391 0.000616836 0.999999762 0.000248882
0.999999344 0.001137361 0.000202078 0.000612525 -0.001137293 0.999999285 -0.000335237 0.000407661 -0.000202460 0.000335007 0.999999940 0.000268307
0.999998689 0.001572536 0.000309638 0.000541058 -0.001572618 0.999998748 0.000264291 0.000000951 -0.000309222 -0.000264777 0.999999940 -0.000071518
0.999998987 0.001411502 0.000043745 0.000394077 -0.001411500 0.999998987 -0.000054916 0.001012989 -0.000043822 0.000054854 1.000000000 -0.000218025
0.999994874 0.003129751 0.000657492 0.000672469 -0.003129636 0.999995112 -0.000175924 0.001073391 -0.000658039 0.000173866 0.999999762 -0.000041589
0.999994993 0.003057787 0.000805465 0.000675485 -0.003057303 0.999995172 -0.000601544 0.000752454 -0.000807300 0.000599078 0.999999523 0.000347921
0.999999106 0.001292558 0.000384970 0.000453205 -0.001292324 0.999998987 -0.000607272 0.000592296 -0.000385755 0.000606773 0.999999762 0.000034845
0.999999344 0.001152439 0.000203446 0.000355802 -0.001152320 0.999999166 -0.000585118 0.000530548 -0.000204120 0.000584883 0.999999821 0.000121286
0.999999583 0.000917383 0.000221296 0.000082145 -0.000917369 0.999999583 -0.000065341 -0.000059876 -0.000221356 0.000065138 1.000000000 0.000895921
0.999999344 0.001140847 0.000191153 0.000415004 -0.001140684 0.999998987 -0.000847962 0.000375155 -0.000192120 0.000847743 0.999999642 0.000228823
0.999999821 0.000182793 0.000587934 0.000453484 -0.000181994 0.999999046 -0.001359781 0.000169009 -0.000588182 0.001359673 0.999998927 0.000313903
0.999998391 0.001327863 0.001188083 0.000606826 -0.001325945 0.999997795 -0.001613809 0.000001937 -0.001190223 0.001612231 0.999997973 0.000483488
0.999996603 -0.002514058 0.000650048 0.000052036 0.002513821 0.999996781 0.000365164 -0.000325121 -0.000650964 -0.000363529 0.999999702 -0.000212763
0.999994695 -0.003075302 0.001052257 -0.000116502 0.003074132 0.999994636 0.001112008 -0.000371444 -0.001055671 -0.001108767 0.999998808 0.000057088
0.999998629 -0.001233925 0.001081562 0.000046004 0.001235249 0.999998510 -0.001223880 0.000277716 -0.001080050 0.001225214 0.999998689 0.000419907
0.999986887 -0.004461044 -0.002518574 -0.000252387 0.004452671 0.999984562 -0.003320274 -0.001506118 0.002533347 0.003309016 0.999991298 -0.002194070
0.999996066 -0.002455512 -0.001342058 0.000110150 0.002450378 0.999989748 -0.003814183 -0.002186303 0.001351410 0.003810880 0.999991834 -0.003180765
0.999986768 0.003758483 0.003504344 0.000938804 -0.003745080 0.999985695 -0.003823495 -0.002677310 -0.003518665 0.003810320 0.999986529 -0.003344822
0.999943018 0.008400930 0.006585296 0.001280384 -0.008388633 0.999963045 -0.001892889 -0.004435240 -0.006600954 0.001837540 0.999976516 -0.004427228
0.999898076 0.010591799 0.009576168 0.001763616 -0.010595622 0.999943793 0.000348540 -0.007161671 -0.009571938 -0.000449970 0.999954104 -0.006079705
0.999782324 0.011414722 0.017464215 0.002929732 -0.011458246 0.999931514 0.002394140 -0.011165759 -0.017435690 -0.002593728 0.999844611 -0.007844964
0.999692321 0.010144660 0.022634335 0.003087931 -0.010354714 0.999904215 0.009182528 -0.016628649 -0.022539012 -0.009414075 0.999701619 -0.008955042
0.999732494 0.007739482 0.021794111 0.002791862 -0.008132119 0.999805212 0.017985113 -0.019476112 -0.021650668 -0.018157534 0.999600708 -0.011232166
0.999653995 0.004542941 0.025907902 0.003809020 -0.005264518 0.999598205 0.027851742 -0.021587688 -0.025770964 -0.027978498 0.999276280 -0.012004755
0.999552965 0.000895766 0.029884551 0.005315337 -0.002009786 0.999303281 0.037268296 -0.024340834 -0.029830344 -0.037311696 0.998858333 -0.012846933
0.999383748 -0.000670800 0.035095502 0.007317650 -0.000858071 0.999051750 0.043529976 -0.027326752 -0.035091419 -0.043533262 0.998435497 -0.014004466
0.999173701 0.001794226 0.040603779 0.009600211 -0.003699506 0.998892844 0.046897363 -0.032123115 -0.040474683 -0.047008824 0.998074114 -0.016248880
0.998975873 0.002641323 0.045168307 0.011280542 -0.004802528 0.998845100 0.047806460 -0.040251479 -0.044989865 -0.047974426 0.997834861 -0.019841196
0.998695552 0.002594755 0.050994378 0.012579572 -0.005022486 0.998856843 0.047537509 -0.051403731 -0.050812732 -0.047731619 0.997566938 -0.024645453
0.998120904 0.001437320 0.061258856 0.013716739 -0.004514152 0.998733103 0.050117992 -0.066558123 -0.061109211 -0.050300345 0.996862829 -0.029310049
0.997483492 -0.002444599 0.070856832 0.014699219 -0.001593596 0.998379827 0.056878418 -0.088729136 -0.070881076 -0.056848198 0.995863497 -0.035793025
0.996957541 -0.006511318 0.077673763 0.014239462 0.001652260 0.998046219 0.062458199 -0.114054799 -0.077928692 -0.062139835 0.995020509 -0.042644106
0.996302545 -0.006397069 0.085675940 0.013280047 0.000808688 0.997878194 0.065103441 -0.142886668 -0.085910618 -0.064793438 0.994193733 -0.050535209
0.995757878 -0.004931751 0.091880016 0.012057739 -0.000996412 0.997926056 0.064363368 -0.173438564 -0.092006885 -0.064181887 0.993687809 -0.058594018
0.994902909 0.001994592 0.100817986 0.010707498 -0.008356164 0.997996390 0.062716737 -0.204477742 -0.100490890 -0.063239515 0.992926180 -0.067226134
0.993671834 0.009752820 0.111898229 0.009184958 -0.016546015 0.998064756 0.059941631 -0.235368252 -0.111097082 -0.061413776 0.991910160 -0.075741582
0.992162704 0.018576819 0.123564161 0.008531265 -0.025473651 0.998190284 0.054472148 -0.266653061 -0.122328632 -0.057192862 0.990840375 -0.081882693
0.990423262 0.026791582 0.135439932 0.006713766 -0.032758892 0.998579443 0.042023387 -0.296897829 -0.134121656 -0.046057802 0.989893973 -0.089024097
0.989797294 0.030408317 0.139199838 0.004400861 -0.034387559 0.999063253 0.026270730 -0.324772865 -0.138270602 -0.030789440 0.989915788 -0.096136101
0.989479899 0.032621942 0.140944421 0.000146640 -0.034406267 0.999355435 0.010240886 -0.361269981 -0.140519500 -0.014982523 0.989964545 -0.104592964
0.989248872 0.033968315 0.142242134 -0.001427021 -0.033246644 0.999419451 -0.007447783 -0.381111532 -0.142412543 0.002638638 0.989803851 -0.109674081
0.988806665 0.030241461 0.146105394 -0.002602888 -0.027497625 0.999406219 -0.020763567 -0.394395262 -0.146646544 0.016513603 0.989051104 -0.112754226
0.988982439 0.020853136 0.146556899 -0.001896016 -0.016865548 0.999454379 -0.028398711 -0.402073979 -0.147069141 0.025614064 0.988794506 -0.112030424
0.988794208 0.014249920 0.148603261 -0.001477191 -0.010128333 0.999543726 -0.028455505 -0.399468571 -0.148940951 0.026631536 0.988487422 -0.110566743
0.988432527 0.012062931 0.151180774 0.000439178 -0.008809360 0.999715328 -0.022172395 -0.388155460 -0.151405215 0.020584110 0.988257408 -0.106724665
0.987988114 0.014165001 0.153879449 0.005230235 -0.012660649 0.999862015 -0.010751776 -0.370297462 -0.154010519 0.008674413 0.988031149 -0.098525532
0.987780154 0.016777033 0.154947922 0.009213456 -0.017650662 0.999835134 0.004264065 -0.343535960 -0.154850826 -0.006946892 0.987913430 -0.090434618
0.988365173 0.016206782 0.151233763 0.013023293 -0.020087436 0.999506116 0.024167508 -0.310977221 -0.150767386 -0.026924223 0.988202572 -0.081078216
0.989182115 0.014842409 0.145940036 0.018875875 -0.022214878 0.998550832 0.049017813 -0.275308520 -0.145000994 -0.051729586 0.988078296 -0.070546821
0.989993989 0.008068672 0.140878856 0.021843441 -0.018938933 0.996928632 0.075991094 -0.237671688 -0.139833003 -0.077898815 0.987106144 -0.061500695
0.990867436 0.000766507 0.134837553 0.024111735 -0.014719459 0.994622707 0.102513351 -0.200679347 -0.134033903 -0.103561871 0.985550523 -0.053594660
0.991176248 -0.008688845 0.132265300 0.025713500 -0.007782313 0.992313206 0.123507075 -0.168245465 -0.132321745 -0.123446606 0.983489633 -0.046513937
0.991778672 -0.018323455 0.126646593 0.026742825 0.000899248 0.990668654 0.136289641 -0.137908489 -0.127962098 -0.135055259 0.982540488 -0.041248471
0.992027640 -0.023760118 0.123760514 0.027784999 0.005847973 0.989686787 0.143129036 -0.112207353 -0.125884905 -0.141264215 0.981935561 -0.037109826
0.992192388 -0.027300997 0.121692061 0.028820511 0.009129995 0.989028275 0.147443876 -0.092175536 -0.124382257 -0.145181641 0.981555581 -0.033629119
0.992352128 -0.025651125 0.120744720 0.030089777 0.006902354 0.988171041 0.153200373 -0.076649457 -0.123246193 -0.151195303 0.980790675 -0.031831697
0.992381811 -0.022572339 0.121114962 0.031119557 0.002630218 0.986730278 0.162346855 -0.067565374 -0.123172350 -0.160791501 0.979272544 -0.031583522
0.992439151 -0.020144910 0.121073134 0.034848414 -0.001607017 0.984221458 0.176933706 -0.061633222 -0.122727089 -0.175790519 0.976747513 -0.029990843
0.992226899 -0.019859174 0.122847021 0.035394840 -0.003909728 0.981721759 0.190281555 -0.070961960 -0.124380425 -0.189282790 0.974013090 -0.032856580
0.991819024 -0.019252848 0.126191959 0.035661280 -0.005604797 0.981039524 0.193726718 -0.091070376 -0.127529100 -0.192849129 0.972905755 -0.037096735
0.991310775 -0.015915601 0.130574226 0.034458410 -0.008636089 0.982636988 0.185337558 -0.119794548 -0.131256819 -0.184854761 0.973961174 -0.043757316
0.990683854 -0.008420344 0.135921448 0.034065422 -0.014460258 0.985939682 0.166474789 -0.154914722 -0.135412127 -0.166889340 0.976632714 -0.050206207
0.989729702 0.002356711 0.142932072 0.033546139 -0.022922259 0.989542484 0.142408758 -0.194655493 -0.141101733 -0.144222498 0.979433596 -0.057361763
0.988910735 0.011082287 0.148096949 0.028275549 -0.028772473 0.992614686 0.117848292 -0.241643906 -0.145697176 -0.120802552 0.981926203 -0.069305517
0.987551570 0.020403713 0.155966565 0.027100863 -0.035570614 0.994833767 0.095081359 -0.284280300 -0.153220788 -0.099445567 0.983175457 -0.076942325
0.986124337 0.025067922 0.164104864 0.025417946 -0.037537429 0.996601045 0.073330283 -0.326128513 -0.161708847 -0.078472853 0.983713508 -0.084216282
0.985240579 0.026812149 0.169062376 0.023183301 -0.035954196 0.998038590 0.051247202 -0.366765767 -0.167356730 -0.056569323 0.984272122 -0.092482783
0.985209823 0.023291489 0.169761762 0.020537222 -0.029162681 0.999056756 0.032173559 -0.402418762 -0.168852255 -0.036648415 0.984959781 -0.099419527
0.985592008 0.017196000 0.168263763 0.018036289 -0.020227693 0.999662220 0.016319988 -0.431824118 -0.167926282 -0.019488437 0.985606909 -0.105537273
0.985771954 0.012357478 0.167633355 0.017618377 -0.013694669 0.999882936 0.006823158 -0.453789204 -0.167529404 -0.009021761 0.985825777 -0.111751370
0.985918939 0.007263684 0.167066067 0.017290080 -0.007532980 0.999971151 0.000978252 -0.465483338 -0.167054147 -0.002222983 0.985945225 -0.113332368
0.985668421 0.004768268 0.168626785 0.017987946 -0.005014817 0.999986887 0.001036260 -0.466719121 -0.168619633 -0.001867041 0.985679448 -0.111884236
0.985908806 0.003106979 0.167254761 0.019094942 -0.004125491 0.999975026 0.005742480 -0.459427655 -0.167232737 -0.006351570 0.985897005 -0.108409762
0.986214578 0.003988544 0.165423483 0.019684939 -0.006297727 0.999889910 0.013437064 -0.441132635 -0.165351659 -0.014293620 0.986131072 -0.102211989
0.986106217 0.007107502 0.165963963 0.020736020 -0.011138275 0.999664843 0.023368949 -0.414451540 -0.165742233 -0.024892816 0.985854864 -0.093385607
0.985960484 0.005905281 0.166874260 0.022736887 -0.011992211 0.999297976 0.035492066 -0.382187992 -0.166547537 -0.036994968 0.985339165 -0.082626536
0.985446095 0.010406625 0.169669345 0.024546508 -0.019421358 0.998481095 0.051558424 -0.343478829 -0.168875083 -0.054103259 0.984151423 -0.070863836
0.985448241 0.006535677 0.169850007 0.025694111 -0.018938320 0.997260511 0.071504042 -0.302831620 -0.168917373 -0.073680207 0.982872367 -0.059662353
0.985585213 0.004451076 0.169121370 0.027182149 -0.021076139 0.995096684 0.096635222 -0.262511402 -0.167861983 -0.098806664 0.980846345 -0.048847377
0.985493898 -0.000216243 0.169710770 0.028313706 -0.020910017 0.992225170 0.122686714 -0.222363681 -0.168417826 -0.124455661 0.977827311 -0.040418252
0.986109376 -0.007810629 0.165913343 0.028978052 -0.017106567 0.988806009 0.148222834 -0.184645489 -0.165213823 -0.149002135 0.974937320 -0.034320772
0.986914456 -0.014745736 0.160569191 0.031996552 -0.013386751 0.984879076 0.172725230 -0.149621129 -0.160688192 -0.172614515 0.971794009 -0.027271705
0.987871110 -0.025348198 0.153193295 0.032153197 -0.004724567 0.981221795 0.192824826 -0.122444585 -0.155204356 -0.191209838 0.969200909 -0.024887292
0.988478899 -0.034546383 0.147363558 0.031960186 0.003265299 0.978245080 0.207426831 -0.103478506 -0.151323512 -0.204555854 0.967087448 -0.024472633
0.988728821 -0.038245678 0.144749895 0.032110136 0.006072128 0.976269782 0.216472790 -0.093472049 -0.149594083 -0.213153943 0.965498328 -0.024123482
0.988864124 -0.037092865 0.144124627 0.032213096 0.004223259 0.975044906 0.221967503 -0.092946731 -0.148761392 -0.218887016 0.964343548 -0.026131408
0.988899767 -0.032264121 0.145038888 0.032174453 -0.001184554 0.974396706 0.224832520 -0.103204824 -0.148579434 -0.222508624 0.963542461 -0.030045664
0.988994300 -0.032740306 0.144285783 0.031150164 -0.000396412 0.974618793 0.223870754 -0.124854080 -0.147953227 -0.221464097 0.963879406 -0.035902593
0.989049673 -0.030832537 0.144326508 0.029789655 -0.001359274 0.975988925 0.217815876 -0.156428263 -0.147576898 -0.215626895 0.965259612 -0.044069532
0.989260256 -0.026932955 0.143661916 0.028185120 -0.002832855 0.979159176 0.203074574 -0.195697799 -0.146137267 -0.201300591 0.968566954 -0.053939078
0.988863289 -0.020423708 0.147418782 0.029258428 -0.006663241 0.983470082 0.180948034 -0.237862289 -0.148677602 -0.179915145 0.972381353 -0.059688438
0.987993360 -0.016909292 0.153568149 0.028490838 -0.007429190 0.987642884 0.156545028 -0.285295308 -0.154317558 -0.155806348 0.975659013 -0.070041120
0.986094773 -0.011763347 0.165767238 0.028474214 -0.010331295 0.991222799 0.131797671 -0.333478957 -0.165862635 -0.131677568 0.977318048 -0.079958655
0.984169960 -0.011120956 0.176877886 0.024112657 -0.008043686 0.994197965 0.107264899 -0.383194327 -0.177044511 -0.106989644 0.978370309 -0.093696229
0.982415199 -0.012171831 0.186312109 0.023266556 -0.003256078 0.996604145 0.082277633 -0.424394816 -0.186680883 -0.081437446 0.979039431 -0.102684118
0.982000947 -0.019558655 0.187860534 0.021294476 0.008680008 0.998246312 0.058557164 -0.458590716 -0.188676372 -0.055872563 0.980448604 -0.110540330
0.982350707 -0.026560828 0.185152918 0.019914575 0.019590136 0.999032378 0.039376870 -0.483851761 -0.186019629 -0.035054728 0.981920481 -0.118295796
0.982995927 -0.025679478 0.181822866 0.019705186 0.021560075 0.999464929 0.024596866 -0.497562617 -0.182357222 -0.020258505 0.983023643 -0.121423550
0.983127117 -0.023293678 0.181434348 0.020785695 0.020948574 0.999670565 0.014831206 -0.500777364 -0.181720033 -0.010780171 0.983291209 -0.121395104
0.983160555 -0.020466937 0.181594178 0.024499524 0.019382058 0.999782145 0.007746972 -0.492580116 -0.181713179 -0.004096849 0.983343065 -0.114589773
0.983506680 -0.017316887 0.180040926 0.025841415 0.016867528 0.999849617 0.004026621 -0.475296378 -0.180083573 -0.000923364 0.983650863 -0.109083384
0.984146118 -0.017501391 0.176493943 0.027026171 0.016912036 0.999845266 0.004843051 -0.449841291 -0.176551402 -0.001781398 0.984289825 -0.101070598
0.984211087 -0.012570782 0.176551789 0.026535964 0.010248886 0.999848664 0.014057129 -0.419354856 -0.176701784 -0.012025722 0.984190941 -0.093321204
0.984448493 -0.006995787 0.175534040 0.027865581 0.001821341 0.999559522 0.029622113 -0.380776674 -0.175663948 -0.028841740 0.984027624 -0.082903177
0.983826220 0.000539536 0.179124683 0.029772876 -0.010003453 0.998600364 0.051935218 -0.338085949 -0.178845942 -0.052887097 0.982454598 -0.072195254
0.982809067 0.004508085 0.184569761 0.031872671 -0.019675910 0.996565998 0.080430627 -0.294370294 -0.183573350 -0.082679525 0.979522824 -0.059455268
0.982132375 0.001754430 0.188183054 0.032961920 -0.022741795 0.993734837 0.109425448 -0.250122786 -0.186812088 -0.111749895 0.976019084 -0.049145605
0.982662797 -0.004954462 0.185335651 0.032900780 -0.020666983 0.990485549 0.136055872 -0.208295062 -0.184246376 -0.137527362 0.973210931 -0.040516466
0.983837605 -0.012060782 0.178656548 0.035067357 -0.016392320 0.987473249 0.156932861 -0.169483587 -0.178311288 -0.157325029 0.971315563 -0.030631360
0.985100925 -0.017442191 0.171090454 0.034361932 -0.012682252 0.984767020 0.173415855 -0.136091635 -0.171508998 -0.173001930 0.969873726 -0.027417421
0.986409009 -0.020136300 0.163070053 0.033671279 -0.011144113 0.981977761 0.188667685 -0.109262854 -0.163930237 -0.187920779 0.968407273 -0.026696345
0.986915350 -0.019769890 0.160022527 0.034692526 -0.013573066 0.978745580 0.204628468 -0.091513388 -0.160666823 -0.204122990 0.965670764 -0.026410444
0.987194300 -0.018975044 0.158390060 0.035432871 -0.016883263 0.974895954 0.222020000 -0.084115677 -0.158626661 -0.221851021 0.962091327 -0.028262498
0.987303913 -0.020251118 0.157546401 0.036314685 -0.017947163 0.971266329 0.237317562 -0.089048892 -0.157825470 -0.237132072 0.958571613 -0.031578012
0.987689078 -0.024919763 0.154432133 0.037164006 -0.013707380 0.969644904 0.244132802 -0.105969116 -0.155828074 -0.243244156 0.957366109 -0.036106925
0.988611341 -0.025550930 0.148306176 0.037175097 -0.010850159 0.970814943 0.239584193 -0.135276780 -0.150099441 -0.238464788 0.959481478 -0.042901229
0.989149630 -0.012317002 0.146394193 0.038497414 -0.021204308 0.974075556 0.225226998 -0.173056051 -0.145373136 -0.225887388 0.963245332 -0.050488532
0.987895250 0.009347403 0.154840618 0.042583644 -0.040601052 0.978966653 0.199939728 -0.212852478 -0.149714887 -0.203806192 0.967495978 -0.055326764
0.986384630 0.022208091 0.162948176 0.043361705 -0.049981352 0.984453321 0.168384910 -0.260770261 -0.156675383 -0.174236655 0.972159684 -0.064492255
0.984945178 0.029701693 0.170296207 0.042829484 -0.052897885 0.989657879 0.133338302 -0.310389727 -0.164574608 -0.140339226 0.976329923 -0.073971443
0.983241260 0.031813122 0.179511935 0.035683300 -0.049966045 0.993977845 0.097526312 -0.361185879 -0.175328285 -0.104861394 0.978909612 -0.088482320
0.981143773 0.037078485 0.189689532 0.033649523 -0.049919955 0.996740699 0.063372076 -0.402968079 -0.186721519 -0.071646407 0.979796827 -0.096760906
0.979233801 0.038583711 0.199028715 0.031637494 -0.046544738 0.998286068 0.035475269 -0.437843531 -0.197318837 -0.044002324 0.979351342 -0.104166523
0.978042185 0.038133513 0.204888523 0.030235844 -0.041875485 0.999025345 0.013957088 -0.463883042 -0.204156607 -0.022230428 0.978685796 -0.110754170
0.977312565 0.039183900 0.208145916 0.029486880 -0.039799966 0.999206901 -0.001229024 -0.479165077 -0.208029002 -0.007083059 0.978097022 -0.114005595
0.977666795 0.037451569 0.206797108 0.029442148 -0.036208507 0.999296248 -0.009793945 -0.483795822 -0.207018390 0.002087401 0.978334844 -0.114343338
0.978283465 0.034669891 0.204351440 0.034903266 -0.033124104 0.999390900 -0.010981128 -0.474341929 -0.204607680 0.003973697 0.978836000 -0.108467139
0.979229033 0.028187515 0.200788260 0.035825126 -0.027424509 0.999602199 -0.006581200 -0.458359778 -0.200893909 0.000937984 0.979612529 -0.102125570
0.979545116 0.022409339 0.199972883 0.037725467 -0.023493093 0.999719381 0.003047886 -0.433669835 -0.199848458 -0.007683523 0.979796708 -0.092663139
0.979156971 0.016439768 0.202438489 0.038201679 -0.020609701 0.999616265 0.018507719 -0.405897230 -0.202056542 -0.022294160 0.979120076 -0.083309628
0.979087949 0.012369627 0.203060985 0.040976521 -0.020100499 0.999147713 0.036053564 -0.367898107 -0.202441931 -0.039381240 0.978502095 -0.070285127
0.979780614 0.010476988 0.199800283 0.043519672 -0.021553461 0.998343587 0.053343434 -0.326190114 -0.198910445 -0.056571249 0.978383541 -0.057257045
0.982062876 -0.000405926 0.188553289 0.045462418 -0.012520732 0.997650087 0.067360900 -0.284561783 -0.188137546 -0.068513460 0.979750037 -0.043809332
0.984426260 -0.010910706 0.175459161 0.045781605 -0.003116394 0.996832252 0.079471499 -0.243136838 -0.175770447 -0.078780636 0.981273830 -0.031466167
0.986220002 -0.021027703 0.164097250 0.045443349 0.006339825 0.995964646 0.089522451 -0.204110071 -0.165317506 -0.087248489 0.982373595 -0.020372285
0.987483025 -0.027041476 0.155389920 0.047891110 0.011997968 0.995217383 0.096945539 -0.164856300 -0.157268301 -0.093867704 0.983084679 -0.008636399
0.988646567 -0.032800272 0.146635816 0.046708748 0.017355917 0.994279623 0.105388820 -0.132120609 -0.149253771 -0.101647303 0.983560443 -0.000696085
0.989480436 -0.032886922 0.140878886 0.046003371 0.017116947 0.993592024 0.111722186 -0.104176156 -0.143650353 -0.108135507 0.983702838 0.006456955
0.990219235 -0.032023657 0.135795116 0.044798862 0.016502511 0.993352950 0.113919340 -0.082383990 -0.138540596 -0.110564165 0.984165668 0.012958751
0.990788698 -0.028761592 0.132327512 0.044563890 0.013369594 0.993186414 0.115767144 -0.066214256 -0.134755537 -0.112931617 0.984422386 0.018846909
0.991413295 -0.022826351 0.128758058 0.044876914 0.007647709 0.993082583 0.117168687 -0.054836467 -0.130541906 -0.115177892 0.984729826 0.023916421
0.992592931 -0.017810898 0.120174929 0.044394288 0.003713731 0.993180990 0.116523653 -0.047616854 -0.121430844 -0.115214258 0.985890567 0.025914086
0.993725538 -0.014815604 0.110860683 0.044134598 0.002214355 0.993599653 0.112937428 -0.042428467 -0.111824371 -0.111983322 0.987398148 0.028303873
0.994563460 -0.014576728 0.103107035 0.043360516 0.003364542 0.994135261 0.108091466 -0.038592838 -0.104077965 -0.107156910 0.988779664 0.030441731
0.994965613 -0.012497475 0.099434562 0.042912729 0.002433152 0.994913936 0.100699492 -0.028702103 -0.100187324 -0.099950589 0.989935517 0.037428614
0.995240808 -0.007376379 0.097166613 0.042405024 -0.001821446 0.995548487 0.094233207 -0.025556967 -0.097429171 -0.093961723 0.990797043 0.039512604
0.995581090 -0.004266653 0.093808554 0.042073563 -0.004120078 0.996020615 0.089027554 -0.022179401 -0.093815111 -0.089020655 0.991601765 0.041408863
0.995869756 -0.003310115 0.090732828 0.041458223 -0.004602950 0.996209443 0.086865008 -0.023740703 -0.090676442 -0.086923867 0.992079675 0.038495563
0.995886981 -0.001757194 0.090587042 0.042122584 -0.006022375 0.996316969 0.085534617 -0.020309789 -0.090403713 -0.085728362 0.992208540 0.039630599
0.995987773 -0.004693764 0.089366041 0.043038234 -0.002426331 0.996840000 0.079398498 -0.018579468 -0.089456327 -0.079296768 0.992829084 0.039800417
0.995872200 -0.004977592 0.090629756 0.044421814 -0.000824277 0.997958064 0.063867584 -0.011734642 -0.090762600 -0.063678652 0.993834555 0.043926094
0.995488882 -0.008787908 0.094470106 0.045675416 0.003749030 0.998567045 0.053384054 -0.011376892 -0.094803862 -0.052789066 0.994095325 0.043753449
0.994976878 -0.015050584 0.098967426 0.046335317 0.010532126 0.998884976 0.046021018 -0.010659483 -0.099549718 -0.044747513 0.994025886 0.043130003
0.994343400 -0.023404580 0.103602052 0.043941699 0.019504782 0.999068379 0.038496591 -0.019642035 -0.104406521 -0.036258094 0.993873537 0.035748698
0.993659973 -0.021911642 0.110271066 0.045063857 0.019058624 0.999457479 0.026860733 -0.019860292 -0.110799804 -0.024588820 0.993538499 0.034455884
0.992929161 -0.021664126 0.116714738 0.045633323 0.020106712 0.999692619 0.014504803 -0.020426080 -0.116993092 -0.012055492 0.993059576 0.032846726
0.992466569 -0.023712289 0.120199032 0.046385817 0.022846576 0.999702215 0.008575470 -0.020223219 -0.120366581 -0.005764732 0.992712796 0.031938553
0.991810143 -0.023601674 0.125521436 0.047742248 0.022314258 0.999683082 0.011652878 -0.019353256 -0.125756696 -0.008756524 0.992022455 0.031460997
0.991578221 -0.025826352 0.126908079 0.048610106 0.024562066 0.999631941 0.011517297 -0.018920332 -0.127158836 -0.008303177 0.991847634 0.031098513
0.991511345 -0.030527798 0.126385704 0.049015947 0.029441407 0.999511838 0.010455352 -0.018027706 -0.126643196 -0.006645628 0.991926074 0.031412747
0.991500497 -0.033823591 0.125629574 0.048570354 0.032789256 0.999409318 0.010292549 -0.018379560 -0.125903487 -0.006085766 0.992023826 0.031101573
0.991530538 -0.032020491 0.125864536 0.048567198 0.030931508 0.999465346 0.010597381 -0.018446978 -0.126136571 -0.006614448 0.991990805 0.030873243
0.991503477 -0.034344990 0.125464126 0.048706058 0.033333186 0.999392688 0.010155588 -0.018841507 -0.125736728 -0.005887182 0.992046177 0.031462848
0.991496801 -0.034559891 0.125458091 0.048540935 0.033540621 0.999384999 0.010228253 -0.018932581 -0.125734419 -0.005933338 0.992046177 0.031153707
0.991516292 -0.036838431 0.124652945 0.048113916 0.035848688 0.999305427 0.010174518 -0.019165523 -0.124941178 -0.005619556 0.992148221 0.030774895
0.991514027 -0.036366787 0.124809213 0.048148926 0.035380479 0.999322772 0.010110766 -0.018712595 -0.125092387 -0.005609158 0.992129266 0.031029804
0.991536379 -0.036686234 0.124538012 0.047993243 0.035699815 0.999311090 0.010143865 -0.018780863 -0.124824353 -0.005612027 0.992163002 0.030777931
0.991541505 -0.036525063 0.124544844 0.047988631 0.035529688 0.999316514 0.010204651 -0.018857900 -0.124832451 -0.005693295 0.992161512 0.030501639
0.991555810 -0.036768708 0.124358825 0.047993381 0.035758782 0.999306917 0.010344207 -0.018931741 -0.124652974 -0.005809939 0.992183387 0.031059237
0.991551936 -0.036886483 0.124354981 0.048064046 0.035870999 0.999302328 0.010395967 -0.019014420 -0.124651693 -0.005847405 0.992183328 0.030795541
0.991543889 -0.037034459 0.124375179 0.048139345 0.036014535 0.999296725 0.010439542 -0.019097386 -0.124674335 -0.005871951 0.992180347 0.030538511
0.991546333 -0.036844697 0.124412015 0.048022594 0.035843324 0.999304593 0.010278426 -0.019143358 -0.124704197 -0.005732195 0.992177427 0.031047756
0.991547704 -0.037004221 0.124353923 0.047908925 0.035986725 0.999297976 0.010419351 -0.019152839 -0.124652185 -0.005856193 0.992183208 0.030702952
0.991546631 -0.036984801 0.124368019 0.047843769 0.035966024 0.999298632 0.010427687 -0.019218439 -0.124666460 -0.005866515 0.992181361 0.030353796
0.991544843 -0.036810979 0.124433711 0.047801618 0.035788879 0.999304831 0.010440204 -0.018897841 -0.124731526 -0.005898587 0.992173016 0.030775895
0.991541624 -0.036648657 0.124507412 0.047803953 0.035616804 0.999310315 0.010504108 -0.018994898 -0.124806508 -0.005980704 0.992163062 0.030540381
0.991539776 -0.037173878 0.124366477 0.047704238 0.036131773 0.999290526 0.010625191 -0.019536434 -0.124673218 -0.006041719 0.992179453 0.029972386
0.991548955 -0.036791243 0.124406703 0.048030362 0.035766006 0.999305367 0.010465228 -0.018977940 -0.124705322 -0.005927256 0.992176116 0.030974628
0.991549909 -0.036858618 0.124379322 0.048040681 0.035826564 0.999302626 0.010524928 -0.019039124 -0.124680519 -0.005979908 0.992178917 0.030693946
0.991559505 -0.036926690 0.124282628 0.048042145 0.035893340 0.999300003 0.010544173 -0.019120472 -0.124584988 -0.005994258 0.992190838 0.030393692
0.991561115 -0.036791019 0.124310143 0.048260391 0.035777658 0.999305904 0.010375259 -0.018788144 -0.124605574 -0.005840179 0.992189169 0.031837806
0.991563380 -0.036798541 0.124289639 0.048253838 0.035773654 0.999305069 0.010468484 -0.018834522 -0.124588497 -0.005933871 0.992190778 0.031631805
0.991543591 -0.036957767 0.124400496 0.047885064 0.035905760 0.999298036 0.010688850 -0.019235626 -0.124708205 -0.006131765 0.992174506 0.030040344
0.991553664 -0.036829636 0.124357842 0.048206709 0.035794914 0.999303520 0.010545397 -0.018835075 -0.124659605 -0.006004950 0.992181420 0.031227751
0.991551518 -0.036821701 0.124377325 0.048110057 0.035780974 0.999303520 0.010591757 -0.018916555 -0.124680713 -0.006051931 0.992178440 0.031022485
0.991540670 -0.036881186 0.124446072 0.048032843 0.035846993 0.999301732 0.010540132 -0.019030495 -0.124747910 -0.005989953 0.992170393 0.030827442
0.991538048 -0.036796834 0.124492377 0.048274815 0.035795633 0.999306381 0.010270351 -0.018872762 -0.124783933 -0.005727160 0.992167413 0.031196920
0.991533637 -0.036743194 0.124543235 0.048270684 0.035738245 0.999308169 0.010294439 -0.018963447 -0.124835327 -0.005756326 0.992160797 0.030950176
0.991537035 -0.036773633 0.124507174 0.048219196 0.035752710 0.999306262 0.010424992 -0.019060077 -0.124804169 -0.005885296 0.992163956 0.030699523
0.991538525 -0.036783949 0.124492221 0.048053693 0.035802454 0.999307692 0.010112864 -0.018975969 -0.124778025 -0.005570167 0.992169023 0.031162845
0.991538346 -0.036701247 0.124517888 0.047988482 0.035708033 0.999310195 0.010199702 -0.019062994 -0.124806345 -0.005667108 0.992164910 0.031080035
0.991542220 -0.036963616 0.124409243 0.047857642 0.035964828 0.999300361 0.010265369 -0.019189699 -0.124701649 -0.005704191 0.992177904 0.031024676
0.991551578 -0.036962025 0.124335557 0.047976144 0.035968922 0.999300599 0.010223432 -0.019043267 -0.124626473 -0.005664844 0.992187560 0.031157868
0.991546333 -0.037063681 0.124346718 0.047869429 0.036065713 0.999296665 0.010267985 -0.019118374 -0.124639824 -0.005696530 0.992185712 0.030939622
0.991530657 -0.036928974 0.124511935 0.047422558 0.035907790 0.999300599 0.010436509 -0.019201757 -0.124810256 -0.005877171 0.992163241 0.030149249
0.991554499 -0.037051775 0.124285340 0.047876343 0.036048271 0.999296844 0.010314129 -0.019125247 -0.124580100 -0.005746750 0.992192924 0.030761134
0.991546333 -0.036908478 0.124393158 0.047719356 0.035910062 0.999302387 0.010259712 -0.019170653 -0.124685042 -0.005706014 0.992179990 0.030556876
0.991542518 -0.037038758 0.124384627 0.047500461 0.036041275 0.999297619 0.010260822 -0.019243281 -0.124677315 -0.005691061 0.992181003 0.030349158
0.991553843 -0.036799774 0.124365494 0.047891602 0.035792410 0.999305904 0.010325439 -0.018867735 -0.124659151 -0.005786888 0.992182732 0.030930754
0.991553426 -0.036874041 0.124346852 0.047695879 0.035863459 0.999303043 0.010356579 -0.018928995 -0.124642074 -0.005809594 0.992184758 0.030571900
0.991538346 -0.036913700 0.124455273 0.046939425 0.035907559 0.999301851 0.010318625 -0.019300312 -0.124749288 -0.005762427 0.992171586 0.029206252
0.991552114 -0.036900725 0.124349236 0.048209723 0.035885166 0.999301851 0.010397754 -0.018823124 -0.124646097 -0.005847623 0.992184043 0.030784165
0.991545379 -0.036903746 0.124402039 0.048188705 0.035883345 0.999301493 0.010433925 -0.018815897 -0.124700196 -0.005881749 0.992177010 0.030588418
0.991547704 -0.036985870 0.124359198 0.047729503 0.035970170 0.999298692 0.010403655 -0.018799905 -0.124656774 -0.005842499 0.992182732 0.029877828
0.991537213 -0.036937416 0.124456957 0.048434727 0.035943605 0.999301553 0.010221954 -0.019076085 -0.124747604 -0.005662016 0.992172360 0.031300865
0.991537094 -0.037058592 0.124421835 0.048574571 0.036054045 0.999296606 0.010316551 -0.019103039 -0.124716640 -0.005743332 0.992175758 0.031276699
0.991556823 -0.037000727 0.124282077 0.048902944 0.035965685 0.999297202 0.010562295 -0.018947963 -0.124585539 -0.006003226 0.992190719 0.030681631
0.991592109 -0.036564387 0.124129437 0.051220205 0.035743095 0.999321938 0.008837733 -0.009848752 -0.124368422 -0.004326656 0.992226660 0.036113203
0.991592824 -0.036658194 0.124096081 0.051186886 0.035835568 0.999318480 0.008855379 -0.010043035 -0.124336123 -0.004333877 0.992230713 0.036060624
0.991584897 -0.036712341 0.124143325 0.051199295 0.035887249 0.999316394 0.008876741 -0.010234627 -0.124384351 -0.004346880 0.992224574 0.035988439
0.991583288 -0.036708966 0.124157466 0.051149655 0.035891362 0.999316812 0.008816325 -0.009839260 -0.124396287 -0.004285941 0.992223382 0.036010567
0.991587043 -0.036787562 0.124104150 0.051181179 0.035961576 0.999313653 0.008889937 -0.009954768 -0.124346010 -0.004352166 0.992229402 0.035852674
0.991587639 -0.036864471 0.124076217 0.051207382 0.036035080 0.999310672 0.008922878 -0.010018611 -0.124319628 -0.004376720 0.992232561 0.035654388
0.991581023 -0.036894485 0.124120593 0.051163014 0.036078140 0.999310076 0.008819073 -0.009835589 -0.124360338 -0.004266785 0.992227972 0.035780013
0.991586745 -0.036952388 0.124057665 0.051148470 0.036122952 0.999307454 0.008929348 -0.009842135 -0.124301717 -0.004372893 0.992234826 0.035490695
0.991591692 -0.036937967 0.124021992 0.051120043 0.036097951 0.999307573 0.009014199 -0.009888259 -0.124269083 -0.004461464 0.992238522 0.035246998
0.991588295 -0.036952291 0.124045216 0.051123247 0.036116149 0.999307215 0.008983360 -0.009988638 -0.124291234 -0.004427759 0.992235899 0.035752099
0.991587043 -0.036961049 0.124052584 0.051102124 0.036120176 0.999306738 0.009021384 -0.010066704 -0.124300018 -0.004464686 0.992234647 0.035675738
0.991588235 -0.037035897 0.124020539 0.050988495 0.036186166 0.999303639 0.009097936 -0.010117169 -0.124271132 -0.004533579 0.992237926 0.035314649
0.991588116 -0.036985822 0.124036729 0.051175058 0.036139004 0.999305606 0.009070991 -0.009993265 -0.124286100 -0.004512122 0.992236137 0.035675220
0.991588473 -0.037021402 0.124023184 0.051181722 0.036177803 0.999304414 0.009047949 -0.009997400 -0.124271885 -0.004484955 0.992238045 0.035662532
0.991579592 -0.037032127 0.124091052 0.051231056 0.036198944 0.999304414 0.008963056 -0.010009887 -0.124336652 -0.004395618 0.992230356 0.035709817
0.991589189 -0.037081514 0.123999573 0.051338583 0.036253449 0.999302745 0.008928539 -0.009994881 -0.124244191 -0.004358031 0.992242098 0.035828732
0.991589785 -0.037170593 0.123967819 0.051370423 0.036324088 0.999298811 0.009082478 -0.009969385 -0.124218486 -0.004503075 0.992244661 0.035876241
0.991590023 -0.037150547 0.123972021 0.051354069 0.036324240 0.999300241 0.008919721 -0.009959585 -0.124216639 -0.004341517 0.992245615 0.036074728
0.991591275 -0.037283614 0.123922221 0.051144160 0.036442205 0.999294758 0.009050433 -0.009924056 -0.124172263 -0.004458331 0.992250681 0.035611544
0.991588652 -0.037321769 0.123931766 0.051055420 0.036475129 0.999293208 0.009094246 -0.009851285 -0.124183580 -0.004497323 0.992249072 0.035758529
0.991580963 -0.037264671 0.124010265 0.050974350 0.036428493 0.999295712 0.009004284 -0.009811033 -0.124258459 -0.004410969 0.992240071 0.035909206
0.991580904 -0.037261114 0.124011651 0.051131200 0.036428146 0.999295950 0.008978403 -0.009926926 -0.124258891 -0.004385300 0.992240131 0.035747211
0.991573393 -0.037311777 0.124056600 0.051033702 0.036468692 0.999293745 0.009060731 -0.009863324 -0.124307059 -0.004460199 0.992233753 0.035738479
0.991574407 -0.037423536 0.124014847 0.050687119 0.036590643 0.999289930 0.008987756 -0.009699271 -0.124263145 -0.004374246 0.992239654 0.035680413
0.991651177 -0.037225984 0.123458937 0.051118128 0.036409102 0.999297619 0.008866977 -0.009937662 -0.123702303 -0.004297919 0.992310047 0.035694219
0.991640806 -0.037225652 0.123542577 0.051224004 0.036395688 0.999297202 0.008968879 -0.009791704 -0.123789623 -0.004397489 0.992298722 0.035760842
0.991620541 -0.037452403 0.123636812 0.051397748 0.036624838 0.999288917 0.008960374 -0.009655285 -0.123884484 -0.004357113 0.992287099 0.035843734
0.991613448 -0.037429117 0.123700477 0.051319689 0.036598988 0.999289691 0.008977210 -0.009947523 -0.123948626 -0.004374610 0.992278993 0.035844602
0.991568267 -0.037853550 0.123933442 0.051416367 0.037022095 0.999273837 0.009005890 -0.009819734 -0.124184348 -0.004341680 0.992249668 0.035872001
