1.000000000 0.000000000 0.000000000 -0.000000004 0.000000000 1.000000000 0.000000000 0.000000030 0.000000000 0.000000000 1.000000000 0.000000060
0.999996662 0.000668408 -0.002493870 -0.000461531 -0.000655038 0.999985456 0.005358296 -0.003414533 0.002497415 -0.005356645 0.999982536 -0.002376084
0.999970078 -0.002418719 -0.007350653 -0.002498493 0.002452431 0.999986529 0.004580690 -0.009554962 0.007339474 -0.004598579 0.999962509 -0.004617808
0.999915779 -0.004773773 -0.012070574 -0.004239313 0.004749360 0.999986649 -0.002050340 -0.019678535 0.012080200 0.001992840 0.999925017 -0.006242237
0.999814570 -0.006695371 -0.018053770 -0.004553508 0.006471913 0.999902070 -0.012407510 -0.031516999 0.018135075 0.012288367 0.999760032 -0.012231180
0.999639213 -0.010234772 -0.024833083 -0.005298000 0.009667489 0.999691963 -0.022857396 -0.047752175 0.025059376 0.022609076 0.999430239 -0.016552299
0.999464095 -0.011193969 -0.030760443 -0.004265388 0.010284808 0.999510169 -0.029557085 -0.066309087 0.031076236 0.029224878 0.999089658 -0.023335567
0.999119818 -0.014058378 -0.039520897 -0.003302977 0.012887539 0.999475002 -0.029726081 -0.086941972 0.039918050 0.029190589 0.998776495 -0.032136843
0.998625934 -0.019618781 -0.048594221 -0.003910477 0.018380346 0.999498069 -0.025802352 -0.108092390 0.049076043 0.024873719 0.998485267 -0.037842572
0.998121858 -0.025688807 -0.055613171 -0.003847870 0.024728166 0.999534070 -0.017893489 -0.129757091 0.056046922 0.016484670 0.998292029 -0.045075119
0.997290611 -0.034146357 -0.065157525 -0.004047180 0.033336792 0.999353349 -0.013472135 -0.152026474 0.065575413 0.011263491 0.997784019 -0.053080928
0.996699214 -0.036722556 -0.072402366 -0.003898242 0.035732068 0.999249876 -0.014928902 -0.173531577 0.072896279 0.012292540 0.997263789 -0.057788521
0.996482313 -0.033708919 -0.076725237 -0.003582686 0.032131124 0.999247909 -0.021706995 -0.197613150 0.077399246 0.019165367 0.996815979 -0.065802045
0.996210456 -0.028426260 -0.082199343 -0.004121161 0.025958423 0.999184191 -0.030937206 -0.220721617 0.083011709 0.028686203 0.996135592 -0.070203811
0.995579720 -0.026198773 -0.090192482 -0.004751144 0.022482438 0.998865604 -0.041976836 -0.245342359 0.091189906 0.039763536 0.995039344 -0.078310236
0.994452238 -0.031851385 -0.100250669 -0.005890841 0.026793554 0.998318613 -0.051400363 -0.270683259 0.101719283 0.048429139 0.993633628 -0.085120521
0.993045807 -0.044428505 -0.109023318 -0.005608777 0.037916191 0.997411430 -0.061096881 -0.295654953 0.111455545 0.056538258 0.992159784 -0.093229294
0.991839647 -0.056099135 -0.114485905 -0.006784706 0.048228588 0.996352494 -0.070397191 -0.319511443 0.118017539 0.064301230 0.990927458 -0.096311502
0.991241813 -0.062595591 -0.116281800 -0.002780102 0.053590916 0.995431840 -0.079015702 -0.344280511 0.120696642 0.072092026 0.990068197 -0.105590887
0.990886629 -0.067412674 -0.116615929 -0.002174551 0.057710662 0.994736910 -0.084663875 -0.363021165 0.121709593 0.077162318 0.989561915 -0.107840545
0.991005242 -0.066778198 -0.115970828 0.002238333 0.056757830 0.994532347 -0.087658003 -0.377930105 0.121190391 0.080287293 0.989377022 -0.117097095
0.990925908 -0.066397995 -0.116863742 0.004493529 0.056089062 0.994415641 -0.089395531 -0.387976557 0.122146815 0.082029574 0.989116430 -0.121181957
0.991166294 -0.065635405 -0.115244970 0.007198901 0.055252809 0.994309068 -0.091085590 -0.392981380 0.120567560 0.083913364 0.989152193 -0.123435043
0.992002487 -0.062341724 -0.109747708 0.010988369 0.051979292 0.994131267 -0.094874576 -0.391481936 0.115018278 0.088411212 0.989421189 -0.123967327
0.993443131 -0.055645958 -0.099871561 0.014910823 0.045634456 0.993953407 -0.099870764 -0.384450644 0.104825079 0.094658338 0.989975512 -0.120850414
0.994174361 -0.053037159 -0.093831956 0.017565532 0.043262385 0.993708611 -0.103303120 -0.371901631 0.098720536 0.098641917 0.990214109 -0.115527444
0.994433284 -0.051951878 -0.091670223 0.020809451 0.042342067 0.993693590 -0.103827514 -0.355354339 0.096486144 0.099368028 0.990361750 -0.108759783
0.994809985 -0.047902543 -0.089769058 0.023393903 0.038816389 0.994193435 -0.100362681 -0.335084558 0.094055437 0.096357279 0.990892947 -0.100655861
0.995249689 -0.041809302 -0.087920517 0.023770688 0.033731189 0.995239258 -0.091438346 -0.313959837 0.091324925 0.088038318 0.991921902 -0.093777508
0.995782673 -0.033679560 -0.085337922 0.026349226 0.027082447 0.996638596 -0.077317558 -0.289687306 0.087655097 0.074680321 0.993347585 -0.085925430
0.996240556 -0.024994558 -0.082946062 0.030012330 0.020055523 0.998005688 -0.059853178 -0.264907777 0.084276646 0.057964634 0.994755030 -0.078656092
0.996759117 -0.016794913 -0.078671485 0.033094615 0.013544312 0.999039531 -0.041671593 -0.239556983 0.079295799 0.040470991 0.996029258 -0.071382083
0.997042298 -0.010518381 -0.076131821 0.036402151 0.008487985 0.999600887 -0.026944097 -0.214948773 0.076384842 0.026218198 0.996733665 -0.064623497
0.997208297 -0.005151887 -0.074491873 0.039111536 0.003916795 0.999852598 -0.016716814 -0.190777540 0.074567020 0.016378375 0.997081518 -0.057951443
0.997258246 -0.000787465 -0.073995523 0.042019058 0.000017424 0.999945819 -0.010406666 -0.167763337 0.073999710 0.010376845 0.997204304 -0.051774234
0.997254670 0.002211498 -0.074015073 0.043869473 -0.002793407 0.999965966 -0.007759438 -0.145678535 0.073995404 0.007944890 0.997226954 -0.046330683
0.997383833 0.007970341 -0.071846500 0.049633455 -0.008576839 0.999930084 -0.008137022 -0.123183973 0.071776628 0.008731951 0.997382522 -0.042129222
0.997623265 0.017455436 -0.066657178 0.051791731 -0.018105026 0.999794185 -0.009153574 -0.104087219 0.066483684 0.010338648 0.997733951 -0.037933227
0.997603655 0.028391827 -0.063093841 0.053623773 -0.028939418 0.999550879 -0.007781961 -0.088531978 0.062844560 0.009589212 0.997977257 -0.035907868
0.997372150 0.040300537 -0.060205597 0.054162942 -0.040573332 0.999171078 -0.003315007 -0.077538349 0.060022097 0.005749037 0.998180509 -0.034502830
0.996887267 0.050644934 -0.060422443 0.055170216 -0.050480559 0.998715997 0.004244811 -0.072606705 0.060559839 -0.001181440 0.998163879 -0.035390068
0.996406138 0.057830621 -0.061890077 0.055132776 -0.057107966 0.998278320 0.013383782 -0.074760810 0.062557511 -0.009801268 0.997993231 -0.038075723
0.996048033 0.058943637 -0.066437304 0.055454068 -0.057621613 0.998103857 0.021644142 -0.084194250 0.067587107 -0.017730381 0.997555792 -0.043607946
0.995737314 0.057534553 -0.072089761 0.055279441 -0.055777617 0.998100638 0.026153727 -0.100618385 0.073457584 -0.022021247 0.997055173 -0.050369486
0.995553732 0.053941451 -0.077221230 0.054114088 -0.052085564 0.998308003 0.025850467 -0.123727843 0.078484982 -0.021713421 0.996678829 -0.058872320
0.995292306 0.047552429 -0.084451132 0.054270715 -0.045801975 0.998696089 0.022546416 -0.149002761 0.085413150 -0.018572247 0.996172488 -0.067620412
0.995049298 0.040127661 -0.090921499 0.053609110 -0.038785759 0.999111652 0.016478715 -0.176650479 0.091501988 -0.012870675 0.995721698 -0.077160403
0.994811296 0.032926589 -0.096261494 0.053867321 -0.032475948 0.999453008 0.006244843 -0.205919862 0.096414454 -0.003086257 0.995336473 -0.085831486
0.994569361 0.027287854 -0.100434817 0.056547269 -0.028096901 0.999583066 -0.006649480 -0.234380484 0.100211494 0.009435277 0.994921446 -0.095962718
0.994344652 0.023230720 -0.103629462 0.056579597 -0.025680080 0.999420047 -0.022364328 -0.264509678 0.103049822 0.024899064 0.994364500 -0.104021885
0.994482338 0.020176001 -0.102945775 0.056618311 -0.024257757 0.998962104 -0.038552824 -0.295967907 0.102061078 0.040837336 0.993939579 -0.109791294
0.994978011 0.015780397 -0.098841935 0.056014981 -0.020963781 0.998446524 -0.051624034 -0.324446470 0.097873747 0.053436879 0.993763149 -0.116238810
0.995899022 0.014458437 -0.089309238 0.055120241 -0.020054936 0.997869134 -0.062088367 -0.350081623 0.088221230 0.063624837 0.994066834 -0.121198341
0.996875823 0.016897986 -0.077156164 0.053546831 -0.022327321 0.997293115 -0.070056908 -0.372383595 0.075763486 0.071560733 0.994554639 -0.125492007
0.997871995 0.020182811 -0.062001050 0.052383993 -0.024896163 0.996780634 -0.076214001 -0.390001744 0.060263231 0.077595413 0.995161951 -0.128037170
0.998465300 0.022763519 -0.050486676 0.050890017 -0.026752716 0.996451735 -0.079801470 -0.405155957 0.048490971 0.081029654 0.995531440 -0.130486473
0.998440266 0.020015918 -0.052119393 0.048596222 -0.024233922 0.996370614 -0.081598230 -0.417266846 0.050296966 0.082734011 0.995301604 -0.132615075
0.998233259 0.017788425 -0.056691777 0.046863362 -0.022486020 0.996268094 -0.083332263 -0.425291061 0.054997858 0.084459804 0.994907916 -0.133965746
0.997765779 0.015840208 -0.064903721 0.045877565 -0.021407237 0.996065378 -0.085997045 -0.427890271 0.063286141 0.087194324 0.994179070 -0.133721620
0.997551620 0.017865241 -0.067613572 0.045201935 -0.023942139 0.995639265 -0.090162173 -0.425363868 0.065707952 0.091560230 0.993629277 -0.132485732
0.997555435 0.023897901 -0.065666132 0.051171076 -0.030061796 0.995066762 -0.094543420 -0.419742405 0.063082792 0.096286349 0.993352652 -0.131383166
0.997407913 0.029133074 -0.065793075 0.050270449 -0.035498269 0.994577885 -0.097748049 -0.406476945 0.062588640 0.099830218 0.993034005 -0.125199780
0.997206509 0.033488519 -0.066765577 0.044295225 -0.039992675 0.994324028 -0.098591462 -0.387144536 0.063084930 0.100986183 0.992885709 -0.114495881
0.996871829 0.038450826 -0.069050983 0.043932233 -0.045010019 0.994353950 -0.096095577 -0.366578698 0.064966157 0.098902956 0.992974102 -0.106007516
0.996468961 0.042033240 -0.072683327 0.045616150 -0.048435554 0.994880736 -0.088692449 -0.344483614 0.068583213 0.091899730 0.993403614 -0.095713988
0.996003866 0.046387523 -0.076318257 0.044948041 -0.052153178 0.995790422 -0.075375378 -0.319178164 0.072500519 0.079054415 0.994230390 -0.086775690
0.995444953 0.048559029 -0.082045056 0.040938575 -0.053307246 0.996966600 -0.056709055 -0.294732600 0.079042442 0.060824338 0.995013893 -0.079618506
0.994939148 0.048040386 -0.088250689 0.039824914 -0.051295575 0.998070180 -0.034994610 -0.268964857 0.086399235 0.039344378 0.995483398 -0.072192229
0.994209766 0.044639464 -0.097746104 0.038754698 -0.046073731 0.998860300 -0.012464622 -0.244144738 0.097078279 0.016895978 0.995133340 -0.064860083
0.993715107 0.041698363 -0.103882149 0.037894841 -0.041209359 0.999127030 0.006850040 -0.220800191 0.104077101 -0.002526071 0.994566023 -0.058528323
0.993450224 0.039226405 -0.107321784 0.040909149 -0.037202813 0.999091387 0.020793734 -0.197727308 0.108039930 -0.016664868 0.994006872 -0.051361952
0.993528426 0.036461338 -0.107572526 0.040917419 -0.033596508 0.999033988 0.028325344 -0.178033024 0.108501390 -0.024527973 0.993793666 -0.045253471
0.993860483 0.033171594 -0.105550803 0.039716035 -0.029978685 0.999047935 0.031694528 -0.159598932 0.106501661 -0.028335666 0.993908703 -0.040990509
0.994499147 0.030371137 -0.100244805 0.040041760 -0.027488079 0.999171317 0.030017482 -0.144445494 0.101073399 -0.027096825 0.994509876 -0.035248995
0.995210767 0.026057299 -0.094215408 0.039715812 -0.023821369 0.999409080 0.024779586 -0.131019682 0.094805419 -0.022416571 0.995243430 -0.029803194
0.995958388 0.024653601 -0.086366095 0.039794166 -0.023200301 0.999572515 0.017790856 -0.120037355 0.086767785 -0.015715232 0.996104598 -0.025094653
0.996658504 0.025671413 -0.077542461 0.040238366 -0.024931883 0.999634087 0.010490347 -0.110902496 0.077783398 -0.008522013 0.996933877 -0.021639226
0.997241676 0.029259980 -0.068212405 0.043108694 -0.028929319 0.999564469 0.005830489 -0.103649125 0.068353295 -0.003841068 0.997653782 -0.019430498
0.997515202 0.033431515 -0.062014326 0.049566388 -0.033216387 0.999438047 0.004497021 -0.099603310 0.062129818 -0.002425955 0.998065114 -0.017784193
0.997692049 0.036307648 -0.057378326 0.058020107 -0.036020234 0.999332845 0.006035801 -0.096891142 0.057559188 -0.003955091 0.998334289 -0.018291140
0.998035073 0.034929957 -0.052017618 0.069041878 -0.034453813 0.999356031 0.010022501 -0.096666962 0.052334208 -0.008210601 0.998595893 -0.020196708
0.998539329 0.029033829 -0.045565713 0.082776539 -0.028390158 0.999488652 0.014710452 -0.098447986 0.045969512 -0.013395349 0.998853028 -0.022131300
0.999003887 0.022024116 -0.038809471 0.098418787 -0.021344839 0.999613166 0.017831139 -0.102246284 0.039187171 -0.016984995 0.999087512 -0.026019536
0.999384701 0.015819024 -0.031304877 0.115894802 -0.015267394 0.999725282 0.017782530 -0.107347444 0.031577583 -0.017293645 0.999351680 -0.029940845
0.999680579 0.010564310 -0.022958415 0.134994447 -0.010246434 0.999850631 0.013919517 -0.112558052 0.023102036 -0.013679830 0.999639511 -0.034452949
0.999853909 0.004642165 -0.016450824 0.154928908 -0.004525230 0.999964297 0.007138238 -0.118218541 0.016483372 -0.007062751 0.999839187 -0.039679352
0.999956548 -0.001581252 -0.009189143 0.175899014 0.001571653 0.999998212 -0.001051677 -0.122974493 0.009190789 0.001037189 0.999957204 -0.043416038
0.999958932 -0.008957169 -0.001400634 0.198281690 0.008942443 0.999908090 -0.010188672 -0.127774373 0.001491767 0.010175728 0.999947131 -0.049623173
0.999808490 -0.018697349 0.005781182 0.221892044 0.018803636 0.999644339 -0.018912062 -0.131548971 -0.005425520 0.019017149 0.999804437 -0.055735189
0.999529302 -0.027446020 0.013705621 0.247161016 0.027816471 0.999231577 -0.027612539 -0.134318531 -0.012937235 0.027980784 0.999524713 -0.061791003
0.999149501 -0.035446227 0.021067332 0.274063259 0.036204852 0.998666942 -0.036790721 -0.136043549 -0.019735157 0.037522167 0.999100924 -0.067436054
0.998742700 -0.040556122 0.029466515 0.302888900 0.041886050 0.998062313 -0.046013333 -0.137171268 -0.027543297 0.047189713 0.998506129 -0.073740937
0.998290241 -0.043985050 0.038494896 0.333207786 0.046013717 0.997506917 -0.053504590 -0.137323543 -0.036045525 0.055184405 0.997825325 -0.078824908
0.997824967 -0.045896068 0.047317214 0.364980578 0.048653342 0.997079432 -0.058868568 -0.136721745 -0.044477187 0.061042670 0.997143686 -0.086145364
0.997339487 -0.042909190 0.058929779 0.397198766 0.046611108 0.996927500 -0.062951945 -0.134094760 -0.056047499 0.065531246 0.996275246 -0.083660103
0.996834219 -0.039451715 0.069029912 0.430376530 0.043980334 0.996891856 -0.065363109 -0.131916627 -0.066236675 0.068192139 0.995471001 -0.091069460
0.996382415 -0.038659763 0.075680248 0.462850511 0.043579977 0.996967018 -0.064479373 -0.129561096 -0.072957955 0.067544259 0.995045185 -0.098221652
0.995863795 -0.040686969 0.081239559 0.494168282 0.045644779 0.997146249 -0.060132302 -0.126999095 -0.078561120 0.063591748 0.994879007 -0.105992243
0.994977653 -0.044235956 0.089792140 0.524685323 0.049058873 0.997429073 -0.052234609 -0.124580830 -0.087250642 0.056377370 0.994589806 -0.112387881
0.993534267 -0.050214142 0.101824559 0.553911090 0.054772437 0.997595072 -0.042474143 -0.122755721 -0.099446870 0.047776692 0.993895233 -0.119354561
0.991503000 -0.057412464 0.116728939 0.582298517 0.061596248 0.997570157 -0.032553215 -0.122561447 -0.114576347 0.039466675 0.992630184 -0.114367366
0.989112735 -0.066083528 0.131487578 0.608901262 0.069911160 0.997247279 -0.024705043 -0.122257732 -0.129493028 0.033628523 0.991009951 -0.120510906
0.986467421 -0.073755145 0.146431729 0.633114278 0.077578142 0.996774197 -0.020563101 -0.122740865 -0.144442722 0.031644732 0.989007056 -0.124990828
0.983453512 -0.080237918 0.162422404 0.654863298 0.084662430 0.996198893 -0.020493703 -0.124065019 -0.160160646 0.033905677 0.986508489 -0.129196495
0.979964018 -0.082594052 0.181242168 0.673636675 0.088344902 0.995803773 -0.023876123 -0.125829190 -0.178509593 0.039409563 0.983148634 -0.123942465
0.976415038 -0.081514701 0.199922562 0.687903404 0.089134604 0.995585620 -0.029398875 -0.128045231 -0.196643591 0.046525523 0.979370534 -0.126069620
0.973042727 -0.077817023 0.217099875 0.696708024 0.087547824 0.995525599 -0.035554793 -0.130379170 -0.213361710 0.053602953 0.975501657 -0.123531863
0.970220447 -0.074398816 0.230514959 0.701065242 0.086046845 0.995451927 -0.040882193 -0.132536471 -0.226424977 0.059499823 0.972209573 -0.123234861
0.968260169 -0.071952581 0.239363849 0.699640036 0.084917709 0.995403290 -0.044286557 -0.134890586 -0.235077024 0.063207142 0.969919384 -0.119297050
0.967114508 -0.070643649 0.244333819 0.693295598 0.084247470 0.995397747 -0.045668770 -0.137062952 -0.239983127 0.064751431 0.968615174 -0.117055982
0.966762424 -0.070167758 0.245859399 0.682017982 0.083845757 0.995434761 -0.045601297 -0.139545456 -0.241537258 0.064699888 0.968232214 -0.109025031
0.967210948 -0.069201201 0.244364947 0.665804923 0.082707986 0.995537400 -0.045438927 -0.141692221 -0.240130007 0.064159960 0.968618155 -0.104407772
0.968667686 -0.066476338 0.239298642 0.648088276 0.079742275 0.995745361 -0.046177682 -0.143632472 -0.235210776 0.063813038 0.969847322 -0.091739163
0.970645070 -0.062546276 0.232241407 0.624792993 0.075414114 0.996046901 -0.046939578 -0.145966768 -0.228387430 0.063075945 0.971524894 -0.085146256
0.972873330 -0.061288055 0.223072395 0.599810541 0.073283158 0.996254861 -0.045889612 -0.149193391 -0.219424471 0.060992230 0.973721147 -0.076336026
0.975424170 -0.064831614 0.210581362 0.572234690 0.075384140 0.996249795 -0.042468317 -0.153409079 -0.207038343 0.057299115 0.976653457 -0.069997400
0.978153288 -0.070186436 0.195678398 0.544210196 0.079300120 0.996082664 -0.039126337 -0.158334196 -0.192165717 0.053788871 0.979887307 -0.062132366
0.980247080 -0.074210554 0.183326110 0.514446497 0.082459763 0.995877981 -0.037781253 -0.163890094 -0.179766670 0.052151985 0.982325852 -0.056426071
0.981797576 -0.073948637 0.174943030 0.485762954 0.082042441 0.995846391 -0.039484825 -0.169238031 -0.171296537 0.053118858 0.983786523 -0.049149036
0.983288288 -0.070901081 0.167681620 0.455814540 0.079205930 0.995914757 -0.043360904 -0.174310669 -0.163922265 0.055917643 0.984887183 -0.042785037
0.985129833 -0.069102749 0.157302275 0.425786138 0.077428192 0.995869517 -0.047421493 -0.178281873 -0.153375581 0.058895960 0.986411273 -0.038746089
0.987045288 -0.067608014 0.145501927 0.396342993 0.075563923 0.995893657 -0.049859252 -0.181373388 -0.141533569 0.060208034 0.988100827 -0.032240018
0.988914430 -0.065716185 0.133152574 0.369048953 0.072946690 0.996073306 -0.050167274 -0.183907047 -0.129332930 0.059324179 0.989825070 -0.024544438
0.990911067 -0.064565897 0.118010730 0.342653245 0.070813701 0.996258855 -0.049535576 -0.186301097 -0.114370927 0.057442125 0.991776049 -0.015423523
0.992781997 -0.062976941 0.102067955 0.318631530 0.068281218 0.996445656 -0.049332488 -0.189275622 -0.098598368 0.055945728 0.993553460 -0.002760611
0.994133651 -0.060413390 0.089713186 0.297966093 0.065083236 0.996622801 -0.050071519 -0.192417473 -0.086385220 0.055616606 0.994708180 0.010794664
0.994912148 -0.057897121 0.082448684 0.281065524 0.062402382 0.996634543 -0.053155720 -0.195135921 -0.079093643 0.058030263 0.995176733 0.025907179
0.995238841 -0.053561490 0.081430003 0.267145008 0.058243085 0.996716619 -0.056246482 -0.199031100 -0.078149989 0.060721420 0.995090723 0.042191174
0.995327592 -0.050495762 0.082299478 0.251635402 0.055253711 0.996866941 -0.056598004 -0.203061908 -0.079183675 0.060880903 0.994999230 0.059574813
0.994990587 -0.051433735 0.085722044 0.241643101 0.056168877 0.996972203 -0.053772613 -0.208188891 -0.082696766 0.058318153 0.994866967 0.076958962
0.994319022 -0.056330536 0.090313934 0.235903293 0.060941730 0.996931076 -0.049138099 -0.214517921 -0.087268792 0.054362833 0.994700372 0.093626134
0.993481219 -0.064368449 0.094083935 0.229056343 0.068810500 0.996625364 -0.044754893 -0.220426872 -0.090885639 0.050937109 0.994557798 0.110864490
0.992736280 -0.070209488 0.097700328 0.220099077 0.074688286 0.996281028 -0.042961925 -0.226749524 -0.094320655 0.049946927 0.994288146 0.128327161
0.991944551 -0.071443461 0.104603052 0.216493428 0.076298110 0.996150315 -0.043163814 -0.233143762 -0.101116598 0.050797127 0.993576944 0.142905548
0.990980208 -0.072677851 0.112588257 0.213377938 0.078097373 0.995952427 -0.044491954 -0.240368232 -0.108898968 0.052883491 0.992645144 0.155101851
0.990158677 -0.079027310 0.115501150 0.211352170 0.084731385 0.995372057 -0.045332346 -0.246520489 -0.111384124 0.054672789 0.992272377 0.162592530
0.989250660 -0.088785440 0.116190769 0.204237118 0.094692662 0.994427502 -0.046338424 -0.252069831 -0.111429118 0.056842729 0.992145360 0.171316728
0.988383234 -0.098514743 0.115729988 0.202215880 0.104469426 0.993437946 -0.046552639 -0.257734805 -0.110384434 0.058102090 0.992189229 0.170163900
0.987738609 -0.107374333 0.113327801 0.198407084 0.113117017 0.992539167 -0.045503534 -0.263197094 -0.107596368 0.057764903 0.992515087 0.164561689
0.987332940 -0.111910291 0.112471223 0.195194677 0.117400341 0.992135167 -0.043416340 -0.267629564 -0.106727913 0.056070540 0.992706001 0.154134631
0.987193465 -0.108195007 0.117230304 0.189361811 0.113790065 0.992611766 -0.042115141 -0.269492805 -0.111807533 0.054915432 0.992211342 0.140727729
0.987462461 -0.094258271 0.126622409 0.183479741 0.100212462 0.994100511 -0.041492224 -0.269104242 -0.121964417 0.053661153 0.991082847 0.126876801
0.987470567 -0.077677853 0.137361020 0.174379483 0.083940126 0.995651782 -0.040392179 -0.266138375 -0.133626163 0.051416185 0.989697158 0.109724447
0.987432539 -0.064931989 0.144086242 0.165033594 0.071179241 0.996715248 -0.038629595 -0.259197980 -0.141104668 0.048400071 0.988810837 0.094534360
0.987233222 -0.054836929 0.149544299 0.158391923 0.060733363 0.997534990 -0.035148364 -0.248636127 -0.147248238 0.043781962 0.988130093 0.079982303
0.987354875 -0.048453368 0.150939286 0.147985145 0.053336069 0.998170733 -0.028467676 -0.237193167 -0.149283826 0.036158204 0.988133073 0.064366162
0.987550080 -0.044309020 0.150935680 0.138609290 0.047527894 0.998711586 -0.017784011 -0.223767877 -0.149953216 0.024736255 0.988383591 0.050191030
0.987908840 -0.042303614 0.149152651 0.128631353 0.043117858 0.999067485 -0.002228252 -0.208671138 -0.148919299 0.008632451 0.988811672 0.037310835
0.988451183 -0.044256017 0.144933209 0.120421186 0.042162187 0.998957694 0.017488215 -0.191988289 -0.145556107 -0.011175547 0.989286900 0.028516514
0.989100635 -0.046214800 0.139800131 0.112325937 0.041326832 0.998435378 0.037668724 -0.175428778 -0.141322255 -0.031480666 0.989462972 0.020222792
0.989552677 -0.044381049 0.137170836 0.105866395 0.037256714 0.997841477 0.054076858 -0.158878520 -0.139274731 -0.048401363 0.989070177 0.015252892
0.989698648 -0.041333206 0.137069762 0.099753469 0.032725327 0.997382939 0.064469546 -0.143349826 -0.139375776 -0.059319772 0.988461196 0.011333631
0.989936054 -0.038682096 0.136126056 0.095915258 0.029646181 0.997258902 0.067791894 -0.128713280 -0.138375267 -0.063074023 0.988369346 0.004132046
0.990166783 -0.037808038 0.134685919 0.090302862 0.029391928 0.997521043 0.063936926 -0.115598232 -0.136769369 -0.059349541 0.988823414 0.003760261
0.990109861 -0.037247032 0.135259539 0.085614949 0.030155018 0.998079598 0.054108746 -0.103920303 -0.137015164 -0.049494848 0.989331663 0.004086812
0.990166426 -0.038938288 0.134366080 0.080727413 0.033644158 0.998573959 0.041449770 -0.093274415 -0.135788456 -0.036521539 0.990064502 0.006452644
0.990031660 -0.038780764 0.135400623 0.077059329 0.034965739 0.998924732 0.030442085 -0.084307835 -0.136435598 -0.025404245 0.990323186 0.007907882
0.990032673 -0.038383570 0.135506630 0.074117400 0.035541963 0.999095857 0.023328483 -0.076873526 -0.136279553 -0.018279791 0.990501761 0.011361350
0.990018070 -0.038789477 0.135497496 0.072498560 0.036291379 0.999123514 0.020859092 -0.071583711 -0.136187837 -0.015733488 0.990558088 0.015458615
0.989859045 -0.038205028 0.136819169 0.071767502 0.035496399 0.999123573 0.022183370 -0.067514911 -0.137546763 -0.017101821 0.990347624 0.021539735
0.989773870 -0.038850274 0.137252972 0.071814992 0.035606552 0.999027312 0.026010741 -0.066239864 -0.138129994 -0.020857647 0.990194440 0.026129577
0.989322960 -0.041754596 0.139630541 0.071921512 0.037847668 0.998817325 0.030520894 -0.063970231 -0.140739784 -0.024910331 0.989733219 0.033866752
0.988553822 -0.045598067 0.143812895 0.072591312 0.041200973 0.998592198 0.033407945 -0.062270992 -0.145133764 -0.027100321 0.989040852 0.042133681
0.987489462 -0.049300287 0.149780050 0.073554792 0.044673596 0.998419464 0.034101069 -0.060846549 -0.151224509 -0.026983231 0.988131106 0.051466078
0.986586154 -0.053308059 0.154292047 0.074965104 0.048672859 0.998247206 0.033667654 -0.059243239 -0.155816346 -0.025706207 0.987451494 0.060356472
0.985659480 -0.057986442 0.158470839 0.076780833 0.053327035 0.998014987 0.033501673 -0.057377052 -0.160098910 -0.024570463 0.986795127 0.068900265
0.984597087 -0.059182473 0.164517373 0.078914121 0.054445207 0.997965991 0.033160657 -0.055568978 -0.166145265 -0.023692703 0.985816598 0.076726191
0.983783782 -0.061062574 0.168644160 0.081188895 0.056263171 0.997867286 0.033096582 -0.054290131 -0.170305461 -0.023071425 0.985121191 0.084555455
0.983361006 -0.065382503 0.169488251 0.083050370 0.060521670 0.997598052 0.033694409 -0.053344712 -0.171284169 -0.022876058 0.984956026 0.090774916
0.983101726 -0.070185050 0.169071168 0.085225813 0.065402687 0.997289777 0.033697892 -0.052525554 -0.170978040 -0.022070751 0.985027611 0.096276313
0.982451916 -0.071695842 0.172185868 0.087516956 0.066659562 0.997166514 0.034862809 -0.051418308 -0.174197495 -0.022773199 0.984447360 0.100412391
0.981952846 -0.072927289 0.174499795 0.089656457 0.067044713 0.996972561 0.039379764 -0.049852274 -0.176843360 -0.026969787 0.983869433 0.104007386
0.981506884 -0.075218596 0.176029682 0.091194957 0.067980357 0.996588230 0.046803385 -0.048031464 -0.178949594 -0.033971287 0.983271599 0.106834725
0.981220007 -0.077724129 0.176539853 0.092409812 0.069093958 0.996118903 0.054526515 -0.045924898 -0.180092707 -0.041304670 0.982782066 0.109738894
0.980991781 -0.078928940 0.177271932 0.093586780 0.069259383 0.995786846 0.060097031 -0.043769117 -0.181268454 -0.046676949 0.982325315 0.112067766
0.981037736 -0.079537012 0.176745102 0.094555050 0.069466569 0.995626867 0.062462084 -0.041603647 -0.180940226 -0.048999786 0.982272685 0.114405796
0.981569946 -0.080048598 0.173530072 0.094794497 0.070231862 0.995602012 0.062001154 -0.040246002 -0.177729994 -0.048671134 0.982874930 0.116289847
0.981742918 -0.080566801 0.172307223 0.095214069 0.071422078 0.995721042 0.058639105 -0.039085094 -0.176294297 -0.045261990 0.983296335 0.117846012
0.981787860 -0.080699101 0.171989158 0.095181055 0.072460592 0.995926559 0.053662978 -0.038113669 -0.175619140 -0.040223226 0.983636141 0.118861683
0.982104659 -0.080821618 0.170112565 0.095036454 0.073587760 0.996112704 0.048418291 -0.036959972 -0.173364535 -0.035033628 0.984234393 0.119962491
0.982039750 -0.076519817 0.172460660 0.094826616 0.070558384 0.996687353 0.040445197 -0.036269259 -0.174984232 -0.027550247 0.984185696 0.120163731
0.982067049 -0.074811943 0.173053280 0.093972124 0.069841899 0.996956408 0.034641441 -0.036345530 -0.175118163 -0.021933852 0.984303057 0.119999319
0.982543111 -0.071593702 0.171707183 0.093048491 0.067129135 0.997241378 0.031675640 -0.036736719 -0.173501283 -0.019596130 0.984638691 0.120224155
0.982512891 -0.067771211 0.173422784 0.092741653 0.063055515 0.997478604 0.032564759 -0.035662957 -0.175192475 -0.021060033 0.984308958 0.120830737
0.982382953 -0.065814041 0.174906448 0.092076495 0.062031712 0.997708619 0.027010657 -0.035395447 -0.176283345 -0.015685063 0.984214485 0.121398054
0.982257366 -0.065973252 0.175550580 0.091386966 0.063564017 0.997790754 0.019317951 -0.034942310 -0.176437229 -0.007816498 0.984280884 0.121409833
0.982343972 -0.065691188 0.175171301 0.091286577 0.062769592 0.997781694 0.022173341 -0.035130259 -0.176239297 -0.010786418 0.984288275 0.121793345
0.982318044 -0.064380847 0.175802007 0.091802351 0.061495010 0.997868836 0.021819929 -0.034894060 -0.176832125 -0.010623166 0.984183669 0.121591546
0.982229531 -0.065880701 0.175741091 0.091707900 0.063632876 0.997803688 0.018401610 -0.035011113 -0.176567420 -0.006891695 0.984264433 0.121475987
0.982309043 -0.065512128 0.175434127 0.091782808 0.063163944 0.997823417 0.018941691 -0.034811851 -0.176293179 -0.007525484 0.984308958 0.121231541
0.982452750 -0.063521065 0.175361678 0.091776796 0.061103232 0.997947574 0.019158429 -0.034459043 -0.176218733 -0.008107085 0.984317660 0.121203221
0.982533395 -0.063306853 0.174986616 0.091826960 0.060894184 0.997960925 0.019128272 -0.034525532 -0.175840750 -0.008138500 0.984384954 0.121081226
0.982472897 -0.065304093 0.174592182 0.091297656 0.062853925 0.997831583 0.019532470 -0.034530263 -0.175489143 -0.008216321 0.984447062 0.121068232
0.982432842 -0.064185821 0.175231040 0.091549814 0.061704326 0.997902393 0.019578895 -0.034634490 -0.176120162 -0.008422436 0.984332621 0.121137209
0.982414424 -0.065121852 0.174988851 0.091387495 0.062692545 0.997844696 0.019380854 -0.034605604 -0.175873801 -0.008069536 0.984379649 0.121014796
0.982425034 -0.064537644 0.175145432 0.091481015 0.062063772 0.997880280 0.019571375 -0.034564521 -0.176037267 -0.008357222 0.984347999 0.121048585
0.982439876 -0.064802304 0.174964607 0.091390580 0.062354740 0.997864366 0.019456126 -0.034414019 -0.175851762 -0.008204601 0.984382451 0.120996855
0.982424915 -0.064976193 0.174984008 0.091431841 0.062535919 0.997853577 0.019429697 -0.034447581 -0.175870895 -0.008145433 0.984379530 0.121008925
0.982418418 -0.064562008 0.175173789 0.091532841 0.062102199 0.997879386 0.019493543 -0.034510426 -0.176060855 -0.008272138 0.984344542 0.120590001
0.982426703 -0.065238483 0.174876258 0.091400675 0.062811904 0.997837186 0.019381087 -0.034448374 -0.175762430 -0.008056187 0.984399676 0.120542899
0.982421756 -0.064217888 0.175281435 0.091587767 0.061790194 0.997902930 0.019278649 -0.034393996 -0.176151901 -0.008109091 0.984329581 0.120950297
0.982416213 -0.065426633 0.174864873 0.091418952 0.063023403 0.997826040 0.019267334 -0.034554448 -0.175745323 -0.007907962 0.984403908 0.121003412
0.982430518 -0.064456984 0.175144374 0.091590531 0.061998803 0.997886181 0.019476578 -0.034432478 -0.176029563 -0.008275643 0.984350085 0.120765403
0.982421041 -0.065085284 0.174965128 0.091473006 0.062629946 0.997845829 0.019524448 -0.034456972 -0.175858989 -0.008223172 0.984381020 0.120811783
0.982409537 -0.064942896 0.175082654 0.091576822 0.062519297 0.997856557 0.019328855 -0.034453377 -0.175962657 -0.008042809 0.984363973 0.120875508
0.982410133 -0.064970382 0.175069124 0.091552496 0.062545590 0.997854710 0.019338524 -0.034513529 -0.175949991 -0.008048560 0.984366179 0.120887198
0.982434809 -0.065100767 0.174882188 0.091606528 0.062685393 0.997846603 0.019305952 -0.034408681 -0.175762430 -0.008004280 0.984400094 0.120835707
0.982426047 -0.064875223 0.175015152 0.091661662 0.062444691 0.997860551 0.019364830 -0.034460265 -0.175897002 -0.008095749 0.984375298 0.120930769
0.982426524 -0.065334596 0.174841374 0.091628052 0.062923543 0.997831643 0.019304134 -0.034471098 -0.175723493 -0.007963255 0.984407365 0.121026583
0.982414663 -0.064947650 0.175052121 0.091675803 0.062511325 0.997855663 0.019401835 -0.034440044 -0.175936863 -0.008117907 0.984367967 0.121027328
0.982418001 -0.065432891 0.174852669 0.091596596 0.063005149 0.997824490 0.019405741 -0.034432635 -0.175742060 -0.008047931 0.984403372 0.120887212
0.982422709 -0.065105051 0.174948275 0.091747873 0.062655777 0.997844815 0.019493092 -0.034426950 -0.175840318 -0.008188937 0.984384656 0.120971441
0.982421398 -0.065209053 0.174917191 0.091612376 0.062777497 0.997838914 0.019404503 -0.034529939 -0.175804526 -0.008082535 0.984391928 0.120859616
0.982429504 -0.065024950 0.174940050 0.091594465 0.062584214 0.997850358 0.019438619 -0.034483943 -0.175827980 -0.008148588 0.984387159 0.120990664
0.982433856 -0.064796962 0.175000116 0.091545105 0.062382299 0.997866273 0.019269831 -0.034386352 -0.175875351 -0.008014428 0.984379828 0.120984025
0.982425153 -0.064973876 0.174983427 0.091481850 0.062563315 0.997855067 0.019263223 -0.034456212 -0.175859705 -0.007977134 0.984382927 0.121071927
0.982436717 -0.064878538 0.174953967 0.091450676 0.062430281 0.997859478 0.019467182 -0.034397930 -0.175842464 -0.008202849 0.984384120 0.121210292
0.982450664 -0.064986289 0.174835443 0.091428407 0.062551141 0.997853041 0.019408809 -0.034404896 -0.175721377 -0.008132041 0.984406352 0.121184945
0.982430279 -0.064837709 0.175005227 0.091443405 0.062422570 0.997863650 0.019275840 -0.034420203 -0.175881147 -0.008012895 0.984378815 0.121185519
0.982428670 -0.064956859 0.174969941 0.091459922 0.062549397 0.997856319 0.019244939 -0.034418158 -0.175844938 -0.007962517 0.984385669 0.121275209
0.982450426 -0.064686671 0.174948096 0.091602318 0.062284719 0.997873902 0.019191384 -0.034401260 -0.175817579 -0.007957992 0.984390616 0.120740771
0.982447326 -0.064793445 0.174925849 0.091549128 0.062398262 0.997867346 0.019163880 -0.034483340 -0.175794497 -0.007912435 0.984395087 0.120913029
0.982441902 -0.064834483 0.174940988 0.091545530 0.062439773 0.997864723 0.019164134 -0.034420107 -0.175809935 -0.007904375 0.984392405 0.120923258
0.982445121 -0.064879797 0.174906254 0.091541864 0.062480640 0.997861564 0.019194609 -0.034437001 -0.175777584 -0.007929394 0.984397948 0.120974347
0.982435286 -0.065142140 0.174864069 0.091435649 0.062702075 0.997842789 0.019448705 -0.034325235 -0.175753787 -0.008142754 0.984400451 0.121385492
0.982428193 -0.065105282 0.174917445 0.091425173 0.062654205 0.997844696 0.019504633 -0.034369707 -0.175810292 -0.008202589 0.984389901 0.121529415
0.982429564 -0.065052032 0.174929708 0.091419600 0.062605381 0.997848332 0.019474618 -0.034285780 -0.175820172 -0.008180900 0.984388292 0.121251397
0.982430279 -0.065214232 0.174865320 0.091324501 0.062760189 0.997837484 0.019533314 -0.034352835 -0.175761029 -0.008215537 0.984398603 0.121278875
0.982428432 -0.065128326 0.174907565 0.091396883 0.062671572 0.997842908 0.019538891 -0.034383636 -0.175802797 -0.008233830 0.984390974 0.121346071
0.982425809 -0.065264143 0.174871579 0.091359794 0.062804557 0.997833967 0.019568427 -0.034383662 -0.175769910 -0.008241797 0.984396756 0.121346228
0.982435107 -0.065243900 0.174826905 0.091348790 0.062785298 0.997835279 0.019563247 -0.034372721 -0.175724849 -0.008243060 0.984404802 0.121359497
0.982439756 -0.065247372 0.174799755 0.091386825 0.062789619 0.997835100 0.019560138 -0.034390174 -0.175697580 -0.008241048 0.984409690 0.121327445
0.982418120 -0.065426700 0.174854204 0.091380462 0.062961899 0.997823179 0.019612771 -0.034383737 -0.175756767 -0.008258793 0.984398961 0.121436335
0.982413054 -0.065287948 0.174934462 0.091404818 0.062804207 0.997831345 0.019702747 -0.034341536 -0.175841436 -0.008369618 0.984382927 0.121378742
0.982408702 -0.065539978 0.174864709 0.091396213 0.063078441 0.997816026 0.019603888 -0.034393568 -0.175767660 -0.008228837 0.984397292 0.121515766
0.982407868 -0.065524824 0.174875066 0.091471404 0.063058250 0.997816801 0.019630276 -0.034417976 -0.175779536 -0.008257622 0.984394908 0.121488705
0.982550919 -0.065364651 0.174129769 0.091386169 0.062885635 0.997825861 0.019722074 -0.034501620 -0.175040320 -0.008427682 0.984525204 0.121353507
0.982468128 -0.065388061 0.174587369 0.091413766 0.062896453 0.997824192 0.019772487 -0.034491632 -0.175500393 -0.008444913 0.984443128 0.121467665
0.982458651 -0.065623082 0.174552545 0.091404252 0.063137613 0.997809172 0.019760333 -0.034512848 -0.175466880 -0.008392880 0.984449565 0.121369958
0.982418895 -0.065613002 0.174780026 0.091477737 0.063153669 0.997811317 0.019602006 -0.034496296 -0.175683632 -0.008219382 0.984412372 0.121375158
0.982233763 -0.065918632 0.175703153 0.091468543 0.063426085 0.997790694 0.019770622 -0.034459006 -0.176618233 -0.008275211 0.984244645 0.121463671
0.982343674 -0.065851361 0.175112873 0.091497727 0.063343450 0.997793794 0.019878849 -0.034470532 -0.176035583 -0.008435612 0.984347641 0.121226318
0.982335627 -0.066109888 0.175060600 0.091462247 0.063623540 0.997777879 0.019783521 -0.034475349 -0.175979465 -0.008296086 0.984358907 0.121428013
0.982336462 -0.066146225 0.175042287 0.091376178 0.063645974 0.997774780 0.019865375 -0.034458134 -0.175966814 -0.008373747 0.984360516 0.121231861
0.982431889 -0.066132307 0.174511164 0.091536745 0.063615337 0.997774363 0.019983750 -0.034532644 -0.175444335 -0.008531084 0.984452367 0.121578768
0.982402384 -0.066186666 0.174656510 0.091452271 0.063677952 0.997771382 0.019935075 -0.034462053 -0.175586700 -0.008462497 0.984427571 0.121466592
0.982416809 -0.066145420 0.174591079 0.091534331 0.063637957 0.997774065 0.019927606 -0.034496076 -0.175520584 -0.008466596 0.984439373 0.121631697
0.982420683 -0.066304296 0.174508765 0.091524452 0.063773870 0.997762442 0.020074418 -0.034321882 -0.175449327 -0.008592423 0.984450996 0.121639386
0.982315540 -0.066537589 0.175011098 0.091512762 0.064015672 0.997748017 0.020022521 -0.034536634 -0.175949216 -0.008464983 0.984362841 0.121628940
0.982280552 -0.066643544 0.175167263 0.091371164 0.064094447 0.997739851 0.020176088 -0.034418255 -0.176115960 -0.008591330 0.984331906 0.121427275
0.982422113 -0.066193946 0.174542770 0.091318890 0.063648172 0.997768998 0.020149179 -0.034499925 -0.175487116 -0.008685672 0.984443426 0.121700302
0.982414007 -0.066234849 0.174572781 0.091363654 0.063673027 0.997765541 0.020241300 -0.034531459 -0.175523385 -0.008769758 0.984436214 0.121590115
0.982534587 -0.066117555 0.173937559 0.091408469 0.063570499 0.997773290 0.020180285 -0.034598619 -0.174884528 -0.008770533 0.984549880 0.121566154
0.982537746 -0.065960735 0.173979342 0.091471098 0.063403845 0.997783124 0.020219874 -0.034592062 -0.174927354 -0.008835832 0.984541714 0.121445425
0.982548177 -0.065855630 0.173960134 0.091364726 0.063307904 0.997790396 0.020160064 -0.034531906 -0.174903408 -0.008795181 0.984546304 0.121510148
0.982505798 -0.066041455 0.174129039 0.091485903 0.063486442 0.997778058 0.020208655 -0.034558583 -0.175076753 -0.008800287 0.984515429 0.121580064
0.982422352 -0.065876164 0.174661398 0.091390282 0.063322656 0.997789502 0.020158751 -0.034523129 -0.175603300 -0.008744385 0.984422207 0.121298119
0.982367456 -0.066165231 0.174860969 0.091451235 0.063582547 0.997769356 0.020337423 -0.034436662 -0.175816551 -0.008860718 0.984383047 0.121242337
0.982376754 -0.066058651 0.174849048 0.091544263 0.063497499 0.997777402 0.020208055 -0.034514885 -0.175795332 -0.008749448 0.984387875 0.121352561
0.982385695 -0.066278435 0.174715593 0.091538221 0.063712187 0.997762561 0.020262649 -0.034456182 -0.175667658 -0.008774225 0.984410405 0.121147476
0.982397139 -0.066068038 0.174730793 0.091538973 0.063472673 0.997774899 0.020406559 -0.034529619 -0.175690219 -0.008956717 0.984404743 0.121404096
0.982406020 -0.066051662 0.174687028 0.091489881 0.063461304 0.997776210 0.020379376 -0.034561101 -0.175644636 -0.008934958 0.984413087 0.121446796
0.982388794 -0.066130489 0.174754083 0.091558963 0.063565582 0.997772396 0.020240191 -0.034556195 -0.175703287 -0.008775393 0.984404087 0.121446244
0.982399225 -0.066024482 0.174735457 0.091495611 0.063463330 0.997779489 0.020210817 -0.034561772 -0.175681859 -0.008765798 0.984407961 0.121351570
0.982415378 -0.066110998 0.174612150 0.091492206 0.063566282 0.997774541 0.020132530 -0.034504667 -0.175554529 -0.008679064 0.984431446 0.121521547
0.982400358 -0.066072427 0.174711138 0.091533154 0.063511141 0.997776330 0.020217009 -0.034583159 -0.175658435 -0.008765094 0.984412134 0.121453419
0.982436657 -0.065771021 0.174620748 0.091457225 0.063242637 0.997797549 0.020010641 -0.034444168 -0.175552279 -0.008615708 0.984432399 0.121640712
0.982429206 -0.065692529 0.174692050 0.091533773 0.063148454 0.997801960 0.020088173 -0.034485772 -0.175627723 -0.008703675 0.984418154 0.121638916
0.982408583 -0.065809131 0.174764380 0.091470860 0.063258305 0.997794092 0.020132588 -0.034443747 -0.175703779 -0.008723130 0.984404445 0.121518515
