1.000000000 0.000000000 0.000000000 0.000000000 0.000000000 1.000000000 0.000000000 -0.000001907 0.000000000 0.000000000 1.000000000 -0.000001431
0.999984443 0.003441743 0.004386041 -0.000075021 -0.003460189 0.999985158 0.004204938 0.019241398 -0.004371504 -0.004220049 0.999981523 0.007116389
0.999969780 0.004396681 0.006410307 -0.000068392 -0.004489176 0.999884963 0.014486935 0.042189471 -0.006345875 -0.014515275 0.999874532 0.015207362
0.999971449 0.003981462 0.006426097 -0.000745562 -0.004153938 0.999625325 0.027053637 0.066191636 -0.006315977 -0.027079558 0.999613345 0.022526136
0.999979973 0.001466816 0.006158246 -0.001618268 -0.001691765 0.999325514 0.036683217 0.091993034 -0.006100285 -0.036692902 0.999307990 0.029776126
0.999977231 0.000275030 0.006745728 -0.002910127 -0.000572084 0.999028146 0.044073615 0.118272863 -0.006727050 -0.044076469 0.999005497 0.036830422
0.999971747 -0.004630331 0.005922378 -0.003123319 0.004334680 0.998789608 0.048995432 0.143613636 -0.006142074 -0.048968378 0.998781443 0.044300355
0.999963045 -0.006940925 0.005071493 -0.003965594 0.006661115 0.998558998 0.053249504 0.167704284 -0.005433786 -0.053213757 0.998568356 0.050914302
0.999965608 -0.007158481 0.004191456 -0.004842429 0.006906197 0.998327911 0.057391115 0.190003082 -0.004595280 -0.057360195 0.998342991 0.054572992
0.999976695 -0.005692637 0.003775341 -0.005226036 0.005443802 0.998002887 0.062933005 0.211318180 -0.004126056 -0.062910981 0.998010635 0.059463084
0.999991000 -0.000846060 0.004152787 -0.006136817 0.000551963 0.997524619 0.070316046 0.231142119 -0.004201999 -0.070313126 0.997516096 0.063415885
0.999998808 -0.000231534 0.001519189 -0.007011817 0.000106328 0.996640205 0.081904359 0.248979852 -0.001533048 -0.081904106 0.996639013 0.066396505
0.999991715 0.003184073 0.002531980 -0.007822481 -0.003413385 0.995334744 0.096421584 0.265205204 -0.002213154 -0.096429422 0.995337367 0.068248071
0.999987066 0.004907411 0.001349811 -0.008587930 -0.005029515 0.993436456 0.114274472 0.277350307 -0.000780160 -0.114279777 0.993448317 0.069749974
0.999989212 0.004547887 0.000946783 -0.009318910 -0.004632770 0.991353869 0.131133854 0.284179389 -0.000342215 -0.131136835 0.991364241 0.069751859
0.999995410 0.002079780 -0.002200080 -0.010022460 -0.001738430 0.989408851 0.145144954 0.282585233 0.002478648 -0.145140454 0.989407957 0.068517178
0.999989033 0.001523223 -0.004425050 -0.011166830 -0.000845378 0.988787651 0.149326071 0.272696555 0.004602892 -0.149320707 0.988778114 0.064305902
0.999986470 0.000564166 -0.005174055 -0.012291105 0.000202620 0.989134490 0.147013173 0.254309237 0.005200776 -0.147012219 0.989121020 0.058564756
0.999985397 0.005100135 -0.001772478 -0.012849329 -0.004804564 0.990297794 0.138878196 0.229217947 0.002463578 -0.138867646 0.990307868 0.053843118
0.999909163 0.012932892 0.003792807 -0.013991541 -0.013316237 0.991426051 0.129988730 0.197398394 -0.002079158 -0.130027443 0.991508245 0.046653058
0.999798357 0.017166531 0.010417376 -0.012964996 -0.018252419 0.993184328 0.115116239 0.163163319 -0.008370228 -0.115283176 0.993297398 0.040751357
0.999509633 0.023519542 0.020671207 -0.013101963 -0.025474183 0.994657993 0.100032516 0.124919675 -0.018208064 -0.100510053 0.994769394 0.033492256
0.999038219 0.030666800 0.031339630 -0.013605182 -0.033236142 0.995822012 0.085052140 0.086008176 -0.028600417 -0.086011954 0.995883524 0.025665982
0.998771191 0.034421042 0.035654712 -0.015119347 -0.036839589 0.996897459 0.069558129 0.047915719 -0.033149827 -0.070786163 0.996940553 0.017736439
0.998671651 0.037109222 0.035747219 -0.016484270 -0.039060120 0.997693360 0.055517733 0.012362111 -0.033604544 -0.056840278 0.997817576 0.009937354
0.998788774 0.035785735 0.033768814 -0.018296506 -0.037198283 0.998417616 0.042172518 -0.021514921 -0.032206204 -0.043377582 0.998539507 0.002029529
0.998827338 0.034028471 0.034438491 -0.018609285 -0.035034001 0.998964429 0.029028228 -0.052760035 -0.033415042 -0.030200707 0.998985171 -0.004886554
0.998979688 0.028135983 0.035326459 -0.019280912 -0.028624048 0.999500632 0.013386889 -0.081933297 -0.034932166 -0.014384416 0.999286175 -0.011515612
0.999049604 0.024586637 0.035991419 -0.018733010 -0.024506804 0.999696136 -0.002657630 -0.107402988 -0.036045823 0.001773070 0.999348581 -0.017418239
0.999161363 0.019651603 0.035922654 -0.018656364 -0.018932860 0.999615848 -0.020239919 -0.129705027 -0.036306605 0.019542828 0.999149621 -0.023803854
0.999146521 0.021811504 0.035079069 -0.017573187 -0.020576816 0.999169111 -0.035181321 -0.146893173 -0.035817280 0.034429476 0.998765111 -0.031450104
0.999106407 0.021945423 0.036122371 -0.017393045 -0.020287933 0.998752415 -0.045629345 -0.155568719 -0.037078660 0.044855721 0.998305142 -0.035689879
0.998823285 0.027028941 0.040267635 -0.015818564 -0.025077172 0.998522341 -0.048210870 -0.155072823 -0.041511219 0.047144342 0.998025179 -0.036443233
0.998547494 0.032741744 0.042788986 -0.014586359 -0.030872840 0.998570561 -0.043631472 -0.146001324 -0.044156391 0.042247079 0.998130977 -0.035741638
0.998250186 0.037994865 0.045309629 -0.012552713 -0.036504287 0.998779058 -0.033283520 -0.128906384 -0.046518911 0.031571288 0.998418391 -0.031586073
0.998271227 0.035377398 0.046935704 -0.011351234 -0.034431793 0.999190450 -0.020804826 -0.106119126 -0.047633726 0.019152779 0.998681247 -0.025789855
0.998438239 0.032803766 0.045222096 -0.009829731 -0.032490052 0.999442756 -0.007655091 -0.079090767 -0.045448013 0.006173867 0.998947620 -0.017587300
0.998632073 0.028028114 0.044140115 -0.008387924 -0.028163241 0.999600351 0.002442300 -0.049420204 -0.044054024 -0.003682088 0.999022365 -0.009420601
0.998559237 0.031962030 0.043102983 -0.006289472 -0.032408766 0.999427557 0.009705558 -0.017672006 -0.042768102 -0.011088490 0.999023497 0.000569977
0.998784244 0.028236683 0.040407501 -0.004174949 -0.028791931 0.999497950 0.013225722 0.014436945 -0.040013760 -0.014373052 0.999095738 0.008914026
0.999011755 0.028171767 0.034377407 -0.002719739 -0.028748941 0.999451935 0.016412107 0.047468431 -0.033896204 -0.017384203 0.999274135 0.016825028
0.999125540 0.026746763 0.032137591 -0.001299865 -0.027431255 0.999402046 0.021050008 0.080426298 -0.031555358 -0.021913173 0.999261737 0.023987403
0.999338984 0.022138745 0.028834336 -0.001357975 -0.023025207 0.999260843 0.030782985 0.113085017 -0.028131526 -0.031426553 0.999110103 0.031178765
0.999257445 0.019556878 0.033197250 -0.000796561 -0.021016074 0.998802006 0.044190992 0.144394770 -0.032293241 -0.044855852 0.998471379 0.037652556
0.999177575 0.016286470 0.037134230 -0.000967830 -0.018508781 0.998008132 0.060309023 0.173497751 -0.036078043 -0.060946733 0.997488797 0.044837803
0.999030173 0.016784327 0.040705845 -0.000964634 -0.019904369 0.996793926 0.077496231 0.200156420 -0.039274618 -0.078231305 0.996161342 0.050030667
0.999024212 0.018624771 0.040047131 -0.001090784 -0.022345830 0.995267034 0.094573654 0.222085163 -0.038096175 -0.095376261 0.994712055 0.055550758
0.999181211 0.017349031 0.036550105 -0.002494492 -0.021241523 0.993819714 0.108955137 0.237633273 -0.034433946 -0.109642304 0.993374467 0.057226367
0.999279141 0.018528409 0.033133730 -0.003987918 -0.022398677 0.992455900 0.120538905 0.245769933 -0.030650370 -0.121194169 0.992155492 0.058030326
0.999332428 0.018956162 0.031230515 -0.005282091 -0.022797480 0.991559148 0.127634957 0.245377764 -0.028547434 -0.128261730 0.991329372 0.057119679
0.999419212 0.018994980 0.028291585 -0.006914581 -0.022516310 0.991276622 0.129860312 0.235570505 -0.025578091 -0.130421907 0.991128564 0.055122323
0.999506950 0.017451527 0.026101166 -0.008822453 -0.020579537 0.991965294 0.124825232 0.217505768 -0.023713062 -0.125300840 0.991835356 0.050727773
0.999531865 0.017393317 0.025169045 -0.011083290 -0.020110559 0.993495584 0.112080649 0.193499148 -0.023055881 -0.112534344 0.993380308 0.044873938
0.999548733 0.016407499 0.025163066 -0.012858246 -0.018766915 0.995147049 0.096592896 0.165828437 -0.023456104 -0.097021542 0.995005846 0.038163949
0.999408484 0.020267196 0.027784117 -0.013490321 -0.022491638 0.996358812 0.082238883 0.137482896 -0.026016198 -0.082815140 0.996225297 0.035072859
0.999291420 0.020856375 0.031332545 -0.014433941 -0.023070214 0.997134745 0.072041728 0.105815090 -0.029740242 -0.072713532 0.996909380 0.027605467
0.998982251 0.025371728 0.037291929 -0.015317176 -0.027832223 0.997363806 0.067013271 0.071297422 -0.035493381 -0.067982994 0.997054935 0.016386481
0.998758852 0.025567384 0.042744581 -0.015383645 -0.028196482 0.997672796 0.062080391 0.038811017 -0.041057874 -0.063208587 0.997155428 0.008271643
0.998686612 0.024380894 0.045062184 -0.014911899 -0.026952321 0.997989297 0.057366263 0.006927865 -0.043572940 -0.058505449 0.997335732 0.000284205
0.998576999 0.020545049 0.049212389 -0.013943598 -0.023032127 0.998457670 0.050515596 -0.025698086 -0.048098639 -0.051577177 0.997510076 -0.007016684
0.998340130 0.015780799 0.055389214 -0.011938706 -0.018058255 0.999001682 0.040860593 -0.057265386 -0.054689106 -0.041793004 0.997628391 -0.013000364
0.997859895 0.011135937 0.064432822 -0.009929197 -0.012932456 0.999537230 0.027532492 -0.089526325 -0.064096399 -0.028306846 0.997542143 -0.019655837
0.997477114 0.005631396 0.070764922 -0.008137716 -0.006435948 0.999917150 0.011146502 -0.118905500 -0.070696287 -0.011573820 0.997430742 -0.025846481
0.997219920 0.005459674 0.074314117 -0.006584379 -0.005030607 0.999969602 -0.005959646 -0.144971207 -0.074344397 0.005569233 0.997217059 -0.032735292
0.996949136 0.005287385 0.077874474 -0.005458956 -0.003535466 0.999737918 -0.022617413 -0.164994374 -0.077973656 0.022273088 0.996706605 -0.038936496
0.996944547 0.008073862 0.077694379 -0.004564220 -0.005491016 0.999426961 -0.033400062 -0.177765608 -0.077919520 0.032871392 0.996417582 -0.043549269
0.996784806 0.010309476 0.079459034 -0.003513781 -0.007299822 0.999248207 -0.038074639 -0.183444738 -0.079791822 0.037372183 0.996110737 -0.045883339
0.996410608 0.014755875 0.083355844 -0.002267867 -0.011580465 0.999193430 -0.038450513 -0.180107683 -0.083855987 0.037347201 0.995777786 -0.045389619
0.996248603 0.019713424 0.084261864 -0.000709562 -0.016737420 0.999215901 -0.035880227 -0.170457810 -0.084903121 0.034335297 0.995797455 -0.042418495
0.996356845 0.021071885 0.082637727 -0.000275441 -0.018469427 0.999312997 -0.032131415 -0.152681589 -0.083258018 0.030488085 0.996061563 -0.037372053
0.996511996 0.020778976 0.080821447 0.000673264 -0.018572170 0.999436438 -0.027961345 -0.131132156 -0.081356905 0.026362786 0.996336341 -0.030199470
0.996619403 0.021793852 0.079213522 0.002237133 -0.020010596 0.999529719 -0.023236599 -0.104360640 -0.079682685 0.021572936 0.996586800 -0.021991469
0.997007728 0.019963518 0.074679375 0.003902016 -0.018632445 0.999655604 -0.018478315 -0.075349204 -0.075022548 0.017031565 0.997036397 -0.012159456
0.997261167 0.023559649 0.070107438 0.006014002 -0.022773333 0.999668717 -0.011994188 -0.042638149 -0.070366792 0.010364759 0.997467339 -0.003678540
0.997446418 0.024502264 0.067084499 0.007732551 -0.024186185 0.999692261 -0.005519917 -0.009806807 -0.067199104 0.003883303 0.997732043 0.006133304
0.997392237 0.027991589 0.066521801 0.010137468 -0.028260812 0.999595761 0.003109383 0.024292590 -0.066407867 -0.004981235 0.997780144 0.014965015
0.996964276 0.030706445 0.071549393 0.011968210 -0.031790376 0.999395669 0.014059987 0.058648597 -0.071074419 -0.016291887 0.997337937 0.025493501
0.997473359 0.026910424 0.065747201 0.012726967 -0.028990377 0.999102294 0.030888975 0.092609927 -0.064856946 -0.032716967 0.997358084 0.033622742
0.997890770 0.018509701 0.062220760 0.011776152 -0.021794379 0.998381317 0.052533418 0.124136992 -0.061147667 -0.053778678 0.996678889 0.041092463
0.998270214 0.010356736 0.057872955 0.012127654 -0.014734386 0.997019053 0.075735487 0.153818354 -0.056916069 -0.076457210 0.995447040 0.047356263
0.998363495 0.004440889 0.057013728 0.012281028 -0.009920761 0.995313048 0.096195288 0.180729777 -0.056319311 -0.096603490 0.993728280 0.053262375
0.998367965 0.003527459 0.056999832 0.012704724 -0.009864782 0.993739426 0.111286424 0.205307811 -0.056250423 -0.111667089 0.992152393 0.058079012
0.998246431 0.009309807 0.058458820 0.013174240 -0.016366770 0.992465556 0.121425755 0.226780012 -0.056887917 -0.122169606 0.990877569 0.062471095
0.998318791 0.015726896 0.055787344 0.013178910 -0.022742337 0.991585493 0.127439991 0.243944749 -0.053313684 -0.128494486 0.990276158 0.064662881
0.998549342 0.019247394 0.050286885 0.011983188 -0.025658637 0.991164207 0.130135015 0.255151361 -0.047337804 -0.131236538 0.990220249 0.065145984
0.998848796 0.021467030 0.042898037 0.010377848 -0.026893381 0.991120875 0.130215779 0.260203987 -0.039721794 -0.131219551 0.990557194 0.064461127
0.999095142 0.021477342 0.036709569 0.009488792 -0.026094869 0.991126716 0.130333617 0.257768631 -0.033584617 -0.131173626 0.990790367 0.064416803
0.999218345 0.022221634 0.032694206 0.008356639 -0.026314506 0.991083503 0.130617708 0.248034954 -0.029500149 -0.131375939 0.990893602 0.062333152
0.999196947 0.024353193 0.031817865 0.007456125 -0.028299635 0.991092205 0.130135968 0.231327817 -0.028365210 -0.130931899 0.990985513 0.056821276
0.999211907 0.024200005 0.031462565 0.006394268 -0.028017489 0.991483510 0.127183005 0.209199637 -0.028116785 -0.127964273 0.991380155 0.052268773
0.999222815 0.024093824 0.031197099 0.005537837 -0.027760612 0.992017090 0.123009890 0.183061406 -0.027984278 -0.123780340 0.991914988 0.048309442
0.999068499 0.027034698 0.033634823 0.005045041 -0.030871043 0.992374241 0.119333088 0.153716743 -0.030152198 -0.120260268 0.992284417 0.043043174
0.998576820 0.033534862 0.041469820 0.005348008 -0.038117640 0.992613792 0.115173519 0.121239066 -0.037301190 -0.116590336 0.992479384 0.037250351
0.998089731 0.038501639 0.048316255 0.005630410 -0.043549743 0.993175089 0.108197138 0.086710036 -0.043820731 -0.110094622 0.992954612 0.031831082
0.997832119 0.040482145 0.051886715 0.005538363 -0.045429949 0.994146287 0.098026849 0.051095854 -0.047614649 -0.100171544 0.993830204 0.025341349
0.997714221 0.038929597 0.055234715 0.005072861 -0.043518111 0.995476067 0.084460542 0.014138105 -0.051696822 -0.086671188 0.994894743 0.019167658
0.997494698 0.037460085 0.060008757 0.004491095 -0.041464586 0.996895134 0.066939056 -0.022592101 -0.057314895 -0.069259599 0.995950878 0.012712607
0.997107983 0.035169598 0.067370221 0.003903280 -0.038327474 0.998198092 0.046168823 -0.058568556 -0.065625086 -0.048617434 0.996659279 0.006116822
0.996673942 0.035707157 0.073253542 0.003205406 -0.037578363 0.998997509 0.024326667 -0.092602357 -0.072311476 -0.026998501 0.997016609 -0.002627359
0.996118307 0.034932666 0.080796361 0.002364812 -0.035387963 0.999364793 0.004209601 -0.123403773 -0.080597982 -0.007052479 0.996721745 -0.009780756
0.995807111 0.035365321 0.084364980 0.002044605 -0.034410983 0.999326587 -0.012739887 -0.150150701 -0.084758714 0.009783388 0.996353447 -0.018014206
0.995803714 0.030957036 0.086119577 0.000377027 -0.028801549 0.999242783 -0.026160184 -0.173455894 -0.086864203 0.023570031 0.995941281 -0.025132030
0.995976388 0.028080977 0.085103050 -0.000681708 -0.025141310 0.999056220 -0.035419717 -0.191855878 -0.086017355 0.033137597 0.995742381 -0.031985022
0.995967627 0.021876724 0.087004922 -0.002024512 -0.018444115 0.999026895 -0.040063195 -0.202766284 -0.087796710 0.038296916 0.995401978 -0.035698228
0.995699346 0.019514183 0.090564735 -0.002434733 -0.015999788 0.999096572 -0.039370447 -0.206997544 -0.091251202 0.037752114 0.995112062 -0.036594238
0.995416820 0.016905984 0.094124883 -0.002646609 -0.013571750 0.999261379 -0.035951678 -0.203333467 -0.094663158 0.034509469 0.994911015 -0.035086665
0.995398462 0.016451305 0.094399199 -0.001243669 -0.013440115 0.999383092 -0.032446098 -0.193479016 -0.094874740 0.031028060 0.995005548 -0.028071363
0.994939864 0.014953532 0.099353239 -0.000429816 -0.012353151 0.999566197 -0.026736960 -0.177897826 -0.099709943 0.025374342 0.994692981 -0.022487277
0.994360566 0.015595575 0.104899377 0.001242894 -0.013529313 0.999700725 -0.020380419 -0.158405498 -0.105185837 0.018846266 0.994273961 -0.015425493
0.993563592 0.021807939 0.111156642 0.003891504 -0.020370759 0.999693811 -0.014048779 -0.135141686 -0.111428976 0.011694010 0.993703604 -0.007094496
0.992882550 0.027162630 0.115958989 0.007223344 -0.026357725 0.999616683 -0.008469326 -0.110314116 -0.116144598 0.005352631 0.993217885 0.002255477
0.992309988 0.035963327 0.118438050 0.010152424 -0.035908490 0.999351680 -0.002597655 -0.083951660 -0.118454695 -0.001675252 0.992958069 0.010412603
0.992040932 0.040099561 0.119359940 0.012872679 -0.040932432 0.999151647 0.004533368 -0.057947390 -0.119076893 -0.009382979 0.992840707 0.018778441
0.992639720 0.043301474 0.113099076 0.014749715 -0.045148652 0.998884678 0.013821193 -0.031779010 -0.112374447 -0.018825736 0.993487597 0.024988975
0.993109286 0.045371857 0.108052626 0.016246198 -0.048283238 0.998533607 0.024480756 -0.005044705 -0.106783450 -0.029529195 0.993843734 0.030571826
0.994253278 0.046573088 0.096391775 0.017377067 -0.050270922 0.998075902 0.036295108 0.019294139 -0.094515927 -0.040932231 0.994681478 0.032935258
0.995484531 0.045481976 0.083318107 0.017903611 -0.049669642 0.997568071 0.048896831 0.041351292 -0.080891557 -0.052814420 0.995322645 0.032826595
0.996642292 0.041206893 0.070753738 0.018101525 -0.045683440 0.996976078 0.062862635 0.059595298 -0.067949414 -0.065883830 0.995510995 0.031078639
0.997668624 0.035551697 0.058252960 0.017848048 -0.040043794 0.996160209 0.077854365 0.074476749 -0.055261426 -0.080005527 0.995261431 0.028151019
0.998305023 0.029511688 0.050160643 0.017886372 -0.034127049 0.995006323 0.093796462 0.085330993 -0.047142062 -0.095349312 0.994326949 0.024525709
0.998923182 0.021414228 0.041157689 0.017125376 -0.025829878 0.993602693 0.109938838 0.092871763 -0.038540136 -0.110883541 0.993085861 0.020414494
0.999325037 0.014626744 0.033698197 0.016593041 -0.018844213 0.991536915 0.128450125 0.097513556 -0.031534199 -0.128998429 0.991143286 0.015272140
0.999555886 0.008686622 0.028504953 0.016039697 -0.012788673 0.989047110 0.147045165 0.100768641 -0.026915416 -0.147344410 0.988718987 0.011377545
0.999578118 0.003777290 0.028798236 0.015838331 -0.008574104 0.985695660 0.168316901 0.101824328 -0.027750513 -0.168492794 0.985312164 0.006982334
0.999383509 -0.001396646 0.035079990 0.015526652 -0.005374388 0.981344998 0.192179859 0.101953231 -0.034693982 -0.192249924 0.980732560 0.003553787
0.998815060 -0.003977939 0.048504695 0.015767857 -0.006635166 0.976217210 0.216693178 0.101681747 -0.048213109 -0.216758236 0.975034058 0.000982604
0.998095751 -0.009317756 0.060975347 0.014605960 -0.005470173 0.971259475 0.237960368 0.100555800 -0.061440136 -0.237840772 0.969358981 -0.001815792
0.997360587 -0.015301544 0.070977144 0.012651832 -0.003429238 0.966523767 0.256554306 0.098928846 -0.072526775 -0.256120563 0.963920176 -0.004871476
0.996954620 -0.021084985 0.075079449 0.009972260 -0.000252891 0.961875677 0.273487061 0.097193338 -0.077983566 -0.272673160 0.958941042 -0.008865477
0.996798933 -0.024886996 0.075976968 0.007760669 0.001628599 0.956439972 0.291924447 0.096301340 -0.079932526 -0.290866226 0.953418911 -0.013569229
0.996564984 -0.031047992 0.076774381 0.006454518 0.005624637 0.950296640 0.311295092 0.095403939 -0.082623519 -0.309793949 0.947206974 -0.018081740
0.996336699 -0.036292795 0.077433981 0.005523954 0.008625555 0.943509758 0.331232548 0.095610552 -0.085081063 -0.329351246 0.940366387 -0.023469904
0.996087193 -0.043115556 0.077144824 0.004933543 0.013357931 0.936341465 0.350836486 0.095901571 -0.087360404 -0.348433226 0.933253706 -0.029134128
0.996080041 -0.043928005 0.076778501 0.005231918 0.012524920 0.929272592 0.369182318 0.096999697 -0.087565601 -0.366773456 0.926180065 -0.035381448
0.996159792 -0.043120600 0.076199226 0.006593823 0.010492509 0.922833741 0.385055542 0.097435988 -0.086923040 -0.382777333 0.919742346 -0.041312549
0.996438146 -0.041707426 0.073290855 0.008753728 0.009184470 0.917631865 0.397325307 0.097151980 -0.083825439 -0.395236939 0.914746463 -0.046260200
0.996685743 -0.040563639 0.070513561 0.012006697 0.008616827 0.914575696 0.404322952 0.095346615 -0.080890805 -0.402375311 0.911894083 -0.050634529
0.996643305 -0.042083569 0.070221454 0.016302204 0.010028886 0.914059758 0.405455500 0.093368262 -0.081249624 -0.403390259 0.911413610 -0.052363705
0.996788681 -0.041693855 0.068366691 0.020851664 0.010826383 0.916087329 0.400832623 0.090928443 -0.079342112 -0.398805231 0.913596869 -0.053456914
0.997060657 -0.042587847 0.063688986 0.025084121 0.014106957 0.919110060 0.393748313 0.089266501 -0.075306080 -0.391692489 0.917009294 -0.053102884
0.997308850 -0.042098023 0.060023367 0.029661724 0.015709169 0.922398269 0.385920584 0.087182537 -0.071611941 -0.383939087 0.920577288 -0.051857434
0.997502446 -0.039836209 0.058326647 0.033294737 0.014805526 0.925359249 0.378802180 0.086781055 -0.069063142 -0.376992524 0.923637867 -0.049951505
0.997826397 -0.034903873 0.055894218 0.035236172 0.011532499 0.927607656 0.373377919 0.086313806 -0.064880237 -0.371921778 0.925993919 -0.047878101
0.998142898 -0.031802058 0.051956140 0.036431331 0.010400157 0.929351151 0.369050473 0.086249590 -0.060022064 -0.367824763 0.927955985 -0.045715272
0.998510480 -0.025405144 0.048285119 0.037100289 0.005929662 0.930266678 0.366836190 0.084912121 -0.054237559 -0.366003454 0.929031610 -0.043651287
0.998693943 -0.022570234 0.045836158 0.038141098 0.004118763 0.929779887 0.368092954 0.084411271 -0.050925478 -0.367423415 0.928658485 -0.041290108
0.998860300 -0.018274020 0.044092305 0.039529350 0.000534131 0.928024471 0.372518867 0.083230458 -0.047726154 -0.372070760 0.926976562 -0.038936649
0.998928368 -0.015172515 0.043725308 0.042328354 -0.002434627 0.926205873 0.377010286 0.082857646 -0.046218831 -0.376712739 0.925176382 -0.036483347
0.999008894 -0.014175249 0.042192869 0.046261173 -0.002912486 0.925083160 0.379753381 0.081872478 -0.044415012 -0.379499882 0.924125075 -0.033931743
0.998967052 -0.015553963 0.042696092 0.051995698 -0.001919239 0.924314201 0.381627589 0.081365943 -0.045400422 -0.381315321 0.923329532 -0.030957036
0.998892307 -0.017809868 0.043553811 0.059506077 -0.000220091 0.923825026 0.382814974 0.080350652 -0.047053982 -0.382400542 0.922797799 -0.027908869
0.998752534 -0.020130057 0.045696199 0.069043443 0.001022294 0.923191130 0.384339899 0.079402685 -0.049923107 -0.383813709 0.922060013 -0.024406429
0.998610318 -0.022927586 0.047453225 0.079898879 0.002836268 0.922484875 0.386022747 0.078085914 -0.052625455 -0.385351717 0.921267927 -0.021259211
0.998447418 -0.027347449 0.048526458 0.092549294 0.006372049 0.921539068 0.388233304 0.077032998 -0.055336222 -0.387321353 0.920282602 -0.018338574
0.998279691 -0.031945188 0.049164329 0.106834583 0.010235268 0.920608997 0.390351474 0.075661488 -0.057730976 -0.389176726 0.919352293 -0.015817182
0.998096049 -0.035838224 0.050198555 0.122885108 0.013339320 0.920033097 0.391613543 0.074428372 -0.060219064 -0.390198290 0.918759465 -0.013759648
0.997770429 -0.040258802 0.053229287 0.140147969 0.016277030 0.920279086 0.390923887 0.072685957 -0.064723924 -0.389185876 0.918882549 -0.011636859
0.997381926 -0.044740129 0.056811627 0.158312365 0.019311596 0.921889782 0.386970669 0.070433125 -0.069687173 -0.384860426 0.920340240 -0.009427051
0.996826231 -0.050085194 0.061878134 0.177118257 0.022804609 0.924365520 0.380825907 0.067995973 -0.076271750 -0.378206164 0.922573984 -0.006527432
0.996115625 -0.056552008 0.067494862 0.196098074 0.027289769 0.927034259 0.373982370 0.065324955 -0.083719499 -0.370687783 0.924976587 -0.004041267
0.995290339 -0.061692350 0.074773937 0.214143455 0.029874949 0.929016232 0.368831009 0.064046994 -0.092220262 -0.364860088 0.926483989 -0.000920395
0.994491041 -0.067030773 0.080588289 0.232947454 0.032888584 0.929524481 0.367290944 0.063003421 -0.099528573 -0.362617105 0.926608264 0.001029240
0.993725479 -0.070746288 0.086629517 0.250753552 0.033863395 0.928490579 0.369808733 0.063064396 -0.106597282 -0.364554763 0.925060451 0.003141810
0.992708623 -0.074353538 0.094874285 0.268403828 0.033317350 0.925676823 0.376845360 0.064199232 -0.115842707 -0.370936692 0.921404600 0.004557851
0.991550744 -0.076920584 0.104452357 0.284642279 0.030706059 0.921513319 0.387130857 0.065529704 -0.126032576 -0.380652606 0.916089177 0.005972574
0.990356624 -0.082819700 0.111061402 0.299526662 0.032287452 0.917548001 0.396311969 0.067174554 -0.134726614 -0.388904303 0.911373794 0.007143984
0.989950418 -0.086009189 0.112252414 0.312021524 0.033812597 0.914717853 0.402675986 0.069222286 -0.137313128 -0.394833684 0.908433557 0.008746224
0.989843547 -0.085602894 0.113498569 0.323399216 0.032396104 0.913200319 0.406221181 0.071150869 -0.138420641 -0.398418516 0.906698644 0.009607547
0.990069091 -0.084398970 0.112427905 0.331988633 0.031655438 0.913037300 0.406645834 0.073043324 -0.136971354 -0.399048507 0.906641662 0.010262528
0.990218878 -0.084781326 0.110809356 0.338981658 0.032907419 0.913714111 0.405023038 0.074479945 -0.135586455 -0.397414982 0.907566845 0.011120434
0.990408897 -0.086084858 0.108072393 0.343631119 0.035684854 0.915018916 0.401829511 0.075511232 -0.133479714 -0.394118994 0.909314811 0.011837986
0.990769684 -0.086116701 0.104687117 0.346149921 0.037565697 0.916458488 0.398362547 0.076553002 -0.130247056 -0.390752882 0.911234260 0.012093555
0.990730643 -0.088260137 0.103261784 0.346486330 0.040527113 0.917591274 0.395453960 0.077258453 -0.129654929 -0.387603432 0.912662685 0.011983276
0.990641057 -0.089578271 0.102985717 0.344949424 0.041988596 0.917925060 0.394525737 0.078038611 -0.129874110 -0.386509150 0.913095474 0.011406760
0.990361273 -0.088234589 0.106766954 0.341514587 0.039124805 0.917653441 0.395450860 0.078349873 -0.132867500 -0.387461990 0.912260652 0.010491339
0.990207911 -0.087065473 0.109123096 0.336050004 0.037141275 0.917816043 0.395264685 0.077571228 -0.134568840 -0.387341261 0.912062466 0.009041386
0.990224600 -0.087155789 0.108899295 0.327926099 0.037428256 0.918140709 0.394482881 0.076293446 -0.134366348 -0.386550754 0.912427664 0.007053921
0.990481317 -0.086068295 0.107419521 0.317932904 0.037136562 0.918552041 0.393551767 0.075056098 -0.132542744 -0.385816514 0.913004935 0.004502804
0.990890265 -0.086372681 0.103325993 0.305868298 0.038900204 0.918107629 0.394417554 0.074880369 -0.128931284 -0.386805087 0.913103819 0.001813908
0.991629362 -0.083212778 0.098725878 0.292619824 0.037444320 0.917100787 0.396893084 0.075547345 -0.123568155 -0.389874101 0.912539899 -0.001128566
0.992199302 -0.081258595 0.094539046 0.277865916 0.036942165 0.915956318 0.399573892 0.076593056 -0.119062454 -0.392964453 0.911813080 -0.003453149
0.992718399 -0.080128595 0.089942209 0.261487275 0.037547901 0.915304542 0.401008427 0.077607587 -0.114456750 -0.394711316 0.911648333 -0.005651711
0.993292987 -0.078894645 0.084526062 0.243377775 0.038611632 0.915404439 0.400679320 0.078080714 -0.108986974 -0.394728273 0.912311018 -0.007814046
0.993932545 -0.075872838 0.079633124 0.224103302 0.037947804 0.916084588 0.399185449 0.078086182 -0.103238009 -0.393741518 0.913405478 -0.010451216
0.994588256 -0.072449967 0.074465737 0.203586161 0.037238535 0.917711139 0.395499110 0.077992477 -0.096991926 -0.390585780 0.915442705 -0.012917684
0.995278060 -0.068533093 0.068737529 0.182457849 0.036371861 0.919882417 0.390504032 0.077206716 -0.089992888 -0.386159986 0.918031454 -0.016297620
0.995967805 -0.063236371 0.063634321 0.160509869 0.033938836 0.922193944 0.385235667 0.076175384 -0.083044097 -0.381522655 0.920621634 -0.019820984
0.996412814 -0.060110383 0.059567500 0.138286754 0.033008926 0.924203515 0.380471051 0.074646130 -0.077922754 -0.377139986 0.922872424 -0.022786245
0.996781945 -0.057530917 0.055820294 0.114767715 0.032242484 0.925288558 0.377890825 0.073286638 -0.073390283 -0.374874949 0.924165905 -0.025721096
0.997142553 -0.054741897 0.052058145 0.091131620 0.031054623 0.925240815 0.378107160 0.072563246 -0.068864621 -0.375410110 0.924296975 -0.028665751
0.997630298 -0.049915060 0.047352973 0.067006998 0.028194800 0.924391925 0.380400568 0.072482608 -0.062760428 -0.378164023 0.923608720 -0.031290434
0.998017132 -0.046509963 0.042409815 0.042878643 0.026669327 0.922783077 0.384395838 0.073426679 -0.057013296 -0.382502615 0.922193706 -0.033970457
0.998391569 -0.041402612 0.038730446 0.018327978 0.023189638 0.921612799 0.387417197 0.074364863 -0.051734556 -0.385895908 0.921090603 -0.036303345
0.998632431 -0.037034985 0.036900491 -0.005267094 0.019831136 0.921411276 0.388082534 0.075630695 -0.048373155 -0.386820048 0.920885623 -0.038018078
0.998768806 -0.035406705 0.034745358 -0.029211551 0.019247226 0.922126532 0.386409372 0.077090092 -0.045721099 -0.385264903 0.921672702 -0.039860718
0.998935401 -0.033958480 0.031222304 -0.053190820 0.019383315 0.923166037 0.383912504 0.078687705 -0.041860454 -0.382898629 0.922841430 -0.041558158
0.999080658 -0.031261522 0.029335458 -0.076859996 0.017722782 0.924258530 0.381355613 0.080372669 -0.039035302 -0.380485088 0.923962831 -0.043800835
0.999235690 -0.028601142 0.026645305 -0.100238234 0.016378472 0.925265253 0.378966987 0.082192853 -0.035492864 -0.378240943 0.925026536 -0.045430999
0.999358296 -0.026488259 0.024111763 -0.123080909 0.015425529 0.925797462 0.377704948 0.084311768 -0.032327358 -0.377090663 0.925611973 -0.047073316
0.999542415 -0.024751863 0.017388441 -0.145734683 0.016335664 0.925500631 0.378393680 0.086821422 -0.025458958 -0.377936453 0.925481439 -0.048689928
0.999715984 -0.021702452 0.009846576 -0.166935474 0.016305732 0.924216688 0.381520152 0.089245498 -0.017380292 -0.381251216 0.924308062 -0.052012805
0.999834538 -0.018019989 0.002492936 -0.186638147 0.015645053 0.921686292 0.387620419 0.092542641 -0.009282621 -0.387517244 0.921815753 -0.053520106
0.999873340 -0.014833519 -0.005765771 -0.204464674 0.015905684 0.919231653 0.393395692 0.096004114 -0.000535363 -0.393437594 0.919351161 -0.054942731
0.999789059 -0.013806027 -0.015205393 -0.220988750 0.018707350 0.917718530 0.396790594 0.099034034 0.008476170 -0.396991342 0.917783201 -0.055879865
0.999632418 -0.012280997 -0.024170384 -0.235978514 0.020843640 0.918233573 0.395490438 0.101718508 0.017337043 -0.395848840 0.918152034 -0.057522405
0.999488413 -0.010280287 -0.030285118 -0.248454884 0.021300813 0.920322895 0.390579075 0.102551498 0.023856824 -0.391024381 0.920071065 -0.058062688
0.999312758 -0.008651022 -0.036044061 -0.258361459 0.021839906 0.923094809 0.383951873 0.103085138 0.029950509 -0.384475201 0.922649324 -0.059601042
0.999091744 -0.008342629 -0.041786462 -0.265509099 0.023517886 0.925718606 0.377481192 0.102740861 0.035533316 -0.378121048 0.925073981 -0.060321659
0.999002755 -0.006967559 -0.044101205 -0.269257128 0.022948183 0.927422762 0.373310089 0.102232769 0.038299400 -0.373949885 0.926657796 -0.061703980
0.999019027 -0.005103087 -0.043987460 -0.269581199 0.021124013 0.927950978 0.372103244 0.101701163 0.038919330 -0.372667402 0.927148461 -0.062643550
0.999124587 -0.002901542 -0.041733660 -0.267530978 0.018287849 0.927516580 0.373334378 0.101514131 0.037625417 -0.373770744 0.926757634 -0.064574748
0.999304473 -0.003001327 -0.037169386 -0.261720270 0.016751615 0.926652789 0.375544995 0.100768685 0.033315983 -0.375906438 0.926058531 -0.065640114
0.999492884 -0.002513569 -0.031744078 -0.252956480 0.014301866 0.926112473 0.376976371 0.099949189 0.028451029 -0.377239168 0.925678730 -0.067236327
0.999705195 -0.003364448 -0.024045164 -0.241220951 0.012177953 0.926251471 0.376709372 0.098728850 0.021004448 -0.376891166 0.926019371 -0.068286955
0.999851167 -0.002958178 -0.016998556 -0.226960495 0.009111549 0.927144706 0.374592632 0.097178414 0.014652010 -0.374691755 0.927033663 -0.069811307
0.999952018 -0.002879746 -0.009363758 -0.210760161 0.006154636 0.928309560 0.371757269 0.095359378 0.007621900 -0.371797085 0.928282738 -0.070815563
0.999987543 -0.003392674 -0.003655757 -0.192730144 0.004501965 0.929466546 0.368878901 0.093409844 0.002146418 -0.368890762 0.929470301 -0.071871631
0.999983072 -0.004993125 0.002987914 -0.173697680 0.003546666 0.930094361 0.367303640 0.091689855 -0.004613034 -0.367286831 0.930096269 -0.072321288
0.999935627 -0.006877446 0.009021652 -0.153353617 0.003081776 0.930048168 0.367424667 0.090532847 -0.010917514 -0.367373228 0.930009544 -0.072323747
0.999836981 -0.010877509 0.014411494 -0.132284999 0.004766423 0.928859651 0.370401144 0.089640364 -0.017415296 -0.370272100 0.928760111 -0.071836777
0.999764502 -0.015057098 0.015629403 -0.110342324 0.008087249 0.926777065 0.375524789 0.088976584 -0.020139288 -0.375309974 0.926680565 -0.071174301
0.999651730 -0.019832639 0.017408274 -0.087663829 0.011695845 0.924324214 0.381428808 0.088867962 -0.023655631 -0.381092399 0.924234271 -0.069709957
0.999546051 -0.022746295 0.019754503 -0.064001091 0.013347846 0.922199011 0.386485219 0.088618457 -0.027008690 -0.386046112 0.922084033 -0.068261899
0.999447048 -0.024107510 0.022899155 -0.040007528 0.013309160 0.921181679 0.388905048 0.088457435 -0.030469812 -0.388385236 0.920993209 -0.066482410
0.999418974 -0.024801655 0.023379689 -0.016361287 0.013759116 0.921136856 0.388995588 0.088368811 -0.031183628 -0.388447881 0.920942903 -0.064259291
0.999432087 -0.025973227 0.021468971 0.006613489 0.015630715 0.921744645 0.387482315 0.087841533 -0.029853076 -0.386926681 0.921627104 -0.062174652
0.999424696 -0.027319577 0.020098597 0.029965753 0.017405037 0.921740353 0.387416810 0.087215550 -0.029109750 -0.386844128 0.921685576 -0.058101546
0.999334335 -0.030651923 0.019783454 0.051691998 0.020598035 0.921644509 0.387488216 0.086386129 -0.030110570 -0.386822790 0.921662331 -0.055817004
0.999252319 -0.032810707 0.020449946 0.072453514 0.022281492 0.920995891 0.388934612 0.085718550 -0.031595536 -0.388188183 0.921038389 -0.053049330
0.999135911 -0.035085086 0.022280984 0.092096649 0.023573354 0.919899583 0.391444802 0.085914373 -0.034230139 -0.390581310 0.919931829 -0.050520420
0.998995900 -0.036810353 0.025538117 0.109968543 0.023775673 0.918723583 0.394184828 0.086775310 -0.037972555 -0.393181860 0.918676257 -0.047342226
0.998769760 -0.039585385 0.029864844 0.125737548 0.024500046 0.917555928 0.396851182 0.088242844 -0.043112170 -0.395631254 0.917397022 -0.044667978
0.998523474 -0.042608295 0.033695586 0.138953388 0.025696557 0.916996896 0.398065776 0.090414852 -0.047859654 -0.396612138 0.916737854 -0.041491941
0.998294353 -0.046305403 0.035555933 0.150007740 0.028339028 0.916809678 0.398317516 0.092968591 -0.051042277 -0.396630526 0.916558206 -0.038114529
0.998041987 -0.047256842 0.040975191 0.160199031 0.027162911 0.917576194 0.396630913 0.095993340 -0.056341380 -0.394741327 0.917063236 -0.033505801
0.997338653 -0.050597891 0.052493032 0.169556543 0.026168393 0.920434713 0.390019476 0.098478474 -0.068050571 -0.387607813 0.919309139 -0.028500127
0.996131301 -0.055179209 0.068394013 0.177613258 0.025251128 0.925192177 0.378657937 0.100986555 -0.084171645 -0.375465989 0.923006177 -0.022644965
0.994925916 -0.057890885 0.082286440 0.184123725 0.024340382 0.932076454 0.361442953 0.102549985 -0.097621508 -0.357606083 0.928756118 -0.016920609
0.993913114 -0.057289418 0.094098993 0.188502491 0.021804314 0.939551651 0.341712236 0.103932835 -0.107987352 -0.337580502 0.935081899 -0.011864210
0.992769659 -0.055765927 0.106294692 0.192522079 0.018717306 0.946618080 0.321813464 0.103895359 -0.118566707 -0.317497075 0.940817475 -0.007380754
0.991347492 -0.055623129 0.118895769 0.195952356 0.017352087 0.953361630 0.301331252 0.102849342 -0.130111650 -0.296660870 0.946077824 -0.002793174
0.990007520 -0.056629136 0.129144430 0.198986441 0.017705999 0.958494067 0.284562171 0.101418741 -0.139898688 -0.279432058 0.949918985 0.000933306
0.988491952 -0.060120799 0.138813391 0.202068701 0.019948287 0.961424172 0.274345845 0.099650539 -0.149952427 -0.268419594 0.951559365 0.004972923
0.986988544 -0.067902982 0.145749211 0.205216959 0.025652718 0.961341143 0.274162710 0.098158859 -0.158731163 -0.266856611 0.950574577 0.008724150
0.985326767 -0.075841852 0.152902320 0.210049585 0.030136334 0.959083080 0.281516284 0.096455872 -0.167996749 -0.272777647 0.947295845 0.014036732
0.983049095 -0.086003318 0.161919549 0.215944290 0.036064673 0.956606209 0.289143413 0.094431005 -0.179760531 -0.278402597 0.943492532 0.021126974
0.980701029 -0.095583647 0.170555741 0.222738653 0.041375648 0.954054058 0.296764165 0.092248879 -0.191085190 -0.283980042 0.939596593 0.029800188
0.978362620 -0.104961827 0.178296506 0.229969442 0.046395198 0.951115310 0.305331200 0.089901462 -0.201628655 -0.290452510 0.935405374 0.039417468
0.976631582 -0.111682907 0.183623821 0.237081766 0.049169544 0.947827756 0.314968079 0.087572746 -0.209220290 -0.298579067 0.931169927 0.049968258
0.975648344 -0.115770169 0.186299711 0.243493348 0.050239004 0.944731414 0.323973238 0.084712557 -0.213509619 -0.306724429 0.927541792 0.061065026
0.975517631 -0.118325323 0.185376406 0.248270184 0.051156182 0.941889882 0.332003772 0.081358910 -0.213888615 -0.314392388 0.924883306 0.074365355
0.975796819 -0.123505279 0.180463359 0.251187205 0.056201186 0.939159811 0.338851392 0.077307358 -0.211333886 -0.320507884 0.923370302 0.087330893
0.977363050 -0.123624370 0.171693042 0.252157867 0.058136612 0.937212348 0.343879491 0.072708264 -0.203424737 -0.326113433 0.923183858 0.100975096
0.979437411 -0.121019334 0.161420837 0.250672638 0.059046477 0.937026560 0.344230652 0.067354932 -0.192914173 -0.327621043 0.924904644 0.115304068
0.982288778 -0.114201441 0.148548961 0.246751696 0.057939216 0.939068854 0.338810712 0.061744250 -0.178190380 -0.324203163 0.929053545 0.130595461
0.985269129 -0.104463510 0.135396361 0.240510955 0.054666914 0.942592740 0.329439640 0.056140825 -0.162038058 -0.317184985 0.934418201 0.145672366
0.988454461 -0.092044801 0.120356083 0.231902108 0.049292397 0.946469903 0.319006294 0.051258992 -0.143276274 -0.309390575 0.940079451 0.161183685
0.991253495 -0.078432940 0.106135935 0.221009508 0.041880317 0.949613988 0.310611218 0.047117092 -0.125150323 -0.303449422 0.944592953 0.175695866
0.993800640 -0.065853320 0.089574687 0.207962871 0.035537787 0.951590180 0.305308402 0.043595083 -0.105343960 -0.300232410 0.948031187 0.191642031
0.996228814 -0.053257011 0.068496846 0.191600755 0.030067621 0.952443898 0.303226888 0.040844563 -0.081388362 -0.300023854 0.950453401 0.203495860
0.998156607 -0.042300273 0.043520313 0.172213271 0.027136816 0.952481389 0.303385496 0.038037252 -0.054285575 -0.301645219 0.951873541 0.213345587
0.999375820 -0.032219738 0.014486482 0.149464026 0.026237341 0.951556921 0.306351244 0.037368067 -0.023655267 -0.305779934 0.951808333 0.220260203
0.999693811 -0.020795606 -0.013408004 0.124558546 0.023936909 0.950028539 0.311243922 0.037373602 0.006265481 -0.311469585 0.950235486 0.224563479
0.999128461 -0.009450771 -0.040656637 0.097293667 0.021860711 0.948240101 0.316800922 0.038823780 0.035558242 -0.317413598 0.947620273 0.224954367
0.997644603 0.002532315 -0.068548188 0.068244979 0.019746423 0.946414471 0.322350353 0.041069243 0.065691292 -0.322944671 0.944135249 0.222134396
0.995402098 0.015240218 -0.094564430 0.037389413 0.016644113 0.944721103 0.327452302 0.044264492 0.094327457 -0.327520669 0.940123677 0.215046421
0.992554426 0.029660176 -0.118135318 0.006921622 0.011151361 0.943696201 0.330625355 0.048040766 0.121290252 -0.329481006 0.936339140 0.205689013
0.988918304 0.038515888 -0.143377706 -0.024455374 0.011531266 0.942915559 0.332832158 0.052293755 0.148012385 -0.330797136 0.932022333 0.191453069
0.985220730 0.042341828 -0.165973768 -0.054385975 0.015715981 0.942533672 0.333741367 0.056706958 0.170567080 -0.331417382 0.927938282 0.175451785
0.981013954 0.043531027 -0.188988432 -0.083391652 0.022618506 0.942151904 0.334422141 0.061473299 0.192613557 -0.332347423 0.923279583 0.155993327
