1.000000000 0.000000000 0.000000000 0.000000060 0.000000000 1.000000000 0.000000000 0.000000238 0.000000000 0.000000000 1.000000000 0.000000238
0.999999881 -0.000429313 0.000281053 -0.000947744 0.000429422 0.999999821 -0.000389870 0.002663397 -0.000280885 0.000389991 0.999999881 0.002266878
0.999997020 -0.002439523 0.000132494 -0.001641995 0.002440554 0.999961436 -0.008437325 0.014505447 -0.000111905 0.008437623 0.999964416 0.009544769
0.999998450 -0.001726838 0.000350722 -0.000880867 0.001729360 0.999971688 -0.007323657 0.003486361 -0.000338065 0.007324252 0.999973118 0.002235327
0.999994338 -0.003348113 0.000251659 -0.002168770 0.003350808 0.999927044 -0.011606685 0.025807370 -0.000212780 0.011607463 0.999932587 0.016555149
0.999996841 -0.002509698 0.000274415 -0.001912562 0.002512193 0.999951661 -0.009505110 0.021473417 -0.000250547 0.009505769 0.999954760 0.014677064
0.999997139 -0.002384580 0.000249350 -0.001014953 0.002386764 0.999955177 -0.009159425 0.019316236 -0.000227497 0.009159993 0.999958038 0.010862006
0.999994457 -0.003325321 0.000148062 -0.002674860 0.003326820 0.999926627 -0.011649487 0.033061352 -0.000109313 0.011649915 0.999932110 0.021734184
0.999999166 -0.001267611 0.000213188 0.000519510 0.001268062 0.999996960 -0.002128384 -0.003038742 -0.000210489 0.002128652 0.999997735 -0.005585228
0.999995053 -0.003139231 0.000034932 -0.002493454 0.003139425 0.999926090 -0.011747465 0.029358815 0.000001949 0.011747517 0.999930978 0.020233823
0.999998808 -0.001560851 0.000060485 0.000055700 0.001561151 0.999984562 -0.005328822 0.004262766 -0.000052167 0.005328909 0.999985814 0.001311144
1.000000000 0.000015758 -0.000069618 0.000517878 -0.000015754 1.000000000 0.000058852 0.000146744 0.000069619 -0.000058850 1.000000000 0.002125768
0.999993980 -0.003452966 -0.000288258 -0.001497141 0.003449247 0.999921620 -0.012035002 0.032810800 0.000329792 0.012033935 0.999927521 0.021142328
0.999997139 -0.002395907 0.000037641 -0.000905413 0.002396161 0.999949276 -0.009782823 0.018367413 -0.000014200 0.009782884 0.999952137 0.013057689
0.999998808 -0.001555936 0.000121116 0.000352713 0.001556170 0.999996901 -0.001957797 -0.003133096 -0.000118070 0.001957984 0.999998093 -0.003663167
0.999995112 -0.003112003 0.000196895 -0.002601383 0.003114160 0.999921739 -0.012118053 0.026461253 -0.000159168 0.012118608 0.999926567 0.019392267
0.999997139 -0.002363952 0.000389235 -0.002200983 0.002367517 0.999952734 -0.009427343 0.020245323 -0.000366931 0.009428238 0.999955475 0.012002791
0.999998868 -0.001494938 0.000157058 -0.000849849 0.001495758 0.999984503 -0.005361955 0.009155926 -0.000149040 0.005362184 0.999985635 0.003869464
0.999994993 -0.003100736 0.000671998 -0.003804745 0.003108968 0.999915540 -0.012617807 0.028717425 -0.000632817 0.012619833 0.999920189 0.018761590
0.999998391 -0.001790913 0.000065726 -0.000607825 0.001791200 0.999987543 -0.004664497 0.008301497 -0.000057372 0.004664607 0.999989092 0.004031244
0.999994457 -0.003263176 0.000621611 -0.003883349 0.003271556 0.999896705 -0.013994005 0.031600017 -0.000575882 0.013995960 0.999901891 0.020807374
0.999997616 -0.002175507 0.000037577 -0.001179060 0.002175725 0.999970257 -0.007397390 0.009057229 -0.000021483 0.007397455 0.999972641 0.006416768
0.999998093 -0.001935232 -0.000104775 -0.000892054 0.001934342 0.999966800 -0.007918746 0.017050700 0.000120096 0.007918528 0.999968648 0.010826045
0.999997735 -0.002126720 -0.000023863 -0.000737924 0.002126489 0.999971032 -0.007305815 0.002628989 0.000039400 0.007305748 0.999973297 -0.000013612
0.999989331 -0.004612550 0.000108698 -0.003626354 0.004613802 0.999789178 -0.020008968 0.051449820 -0.000016383 0.020009255 0.999799788 0.029444771
0.999998391 -0.001773824 -0.000115729 0.000263713 0.001773367 0.999991059 -0.003836008 0.001457716 0.000122532 0.003835796 0.999992609 -0.000840550
0.999994397 -0.003300075 0.000571533 -0.004112797 0.003307499 0.999903202 -0.013516362 0.034487940 -0.000526872 0.013518176 0.999908507 0.020742871
0.999993026 -0.003690196 -0.000540743 -0.001119437 0.003681585 0.999878526 -0.015143959 0.038401999 0.000596561 0.015141863 0.999885201 0.016379720
0.999998510 -0.001715614 0.000051424 -0.000454073 0.001715865 0.999984145 -0.005358716 0.005451882 -0.000042230 0.005358796 0.999985635 0.004051168
0.999998212 -0.001867086 -0.000358736 0.000595523 0.001866118 0.999994695 -0.002679885 -0.001037070 0.000363738 0.002679211 0.999996364 -0.000857545
0.999998093 -0.001964045 -0.000102527 -0.001574544 0.001963036 0.999957085 -0.009052369 0.024852136 0.000120302 0.009052151 0.999958992 0.014330337
0.999998391 -0.001771947 0.000227436 -0.000848241 0.001773083 0.999985456 -0.005094794 0.007420066 -0.000218405 0.005095189 0.999987006 0.002217404
0.999997020 -0.002449181 0.000072480 -0.001942631 0.002449863 0.999928176 -0.011732755 0.031133974 -0.000043739 0.011732897 0.999931157 0.017486043
0.999998152 -0.001911734 -0.000107064 -0.000677928 0.001911020 0.999978244 -0.006311413 0.015196581 0.000119127 0.006311197 0.999980092 0.010005892
0.999996841 -0.002509062 -0.000012540 -0.001454440 0.002508755 0.999931395 -0.011440766 0.025326511 0.000041245 0.011440699 0.999934554 0.012127648
0.999996126 -0.002786270 -0.000175236 -0.001275963 0.002784022 0.999927282 -0.011733903 0.029259343 0.000207918 0.011733370 0.999931157 0.015586369
0.999998152 -0.001901037 0.000232293 -0.001010650 0.001902591 0.999974489 -0.006883360 0.006145168 -0.000219202 0.006883790 0.999976277 0.005789021
0.999998152 -0.001918621 0.000028816 -0.001099691 0.001918751 0.999983013 -0.005499000 0.010346055 -0.000018265 0.005499044 0.999984860 0.004360435
0.999997199 -0.002367080 0.000120395 -0.001781458 0.002368079 0.999955654 -0.009112235 0.020514918 -0.000098821 0.009112494 0.999958456 0.010696371
0.999998093 -0.001962160 -0.000002013 -0.000854094 0.001962100 0.999974549 -0.006859796 0.014243819 0.000015473 0.006859779 0.999976456 0.009241617
0.999998033 -0.001944868 -0.000330137 0.000541189 0.001943279 0.999986827 -0.004746195 0.005061291 0.000339363 0.004745544 0.999988675 0.002699303
0.999997973 -0.002006688 -0.000057450 -0.000527302 0.002006256 0.999975383 -0.006722393 0.011984529 0.000070938 0.006722265 0.999977410 0.006926389
0.999997854 -0.002008945 -0.000464650 0.000831104 0.002006760 0.999987125 -0.004657191 -0.000231297 0.000474000 0.004656249 0.999989033 0.000089298
0.999997854 -0.002056425 -0.000242331 -0.000290549 0.002054773 0.999975920 -0.006630582 0.013494935 0.000255961 0.006630070 0.999978006 0.007191960
0.999998033 -0.001971713 -0.000240268 -0.000414977 0.001970019 0.999974549 -0.006858002 0.016813815 0.000253784 0.006857515 0.999976456 0.010082184
0.999998569 -0.001600814 -0.000509383 0.000788129 0.001598120 0.999984980 -0.005245387 0.001532901 0.000517772 0.005244565 0.999986112 0.003949184
0.999997556 -0.002161674 -0.000433801 0.000648152 0.002158955 0.999978602 -0.006172966 0.010491354 0.000447136 0.006172014 0.999980867 0.001777385
0.999997854 -0.002029922 -0.000449781 0.000722101 0.002027232 0.999980509 -0.005903126 0.008679804 0.000461755 0.005902201 0.999982476 0.003095112
0.999998569 -0.001568326 -0.000598887 0.001066258 0.001565168 0.999985039 -0.005236156 0.005381069 0.000607090 0.005235212 0.999986112 0.004210239
0.999999166 -0.001145278 -0.000590683 0.001206510 0.001143068 0.999992371 -0.003727797 0.005499015 0.000594948 0.003727118 0.999992907 0.002874149
0.999999702 -0.000680372 -0.000322918 0.001054684 0.000679640 0.999997199 -0.002261732 -0.004083860 0.000324455 0.002261512 0.999997377 -0.001577359
0.999998748 -0.001537159 -0.000369052 0.000293043 0.001535196 0.999984980 -0.005263117 0.010958547 0.000377136 0.005262544 0.999986053 0.005421559
0.999999642 -0.000739558 -0.000406779 0.001486610 0.000738687 0.999997437 -0.002136423 -0.004360600 0.000408358 0.002136122 0.999997616 -0.003083365
0.999998748 -0.001362086 -0.000838270 0.001667529 0.001359462 0.999994218 -0.003122610 0.004164923 0.000842519 0.003121466 0.999994755 0.003541117
0.999997973 -0.001999368 -0.000162967 -0.000515151 0.001998309 0.999978423 -0.006261053 0.013148948 0.000175481 0.006260715 0.999980390 0.005928764
0.999997914 -0.002000059 -0.000432507 0.000125941 0.001997295 0.999978185 -0.006300612 0.013499749 0.000445099 0.006299735 0.999980032 0.005719279
0.999997675 -0.002125893 -0.000404663 -0.000303729 0.002123197 0.999976277 -0.006549104 0.017391354 0.000418576 0.006548230 0.999978483 0.008147238
0.999998689 -0.001400865 -0.000782736 0.001025813 0.001397403 0.999989331 -0.004406855 0.004981244 0.000788901 0.004405755 0.999989986 0.007476025
0.999998033 -0.001758584 -0.000898720 0.001404202 0.001754157 0.999986410 -0.004903673 0.009612734 0.000907332 0.004902087 0.999987602 0.005093892
0.999998331 -0.001568240 -0.000952101 0.001321072 0.001562744 0.999982297 -0.005745356 0.013749972 0.000961095 0.005743858 0.999983013 0.008938252
0.999998927 -0.001219583 -0.000843745 0.001325393 0.001215146 0.999985516 -0.005240148 0.009132694 0.000850123 0.005239117 0.999985933 0.005499647
0.999998808 -0.001524699 -0.000161395 -0.000620284 0.001523622 0.999977827 -0.006479426 0.014654960 0.000171271 0.006479173 0.999979019 0.010967201
0.999999404 -0.000576359 -0.000952829 0.001500185 0.000577149 0.999999464 0.000828826 -0.001206719 0.000952351 -0.000829375 0.999999225 -0.000045265
0.999997199 -0.002169412 -0.000932370 0.000899946 0.002164238 0.999982476 -0.005514978 0.010164208 0.000944318 0.005512945 0.999984384 0.005358784
0.999998748 -0.001554481 -0.000201642 -0.000503788 0.001553477 0.999986887 -0.004884936 0.009116595 0.000209233 0.004884616 0.999988019 0.005284189
0.999997735 -0.002034052 -0.000671461 0.001064826 0.002033251 0.999997199 -0.001191106 -0.011541941 0.000673882 0.001189738 0.999999046 -0.005400721
0.999997735 -0.002071005 0.000500026 -0.001036222 0.002073741 0.999982536 -0.005533833 0.008548264 -0.000488557 0.005534857 0.999984562 0.003480264
0.999997497 -0.002131262 0.000640069 -0.000819032 0.002134626 0.999983668 -0.005301865 0.006076414 -0.000628759 0.005303218 0.999985754 0.001428225
0.999996781 -0.002504486 0.000427867 -0.000732532 0.002506609 0.999984205 -0.005034557 0.004624346 -0.000415252 0.005035613 0.999987245 0.000382306
0.999997497 -0.002230658 0.000078616 -0.000702708 0.002231095 0.999979079 -0.006073250 0.009249644 -0.000065067 0.006073410 0.999981582 0.004378732
0.999996364 -0.002685696 0.000039777 -0.000389658 0.002685883 0.999979317 -0.005846747 0.006187006 -0.000024074 0.005846832 0.999982893 0.002353382
0.999997377 -0.002171453 -0.000734068 0.001238941 0.002167778 0.999985278 -0.004970770 0.006576691 0.000744851 0.004969165 0.999987364 0.004632258
0.999997437 -0.002244146 0.000275381 -0.000626184 0.002245618 0.999982536 -0.005466548 0.008192097 -0.000263108 0.005467152 0.999985039 0.003068968
0.999996185 -0.002670776 -0.000731396 0.001324491 0.002667059 0.999983788 -0.005035779 0.007818578 0.000744834 0.005033809 0.999987066 0.003958079
0.999997735 -0.001894488 -0.000993644 0.001427357 0.001889267 0.999984562 -0.005229404 0.010836592 0.001003536 0.005227514 0.999985814 0.005285705
0.999997258 -0.002260976 -0.000631193 0.000265966 0.002258306 0.999988616 -0.004197570 0.009261210 0.000640677 0.004196133 0.999991000 0.004833681
0.999997139 -0.001945087 -0.001395202 0.001983683 0.001938814 0.999988079 -0.004483488 0.007660490 0.001403906 0.004480771 0.999988973 0.003619042
0.999996781 -0.001805667 -0.001777748 0.001977742 0.001798176 0.999989510 -0.004206618 0.006797894 0.001785325 0.004203408 0.999989569 0.003940184
0.999996662 -0.002153545 -0.001423305 0.001712119 0.002147309 0.999988139 -0.004368357 0.010398057 0.001432695 0.004365286 0.999989450 0.006215553
0.999998271 -0.001721474 -0.000668647 0.000857404 0.001720097 0.999996424 -0.002054214 0.004472627 0.000672181 0.002053061 0.999997675 0.003245701
0.999998868 -0.001408003 -0.000495485 0.000788485 0.001406480 0.999994338 -0.003061315 0.008742058 0.000499792 0.003060614 0.999995172 0.004251461
0.999998331 -0.001679308 -0.000688683 0.001151428 0.001676522 0.999990463 -0.004026295 0.007040923 0.000695438 0.004025133 0.999991655 0.004219848
0.999999166 -0.001288816 -0.000041596 -0.000586404 0.001288646 0.999991775 -0.003851721 0.006088289 0.000046559 0.003851664 0.999992609 0.002044489
0.999999225 -0.001219317 -0.000308625 -0.000515553 0.001218100 0.999991596 -0.003911607 0.005905549 0.000313392 0.003911228 0.999992311 0.001967524
0.999998689 -0.001484033 -0.000609858 0.000229363 0.001481015 0.999986768 -0.004920561 0.008825359 0.000617152 0.004919651 0.999987721 0.004021841
0.999998927 -0.001208873 -0.000816804 0.000817562 0.001205032 0.999988317 -0.004687377 0.007759722 0.000822461 0.004686388 0.999988675 0.004980237
0.999998987 -0.001403714 -0.000046873 -0.000921195 0.001403454 0.999985695 -0.005157911 0.009326609 0.000054112 0.005157840 0.999986708 0.006017891
0.999998868 -0.001478999 -0.000338689 -0.000370036 0.001477051 0.999982774 -0.005683568 0.010974883 0.000347089 0.005683061 0.999983788 0.005959896
0.999998689 -0.001539515 -0.000458009 0.000311406 0.001536928 0.999983132 -0.005597835 0.011861359 0.000466619 0.005597123 0.999984205 0.005189515
0.999998808 -0.001477503 -0.000426877 0.000433098 0.001475429 0.999987304 -0.004817892 0.009702048 0.000433990 0.004817257 0.999988317 0.005174277
0.999998808 -0.001419040 -0.000613761 0.000590495 0.001416325 0.999989331 -0.004400434 0.008759584 0.000619999 0.004399559 0.999990106 0.003941629
0.999998868 -0.001343013 -0.000676749 0.001358486 0.001340186 0.999990463 -0.004160950 0.007925411 0.000682331 0.004160039 0.999991119 0.004123527
0.999999046 -0.001338164 -0.000351265 0.000455146 0.001336302 0.999985337 -0.005247206 0.010259429 0.000358281 0.005246732 0.999986172 0.004644435
0.999999225 -0.001202452 -0.000341522 0.000154914 0.001200804 0.999987841 -0.004787482 0.009564110 0.000347275 0.004787069 0.999988496 0.004855142
0.999999225 -0.001187163 -0.000408614 0.000565852 0.001185373 0.999989808 -0.004354370 0.008268687 0.000413779 0.004353882 0.999990463 0.004485408
0.999999344 -0.001137162 0.000275255 -0.001175132 0.001138645 0.999984503 -0.005449854 0.011310467 -0.000269053 0.005450164 0.999985099 0.005901273
0.999998868 -0.001457897 0.000289588 -0.001232891 0.001459425 0.999984622 -0.005347767 0.011289927 -0.000281787 0.005348184 0.999985635 0.004861335
0.999999404 -0.001066883 -0.000065992 -0.000444245 0.001066524 0.999985814 -0.005220710 0.011468902 0.000071561 0.005220637 0.999986351 0.004139110
0.999999583 -0.000888399 0.000083966 -0.000520316 0.000888848 0.999984384 -0.005512966 0.008318994 -0.000079067 0.005513039 0.999984801 0.002717420
0.999999464 -0.000983381 0.000280132 -0.001193918 0.000984810 0.999986291 -0.005145255 0.011258277 -0.000275068 0.005145528 0.999986708 0.005396286
0.999999225 -0.001203277 0.000266111 -0.001415039 0.001204692 0.999984801 -0.005383632 0.011049972 -0.000259629 0.005383948 0.999985456 0.004920811
0.999999166 -0.001225123 0.000329397 -0.001457810 0.001226726 0.999987185 -0.004911482 0.014216641 -0.000323376 0.004911883 0.999987900 0.007486406
0.999999046 -0.001358108 0.000231627 -0.001366314 0.001359206 0.999987483 -0.004809530 0.012909982 -0.000225092 0.004809841 0.999988437 0.006481400
0.999998808 -0.001526922 0.000255913 -0.001243786 0.001528169 0.999986589 -0.004946756 0.011512324 -0.000248356 0.004947142 0.999987721 0.005740733
0.999998808 -0.001541251 -0.000003361 -0.000227136 0.001541230 0.999992847 -0.003446251 0.001843535 0.000008672 0.003446242 0.999994040 0.000198161
0.999998987 -0.001436097 0.000141956 -0.001181603 0.001436835 0.999984682 -0.005343351 0.009862679 -0.000134280 0.005343549 0.999985695 0.004776947
0.999998987 -0.001426792 -0.000111796 -0.001186561 0.001426174 0.999984682 -0.005342743 0.011041806 0.000119417 0.005342579 0.999985695 0.004977589
0.999998569 -0.001696186 -0.000002150 -0.000495605 0.001696153 0.999985218 -0.005161005 0.010614023 0.000010904 0.005160993 0.999986708 0.004510047
0.999999225 -0.001258002 -0.000050940 -0.001088575 0.001257738 0.999987304 -0.004879355 0.012541290 0.000057078 0.004879287 0.999988079 0.006382979
0.999999344 -0.001135182 0.000049778 -0.000851093 0.001135404 0.999988198 -0.004726897 0.011283688 -0.000044412 0.004726950 0.999988854 0.005332622
0.999999285 -0.001182593 -0.000020597 -0.000873550 0.001182481 0.999987900 -0.004776568 0.013255968 0.000026245 0.004776540 0.999988616 0.006244015
0.999998212 -0.001885100 -0.000172706 -0.000982439 0.001884322 0.999988556 -0.004397632 0.003270944 0.000180994 0.004397299 0.999990344 0.000711216
0.999997556 -0.001931214 -0.001056462 0.002858871 0.001931055 0.999998152 -0.000151611 -0.001132907 0.001056753 0.000149571 0.999999404 -0.002147469
0.999998450 -0.001762072 0.000059749 -0.000116405 0.001762375 0.999983311 -0.005503896 0.010379121 -0.000050050 0.005503993 0.999984860 0.003497566
0.999998689 -0.001620715 -0.000168243 -0.000090308 0.001619684 0.999980986 -0.005952545 0.012649820 0.000177887 0.005952265 0.999982297 0.004481800
0.999998212 -0.001856011 -0.000296568 0.000036800 0.001854380 0.999983668 -0.005406987 0.009311821 0.000306599 0.005406428 0.999985337 0.002508250
0.999998510 -0.001682301 0.000437306 -0.001340906 0.001684755 0.999982476 -0.005673374 0.015096526 -0.000427754 0.005674102 0.999983788 0.007743873
0.999998450 -0.001702122 0.000415957 -0.001290748 0.001704307 0.999984443 -0.005310136 0.012260009 -0.000406912 0.005310837 0.999985814 0.005923203
0.999998510 -0.001111929 -0.001342520 0.003659698 0.001105341 0.999987364 -0.004898184 0.007463938 0.001347950 0.004896692 0.999987125 0.005666202
0.999999046 -0.001383459 0.000123239 -0.000561461 0.001384052 0.999986827 -0.004947622 0.008083238 -0.000116393 0.004947788 0.999987781 0.006122899
0.999997556 -0.001396390 -0.001731203 0.004187415 0.001387522 0.999985993 -0.005112924 0.008797096 0.001738318 0.005110509 0.999985456 0.005287861
0.999996364 -0.002402035 -0.001248538 0.002967088 0.002396447 0.999987185 -0.004457676 0.004795524 0.001259230 0.004454668 0.999989271 0.004918068
0.999997616 -0.001869896 -0.001150514 0.003008320 0.001868193 0.999997139 -0.001479236 -0.012780893 0.001153277 0.001477083 0.999998271 -0.007856562
0.999994695 -0.002359460 -0.002239927 0.005067541 0.002345678 0.999978423 -0.006135584 0.006625575 0.002254355 0.006130298 0.999978662 0.002907604
0.999996126 -0.001606154 -0.002275791 0.004953057 0.001594058 0.999984622 -0.005307114 0.006159201 0.002284280 0.005303466 0.999983311 0.005038414
0.999993503 -0.002678360 -0.002421387 0.005568415 0.002666250 0.999983966 -0.004990496 0.002619431 0.002434715 0.004984008 0.999984622 0.001454936
0.999992728 -0.003604659 -0.001239441 0.001878563 0.003598450 0.999981165 -0.004976082 0.002515876 0.001257355 0.004971585 0.999986827 0.001151153
0.999996126 -0.002662011 -0.000826696 0.001216678 0.002657478 0.999981701 -0.005436433 0.000786752 0.000841153 0.005434215 0.999984860 0.000214731
0.999994099 -0.003243022 -0.001130610 0.001402529 0.003236636 0.999979079 -0.005605336 -0.000788837 0.001148764 0.005601644 0.999983668 -0.000859033
0.999990821 -0.002981272 -0.003079873 0.006362178 0.002964067 0.999980032 -0.005576069 -0.001831361 0.003096435 0.005566888 0.999979734 0.000460354
0.999989092 -0.003644528 -0.002911418 0.006684728 0.003627146 0.999975681 -0.005953582 -0.003489556 0.002933045 0.005942957 0.999978065 -0.000600718
0.999985754 -0.004279963 -0.003190750 0.006828549 0.004256895 0.999965012 -0.007201785 -0.004900683 0.003221461 0.007188100 0.999969006 -0.000433158
0.999984026 -0.004420552 -0.003530032 0.007444987 0.004391944 0.999957800 -0.008071394 -0.005622660 0.003565563 0.008055761 0.999961197 -0.001050679
0.999983728 -0.004520928 -0.003478491 0.006530222 0.004494024 0.999960244 -0.007703437 -0.007680206 0.003513180 0.007687679 0.999964297 -0.001927415
0.999978542 -0.006333125 -0.001685955 0.001373196 0.006309150 0.999883950 -0.013865162 0.003045266 0.001773569 0.013854226 0.999902427 -0.000277469
0.999975383 -0.006876954 -0.001399465 -0.000062848 0.006852821 0.999839127 -0.016574612 0.007080618 0.001513222 0.016564613 0.999861658 0.001607725
0.999971807 -0.007185244 -0.002194750 0.000945441 0.007147279 0.999832630 -0.016841715 -0.000930014 0.002315394 0.016825555 0.999855757 -0.003936037
0.999946177 -0.008763218 -0.005555531 0.002175790 0.008599462 0.999546885 -0.028844893 -0.005162446 0.005805787 0.028795566 0.999568462 -0.001205495
0.999860823 -0.013790267 -0.009392189 0.000919126 0.013320468 0.998740733 -0.048368651 -0.006362825 0.010047378 0.048236813 0.998785377 -0.003851628
0.999756634 -0.018659422 -0.011768461 -0.001501096 0.017850706 0.997697055 -0.065436512 -0.010263648 0.012962366 0.065210506 0.997787356 -0.005231049
0.999559343 -0.025492303 -0.015208101 -0.002111729 0.024200432 0.996516407 -0.079808280 -0.016357800 0.017189620 0.079405069 0.996694207 -0.010441119
0.999395370 -0.029737832 -0.018015206 -0.005195557 0.028089656 0.995924652 -0.085703626 -0.021914791 0.020490427 0.085145772 0.996157765 -0.015181637
0.999208808 -0.034646839 -0.019529346 -0.009611993 0.032809325 0.995612204 -0.087634847 -0.026297096 0.022479925 0.086924762 0.995961189 -0.017340276
0.999167085 -0.035475079 -0.020164732 -0.011288729 0.033607010 0.995689571 -0.086445332 -0.030544888 0.023144469 0.085695654 0.996052504 -0.023695935
0.999330223 -0.030907195 -0.019593492 -0.013948315 0.029317386 0.996615171 -0.076802656 -0.037898898 0.021900926 0.076176777 0.996853769 -0.031086326
0.999364495 -0.029699938 -0.019710494 -0.016304439 0.028503990 0.997885704 -0.058408845 -0.053465568 0.021403560 0.057809900 0.998098135 -0.040198769
0.999352336 -0.030154012 -0.019637644 -0.019702692 0.029130660 0.998300970 -0.050463684 -0.060247399 0.021125961 0.049858943 0.998532832 -0.048835449
0.999374211 -0.029668357 -0.019262258 -0.023846643 0.028915718 0.998850048 -0.038241550 -0.065966077 0.020374671 0.037660636 0.999082863 -0.057213407
0.999371529 -0.029971359 -0.018928988 -0.028399358 0.029532606 0.999298036 -0.023048023 -0.072390012 0.019606480 0.022474514 0.999555171 -0.065378889
0.999435127 -0.028106742 -0.018424870 -0.033728119 0.027993046 0.999587655 -0.006399881 -0.077853732 0.018597154 0.005880497 0.999809742 -0.073182620
0.999646306 -0.021696752 -0.015377594 -0.038813375 0.021693157 0.999764621 -0.000400534 -0.083677568 0.015382664 0.000066804 0.999881685 -0.080634132
0.999904275 -0.009915715 -0.009647956 -0.043951876 0.009852080 0.999929547 -0.006621106 -0.091995433 0.009712929 0.006525420 0.999931514 -0.087351806
0.999990821 0.000543676 -0.004251790 -0.050117113 -0.000617403 0.999849141 -0.017358247 -0.103585891 0.004241711 0.017360713 0.999840319 -0.092843354
0.999901593 0.013940528 0.001554451 -0.056895770 -0.013890684 0.999498725 -0.028449379 -0.116066918 -0.001950271 0.028424989 0.999594033 -0.098675251
0.999675930 0.024555733 0.006714189 -0.065277003 -0.024309279 0.999105275 -0.034607828 -0.131644920 -0.007558003 0.034433395 0.999378443 -0.102120645
0.999406934 0.032634113 0.010989594 -0.075014733 -0.032172058 0.998686373 -0.039880332 -0.148616999 -0.012276617 0.039503124 0.999144018 -0.110298537
0.999245465 0.036211345 0.014044648 -0.086690031 -0.035611849 0.998531938 -0.040813364 -0.164987966 -0.015501937 0.040282413 0.999068081 -0.118577167
0.999294460 0.034449175 0.014959374 -0.100114398 -0.033903286 0.998800516 -0.035328321 -0.179088235 -0.016158463 0.034796223 0.999263763 -0.126444638
0.999472141 0.029201159 0.014236821 -0.115494251 -0.028813122 0.999227107 -0.026738834 -0.190475926 -0.015006622 0.026314512 0.999541044 -0.133715227
0.999559879 0.025823843 0.014599882 -0.132961199 -0.025531594 0.999476671 -0.019861370 -0.201010197 -0.015105139 0.019479871 0.999696136 -0.139981300
0.999683261 0.021103913 0.013711371 -0.151752695 -0.020906018 0.999677479 -0.014419305 -0.209939301 -0.014011253 0.014128088 0.999801993 -0.144734129
0.999854267 0.012909598 0.011171187 -0.172064260 -0.012818850 0.999884546 -0.008157271 -0.219061434 -0.011275205 0.008012881 0.999904335 -0.149091601
0.999947250 0.005553466 0.008640504 -0.193435311 -0.005482650 0.999951363 -0.008197976 -0.229908720 -0.008685612 0.008150171 0.999929070 -0.154593661
0.999977410 -0.003286957 0.005861791 -0.215679780 0.003361823 0.999912322 -0.012808047 -0.238446429 -0.005819178 0.012827463 0.999900818 -0.151955545
0.999942303 -0.010167442 0.003461900 -0.238605678 0.010231739 0.999765396 -0.019091172 -0.251839519 -0.003266979 0.019125493 0.999811769 -0.156936198
0.999890685 -0.014714367 0.001449139 -0.262411207 0.014747479 0.999543369 -0.026373597 -0.266142219 -0.001060407 0.026392085 0.999651134 -0.160848886
0.999862492 -0.016553342 0.001005263 -0.286423504 0.016577587 0.999311805 -0.033182468 -0.280904114 -0.000455291 0.033194568 0.999448776 -0.164709836
0.999816060 -0.019178301 0.000014333 -0.311082214 0.019164864 0.999087036 -0.038180910 -0.296055645 0.000717925 0.038174160 0.999270856 -0.168358713
0.999772787 -0.021301420 -0.000754914 -0.335895002 0.021252213 0.998924077 -0.041219648 -0.311909705 0.001632139 0.041194241 0.999149799 -0.172042459
0.999790013 -0.020490691 0.000114366 -0.360541761 0.020477101 0.998890221 -0.042414609 -0.327176452 0.000754865 0.042408045 0.999100089 -0.176656380
0.999709368 -0.024089105 -0.000941066 -0.385425776 0.024027385 0.998807847 -0.042491708 -0.342793226 0.001963531 0.042456750 0.999096394 -0.181339383
0.999653816 -0.026296955 -0.000875343 -0.411692798 0.026236106 0.998753846 -0.042454321 -0.356570452 0.001990672 0.042416658 0.999098003 -0.174900055
0.999544501 -0.030112309 -0.002004043 -0.437170416 0.030003490 0.998690367 -0.041441347 -0.371494234 0.003249313 0.041362341 0.999138951 -0.179810554
0.999527216 -0.030686079 -0.001938153 -0.462530226 0.030577267 0.998643994 -0.042132873 -0.386079520 0.003228417 0.042053688 0.999110162 -0.184530646
0.999494016 -0.031732637 -0.002189238 -0.487826914 0.031614285 0.998634875 -0.041580610 -0.400267810 0.003505712 0.041490361 0.999132752 -0.189010397
0.999489546 -0.031886488 -0.001983031 -0.513279796 0.031774364 0.998602033 -0.042241514 -0.413998663 0.003327193 0.042156942 0.999105453 -0.193014130
0.999494433 -0.031762391 -0.001412918 -0.538916469 0.031673588 0.998592496 -0.042542089 -0.426899672 0.002762167 0.042475831 0.999093652 -0.197059572
0.999465346 -0.032662436 -0.001482185 -0.565383554 0.032574214 0.998627186 -0.041020513 -0.440550804 0.002819980 0.040950298 0.999157190 -0.201087788
0.999453008 -0.033045977 -0.001290181 -0.591032088 0.032966360 0.998630762 -0.040618263 -0.453170031 0.002630684 0.040553510 0.999173880 -0.206099272
0.999381602 -0.035138771 -0.001311254 -0.616446912 0.035062857 0.998651326 -0.038290706 -0.465623796 0.002654974 0.038221050 0.999265790 -0.210842490
0.999429643 -0.033762857 -0.000656152 -0.641312003 0.033710025 0.998639166 -0.039793253 -0.478831530 0.001998793 0.039748438 0.999207735 -0.215785503
0.999422908 -0.033968098 0.000027839 -0.666722298 0.033942990 0.998651862 -0.039271820 -0.488934219 0.001306188 0.039250102 0.999228537 -0.215736479
0.999380708 -0.035188541 -0.000068941 -0.692143679 0.035159998 0.998645127 -0.038363021 -0.501989305 0.001418786 0.038336840 0.999263883 -0.220194280
0.999361575 -0.035725817 0.000229946 -0.718066394 0.035709046 0.998649597 -0.037733510 -0.514797568 0.001118425 0.037717633 0.999287784 -0.224462241
0.999348879 -0.036079273 0.000312264 -0.743426800 0.036065377 0.998637497 -0.037714954 -0.527090967 0.001048890 0.037701663 0.999288499 -0.228761151
0.999370873 -0.035461064 0.000565081 -0.768598258 0.035457615 0.998682499 -0.037094414 -0.539516807 0.000751071 0.037091114 0.999311626 -0.232789621
0.999321401 -0.036834273 -0.000036641 -0.793472350 0.036806036 0.998593211 -0.038169194 -0.551807106 0.001442524 0.038141940 0.999271274 -0.235334903
0.999173403 -0.040633287 -0.001191153 -0.817798376 0.040560637 0.998480439 -0.037304386 -0.562631905 0.002705143 0.037225239 0.999303222 -0.240011394
0.999044299 -0.043641005 -0.002446322 -0.843676269 0.043523509 0.998391390 -0.036335878 -0.576333046 0.004028121 0.036194682 0.999336660 -0.244853362
0.998762965 -0.049470261 -0.005023054 -0.868478358 0.049268827 0.998191953 -0.034429166 -0.590484023 0.006717191 0.034139093 0.999394536 -0.245308876
0.998292029 -0.057767347 -0.008715583 -0.891720653 0.057444550 0.997783124 -0.033600193 -0.598655760 0.010637255 0.033042144 0.999397337 -0.250431508
0.997613728 -0.067889147 -0.012565036 -0.916643918 0.067414351 0.997111559 -0.034983221 -0.611648738 0.014903723 0.034052681 0.999308884 -0.255158395
0.996374309 -0.083211415 -0.017724225 -0.939331293 0.082530938 0.995931685 -0.036175497 -0.622378349 0.020662332 0.034581535 0.999188244 -0.259160221
0.994620502 -0.100844391 -0.023673080 -0.960897088 0.099809311 0.994142711 -0.041453283 -0.634095609 0.027714752 0.038867492 0.998859942 -0.261042327
0.992216825 -0.120767005 -0.030348966 -0.980716050 0.119297199 0.991778135 -0.046307288 -0.648165941 0.035691831 0.042326324 0.998466134 -0.263892055
0.989673793 -0.138554484 -0.036721244 -0.997555256 0.136691928 0.989393950 -0.049141657 -0.659894228 0.043140575 0.043614712 0.998116553 -0.268682957
0.987696469 -0.150972888 -0.040778462 -1.011758566 0.148747995 0.987454236 -0.052992307 -0.671241224 0.048267264 0.046274602 0.997761965 -0.272309333
0.985388100 -0.164160922 -0.045403741 -1.022586703 0.161554381 0.985266328 -0.056129150 -0.681689203 0.053948991 0.047973819 0.997390628 -0.278067589
0.983904839 -0.172236830 -0.047599670 -1.034974575 0.169288278 0.983721197 -0.060283534 -0.693171263 0.057207849 0.051255196 0.997045696 -0.282266974
0.982115269 -0.181448698 -0.050258927 -1.039473772 0.177988738 0.981787741 -0.066428989 -0.703607380 0.061397053 0.056295399 0.996524572 -0.286794543
0.981016755 -0.186950907 -0.051531330 -1.040218949 0.183014616 0.980414629 -0.072751798 -0.713572860 0.064123087 0.061939750 0.996017933 -0.292114437
0.980263233 -0.190659329 -0.052278385 -1.036734700 0.186350092 0.979407609 -0.077681407 -0.723068714 0.066012532 0.066406146 0.995606661 -0.298147619
0.979246020 -0.195212588 -0.054490753 -1.030158997 0.190614447 0.978424966 -0.079691194 -0.731495798 0.068871833 0.067650564 0.995329142 -0.305511147
0.978375554 -0.198684618 -0.057495583 -1.019082904 0.194187537 0.978059828 -0.075433463 -0.738433897 0.071221590 0.062637329 0.995491862 -0.313038945
0.977012336 -0.203978911 -0.061963949 -1.003971219 0.199704334 0.977437854 -0.068799824 -0.745248199 0.074599624 0.054843806 0.995704293 -0.321262538
0.975326061 -0.210719839 -0.065849833 -0.984873772 0.206689760 0.976373374 -0.063042283 -0.751589954 0.077578284 0.047876302 0.995836079 -0.330628693
0.972676337 -0.220862046 -0.071559079 -0.961464405 0.217040882 0.974469125 -0.057472877 -0.757784486 0.082425691 0.040371262 0.995779157 -0.339716494
0.969144464 -0.234010175 -0.077448726 -0.931496978 0.230434224 0.971676171 -0.052397005 -0.758629441 0.087516516 0.032933429 0.995618522 -0.347832769
0.965079844 -0.248103097 -0.084058218 -0.898498118 0.244754538 0.968386114 -0.048203614 -0.764471114 0.093360268 0.025946710 0.995294213 -0.357481122
0.961939871 -0.258344263 -0.089049935 -0.860192895 0.255205780 0.965830207 -0.045189194 -0.770280719 0.097681493 0.020743236 0.995001554 -0.367105722
0.960822761 -0.262088627 -0.090162195 -0.815982223 0.259050876 0.964856505 -0.044097748 -0.775514305 0.098551102 0.019013528 0.994950354 -0.376078874
0.961387157 -0.260428637 -0.088947527 -0.765961468 0.257436901 0.965301991 -0.043798264 -0.780348301 0.097267546 0.019208711 0.995072901 -0.384941012
0.965025365 -0.248105854 -0.084673353 -0.710372090 0.245504469 0.968568623 -0.040030327 -0.784081459 0.091943704 0.017842595 0.995604336 -0.392831802
0.971599698 -0.224213228 -0.075647138 -0.649753571 0.222002581 0.974359870 -0.036574356 -0.787295461 0.081907995 0.018741775 0.996463656 -0.400068134
0.979271770 -0.192090005 -0.064251438 -0.584081054 0.190402597 0.981201053 -0.031486042 -0.789204419 0.069091737 0.018599752 0.997436881 -0.406415194
0.986631870 -0.154856965 -0.050763227 -0.515806258 0.153663859 0.987763941 -0.026642561 -0.791909695 0.054267868 0.018485926 0.998355269 -0.413032979
0.991056502 -0.127252489 -0.040172081 -0.454301625 0.126495689 0.991747797 -0.020860292 -0.797846258 0.042495098 0.015592133 0.998974979 -0.428734809
0.993864179 -0.105972610 -0.031682190 -0.381890148 0.105380557 0.994234622 -0.019811669 -0.801283062 0.033599023 0.016351422 0.999301612 -0.434485883
0.995512307 -0.090932071 -0.026203725 -0.308913141 0.090481058 0.995737016 -0.017914664 -0.804948032 0.027721036 0.015463327 0.999496102 -0.439942747
0.995817304 -0.088072710 -0.024312753 -0.235533223 0.087682821 0.996009052 -0.016664026 -0.809175014 0.025683369 0.014462514 0.999565482 -0.444464326
0.995160341 -0.094796337 -0.025874747 -0.161811620 0.094376899 0.995391726 -0.016979253 -0.813708961 0.027365079 0.014455101 0.999520957 -0.448615432
0.994442701 -0.101535395 -0.027826173 -0.086760186 0.101068020 0.994721651 -0.017721076 -0.817678094 0.029478615 0.014810259 0.999455690 -0.452622801
0.992570221 -0.117222793 -0.032607172 -0.011303457 0.116642691 0.992989004 -0.019164171 -0.821931839 0.034625042 0.015218397 0.999284506 -0.457332551
0.991181433 -0.127625152 -0.035654023 0.065265529 0.126893237 0.991670251 -0.022096725 -0.826495230 0.038177133 0.017377609 0.999119878 -0.459598958
0.990172505 -0.134822488 -0.037166495 0.143573508 0.133888870 0.990640104 -0.026569497 -0.829888821 0.040400784 0.021332204 0.998955786 -0.461021692
0.989560604 -0.139217794 -0.037258014 0.221766159 0.137978554 0.989851475 -0.034000251 -0.833425939 0.041613340 0.028504502 0.998727083 -0.463471204
0.990665138 -0.132019103 -0.033964593 0.303378165 0.130652964 0.990632236 -0.039718755 -0.836544812 0.038890053 0.034910411 0.998633504 -0.465588778
0.991399050 -0.126999199 -0.031608809 0.386402994 0.125510514 0.991056740 -0.045317195 -0.839682281 0.037081372 0.040960185 0.998472452 -0.467120200
0.992820203 -0.116603158 -0.026679570 0.471495062 0.115000345 0.991825163 -0.055296600 -0.842454195 0.032909229 0.051831424 0.998113453 -0.469118148
0.994003415 -0.107443631 -0.020324068 0.556986868 0.105803847 0.991961896 -0.069405332 -0.845007956 0.027617862 0.066838771 0.997381508 -0.471182048
0.995174587 -0.097456656 -0.011387925 0.643646419 0.096189596 0.991912365 -0.082809269 -0.846846104 0.019366138 0.081314281 0.996500373 -0.474873751
0.995721042 -0.092405781 -0.000897453 0.731879652 0.091906711 0.991262197 -0.094616942 -0.847991705 0.009632763 0.094129600 0.995513380 -0.478047758
0.996221364 -0.085955359 0.012436710 0.820375025 0.086775891 0.991039574 -0.101540662 -0.848887205 -0.003597308 0.102236189 0.994753659 -0.484844327
0.996271551 -0.081745274 0.027581921 0.906477988 0.084145509 0.991267741 -0.101527438 -0.849398851 -0.019041682 0.103469789 0.994450331 -0.487513036
0.995827258 -0.079918720 0.044057611 0.994946361 0.083920754 0.991635740 -0.098060422 -0.846289039 -0.035852242 0.101348586 0.994204760 -0.494589299
0.994863272 -0.080421768 0.061476577 1.082308888 0.085764699 0.992253184 -0.089878216 -0.841535628 -0.053772163 0.094689056 0.994053602 -0.502739608
0.993397534 -0.082716011 0.079494968 1.168901205 0.088787027 0.993136466 -0.076137185 -0.834990621 -0.072651580 0.082692608 0.993923366 -0.511981249
0.991213441 -0.088650636 0.098168060 1.255768299 0.094982736 0.993557572 -0.061819073 -0.828186214 -0.092055321 0.070600167 0.993247926 -0.521826565
0.988616347 -0.094233051 0.117294110 1.343484879 0.100147501 0.993927896 -0.045582872 -0.819167256 -0.112286471 0.056810681 0.992050529 -0.529797912
0.985480547 -0.099562258 0.137533352 1.428752065 0.105102792 0.993893266 -0.033610046 -0.810351968 -0.133347169 0.047577187 0.989926755 -0.539473057
0.981613994 -0.106563933 0.158360600 1.512862802 0.111379839 0.993538141 -0.021827895 -0.799751699 -0.155011237 0.039064743 0.987140059 -0.548505068
0.977020979 -0.112368219 0.181117043 1.597025990 0.118162222 0.992761731 -0.021489453 -0.788670540 -0.177391335 0.042396840 0.983226717 -0.556673825
0.971948445 -0.119047113 0.202840000 1.672326684 0.125784978 0.991843462 -0.020609405 -0.782325029 -0.198732018 0.045545500 0.978994966 -0.563188851
0.967011333 -0.124216296 0.222394750 1.753282785 0.130905911 0.991273046 -0.015536495 -0.764394164 -0.218524024 0.044136751 0.974832892 -0.569789231
0.962244213 -0.129704341 0.239296645 1.833268762 0.136147723 0.990632653 -0.010522529 -0.743675709 -0.235690266 0.042704936 0.970889509 -0.575816274
0.957936525 -0.133430660 0.254074603 1.910945773 0.139458954 0.990211010 -0.005779050 -0.721548021 -0.250816375 0.040968936 0.967167377 -0.577283919
0.954000592 -0.139550507 0.265346050 1.988394499 0.144714773 0.989473403 0.000088751 -0.695907056 -0.262565255 0.038314816 0.964153230 -0.579973936
0.950803816 -0.141142786 0.275773108 2.064683676 0.145419300 0.989357531 0.004987606 -0.667629659 -0.273542166 0.035360496 0.961209834 -0.581467450
0.948005557 -0.144724891 0.283443481 2.139617920 0.149222508 0.988786757 0.005780000 -0.637416005 -0.281101674 0.036816675 0.958971500 -0.581397593
0.945815802 -0.147544086 0.289245933 2.214206457 0.150491089 0.988536656 0.012155382 -0.604879439 -0.287723631 0.032032177 0.957177639 -0.580120325
0.943690538 -0.153907046 0.292849392 2.291534185 0.153810814 0.987820745 0.023502767 -0.575344801 -0.292899936 0.022864059 0.955869675 -0.559653521
0.942433894 -0.155770227 0.295895278 2.362967253 0.151824549 0.987736404 0.036416017 -0.543078721 -0.297939062 0.010604475 0.954526007 -0.556866407
0.941880822 -0.151896030 0.299646616 2.435678720 0.143145680 0.988382697 0.051077630 -0.514551044 -0.303924024 -0.005215924 0.952682018 -0.551800847
0.941709101 -0.148132622 0.302060723 2.505686522 0.135051042 0.988778174 0.063866355 -0.487979591 -0.308131754 -0.019349923 0.951146901 -0.547809064
0.941777587 -0.146729678 0.302531689 2.574526787 0.128066272 0.988473058 0.080746584 -0.463463932 -0.310892373 -0.037301220 0.949712873 -0.544047773
0.942211509 -0.142003939 0.303434193 2.642269135 0.118609533 0.988454461 0.094284527 -0.443371594 -0.313319623 -0.052845784 0.948176205 -0.539331079
0.942847133 -0.134133667 0.305036753 2.708838701 0.107646056 0.988929093 0.102134943 -0.428247154 -0.315359443 -0.063461632 0.946847975 -0.533726335
0.943333209 -0.131665185 0.304609239 2.773823261 0.104599439 0.989103377 0.103602730 -0.419258326 -0.314930916 -0.065869935 0.946826100 -0.525462806
0.944143891 -0.131105527 0.302330405 2.839111805 0.104094036 0.989129484 0.103861846 -0.413124621 -0.312660784 -0.066589735 0.947527885 -0.514226854
0.944860876 -0.131431907 0.299939364 2.901904106 0.105092347 0.989177048 0.102393284 -0.408855796 -0.310150892 -0.065226078 0.948447168 -0.502410710
0.945603669 -0.134977922 0.295997798 2.962707520 0.108808808 0.988686383 0.103246808 -0.405553579 -0.306585014 -0.065423384 0.949592233 -0.486861408
0.946224511 -0.133181021 0.294825286 3.028389931 0.107779860 0.989044726 0.100866653 -0.400152326 -0.305028886 -0.063666277 0.950212598 -0.464737594
0.947228551 -0.127810374 0.293977112 3.088043213 0.103010021 0.989799380 0.098417863 -0.398238689 -0.303557187 -0.062941626 0.950732052 -0.444546521
0.948086619 -0.118346758 0.295170784 3.147632122 0.095161103 0.991223037 0.091767445 -0.397208691 -0.303440452 -0.058914710 0.951027334 -0.419721603
0.948740840 -0.105312020 0.297993571 3.204892397 0.084838703 0.993108153 0.080861725 -0.398814380 -0.304455549 -0.051435433 0.951136827 -0.394391418
0.949245691 -0.088730402 0.301760614 3.260672331 0.071286790 0.995110691 0.068358473 -0.401639372 -0.306350708 -0.043377440 0.950929880 -0.367211401
0.949491382 -0.072218999 0.305369616 3.313585997 0.056870300 0.996644080 0.058875471 -0.405588210 -0.308596730 -0.038535289 0.950412035 -0.338600218
0.949233711 -0.054922890 0.309740007 3.364584208 0.040795546 0.997818172 0.051909838 -0.410088956 -0.311915219 -0.036638554 0.949403226 -0.308528990
0.948875964 -0.042430624 0.312784284 3.413932085 0.029806411 0.998540640 0.045034617 -0.413998127 -0.314238697 -0.033409290 0.948755980 -0.273688167
