1.000000000 0.000000000 0.000000000 0.000000000 0.000000000 1.000000000 0.000000000 -0.000000507 0.000000000 0.000000000 1.000000000 -0.000000477
0.999984443 0.003441743 0.004386041 -0.000075021 -0.003460189 0.999985158 0.004204938 0.019242799 -0.004371504 -0.004220049 0.999981523 0.007117342
0.999969780 0.004473844 0.006356271 -0.000657292 -0.004563424 0.999889493 0.014149371 0.041905336 -0.006292267 -0.014177949 0.999879718 0.013444856
0.999972463 0.003981302 0.006263726 -0.000958551 -0.004149071 0.999626756 0.027003188 0.065544441 -0.006153880 -0.027028434 0.999615729 0.021174779
0.999981940 0.000329711 0.006002334 -0.002169968 -0.000550357 0.999322653 0.036795534 0.090749227 -0.005986136 -0.036798172 0.999304771 0.027418904
0.999977529 -0.000153376 0.006701679 -0.002800476 -0.000141503 0.999032497 0.043978140 0.117450714 -0.006701939 -0.043978103 0.999010026 0.036384132
0.999971867 -0.004391267 0.006082061 -0.003519811 0.004087727 0.998787880 0.049051199 0.142273337 -0.006290086 -0.049024958 0.998777747 0.043464489
0.999963522 -0.006867008 0.005082883 -0.004228461 0.006590414 0.998595655 0.052566718 0.167088851 -0.005436721 -0.052531298 0.998604476 0.049780738
0.999961495 -0.007737348 0.004141664 -0.004743918 0.007488841 0.998347044 0.056983478 0.190730289 -0.004575719 -0.056950271 0.998366535 0.056029953
0.999969184 -0.007014069 0.003531417 -0.005241395 0.006779860 0.998024583 0.062457353 0.211557016 -0.003962521 -0.062431484 0.998041391 0.060647290
0.999989033 -0.001052608 0.004557176 -0.006106419 0.000728883 0.997514069 0.070463821 0.230761230 -0.004620017 -0.070459723 0.997503936 0.064173892
0.999997973 -0.000342329 0.001977360 -0.007063183 0.000179304 0.996643424 0.081864774 0.248715878 -0.001998747 -0.081864253 0.996641457 0.066715971
0.999990165 0.003383649 0.002864451 -0.008026185 -0.003644093 0.995333850 0.096422315 0.265363574 -0.002524826 -0.096431807 0.995336413 0.069505103
0.999991775 0.003808561 0.001406516 -0.008624997 -0.003944082 0.993472338 0.114004850 0.277227849 -0.000963140 -0.114009455 0.993479192 0.070763841
0.999991536 0.003997975 0.000994221 -0.009433654 -0.004093835 0.991354287 0.131148472 0.283644706 -0.000461297 -0.131151423 0.991362214 0.071820900
0.999996066 0.002563392 -0.001133891 -0.010842595 -0.002372557 0.989493608 0.144557193 0.282409400 0.001492535 -0.144553944 0.989495814 0.068787940
0.999990106 0.002251728 -0.003843202 -0.011772056 -0.001652888 0.988796830 0.149258345 0.272320718 0.004136235 -0.149250507 0.988790751 0.064562440
0.999984801 0.003435891 -0.004318694 -0.012225276 -0.002763702 0.989131272 0.147009254 0.254494607 0.004776862 -0.146995068 0.989125669 0.059499208
0.999994755 0.002528950 -0.002025175 -0.012378847 -0.002223593 0.990330338 0.138711557 0.229161993 0.002356387 -0.138706312 0.990330756 0.055293348
0.999924600 0.011594143 0.004039137 -0.013073519 -0.012016749 0.991655231 0.128357127 0.198791668 -0.002517241 -0.128395990 0.991719782 0.048771791
0.999792814 0.017432040 0.010511487 -0.013123835 -0.018533165 0.993094921 0.115840308 0.162580743 -0.008419572 -0.116011120 0.993212223 0.040361080
0.999476910 0.024409369 0.021215787 -0.014215140 -0.026434444 0.994525135 0.101098575 0.124686696 -0.018631881 -0.101606511 0.994650185 0.033156347
0.998978019 0.032139599 0.031779405 -0.014312655 -0.034766652 0.995697081 0.085898854 0.085412495 -0.028881906 -0.086915933 0.995796919 0.025341988
0.998660803 0.036747240 0.036417097 -0.016036540 -0.039256908 0.996719062 0.070781574 0.045870338 -0.033696584 -0.072116405 0.996826828 0.016944958
0.998596132 0.038455248 0.036427591 -0.017485101 -0.040434606 0.997653186 0.055255916 0.012717522 -0.034217220 -0.056651276 0.997807503 0.010676236
0.998769045 0.036243524 0.033864997 -0.018075891 -0.037670728 0.998385966 0.042501979 -0.022560734 -0.032269917 -0.043725379 0.998522282 0.001720663
0.998813629 0.034120105 0.034743872 -0.018601727 -0.035142004 0.998954535 0.029239062 -0.053909630 -0.033709910 -0.030425344 0.998968422 -0.004524638
0.998966038 0.028348699 0.035542186 -0.019204818 -0.028844271 0.999492645 0.013508698 -0.082753949 -0.035141196 -0.014519919 0.999276876 -0.011220518
0.999032676 0.024671813 0.036401059 -0.019311704 -0.024606081 0.999694705 -0.002252747 -0.108570315 -0.036445525 0.001354880 0.999334693 -0.018032914
0.999140382 0.020274140 0.036158416 -0.018035019 -0.019541558 0.999598861 -0.020499958 -0.128936619 -0.036559533 0.019775743 0.999135792 -0.022053935
0.999139905 0.021940567 0.035185840 -0.017484352 -0.020706072 0.999170184 -0.035073686 -0.146993354 -0.035926182 0.034314957 0.998765111 -0.030254962
0.999097288 0.022275157 0.036172323 -0.016934987 -0.020622984 0.998754919 -0.045423076 -0.155396983 -0.037139095 0.044636093 0.998312712 -0.033426233
0.998845041 0.027028836 0.039724410 -0.013920642 -0.025071532 0.998485506 -0.048970517 -0.152535051 -0.040987864 0.047918003 0.998009920 -0.032543831
0.998284936 0.037815511 0.044689324 -0.011147530 -0.036309965 0.998760879 -0.034034129 -0.126637131 -0.045920964 0.032353092 0.998421013 -0.027894905
0.998253524 0.035702974 0.047065884 -0.010860717 -0.034762852 0.999182343 -0.020644356 -0.105926655 -0.047764465 0.018972155 0.998678446 -0.023771241
0.998430490 0.033172328 0.045123618 -0.008741423 -0.032859478 0.999430656 -0.007657537 -0.078631468 -0.045351949 0.006162780 0.998952091 -0.016270641
0.998675168 0.029847777 0.041916478 -0.002396965 -0.030285409 0.999492824 0.009844524 -0.019137306 -0.041601378 -0.011100939 0.999072611 0.005575051
0.998873234 0.026633726 0.039279673 -0.000455043 -0.027165012 0.999545693 0.013054510 0.013140271 -0.038914140 -0.014106833 0.999143004 0.014084016
0.999010205 0.028078079 0.034499358 -0.001868303 -0.028659202 0.999453604 0.016466880 0.047066916 -0.034018148 -0.017439304 0.999269068 0.017952824
0.999124765 0.026766043 0.032144941 -0.000343297 -0.027465247 0.999391317 0.021510610 0.079329804 -0.031549618 -0.022374650 0.999251723 0.024795197
0.999323606 0.022600139 0.029009419 -0.000773071 -0.023500709 0.999240339 0.031087885 0.112162374 -0.028284790 -0.031748600 0.999095619 0.032695469
0.999238193 0.019950507 0.033541311 -0.000476226 -0.021438153 0.998775125 0.044594262 0.143351391 -0.032610547 -0.045279350 0.998441935 0.040151261
0.999161541 0.016640123 0.037407737 -0.000179261 -0.018870927 0.998014271 0.060095169 0.174127743 -0.036333468 -0.060750701 0.997491479 0.047267690
0.999032795 0.018008562 0.040113945 -0.000526361 -0.021702552 0.995369256 0.093643084 0.223458931 -0.038241807 -0.094423085 0.994797409 0.057171036
0.999203801 0.016533745 0.036309768 -0.001858082 -0.020393508 0.993871450 0.108644404 0.238119051 -0.034290943 -0.109298386 0.993417323 0.058952656
0.999345243 0.018292820 0.031216424 -0.004354896 -0.022110002 0.991696775 0.126683190 0.248274520 -0.028639834 -0.127290443 0.991451919 0.060616285
0.999433339 0.018292053 0.028255070 -0.005920066 -0.021787064 0.991430461 0.128805980 0.238811687 -0.025656810 -0.129348591 0.991267204 0.058785859
0.999514818 0.016975842 0.026113834 -0.008409038 -0.020088062 0.992084980 0.123951070 0.218915015 -0.023802970 -0.124415509 0.991944671 0.052513815
0.999539077 0.016947117 0.025188593 -0.010650873 -0.019651759 0.993589282 0.111329228 0.194937080 -0.023140406 -0.111772910 0.993464291 0.046068318
0.999409258 0.019908059 0.028014505 -0.013155699 -0.022160996 0.996340156 0.082553841 0.137378290 -0.026268492 -0.083125897 0.996192753 0.034106568
0.999295890 0.020732867 0.031271417 -0.014415069 -0.022953575 0.997110605 0.072412804 0.104840316 -0.029679734 -0.073079601 0.996884406 0.025650421
0.998997748 0.025075840 0.037077334 -0.014611049 -0.027486948 0.997439802 0.066017665 0.072719060 -0.035326961 -0.066970639 0.997129321 0.018124305
0.998700857 0.024098588 0.044898633 -0.014310044 -0.026618211 0.998053789 0.056392416 0.008106509 -0.043452274 -0.057514273 0.997398615 0.001910693
0.998563409 0.020620270 0.049456693 -0.013721501 -0.023125758 0.998449445 0.050634991 -0.026478315 -0.048335902 -0.051705975 0.997491896 -0.005639163
0.998320341 0.015734034 0.055758107 -0.012735465 -0.018041557 0.998991072 0.041125767 -0.058672167 -0.055054780 -0.042062655 0.997596979 -0.011650976
0.997836411 0.011152456 0.064793199 -0.010760860 -0.012980836 0.999527335 0.027866581 -0.090986371 -0.064451799 -0.028647358 0.997509539 -0.018231329
0.997449577 0.006438954 0.071083426 -0.008781783 -0.007277546 0.999906898 0.011544618 -0.120397285 -0.071002468 -0.012032487 0.997403562 -0.025816971
0.997192621 0.006352257 0.074609250 -0.007295452 -0.005957474 0.999967039 -0.005512721 -0.146313712 -0.074641809 0.005052763 0.997197628 -0.032708738
0.996919990 0.006254103 0.078175373 -0.006216796 -0.004538226 0.999745309 -0.022107493 -0.166349292 -0.078293718 0.021684624 0.996694446 -0.038720254
0.996942103 0.008516765 0.077678137 -0.004187379 -0.005863750 0.999393761 -0.034318306 -0.178274170 -0.077923320 0.033757880 0.996387661 -0.043883000
0.996781886 0.010801695 0.079430342 -0.003047220 -0.007721681 0.999210060 -0.038981717 -0.183434591 -0.079788670 0.038242932 0.996077955 -0.046102222
0.996243715 0.019187247 0.084441125 -0.001579444 -0.016104316 0.999183953 -0.037040792 -0.169109955 -0.085082933 0.035541788 0.995739758 -0.042415936
0.996352851 0.020644015 0.082793623 -0.001293689 -0.017936522 0.999283969 -0.033313297 -0.151389465 -0.083422065 0.031706773 0.996009767 -0.037274700
0.996503592 0.020416752 0.081016697 -0.000676561 -0.018102653 0.999409795 -0.029195726 -0.129339725 -0.081564955 0.027627029 0.996285081 -0.030102169
0.996610641 0.021530459 0.079395920 0.000865894 -0.019639717 0.999506414 -0.024518637 -0.102945022 -0.079884633 0.022876220 0.996541560 -0.021576677
0.996999979 0.019665360 0.074861676 0.002692454 -0.018235814 0.999638975 -0.019731790 -0.073871508 -0.075222686 0.018307433 0.996998668 -0.012505388
0.997255027 0.023360640 0.070261642 0.004995640 -0.022484783 0.999659657 -0.013230940 -0.041874401 -0.070546806 0.011614805 0.997440875 -0.003598462
0.997443974 0.024371719 0.067168280 0.007323246 -0.023969417 0.999689639 -0.006788983 -0.009583643 -0.067312896 0.005161646 0.997718573 0.005990795
0.997393548 0.027601078 0.066665642 0.009382484 -0.027814303 0.999610543 0.002272192 0.024146451 -0.066576965 -0.004120528 0.997772813 0.017245170
0.996972084 0.030369805 0.071584545 0.011625941 -0.031396508 0.999419034 0.013260968 0.058246620 -0.071140222 -0.015468320 0.997346401 0.027606135
0.997878313 0.018583862 0.062397547 0.012852797 -0.021819966 0.998430014 0.051588323 0.123730741 -0.061340876 -0.052840386 0.996717215 0.043746784
0.998253763 0.010421165 0.058144480 0.012388595 -0.014763634 0.997092128 0.074761890 0.153802618 -0.057196297 -0.075489767 0.995504856 0.050037052
0.998346567 0.004522253 0.057303004 0.012483292 -0.009973086 0.995408416 0.095197603 0.180547073 -0.056609385 -0.095611691 0.993807733 0.055689316
0.998229504 0.009521315 0.058713134 0.013186064 -0.016557105 0.992570519 0.120538846 0.225819543 -0.057129238 -0.121297553 0.990970790 0.064752921
0.998299658 0.015993653 0.056053538 0.012924885 -0.022998380 0.991681993 0.126640633 0.243661225 -0.053561840 -0.127714440 0.990363657 0.066474602
0.998828709 0.021836758 0.043178719 0.010158822 -0.027267523 0.991206884 0.129481405 0.260126621 -0.039971586 -0.130507112 0.990641296 0.066110671
0.999076366 0.021547427 0.037176549 0.008448393 -0.026197726 0.991230845 0.129518628 0.257693440 -0.034059748 -0.130372941 0.990879834 0.064837754
0.999201894 0.022381729 0.033085633 0.007663900 -0.026498022 0.991195202 0.129730389 0.248012826 -0.029890729 -0.130503550 0.990997136 0.062875263
0.999207973 0.023920953 0.031799134 0.006745302 -0.027844135 0.991216063 0.129288122 0.231083483 -0.028427117 -0.130071148 0.991097093 0.059446570
0.999204040 0.024250964 0.031673241 0.004629279 -0.027951384 0.992116094 0.122165129 0.182917461 -0.028460911 -0.122953206 0.992004275 0.049602471
0.999045134 0.027294938 0.034114927 0.004539098 -0.031160444 0.992469609 0.118461162 0.153864920 -0.030624641 -0.119411081 0.992372453 0.044784240
0.998535156 0.034062102 0.042039916 0.005230959 -0.038687937 0.992653668 0.114638433 0.122334212 -0.037826248 -0.116096944 0.992517352 0.038096555
0.998069465 0.038951002 0.048375264 0.005717073 -0.043966293 0.993247986 0.107356697 0.087948807 -0.043866985 -0.109276325 0.993043005 0.030803844
0.997810841 0.040875547 0.051987480 0.005549788 -0.045792840 0.994209826 0.097210445 0.051930673 -0.047712933 -0.099378295 0.993905127 0.024570346
0.997691691 0.039380867 0.055321667 0.005171187 -0.043934036 0.995525777 0.083655372 0.014862552 -0.051779728 -0.085892767 0.994957924 0.018310159
0.997079194 0.035740819 0.067495547 0.004015245 -0.038855065 0.998212755 0.045405008 -0.058281083 -0.065752096 -0.047894932 0.996685863 0.006362484
0.996615589 0.035832781 0.073981903 0.002479779 -0.037669081 0.999012113 0.023576155 -0.093622603 -0.073064022 -0.026283193 0.996980846 0.000839541
0.996058345 0.035155635 0.081436120 0.001760532 -0.035559054 0.999361396 0.003508380 -0.124459848 -0.081260778 -0.006390342 0.996672392 -0.006140884
0.995736659 0.036325298 0.084787801 0.000989308 -0.035453826 0.999302089 -0.011761963 -0.153311133 -0.085155889 0.008705767 0.996329606 -0.015190119
0.995742261 0.032013960 0.086443260 -0.000218598 -0.029941849 0.999234855 -0.025162173 -0.176447749 -0.087182656 0.022466769 0.995938957 -0.022415055
0.995921910 0.029161246 0.085376523 -0.001579929 -0.026301568 0.999060929 -0.034430459 -0.194098786 -0.086300381 0.032044515 0.995753706 -0.028717516
0.995976567 0.022226205 0.086813748 -0.000641314 -0.018741550 0.998993576 -0.040750366 -0.203580946 -0.087632105 0.038959388 0.995390773 -0.036742151
0.995706081 0.019722555 0.090445556 -0.001023076 -0.016155057 0.999068797 -0.040007502 -0.207321405 -0.091150381 0.038374558 0.995097458 -0.037566554
0.995397627 0.016158227 0.094458833 -0.000959484 -0.013196473 0.999404073 -0.031896017 -0.194297060 -0.094917923 0.030502696 0.995017648 -0.032737970
0.994940221 0.014737863 0.099381618 -0.000070030 -0.012187805 0.999581933 -0.026217772 -0.178931251 -0.099726461 0.024873873 0.994703948 -0.027626222
0.993501663 0.021733124 0.111723416 0.001191905 -0.020391122 0.999705732 -0.013140609 -0.135241896 -0.111976124 0.010777052 0.993652463 -0.008080116
0.992206454 0.036770895 0.119055763 0.007356111 -0.036974318 0.999316096 -0.000500546 -0.085391514 -0.118992746 -0.003905360 0.992887437 0.008658665
0.991949558 0.040797744 0.119881496 0.010445577 -0.041874919 0.999101877 0.006478974 -0.059607942 -0.119509503 -0.011446843 0.992767096 0.016794423
0.993153691 0.044723492 0.107914671 0.016733544 -0.047827389 0.998508096 0.026346551 -0.007699403 -0.106575370 -0.031327453 0.993811011 0.028765796
0.995425999 0.046277877 0.083579011 0.016751844 -0.050646763 0.997417152 0.050930899 0.038691550 -0.081006162 -0.054930944 0.995198786 0.031057358
0.996677876 0.040575966 0.070617162 0.018599696 -0.045169413 0.996881008 0.064714335 0.057099901 -0.067771055 -0.067689084 0.995402038 0.029644474
0.997697234 0.034975279 0.058112063 0.018374899 -0.039561022 0.996030867 0.079733290 0.071912155 -0.055092715 -0.081848659 0.995120883 0.026195899
0.998942077 0.020838063 0.040993333 0.018185405 -0.025311433 0.993405700 0.111823231 0.090396635 -0.038392834 -0.112742528 0.992882252 0.018164061
0.999567449 0.007540244 0.028427152 0.015986269 -0.011662555 0.988953650 0.147765756 0.099612191 -0.026998946 -0.148033381 0.988613784 0.009654017
0.999583066 0.002573272 0.028758900 0.015792524 -0.007399892 0.985586047 0.169012949 0.100416593 -0.027909456 -0.169155285 0.985194147 0.005483389
0.999383450 -0.002629198 0.035010900 0.015605392 -0.004176673 0.981207907 0.192908183 0.100419804 -0.034860168 -0.192935482 0.980592012 0.002334470
0.998087406 -0.010551193 0.060911138 0.014671497 -0.004305338 0.971069455 0.238758400 0.098903008 -0.061668132 -0.238564000 0.969166815 -0.002667812
0.996937752 -0.022015823 0.075036213 0.009661398 0.000595834 0.961661756 0.274237752 0.095859706 -0.078197032 -0.273353279 0.958729982 -0.010584891
0.996775329 -0.025874764 0.075956553 0.007208841 0.002520536 0.956213474 0.292659253 0.095127739 -0.080203176 -0.291524082 0.953195214 -0.015276785
0.996301472 -0.037391488 0.077364720 0.004570286 0.009620097 0.943233490 0.331990927 0.094477408 -0.085386626 -0.330018789 0.940104604 -0.025453484
0.996061146 -0.044048000 0.076954558 0.004152634 0.014225774 0.936026871 0.351640910 0.094489828 -0.087520614 -0.349161118 0.932966590 -0.031437024
0.996030927 -0.045067623 0.076754972 0.004444016 0.013557682 0.929094315 0.369594336 0.095903665 -0.087969348 -0.367086768 0.926017642 -0.037625305
0.996106684 -0.044296682 0.076218933 0.005762430 0.011534380 0.922645330 0.385477096 0.096514389 -0.087398395 -0.383097142 0.919564068 -0.043333448
0.996641934 -0.041847877 0.070382074 0.011089057 0.009806247 0.914353967 0.404797018 0.094835781 -0.081294030 -0.402747512 0.911693871 -0.051996022
0.996593118 -0.043466963 0.070090957 0.015377020 0.011306798 0.913827777 0.405944586 0.092632860 -0.081696235 -0.403769076 0.911205947 -0.053686276
0.997016013 -0.043692429 0.063639760 0.024068443 0.015110373 0.918916523 0.394162595 0.088745132 -0.075701550 -0.392024815 0.916834712 -0.054576486
0.997261167 -0.043240719 0.060002908 0.028894616 0.016743427 0.922216833 0.386310428 0.086787313 -0.072040036 -0.384247750 0.920415103 -0.053145111
0.997455537 -0.041052520 0.058284923 0.032590117 0.015919697 0.925177515 0.379200667 0.086134091 -0.069491044 -0.377307922 0.923476994 -0.051441632
0.997784853 -0.036180176 0.055824697 0.034682538 0.012718095 0.927438736 0.373758852 0.085926428 -0.065296650 -0.372220933 0.925844431 -0.049415700
0.998096466 -0.033201456 0.051972084 0.035542879 0.011677124 0.929213524 0.369358838 0.085560285 -0.060556412 -0.368048847 0.927832425 -0.047167644
0.998481035 -0.026683804 0.048203647 0.036561832 0.007128966 0.930111468 0.367208213 0.084950171 -0.054633275 -0.366306812 0.928888857 -0.044648249
0.998662114 -0.023920469 0.045845445 0.037436850 0.005349910 0.929612577 0.368499398 0.084159151 -0.051433180 -0.367761135 0.928496838 -0.042244580
0.998924255 -0.016313555 0.043407176 0.042114265 -0.001268664 0.926109791 0.377251983 0.083417319 -0.046354134 -0.376901209 0.925092816 -0.037489731
0.998959363 -0.016745148 0.042424232 0.051645529 -0.000723328 0.924231112 0.381832868 0.081516214 -0.045603640 -0.381466180 0.923257232 -0.031493638
0.998879135 -0.019046549 0.043333057 0.059154749 0.000996827 0.923732162 0.383037806 0.080465637 -0.047323685 -0.382565260 0.922715724 -0.028165679
0.998734117 -0.021436546 0.045504883 0.068660900 0.002290185 0.923086643 0.384585142 0.079202868 -0.050249130 -0.383994102 0.921967208 -0.024622312
0.998591363 -0.024365988 0.047133964 0.079702057 0.004276631 0.922393680 0.386227399 0.078038231 -0.052886885 -0.385481745 0.921198606 -0.021323726
0.998435736 -0.028420873 0.048149060 0.092369922 0.007483800 0.921351612 0.388658136 0.076606259 -0.055408221 -0.387689859 0.920123100 -0.019139860
0.998266757 -0.033013910 0.048719324 0.106688254 0.011367621 0.920413852 0.390780121 0.075411886 -0.057743125 -0.389548987 0.919193864 -0.016660780
0.998074651 -0.036973871 0.049798805 0.122734338 0.014513429 0.919825852 0.392058402 0.074162662 -0.060302142 -0.390580803 0.918591499 -0.014496284
0.997352064 -0.045873329 0.056431223 0.158313006 0.020475162 0.921693563 0.387377977 0.070421815 -0.069782615 -0.385196805 0.920192301 -0.009599070
0.996083379 -0.056662772 0.067876875 0.196216613 0.027342800 0.927442193 0.372965604 0.066430539 -0.084085137 -0.369648904 0.925359070 -0.004429384
0.995305121 -0.061534531 0.074707441 0.215252429 0.029838419 0.929361880 0.367962211 0.064299561 -0.092072628 -0.364005536 0.926834702 -0.002117045
0.994509757 -0.066861652 0.080497600 0.233778328 0.032858819 0.929875672 0.366403520 0.063106239 -0.099351101 -0.361746848 0.926967382 -0.000091710
0.992731452 -0.074160784 0.094786346 0.269078881 0.033283141 0.926042497 0.375948846 0.064010940 -0.115656838 -0.370061457 0.921779811 0.003217102
0.991561592 -0.076707840 0.104505897 0.285834074 0.030615499 0.921906352 0.386201113 0.065959536 -0.125969306 -0.379742712 0.916475415 0.004897349
0.989970863 -0.085791633 0.112238519 0.312929481 0.033754297 0.915119290 0.401767701 0.069519736 -0.137179941 -0.393949777 0.908837318 0.007550094
0.989857137 -0.085404664 0.113529220 0.323969543 0.032338541 0.913603485 0.405318260 0.071344286 -0.138336763 -0.397535801 0.907098770 0.008654994
0.990022600 -0.085067488 0.112333141 0.333177686 0.032422312 0.913339615 0.405905932 0.073128507 -0.137127697 -0.398213953 0.906984925 0.009733477
0.990361392 -0.086729780 0.107991904 0.345418394 0.036425203 0.915324926 0.401065409 0.075442456 -0.133631989 -0.393266082 0.909661651 0.009773951
0.990720034 -0.086792447 0.104598537 0.347743839 0.038335569 0.916759372 0.397596121 0.076533377 -0.130400032 -0.389896631 0.911579132 0.010653595
0.990682065 -0.088971965 0.103116781 0.348080993 0.041350640 0.917879164 0.394699842 0.077413872 -0.129765958 -0.386758119 0.913005471 0.010936231
0.990586996 -0.090320133 0.102857620 0.346395463 0.042829506 0.918197572 0.393800527 0.078151122 -0.130011722 -0.385688335 0.913422942 0.010740396
0.990293503 -0.088874683 0.106864572 0.343234509 0.039802175 0.917986035 0.394610524 0.078457013 -0.133171067 -0.386526823 0.912613034 0.010052589
0.990141273 -0.087713674 0.109208807 0.337678283 0.037829697 0.918140888 0.394444108 0.077597328 -0.134867221 -0.386424065 0.912407398 0.008698589
0.990428090 -0.086709157 0.107394971 0.319631696 0.037848759 0.918841660 0.392807156 0.075183690 -0.132738948 -0.384982497 0.913328469 0.004321852
0.990841031 -0.087030485 0.103246070 0.307652920 0.039649885 0.918405890 0.393647760 0.074946977 -0.129081160 -0.385948628 0.913444996 0.001500789
0.992146492 -0.081875935 0.094560236 0.279565990 0.037599239 0.916248024 0.398843199 0.076625854 -0.119296283 -0.392155498 0.912130713 -0.004132031
0.992660403 -0.080781430 0.089998081 0.263176262 0.038221538 0.915603578 0.400261432 0.077392459 -0.114736259 -0.393883795 0.911971033 -0.005995026
0.993257463 -0.079574868 0.084306046 0.244912565 0.039395500 0.915624499 0.400099695 0.077727519 -0.109030560 -0.394080698 0.912585735 -0.009043086
0.993893564 -0.076605394 0.079418115 0.225729451 0.038777824 0.916317105 0.398571581 0.077809364 -0.103304900 -0.393058032 0.913692236 -0.011585609
0.994538009 -0.072943002 0.074655637 0.204636872 0.037707657 0.918052137 0.394662440 0.077889629 -0.097325623 -0.389691710 0.915788233 -0.014122276
0.995218456 -0.069082111 0.069050029 0.183326095 0.036842100 0.920226395 0.389648587 0.077127807 -0.090459406 -0.385241538 0.918371439 -0.017397780
0.995909035 -0.063794129 0.063995712 0.161557794 0.034398478 0.922553122 0.384333849 0.076151825 -0.083557688 -0.380560219 0.920973420 -0.020701490
0.996722698 -0.058137551 0.056248322 0.115769275 0.032719091 0.925652027 0.376958549 0.073384553 -0.073981822 -0.373882771 0.924520612 -0.026591776
0.997106373 -0.055264518 0.052199263 0.092848763 0.031542361 0.925529718 0.377359062 0.072124727 -0.069166534 -0.374620646 0.924594700 -0.029508604
0.998010695 -0.047827568 0.041075181 0.044004016 0.028325740 0.922230542 0.385601491 0.071055032 -0.056323167 -0.383670956 0.921750665 -0.035482999
0.998386681 -0.042765014 0.037352189 0.019916845 0.024905181 0.920997500 0.388771623 0.073025346 -0.051027097 -0.387214154 0.920576692 -0.036985021
0.998611569 -0.037374612 0.037123006 -0.004571529 0.020097744 0.921719551 0.387335986 0.075772122 -0.048693534 -0.386052102 0.921190917 -0.038823619
0.998741388 -0.035785466 0.035143238 -0.028748399 0.019482173 0.922445416 0.385635674 0.077380396 -0.046217870 -0.384465635 0.921981633 -0.040409729
0.999055505 -0.031633679 0.029789299 -0.076341651 0.017928481 0.924584568 0.380554914 0.081091255 -0.039581075 -0.379661381 0.924278438 -0.043438587
0.999209702 -0.029015899 0.027168026 -0.099676169 0.016596779 0.925598323 0.378143251 0.082962513 -0.036118843 -0.377393484 0.925348401 -0.045100566
0.999351561 -0.026673323 0.024186416 -0.122646227 0.015588192 0.926020205 0.377151936 0.084187053 -0.032457005 -0.376530379 0.925835550 -0.048238322
0.999710619 -0.021913636 0.009922929 -0.166624740 0.016472895 0.924236417 0.381465286 0.089896291 -0.017530423 -0.381191462 0.924329937 -0.051314816
0.999830186 -0.018244315 0.002606001 -0.186107010 0.015808817 0.921715617 0.387544006 0.093161851 -0.009472467 -0.387437016 0.921847522 -0.052429114
0.999789298 -0.014069966 -0.014947623 -0.220871434 0.018846435 0.917756677 0.396695763 0.099826999 0.008136785 -0.396893889 0.917828441 -0.054305628
0.999633849 -0.012457226 -0.024020115 -0.235544920 0.020953357 0.918061316 0.395884335 0.102192566 0.017120318 -0.396242678 0.917986214 -0.055652473
0.999313831 -0.008847929 -0.035966016 -0.258583069 0.021993164 0.923072994 0.383995533 0.103266366 0.029801695 -0.384523034 0.922634244 -0.059481516
0.999092579 -0.008574203 -0.041719738 -0.265558064 0.023705963 0.925726771 0.377449274 0.103035964 0.035384756 -0.378095746 0.925090015 -0.060390972
0.999022782 -0.005393690 -0.043867450 -0.269829899 0.021345574 0.927980065 0.372017980 0.102091901 0.038701568 -0.372590840 0.927188396 -0.062431373
0.999299228 -0.003069560 -0.037305351 -0.261084884 0.016888633 0.926396549 0.376170456 0.100623816 0.033404876 -0.376536846 0.925799191 -0.063692644
0.999487162 -0.002599554 -0.031916615 -0.252489924 0.014466085 0.925853968 0.377604544 0.099986888 0.028568521 -0.377872586 0.925416768 -0.065284804
0.999701440 -0.003434713 -0.024192195 -0.241012365 0.012312755 0.925995111 0.377334625 0.098875627 0.021105818 -0.377519816 0.925760984 -0.066552758
0.999848723 -0.003050048 -0.017124256 -0.227014124 0.009253477 0.926898360 0.375198334 0.097175501 0.014728072 -0.375300020 0.926786363 -0.068109363
0.999951065 -0.002998280 -0.009428062 -0.211006835 0.006293151 0.928086340 0.372311950 0.095372982 0.007633759 -0.372353077 0.928059757 -0.069294944
0.999986410 -0.004229758 -0.003045544 -0.193429455 0.005054942 0.929454923 0.368901163 0.093566678 0.001270334 -0.368911535 0.929463625 -0.071435787
0.999976814 -0.005784021 0.003594171 -0.174339801 0.004059789 0.930103958 0.367273957 0.091882460 -0.005467273 -0.367250830 0.930105865 -0.072134621
0.999927104 -0.007462495 0.009489154 -0.154251322 0.003450131 0.929918468 0.367749631 0.090571731 -0.011568470 -0.367690086 0.929876447 -0.072355665
0.999748290 -0.015689792 0.016036540 -0.111130722 0.008515166 0.926669419 0.375780970 0.089304529 -0.020756494 -0.375549823 0.926569760 -0.071274661
0.999517441 -0.023467436 0.020352012 -0.064866029 0.013764210 0.921940267 0.387087464 0.088960394 -0.027847288 -0.386620522 0.921818376 -0.066819318
0.999437690 -0.024150612 0.023261046 -0.038992330 0.013179118 0.920816004 0.389774561 0.088778265 -0.030832438 -0.389248848 0.920616508 -0.063674189
0.999410927 -0.024813471 0.023709482 -0.015159094 0.013613103 0.920784354 0.389834464 0.088670649 -0.031504467 -0.389282048 0.920579672 -0.062134884
0.999403417 -0.027167156 0.021324944 0.007657227 0.016709875 0.920725584 0.389852822 0.086953029 -0.030225612 -0.389263928 0.920630217 -0.060212679
0.999434233 -0.027423387 0.019473137 0.030609334 0.017758319 0.921942770 0.386918783 0.086999603 -0.028563743 -0.386354089 0.921908140 -0.059194423
0.999344766 -0.030718306 0.019142650 0.052407011 0.020925013 0.921869457 0.386935234 0.086141020 -0.029533017 -0.386281133 0.921908200 -0.056955017
0.999146163 -0.035200872 0.021629691 0.092851110 0.023955589 0.920134187 0.390869796 0.085564859 -0.033661176 -0.390017927 0.920191824 -0.051859524
0.999008536 -0.036936328 0.024852512 0.110646896 0.024188714 0.919000864 0.393512845 0.086465709 -0.037374400 -0.392521560 0.918983102 -0.049086958
0.998545229 -0.042728674 0.032888651 0.139627695 0.026146743 0.917144775 0.397695690 0.090171024 -0.047156662 -0.396257192 0.916927755 -0.042942625
0.998295784 -0.047538150 0.033847034 0.150948048 0.030057076 0.916011512 0.400024384 0.091125257 -0.050020695 -0.398325294 0.915879309 -0.039159875
0.998047709 -0.048505761 0.039343469 0.161124691 0.028872550 0.916919768 0.398025781 0.094649918 -0.055381343 -0.396112770 0.916530192 -0.034199271
0.997388065 -0.050785139 0.051360212 0.171418414 0.026779592 0.920403242 0.390052199 0.097919054 -0.067080960 -0.387658000 0.919359267 -0.029365145
0.996169448 -0.055251747 0.067776561 0.178866297 0.025608515 0.925438464 0.378031552 0.100688562 -0.083609939 -0.374847829 0.923308432 -0.023570247
0.994971812 -0.057917237 0.081711076 0.185242042 0.024649577 0.932353616 0.360706449 0.102493539 -0.097074740 -0.356878579 0.929093182 -0.017690152
0.993966043 -0.057329006 0.093513846 0.189827055 0.022137975 0.939849138 0.340871722 0.103855953 -0.107430741 -0.336744696 0.935447276 -0.012610415
0.991421700 -0.055521429 0.118323162 0.197176948 0.017567724 0.953682125 0.300302804 0.103088006 -0.129515931 -0.295648038 0.946476579 -0.003627590
0.990104198 -0.056813564 0.128319368 0.200720295 0.018193912 0.958635628 0.284054071 0.100586012 -0.139149651 -0.278908521 0.950182855 0.000322024
0.987131238 -0.067670807 0.144887984 0.206870005 0.025769975 0.961523116 0.273512632 0.097450338 -0.157821983 -0.266259104 0.950893402 0.008318999
0.985479772 -0.075509988 0.152078614 0.211387634 0.030178934 0.959305644 0.280752391 0.095845222 -0.167089477 -0.272086233 0.947655082 0.013632875
0.983132720 -0.086135529 0.161340535 0.217407763 0.036487900 0.956794143 0.288467616 0.093806811 -0.179216981 -0.277714998 0.943798542 0.020653352
0.980794489 -0.095632985 0.169989616 0.223954186 0.041747391 0.954278827 0.295988202 0.091861278 -0.190523744 -0.283206999 0.939943910 0.029325403
0.978460431 -0.104988724 0.177742779 0.231183767 0.046774488 0.951374173 0.304465711 0.089564994 -0.201065361 -0.289593816 0.935792804 0.039053284
0.975737035 -0.115836307 0.185793549 0.244750947 0.050660312 0.945000052 0.323123038 0.084356844 -0.213004291 -0.305870771 0.927939773 0.060706515
0.975677967 -0.118101999 0.184673771 0.249498278 0.051349089 0.942151248 0.331231475 0.080922797 -0.213109717 -0.313692451 0.925300658 0.072478220
0.975907683 -0.123600744 0.179797143 0.252972960 0.056670658 0.939376533 0.338171750 0.077235319 -0.210695505 -0.319835216 0.923749328 0.085997179
0.977474988 -0.123721719 0.170984283 0.254073083 0.058616832 0.937427521 0.343210876 0.072612680 -0.202748016 -0.325457513 0.923564136 0.099869803
0.982388437 -0.114314184 0.147801280 0.248708531 0.058426231 0.939283669 0.338131011 0.061499171 -0.177480489 -0.323540509 0.929420352 0.129459009
0.988530040 -0.092237070 0.119585477 0.233891219 0.049837563 0.946703851 0.318226427 0.050881229 -0.142564297 -0.308616549 0.940442085 0.159812048
0.991215587 -0.079314500 0.105834275 0.222109452 0.043017250 0.950054944 0.309103757 0.048224431 -0.125064790 -0.301835746 0.945121169 0.176789701
0.996207774 -0.054055013 0.068176821 0.192725733 0.031057997 0.952898026 0.301696360 0.041424252 -0.081273764 -0.298434854 0.950963318 0.202815294
0.998131514 -0.043168411 0.043243252 0.173424065 0.028140472 0.952962041 0.301780403 0.038776353 -0.054236561 -0.299999654 0.952396274 0.212622046
0.999346375 -0.033188835 0.014327917 0.150752783 0.027250456 0.952066839 0.304673910 0.037893426 -0.023752905 -0.304084301 0.952348948 0.219684377
0.999113560 -0.010421489 -0.040785220 0.098316215 0.022757564 0.948801517 0.315052032 0.039757021 0.035413768 -0.315700948 0.948197663 0.224903077
0.997636497 0.001772273 -0.068689965 0.068808161 0.020378213 0.947061956 0.320403427 0.042499550 0.065621503 -0.321045905 0.944787443 0.222280145
0.995401561 0.014425403 -0.094697818 0.038524546 0.017260214 0.945404291 0.325442404 0.045423046 0.094222367 -0.325580388 0.940807939 0.215604827
0.988896072 0.038035877 -0.143658549 -0.023797875 0.011828705 0.943477511 0.331225365 0.054013591 0.148137063 -0.329246789 0.932551324 0.191143855
0.985224366 0.041794427 -0.166090935 -0.054356530 0.015978886 0.943107486 0.332103789 0.058401179 0.170521706 -0.329850674 0.928504646 0.174593791
0.981036723 0.042868607 -0.189021841 -0.083241366 0.022908686 0.942752242 0.332706213 0.063604750 0.192463413 -0.330727279 0.923892498 0.155263826
0.975680470 0.050471887 -0.213307813 -0.128435418 0.025819711 0.939892292 0.340493560 0.075610176 0.217671707 -0.337720454 0.915731370 0.113909066
0.974575698 0.052964527 -0.217708468 -0.144811928 0.025927234 0.938473284 0.344377220 0.083101667 0.222553372 -0.341266274 0.913240016 0.091785081
0.976249635 0.054670535 -0.209637329 -0.162253633 0.022929998 0.936128080 0.350910872 0.100695997 0.215431884 -0.347383589 0.912641108 0.048966378
0.978063226 0.049418543 -0.202361494 -0.167192474 0.026201677 0.934550345 0.354865015 0.112206534 0.206653923 -0.352382600 0.912754416 0.026168557
0.983293891 0.027874844 -0.179878011 -0.159900427 0.041121148 0.928640962 0.368693769 0.129592076 0.177319363 -0.369931102 0.911980748 -0.018829174
0.986703098 0.014718262 -0.161865324 -0.150266886 0.048043430 0.924977839 0.376971930 0.138812453 0.155270219 -0.379735917 0.911971390 -0.037813935
0.993740737 -0.022309475 -0.109460890 -0.120061144 0.063104808 0.920648932 0.385257453 0.154681087 0.092180163 -0.389753550 0.916294158 -0.070651993
0.996006310 -0.045211207 -0.076989569 -0.099758103 0.071352325 0.921406806 0.381992638 0.160289377 0.053668357 -0.385960460 0.920952916 -0.084565386
0.996030092 -0.088942148 -0.003656568 -0.052695565 0.084085159 0.926566362 0.366612196 0.168140367 -0.029219219 -0.365464211 0.930366695 -0.111064591
0.993588805 -0.107628971 0.034602184 -0.026197258 0.088226378 0.929556489 0.357967675 0.169959664 -0.070692375 -0.352619827 0.933092594 -0.119049728
0.989416659 -0.125566423 0.072716549 0.001390668 0.092344411 0.931454122 0.351945639 0.170670018 -0.111924678 -0.341505945 0.933191597 -0.124411546
0.977569342 -0.160170496 0.136760876 0.059046842 0.103348732 0.930597603 0.351151168 0.168742567 -0.183513388 -0.329140544 0.926277161 -0.127368286
0.971428335 -0.172513694 0.162990749 0.089094818 0.105518281 0.929090023 0.354482174 0.166905954 -0.212586105 -0.327155530 0.920747757 -0.122792572
0.961216927 -0.185470104 0.204114869 0.145222127 0.102552541 0.927397728 0.359745026 0.161294505 -0.256017596 -0.324860513 0.910450816 -0.100477867
0.957365394 -0.186348259 0.220739365 0.173613697 0.097656779 0.927907109 0.359793812 0.157097474 -0.271872580 -0.322897464 0.906544268 -0.085637614
0.954714477 -0.183644801 0.234082937 0.201289803 0.091786444 0.930193186 0.355409473 0.151556715 -0.283011436 -0.317828923 0.904925048 -0.067437164
0.953179479 -0.169631600 0.250347674 0.249736145 0.078776784 0.938556612 0.336014450 0.139036313 -0.291964114 -0.300560534 0.907975972 -0.026226576
0.953016996 -0.168413058 0.251784831 0.271800727 0.080475986 0.942096770 0.325541496 0.128729403 -0.292031139 -0.289983928 0.911387503 0.000669653
0.953973174 -0.168110669 0.248342574 0.294882894 0.086413689 0.947076321 0.309158802 0.115041986 -0.287172258 -0.273468971 0.918012440 0.049138285
0.956007004 -0.164741829 0.242715359 0.296593726 0.086334810 0.948776901 0.303922147 0.108533993 -0.280351400 -0.269596905 0.921260357 0.071535900
0.965473533 -0.148534149 0.214005768 0.279767781 0.081424788 0.952422857 0.293701679 0.099034369 -0.247448713 -0.266135842 0.931633472 0.111463934
0.971577048 -0.135805905 0.193893909 0.261244148 0.075960852 0.954614520 0.287995011 0.095480673 -0.224205345 -0.265081018 0.937797427 0.129254982
0.985368192 -0.096577272 0.140436277 0.204982460 0.054664105 0.959514558 0.276303470 0.091321878 -0.161435291 -0.264583826 0.950754464 0.159322977
0.991640210 -0.077507019 0.103161626 0.169481531 0.046837505 0.961178243 0.271923900 0.090542890 -0.120232724 -0.264818847 0.956773281 0.166650027
0.996266961 -0.056274094 0.065463133 0.131018817 0.036480457 0.961733222 0.271548122 0.091305196 -0.078239195 -0.268146306 0.960195899 0.170435309
0.999739051 -0.020846004 -0.009339752 0.052322444 0.022626741 0.959813416 0.279725224 0.095701851 0.003133268 -0.279863566 0.960034668 0.168671325
0.998942971 -0.007891241 -0.045283854 0.014902659 0.020503994 0.958209872 0.285330296 0.098793097 0.041139826 -0.285957217 0.957358837 0.163309038
0.994059622 0.017396050 -0.107437752 -0.050205331 0.015270011 0.955087543 0.295930028 0.109778449 0.107760482 -0.295812666 0.949148357 0.149428636
0.991266370 0.028594609 -0.128737330 -0.073348381 0.011451134 0.953857958 0.300039768 0.114944324 0.131376654 -0.298893511 0.945199907 0.137847111
0.989034593 0.034534533 -0.143589333 -0.091107339 0.010728319 0.952905238 0.303078383 0.120441675 0.147293702 -0.301295489 0.942085803 0.126031920
0.986536205 0.040825814 -0.158365309 -0.105828315 0.010445342 0.950634122 0.310138106 0.131258041 0.163209110 -0.307616651 0.937408566 0.098118603
0.985759974 0.046513308 -0.161597475 -0.103559017 0.007099509 0.948615372 0.316351831 0.135236129 0.168008432 -0.312994242 0.934776902 0.071664229
0.986136675 0.045780592 -0.159494802 -0.095565632 0.007703906 0.947520018 0.319603682 0.142516509 0.165756151 -0.316401660 0.934031546 0.061473411
0.989544868 0.042078488 -0.137950495 -0.060457557 0.005315332 0.945203185 0.326439440 0.155216008 0.144127324 -0.323759735 0.935097277 0.034144245
0.992282808 0.039742462 -0.117453493 -0.036576755 0.000942294 0.944798708 0.327650070 0.162027583 0.123991527 -0.325232208 0.937470078 0.021977987
0.997932851 0.024985248 -0.059209187 0.018888116 -0.004299749 0.945222616 0.326398075 0.175596952 0.064121000 -0.325468779 0.943376184 0.000769655
0.999491572 0.012768650 -0.029214935 0.050512437 -0.002497850 0.944848299 0.327498853 0.181087419 0.031785399 -0.327259362 0.944399834 -0.010484199
0.999999762 -0.000463386 0.000536082 0.078600399 0.000260826 0.944134057 0.329561591 0.187314674 -0.000658847 -0.329561353 0.944133937 -0.022018405
0.997933507 -0.027447728 0.058097888 0.122350872 0.006153045 0.940838397 0.338799745 0.199203223 -0.063960008 -0.337742120 0.939063013 -0.051483076
0.995685399 -0.044408891 0.081476673 0.135332495 0.013844710 0.939312458 0.342783362 0.204897225 -0.091754690 -0.340176374 0.935874522 -0.068742722
0.991966128 -0.066031687 0.107902959 0.142871171 0.024799906 0.937916517 0.345973313 0.212867945 -0.124049172 -0.340517819 0.932018995 -0.100885421
0.991079152 -0.072201788 0.112022519 0.136931092 0.029330540 0.938093781 0.345137388 0.214653566 -0.130007163 -0.338772804 0.931842864 -0.115939617
0.989916921 -0.080680653 0.116426595 0.108439684 0.036888506 0.940410078 0.338035762 0.215968400 -0.136761680 -0.330332518 0.933903992 -0.151522592
0.989662945 -0.080831930 0.118462943 0.088851631 0.037218351 0.942486346 0.332166076 0.216387540 -0.138499320 -0.324323475 0.935752213 -0.174424380
0.990100503 -0.076051176 0.117971286 0.068896689 0.033704612 0.944718063 0.326146871 0.216811672 -0.136253461 -0.318941981 0.937929094 -0.195360079
0.990835071 -0.068835884 0.116221718 0.049831342 0.028111536 0.946654022 0.321023196 0.217469394 -0.132119671 -0.314813882 0.939913094 -0.214258701
0.991569400 -0.061570164 0.114013970 0.031510405 0.022484463 0.948305488 0.316561371 0.217873350 -0.127610818 -0.311329037 0.941695154 -0.231005087
0.991906822 -0.056532070 0.113688260 0.000550866 0.017481089 0.947686672 0.318723142 0.219478995 -0.125758916 -0.314156234 0.941005051 -0.255786955
0.992194176 -0.054857701 0.111988090 -0.010441156 0.016088560 0.946849227 0.321275204 0.220548809 -0.123660259 -0.316965669 0.940340877 -0.262438029
0.992682695 -0.049358997 0.110203065 -0.018716771 0.011460308 0.947031677 0.320935577 0.220298260 -0.120206855 -0.317324251 0.940667629 -0.264168441
0.993013322 -0.038130842 0.111671865 -0.021257197 0.001646619 0.950737894 0.309991449 0.219474435 -0.117990911 -0.307641774 0.944158196 -0.252488941
0.992935061 -0.033842094 0.113730557 -0.018087095 -0.002401227 0.952539563 0.304405391 0.216699749 -0.118634574 -0.302527905 0.945728660 -0.238501370
0.992747247 -0.027233619 0.117094919 -0.012383224 -0.009703903 0.952673256 0.303841293 0.212761849 -0.119827896 -0.302773893 0.945499480 -0.219630256
