1.000000000 0.000000000 0.000000000 0.000000000 0.000000000 1.000000000 0.000000000 0.000000477 0.000000000 0.000000000 1.000000000 -0.000000954
0.999997914 0.000838360 0.001847522 -0.000424116 -0.000856865 0.999949276 0.010038370 0.022609351 -0.001839013 -0.010039933 0.999947906 0.006698939
0.999997854 0.000861260 0.001888491 -0.000979783 -0.000903922 0.999741733 0.022707174 0.045694832 -0.001868447 -0.022708831 0.999740362 0.013973496
0.999995708 -0.002603931 0.001364294 -0.001996121 0.002557890 0.999461055 0.032726958 0.071299419 -0.001448777 -0.032723330 0.999463379 0.021172915
0.999990165 -0.003949609 0.002014095 -0.003003743 0.003865806 0.999190629 0.040039852 0.096361496 -0.002170606 -0.040031672 0.999196053 0.028307373
0.999968290 -0.007856558 0.001313356 -0.004085128 0.007790164 0.998974323 0.044605572 0.122837134 -0.001662455 -0.044593927 0.999003828 0.036411554
0.999947906 -0.010194166 0.000498326 -0.004868880 0.010158131 0.998777807 0.048371043 0.147486135 -0.000990820 -0.048363458 0.998829305 0.042573348
0.999939680 -0.010966344 -0.000646539 -0.005527440 0.010985179 0.998548985 0.052718401 0.170539960 0.000067473 -0.052722320 0.998609185 0.048621155
0.999955714 -0.009368455 -0.000926357 -0.005921090 0.009406324 0.998285770 0.057766970 0.192133650 0.000383581 -0.057773124 0.998329639 0.053688873
0.999991059 -0.004221765 -0.000321222 -0.007125096 0.004233744 0.997837245 0.065596983 0.212697521 0.000043592 -0.065597758 0.997846127 0.057312451
0.999992907 -0.002919953 -0.002369674 -0.008024490 0.003094522 0.996998608 0.077357329 0.229021862 0.002136682 -0.077364109 0.997000635 0.060071349
0.999997616 0.001650751 -0.001449626 -0.009269632 -0.001509937 0.995731890 0.092280395 0.245541036 0.001595770 -0.092277981 0.995732009 0.062145911
0.999993682 0.002222008 -0.002768026 -0.009966764 -0.001905620 0.993987322 0.109478869 0.257848501 0.002994645 -0.109472908 0.993985295 0.064270705
0.999990582 0.001087372 -0.004207922 -0.010525289 -0.000546753 0.991978586 0.126404867 0.264575094 0.004311617 -0.126401380 0.991969824 0.065004997
0.999979258 -0.000962452 -0.006373066 -0.011155713 0.001842766 0.990205765 0.139603525 0.263249934 0.006176285 -0.139612377 0.990186989 0.064089343
0.999956846 -0.001399248 -0.009181671 -0.012385705 0.002719026 0.989377081 0.145346507 0.252701372 0.008880759 -0.145365193 0.989338219 0.058398448
0.999953568 -0.000411177 -0.009627634 -0.012995543 0.001786831 0.989675045 0.143318295 0.233944923 0.009469300 -0.143328846 0.989629805 0.053329013
0.999972403 0.004342964 -0.006027491 -0.013935680 -0.003482239 0.990688086 0.136106402 0.208213717 0.006562469 -0.136081666 0.990675867 0.047271192
0.999961019 0.008781436 -0.000949261 -0.014176920 -0.008595853 0.992238343 0.124053374 0.178574935 0.002031259 -0.124040380 0.992275119 0.040716257
0.999883592 0.014126839 0.005761582 -0.013913771 -0.014678705 0.993726611 0.110869110 0.143244103 -0.004159207 -0.110940784 0.993818343 0.034857471
0.999654830 0.020747937 0.016115896 -0.013879033 -0.022210218 0.995075524 0.096599407 0.104750305 -0.014032296 -0.096923999 0.995192885 0.026387403
0.999197900 0.029452272 0.027132526 -0.014022554 -0.031570598 0.996191680 0.081273854 0.066070981 -0.024635497 -0.082065254 0.996322453 0.018599309
0.998930752 0.033816125 0.031525221 -0.015125927 -0.035848666 0.997154951 0.066309303 0.027303629 -0.029193206 -0.067368537 0.997300982 0.010903655
0.998835921 0.036338571 0.031721637 -0.016388353 -0.037944246 0.997947991 0.051576011 -0.006776559 -0.029782344 -0.052719630 0.998165131 0.003447667
0.998939157 0.035395443 0.029456794 -0.017183499 -0.036511697 0.998600483 0.038261451 -0.040425852 -0.028061289 -0.039296381 0.998833477 -0.004977560
0.999066114 0.031063251 0.030033179 -0.018501708 -0.031824715 0.999175310 0.025217477 -0.073451735 -0.029225074 -0.026149724 0.999230742 -0.012357776
0.999215066 0.024883615 0.030823343 -0.018460885 -0.025185073 0.999638319 0.009430746 -0.102202013 -0.030577522 -0.010199631 0.999480367 -0.018304009
0.999279261 0.021119189 0.031543553 -0.018141313 -0.020914141 0.999758065 -0.006816374 -0.127067685 -0.031679876 0.006151754 0.999479115 -0.024887811
0.999358296 0.016949553 0.031554420 -0.017147439 -0.016166374 0.999558926 -0.024911804 -0.147572994 -0.031962749 0.024385696 0.999191523 -0.030544266
0.999353349 0.018511679 0.030824669 -0.016245984 -0.017289236 0.999071419 -0.039462943 -0.165184617 -0.031526573 0.038904492 0.998745441 -0.037663925
0.999327838 0.017960008 0.031958021 -0.016486770 -0.016320366 0.998573065 -0.050847426 -0.173824936 -0.032825641 0.050291680 0.998194993 -0.041612789
0.999127924 0.022191400 0.035367783 -0.011954382 -0.020274857 0.998353660 -0.053655859 -0.172424033 -0.036500257 0.052891988 0.997932971 -0.038301546
0.998902738 0.027916076 0.037603442 -0.010331094 -0.026054690 0.998453379 -0.049112491 -0.163543954 -0.038916308 0.048078857 0.998085141 -0.037681784
0.998647213 0.033499926 0.039767738 -0.006679521 -0.031947419 0.998726308 -0.039053079 -0.145962089 -0.041025359 0.037729774 0.998445511 -0.030542625
0.998683333 0.030767635 0.041047506 -0.003865470 -0.029681969 0.999199986 -0.026801419 -0.123115957 -0.041839287 0.025547761 0.998797655 -0.022919456
0.998737156 0.029206138 0.040878735 -0.009634311 -0.028712183 0.999508083 -0.012618888 -0.097418703 -0.041227177 0.011429235 0.999084413 -0.023596492
0.998917222 0.024148583 0.039764911 -0.008398470 -0.024067599 0.999707162 -0.002514100 -0.067959607 -0.039813980 0.001554332 0.999205887 -0.015108072
0.998927832 0.026231192 0.038145870 -0.005436072 -0.026435502 0.999638677 0.004861444 -0.037681099 -0.038004570 -0.005864637 0.999260366 -0.006513040
0.999047220 0.024935344 0.035817359 -0.003392786 -0.025261672 0.999643147 0.008687316 -0.004512988 -0.035587955 -0.009583844 0.999320567 0.002750697
0.999263465 0.024393598 0.029623181 -0.002018527 -0.024751024 0.999624491 0.011759645 0.028047817 -0.029325195 -0.012484188 0.999491990 0.009898941
0.999348223 0.023214879 0.027644144 -0.001107736 -0.023657547 0.999595344 0.015795175 0.061472259 -0.027266273 -0.016438872 0.999493003 0.019421868
0.999520481 0.018863088 0.024557043 -0.001074567 -0.019489827 0.999483883 0.025537640 0.093636639 -0.024062648 -0.026004005 0.999372184 0.026322052
0.999466777 0.015951646 0.028490059 -0.000648371 -0.017063124 0.999085486 0.039205551 0.124832295 -0.027838610 -0.039670773 0.998824954 0.034306202
0.999404728 0.012208798 0.032267034 -0.000858230 -0.013973682 0.998385847 0.055049129 0.155067474 -0.031542867 -0.055467248 0.997962117 0.042128250
0.999262154 0.013412550 0.035988882 -0.001179163 -0.015988309 0.997257292 0.072265342 0.181657881 -0.034920916 -0.072787419 0.996735930 0.048847444
0.999258101 0.015336817 0.035326816 -0.001801570 -0.018445058 0.995824039 0.089410916 0.202658743 -0.033808015 -0.089996189 0.995368123 0.050808817
0.999413610 0.013237859 0.031579114 -0.003235443 -0.016457889 0.994442046 0.103991352 0.217611343 -0.030026974 -0.104450099 0.994076729 0.053010114
0.999482393 0.015294152 0.028302390 -0.004596808 -0.018462922 0.993156612 0.115321651 0.227948010 -0.026344959 -0.115784511 0.992924929 0.054140538
0.999541342 0.015299762 0.026133642 -0.005646573 -0.018392576 0.992293775 0.122534864 0.226346865 -0.024057496 -0.122959323 0.992120087 0.054468390
0.999613345 0.015340096 0.023191758 -0.007278793 -0.018117774 0.992023528 0.124744006 0.216658115 -0.021093182 -0.125115961 0.991917849 0.052071203
0.999682605 0.013828922 0.021057766 -0.009288767 -0.016254021 0.992673337 0.119730622 0.198607966 -0.019247737 -0.120034888 0.992583096 0.047630675
0.999688447 0.014313304 0.020449413 -0.012016240 -0.016421594 0.994127929 0.106957741 0.174410537 -0.018798413 -0.107260235 0.994053245 0.039916571
0.999701083 0.013315840 0.020503083 -0.013723231 -0.015138499 0.995692432 0.091473781 0.146698207 -0.019196713 -0.091756828 0.995596409 0.033174019
0.999580920 0.017149519 0.023320941 -0.014765819 -0.018927280 0.996751845 0.078278713 0.116621539 -0.021902749 -0.078687318 0.996658683 0.026154540
0.999478936 0.017708050 0.026986595 -0.015676374 -0.019512789 0.997484267 0.068149373 0.084829755 -0.025711913 -0.068640441 0.997310102 0.018505327
0.999218583 0.022028271 0.032816511 -0.015597302 -0.024025597 0.997801363 0.061767168 0.052625079 -0.031383734 -0.062507339 0.997550964 0.010742766
0.999020696 0.022267617 0.038234182 -0.015370156 -0.024423942 0.998081684 0.056889512 0.019932406 -0.036894046 -0.057767630 0.997648120 0.002536670
0.998955607 0.021038355 0.040559236 -0.014784995 -0.023144631 0.998369396 0.052180681 -0.012243148 -0.039395306 -0.053064916 0.997813702 -0.005717898
0.998869896 0.016933661 0.044408735 -0.012907267 -0.018950339 0.998789549 0.045391086 -0.044016380 -0.043586340 -0.046181355 0.997981727 -0.011789248
0.998637319 0.011918456 0.050808031 -0.011070189 -0.013747173 0.999264538 0.035796508 -0.076217480 -0.050344024 -0.036446199 0.998066723 -0.018496133
0.998174906 0.007269483 0.059950076 -0.009142424 -0.008633720 0.999708891 0.022528674 -0.108595513 -0.059768856 -0.023005150 0.997947097 -0.025579870
0.997797906 0.002498100 0.066280626 -0.007041483 -0.002921464 0.999975920 0.006291301 -0.137979209 -0.066263311 -0.006471083 0.997781217 -0.032743558
0.997552693 0.002330731 0.069879629 -0.005469571 -0.001587327 0.999941587 -0.010691998 -0.164214894 -0.069900461 0.010554909 0.997498155 -0.039809771
0.997292697 0.002079034 0.073505163 -0.004188431 -0.000066855 0.999625444 -0.027366530 -0.184342757 -0.073534533 0.027287524 0.996919274 -0.045638423
0.997309744 0.005040013 0.073129214 -0.002726635 -0.002235056 0.999260426 -0.038387429 -0.196798697 -0.073268600 0.038120706 0.996583402 -0.051494107
0.997163296 0.007263411 0.074917100 -0.001728477 -0.004048371 0.999067843 -0.042977542 -0.202284604 -0.075159423 0.042552337 0.996263206 -0.053411052
0.996817529 0.011771079 0.078843221 -0.000688379 -0.008368526 0.999024987 -0.043348167 -0.199286878 -0.079276606 0.042550411 0.995944142 -0.052665900
0.996683002 0.015705679 0.079852276 -0.000061239 -0.012457667 0.999081016 -0.041012004 -0.188477561 -0.080423005 0.039881192 0.995962679 -0.049457032
0.996790290 0.017174153 0.078193396 0.000175008 -0.014294965 0.999204338 -0.037233397 -0.170998082 -0.078770638 0.035996117 0.996242702 -0.044091769
0.996935189 0.016942974 0.076374941 0.000715107 -0.014452047 0.999349177 -0.033050030 -0.149066702 -0.076885201 0.031844966 0.996531248 -0.036757551
0.997039974 0.018059187 0.074734084 0.002132548 -0.015982449 0.999471843 -0.028293783 -0.122549705 -0.075205572 0.027015598 0.996802032 -0.028170258
0.997384429 0.016070064 0.070470072 0.003189067 -0.014463508 0.999625087 -0.023249052 -0.093897410 -0.070817269 0.022168998 0.997242928 -0.017875068
0.997633576 0.019781180 0.065848000 0.005515454 -0.018714309 0.999684036 -0.016779652 -0.061813105 -0.066159122 0.015507644 0.997688591 -0.008947533
0.997812510 0.020812886 0.062745884 0.007523116 -0.020200567 0.999742091 -0.010377420 -0.029110385 -0.062945679 0.009087218 0.997975588 0.000421874
0.997781873 0.024322143 0.061965492 0.010228267 -0.024254752 0.999704123 -0.001839623 0.005428603 -0.061991904 0.000332585 0.998076618 0.010103446
0.997391939 0.027120873 0.066886216 0.012384953 -0.027795177 0.999571562 0.009171288 0.039740443 -0.066608831 -0.011006483 0.997718453 0.020290850
0.997858226 0.023458913 0.061062247 0.012527359 -0.025081832 0.999348581 0.025948623 0.073634125 -0.060413741 -0.027424602 0.997796595 0.029064173
0.998215973 0.015499004 0.057659514 0.012627875 -0.018244971 0.998709023 0.047406320 0.105637729 -0.056850329 -0.048373740 0.997210145 0.036563799
0.998553216 0.007519488 0.053244252 0.012754425 -0.011277287 0.997438669 0.070631921 0.135139689 -0.052576762 -0.071130186 0.996080399 0.043525629
0.998627067 0.001726372 0.052354287 0.012947296 -0.006499109 0.995817840 0.091129772 0.162213176 -0.051978011 -0.091344915 0.994461834 0.048918471
0.998633683 0.000945749 0.052248001 0.013005627 -0.006500429 0.994318545 0.106246583 0.186581030 -0.051850677 -0.106441058 0.992966175 0.054221474
0.998539269 0.006851031 0.053594410 0.013548445 -0.013062304 0.993114352 0.116418257 0.208147824 -0.052427791 -0.116948277 0.991753221 0.057965543
0.998626471 0.012928244 0.050774079 0.013726744 -0.019067287 0.992303491 0.122352943 0.225599498 -0.048801485 -0.123153016 0.991187036 0.060643099
0.998838961 0.016502570 0.045259334 0.012596623 -0.022054404 0.991904914 0.125053018 0.237054646 -0.042829260 -0.125905991 0.991117239 0.061013479
0.999106109 0.018790258 0.037866872 0.010870626 -0.023395540 0.991868198 0.125100598 0.241982743 -0.035208274 -0.125874683 0.991421163 0.060218152
0.999321938 0.018501349 0.031833511 0.009452227 -0.022347081 0.991900086 0.125039324 0.239613205 -0.029262267 -0.125665918 0.991640985 0.058807913
0.999428093 0.019324068 0.027749777 0.008412571 -0.022658151 0.991853297 0.125354216 0.229926333 -0.025101352 -0.125911281 0.991723895 0.056696549
0.999431908 0.020865755 0.026466217 0.007774760 -0.024016170 0.991875470 0.124925084 0.213394195 -0.023644537 -0.125489727 0.991813123 0.053927619
0.999444485 0.020758087 0.026072489 0.006724138 -0.023790861 0.992246509 0.121987030 0.191184878 -0.023338119 -0.122539550 0.992189169 0.049367726
0.999396980 0.021832339 0.027001016 0.004797914 -0.024880137 0.992672563 0.118246257 0.164426640 -0.024221577 -0.118846744 0.992617130 0.043119133
0.999299169 0.024040187 0.028691847 0.004867072 -0.027171975 0.993075728 0.114290550 0.134827390 -0.025745612 -0.114990070 0.993032932 0.036002666
0.998863339 0.030547276 0.036590200 0.005192168 -0.034412473 0.993319869 0.110142663 0.102299333 -0.032981213 -0.111276627 0.993242025 0.030502822
0.998425364 0.035520498 0.043418050 0.005562514 -0.039844956 0.993864894 0.103174537 0.067652710 -0.039486863 -0.104742065 0.993715167 0.024572417
0.998143792 0.037947353 0.047634277 0.004966689 -0.042263296 0.994755924 0.093136556 0.032311995 -0.043850195 -0.094976850 0.994513214 0.020763177
0.998034060 0.036410201 0.051012408 0.004716524 -0.040403541 0.996009946 0.079572581 -0.004580468 -0.047911610 -0.081477232 0.995522976 0.014501193
0.997831225 0.034860209 0.055835627 0.004404330 -0.038315341 0.997337043 0.062054779 -0.041892599 -0.053523697 -0.064059556 0.996509731 0.008178715
0.997471273 0.032570764 0.063168250 0.004130292 -0.035222076 0.998524845 0.041322883 -0.077827454 -0.061729148 -0.043443304 0.997147024 0.001514563
0.997048497 0.032592885 0.069512203 0.003130257 -0.034032583 0.999227941 0.019628445 -0.111924410 -0.068818793 -0.021936191 0.997388005 -0.005739731
0.996522844 0.031820893 0.077004604 0.002614389 -0.031883933 0.999491513 -0.000410993 -0.142708868 -0.076978527 -0.002045645 0.997030675 -0.013102201
0.996251822 0.032127906 0.080312759 0.002032842 -0.030857628 0.999379039 -0.017008359 -0.170547932 -0.080809340 0.014466347 0.996624589 -0.020932430
0.996262789 0.028102091 0.081674613 0.001432996 -0.025701711 0.999210536 -0.030293979 -0.194334820 -0.082461454 0.028081585 0.996198535 -0.033083752
0.996423006 0.025181523 0.080666423 0.000142335 -0.022042269 0.998973489 -0.039573487 -0.211897090 -0.081580147 0.037653860 0.995955229 -0.039556932
0.996406436 0.018991740 0.082544416 -0.000928336 -0.015375613 0.998903275 -0.044225305 -0.222626403 -0.083293796 0.042797208 0.995605588 -0.043624021
0.996144295 0.016472582 0.086169720 -0.000116936 -0.012765167 0.998976231 -0.043400038 -0.226325855 -0.086796418 0.042132732 0.995334744 -0.045770731
0.995868742 0.013973219 0.089723177 -0.000371466 -0.010419799 0.999147296 -0.039951250 -0.222938150 -0.090204917 0.038851306 0.995165110 -0.044071902
0.995839059 0.012966438 0.090202101 -0.000316418 -0.009815722 0.999329031 -0.035285871 -0.213322982 -0.090599112 0.034253653 0.995298207 -0.040317297
0.995400071 0.011488590 0.095114082 0.000195065 -0.008715263 0.999526143 -0.029522154 -0.197518423 -0.095408171 0.028557412 0.995028496 -0.034305964
0.994838119 0.012212899 0.100737266 -0.000035737 -0.009924855 0.999681950 -0.023182977 -0.178199068 -0.100988366 0.022063505 0.994642913 -0.024757907
0.994091988 0.018548006 0.106944114 0.002477895 -0.016834566 0.999715388 -0.016902460 -0.155087531 -0.107227191 0.015002242 0.994121373 -0.016103657
0.993445754 0.023926722 0.111772530 0.004855274 -0.022832109 0.999678075 -0.011063161 -0.131289929 -0.112001263 0.008438648 0.993672252 -0.006513979
0.992920756 0.032879461 0.114137232 0.007890959 -0.032486182 0.999458134 -0.005304487 -0.105039485 -0.114249796 0.001559052 0.993450820 0.002036033
0.992679596 0.036898382 0.115003079 0.010859773 -0.037335500 0.999301434 0.001648487 -0.079170041 -0.114861920 -0.005930116 0.993363798 0.010371100
0.993214905 0.040555108 0.108992778 0.012907012 -0.042096924 0.999042869 0.011881541 -0.052866146 -0.108406596 -0.016389184 0.993971527 0.018561812
0.993793309 0.040973280 0.103421554 0.016592301 -0.043419842 0.998825192 0.021515843 -0.026161319 -0.102418482 -0.025872849 0.994404852 0.022151215
0.994893372 0.042187333 0.091691956 0.017909348 -0.045401148 0.998415291 0.033250727 -0.001778275 -0.090143889 -0.037243851 0.995232105 0.024365999
0.996060610 0.041123927 0.078562401 0.018668817 -0.044816032 0.997943699 0.045824975 0.020478396 -0.076516353 -0.049165308 0.995855451 0.024146236
0.997105062 0.038106587 0.065797932 0.017940463 -0.042048212 0.997336507 0.059597582 0.038452886 -0.063351624 -0.062191740 0.996051610 0.023368329
0.998051763 0.032543112 0.053231668 0.017626619 -0.036473308 0.996545672 0.074608818 0.053404402 -0.050619785 -0.076405004 0.995791078 0.020052986
0.998628676 0.026564846 0.045111462 0.017750336 -0.030569235 0.995424271 0.090531819 0.064412393 -0.042500079 -0.091786690 0.994871318 0.016584095
0.999193549 0.017341159 0.036214478 0.016984448 -0.021119285 0.994067252 0.106696971 0.071938105 -0.034149379 -0.107375748 0.993631840 0.012624148
0.999531388 0.010597698 0.028716845 0.016435873 -0.014114829 0.992032886 0.125186086 0.076695614 -0.027161369 -0.125532746 0.991717577 0.007833095
0.999715328 0.004756288 0.023379382 0.015792698 -0.008071439 0.989570737 0.143821552 0.079026364 -0.022451494 -0.143969312 0.989327431 0.002882436
0.999720395 -0.000046994 0.023645094 0.015679123 -0.003862396 0.986241937 0.165263206 0.080113754 -0.023327550 -0.165308326 0.985966027 -0.001198137
0.999542415 -0.005117645 0.029812139 0.015504340 -0.000614113 0.981947243 0.189154118 0.080191143 -0.030241970 -0.189085871 0.981494784 -0.004539454
0.999038875 -0.007620961 0.043165158 0.015757861 -0.001782951 0.976889193 0.213738889 0.079838820 -0.043796476 -0.213610411 0.975936711 -0.007053643
0.998373151 -0.012736587 0.055577654 0.014577321 -0.000688261 0.971969187 0.235107318 0.078938954 -0.057014231 -0.234763071 0.970379114 -0.009850648
0.997677505 -0.018663336 0.065507993 0.012536712 0.001431742 0.967263579 0.253769785 0.077188082 -0.068099692 -0.253086597 0.965043843 -0.012871820
0.997285724 -0.024264313 0.069515899 0.010236471 0.004545795 0.962628305 0.270787865 0.075528465 -0.073488459 -0.269736856 0.960125744 -0.016635383
0.997133076 -0.027982948 0.070303790 0.007980652 0.006466525 0.957220972 0.289285660 0.074619696 -0.075391330 -0.288001657 0.954657614 -0.021209819
0.996883750 -0.034069955 0.071147606 0.006049771 0.010491510 0.951173007 0.308479875 0.074317381 -0.078183576 -0.306772143 0.948566377 -0.026311303
0.996647775 -0.039244331 0.071785122 0.005016613 0.013530346 0.944422424 0.328455746 0.074552253 -0.080685511 -0.326383412 0.941787541 -0.031662770
0.996384740 -0.045943640 0.071460813 0.004309513 0.018253982 0.937285781 0.348083496 0.074981622 -0.082971424 -0.345520616 0.934735894 -0.037352443
0.996384978 -0.046630267 0.071011268 0.004914157 0.017421205 0.930280566 0.366434872 0.075825483 -0.083147354 -0.363873124 0.927729964 -0.043786928
0.996468365 -0.045721591 0.070429377 0.006239439 0.015371634 0.923909664 0.382301778 0.076423660 -0.082549833 -0.379869014 0.921349585 -0.049584914
0.996739507 -0.044187881 0.067511149 0.008208054 0.014005348 0.918756843 0.394575357 0.076264486 -0.079461776 -0.392343342 0.916380107 -0.054677777
0.996979892 -0.043040220 0.064642116 0.011342096 0.013496579 0.915733993 0.401558340 0.075019829 -0.076478139 -0.399473131 0.913549304 -0.058340136
0.996928871 -0.044588555 0.064379185 0.015667560 0.014931724 0.915228367 0.402658790 0.072868690 -0.076875627 -0.400460869 0.913083375 -0.060133986
0.997050226 -0.044162706 0.062773041 0.020151749 0.015579471 0.917299747 0.397892624 0.070478722 -0.075153701 -0.395740956 0.915281951 -0.060901944
0.997286379 -0.045169473 0.058134675 0.024418365 0.018902255 0.920288980 0.390782416 0.068642914 -0.071152136 -0.388623118 0.918645442 -0.060653660
0.997512341 -0.044738341 0.054475565 0.029185919 0.020510036 0.923556805 0.382912725 0.066890657 -0.067442156 -0.380842894 0.922176898 -0.059254110
0.997703612 -0.042400084 0.052817572 0.032690525 0.019477319 0.926484048 0.375829667 0.066498853 -0.064869851 -0.373937875 0.925182343 -0.057006806
0.998026907 -0.037502017 0.050357480 0.034780059 0.016213201 0.928757370 0.370333552 0.066517912 -0.060658131 -0.368786395 0.927532852 -0.054934476
0.998326182 -0.034456972 0.046448901 0.035968836 0.015087885 0.930498898 0.365983784 0.066332214 -0.055831343 -0.364670396 0.929461360 -0.052785322
0.998702347 -0.027894005 0.042608999 0.037074991 0.010495068 0.931429803 0.363769650 0.065676332 -0.049834281 -0.362850428 0.930513918 -0.050463002
0.998874843 -0.025102939 0.040235922 0.037927080 0.008691362 0.930948853 0.365046203 0.064916007 -0.046621315 -0.364285767 0.930119514 -0.048131634
0.999040425 -0.020822620 0.038531076 0.039300825 0.005116835 0.929220319 0.369490772 0.063895993 -0.043497626 -0.368939072 0.928435206 -0.045893747
0.999112427 -0.017768603 0.038191576 0.041977320 0.002196427 0.927417755 0.374020755 0.063121744 -0.042065371 -0.373604894 0.926633656 -0.043514587
0.999201059 -0.016488701 0.036406130 0.046017185 0.001564373 0.926364779 0.376624256 0.061643537 -0.039935403 -0.376266390 0.925650477 -0.041466415
0.999155581 -0.017907957 0.036979463 0.051594615 0.002579288 0.925581753 0.378539056 0.060872607 -0.041006375 -0.378124028 0.924846351 -0.038424231
0.999079108 -0.020180903 0.037863050 0.059106510 0.004294896 0.925083637 0.379739165 0.059989877 -0.042689968 -0.379226863 0.924318433 -0.035130292
0.998954237 -0.022386381 0.039865382 0.068994030 0.005503343 0.924464405 0.381228596 0.059574362 -0.045388460 -0.380610555 0.923620880 -0.031872444
0.998820126 -0.025279127 0.041464575 0.080039322 0.007487270 0.923786521 0.382834792 0.058396935 -0.047982141 -0.382072628 0.922885835 -0.028374242
0.998652220 -0.029720109 0.042550106 0.092612676 0.011058182 0.922834039 0.385038972 0.057129983 -0.050710086 -0.384049475 0.921918929 -0.025108015
0.998477340 -0.034304053 0.043199386 0.106883340 0.014922244 0.921891570 0.387160510 0.055820473 -0.053106327 -0.385926396 0.920999765 -0.022377137
0.998285770 -0.038264293 0.044286776 0.122840725 0.018081889 0.921302795 0.388425320 0.054495189 -0.055664349 -0.386958688 0.920415342 -0.020067228
0.997972965 -0.042458951 0.047404815 0.139963403 0.020779571 0.921475232 0.387881011 0.052942395 -0.060151380 -0.386109680 0.920489609 -0.018750699
0.997594059 -0.046992119 0.050969157 0.158175156 0.023868252 0.923072338 0.383885175 0.050836161 -0.065087795 -0.381745011 0.921973050 -0.016235756
0.997058094 -0.052369431 0.055969384 0.176977694 0.027404495 0.925493002 0.377772033 0.048223183 -0.071582980 -0.375126839 0.924205422 -0.013565621
0.996359587 -0.058829181 0.061698727 0.195726469 0.031822294 0.928078294 0.371022910 0.045771960 -0.079088219 -0.367708832 0.926571786 -0.011018272
0.995611012 -0.063743815 0.068523109 0.214709699 0.034342691 0.929942667 0.366097331 0.043767747 -0.087059006 -0.362137258 0.928050280 -0.008584445
0.994835973 -0.069101110 0.074339844 0.233257100 0.037381507 0.930414200 0.364598483 0.042675491 -0.094361000 -0.359936744 0.928192616 -0.006459578
0.994116962 -0.072750151 0.080242909 0.251778841 0.038383529 0.929395318 0.367084593 0.042929299 -0.101282842 -0.361844987 0.926720023 -0.005014644
0.993154526 -0.074962519 0.089580745 0.268500745 0.036368318 0.927231967 0.372717321 0.044865623 -0.111001953 -0.366908014 0.923610926 -0.004312430
0.992059767 -0.077458911 0.099083230 0.284938484 0.033820316 0.923116624 0.383029878 0.046278648 -0.121134445 -0.376637518 0.918406606 -0.003043569
0.990896046 -0.083335102 0.105736829 0.299649000 0.035446055 0.919172585 0.392256707 0.047990225 -0.129879147 -0.384937674 0.913758397 -0.001411275
0.990505338 -0.086494848 0.106854171 0.312792301 0.037012815 0.916352153 0.398658782 0.050085213 -0.132397979 -0.390918702 0.910853088 -0.000916203
0.990383208 -0.086075060 0.108315222 0.323753327 0.035530038 0.914879978 0.402159482 0.052218914 -0.133711323 -0.394443542 0.909139991 0.001360191
0.990547478 -0.085705288 0.107099332 0.333017975 0.035592690 0.914626598 0.402729779 0.054003645 -0.132471979 -0.395110995 0.909031630 0.002474167
0.990687549 -0.086103283 0.105472423 0.339968592 0.036848411 0.915294468 0.401096284 0.055468060 -0.131074026 -0.393474579 0.909943581 0.003423980
0.990846872 -0.087415665 0.102864131 0.344585627 0.039561074 0.916592538 0.397860616 0.056725770 -0.129063740 -0.390149504 0.911661088 0.003836083
0.991186619 -0.087468699 0.099490061 0.347135425 0.041429609 0.918025494 0.394351125 0.057626024 -0.125827789 -0.386753738 0.913558364 0.004250906
0.991136134 -0.089647397 0.098043524 0.347563684 0.044412926 0.919130266 0.391442299 0.058401473 -0.125206560 -0.383618176 0.914964676 0.004180187
0.991038740 -0.090984866 0.097795650 0.346008748 0.045873437 0.919442713 0.390538990 0.058985293 -0.125450641 -0.382553041 0.915377140 0.003737623
0.990787029 -0.089663081 0.101496913 0.342684329 0.043074273 0.919162989 0.391514957 0.059201472 -0.128396645 -0.383536041 0.914556980 0.002665767
0.990644693 -0.088474020 0.103901133 0.337071985 0.041056741 0.919319332 0.391364694 0.058330867 -0.130143926 -0.383437514 0.914351285 0.001283152
0.990665495 -0.088570550 0.103620008 0.328939766 0.041360479 0.919619322 0.390627265 0.056996122 -0.129889026 -0.382695198 0.914698482 -0.000834115
0.990911067 -0.087413378 0.102245793 0.318856210 0.040962048 0.920066833 0.389614195 0.055924602 -0.128130451 -0.381884784 0.915284991 -0.003228907
0.991304576 -0.087691538 0.098109260 0.306826115 0.042703293 0.919616520 0.390489310 0.055673838 -0.124465495 -0.382904261 0.915364802 -0.006073067
0.992022812 -0.084531590 0.093515664 0.293589205 0.041238826 0.918645144 0.392925441 0.056311831 -0.119122326 -0.385934532 0.914802909 -0.008917958
0.992579401 -0.082516581 0.089315191 0.278905660 0.040674835 0.917505682 0.395637333 0.057362270 -0.114593834 -0.389068604 0.914053559 -0.011654539
0.993065834 -0.081346139 0.084870927 0.262298971 0.041167635 0.916859090 0.397082716 0.058252037 -0.110115819 -0.390835315 0.913850248 -0.013828497
0.993619263 -0.080109499 0.079392545 0.244101658 0.042229563 0.916963518 0.396729797 0.058617763 -0.104581900 -0.390845686 0.914495647 -0.016052827
0.994233787 -0.077126615 0.074502483 0.224842861 0.041573428 0.917660058 0.395185590 0.058681328 -0.098847285 -0.389809549 0.915575087 -0.018570479
0.994882584 -0.073630184 0.069190301 0.204837590 0.040793408 0.919215739 0.391635507 0.058166463 -0.092437007 -0.386808842 0.917515337 -0.021977995
0.995539963 -0.069788046 0.063480340 0.183548540 0.039934870 0.921367884 0.386634767 0.057369638 -0.085471235 -0.382375300 0.920045555 -0.025410015
0.996188521 -0.064540379 0.058677033 0.161004558 0.037402354 0.923780322 0.381091803 0.056692064 -0.078800499 -0.377444595 0.922673345 -0.028598148
0.996607482 -0.061490804 0.054702584 0.138516322 0.036465928 0.925779164 0.376301944 0.055235296 -0.073781624 -0.373030543 0.924880803 -0.031663597
0.996971071 -0.058889978 0.050799906 0.115576699 0.035705060 0.926851034 0.373727530 0.053470034 -0.069092751 -0.370781749 0.926146388 -0.034833588
0.997316003 -0.056118973 0.047025759 0.091903962 0.034517080 0.926796496 0.373974383 0.052627403 -0.064570367 -0.371347427 0.926246047 -0.037847672
0.997789860 -0.051321972 0.042207882 0.067915261 0.031710755 0.925965667 0.376273811 0.052544784 -0.058394164 -0.374103725 0.925546646 -0.040648554
0.998155892 -0.047898620 0.037290566 0.043505482 0.030150095 0.924371421 0.380300462 0.053479936 -0.052686200 -0.378474832 0.924110889 -0.043204769
0.998493373 -0.044307277 0.032370273 0.019499777 0.028441371 0.922384501 0.385224551 0.052773930 -0.046926085 -0.383723527 0.922254980 -0.044572372
0.998732746 -0.039947361 0.030612895 -0.004275384 0.025058612 0.922208250 0.385880798 0.054034952 -0.043646384 -0.384624690 0.922040582 -0.046096846
0.998885393 -0.036604654 0.029800508 -0.028621037 0.022445614 0.923758328 0.382317662 0.056852996 -0.041523073 -0.381222665 0.923550308 -0.049145345
0.999035895 -0.035156917 0.026291642 -0.052562688 0.022548940 0.924792409 0.379803270 0.058337908 -0.037667025 -0.378844231 0.924693584 -0.050750703
0.999172807 -0.032479666 0.024470290 -0.076259382 0.020858282 0.925879598 0.377242535 0.060146336 -0.034909252 -0.376420051 0.925791204 -0.052401654
0.999319553 -0.029837094 0.021684861 -0.099654734 0.019541319 0.926893890 0.374814481 0.061832111 -0.031282939 -0.374135703 0.926846206 -0.054751161
0.999431670 -0.027713483 0.019192120 -0.122656286 0.018543566 0.927425683 0.373547554 0.063873939 -0.028151570 -0.372979343 0.927412450 -0.056351490
0.999584436 -0.025975546 0.012497220 -0.145345077 0.019414345 0.927138567 0.374215454 0.066410787 -0.021307107 -0.373817354 0.927257597 -0.057784919
0.999726176 -0.022890268 0.004857167 -0.166174859 0.019360924 0.925727487 0.377695292 0.069174774 -0.013141960 -0.377497822 0.925917208 -0.060115531
0.999812841 -0.019181920 -0.002512571 -0.185768217 0.018677177 0.923233688 0.383784711 0.072503619 -0.005042037 -0.383759797 0.923419178 -0.061479650
0.999814987 -0.015967410 -0.010725968 -0.203764945 0.018884882 0.920800090 0.389577419 0.075955860 0.003655929 -0.389707893 0.920931280 -0.062585443
0.999686956 -0.014753138 -0.020205999 -0.221092448 0.021511160 0.919252932 0.393079311 0.079029411 0.012775270 -0.393390924 0.919282556 -0.064864919
0.999489486 -0.013233481 -0.029080315 -0.236034572 0.023585921 0.919589043 0.392173141 0.081396624 0.021552121 -0.392658800 0.919431686 -0.065929994
0.999317527 -0.011290124 -0.035170935 -0.248375982 0.024041636 0.921666563 0.387237370 0.082307272 0.028043918 -0.387818635 0.921308994 -0.066951759
0.999130845 -0.010580516 -0.040319096 -0.259778887 0.025123585 0.924676418 0.379924089 0.083208524 0.033262324 -0.380606860 0.924138546 -0.067733146
0.998888433 -0.010307575 -0.045996383 -0.266825557 0.026764711 0.927266359 0.373444408 0.082932130 0.038801596 -0.374260396 0.926511526 -0.068474874
0.998792470 -0.008991119 -0.048298221 -0.270446956 0.026221711 0.928928614 0.369329154 0.082561538 0.041544918 -0.370149672 0.928042710 -0.069458537
0.998808801 -0.007098983 -0.048275936 -0.270940512 0.024396800 0.929473877 0.368080258 0.081996538 0.042258229 -0.368819594 0.928539932 -0.069965415
0.998923421 -0.004772866 -0.046142977 -0.268156976 0.021522345 0.928842545 0.369849056 0.081573009 0.041094322 -0.370443970 0.927945316 -0.071205132
0.999123275 -0.004852631 -0.041582394 -0.262446404 0.019991074 0.928001583 0.372039586 0.080974028 0.036783155 -0.372544676 0.927284956 -0.072492592
0.999334991 -0.004364416 -0.036201920 -0.253655970 0.017580647 0.927467048 0.373491317 0.080126323 0.031946015 -0.373879403 0.926926970 -0.074049324
0.999580920 -0.005199804 -0.028477978 -0.241960108 0.015457949 0.927621543 0.373201400 0.078889586 0.024476212 -0.373485178 0.927313209 -0.075424522
0.999758840 -0.004815040 -0.021427285 -0.227928475 0.012425549 0.928508222 0.371103913 0.077116236 0.018108532 -0.371280640 0.928344131 -0.077068053
0.999888718 -0.003834999 -0.014416208 -0.210263178 0.008883651 0.929421306 0.368913442 0.075009257 0.011983948 -0.369000465 0.929351926 -0.078214727
0.999954343 -0.005423171 -0.007865850 -0.193441674 0.007921012 0.930920184 0.365136772 0.073291868 0.005342279 -0.365182430 0.930920660 -0.079921886
0.999974668 -0.007018755 -0.001207826 -0.174328446 0.006977561 0.931540251 0.363571256 0.071617544 -0.001426679 -0.363570482 0.931565642 -0.080580853
0.999951124 -0.008710746 0.004673953 -0.154010281 0.006411125 0.931335449 0.364106029 0.070264809 -0.007524653 -0.364058286 0.931345761 -0.080930762
0.999867976 -0.012733223 0.010095290 -0.133046389 0.008137412 0.930108428 0.367194980 0.069423594 -0.014065289 -0.367064327 0.930089235 -0.079577617
0.999791861 -0.016905157 0.011419691 -0.111136444 0.011438323 0.928015471 0.372365981 0.068984725 -0.016892554 -0.372157842 0.928015709 -0.078680798
0.999679685 -0.021621129 0.013153004 -0.088182136 0.015041460 0.925574839 0.378265768 0.068972841 -0.020352622 -0.377946764 0.925603628 -0.077320799
0.999580920 -0.024480255 0.015448565 -0.064380459 0.016691117 0.923452020 0.383350730 0.068832427 -0.023650533 -0.382932246 0.923473656 -0.075721420
0.999525785 -0.024910679 0.018099997 -0.039036684 0.015984641 0.922170043 0.386454254 0.068096757 -0.026318114 -0.385981709 0.922130942 -0.073497675
0.999499500 -0.025587531 0.018603375 -0.015251221 0.016412457 0.922130108 0.386531562 0.068107478 -0.027045121 -0.386032790 0.922088504 -0.071285553
0.999504268 -0.026738334 0.016621510 0.007805367 0.018284660 0.922772527 0.384911120 0.067761794 -0.025629753 -0.384416401 0.922803998 -0.069130734
0.999493420 -0.028310068 0.014540306 0.030599950 0.020574395 0.923330009 0.383455813 0.067464545 -0.024281159 -0.382962406 0.923444748 -0.067021340
0.999399841 -0.031614266 0.014161159 0.052429978 0.023772569 0.923260927 0.383437276 0.066766739 -0.025196534 -0.382870495 0.923458338 -0.064428158
0.999320030 -0.033769492 0.014803862 0.073149130 0.025477257 0.922635257 0.384831280 0.066203132 -0.026654122 -0.384192437 0.922868192 -0.061993510
0.999209285 -0.036076255 0.016712762 0.092887089 0.026787557 0.921467304 0.387531161 0.066148385 -0.029380936 -0.386777043 0.921705127 -0.059622195
0.999086022 -0.037803840 0.019950002 0.110801585 0.027027881 0.920280695 0.390324175 0.067095250 -0.033115350 -0.389428198 0.920461357 -0.056602564
0.998882592 -0.040566109 0.024247535 0.126379579 0.027787330 0.919123650 0.392988026 0.068704747 -0.038228478 -0.391875148 0.919223845 -0.053462178
0.998655856 -0.043601163 0.028024485 0.139635235 0.029041285 0.918556273 0.394222051 0.071001239 -0.042930603 -0.392878324 0.918587804 -0.049955066
0.998426378 -0.047327518 0.030081298 0.150575250 0.031651542 0.918397903 0.394390076 0.073750056 -0.046292100 -0.392817348 0.918450654 -0.045923911
0.998212278 -0.048156299 0.035400599 0.160939887 0.030421419 0.919204116 0.392604530 0.076562397 -0.051446758 -0.390825748 0.919025838 -0.041406740
0.997569740 -0.051518477 0.046908934 0.170220926 0.029470883 0.922056258 0.385932267 0.079145692 -0.063135318 -0.383611917 0.921333730 -0.036187105
0.996438801 -0.056230176 0.062832437 0.178662866 0.028660137 0.926668584 0.374785274 0.081047125 -0.079299085 -0.371649772 0.924980044 -0.031025363
0.995297074 -0.058970228 0.076852307 0.184581220 0.027695758 0.933469057 0.357586890 0.082973287 -0.092826232 -0.353776723 0.930712283 -0.025218815
0.994340897 -0.058539417 0.088653065 0.189134002 0.025263939 0.940844357 0.337895960 0.084062591 -0.103188969 -0.333744019 0.936998904 -0.020056050
0.993261099 -0.057055064 0.100881442 0.193017200 0.022151818 0.947843730 0.317964792 0.084185004 -0.113761336 -0.313587368 0.942720175 -0.015200918
0.991905808 -0.057149313 0.113387793 0.196874484 0.020973533 0.954463184 0.297590673 0.082739264 -0.125231579 -0.292803764 0.947936177 -0.011153187
0.990622342 -0.058199454 0.123613194 0.199691162 0.021328513 0.959518909 0.280835539 0.081353739 -0.134953663 -0.275565475 0.951762140 -0.007211582
0.989178896 -0.061360408 0.133266583 0.202657193 0.023256961 0.962435782 0.270511597 0.079644457 -0.144859239 -0.264484972 0.953448236 -0.003309319
0.987718165 -0.069071867 0.140149519 0.205857992 0.028941525 0.962337136 0.270313889 0.078137599 -0.153542176 -0.262937814 0.952516913 0.000763436
0.986096025 -0.076894678 0.147315502 0.210414842 0.033398986 0.960118711 0.277590662 0.076509923 -0.162785619 -0.268810838 0.949337423 0.006029635
0.983875275 -0.086924531 0.156312555 0.216314644 0.039302818 0.957670212 0.285172015 0.074483812 -0.174484313 -0.274430186 0.945644379 0.013268588
0.981583595 -0.096413530 0.164918378 0.223028407 0.044621341 0.955132008 0.292799860 0.072356723 -0.185748681 -0.280048639 0.941844046 0.022047773
0.979145586 -0.106485918 0.173016503 0.230310887 0.050219506 0.952061355 0.301756889 0.069766849 -0.196855173 -0.286775142 0.937554300 0.031627543
0.977432013 -0.113138922 0.178399011 0.237332225 0.053001560 0.948819041 0.311341077 0.067480989 -0.204493180 -0.294859320 0.933402658 0.042109124
0.976468742 -0.117183991 0.181043237 0.243750706 0.054100059 0.945748687 0.320363194 0.064554572 -0.208762854 -0.303030223 0.929833710 0.053224817
0.976398885 -0.119404271 0.179966196 0.248271555 0.054787651 0.942953825 0.328384548 0.061081037 -0.208910331 -0.310774356 0.927240968 0.065079182
0.976647258 -0.124556109 0.175059557 0.251246333 0.059822958 0.940233648 0.335234016 0.057021599 -0.206352353 -0.316932827 0.925727963 0.078240544
0.978182673 -0.124689020 0.166166633 0.252367467 0.061818130 0.938321054 0.340194196 0.052711532 -0.198336124 -0.322499961 0.925557435 0.092050582
0.980194509 -0.122121274 0.155901164 0.250980079 0.062721729 0.938142419 0.340521276 0.047418676 -0.187842399 -0.323998690 0.927221715 0.106722131
0.982981205 -0.115296215 0.143020034 0.247019187 0.061532561 0.940196633 0.335028380 0.041670315 -0.173094451 -0.320526212 0.931290090 0.121744007
0.985766709 -0.106472664 0.130105823 0.240524694 0.059057765 0.943879366 0.324967563 0.036685616 -0.157404363 -0.312658429 0.936732948 0.138839334
0.988890231 -0.094111867 0.115061194 0.231874585 0.053615563 0.947771311 0.314412028 0.031559784 -0.138641596 -0.304749936 0.942287624 0.153791919
0.991631329 -0.080571584 0.100873932 0.221150145 0.046141215 0.950927854 0.305953026 0.027449626 -0.120574951 -0.298738182 0.946687460 0.168706164
0.994125009 -0.067844525 0.084336154 0.207623631 0.039533179 0.952934325 0.300588280 0.023340723 -0.100760080 -0.295488268 0.950017929 0.182004809
0.996466041 -0.055284534 0.063237868 0.191347763 0.033978526 0.953821301 0.298446536 0.020391757 -0.076817103 -0.295243084 0.952329040 0.193917274
0.998284519 -0.044336114 0.038240608 0.171975270 0.030931685 0.953913450 0.298483521 0.017764276 -0.049711827 -0.296788603 0.953648388 0.203726351
0.999373138 -0.034187526 0.009196602 0.149516016 0.029828854 0.953034818 0.301388294 0.016514095 -0.019068401 -0.300925046 0.953457117 0.210662559
0.999568343 -0.022719635 -0.018626045 0.124337539 0.027333552 0.951602340 0.306114167 0.017113766 0.010769786 -0.306491166 0.951812565 0.214642346
0.998884797 -0.011382875 -0.045821279 0.097067937 0.025117412 0.949888289 0.311578840 0.018227153 0.039978430 -0.312382251 0.949114859 0.215121061
0.997284412 0.000600941 -0.073644273 0.067088582 0.022820253 0.948228657 0.316767514 0.021773994 0.070021965 -0.317587852 0.945639908 0.214400977
0.994931936 0.013320853 -0.099664554 0.036540210 0.019554218 0.946629643 0.321729600 0.024994709 0.098631129 -0.322047889 0.941571593 0.207170665
0.991955340 0.028126286 -0.123424165 0.005713804 0.013658227 0.945532322 0.325241536 0.028876323 0.125849381 -0.324310809 0.937541723 0.196356848
0.988186538 0.036994621 -0.148723871 -0.024923839 0.013924289 0.944741368 0.327520728 0.033124775 0.152622104 -0.325722456 0.933065593 0.183341116
0.984387577 0.040839601 -0.171211153 -0.055539604 0.017931096 0.944381595 0.328362435 0.037345488 0.175098866 -0.326305896 0.928905189 0.166250572
0.980073988 0.041996881 -0.194142312 -0.084465921 0.024716832 0.944011688 0.328984857 0.042178869 0.197088957 -0.327228069 0.924163282 0.146330640
