0.997804642 0.065201461 -0.011603903 -0.693742692 0.006863687 -0.276086450 -0.961108506 -0.145949662 -0.065869346 0.958918869 -0.275927901 0.246620819
0.997614264 0.068683662 -0.006953113 -0.692645371 0.012020381 -0.272002816 -0.962221622 -0.158104002 -0.067980155 0.959842443 -0.272179604 0.263114512
0.997549951 0.069822796 -0.004337631 -0.691822171 0.014170922 -0.262398481 -0.964855611 -0.170446128 -0.068507098 0.962430179 -0.262745023 0.283138424
0.997578025 0.069463328 -0.003588822 -0.690671206 0.013923537 -0.249978542 -0.968151391 -0.184403986 -0.068148136 0.965756595 -0.250340343 0.303693414
0.997820199 0.065913290 -0.003207557 -0.690308988 0.012768840 -0.240530133 -0.970557749 -0.197372288 -0.064744167 0.968401134 -0.240847468 0.326219559
0.997938633 0.064130157 -0.002421964 -0.689382315 0.012641706 -0.233439326 -0.972289324 -0.211721033 -0.062918440 0.970254421 -0.233768821 0.349086344
0.998193920 0.060012236 -0.002728609 -0.688699245 0.011086643 -0.228666186 -0.973441899 -0.226010174 -0.059042357 0.971653521 -0.228918552 0.370729595
0.998325586 0.057728328 -0.003662540 -0.687501013 0.009459771 -0.225401640 -0.974220097 -0.238578141 -0.057065636 0.972554266 -0.225570321 0.393231004
0.998354912 0.057182685 -0.004193490 -0.686722755 0.008571042 -0.221158504 -0.975200355 -0.250628710 -0.056691997 0.973560154 -0.221284866 0.413845778
0.998320401 0.057758357 -0.004514193 -0.685734749 0.008063529 -0.215687990 -0.976429164 -0.260952502 -0.057370596 0.974752724 -0.215791464 0.433247268
0.997971117 0.063599177 -0.002964741 -0.685447752 0.010331145 -0.207708716 -0.978136182 -0.269037604 -0.062824458 0.976121068 -0.207944393 0.450026333
0.997883737 0.064841487 -0.004864451 -0.681984663 0.008017674 -0.196937799 -0.980383337 -0.279070765 -0.064527497 0.978269517 -0.197040915 0.468477905
0.997608840 0.069053896 -0.002850156 -0.682091355 0.009826479 -0.182540178 -0.983149350 -0.285199106 -0.068410560 0.980770528 -0.182782292 0.482315183
0.997615099 0.068916149 -0.003831543 -0.679555476 0.007706724 -0.166381478 -0.986031413 -0.290315837 -0.068590984 0.983650327 -0.166515708 0.497633249
0.997889638 0.064792998 -0.004260087 -0.684070647 0.005580813 -0.150946021 -0.988526225 -0.297082782 -0.064692624 0.986416340 -0.150989056 0.502927840
0.997804642 0.065201461 -0.011603903 -0.693742692 0.006863687 -0.276086450 -0.961108506 -0.145949662 -0.065869346 0.958918869 -0.275927901 0.246620819
0.997553527 0.069341600 -0.008874662 -0.695846677 0.011183832 -0.283612609 -0.958873808 -0.130266562 -0.069006808 0.956428707 -0.283694267 0.226120964
0.997213125 0.074439824 -0.004970521 -0.698370099 0.017197505 -0.294188976 -0.955592632 -0.111613289 -0.072596416 0.952844024 -0.294649363 0.201921850
0.996817112 0.079715073 0.001078311 -0.700009286 0.025513496 -0.306167126 -0.951635957 -0.089484677 -0.075529575 0.948634505 -0.307226419 0.172301292
0.996150970 0.086966053 0.010961268 -0.703466475 0.038293045 -0.319280624 -0.946886182 -0.066286586 -0.078847244 0.943661332 -0.321381807 0.139622062
0.995364130 0.093942091 0.020617912 -0.705349147 0.050979305 -0.333548427 -0.941353679 -0.047744870 -0.081555657 0.938040733 -0.336791277 0.107839271
0.994909286 0.098088540 0.023111578 -0.706126213 0.055939816 -0.346791983 -0.936272562 -0.015488844 -0.083822697 0.932799160 -0.350513697 0.076715715
0.994911790 0.098250613 0.022302605 -0.710599244 0.056623787 -0.362193704 -0.930381536 -0.002655381 -0.083332680 0.926910400 -0.365914106 0.053225994
0.995406032 0.093888178 0.018756058 -0.715615094 0.053056762 -0.377853394 -0.924343944 0.033615693 -0.079697922 0.921092749 -0.381098986 0.056435086
0.995321870 0.094612077 0.019567927 -0.718094289 0.054950416 -0.387780070 -0.920112729 0.036756445 -0.079465717 0.916883588 -0.391165018 0.009395577
0.995587707 0.091614321 0.020294933 -0.720765889 0.055437878 -0.399770379 -0.914937496 0.059923835 -0.075708054 0.912025690 -0.403085470 -0.029296197
1.000000000 0.000000000 0.000000000 -0.000000060 0.000000000 1.000000000 0.000000000 -0.000000030 0.000000000 0.000000000 1.000000000 0.000000075
0.999999225 -0.000181762 0.001235667 0.000747758 0.000194644 0.999945581 -0.010432760 -0.008518490 -0.001233704 0.010432993 0.999944806 -0.003117705
0.999972820 0.004962645 0.005449902 0.001771302 -0.004891965 0.999904752 -0.012906740 -0.007591707 -0.005513434 0.012879728 0.999901831 -0.003397081
0.999912560 0.010829194 0.007589811 0.003374092 -0.010766970 0.999908507 -0.008191871 0.001201254 -0.007677828 0.008109436 0.999937654 -0.002486648
0.999809504 0.016647903 0.010187692 0.003752501 -0.016671529 0.999858499 0.002238429 0.017939575 -0.010148986 -0.002407847 0.999945581 -0.000471578
0.999827743 0.014464751 0.011630312 0.004560686 -0.014634594 0.999785542 0.014653574 0.040587630 -0.011415858 -0.014821255 0.999825001 0.005371883
0.999882042 0.012140143 0.009407677 0.005143339 -0.012399676 0.999529958 0.028038632 0.067470551 -0.009062862 -0.028151978 0.999562562 0.010331606
0.999940336 0.007516070 0.007926987 0.007000695 -0.007812700 0.999244213 0.038078163 0.097993612 -0.007634797 -0.038137820 0.999243319 0.019777175
0.999919116 0.010659217 0.006938397 0.006986657 -0.010959986 0.998933196 0.044859581 0.130034477 -0.006452827 -0.044932000 0.998969197 0.026241167
0.999968231 0.006966937 0.003868483 0.009307717 -0.007145491 0.998810232 0.048240192 0.162445635 -0.003527794 -0.048266299 0.998828292 0.033108741
0.999975801 0.006624892 -0.002122819 0.008354865 -0.006508733 0.998692095 0.050711900 0.197553858 0.002456003 -0.050696857 0.998711050 0.042240508
0.999972582 0.005494589 -0.004962917 0.012172705 -0.005208923 0.998425841 0.055845894 0.228834465 0.005261955 -0.055818513 0.998427093 0.045706533
0.999966323 0.001952303 -0.007970636 0.008584035 -0.001421197 0.997811794 0.066102944 0.256469905 0.008082247 -0.066089384 0.997780979 0.052200627
0.999992549 -0.000727981 -0.003787494 0.008130644 0.001026803 0.996834040 0.079503469 0.289138049 0.003717626 -0.079506762 0.996827424 0.057181630
0.999978244 -0.006337454 -0.001844091 0.011357944 0.006479814 0.995769143 0.091661483 0.343294889 0.001255388 -0.091671437 0.995788515 0.066796415
0.999991357 -0.002413709 0.003379474 0.001608301 0.002020001 0.993705153 0.112009034 0.347006798 -0.003628558 -0.112001240 0.993701458 0.084045142
0.999997020 -0.001622098 0.001820268 0.004433518 0.001375603 0.991762996 0.128078982 0.377994686 -0.002013031 -0.128076091 0.991762280 0.079987839
0.999992251 -0.003528157 -0.001737331 -0.002709087 0.003741300 0.989602089 0.143783584 0.389708042 0.001211975 -0.143788978 0.989607632 0.082087979
0.999979436 -0.003240700 -0.005538807 -0.004335586 0.004051337 0.988177896 0.153257951 0.403631240 0.004976664 -0.153277233 0.988170683 0.087255962
0.999977827 -0.000794071 -0.006609428 -0.008089690 0.001857044 0.986720622 0.162415981 0.392647147 0.006392688 -0.162424654 0.986700237 0.088802226
0.999943435 -0.000325267 -0.010631884 -0.001475420 0.002074414 0.986303568 0.164927021 0.384057015 0.010432620 -0.164939746 0.986248493 0.072994404
0.999872565 -0.005735415 -0.014896675 -0.000654749 0.008020551 0.987375975 0.158190906 0.371176481 0.013801328 -0.158290237 0.987296164 0.055884711
0.999893785 -0.004224477 -0.013948029 -0.004936950 0.006222724 0.989192605 0.146489710 0.345154315 0.013178445 -0.146560937 0.989113867 0.059468821
0.999909222 -0.003060907 -0.013123498 -0.002500119 0.004761149 0.991297603 0.131553859 0.312832475 0.012606618 -0.131604403 0.991222143 0.053455938
0.999948025 0.000070999 -0.010196274 -0.003776916 0.001140344 0.992923856 0.118747465 0.282330722 0.010132555 -0.118752919 0.992872119 0.052251846
0.999981105 0.000780398 -0.006097239 -0.007216781 -0.000118482 0.994171023 0.107814349 0.253652126 0.006145836 -0.107811593 0.994152367 0.048030917
0.999970496 0.007685011 -0.000076233 -0.002647654 -0.007636617 0.994691551 0.102617830 0.220191628 0.000864448 -0.102614224 0.994720876 0.044415511
0.999956369 0.007716668 0.005261003 -0.001833106 -0.008198799 0.995073497 0.098800555 0.186248258 -0.004472673 -0.098839372 0.995093346 0.036514588
0.999946952 0.006748640 0.007781238 -0.000443335 -0.007453139 0.995508015 0.094383195 0.154023752 -0.007109327 -0.094436184 0.995505512 0.030045254
0.999918640 0.003247335 0.012337041 0.001519372 -0.004326023 0.996072114 0.088440269 0.118130445 -0.012001387 -0.088486448 0.996005058 0.022257520
0.999806523 -0.001225180 0.019630583 0.001005546 -0.000380085 0.996668220 0.081561990 0.075080916 -0.019665105 -0.081553675 0.996474922 0.006089480
0.999590814 -0.009328711 0.027039811 0.011034716 0.007626991 0.998024106 0.062367611 0.061543103 -0.027568191 -0.062135860 0.997686863 0.011145269
0.999318600 -0.013998816 0.034152478 0.011597400 0.012394266 0.998829722 0.046749555 0.028542131 -0.034766950 -0.046294406 0.998322666 0.005020828
0.999162793 -0.014625343 0.038207836 0.013666818 0.013472646 0.999451458 0.030254375 0.001099041 -0.038629360 -0.029714286 0.998811722 -0.001561778
0.999000788 -0.014743627 0.042191003 0.014757139 0.014172976 0.999804437 0.013792762 -0.019271480 -0.042386103 -0.013181007 0.999014378 -0.007463962
0.999033153 -0.012133048 0.042255506 0.016084844 0.012022848 0.999923646 0.002861092 -0.030877773 -0.042286992 -0.002350294 0.999102712 -0.010413523
0.998980105 -0.010145708 0.043997314 0.017688172 0.010225386 0.999946475 -0.001586321 -0.037049551 -0.043978866 0.002034593 0.999030411 -0.011879779
0.998843431 -0.005802752 0.047729820 0.019023459 0.005914995 0.999980092 -0.002210726 -0.033314362 -0.047716036 0.002490491 0.998857856 -0.010602189
0.998823285 -0.001949867 0.048458342 0.020422962 0.001948819 0.999998093 0.000068873 -0.021649787 -0.048458386 0.000025645 0.998825192 -0.006370584
0.998907030 -0.000302322 0.046740092 0.020189706 0.000106332 0.999991179 0.004195626 -0.006151986 -0.046740949 -0.004186071 0.998898268 -0.004674381
0.998979568 -0.000509606 0.045161847 0.020133995 0.000167927 0.999971330 0.007569133 0.018273430 -0.045164410 -0.007553825 0.998951018 0.002819127
0.999047816 0.001282390 0.043610286 0.019695878 -0.001830119 0.999919951 0.012522027 0.043110892 -0.043590736 -0.012589915 0.998970151 0.010153502
0.999241471 -0.001009709 0.038929272 0.020640280 0.000376358 0.999867499 0.016273171 0.075572141 -0.038940545 -0.016246177 0.999109447 0.018708745
0.999420524 0.002381877 0.033954520 0.021999337 -0.003159316 0.999733627 0.022861250 0.108201250 -0.033891026 -0.022955276 0.999161899 0.024702515
0.999557257 0.002206178 0.029672084 0.027988777 -0.002974955 0.999660373 0.025889965 0.157590151 -0.029604888 -0.025966777 0.999224365 0.039398130
0.999574840 0.005277302 0.028675498 0.028599963 -0.006234040 0.999423385 0.033377972 0.195608303 -0.028482819 -0.033542547 0.999031365 0.055867095
0.999297082 0.012730641 0.035260346 0.023711164 -0.014547704 0.998553336 0.051765069 0.206149116 -0.034550335 -0.052241638 0.998036623 0.052261781
0.999537170 0.009174877 0.029005334 0.023530507 -0.011123053 0.997641385 0.067734689 0.241594896 -0.028315462 -0.068025962 0.997281671 0.059759144
0.999671876 0.001966604 0.025538504 0.022753159 -0.004228356 0.996039331 0.088813126 0.273684382 -0.025262695 -0.088891968 0.995720863 0.065064341
0.999763608 -0.005626787 0.021002788 0.021732438 0.003251798 0.993765175 0.111445971 0.304399490 -0.021498922 -0.111351334 0.993548512 0.072622478
0.999739766 -0.011092363 0.019932562 0.020890100 0.008380584 0.991304815 0.131318256 0.332936823 -0.021215877 -0.131117031 0.991139829 0.077383339
0.999744833 -0.012639320 0.018722905 0.022157287 0.009752464 0.989094436 0.146959379 0.358161092 -0.020376189 -0.146739289 0.988965333 0.082794465
0.999783874 -0.006869604 0.019621676 0.022304753 0.003691600 0.987492025 0.157625586 0.379173636 -0.020459073 -0.157519072 0.987303972 0.086370736
0.999855578 -0.000310905 0.016991267 0.021739021 -0.002477183 0.986486971 0.163821161 0.395726174 -0.016812595 -0.163839608 0.986343741 0.087724991
0.999926865 0.003700526 0.011515294 0.020099245 -0.005569963 0.985972226 0.166816324 0.406598777 -0.010736451 -0.166868269 0.985920727 0.088885032
0.999974310 0.005475492 0.004627221 0.018469315 -0.006168948 0.986049473 0.166338176 0.411849737 -0.003651886 -0.166362435 0.986057937 0.087182082
0.999980569 0.006160507 -0.000977233 0.016683908 -0.005911005 0.985956132 0.166899964 0.409012288 0.001991698 -0.166890934 0.985973358 0.085213259
0.999963820 0.006198991 -0.005826475 0.015996113 -0.005139225 0.985948563 0.166970059 0.399247766 0.006779650 -0.166934088 0.985944748 0.083999231
0.999943554 0.007862960 -0.007144046 0.015924405 -0.006566588 0.986072719 0.166184977 0.383075863 0.008351255 -0.166128680 0.986068726 0.081097856
0.999941349 0.007693448 -0.007620880 0.015581763 -0.006347328 0.986582637 0.163139403 0.360838234 0.008773733 -0.163081467 0.986573577 0.076559380
0.999944329 0.007569601 -0.007352798 0.015089622 -0.006304605 0.987262130 0.158977076 0.334717512 0.008462532 -0.158921883 0.987254918 0.072128534
0.999923825 0.011584236 -0.004254255 0.014790317 -0.010780710 0.987745523 0.155700281 0.304996103 0.006005791 -0.155642554 0.987795174 0.067791276
0.999843299 0.017395006 0.003288026 0.016152568 -0.017693186 0.988093317 0.152835011 0.271017104 -0.000590311 -0.152869225 0.988246262 0.063517235
0.999702334 0.022150114 0.010227460 0.017171543 -0.023407839 0.988985777 0.146147951 0.236872673 -0.006877620 -0.146343842 0.989209890 0.059579536
0.999626577 0.023522083 0.013905522 0.017752066 -0.025175378 0.990658760 0.134020224 0.200114518 -0.010623193 -0.134320244 0.990881026 0.051361851
0.999573827 0.023071170 0.017883766 0.017813712 -0.025068164 0.992342412 0.120946601 0.163594857 -0.014956441 -0.121343374 0.992497921 0.046819095
0.999499738 0.021759560 0.022952776 0.018707531 -0.024050592 0.994203985 0.104785554 0.122041032 -0.020539653 -0.105285160 0.994229913 0.040173251
0.999324858 0.019535823 0.031115595 0.017491896 -0.022120969 0.996132791 0.085030034 0.082575016 -0.029334132 -0.085660934 0.995892406 0.030112630
0.999184966 0.016557677 0.036813196 0.022158336 -0.018778747 0.997971475 0.060830195 0.052499320 -0.035731312 -0.061471920 0.997469008 0.026987221
0.998899877 0.014760955 0.044509899 0.020377588 -0.016558183 0.999051094 0.040283591 0.024923263 -0.043873038 -0.040976278 0.998196423 0.021535104
0.998721242 0.015080823 0.048254170 0.020159123 -0.016246183 0.999583542 0.023850096 -0.003381996 -0.047874391 -0.024603544 0.998550296 0.013543613
0.998686612 0.010276461 0.050194588 0.020736940 -0.010817576 0.999886155 0.010520614 -0.026866643 -0.050080758 -0.011049780 0.998684049 0.009910411
0.998727798 0.007531859 0.049860828 0.018678408 -0.007607829 0.999970198 0.001334026 -0.045217611 -0.049849294 -0.001711661 0.998755276 0.000734721
0.998660266 0.001091530 0.051734753 0.018556422 -0.000926004 0.999994397 -0.003223362 -0.055547133 -0.051737979 0.003171137 0.998655677 -0.001255749
0.998487592 -0.001240739 0.054963470 0.020269148 0.001407212 0.999994516 -0.002990196 -0.057832114 -0.054959461 0.003063019 0.998483896 0.000420757
0.998264194 -0.003742843 0.058775384 0.017564304 0.003718733 0.999992967 0.000519593 -0.054349851 -0.058776911 -0.000300121 0.998271108 0.000635777
0.998230875 -0.005368488 0.059214439 0.016047532 0.005035173 0.999970615 0.005776732 -0.047983792 -0.059243713 -0.005468357 0.998228550 0.005991388
0.997944772 -0.006682393 0.063730091 0.017885882 0.005982221 0.999919713 0.011171025 -0.030004166 -0.063799620 -0.010766818 0.997904658 0.014532589
0.997585773 -0.005500486 0.069226727 0.019086845 0.004305446 0.999839365 0.017400075 -0.010339743 -0.069311321 -0.017060015 0.997449219 0.022647889
0.997176707 0.000387379 0.075089641 0.021318890 -0.002174154 0.999716401 0.023714941 0.014126905 -0.075059153 -0.023811243 0.996894777 0.031461589
0.996813655 0.006121206 0.079530396 0.023901185 -0.008456381 0.999541938 0.029058501 0.039803468 -0.079316087 -0.029638451 0.996408820 0.038809385
0.996513426 0.014933014 0.082085513 0.025319550 -0.017859997 0.999226332 0.035039883 0.066864446 -0.081498750 -0.036383759 0.996009111 0.045522518
0.996322870 0.019994153 0.083312698 0.026600581 -0.023608265 0.998812258 0.042623166 0.089495294 -0.082361527 -0.044433299 0.995611489 0.045736540
0.996751368 0.023642767 0.076991409 0.027341403 -0.027665362 0.998284221 0.051606890 0.117017500 -0.075639173 -0.053569231 0.995695233 0.049984820
0.997106016 0.025714481 0.071542561 0.028166406 -0.030176213 0.997619867 0.061999515 0.144399554 -0.069777995 -0.063978970 0.995508790 0.054998543
0.997916341 0.025488561 0.059273403 0.028591055 -0.029789073 0.996898651 0.072840303 0.174493477 -0.057232980 -0.074454233 0.995580733 0.067828648
0.998674333 0.024306564 0.045373440 0.031185558 -0.028085103 0.996020138 0.084587902 0.198568195 -0.043136820 -0.085750088 0.995382428 0.068510354
0.999128044 0.024566546 0.033759341 0.029698716 -0.027867429 0.994489193 0.101067290 0.207239524 -0.031090425 -0.101919949 0.994306624 0.056830134
0.999600470 0.019170072 0.020770313 0.029083529 -0.021450657 0.993039489 0.115811855 0.222341701 -0.018405622 -0.116211116 0.993053973 0.052821029
0.999841034 0.012906764 0.012299431 0.029559921 -0.014410233 0.991245985 0.131239057 0.234431535 -0.010497889 -0.131395429 0.991274476 0.048677288
0.999974012 0.006208671 0.003656915 0.028549723 -0.006679587 0.989072382 0.147279486 0.241280779 -0.002702544 -0.147300079 0.989088178 0.043616321
0.999989808 -0.000595279 -0.004475171 0.028370548 0.001328254 0.986188531 0.165621221 0.245051548 0.004314771 -0.165625483 0.986179292 0.038334008
0.999926448 -0.006402148 -0.010303823 0.028140005 0.008187089 0.982933998 0.183776200 0.248131439 0.008951416 -0.183847040 0.982914090 0.034994215
0.999876678 -0.011672843 -0.010503598 0.027866652 0.013576906 0.978715658 0.204771534 0.249360189 0.007889770 -0.204888895 0.978753448 0.032357249
0.999855220 -0.016379198 -0.004608995 0.028139541 0.016999392 0.973291159 0.228944063 0.248258412 0.000735974 -0.228989273 0.973428667 0.028031955
0.999790609 -0.018675467 0.008365639 0.028108664 0.015940709 0.967106581 0.253871500 0.247544765 -0.012831632 -0.253684998 0.967201769 0.024714641
0.999524355 -0.022785168 0.020782463 0.027401427 0.016185861 0.961200774 0.275374413 0.246759236 -0.026250571 -0.274907053 0.961112380 0.022404939
0.999130428 -0.029362887 0.029601714 0.026037484 0.019411273 0.955909491 0.293019176 0.245283902 -0.036900446 -0.292189777 0.955648184 0.019982388
0.998823345 -0.034929603 0.033643335 0.023437263 0.022795316 0.950453281 0.310030520 0.243504524 -0.042805664 -0.308898807 0.950131178 0.015851466
0.998725116 -0.036896631 0.034449819 0.021245018 0.023583695 0.944446504 0.327817857 0.243072569 -0.044631388 -0.326587498 0.944112599 0.011066530
0.998452067 -0.042805288 0.035512697 0.019509973 0.027835542 0.937361538 0.347244203 0.241713151 -0.048152123 -0.345718205 0.937102079 0.006175951
0.998324394 -0.044166092 0.037386157 0.017604977 0.027370717 0.929667890 0.367380500 0.241517887 -0.050982468 -0.365741611 0.929319024 0.000067386
0.998046637 -0.050335944 0.037002545 0.017048651 0.032092251 0.921260297 0.387620389 0.241057292 -0.053600211 -0.385675728 0.921076119 -0.005689090
0.998050213 -0.050592363 0.036554664 0.017367803 0.031457834 0.913557947 0.405490220 0.241965368 -0.053909510 -0.403549671 0.913368225 -0.011853335
0.998127043 -0.049791645 0.035540737 0.019346526 0.030240137 0.906613529 0.420876980 0.242230326 -0.053177871 -0.419013977 0.906421185 -0.017641226
0.998325825 -0.048047524 0.032201517 0.021920815 0.029407997 0.901047289 0.432722777 0.241853312 -0.049806345 -0.431051344 0.900951743 -0.022554785
0.998492062 -0.045967083 0.030009609 0.024559809 0.028078068 0.897388875 0.440346301 0.240065843 -0.047171723 -0.438839674 0.897326350 -0.025895869
0.998434901 -0.047672488 0.029242158 0.029349970 0.029861763 0.896525502 0.441984475 0.237374321 -0.047286838 -0.440419495 0.896545947 -0.027800765
0.998493850 -0.047371622 0.027675109 0.033879958 0.030529018 0.898872852 0.437144846 0.235464305 -0.045584664 -0.435641557 0.898965240 -0.028521184
0.998547792 -0.048841804 0.022731826 0.038389049 0.034355029 0.902340353 0.429652959 0.233917385 -0.041496865 -0.428248078 0.902707934 -0.027829053
0.998637974 -0.048699748 0.018723521 0.043164585 0.036273729 0.905982494 0.421758175 0.232469410 -0.037502699 -0.420504570 0.906515002 -0.026555067
0.998773396 -0.046302948 0.017543245 0.046562679 0.034866091 0.909239233 0.414811224 0.231922567 -0.035157986 -0.413690716 0.909738362 -0.024596818
0.999012351 -0.041822344 0.015006720 0.048581615 0.032013729 0.911693931 0.409620970 0.231876776 -0.030812841 -0.408735961 0.912132382 -0.022470577
0.999201894 -0.038274065 0.011432564 0.049363390 0.030363962 0.913728058 0.405190140 0.231479868 -0.025954528 -0.404519588 0.914160967 -0.020223517
0.999464214 -0.031910542 0.007281159 0.050416872 0.026265429 0.914681852 0.403320283 0.230796203 -0.019530114 -0.402912945 0.915029883 -0.017677108
0.999557018 -0.029411027 0.004554390 0.051503792 0.025044849 0.913907588 0.405149013 0.229612753 -0.016078139 -0.404855460 0.914239347 -0.014887689
0.999689937 -0.024637282 0.003618565 0.052425262 0.020996321 0.912090659 0.409450591 0.228898823 -0.013388208 -0.409247637 0.912325144 -0.012405291
0.999772191 -0.021204920 0.002437621 0.055582084 0.018300219 0.910347998 0.413438767 0.228743836 -0.010986020 -0.413299948 0.910528660 -0.009863984
0.999795973 -0.020161232 0.001242585 0.059235014 0.017822726 0.909435272 0.415463358 0.228592575 -0.009506304 -0.415356427 0.909609079 -0.006845472
0.999763489 -0.021616459 0.002394171 0.064335853 0.018649071 0.908708692 0.417014092 0.228379577 -0.011189971 -0.416870803 0.908896863 -0.003977165
0.999720991 -0.023470322 0.002661836 0.072160445 0.020193009 0.907666802 0.419205457 0.227111265 -0.012254946 -0.419034749 0.907887518 -0.000356743
0.999656081 -0.025736839 0.005039242 0.081614390 0.021219112 0.906671643 0.421303123 0.225922555 -0.015411948 -0.421051294 0.906905890 0.003788787
0.999563813 -0.028776852 0.006641172 0.092530511 0.023296395 0.906492710 0.421578199 0.226161405 -0.018151868 -0.421239585 0.906767726 0.007101968
0.999435961 -0.032850422 0.006970156 0.105420865 0.026813420 0.905585587 0.423315257 0.225769460 -0.020218158 -0.422889620 0.905955672 0.010950374
0.999273777 -0.037264481 0.007954504 0.119521089 0.030343013 0.904482305 0.425430417 0.224933982 -0.023048149 -0.424880087 0.904956162 0.013645665
0.999114454 -0.041178782 0.008636268 0.135803983 0.033570010 0.903925121 0.426371276 0.224434152 -0.025363987 -0.425703764 0.904507041 0.016844938
0.998905301 -0.045065500 0.012540526 0.153084323 0.035461918 0.904375076 0.425262541 0.222812548 -0.030506007 -0.424352318 0.904983163 0.018411156
0.998619974 -0.049851373 0.016521238 0.171051443 0.038249709 0.905953586 0.421645671 0.221143633 -0.035987094 -0.420431882 0.906610131 0.021745849
0.998251617 -0.054986678 0.021683585 0.189762339 0.041026741 0.908666790 0.415501475 0.219156250 -0.042550195 -0.413885415 0.909334004 0.025191657
0.997744739 -0.061136648 0.027707398 0.208368510 0.044489741 0.911439300 0.409022033 0.217083305 -0.050259851 -0.406866908 0.912103772 0.028207000
0.997180343 -0.066800177 0.034192927 0.227205738 0.047306865 0.913278937 0.404578447 0.215115026 -0.058253594 -0.401820123 0.913863838 0.031067619
0.996648252 -0.071646854 0.039483421 0.245988235 0.049777407 0.914144456 0.402320892 0.215206772 -0.064918578 -0.399007052 0.914646924 0.033878151
0.996102512 -0.075506337 0.045591585 0.264069527 0.050682716 0.913018584 0.404757112 0.215711519 -0.072187692 -0.400868863 0.913286984 0.036704127
0.995438039 -0.078885257 0.053667471 0.281605721 0.049908593 0.909921587 0.411766797 0.217109203 -0.081315517 -0.407209843 0.909707606 0.039182842
0.994683862 -0.081265189 0.063245237 0.297906071 0.047107182 0.905237854 0.422285885 0.218509048 -0.091569126 -0.417061657 0.904253662 0.040798903
0.993782282 -0.086886838 0.069623776 0.312258184 0.048565950 0.900970697 0.431153297 0.220806584 -0.100190528 -0.425091147 0.899588466 0.042540550
0.993377030 -0.089977190 0.071457878 0.324171275 0.049685527 0.897141159 0.438940853 0.222314864 -0.103602469 -0.432483345 0.895669997 0.044108447
0.993265867 -0.089453302 0.073627606 0.334831387 0.047959618 0.895957649 0.441542506 0.225214094 -0.105464652 -0.435037971 0.894214272 0.045869946
0.993535697 -0.089509368 0.069820181 0.345823169 0.049641728 0.895697296 0.441884696 0.227134123 -0.102090567 -0.435562253 0.894350648 0.046725705
0.993635058 -0.089032918 0.069010578 0.352433413 0.049612194 0.895892978 0.441491067 0.227980331 -0.101133339 -0.435257256 0.894607842 0.048068419
0.993600965 -0.091208547 0.066619590 0.356375873 0.053226545 0.898340344 0.436063677 0.230791748 -0.099619791 -0.429727346 0.897446573 0.049003299
0.993900061 -0.090392679 0.063180745 0.359000623 0.054138809 0.899014592 0.434559256 0.230824307 -0.096081391 -0.428487927 0.898424447 0.049580663
0.993756771 -0.093472511 0.060912855 0.359908193 0.058352515 0.900794148 0.430307865 0.232112050 -0.095091902 -0.424066961 0.900624633 0.048869304
0.993605494 -0.094791114 0.061341032 0.357781351 0.059357736 0.900695562 0.430376798 0.232163414 -0.096045494 -0.423983723 0.900562644 0.048486993
0.993500292 -0.093130641 0.065451361 0.354248613 0.056071080 0.900790572 0.430618554 0.233104721 -0.099061750 -0.424149722 0.900157630 0.048006162
0.993463814 -0.092198901 0.067298092 0.349349320 0.054407500 0.900765479 0.430884480 0.231308579 -0.100346871 -0.424406588 0.899894178 0.045606032
0.993514836 -0.091901332 0.066951066 0.341397941 0.054366156 0.901112676 0.430163056 0.229765937 -0.099863008 -0.423733503 0.900265157 0.043445423
0.993800163 -0.090401255 0.064721368 0.332037896 0.054016389 0.901392996 0.429619581 0.227894872 -0.097177528 -0.423459977 0.900687635 0.040541962
0.993824780 -0.091771439 0.062372036 0.318947464 0.056240588 0.901166558 0.429809064 0.228316784 -0.095651783 -0.423647076 0.900762975 0.037836306
0.994411290 -0.088505991 0.057557542 0.305993676 0.055068366 0.899966121 0.432467937 0.228298619 -0.090075836 -0.426881373 0.899810314 0.034344170
0.994851768 -0.086080000 0.053481266 0.291396737 0.054414991 0.898946524 0.434665620 0.228906348 -0.085492805 -0.429517686 0.899002552 0.031422585
0.995188653 -0.084820487 0.049041133 0.275494009 0.055188425 0.898868799 0.434728771 0.230724543 -0.080955446 -0.429930657 0.899225116 0.028546266
0.995510638 -0.083757326 0.044083059 0.257184148 0.056352492 0.898698688 0.434931189 0.230419919 -0.076046057 -0.430494457 0.899384022 0.025942108
0.995952725 -0.080606006 0.039760049 0.237768829 0.055518959 0.899624586 0.433120430 0.230304286 -0.070681222 -0.429160058 0.900458694 0.022842728
0.996396244 -0.077314951 0.034884080 0.217277899 0.054933913 0.901576400 0.429117978 0.229701042 -0.064627901 -0.425655246 0.902574539 0.019136172
0.996834695 -0.073627226 0.029994417 0.195479751 0.053994048 0.903891206 0.424341112 0.228117034 -0.058354747 -0.421378404 0.905005515 0.014754727
0.997329175 -0.068503268 0.025333615 0.173612207 0.051589936 0.906254888 0.419571966 0.226234242 -0.051700763 -0.417144388 0.907368481 0.010907963
0.997701883 -0.065056287 0.018938666 0.152046517 0.051345445 0.908293664 0.415170193 0.223518729 -0.044211298 -0.413243651 0.909546614 0.006204558
0.997892141 -0.062985294 0.015623842 0.128431752 0.050927240 0.909302235 0.413008332 0.221086219 -0.040220246 -0.411342084 0.910593212 0.002750291
0.998132885 -0.059877552 0.012058572 0.104881838 0.049582273 0.909593344 0.412530631 0.220361724 -0.035669722 -0.411162525 0.910863936 -0.000847347
0.998464048 -0.054871973 0.007658301 0.080474176 0.046733137 0.908365726 0.415557176 0.219089270 -0.029758977 -0.414561003 0.909534812 -0.004307205
0.998652816 -0.051827066 0.002558204 0.056247573 0.045978516 0.906657040 0.419355482 0.218927518 -0.024053376 -0.418672889 0.907818496 -0.007972013
0.998988748 -0.044960711 0.000044700 0.031877056 0.040748257 0.905810893 0.421718150 0.220816344 -0.019001234 -0.421289891 0.906726956 -0.010333884
0.999135256 -0.041532528 -0.001952521 0.008158964 0.038468968 0.905576646 0.422434747 0.221135244 -0.015776623 -0.422144532 0.906391263 -0.013271307
0.999220610 -0.039334476 -0.003312424 -0.016468393 0.037072167 0.906296611 0.421013206 0.221502244 -0.013558295 -0.420807868 0.907048464 -0.016389772
0.999288201 -0.037152797 -0.006537057 -0.040319607 0.036482267 0.907700777 0.418029219 0.223417059 -0.009597261 -0.417970151 0.908410072 -0.018215306
0.999342442 -0.035413813 -0.007779027 -0.064542897 0.035444189 0.908956766 0.415380895 0.224818423 -0.007639419 -0.415383458 0.909614325 -0.020585625
0.999379575 -0.033357807 -0.011301952 -0.087200813 0.035043478 0.909648895 0.413897216 0.224791452 -0.003525892 -0.414036453 0.910253465 -0.024299283
0.999421358 -0.031106059 -0.013762170 -0.110113278 0.034013297 0.910574436 0.411943287 0.227452159 -0.000282451 -0.412173003 0.911105573 -0.025587007
0.999398351 -0.028222071 -0.020161079 -0.133149952 0.034037437 0.909743547 0.413773030 0.227491483 0.006663883 -0.414210290 0.910156846 -0.030910607
0.999298334 -0.025867362 -0.027087629 -0.154415533 0.034802031 0.908592463 0.416231424 0.230878726 0.013844808 -0.416882068 0.908855140 -0.032714184
0.999150872 -0.022195358 -0.034712061 -0.174608886 0.034778673 0.906057537 0.421722949 0.233512163 0.022090834 -0.422572076 0.906060100 -0.038590059
0.998831928 -0.020437889 -0.043784525 -0.191565603 0.037230812 0.903124094 0.427762449 0.236054778 0.030800302 -0.428892910 0.902830124 -0.036959559
0.998547971 -0.016263006 -0.051356338 -0.210436463 0.036883846 0.901235163 0.431757748 0.238934919 0.039262459 -0.433025062 0.900526404 -0.039223276
0.997674823 -0.020838406 -0.064889714 -0.222464144 0.046830591 0.901344717 0.430563092 0.239001289 0.049515750 -0.432600796 0.900224805 -0.041075602
0.997224927 -0.019126358 -0.071948685 -0.234103367 0.047950171 0.904294133 0.424208611 0.240287647 0.056949206 -0.426481336 0.902701735 -0.041675918
0.996949553 -0.013844128 -0.076810993 -0.243220225 0.044664886 0.908259869 0.416015595 0.243992075 0.064004965 -0.418177336 0.906107664 -0.041597422
0.996453047 -0.013830291 -0.083006322 -0.249945641 0.046800375 0.910860658 0.410052001 0.243500918 0.069936052 -0.412482321 0.908277094 -0.042660173
0.996256053 -0.012931701 -0.085479192 -0.253511429 0.046728443 0.912418127 0.406582832 0.242393166 0.072734959 -0.409054935 0.909606338 -0.043778546
0.996301830 -0.011076748 -0.085205592 -0.254186809 0.044776883 0.913288534 0.404844582 0.242041737 0.073332928 -0.407162607 0.910407007 -0.045391046
0.996496677 -0.008705923 -0.083178192 -0.251244217 0.041891061 0.912765384 0.406330556 0.241636753 0.072384685 -0.408391446 0.909932375 -0.046482805
0.996881425 -0.008811403 -0.078420207 -0.245797828 0.040195290 0.911870360 0.408505499 0.241168767 0.067909554 -0.410383701 0.909380853 -0.047289938
0.997274637 -0.008615087 -0.073274247 -0.236752495 0.037992679 0.911320984 0.409939736 0.240607738 0.063244693 -0.411606401 0.909164608 -0.048241295
0.997823894 -0.008940843 -0.065326147 -0.225219220 0.035020586 0.911325872 0.410193473 0.239233315 0.055865932 -0.411588639 0.909655869 -0.048962008
0.998235047 -0.008920742 -0.058712739 -0.210688412 0.032132618 0.912565947 0.407665133 0.238454476 0.049942572 -0.408832252 0.911242008 -0.049712822
0.998707771 -0.008473970 -0.050109483 -0.195247948 0.028102838 0.913617194 0.405603021 0.236408338 0.042343818 -0.406487137 0.912674785 -0.050616678
0.998928845 -0.009234754 -0.045342419 -0.176436022 0.026738329 0.914930344 0.402725101 0.234894648 0.037766088 -0.403506100 0.914197206 -0.050956894
0.999214053 -0.010961264 -0.038094331 -0.157746419 0.025332965 0.915731728 0.400990784 0.234271914 0.030488823 -0.401640654 0.915289700 -0.050482508
0.999404430 -0.012190029 -0.032283708 -0.137645349 0.024136733 0.915541232 0.401499271 0.233574167 0.024662778 -0.402039349 0.915290177 -0.049691029
0.999476135 -0.015706629 -0.028297141 -0.115311153 0.025806967 0.914408505 0.403969169 0.233397573 0.019530155 -0.404487789 0.914334834 -0.048587661
0.999417424 -0.019775864 -0.027815748 -0.093019292 0.029427562 0.912130535 0.408842176 0.233399659 0.017286386 -0.409422547 0.912181079 -0.047110379
0.999381125 -0.023907704 -0.025802506 -0.070904836 0.032456867 0.909522414 0.414385676 0.234155804 0.013560949 -0.414966702 0.909735560 -0.045423880
0.999377668 -0.026203571 -0.023615461 -0.047465507 0.033703759 0.906885087 0.420027971 0.233805373 0.010410278 -0.420562506 0.907203853 -0.042643938
0.999378800 -0.031250652 -0.016292796 -0.024792176 0.035210799 0.905078292 0.423784673 0.231935591 0.001502709 -0.424095094 0.905616403 -0.038460962
0.999360621 -0.031682882 -0.016568899 -0.000639718 0.035720963 0.904615104 0.424729973 0.231830448 0.001531806 -0.425050288 0.905168474 -0.036469858
0.999262810 -0.033307023 -0.019091766 0.022543451 0.038256615 0.905450940 0.422723413 0.231797665 0.003207000 -0.423142195 0.906057656 -0.034837268
0.999230206 -0.033141889 -0.020991875 0.045351736 0.038902588 0.906141222 0.421182543 0.232540548 0.005062820 -0.421674937 0.906732917 -0.031155080
0.999121964 -0.036177594 -0.021129703 0.066473804 0.041715164 0.905843794 0.421552956 0.231795222 0.003889441 -0.422064245 0.906557620 -0.029063186
0.999027848 -0.038930804 -0.020682454 0.087364897 0.044025749 0.905138969 0.422829926 0.231797591 0.002259388 -0.423329413 0.905973017 -0.025201343
0.999085665 -0.038915180 -0.017705016 0.106398851 0.042750031 0.904068649 0.425243825 0.233182907 -0.000541889 -0.425611883 0.904905677 -0.022230476
0.999052465 -0.040945970 -0.014749695 0.124304920 0.043318808 0.902875483 0.427714169 0.234656379 -0.004196031 -0.427947819 0.903793693 -0.018907310
0.998923302 -0.044929583 -0.011556971 0.140562028 0.045532357 0.901763678 0.429824561 0.237194151 -0.008890179 -0.429887980 0.902838469 -0.015424986
0.998809397 -0.048136044 -0.007917112 0.153700799 0.046849396 0.901270270 0.430716902 0.239923149 -0.013597544 -0.430574983 0.902452409 -0.011950785
0.998645306 -0.051679730 -0.006065990 0.165569946 0.049239270 0.900861442 0.431305170 0.243111759 -0.016825121 -0.431019545 0.902185678 -0.010034147
0.998619735 -0.052519262 -0.000616513 0.174963772 0.047684856 0.901650965 0.429827541 0.244915381 -0.022018347 -0.429263681 0.902910769 -0.005233807
0.998361707 -0.056161623 0.010945769 0.184138581 0.046247121 0.904672444 0.423590541 0.247584477 -0.033691868 -0.422390342 0.905787647 -0.000231463
0.997758746 -0.061281797 0.026869852 0.192070141 0.044755343 0.909701109 0.412844867 0.250408530 -0.049743410 -0.410717040 0.910404921 0.006034121
0.997062087 -0.064754635 0.040914312 0.198143378 0.043307625 0.917151272 0.396179289 0.252641380 -0.063179053 -0.393243462 0.917261124 0.012312140
0.996478975 -0.065081827 0.052858170 0.202578321 0.040436447 0.925327182 0.377007306 0.254275531 -0.073447429 -0.373542488 0.924700737 0.017697882
0.995864153 -0.062982336 0.065481596 0.205929279 0.035490517 0.933135271 0.357769430 0.254257977 -0.083636336 -0.353965759 0.931511283 0.022373084
0.994828880 -0.065052181 0.077997811 0.209626824 0.035040550 0.940640450 0.337591052 0.254182965 -0.095328934 -0.333112240 0.938055754 0.027604103
0.993844569 -0.066690795 0.088460810 0.212359503 0.034917168 0.946373105 0.321183294 0.253192097 -0.105136909 -0.316117495 0.942876458 0.031844169
0.992684662 -0.070217155 0.098217830 0.215347320 0.036387384 0.949661195 0.311158448 0.251688749 -0.115122318 -0.305308312 0.945269108 0.036055792
0.991401374 -0.077960685 0.105097286 0.218484417 0.041686002 0.949468970 0.311080307 0.250429094 -0.124038644 -0.304024369 0.944554746 0.040405918
0.989986539 -0.085598715 0.112247348 0.222980276 0.045758463 0.946828902 0.318466961 0.249075711 -0.133539394 -0.310141742 0.941264749 0.046062462
0.988020241 -0.095469862 0.121249825 0.228697419 0.051189303 0.943941653 0.326119393 0.247576818 -0.145587325 -0.316005856 0.937520504 0.053696204
0.985986292 -0.104772866 0.129821613 0.235121205 0.056044579 0.940986693 0.333771050 0.245917767 -0.157130554 -0.321817875 0.933671951 0.062736705
0.983934999 -0.113847867 0.137515828 0.242002994 0.060641747 0.937615097 0.342345655 0.244085312 -0.167912230 -0.328506649 0.929456234 0.072888196
0.982428014 -0.120195538 0.142787442 0.248770148 0.063108057 0.933896720 0.351929367 0.242261127 -0.175649062 -0.336734235 0.925071597 0.083863951
0.981580973 -0.123932295 0.145394757 0.254901469 0.064020313 0.930418372 0.360864282 0.239891768 -0.180000678 -0.344909310 0.921215177 0.095406190
0.981520414 -0.125840291 0.144159377 0.259592265 0.064749822 0.927319884 0.368626237 0.237096310 -0.180069894 -0.352479875 0.918331504 0.107449189
0.981604218 -0.130744562 0.139136553 0.262245268 0.069913581 0.924269378 0.375284165 0.233781800 -0.177666008 -0.358652979 0.916407585 0.121005520
0.982982874 -0.129243731 0.130540028 0.262321562 0.070761897 0.922196448 0.380192697 0.229044676 -0.169521078 -0.364485681 0.915648818 0.134099349
0.984499693 -0.127991602 0.119910263 0.260930240 0.073541522 0.921943247 0.380279213 0.224847943 -0.159222990 -0.365566403 0.917065561 0.149069935
0.986959755 -0.119987942 0.107300222 0.256056458 0.071620382 0.924318194 0.374841779 0.219054624 -0.144156039 -0.362268895 0.920858443 0.163700417
0.989262581 -0.112034850 0.093849279 0.249996886 0.070465453 0.928216457 0.365306556 0.214490488 -0.128039509 -0.354770958 0.926144421 0.179559767
0.991605878 -0.101807870 0.079705596 0.240288019 0.067234449 0.932558775 0.354702234 0.209692135 -0.110441625 -0.346365869 0.931575716 0.195195392
0.993915081 -0.088569395 0.065485209 0.229066953 0.060618944 0.936209202 0.346175849 0.206050962 -0.091968432 -0.340099752 0.935881376 0.209922761
0.995909035 -0.075924374 0.048996422 0.214770272 0.054798953 0.938607991 0.340605527 0.201610461 -0.071848698 -0.336527199 0.938928783 0.223574758
0.997599244 -0.063366964 0.027935300 0.197913557 0.050220568 0.939731002 0.338206410 0.198644757 -0.047682781 -0.335991561 0.940657258 0.235238269
0.998623431 -0.052371114 0.002919049 0.178023145 0.048306488 0.939950585 0.337874800 0.196034938 -0.020438641 -0.337268680 0.941186547 0.244536161
0.998769641 -0.042160865 -0.026109833 0.154908106 0.048535395 0.939104438 0.340186924 0.194987625 0.010177288 -0.341035634 0.939995289 0.250856549
0.998075008 -0.030484596 -0.054009203 0.129615471 0.047272310 0.937656105 0.344334722 0.195279315 0.040145155 -0.346225023 0.937292159 0.254121125
0.996517956 -0.018936571 -0.081199840 0.102416649 0.046237510 0.935913503 0.349181890 0.196183339 0.069383726 -0.351720512 0.933530152 0.253749430
0.994008601 -0.006700607 -0.109096192 0.072994217 0.045135051 0.934208393 0.353860795 0.198224798 0.099547498 -0.356664717 0.928913653 0.249220610
0.990820944 0.006151313 -0.135040969 0.042733874 0.043031357 0.932647824 0.358212680 0.200528592 0.128149152 -0.360735625 0.923822284 0.241183847
0.987099886 0.021020558 -0.158719614 0.012237793 0.038220968 0.931743443 0.361100137 0.203479677 0.155476496 -0.362508357 0.918920457 0.229501873
0.982498348 0.029882070 -0.183858797 -0.018274663 0.039523263 0.931130886 0.362537205 0.206755787 0.182029948 -0.363458931 0.913653493 0.214099288
0.977759957 0.035923980 -0.206627488 -0.047856968 0.042754047 0.930390418 0.364068359 0.209853768 0.205323011 -0.364805609 0.908162594 0.195964500
0.972660363 0.036196366 -0.229394183 -0.075504944 0.050984763 0.930397034 0.362990201 0.214088976 0.226566598 -0.364761770 0.903114855 0.175741687
0.968758583 0.039999962 -0.244758800 -0.100265235 0.054417610 0.928573072 0.367138654 0.217565507 0.241961971 -0.368987888 0.897386372 0.153855756
0.966366827 0.044769403 -0.253240794 -0.120344676 0.054365825 0.926910162 0.371324629 0.223010406 0.251355439 -0.372603446 0.893301249 0.131635815
0.965058923 0.047419060 -0.257706553 -0.135942936 0.054670062 0.925408423 0.375007272 0.229408652 0.256266326 -0.375992954 0.890481293 0.108645640
0.965249181 0.050865561 -0.256333172 -0.146591499 0.051782265 0.924198687 0.378385216 0.237140954 0.256149590 -0.378509551 0.889448106 0.085767560
