1.000000000 0.000000000 0.000000000 0.000000000 0.000000000 1.000000000 0.000000000 -0.000000261 0.000000000 0.000000000 1.000000000 0.000000179
0.999984443 0.003441743 0.004386041 -0.000075021 -0.003460189 0.999985158 0.004204938 0.019243047 -0.004371504 -0.004220049 0.999981523 0.007117998
0.999969780 0.004473844 0.006356271 -0.000657292 -0.004563424 0.999889493 0.014149371 0.041905578 -0.006292267 -0.014177949 0.999879718 0.013445512
0.999972463 0.003981302 0.006263726 -0.000958550 -0.004149071 0.999626756 0.027003188 0.065544680 -0.006153880 -0.027028434 0.999615729 0.021175435
0.999981940 0.000329711 0.006002334 -0.002169968 -0.000550357 0.999322653 0.036795534 0.090749472 -0.005986136 -0.036798172 0.999304771 0.027419562
0.999977529 -0.000164816 0.006699880 -0.002794306 -0.000129956 0.999032736 0.043972366 0.117371917 -0.006700646 -0.043972246 0.999010265 0.036323965
0.999971807 -0.004402697 0.006080204 -0.003513936 0.004099271 0.998788118 0.049045417 0.142194495 -0.006288768 -0.049019109 0.998778045 0.043404467
0.999963462 -0.006878431 0.005080985 -0.004222879 0.006601953 0.998595893 0.052560922 0.167009950 -0.005435388 -0.052525457 0.998604774 0.049720868
0.999961436 -0.007748764 0.004139716 -0.004738617 0.007500376 0.998347282 0.056977686 0.190651342 -0.004574381 -0.056944434 0.998366892 0.055970203
0.999969065 -0.007025473 0.003529406 -0.005236339 0.006791390 0.998024881 0.062451541 0.211478040 -0.003961187 -0.062425643 0.998041749 0.060587674
0.999989510 -0.000999445 0.004465466 -0.006122883 0.000682413 0.997515678 0.070441924 0.230892181 -0.004524776 -0.070438139 0.997505903 0.064160675
0.999998152 -0.000173325 0.001906554 -0.007097108 0.000016669 0.996643662 0.081862345 0.248880818 -0.001914344 -0.081862167 0.996641815 0.066664085
0.999991894 0.003060448 0.002622940 -0.008042036 -0.003299039 0.995337903 0.096392840 0.265334636 -0.002315706 -0.096400708 0.995339930 0.069260985
0.999993145 0.003475184 0.001290029 -0.008640051 -0.003599616 0.993471265 0.114025824 0.277129412 -0.000885346 -0.114029683 0.993476927 0.070704006
0.999995291 0.003053923 0.000280030 -0.009242811 -0.003064284 0.991371810 0.131043881 0.283525646 0.000122584 -0.131044120 0.991376519 0.071771279
0.999996364 0.002399415 -0.001231821 -0.010766078 -0.002196294 0.989507675 0.144463509 0.282449394 0.001565524 -0.144460291 0.989509344 0.068141900
0.999988973 0.001723762 -0.004368460 -0.011494281 -0.001051980 0.988782823 0.149356619 0.272428423 0.004576913 -0.149350390 0.988773763 0.063999139
0.999983847 0.003598681 -0.004394633 -0.012043281 -0.002910392 0.989035070 0.147652104 0.254040331 0.004877799 -0.147636935 0.989029586 0.058399983
0.999993742 0.002811650 -0.002137865 -0.012399439 -0.002487867 0.990326285 0.138736114 0.228894234 0.002507261 -0.138729915 0.990327060 0.055565435
0.999933064 0.010953373 0.003722411 -0.013325972 -0.011341055 0.991638422 0.128548294 0.198495314 -0.002283249 -0.128581911 0.991696239 0.048417967
0.999798715 0.017090434 0.010508553 -0.013313693 -0.018192900 0.993109524 0.115769252 0.162884265 -0.008457596 -0.115937129 0.993220568 0.040083922
0.999481797 0.024322746 0.021083936 -0.014159246 -0.026342316 0.994486749 0.101499781 0.124732599 -0.018498942 -0.102002591 0.994612098 0.031945132
0.998965859 0.032395847 0.031901702 -0.014481720 -0.035040610 0.995664001 0.086170778 0.085465156 -0.028971799 -0.087199524 0.995769501 0.024666188
0.998665869 0.036616452 0.036410119 -0.016204529 -0.039132334 0.996710360 0.070972972 0.046190090 -0.033691566 -0.072303094 0.996813476 0.016134633
0.998593211 0.038423542 0.036540829 -0.018065892 -0.040412057 0.997649729 0.055334527 0.012128312 -0.034328796 -0.056733374 0.997798979 0.009606471
0.998782277 0.035908129 0.033831168 -0.018404931 -0.037330773 0.998402953 0.042402718 -0.022177175 -0.032254536 -0.043614026 0.998527646 0.001552683
0.998844683 0.033531211 0.034424037 -0.018320248 -0.034532025 0.998985589 0.028902287 -0.052539274 -0.033419989 -0.030057626 0.998989284 -0.004196215
0.998983383 0.027980641 0.035345424 -0.019186283 -0.028466064 0.999506176 0.013305824 -0.081830092 -0.034955662 -0.014298443 0.999286592 -0.010790213
0.999050915 0.024280187 0.036162991 -0.019111861 -0.024207667 0.999703944 -0.002441904 -0.107950971 -0.036211576 0.001564164 0.999342918 -0.017427802
0.999153137 0.020091660 0.035907887 -0.017645309 -0.019361034 0.999600708 -0.020580411 -0.128261834 -0.036307044 0.019867767 0.999143183 -0.021630429
0.999146760 0.021595122 0.035204958 -0.018085830 -0.020354604 0.999172211 -0.035222590 -0.146738619 -0.035936449 0.034475952 0.998759210 -0.030287417
0.999105096 0.021793319 0.036249273 -0.017143246 -0.020099567 0.998718321 -0.046450745 -0.153602362 -0.037215129 0.045680586 0.998262644 -0.032569591
0.998832405 0.026794348 0.040198248 -0.015675960 -0.024809211 0.998485923 -0.049095113 -0.152411744 -0.041452859 0.048040505 0.997984827 -0.033043504
0.998553753 0.032585114 0.042762097 -0.014571333 -0.030681841 0.998541057 -0.044434346 -0.143995255 -0.044147607 0.043058068 0.998096704 -0.032358866
0.998272717 0.037574165 0.045163825 -0.012801694 -0.036046080 0.998765230 -0.034185629 -0.126425743 -0.046392553 0.032498602 0.998394489 -0.028368572
0.998263359 0.035429385 0.047063779 -0.011798773 -0.034481514 0.999188840 -0.020801781 -0.105675220 -0.047762599 0.019142827 0.998675287 -0.023739848
0.998433173 0.032961853 0.045219004 -0.009856378 -0.032645673 0.999437213 -0.007713226 -0.078753240 -0.045447797 0.006224935 0.998947322 -0.016656499
0.998684824 0.027169455 0.043479864 -0.006083237 -0.027301699 0.999624252 0.002450431 -0.049682565 -0.043396946 -0.003634282 0.999051273 -0.006737208
0.998659790 0.029980650 0.042187124 -0.003642817 -0.030407751 0.999492228 0.009518774 -0.019070460 -0.041880324 -0.010788832 0.999064386 0.003726087
0.998778164 0.028483206 0.040383577 -0.003952403 -0.029030604 0.999493539 0.013033882 0.015001656 -0.039991878 -0.014190316 0.999099255 0.009825969
0.999023914 0.027644716 0.034452807 -0.002687515 -0.028216287 0.999470294 0.016215604 0.047932889 -0.033986282 -0.017171904 0.999274790 0.018798823
0.999145448 0.026063664 0.032078218 -0.001090365 -0.026746860 0.999420464 0.021056194 0.080654085 -0.031510826 -0.021896191 0.999263525 0.025673276
0.999361277 0.021301679 0.028693780 -0.000962578 -0.022177741 0.999286652 0.030567281 0.113778636 -0.028022178 -0.031184118 0.999120772 0.033514764
0.999283016 0.018429432 0.033072792 -0.000557930 -0.019870065 0.998843908 0.043772891 0.145239770 -0.032227844 -0.044398665 0.998493910 0.040677160
0.999195218 0.015343293 0.037061121 -0.000547113 -0.017532619 0.998074949 0.059489634 0.176089913 -0.036077011 -0.060091536 0.997540712 0.047921356
0.999033868 0.016563507 0.040706225 -0.000925880 -0.019680830 0.996804774 0.077414006 0.200616568 -0.039293915 -0.078140348 0.996167719 0.053168349
0.999053478 0.017402057 0.039866384 -0.001422960 -0.021115270 0.995281935 0.094699636 0.222108036 -0.038030323 -0.095451787 0.994707346 0.057568323
0.999190450 0.016783074 0.036562271 -0.002562931 -0.020674706 0.993848145 0.108804584 0.239822492 -0.034511268 -0.109472409 0.993390560 0.059909999
0.999314725 0.017436286 0.032650203 -0.003480687 -0.021230208 0.992581248 0.119715355 0.246493891 -0.030320587 -0.120326482 0.992271245 0.059878007
0.999366760 0.017936386 0.030729648 -0.004921277 -0.021701422 0.991673708 0.126934037 0.245722279 -0.028197046 -0.127520546 0.991435051 0.058793478
0.999452472 0.017982192 0.027773554 -0.006370096 -0.021424025 0.991404295 0.129067838 0.236260161 -0.025213899 -0.129592180 0.991246760 0.056569908
0.999536037 0.016499789 0.025601724 -0.008435471 -0.019554680 0.992080331 0.124073274 0.218112469 -0.023351787 -0.124516346 0.991942704 0.052084312
0.999538064 0.016996086 0.025194321 -0.011549894 -0.019717943 0.993506491 0.112053588 0.193612531 -0.023126248 -0.112498611 0.993382752 0.045588057
0.999552429 0.016085755 0.025222857 -0.013372365 -0.018453050 0.995150208 0.096620709 0.165862948 -0.023546316 -0.097042903 0.995001614 0.038982511
0.999407411 0.020004801 0.028011991 -0.014538459 -0.022281017 0.996262312 0.083456583 0.135686725 -0.026237758 -0.084031262 0.996117651 0.032175325
0.999287426 0.020650981 0.031594180 -0.015468002 -0.022922779 0.997044981 0.073320091 0.103669643 -0.029986685 -0.073992074 0.996807873 0.025091568
0.999002337 0.024847321 0.037106443 -0.014881384 -0.027264584 0.997438729 0.066126116 0.072250955 -0.035368349 -0.067071833 0.997121096 0.018223519
0.998780131 0.025106099 0.042520102 -0.014877897 -0.027688663 0.997736514 0.061279617 0.039591976 -0.040885363 -0.062382191 0.997214556 0.010363227
0.998704255 0.023881337 0.044939011 -0.014555653 -0.026406975 0.998054802 0.056473788 0.007644404 -0.043502927 -0.057587314 0.997392178 0.002144129
0.998573124 0.020350959 0.049371675 -0.014311002 -0.022842690 0.998465776 0.050441060 -0.025535554 -0.048269406 -0.051496867 0.997505963 -0.004586576
0.998320878 0.015632527 0.055776738 -0.012903839 -0.017940992 0.998992741 0.041129831 -0.058226634 -0.055077590 -0.042061459 0.997595727 -0.011663167
0.997838557 0.011057616 0.064775698 -0.010920113 -0.012885484 0.999528527 0.027868941 -0.090602197 -0.064436994 -0.028643370 0.997510612 -0.018174954
0.997451425 0.006337588 0.071067087 -0.009544217 -0.007168690 0.999908805 0.011445668 -0.120179817 -0.070988066 -0.011925954 0.997405887 -0.025357131
0.997194707 0.006247678 0.074589744 -0.007982211 -0.005845855 0.999967217 -0.005604218 -0.146186218 -0.074622318 0.005152456 0.997198582 -0.032267161
0.996923089 0.006149553 0.078144066 -0.006922982 -0.004427279 0.999743879 -0.022193898 -0.166288048 -0.078260534 0.021779645 0.996694982 -0.038300861
0.996979713 0.008133893 0.077235520 -0.003802061 -0.005497891 0.999397099 -0.034280904 -0.178264394 -0.077467799 0.033752732 0.996423364 -0.042903449
0.996819437 0.010400820 0.079011403 -0.002814378 -0.007339769 0.999214828 -0.038933996 -0.183540404 -0.079354309 0.038230237 0.996113122 -0.045027394
0.996445894 0.014885336 0.082909957 -0.001866819 -0.011658110 0.999160469 -0.039273515 -0.180473804 -0.083424956 0.038167357 0.995782852 -0.044236220
0.996293128 0.018821422 0.083938755 -0.001240937 -0.015763287 0.999192834 -0.036948085 -0.169495761 -0.084566422 0.035487972 0.995785654 -0.041153528
0.996401429 0.020273330 0.082299441 -0.000994713 -0.017592633 0.999294937 -0.033168036 -0.151842743 -0.082913846 0.031600814 0.996055543 -0.035933115
0.996551573 0.020050585 0.080516338 -0.000389494 -0.017763685 0.999421000 -0.029019520 -0.129804343 -0.081051573 0.027489182 0.996330738 -0.028721249
0.996656656 0.021155110 0.078917414 0.001153915 -0.019290844 0.999518275 -0.024311123 -0.103343129 -0.079393700 0.022707460 0.996584654 -0.020170646
0.997041762 0.019289041 0.074401796 0.003004088 -0.017883832 0.999649763 -0.019507010 -0.074059442 -0.074752003 0.018118713 0.997037530 -0.011131342
0.997295618 0.022995217 0.069804557 0.005378724 -0.022139115 0.999670208 -0.013013327 -0.041900605 -0.070080779 0.011432724 0.997475803 -0.002308143
0.997409999 0.024936210 0.067464583 0.005675626 -0.024625055 0.999681950 -0.005439927 -0.009667278 -0.067578770 0.003764519 0.997706831 0.005646103
0.997353733 0.028560987 0.066856973 0.008478625 -0.028852900 0.999577880 0.003404524 0.023913721 -0.066731520 -0.005324532 0.997756779 0.015296160
0.996933222 0.031072319 0.071823947 0.011009083 -0.032161810 0.999383748 0.014062267 0.058887310 -0.071342744 -0.016329130 0.997318208 0.025746619
0.997446060 0.027363682 0.065973707 0.011786334 -0.029458275 0.999085546 0.030987842 0.092530936 -0.065065436 -0.032852173 0.997340083 0.033969037
0.997870326 0.018998357 0.062400777 0.012403294 -0.022239937 0.998416483 0.051670868 0.125072733 -0.061320301 -0.052948613 0.996712744 0.041695204
0.998268664 0.010219130 0.057924058 0.012806963 -0.014558609 0.997077465 0.074997157 0.154367849 -0.056988370 -0.075710610 0.995499969 0.048656039
0.998360336 0.004364076 0.057075717 0.013140465 -0.009808797 0.995384395 0.095465831 0.181393787 -0.056395657 -0.095869146 0.993795097 0.054414719
0.998366714 0.003484993 0.057024360 0.013303433 -0.009785119 0.993819177 0.110578768 0.205882564 -0.056286536 -0.110956155 0.992230117 0.059218492
0.998248816 0.009345593 0.058411580 0.013961766 -0.016356928 0.992550015 0.120734923 0.227482125 -0.056848075 -0.121478938 0.990964770 0.062869020
0.998320401 0.015825354 0.055731073 0.013815143 -0.022795614 0.991673112 0.126747042 0.244460955 -0.053261191 -0.127804577 0.990368247 0.065034315
0.998551488 0.019406546 0.050183065 0.012774643 -0.025770258 0.991251111 0.129449457 0.255917996 -0.047231853 -0.130555183 0.990315378 0.065483779
0.998851836 0.021695573 0.042711794 0.011079457 -0.027068418 0.991205633 0.129532456 0.260503680 -0.039525889 -0.130539864 0.990654886 0.064016886
0.999097586 0.021425679 0.036673844 0.009605164 -0.026010342 0.991239548 0.129489854 0.258123964 -0.033578157 -0.130326912 0.990902305 0.062518373
0.999219835 0.022239799 0.032635242 0.008373613 -0.026301431 0.991187036 0.129832342 0.248220846 -0.029460186 -0.130589411 0.990998745 0.060129032
0.999221861 0.023783544 0.031463943 0.007387167 -0.027667703 0.991204858 0.129411981 0.231751412 -0.028109340 -0.130181804 0.991091609 0.057402808
0.999235332 0.023711218 0.031089414 0.006297680 -0.027465997 0.991584182 0.126516581 0.209447950 -0.027827907 -0.127273738 0.991477191 0.052849106
0.999216557 0.024147782 0.031356148 0.005246197 -0.027815580 0.992095351 0.122364625 0.183394253 -0.028153453 -0.123140946 0.991989791 0.047869522
0.999059379 0.027192034 0.033777673 0.004661102 -0.031026166 0.992441535 0.118731596 0.154003263 -0.030293811 -0.119667910 0.992351711 0.042542476
0.998563290 0.033726957 0.041640177 0.004906562 -0.038306560 0.992673695 0.114592791 0.121516332 -0.037470244 -0.116023242 0.992539465 0.037316557
0.998053014 0.038842123 0.048799898 0.004953109 -0.043919291 0.993214011 0.107689552 0.087074682 -0.044285852 -0.109623142 0.992986143 0.032366659
0.997778058 0.040918827 0.052579470 0.004524499 -0.045948803 0.994093597 0.098319046 0.050557848 -0.048245817 -0.100516550 0.993764937 0.025904959
0.997669756 0.039280687 0.055786237 0.004275104 -0.043894012 0.995495617 0.084034711 0.013826787 -0.052234009 -0.086287573 0.994900048 0.019849427
0.997434437 0.037941627 0.060703989 0.003670709 -0.042014822 0.996848166 0.067293637 -0.023760539 -0.057959434 -0.069671459 0.995884836 0.013559179
0.997042954 0.035954159 0.067916796 0.003009877 -0.039183285 0.998134196 0.046827059 -0.060389917 -0.066106454 -0.049349789 0.996591449 0.006699551
0.996611059 0.036170643 0.073878817 0.002333992 -0.038101483 0.998963714 0.024894852 -0.094464220 -0.072901793 -0.027625378 0.996956468 -0.000697155
0.996051848 0.035492174 0.081369437 0.001296954 -0.035987839 0.999341488 0.004632613 -0.124997802 -0.081151433 -0.007542633 0.996673226 -0.008274226
0.995763898 0.035870966 0.084661342 0.000629494 -0.034984116 0.999316573 -0.011936144 -0.152954832 -0.085031651 0.008923779 0.996338308 -0.016245792
0.995767534 0.031563073 0.086318120 -0.000474887 -0.029474275 0.999243617 -0.025367472 -0.175953835 -0.087053508 0.022715941 0.995944619 -0.023828790
0.995944560 0.028687822 0.085272834 -0.001824671 -0.025809141 0.999065459 -0.034671508 -0.193475738 -0.086187795 0.032330081 0.995754182 -0.030302528
0.995998621 0.021979267 0.086623624 -0.002316218 -0.018523989 0.999008119 -0.040492393 -0.203009382 -0.087427691 0.038725756 0.995417833 -0.032956187
0.995725095 0.019243412 0.090339288 -0.001929119 -0.015680511 0.999077260 -0.039984580 -0.206157878 -0.091025367 0.038397085 0.995108068 -0.032937635
0.995449483 0.016711423 0.093814068 -0.001727957 -0.013324872 0.999240816 -0.036609646 -0.202538490 -0.094354637 0.035192993 0.994916379 -0.031762864
0.995412946 0.015646392 0.094383717 -0.002503384 -0.012694090 0.999413669 -0.031799514 -0.193243027 -0.094825923 0.030455533 0.995027900 -0.027676383
0.994950175 0.014229288 0.099356338 -0.001975504 -0.011690566 0.999591291 -0.026087342 -0.177826270 -0.099686936 0.024794074 0.994709909 -0.021911303
0.994365871 0.014934866 0.104944848 -0.000600433 -0.012925545 0.999720395 -0.019800579 -0.158118829 -0.105211221 0.018332550 0.994280934 -0.014516049
0.993571699 0.021166284 0.111208074 0.001623473 -0.019808162 0.999715269 -0.013303241 -0.134927750 -0.111457996 0.011014896 0.993708074 -0.005908817
0.992891729 0.026606584 0.116009131 0.004444845 -0.025870202 0.999634504 -0.007848956 -0.110281967 -0.116175562 0.004791984 0.993217111 0.002855011
0.992206097 0.036387678 0.119176291 0.005055557 -0.036557805 0.999331236 -0.000759121 -0.085545659 -0.119124211 -0.003603618 0.992872834 0.006816325
0.991945922 0.040325064 0.120071635 0.008139736 -0.041382384 0.999123394 0.006324353 -0.059986979 -0.119711339 -0.011242265 0.992745101 0.014920785
0.992551506 0.043688055 0.113722570 0.010909940 -0.045748401 0.998831630 0.015569778 -0.033677440 -0.112909488 -0.020656431 0.993390560 0.021833863
0.993044496 0.045809522 0.108462594 0.013411277 -0.048924357 0.998457968 0.026231933 -0.007744103 -0.107093669 -0.031355940 0.993754387 0.027277600
0.994203985 0.046956815 0.096713252 0.015361997 -0.050856747 0.997972786 0.038261168 0.016607648 -0.094720565 -0.042957924 0.994576633 0.030249188
0.995443404 0.045752231 0.083661146 0.016528051 -0.050091948 0.997465551 0.050530341 0.039525859 -0.081137232 -0.054490846 0.995212317 0.030439742
0.996610045 0.041492250 0.071041010 0.017148154 -0.046101797 0.996850610 0.064525269 0.057779510 -0.068139978 -0.067581646 0.995384157 0.029278494
0.997643709 0.035883624 0.058475368 0.017121609 -0.040485304 0.996011555 0.079510555 0.072889589 -0.055389017 -0.081690595 0.995117426 0.026354007
0.998291612 0.029737271 0.050294206 0.017374357 -0.034405798 0.994914711 0.094662391 0.084139317 -0.047223441 -0.096231081 0.994238138 0.023350028
0.998912454 0.021612214 0.041313473 0.016773773 -0.026076792 0.993502975 0.110778227 0.091892481 -0.038650896 -0.111735076 0.992986083 0.019379042
0.999344885 0.013243206 0.033680256 0.016545866 -0.017494950 0.991456747 0.129257441 0.096773967 -0.031680737 -0.129761994 0.991038918 0.014003384
0.999571264 0.007309956 0.028352475 0.015856525 -0.011428380 0.988930404 0.147939235 0.098868214 -0.026957197 -0.148199826 0.988589942 0.008863754
0.999587476 0.002487288 0.028612059 0.015417072 -0.007294858 0.985558808 0.169176221 0.100034557 -0.027778078 -0.169315159 0.985170424 0.004529422
0.999390781 -0.002690258 0.034796353 0.015358631 -0.004078980 0.981187761 0.193012848 0.100054286 -0.034661014 -0.193037197 0.980579019 0.001212360
0.998822749 -0.005244070 0.048224162 0.015591940 -0.005382658 0.976018310 0.217621833 0.099581584 -0.048208889 -0.217625231 0.974841118 -0.001421007
0.998103857 -0.010553023 0.060640506 0.014569219 -0.004250549 0.971023858 0.238944709 0.098345369 -0.061404966 -0.238749385 0.969137847 -0.004193639
0.997364402 -0.016565597 0.070638441 0.012517123 -0.002193530 0.966257036 0.257570446 0.096594587 -0.072521694 -0.257046521 0.963674068 -0.007216237
0.996939003 -0.022467036 0.074885577 0.009364517 0.001071438 0.961657584 0.274250895 0.095653899 -0.078175887 -0.273331195 0.958738029 -0.010966931
0.996775687 -0.026314840 0.075800881 0.006988378 0.002984405 0.956197679 0.292706460 0.094912939 -0.080183148 -0.291536480 0.953193128 -0.015573912
0.996539772 -0.032482672 0.076507635 0.005436041 0.007004806 0.950020790 0.312108040 0.093747526 -0.082821943 -0.310492158 0.946960986 -0.020552143
0.996303976 -0.037744090 0.077160455 0.004471498 0.010011869 0.943190932 0.332100421 0.093844742 -0.085311867 -0.330100447 0.940082729 -0.026040845
0.996048033 -0.044537816 0.076842219 0.003789317 0.014717705 0.935987771 0.351724803 0.094312243 -0.087588429 -0.349203825 0.932944238 -0.031822957
0.996038318 -0.045381643 0.076473728 0.004036406 0.013908764 0.928896785 0.370077461 0.095474489 -0.087830916 -0.367547661 0.925847948 -0.037997294
0.996119380 -0.044560678 0.075898096 0.005792265 0.011928683 0.922754705 0.385203123 0.096641198 -0.087200239 -0.382802904 0.919705391 -0.043797132
0.996395588 -0.043214966 0.072995134 0.007952416 0.010678105 0.917557597 0.397459388 0.096343666 -0.084153436 -0.395247340 0.914711833 -0.048807140
0.996655226 -0.042011045 0.070095994 0.011021973 0.010094387 0.914462805 0.404544055 0.094767444 -0.081095494 -0.402483344 0.911828220 -0.052632999
0.996606231 -0.043560624 0.069846272 0.015273004 0.011513917 0.913933516 0.405700594 0.092602059 -0.081507415 -0.403519541 0.911333382 -0.054546133
0.996752083 -0.043174621 0.067979798 0.019903002 0.012318202 0.915946603 0.401111096 0.090456963 -0.079583675 -0.398970932 0.913503468 -0.055348407
0.997017562 -0.044110224 0.063326277 0.024120504 0.015626863 0.918948889 0.394066870 0.088722892 -0.075575985 -0.391902030 0.916897535 -0.055132560
0.997264683 -0.043614648 0.059673745 0.028849535 0.017223105 0.922244608 0.386223108 0.087069273 -0.071878776 -0.384138912 0.920473099 -0.053738102
0.997462571 -0.041366935 0.057940844 0.032565508 0.016347956 0.925204158 0.379117489 0.086624466 -0.069290034 -0.377208292 0.923532784 -0.051926211
0.997795343 -0.036458150 0.055455439 0.034615371 0.013121739 0.927474856 0.373655140 0.086566590 -0.065056302 -0.372103691 0.925908506 -0.049854308
0.998113096 -0.033383977 0.051534221 0.035700709 0.012010022 0.929217100 0.369339108 0.086251907 -0.060216486 -0.368023276 0.927864671 -0.047710624
0.998501301 -0.026826575 0.047701806 0.036811668 0.007448261 0.930122197 0.367174685 0.085569918 -0.054218546 -0.366269112 0.928928018 -0.045228321
0.998684347 -0.024049774 0.045289733 0.037656717 0.005676686 0.929621696 0.368471503 0.084793031 -0.050963975 -0.367729604 0.928535163 -0.042851023
0.998852551 -0.019822828 0.043596316 0.039129514 0.002136420 0.927853823 0.372937918 0.083742201 -0.047843691 -0.372416854 0.926831543 -0.040544979
0.998923719 -0.016782377 0.043240309 0.041887548 -0.000782624 0.926015735 0.377484053 0.083039939 -0.046376288 -0.377111644 0.925005972 -0.037979126
0.999003768 -0.015819388 0.041727565 0.045831028 -0.001236474 0.924887896 0.380237967 0.082234636 -0.044608451 -0.379910737 0.923946917 -0.035240818
0.998956919 -0.017269380 0.042271689 0.051459789 -0.000193728 0.924116671 0.382110387 0.081476301 -0.045662783 -0.381719977 0.923149347 -0.032152180
0.998878777 -0.019562922 0.043109857 0.059088346 0.001546354 0.923621535 0.383302569 0.080578230 -0.047315709 -0.382806122 0.922616243 -0.028819304
0.998734415 -0.021930907 0.045262162 0.068662599 0.002826568 0.922978282 0.384841591 0.079417109 -0.050215919 -0.384226590 0.921872139 -0.025391134
0.998593688 -0.024858437 0.046826094 0.079738364 0.004837476 0.922295749 0.386454582 0.078188352 -0.052794166 -0.385684609 0.921118975 -0.022237889
0.998424709 -0.029253464 0.047878198 0.092336625 0.008356303 0.921336293 0.388676763 0.077038459 -0.055482060 -0.387664378 0.920129418 -0.019427946
0.998252928 -0.033843357 0.048432961 0.106759012 0.012245122 0.920408368 0.390766591 0.075837411 -0.057802953 -0.389490813 0.919214725 -0.016915396
0.998073518 -0.036945011 0.049843021 0.122839302 0.014497690 0.920008898 0.391629189 0.074252807 -0.060324766 -0.390152127 0.918772161 -0.015014558
0.997744739 -0.041369870 0.052858219 0.140133947 0.017446738 0.920257568 0.390924007 0.072669260 -0.064815655 -0.389120191 0.918903947 -0.012767769
0.997352481 -0.045882229 0.056416251 0.158306226 0.020522211 0.921875596 0.386942238 0.070597127 -0.069762535 -0.384760052 0.920376539 -0.010543639
0.996800303 -0.051171456 0.061405733 0.177817941 0.023984287 0.924299836 0.380912751 0.068165503 -0.076249167 -0.378221184 0.922569692 -0.008033397
0.996089160 -0.057649367 0.066954486 0.196710899 0.028504305 0.926961005 0.374073297 0.065565854 -0.083629288 -0.370701879 0.924979091 -0.005468673
0.995324850 -0.062172532 0.073912248 0.215465367 0.030653045 0.929043829 0.368697643 0.063700646 -0.091590583 -0.364708304 0.926606178 -0.002692431
0.994526982 -0.067498669 0.079749368 0.233907923 0.033647571 0.929552257 0.367151767 0.062670693 -0.098913454 -0.362458974 0.926735997 -0.000497537
0.993773758 -0.071189538 0.085707337 0.251855344 0.034634318 0.928522229 0.369657934 0.062771775 -0.105896935 -0.364387929 0.925206602 0.001312926
0.992762029 -0.074802458 0.093958043 0.269942224 0.034098774 0.925710022 0.376693904 0.064067803 -0.115155526 -0.370763540 0.921560407 0.002083711
0.991618633 -0.077386826 0.103459202 0.286405325 0.031550158 0.921568811 0.386930883 0.065450884 -0.125288129 -0.380423725 0.916286349 0.003295315
0.990427315 -0.083301194 0.110066697 0.300923020 0.033160120 0.917614996 0.396084785 0.066902094 -0.133993179 -0.388643384 0.911593199 0.004885658
0.990022719 -0.086530857 0.111208968 0.313492924 0.034746446 0.914779127 0.402457237 0.068672687 -0.136556610 -0.394577682 0.908658743 0.006419759
0.989910364 -0.086141787 0.112503394 0.324594349 0.033326402 0.913254082 0.406025082 0.070528738 -0.137719914 -0.398179144 0.906910479 0.007652154
0.990046024 -0.085662588 0.111672662 0.333964914 0.033133060 0.913002193 0.406606942 0.072977424 -0.136788383 -0.398859531 0.906752467 0.009513605
0.990187645 -0.086076260 0.110087618 0.340964109 0.034402482 0.913684666 0.404965222 0.074601457 -0.135443255 -0.397204280 0.907680511 0.010537869
0.990376413 -0.087359250 0.107344612 0.345650196 0.037158407 0.914974749 0.401796609 0.075439669 -0.133318260 -0.393941134 0.909415543 0.010879545
0.990736842 -0.087388217 0.103941582 0.348169178 0.039041191 0.916408122 0.398336470 0.076422796 -0.130062819 -0.390588582 0.911330998 0.011097919
0.990694106 -0.089546323 0.102501936 0.348558635 0.042020034 0.917532921 0.395433545 0.077236563 -0.129458517 -0.387446523 0.912757158 0.010947183
0.990599453 -0.090863466 0.102257088 0.346994370 0.043465272 0.917856693 0.394524872 0.077940226 -0.129705250 -0.386371493 0.913177788 0.010528773
0.990327179 -0.089550540 0.105984956 0.343637109 0.040643115 0.917561769 0.395510554 0.078145310 -0.132665917 -0.387377262 0.912325919 0.009534225
0.990171731 -0.088386700 0.108387224 0.338071525 0.038642377 0.917715788 0.395353645 0.077282831 -0.134412676 -0.387279660 0.912111700 0.008228486
0.990195811 -0.088480167 0.108090065 0.329936385 0.038953893 0.918018520 0.394619614 0.075994939 -0.134144694 -0.386540145 0.912464738 0.006310671
0.990455568 -0.087392323 0.106585152 0.319959641 0.038667820 0.918419421 0.393713832 0.074765339 -0.132297441 -0.385834634 0.913032889 0.004007282
0.990863025 -0.087705180 0.102460928 0.307929575 0.040451422 0.917970896 0.394579679 0.074494578 -0.128662825 -0.386829704 0.913131237 0.001240997
0.991597652 -0.084567212 0.097889915 0.294616550 0.039007537 0.916972756 0.397038281 0.075233817 -0.123338804 -0.389883816 0.912566781 -0.001503968
0.992166221 -0.082609423 0.093711399 0.279921204 0.038494729 0.915813208 0.399755269 0.076165169 -0.118845694 -0.393016309 0.911818981 -0.003963082
0.992677808 -0.081501998 0.089152358 0.263459682 0.039108247 0.915165186 0.401177317 0.077065773 -0.114285879 -0.394753247 0.911651611 -0.006033318
0.993250966 -0.080272116 0.083719209 0.245150357 0.040191703 0.915295959 0.400771767 0.077550374 -0.108798638 -0.394702107 0.912344813 -0.008361913
0.993893325 -0.077250578 0.078793541 0.225877941 0.039549351 0.916009963 0.399201185 0.077681139 -0.103014186 -0.393647164 0.913471401 -0.010998288
0.994558692 -0.073776461 0.073553286 0.205447480 0.038818687 0.917633653 0.395526975 0.077427052 -0.096675552 -0.390519530 0.915504456 -0.013921436
0.995243311 -0.069880918 0.067877874 0.184304878 0.037953891 0.919827998 0.390481710 0.076734997 -0.089723185 -0.386048079 0.918104947 -0.017163688
0.995952785 -0.064557679 0.062532507 0.162450492 0.035582911 0.922122359 0.385258615 0.075515106 -0.082534023 -0.381474316 0.920687556 -0.021381794
0.996366501 -0.061793454 0.058612432 0.139141336 0.034901217 0.923983574 0.380836248 0.073597848 -0.077690110 -0.377406836 0.922782958 -0.024759714
0.996734262 -0.059265256 0.054849625 0.115742892 0.034190536 0.925077677 0.378235847 0.072228082 -0.073156402 -0.375125259 0.924082875 -0.027615495
0.997087479 -0.056555387 0.051167026 0.091922276 0.033049781 0.925043464 0.378420800 0.071520515 -0.068733461 -0.375627607 0.924218416 -0.030515727
0.997576833 -0.051809553 0.046435315 0.067801923 0.030280154 0.924215913 0.380667865 0.071344741 -0.062638491 -0.378339350 0.923545182 -0.033314455
0.997957885 -0.048453458 0.041621149 0.043381818 0.028751977 0.922607660 0.384666711 0.072268642 -0.057038419 -0.382684499 0.922116697 -0.035817746
0.998364925 -0.042661339 0.038046610 0.019250201 0.024621241 0.921615005 0.387323588 0.073604405 -0.051588070 -0.385753542 0.921158433 -0.037483461
0.998606503 -0.038304359 0.036301561 -0.004571432 0.021241006 0.921432376 0.387957722 0.074809171 -0.048309900 -0.386646003 0.920961976 -0.039178323
0.998746216 -0.036669448 0.034078762 -0.028263547 0.020675248 0.922137499 0.386309505 0.076241992 -0.045591056 -0.385120571 0.921739459 -0.040976867
0.998915374 -0.035241250 0.030432537 -0.052035868 0.020877168 0.923184872 0.383788854 0.077802084 -0.041620053 -0.382737249 0.922919273 -0.042562418
0.999060690 -0.032505378 0.028655238 -0.075819492 0.019138010 0.924283385 0.381226897 0.079661608 -0.038877487 -0.380320430 0.924037278 -0.044700578
0.999218166 -0.029859539 0.025912395 -0.099103205 0.017825082 0.925280273 0.378865033 0.081505559 -0.035288960 -0.378106922 0.925089121 -0.046102438
0.999342442 -0.027725182 0.023365851 -0.122153372 0.016856309 0.925812721 0.377606601 0.083667725 -0.032101613 -0.376964420 0.925671279 -0.047624767
0.999521792 -0.026066191 0.016636349 -0.145370841 0.017851997 0.925697207 0.377843857 0.085519731 -0.025249172 -0.377366185 0.925719857 -0.050529309
0.999694169 -0.023020564 0.009032786 -0.166683316 0.017834814 0.924193144 0.381508768 0.088597901 -0.017130585 -0.381231010 0.924321115 -0.052020311
0.999811411 -0.019344756 0.001713164 -0.186227426 0.017168792 0.921673596 0.387586117 0.091951169 -0.009076737 -0.387483597 0.921831906 -0.053324908
0.999848008 -0.016138917 -0.006590869 -0.204151601 0.017430464 0.919255972 0.393274277 0.095119327 -0.000288325 -0.393329412 0.919397593 -0.055205703
0.999757409 -0.015108388 -0.016026251 -0.220741913 0.020227481 0.917743266 0.396658748 0.098155931 0.008715110 -0.396886677 0.917826235 -0.056132991
0.999597073 -0.013570867 -0.024931051 -0.235526726 0.022334762 0.918085098 0.395753622 0.100525759 0.017518107 -0.396151006 0.918018281 -0.057211675
0.999467373 -0.011697936 -0.030464247 -0.248565048 0.022691052 0.920043409 0.391158849 0.101506136 0.023452681 -0.391641766 0.919818819 -0.059041794
0.999292254 -0.010071734 -0.036242623 -0.258622378 0.023247363 0.922817886 0.384534389 0.101901397 0.029572414 -0.385104805 0.922398925 -0.059925094
0.999069214 -0.009751201 -0.042019654 -0.265790492 0.024932705 0.925452352 0.378042847 0.101635039 0.035200816 -0.378738612 0.924834013 -0.060756840
0.998981535 -0.008415599 -0.044329368 -0.269244075 0.024406374 0.927105844 0.374004036 0.100664593 0.037950546 -0.374705046 0.926367044 -0.061097693
0.998999953 -0.006565095 -0.044226393 -0.269716680 0.022602666 0.927612782 0.372858733 0.100302696 0.038577117 -0.373485476 0.926833510 -0.062118448
0.999104202 -0.004248954 -0.042104036 -0.267008841 0.019729111 0.926970720 0.374614567 0.099987589 0.037437491 -0.375109643 0.926224172 -0.063465886
0.999285936 -0.004346301 -0.037533149 -0.261375815 0.018179882 0.926124930 0.376778513 0.099538825 0.033122793 -0.377191812 0.925542653 -0.064981483
0.999476433 -0.003885815 -0.032121509 -0.252704769 0.015753055 0.925592780 0.378192902 0.098831609 0.028261850 -0.378500879 0.925169349 -0.066648401
0.999691308 -0.004725599 -0.024392880 -0.241107404 0.013596583 0.925753653 0.377882659 0.097770199 0.020796075 -0.378097653 0.925532103 -0.067991510
0.999839962 -0.004343579 -0.017355284 -0.226917878 0.010548398 0.926649690 0.375778049 0.096061416 0.014450046 -0.375900954 0.926547170 -0.069683544
0.999938607 -0.004167940 -0.010267862 -0.209954843 0.007693612 0.927976429 0.372559428 0.093952239 0.007975529 -0.372615576 0.927951515 -0.069948345
0.999979377 -0.004648402 -0.004437798 -0.192304045 0.005959706 0.929139853 0.369680434 0.091897890 0.002404912 -0.369699270 0.929148376 -0.071241878
0.999978125 -0.006233687 0.002203385 -0.173159286 0.004985198 0.929793417 0.368048012 0.090357155 -0.004342988 -0.368028998 0.929804206 -0.071939647
0.999935687 -0.007937456 0.008104025 -0.152878836 0.004392615 0.929612756 0.368511707 0.089033015 -0.010458651 -0.368452400 0.929587781 -0.072354645
0.999838531 -0.011925656 0.013443170 -0.131538764 0.006079995 0.928439736 0.371433318 0.088240504 -0.016910758 -0.371291578 0.928362310 -0.072110787
0.999762297 -0.016140722 0.014656741 -0.109539740 0.009434166 0.926328957 0.376597553 0.087621741 -0.019655518 -0.376369745 0.926261008 -0.070802040
0.999648094 -0.020876139 0.016367413 -0.086673431 0.013033278 0.923905313 0.382399112 0.087543547 -0.023104958 -0.382051200 0.923852265 -0.069479525
0.999543786 -0.023741305 0.018670937 -0.062877670 0.014658626 0.921801627 0.387384653 0.087368079 -0.026407918 -0.386934221 0.921729088 -0.067781232
0.999449611 -0.025024006 0.021777345 -0.039008748 0.014563968 0.920824230 0.389705867 0.087337159 -0.029805107 -0.389174193 0.920681894 -0.066062860
0.999418557 -0.025709160 0.022395018 -0.014719760 0.014940023 0.920631707 0.390146166 0.087289445 -0.030647896 -0.389584750 0.920480549 -0.063237734
0.999429584 -0.026872676 0.020453960 0.008264032 0.016819939 0.921282530 0.388530105 0.086941421 -0.029284719 -0.387964457 0.921208978 -0.061176475
0.999413788 -0.028541941 0.018905539 0.030438967 0.018962607 0.921279848 0.388437748 0.086064488 -0.028504059 -0.387851536 0.921280980 -0.059222549
0.999320626 -0.031862531 0.018521216 0.052191135 0.022173680 0.921220481 0.388408482 0.085338503 -0.029437803 -0.387733936 0.921301126 -0.057055332
0.999256134 -0.033720747 0.018709673 0.073478527 0.023801235 0.921021760 0.388783306 0.085061312 -0.030342078 -0.388048798 0.921139240 -0.054311931
0.999141216 -0.035997480 0.020517282 0.093225934 0.025110753 0.919953525 0.391222388 0.085264064 -0.032957964 -0.390371233 0.920067430 -0.051682662
0.998983383 -0.037995294 0.024259057 0.110795580 0.025347538 0.918456614 0.394708693 0.086098216 -0.037277963 -0.393692553 0.918485999 -0.048745431
0.998759449 -0.040818408 0.028519955 0.126585349 0.026145721 0.917324483 0.397281080 0.087598398 -0.042378429 -0.396042556 0.917253733 -0.045852046
0.998514295 -0.043932099 0.032237012 0.140063167 0.027512338 0.917118669 0.397663623 0.090046160 -0.047035363 -0.396185905 0.916964769 -0.042178869
0.998282671 -0.047643799 0.034085512 0.151096880 0.030178603 0.916958153 0.397840470 0.092760593 -0.050209619 -0.396128565 0.916821241 -0.038438939
0.998048484 -0.048463941 0.039376192 0.161465719 0.028944103 0.917798996 0.395989031 0.095626555 -0.055330619 -0.394076556 0.917410612 -0.034058303
0.997353971 -0.051810998 0.050996937 0.170782238 0.027904090 0.920581400 0.389552593 0.098029956 -0.067129940 -0.387098789 0.919591248 -0.030091606
0.996164739 -0.056437567 0.066862568 0.179097995 0.027036101 0.925313175 0.378238797 0.100270577 -0.083215684 -0.374980450 0.923290193 -0.024190217
0.994975030 -0.059154272 0.080780223 0.185533702 0.026113322 0.932200670 0.360998601 0.101956867 -0.096657991 -0.357075185 0.929061115 -0.018196287
0.993975937 -0.058639415 0.092591599 0.190131068 0.023642369 0.939658701 0.341295451 0.103184260 -0.107017860 -0.337050408 0.935384512 -0.012833072
0.992853522 -0.057074629 0.104806319 0.194110036 0.020500543 0.946735263 0.321359754 0.103389800 -0.117565319 -0.316914558 0.941139519 -0.007970934
0.991451502 -0.056892056 0.117419094 0.197532743 0.019092035 0.953501105 0.300784260 0.102465518 -0.129071474 -0.295971245 0.946436286 -0.003364410
0.990130663 -0.057814933 0.127666175 0.200506553 0.019367648 0.958650410 0.283926487 0.101257637 -0.138802439 -0.278651714 0.950308919 0.000528899
0.988647938 -0.060909487 0.137351021 0.203521624 0.021238765 0.961619675 0.273562640 0.099568792 -0.148742005 -0.267539948 0.951996922 0.004564047
0.987162948 -0.068585649 0.144240409 0.206705183 0.026870878 0.961550117 0.273311764 0.098086350 -0.157439649 -0.265927404 0.951049626 0.008654879
0.985507786 -0.076483287 0.151409179 0.211416945 0.031337135 0.959308028 0.280617297 0.096346267 -0.166710585 -0.271805823 0.947802305 0.013940364
0.983235717 -0.086601727 0.160460696 0.217338294 0.037244044 0.956845582 0.288200259 0.094321653 -0.178494737 -0.277392566 0.944030166 0.021244122
0.980754375 -0.097120591 0.169376478 0.224226147 0.043277837 0.954062641 0.296465009 0.091866106 -0.190388635 -0.283429116 0.939904332 0.029703978
0.978414714 -0.106501393 0.177093536 0.231518552 0.048322387 0.951120555 0.305015832 0.089467496 -0.200921923 -0.289874405 0.935736716 0.039405279
0.976679385 -0.113238767 0.182412609 0.238577321 0.051132366 0.947837114 0.314627260 0.087259576 -0.208525434 -0.297962755 0.931523144 0.049961120
0.975683987 -0.117281385 0.185164377 0.244876727 0.052108638 0.944694519 0.323785424 0.084398806 -0.212897763 -0.306263566 0.927834690 0.061301086
0.975625992 -0.119537108 0.184023976 0.249914050 0.052845277 0.941912293 0.331675500 0.081104189 -0.212981969 -0.313866466 0.925271034 0.073175713
0.975898802 -0.124718517 0.179072008 0.252986729 0.057907041 0.939172924 0.338527739 0.077136002 -0.210400268 -0.319999278 0.923759818 0.086318381
0.977457643 -0.124829397 0.170276731 0.253930151 0.059845861 0.937229097 0.343540490 0.072557271 -0.202472270 -0.325605929 0.923572302 0.099955693
0.979407370 -0.122789890 0.160261706 0.252293736 0.061163008 0.936944008 0.344085723 0.067241989 -0.192406490 -0.327197999 0.925160110 0.115076147
0.982259274 -0.115975127 0.147365347 0.248481229 0.060066894 0.939005911 0.338614672 0.061512876 -0.177647814 -0.323755592 0.929313481 0.130166307
0.985227823 -0.106323786 0.134243965 0.242260829 0.056866683 0.942555785 0.329172820 0.055945318 -0.161531329 -0.316676229 0.934678435 0.145473540
0.988420665 -0.093839698 0.119242154 0.233476102 0.051391326 0.946423590 0.318812281 0.050594620 -0.142770842 -0.308992654 0.940287232 0.160360545
0.991223574 -0.080261111 0.105042718 0.222669318 0.043993838 0.949582636 0.310414910 0.046531245 -0.124660976 -0.303069353 0.944779694 0.175033033
0.993782103 -0.067586564 0.088482864 0.209423706 0.037553817 0.951586664 0.305077881 0.042833004 -0.104818277 -0.299858063 0.948207915 0.188865826
0.996207297 -0.054951780 0.067463242 0.192950517 0.032023512 0.952469110 0.302947372 0.039919607 -0.080904149 -0.299638003 0.950616419 0.200337470
0.998114347 -0.044268578 0.042521078 0.174077660 0.029352436 0.952614009 0.302762270 0.037248429 -0.053909030 -0.300943255 0.952117085 0.212450355
0.999324322 -0.034202844 0.013456479 0.151399121 0.028457619 0.951717019 0.305654824 0.036352955 -0.023261022 -0.305065334 0.952047288 0.219379559
0.999637187 -0.022768445 -0.014389228 0.126492694 0.026111707 0.950239718 0.310423464 0.036702327 0.006605357 -0.310686558 0.950489461 0.223510683
0.999067664 -0.011370813 -0.041647568 0.099144332 0.023968901 0.948445797 0.316031814 0.037967019 0.035906926 -0.316735387 0.947834074 0.224683046
0.997574747 0.000658182 -0.069600105 0.069715269 0.021799013 0.946693718 0.321396708 0.040493399 0.066101521 -0.322134435 0.944383383 0.221129894
0.995322824 0.013364499 -0.095675811 0.038958084 0.018687347 0.945042014 0.326414347 0.043619864 0.094780028 -0.326675594 0.940372169 0.214217082
0.992443025 0.028130762 -0.119438283 0.008710343 0.012969761 0.943866074 0.330073595 0.047455922 0.122018971 -0.329128325 0.936368465 0.204465285
0.988792896 0.036972508 -0.144643202 -0.022655366 0.013333067 0.943109155 0.332215816 0.051768094 0.148697183 -0.330421180 0.932046652 0.190146938
0.985078633 0.040857092 -0.167184979 -0.053266887 0.017391145 0.942809701 0.332877427 0.055162672 0.171224028 -0.330817968 0.928031147 0.174081296
0.980853498 0.042043008 -0.190154597 -0.082231253 0.024261938 0.942431331 0.333518386 0.059902839 0.193229780 -0.331746221 0.923367023 0.154428035
