1.000000000 0.000000000 0.000000000 0.000000000 0.000000000 1.000000000 0.000000000 -0.000000715 0.000000000 0.000000000 1.000000000 0.000000000
0.999989092 0.003186613 0.003417200 0.002663179 -0.003235532 0.999890983 0.014406878 -0.003523179 -0.003370919 -0.014417776 0.999890387 -0.003229176
0.999899149 0.011152677 0.008792695 0.003445536 -0.011346215 0.999687433 0.022277504 -0.005938193 -0.008541493 -0.022375021 0.999713182 -0.004082354
0.999691784 0.020548319 0.013933500 0.004981938 -0.021004127 0.999221444 0.033396699 -0.015697690 -0.013236405 -0.033679068 0.999345064 -0.006641991
0.999454677 0.027494207 0.018286739 0.007371114 -0.028188378 0.998847246 0.038852807 -0.026591185 -0.017197434 -0.039347094 0.999077618 -0.010645480
0.998965383 0.038605198 0.024038676 0.007337844 -0.039641909 0.998233318 0.044257630 -0.042756576 -0.022287633 -0.045164775 0.998730898 -0.013039630
0.998121679 0.053896904 0.029124109 0.009162554 -0.055181034 0.997450471 0.045251053 -0.065635465 -0.026610965 -0.046773154 0.998551011 -0.016683165
0.997189581 0.066705495 0.034107752 0.010560563 -0.067919552 0.997049391 0.035769038 -0.087763958 -0.031621121 -0.037985094 0.998777866 -0.021707147
0.996168196 0.079393335 0.036682896 0.012098102 -0.080309264 0.996475995 0.024206996 -0.119050004 -0.034631751 -0.027060214 0.999033749 -0.025838679
0.995957732 0.080611072 0.039623976 0.002508184 -0.081222512 0.996596694 0.014068589 -0.152529538 -0.038355038 -0.017230079 0.999115646 -0.024615217
0.996743679 0.071652748 0.036986217 -0.004647559 -0.071887486 0.997399926 0.005054568 -0.185819536 -0.036527880 -0.007696955 0.999302983 -0.027743142
0.997605085 0.060947202 0.032703109 -0.009433834 -0.060863867 0.998139799 -0.003538671 -0.221085802 -0.032857947 0.001539759 0.999458849 -0.031359866
0.998226583 0.050972242 0.030749768 -0.021860031 -0.050720204 0.998673022 -0.008922060 -0.249055579 -0.031163741 0.007346603 0.999487281 -0.029136514
0.998762190 0.041391697 0.027583890 -0.030790174 -0.040991236 0.999047995 -0.014928910 -0.271114200 -0.028175563 0.013779732 0.999508023 -0.027555015
0.999165237 0.032363098 0.024929838 -0.041000836 -0.031929214 0.999334991 -0.017610140 -0.291320115 -0.025483178 0.016799450 0.999534070 -0.023491267
0.999359012 0.026751570 0.023789864 -0.055514678 -0.026339896 0.999500692 -0.017452871 -0.309834450 -0.024244878 0.016815061 0.999564648 -0.016942807
0.999576032 0.020018948 0.021141252 -0.064559355 -0.019618591 0.999627411 -0.018977873 -0.318054289 -0.021513293 0.018555067 0.999596357 -0.011392690
0.999724627 0.013537803 0.019168111 -0.075692423 -0.013050209 0.999593735 -0.025338329 -0.323654383 -0.019503349 0.025081202 0.999495149 -0.002768784
0.999796391 0.007977535 0.018536089 -0.092874512 -0.007232494 0.999176741 -0.039919250 -0.328737110 -0.018839287 0.039777055 0.999030948 0.009178000
0.999880016 0.002680931 0.015255594 -0.102098085 -0.001728049 0.998066247 -0.062134884 -0.333310366 -0.015392673 0.062101066 0.997951150 0.016967690
0.999861300 0.002498206 0.016464561 -0.115329847 -0.001166203 0.996760428 -0.080419458 -0.336618721 -0.016612127 0.080389105 0.996625125 0.025330756
0.999829173 0.004457286 0.017936915 -0.129898071 -0.002944093 0.996501684 -0.083520599 -0.340664566 -0.018246442 0.083453529 0.996344626 0.033584606
0.999821305 0.006922851 0.017592054 -0.138240844 -0.005585860 0.997172117 -0.074943624 -0.342412114 -0.018061128 0.074831970 0.997032583 0.035593614
0.999772966 0.010281736 0.018661277 -0.151267603 -0.009092975 0.997990668 -0.062705554 -0.344764590 -0.019268503 0.062521629 0.997857571 0.039064437
0.999731660 0.012388937 0.019573111 -0.162648588 -0.011410914 0.998718202 -0.049312763 -0.346832216 -0.020158954 0.049076185 0.998591602 0.041684087
0.999678910 0.015238789 0.020246346 -0.173449293 -0.014463619 0.999176979 -0.037896857 -0.350353807 -0.020807184 0.037591852 0.999076545 0.042869173
0.999675632 0.015338120 0.020332279 -0.184983715 -0.014728398 0.999447167 -0.029805837 -0.356404811 -0.020778203 0.029496705 0.999348879 0.041698154
0.999557555 0.018834766 0.023020837 -0.203387603 -0.018266153 0.999528885 -0.024665577 -0.362148106 -0.023474563 0.024234163 0.999430656 0.042834915
0.999521613 0.020013932 0.023578875 -0.215984240 -0.019535758 0.999602258 -0.020338552 -0.367737055 -0.023976550 0.019868193 0.999515057 0.042078104
0.999466479 0.022623898 0.023555569 -0.228938937 -0.022215920 0.999601066 -0.017439868 -0.373894304 -0.023940731 0.016907256 0.999570429 0.041098449
0.999476850 0.022241697 0.023479879 -0.243341595 -0.021814425 0.999594569 -0.018299412 -0.384412080 -0.023877367 0.017777640 0.999556839 0.038885377
0.999543667 0.020519147 0.022166897 -0.257262826 -0.020144669 0.999652743 -0.016986847 -0.392227769 -0.022507753 0.016532551 0.999609947 0.037496474
0.999574959 0.019889077 0.021315711 -0.271315217 -0.019489979 0.999633849 -0.018770164 -0.399962753 -0.021681229 0.018346744 0.999596596 0.036188021
0.999648213 0.018374562 0.019125214 -0.280435294 -0.017928626 0.999569297 -0.023232598 -0.406809628 -0.019543866 0.022881538 0.999547124 0.030525448
0.999666750 0.018406281 0.018099841 -0.294837058 -0.017667970 0.999037921 -0.040137913 -0.408502579 -0.018821217 0.039804753 0.999030173 0.031147661
0.999703944 0.017711639 0.016682729 -0.309422195 -0.016256843 0.996364057 -0.083632082 -0.408016205 -0.018103335 0.083336115 0.996357024 0.032893363
0.999801576 0.013964351 0.014204346 -0.324567199 -0.011799354 0.989726901 -0.142483175 -0.410921574 -0.016048107 0.142287314 0.989695311 0.033384472
0.999910057 0.008629400 0.010264982 -0.339554727 -0.006385810 0.979491830 -0.201382816 -0.404922038 -0.011792279 0.201299161 0.979458809 0.031803906
0.999946117 0.005430270 0.008848983 -0.354342788 -0.003086352 0.969256639 -0.246032670 -0.395721734 -0.009912959 0.245992109 0.969221115 0.026017250
0.999976814 0.002432083 0.006357103 -0.370027155 -0.000606726 0.962114573 -0.272644728 -0.391209811 -0.006779356 0.272634536 0.962093771 0.013737204
0.999931812 0.008846291 0.007622100 -0.383944601 -0.006333803 0.959270597 -0.282417715 -0.377194703 -0.009810006 0.282350183 0.959261239 -0.004586778
0.999947727 0.007575180 0.006870810 -0.397869855 -0.005312792 0.958831310 -0.283926576 -0.361960381 -0.008738742 0.283875197 0.958821416 -0.030137898
0.999952912 0.007234988 0.006465783 -0.406948626 -0.005106416 0.958998859 -0.283363909 -0.353606522 -0.008250813 0.283317536 0.958990693 -0.064426966
0.999951959 0.007790929 0.005949029 -0.420487493 -0.005809564 0.959835351 -0.280503720 -0.337972164 -0.007895472 0.280455679 0.959834516 -0.103250109
0.999932230 0.009397270 0.006873846 -0.433650285 -0.007141770 0.961324692 -0.275325090 -0.321963161 -0.009195302 0.275257319 0.961326599 -0.148725197
0.999907076 0.011038097 0.007997327 -0.448810369 -0.008547870 0.964789689 -0.262883633 -0.309369385 -0.010617474 0.262790829 0.964794397 -0.201234907
0.999877036 0.012589600 0.009349185 -0.461930573 -0.010007663 0.971299231 -0.237650275 -0.291673571 -0.012072778 0.237527490 0.971305788 -0.260315984
0.999852717 0.013344214 0.010789906 -0.474972725 -0.010930215 0.979927838 -0.199052796 -0.272294641 -0.013229531 0.198905542 0.979929388 -0.325084180
0.999833465 0.013731115 0.012020598 -0.490001023 -0.011770121 0.988577724 -0.150251657 -0.254859000 -0.013946419 0.150085151 0.988574684 -0.394460499
0.999796391 0.015121783 0.013359426 -0.503720880 -0.013646117 0.994444072 -0.104377933 -0.235421255 -0.014863582 0.104174383 0.994447947 -0.467391610
0.999758601 0.016090797 0.014960514 -0.517629147 -0.015044661 0.997599900 -0.067587771 -0.217108816 -0.016012149 0.067346387 0.997601151 -0.542389214
0.999625146 0.017412877 0.021127746 -0.549150944 -0.016519925 0.998992443 -0.041727208 -0.195697412 -0.021833051 0.041362539 0.998905659 -0.605102599
0.999567628 0.018631319 0.022747450 -0.564447582 -0.018109946 0.999573350 -0.022914859 -0.179435492 -0.023164678 0.022492995 0.999478579 -0.680736423
0.999434114 0.021561434 0.025818491 -0.579978943 -0.021267539 0.999706447 -0.011604243 -0.162393972 -0.026061116 0.011048581 0.999599278 -0.755364835
0.999402702 0.020421734 0.027878731 -0.594529748 -0.020275114 0.999779165 -0.005531759 -0.144878417 -0.027985543 0.004963211 0.999596000 -0.829583704
0.999332428 0.020709654 0.030095702 -0.610564411 -0.020797247 0.999780357 0.002600312 -0.125363871 -0.030035241 -0.003224484 0.999543667 -0.899578810
0.999287128 0.019996786 0.032020900 -0.626835823 -0.020333866 0.999740839 0.010236006 -0.103728831 -0.031807918 -0.010879818 0.999434769 -0.967481077
0.999218166 0.019772852 0.034236461 -0.642136097 -0.020335393 0.999662578 0.016161490 -0.079200648 -0.033905350 -0.016845066 0.999283075 -1.036535501
0.999093473 0.021355746 0.036826164 -0.658754110 -0.022075286 0.999571085 0.019244161 -0.053388596 -0.036399394 -0.020039663 0.999136388 -1.100219965
0.999075055 0.019310214 0.038421206 -0.675990462 -0.020270158 0.999488056 0.024754079 -0.025519077 -0.037923530 -0.025509985 0.998954952 -1.161531687
0.999026537 0.018131163 0.040214635 -0.693921745 -0.019454800 0.999273539 0.032770939 0.005578528 -0.039591245 -0.033521406 0.998653531 -1.223365664
0.998956442 0.018365512 0.041818146 -0.711869240 -0.020355230 0.998656094 0.047662500 0.036393981 -0.040886600 -0.048463982 0.997987747 -1.281029940
0.998822749 0.019437499 0.044444852 -0.730106413 -0.022496887 0.997334838 0.069405213 0.066896342 -0.042977333 -0.070323378 0.996598005 -1.336561203
0.998800278 0.019014833 0.045127362 -0.746531308 -0.023308368 0.995049477 0.096608922 0.096296504 -0.043066956 -0.097544864 0.994298875 -1.389050603
0.998699367 0.021424010 0.046266176 -0.765384376 -0.027099948 0.991689682 0.125766471 0.124785662 -0.043187268 -0.126856700 0.990980446 -1.439921618
0.998617172 0.021937942 0.047775716 -0.784762859 -0.028905688 0.988198757 0.150425121 0.150250733 -0.043911882 -0.151598081 0.987466335 -1.487053990
0.998615205 0.022643043 0.047486715 -0.800448179 -0.030621590 0.984148681 0.174681872 0.171014681 -0.042778656 -0.175894082 0.983479142 -1.525957346
0.998639584 0.023631372 0.046481222 -0.821247578 -0.032287337 0.980202973 0.195344985 0.190522090 -0.040944763 -0.196579993 0.979632497 -1.563958168
0.998555899 0.025934367 0.047048133 -0.842554748 -0.035329893 0.976754487 0.211429507 0.206623271 -0.040471185 -0.212786376 0.976260245 -1.596679807
0.998593569 0.027165037 0.045530215 -0.862576544 -0.036533449 0.974904060 0.219607234 0.216944307 -0.038421951 -0.220961750 0.974525332 -1.621847153
0.998647809 0.027476249 0.044131108 -0.885278463 -0.036645077 0.974196732 0.222705886 0.225326091 -0.036873259 -0.224021927 0.973886311 -1.642416358
0.998752296 0.026855281 0.042103421 -0.908540428 -0.035344545 0.975741327 0.216054618 0.229421332 -0.035279844 -0.217273176 0.975473046 -1.657097459
0.998735666 0.029720018 0.040543426 -0.929795563 -0.037379101 0.978334844 0.203626394 0.228595227 -0.033613268 -0.204884410 0.978208840 -1.665154338
0.998786271 0.029333036 0.039567277 -0.953592122 -0.036388796 0.980834365 0.191415280 0.225230455 -0.033194155 -0.192622751 0.980711281 -1.668885827
0.999056101 0.022672934 0.037051477 -0.978106916 -0.028987663 0.983249903 0.179942727 0.218463749 -0.032351032 -0.180846930 0.982979059 -1.667596221
0.999391675 0.011367204 0.032971162 -1.001701832 -0.016938228 0.984606862 0.173961028 0.208728760 -0.030486183 -0.174413666 0.984200418 -1.661340952
0.999562144 -0.000557388 0.029583696 -1.026234269 -0.004341038 0.986241281 0.165255129 0.196433753 -0.029268775 -0.165311188 0.985807061 -1.650900126
0.999598026 -0.011878776 0.025742048 -1.050483227 0.007626160 0.987183630 0.159406096 0.182457358 -0.027305679 -0.159145713 0.986877441 -1.636263132
0.999546468 -0.021685781 0.020896006 -1.072641015 0.018143082 0.987446904 0.156905815 0.166260794 -0.024036322 -0.156455532 0.987392485 -1.615850091
0.999424517 -0.029396990 0.016924053 -1.095386863 0.026466703 0.987874568 0.152981564 0.149172097 -0.021216039 -0.152445599 0.988084137 -1.593353152
0.999226570 -0.037183326 0.012795199 -1.117100596 0.034882810 0.988360226 0.148078352 0.130465582 -0.018152311 -0.147517502 0.988892853 -1.566842794
0.998946965 -0.045124572 0.008293441 -1.137038589 0.043405596 0.988061130 0.147821307 0.112924159 -0.014864801 -0.147305667 0.988979340 -1.536206961
0.998530567 -0.053994067 0.004617788 -1.155462146 0.052738450 0.987826288 0.146348476 0.091407999 -0.012463523 -0.145889908 0.989222348 -1.501677632
0.998130441 -0.061098542 0.001620755 -1.172080994 0.060275611 0.988386989 0.139491901 0.067780197 -0.010124683 -0.139133409 0.990221858 -1.463363528
0.997992873 -0.063318394 0.000984218 -1.186998367 0.062639929 0.989342391 0.131445527 0.043446023 -0.009296648 -0.131120056 0.991322935 -1.422154069
0.997902811 -0.064672209 0.002740063 -1.199780345 0.063943245 0.991467595 0.113592520 0.015885651 -0.010062963 -0.113179088 0.993523657 -1.377157092
0.998129606 -0.060985155 0.004248150 -1.210563540 0.060321674 0.993786454 0.093540318 -0.012617674 -0.009926324 -0.093109109 0.995606422 -1.329292059
0.998308778 -0.057781678 0.006391260 -1.219610333 0.057202730 0.995961070 0.069205806 -0.041180979 -0.010364273 -0.068723172 0.997581959 -1.279584527
0.998398900 -0.055942263 0.008372268 -1.226631165 0.055433173 0.997104287 0.052059393 -0.071408316 -0.011260344 -0.051511940 0.998608887 -1.227550507
0.998570859 -0.052784201 0.008368148 -1.232315898 0.052405868 0.997810364 0.040349562 -0.101991028 -0.010479645 -0.039853361 0.999150574 -1.174374819
0.998599112 -0.052174371 0.008811750 -1.237060189 0.051869202 0.998144507 0.031891920 -0.133291870 -0.010459341 -0.031390183 0.999452472 -1.120457292
0.998525858 -0.053770524 0.007402920 -1.240178108 0.053537387 0.998152375 0.028732765 -0.164848134 -0.008934218 -0.028294075 0.999559700 -1.066067576
0.998415530 -0.055984493 0.005668523 -1.241822362 0.055810336 0.998069346 0.027255081 -0.196934193 -0.007183440 -0.026895534 0.999612451 -1.011042953
0.998316705 -0.057726394 0.005610568 -1.242279291 0.057563063 0.998006582 0.025872393 -0.229379505 -0.007092904 -0.025505880 0.999649525 -0.955410004
0.998067200 -0.061985906 0.004423671 -1.240238667 0.061855700 0.997767508 0.025176782 -0.261181712 -0.005974400 -0.024854492 0.999673247 -0.898777604
0.998023331 -0.062702633 0.004213847 -1.236575842 0.062585346 0.997755826 0.023798317 -0.290399283 -0.005696607 -0.023487549 0.999707878 -0.840780020
0.998196185 -0.059790678 0.005427567 -1.236108780 0.059650987 0.997953773 0.023021394 -0.310419381 -0.006792926 -0.022656107 0.999720216 -0.781738281
0.998444557 -0.055369828 0.006534546 -1.230062604 0.055216189 0.998238027 0.021725163 -0.330887079 -0.007725950 -0.021330558 0.999742627 -0.718683779
0.998672247 -0.050927285 0.007755285 -1.222782850 0.050773669 0.998532057 0.018860770 -0.347797573 -0.008704429 -0.018441962 0.999792039 -0.653690219
0.998929441 -0.044925973 0.011029358 -1.215998173 0.044767655 0.998896420 0.014204127 -0.359977901 -0.011655320 -0.013695163 0.999838293 -0.589585781
0.999150038 -0.039028596 0.013267199 -1.206416488 0.038863059 0.999166191 0.012514133 -0.372299880 -0.013744544 -0.011987893 0.999833703 -0.522160232
0.999303281 -0.034049928 0.015283363 -1.195694923 0.033934779 0.999394119 0.007731349 -0.384415776 -0.015537355 -0.007207324 0.999853313 -0.453919560
0.999394357 -0.030443482 0.016856605 -1.186287761 0.030371770 0.999528587 0.004494038 -0.394274741 -0.016985474 -0.003979351 0.999847829 -0.387389600
0.999500036 -0.026950849 0.016533753 -1.174058199 0.026931876 0.999636352 0.001369047 -0.406834483 -0.016564636 -0.000923077 0.999862373 -0.319551647
0.999508560 -0.027552014 0.014951538 -1.160939455 0.027535131 0.999619961 0.001334028 -0.420109451 -0.014982611 -0.000921680 0.999887347 -0.252111644
0.999538660 -0.026693387 0.014490466 -1.150767922 0.026733326 0.999639273 -0.002569420 -0.432583332 -0.014416653 0.002955612 0.999891698 -0.185229421
0.999616742 -0.024180245 0.013479789 -1.136789441 0.024300519 0.999665678 -0.008831268 -0.447386533 -0.013261740 0.009155449 0.999870121 -0.119416304
0.999681711 -0.021425439 0.013318338 -1.122244835 0.021678807 0.999580979 -0.019180136 -0.463274032 -0.012901816 0.019462759 0.999727309 -0.054143608
0.999730706 -0.019119615 0.013150737 -1.108800650 0.019522006 0.999323010 -0.031182813 -0.478700697 -0.012545630 0.031431146 0.999427199 0.009124889
0.999771178 -0.017910531 0.011698350 -1.093596816 0.018400399 0.998896837 -0.043204073 -0.495860010 -0.010911638 0.043409441 0.998997748 0.072798342
0.999826252 -0.014616702 0.011568176 -1.078022480 0.015140941 0.998798490 -0.046608139 -0.512754083 -0.010873020 0.046775196 0.998846292 0.135517851
0.999866068 -0.011718599 0.011426610 -1.065010071 0.012215501 0.998937726 -0.044432607 -0.528710186 -0.010893784 0.044566233 0.998947024 0.193206370
0.999888837 -0.010998159 0.010067838 -1.049261332 0.011373884 0.999210894 -0.038055822 -0.545646071 -0.009641350 0.038166106 0.999224901 0.252711147
0.999904335 -0.009442943 0.010109188 -1.033304095 0.009784910 0.999362648 -0.034330145 -0.562832236 -0.009778567 0.034425780 0.999359429 0.311271906
0.999912798 -0.009312132 0.009361852 -1.017122507 0.009647867 0.999287784 -0.036480460 -0.581802845 -0.009015473 0.036567602 0.999290526 0.381316483
0.999924660 -0.007602419 0.009635382 -1.001369596 0.007992365 0.999123096 -0.041099731 -0.596180379 -0.009314475 0.041173648 0.999108613 0.438444942
0.999920666 -0.007938225 0.009782227 -0.985478520 0.008394847 0.998833239 -0.047557510 -0.608331680 -0.009393292 0.047635853 0.998820603 0.495206922
0.999914050 -0.006155919 0.011574743 -0.970447302 0.006724734 0.998738348 -0.049763780 -0.618851781 -0.011253798 0.049837340 0.998693943 0.553396642
0.999847531 -0.007392517 0.015821608 -0.954194725 0.008226837 0.998542786 -0.053334530 -0.625535488 -0.015404277 0.053456556 0.998451352 0.608378828
0.999673128 -0.010633187 0.023249036 -0.937514007 0.011822011 0.998597383 -0.051609658 -0.631029069 -0.022667652 0.051867642 0.998396695 0.662481546
0.999336302 -0.017086303 0.032172084 -0.921746433 0.018705422 0.998537838 -0.050717514 -0.638816237 -0.031258471 0.051285643 0.998194695 0.717502832
0.998800159 -0.018328549 0.045412000 -0.904649615 0.020581877 0.998554111 -0.049659412 -0.645113230 -0.044436153 0.050534498 0.997733295 0.768230677
0.997906923 -0.017882746 0.062144462 -0.887058139 0.021442629 0.998138309 -0.057097550 -0.652752876 -0.061007705 0.058310580 0.996432602 0.817263007
0.996509850 -0.022628082 0.080349691 -0.865566432 0.027507098 0.997810602 -0.060144048 -0.662961125 -0.078812830 0.062144320 0.994950533 0.879054844
0.994434416 -0.027745394 0.101638213 -0.847692013 0.034538209 0.997241855 -0.065694943 -0.672052860 -0.099535152 0.068839714 0.992649913 0.925194085
0.991330326 -0.033608843 0.127022326 -0.829220593 0.042470876 0.996800303 -0.067715354 -0.682181299 -0.124340057 0.072523035 0.989585757 0.970043421
0.986815453 -0.038654152 0.157165825 -0.810258389 0.049788002 0.996474087 -0.067531899 -0.691937566 -0.154001296 0.074466497 0.985260546 1.015643001
0.980846226 -0.049780931 0.188315064 -0.791883588 0.062968194 0.995915949 -0.064702675 -0.701848745 -0.184325010 0.075321227 0.979974985 1.055225372
0.972994685 -0.054969445 0.224186674 -0.773414731 0.069547541 0.995911360 -0.057651475 -0.710964978 -0.220100984 0.071686208 0.972839475 1.092720628
0.962908089 -0.063567229 0.262235165 -0.754342079 0.079868846 0.995449662 -0.051970042 -0.720341444 -0.257738292 0.070986792 0.963603556 1.131718516
0.950254083 -0.070204437 0.303460985 -0.736828387 0.088681430 0.994925678 -0.047524057 -0.729194045 -0.298584729 0.072071277 0.951657951 1.166263938
0.936133504 -0.080388635 0.342332810 -0.720473230 0.101871908 0.993769526 -0.045213111 -0.738635898 -0.336565286 0.077199593 0.938490331 1.198846340
0.919709861 -0.087402388 0.382746160 -0.696518540 0.112495825 0.992693782 -0.043631293 -0.755863428 -0.376136243 0.083185472 0.922822654 1.245227575
0.900856555 -0.090514116 0.424575955 -0.681193888 0.123413749 0.991065741 -0.050574344 -0.765604794 -0.416204959 0.097958729 0.903978705 1.273944855
0.880698621 -0.093507752 0.464355707 -0.667588830 0.133918792 0.989479363 -0.054738447 -0.774904311 -0.454351962 0.110394031 0.883955598 1.300155044
0.858263552 -0.098087370 0.503748477 -0.652047157 0.146759480 0.987484157 -0.057764128 -0.787933469 -0.491777718 0.123506710 0.861916900 1.331583738
0.833744764 -0.109308310 0.541222095 -0.641957164 0.167436868 0.984105051 -0.059178583 -0.798353791 -0.526150703 0.139960349 0.838794708 1.352126122
0.808177829 -0.131418273 0.574088693 -0.634535313 0.199744627 0.978172779 -0.057272352 -0.809455097 -0.554031253 0.160957366 0.816787660 1.369046211
0.780486107 -0.155734956 0.605465233 -0.619934440 0.228661716 0.972482681 -0.044623092 -0.826127648 -0.581855118 0.173274413 0.794619799 1.399513960
0.750194430 -0.186198577 0.634459198 -0.616409063 0.260943234 0.965021729 -0.025332607 -0.836507976 -0.607549965 0.184562176 0.772541165 1.408966064
0.718675852 -0.214464337 0.661445439 -0.613490343 0.287917882 0.957652271 -0.002324253 -0.845696568 -0.632936299 0.192112356 0.749989688 1.415643811
0.685725570 -0.242184371 0.686387062 -0.606198370 0.312354356 0.949686408 0.023033381 -0.860684514 -0.657430768 0.198601395 0.726871610 1.433505416
0.651839435 -0.268848151 0.709102273 -0.602759898 0.337357908 0.940234005 0.046364248 -0.870074689 -0.679187059 0.208999187 0.703579664 1.435807228
0.617061377 -0.296031028 0.729109704 -0.598900139 0.362713009 0.929244220 0.070317164 -0.879014850 -0.698337018 0.221067533 0.680774987 1.435035586
0.581845880 -0.320227385 0.747602761 -0.588818789 0.386118352 0.917788088 0.092615381 -0.889724553 -0.715798914 0.234775260 0.657656848 1.440863252
0.545714021 -0.346561491 0.762949109 -0.582156777 0.407962501 0.905163169 0.119357713 -0.897043705 -0.731958270 0.246119440 0.635344326 1.434766173
0.508633137 -0.374382317 0.775325894 -0.574051678 0.426246464 0.891907275 0.151047751 -0.902852654 -0.748068333 0.253652036 0.613232732 1.425014257
0.472832918 -0.399940252 0.785160422 -0.559630871 0.434652805 0.880971789 0.186990976 -0.908906341 -0.766489387 0.252856642 0.590387642 1.424622297
0.442587197 -0.425265431 0.789471924 -0.546904683 0.429176092 0.873469353 0.229911238 -0.910145462 -0.787352860 0.237066716 0.569100082 1.410623670
0.418476224 -0.446120292 0.791109622 -0.531493902 0.406424075 0.870951653 0.276156962 -0.908008814 -0.812217534 0.205960840 0.545786560 1.395100236
0.399516463 -0.456658304 0.794889927 -0.500397325 0.370300114 0.873597860 0.315760374 -0.913720667 -0.838608742 0.168196261 0.518117309 1.396378279
0.387199938 -0.453492075 0.802758455 -0.476725578 0.330215842 0.881126165 0.338488102 -0.908457160 -0.860833168 0.134020969 0.490922272 1.381540060
0.378191888 -0.437073737 0.816049993 -0.449517608 0.285842270 0.893582284 0.346128464 -0.902762771 -0.880491436 0.102358550 0.462879658 1.367753148
0.371735871 -0.406494826 0.834610462 -0.410151482 0.239830464 0.910568535 0.336669475 -0.900383472 -0.896824360 0.075012863 0.435980797 1.371244073
0.366783559 -0.365566730 0.855471194 -0.378165960 0.196935579 0.929229140 0.312649399 -0.898007631 -0.909222901 0.053797990 0.412819028 1.363473892
0.361864448 -0.328821599 0.872313321 -0.345505714 0.167862773 0.943415344 0.285988748 -0.897976756 -0.916993082 0.042939723 0.396585405 1.359143615
0.357875288 -0.304604232 0.882689953 -0.305706620 0.161865219 0.951223493 0.262628049 -0.903236926 -0.919633031 0.048888713 0.389724195 1.367507815
0.355303168 -0.290772080 0.888375640 -0.273357511 0.174057409 0.954345882 0.242750913 -0.907940984 -0.918402791 0.068378180 0.389693141 1.373099923
0.355185628 -0.282774150 0.891000569 -0.242405534 0.191827178 0.954913557 0.226588637 -0.914004028 -0.914901912 0.090437077 0.393415332 1.382014751
0.356016040 -0.278419584 0.892039955 -0.204311013 0.207161009 0.954347134 0.215187997 -0.923643827 -0.911228359 0.108185478 0.397440553 1.399498701
0.357501686 -0.282645792 0.890114546 -0.174708486 0.222665086 0.951413333 0.212680310 -0.931149840 -0.906980038 0.122163862 0.403067231 1.413646102
0.360261559 -0.286747754 0.887686491 -0.146380186 0.232727289 0.949122548 0.212142527 -0.939239323 -0.903354645 0.130162090 0.408666372 1.429335117
0.363402843 -0.287982434 0.886004806 -0.110831738 0.243733317 0.947289824 0.207932785 -0.936465323 -0.899184346 0.140385523 0.414438725 1.441216588
0.365323484 -0.290546417 0.884376347 -0.082124949 0.245437443 0.946489632 0.209565863 -0.947145879 -0.897941649 0.140499726 0.417085886 1.459964037
0.368749022 -0.290434539 0.882990420 -0.053998113 0.243249238 0.946980774 0.209898084 -0.958721042 -0.897136629 0.137387007 0.419846237 1.479728699
0.367862761 -0.288943261 0.883848906 -0.023194075 0.239136428 0.947925150 0.210360840 -0.971819520 -0.898604989 0.133976534 0.417803168 1.503775954
0.363299966 -0.288905561 0.885746479 0.005051613 0.234700158 0.948425472 0.213084489 -0.984867275 -0.901625752 0.130471230 0.412369072 1.525601864
0.354243457 -0.286772937 0.890097141 0.033246160 0.225805297 0.949885726 0.216169074 -0.998818219 -0.907482028 0.124412134 0.401245654 1.548257470
0.340159178 -0.283533126 0.896605134 0.063819528 0.215726718 0.951562405 0.219068587 -1.016286373 -0.915288925 0.118903458 0.384848356 1.574487925
0.320315182 -0.277734697 0.905682981 0.092154503 0.203525990 0.953907073 0.220541447 -1.031870484 -0.925189435 0.113687254 0.362077117 1.600216985
0.297292054 -0.262350440 0.918035746 0.119930983 0.194453165 0.957993686 0.210798651 -1.050274014 -0.934775591 0.115846217 0.335818768 1.627449036
0.270192206 -0.240049317 0.932401538 0.159595132 0.196482375 0.961788177 0.190678135 -1.079132080 -0.942544937 0.131680682 0.307033122 1.662426710
0.240586102 -0.214937657 0.946530640 0.182762980 0.208336622 0.963880360 0.165923089 -1.101394176 -0.948005378 0.157278180 0.276675582 1.693114638
0.213190615 -0.183707193 0.959583998 0.202882171 0.224427804 0.965107858 0.134903610 -1.126023769 -0.950884819 0.186597139 0.246980906 1.725294709
0.190421224 -0.154056340 0.969539404 0.223223090 0.245271385 0.963755310 0.104965001 -1.155295849 -0.950569272 0.217812657 0.221305072 1.761338949
0.171979129 -0.125049204 0.977131426 0.234275341 0.275110990 0.958541036 0.074249402 -1.182846785 -0.945905387 0.256050229 0.199251473 1.795702219
0.158152938 -0.092949219 0.983030140 0.239652753 0.304847538 0.951521456 0.040925100 -1.210976124 -0.939178288 0.293201864 0.178821266 1.829951048
0.150063753 -0.061482713 0.986762822 0.248941422 0.337674439 0.941234708 0.007293507 -1.241897583 -0.929223835 0.332110107 0.162006378 1.871173382
0.144810438 -0.045878589 0.988395274 0.241508484 0.368351221 0.929623783 -0.010816842 -1.268085837 -0.918339550 0.365642965 0.151518643 1.903959990
0.145136774 -0.069789693 0.986947298 0.226942897 0.401580572 0.915805936 0.005704105 -1.289200187 -0.904250264 0.395510912 0.160943329 1.936403394
0.141581655 -0.120057374 0.982619405 0.206851602 0.420300931 0.905998588 0.050136313 -1.304688573 -0.896270990 0.405897439 0.178732991 1.963822365
0.137307465 -0.181996822 0.973665237 0.181608438 0.437963724 0.892825127 0.105124086 -1.316591740 -0.888445020 0.411995679 0.202299535 1.992892027
0.131125093 -0.249534816 0.959447026 0.151922584 0.446291953 0.879046917 0.167630687 -1.324341774 -0.885228634 0.406212926 0.226630449 2.019548178
0.123587132 -0.321660370 0.938755035 0.127243996 0.452195436 0.860333085 0.235257834 -1.328734517 -0.883315206 0.395425826 0.251779377 2.049971104
0.115414500 -0.395268828 0.911285996 0.095512629 0.452586919 0.837580919 0.305979192 -1.330567479 -0.884219885 0.377121627 0.275562465 2.071716785
0.106427133 -0.462869734 0.880014360 0.065810442 0.449242324 0.811942220 0.372734725 -1.331947803 -0.887048423 0.355670452 0.294353306 2.089651346
0.096826971 -0.516291797 0.850921571 0.045689583 0.444488138 0.787378907 0.427159011 -1.332546711 -0.890536368 0.336863935 0.305725038 2.108784437
0.089659572 -0.559705377 0.823827088 0.027397394 0.432693809 0.766910672 0.473945171 -1.336224675 -0.897071421 0.313971132 0.310941935 2.119370461
0.085600555 -0.592905521 0.800709546 0.016269445 0.413660526 0.752268255 0.512813330 -1.340863466 -0.906398237 0.287324756 0.309656143 2.126539469
0.085314155 -0.604924917 0.791699111 0.017657995 0.383271664 0.753378987 0.534343481 -1.345829844 -0.919687212 0.257848680 0.296124399 2.134091139
0.089667678 -0.592152119 0.800821900 0.027154922 0.345960915 0.772511721 0.532481670 -1.355347633 -0.933954477 0.229306608 0.274130821 2.136649132
0.092944503 -0.546148360 0.832516372 0.047339439 0.312916636 0.809792280 0.496306002 -1.369884968 -0.945222080 0.214379236 0.246164620 2.137985468
0.092408538 -0.472760141 0.876332462 0.080360889 0.288343489 0.855094075 0.430896938 -1.392224431 -0.953057587 0.212866187 0.215335250 2.140504837
0.090865254 -0.383580416 0.919026613 0.112931013 0.275247246 0.896568418 0.346992910 -1.413985491 -0.957069874 0.221429870 0.187046289 2.143203259
0.088005304 -0.283618063 0.954890549 0.146431923 0.274543434 0.928387761 0.250443608 -1.438530922 -0.957539022 0.240118533 0.159568548 2.147087097
0.087679923 -0.190613985 0.977741599 0.169028997 0.280047297 0.946653306 0.159439698 -1.466652513 -0.955973744 0.259834230 0.136383414 2.142669201
0.089861155 -0.111734204 0.989666820 0.195580959 0.290791512 0.953332186 0.081228301 -1.492250204 -0.952557206 0.280487478 0.118158937 2.148592472
0.093500137 -0.047544062 0.994483471 0.215520382 0.303446263 0.952696562 0.017016664 -1.517528057 -0.948250055 0.300181210 0.103504300 2.154759884
0.101482213 0.013305038 0.994748414 0.228909731 0.326520830 0.944073021 -0.045938224 -1.541227221 -0.939726293 0.329467982 0.091462255 2.166441441
0.113120615 0.060249895 0.991752863 0.231230974 0.347909123 0.932565510 -0.096337214 -1.566774011 -0.930678844 0.355937600 0.084530890 2.171500206
0.125346541 0.087433800 0.988252759 0.223664522 0.370603561 0.919874430 -0.128390208 -1.589928985 -0.920294046 0.382343292 0.082899809 2.175478935
0.140066981 0.084806681 0.986503601 0.205121994 0.394413114 0.909088373 -0.134151608 -1.608053088 -0.908195853 0.407880098 0.093884349 2.178925991
0.153868258 0.051692337 0.986738384 0.177158475 0.414265901 0.903248668 -0.111917630 -1.622425795 -0.897055447 0.425992608 0.117566943 2.179327250
0.163414299 -0.017111868 0.986409247 0.140187979 0.434250057 0.899028480 -0.056344420 -1.632072091 -0.885845840 0.437555701 0.154344916 2.177526474
0.169134378 -0.097614288 0.980747223 0.096957445 0.451372921 0.892268062 0.010966554 -1.645559311 -0.876159906 0.440827906 0.194973648 2.166718960
0.171240151 -0.189628154 0.966808200 0.045851946 0.471474320 0.877418995 0.088588357 -1.649636030 -0.865094781 0.440655291 0.239654124 2.158059597
0.168076098 -0.288464576 0.942623377 -0.008649588 0.487980694 0.855193138 0.174698636 -1.650117874 -0.856519341 0.430619240 0.284502625 2.146022081
0.159742534 -0.388988763 0.907287240 -0.063793182 0.500430584 0.824147880 0.265234858 -1.645252943 -0.850912213 0.411664933 0.326313376 2.135719061
0.147646606 -0.470328867 0.870052516 -0.117091179 0.507309079 0.791169405 0.341597050 -1.640638709 -0.849021852 0.390949816 0.355415523 2.115904808
0.134405732 -0.529417157 0.837647200 -0.165868759 0.507255435 0.762924075 0.400797755 -1.634286642 -0.851250410 0.371031433 0.371091068 2.091891527
0.120404720 -0.569862127 0.812871456 -0.210075617 0.501373887 0.741631031 0.445654243 -1.620056391 -0.856812119 0.353893608 0.375009835 2.071210861
0.112474442 -0.595232129 0.795643389 -0.244641066 0.481325775 0.733147979 0.480436832 -1.608853698 -0.869295776 0.328926712 0.368960917 2.040639162
0.106997669 -0.612229586 0.783407092 -0.271003246 0.456448555 0.730238557 0.508336902 -1.595415831 -0.883292913 0.303194016 0.357585013 2.007728815
0.106993318 -0.616597652 0.779974341 -0.291794062 0.421078444 0.738752484 0.526248753 -1.578007936 -0.900691748 0.272125185 0.338677466 1.973395586
0.109874845 -0.608306527 0.786060333 -0.300304651 0.378758222 0.756802142 0.532722056 -1.561065912 -0.918950438 0.239193991 0.313554585 1.938029766
0.113476038 -0.586654007 0.801848173 -0.299930096 0.337508559 0.781828880 0.524243832 -1.543817282 -0.934457779 0.211141437 0.286719561 1.903110147
0.114983916 -0.546039343 0.829831183 -0.293624640 0.302668989 0.814909220 0.494281769 -1.526387215 -0.946134388 0.194329664 0.258970618 1.868462801
0.113685191 -0.496330917 0.860657692 -0.279426575 0.274823427 0.848182082 0.452834725 -1.509523153 -0.954750299 0.185048178 0.232829034 1.837830424
0.110795557 -0.436746925 0.892735541 -0.261156082 0.257336825 0.880238414 0.398695529 -1.493211865 -0.959949195 0.185559943 0.209917545 1.810036540
0.106348813 -0.369056195 0.923302591 -0.243339181 0.246682137 0.909331560 0.335058212 -1.476456642 -0.963243544 0.192129135 0.187745869 1.780480981
0.101812959 -0.290176749 0.951541841 -0.221927285 0.244476736 0.934476554 0.258814126 -1.459047437 -0.964295328 0.206279144 0.166083276 1.758186817
0.098184884 -0.213564947 0.971982479 -0.202191949 0.247632787 0.951223433 0.183989093 -1.440368652 -0.963866115 0.222629741 0.146281481 1.738677502
0.095719218 -0.141805902 0.985255778 -0.184583783 0.257613361 0.959607601 0.113086835 -1.420374155 -0.961495340 0.242990449 0.128383994 1.719115734
0.096100330 -0.087063134 0.991556764 -0.173835397 0.270849735 0.960865617 0.058117919 -1.397924185 -0.957812786 0.262977719 0.115920544 1.704035521
0.098611593 -0.051609114 0.993786991 -0.169820786 0.289189637 0.957041383 0.021005064 -1.375138044 -0.952179253 0.285321504 0.109300196 1.690147042
0.103746712 -0.039073661 0.993836105 -0.169351697 0.311254144 0.950314224 0.004870653 -1.343523860 -0.944646895 0.308830231 0.110753775 1.685650229
0.109184086 -0.054597467 0.992521167 -0.180609941 0.333070457 0.942779064 0.015221164 -1.319778204 -0.936559200 0.328917503 0.121121228 1.672015548
0.115212202 -0.096011207 0.988690138 -0.199610710 0.357252955 0.932724357 0.048945636 -1.295525193 -0.926874638 0.347573280 0.141761482 1.658101439
0.118628025 -0.150615603 0.981449127 -0.232577920 0.381857127 0.919333339 0.094928011 -1.280866742 -0.916576505 0.363512218 0.166572332 1.634351015
0.121207118 -0.210115984 0.970134139 -0.262886405 0.403193891 0.903504074 0.145310476 -1.257596612 -0.907052159 0.373539448 0.194228590 1.616407037
0.119873345 -0.274136573 0.954190493 -0.296609879 0.404724330 0.891124189 0.205172926 -1.232993007 -0.906547666 0.361589342 0.217771769 1.595972776
0.117077649 -0.342826426 0.932074606 -0.332795978 0.397936046 0.876086473 0.272248775 -1.207359433 -0.909912050 0.339031786 0.238993108 1.578410745
0.115549147 -0.400619477 0.908929348 -0.367654443 0.377418667 0.864138067 0.332897305 -1.182722211 -0.918805599 0.304580808 0.251051664 1.553941965
0.115169287 -0.445873260 0.887656093 -0.399976611 0.355330408 0.852966487 0.382346064 -1.159891367 -0.927618742 0.271376580 0.256667793 1.527780294
0.114863098 -0.481070071 0.869124889 -0.418475032 0.335666150 0.842249990 0.421833098 -1.132763267 -0.934951663 0.243282750 0.258222401 1.509911180
0.114741445 -0.504769444 0.855594695 -0.442222953 0.320001155 0.834154248 0.449205875 -1.114685416 -0.940443337 0.222248733 0.257238865 1.483171821
0.114726901 -0.524277747 0.843783557 -0.460488439 0.308628321 0.826170743 0.471370846 -1.098201275 -0.944238484 0.206336588 0.256590903 1.457126617
0.113633275 -0.539687514 0.834161341 -0.465923429 0.299818069 0.819084644 0.489090562 -1.073793173 -0.947204769 0.194519579 0.254883289 1.438630581
0.113834381 -0.549763978 0.827527344 -0.471366167 0.288214147 0.815395892 0.502057910 -1.060572743 -0.950775802 0.181353599 0.251269817 1.415510058
0.114960253 -0.555835128 0.823305190 -0.469908476 0.275977015 0.814043880 0.511047244 -1.048948884 -0.954264581 0.168463200 0.246980369 1.394073248
0.116633534 -0.552724659 0.825161874 -0.456631780 0.261385858 0.818625212 0.511400223 -1.037633657 -0.958161891 0.156039149 0.239953518 1.374781370
0.119190574 -0.531669497 0.838523328 -0.439388990 0.241132915 0.834759057 0.495007336 -1.031379104 -0.963145196 0.143195286 0.227698386 1.357397199
0.121219575 -0.492410153 0.861880541 -0.414977074 0.222417563 0.859679759 0.459870785 -1.028820634 -0.967386365 0.135952026 0.213730693 1.342749238
0.120721877 -0.447186530 0.886256576 -0.383386374 0.209393993 0.884169400 0.417610705 -1.028046489 -0.970350742 0.135161981 0.200376749 1.329735518
0.118865073 -0.398604214 0.909387589 -0.350339174 0.208677948 0.905453742 0.369603872 -1.030980706 -0.970734119 0.145836130 0.190806746 1.321789265
0.115393400 -0.362177640 0.924938917 -0.315932155 0.216757268 0.917899966 0.332379282 -1.034846306 -0.969381690 0.162132815 0.184424162 1.317308664
0.112842739 -0.343279570 0.932429969 -0.279622674 0.230676979 0.921834767 0.311462313 -1.038242579 -0.966465056 0.179943860 0.183209062 1.314562082
0.110287130 -0.336514950 0.935197651 -0.244635224 0.241691947 0.921773195 0.303181857 -1.041700840 -0.964065373 0.192592621 0.182992637 1.315895438
0.108237565 -0.335085988 0.935949802 -0.209494591 0.249568164 0.920489728 0.300689816 -1.045892358 -0.962289095 0.201037347 0.183258355 1.319464564
0.107015371 -0.336876512 0.935447514 -0.167438626 0.255857885 0.918495297 0.301501423 -1.049256086 -0.960772932 0.207076281 0.184485614 1.324650764
0.105478048 -0.339273125 0.934755683 -0.131726265 0.257543296 0.917247117 0.303857088 -1.055688858 -0.960492492 0.208689794 0.184126973 1.331163287
0.104819775 -0.336823344 0.935715199 -0.095710158 0.256564081 0.918206692 0.301780343 -1.063298345 -0.960826635 0.208438352 0.182662964 1.339326978
0.104432940 -0.337796718 0.935407519 -0.059585571 0.254795879 0.918246865 0.303153098 -1.070298553 -0.961339116 0.206678808 0.181964397 1.349103212
0.103270948 -0.336437494 0.936026096 -0.023593426 0.253262728 0.918934822 0.302352071 -1.079411507 -0.961869597 0.205836341 0.180106342 1.360466242
0.102703571 -0.336630583 0.936019242 0.012453079 0.252270877 0.919045031 0.302845895 -1.089071751 -0.962191045 0.205026984 0.179311275 1.373844981
0.102366507 -0.335932314 0.936307013 0.050873995 0.250306308 0.919664562 0.302595258 -1.097123265 -0.962739885 0.203387842 0.178228796 1.389051318
0.101449609 -0.331346184 0.938039422 0.088065028 0.249454111 0.921253145 0.298438102 -1.105448842 -0.963058114 0.203721255 0.176116407 1.406857729
0.101098776 -0.324943602 0.940314233 0.124897122 0.247886777 0.923575401 0.292507410 -1.112705946 -0.963499486 0.203519285 0.173921585 1.426930428
0.100446403 -0.315882027 0.943466604 0.163010359 0.248389140 0.926197827 0.283655435 -1.113010764 -0.963438332 0.205854639 0.171494842 1.447740436
0.099937439 -0.313687027 0.944252729 0.198435903 0.248683691 0.926759362 0.281555533 -1.120519757 -0.963415384 0.206682265 0.170626760 1.471940994
0.099856496 -0.314149618 0.944107473 0.233231544 0.249769136 0.926382720 0.281834126 -1.130804896 -0.963142931 0.207665876 0.170970142 1.497474670
0.099208236 -0.317102164 0.943188250 0.270042777 0.250138193 0.925374687 0.284802705 -1.142111301 -0.963114083 0.207672566 0.171124160 1.522772551
0.098529935 -0.318967998 0.942630112 0.305082679 0.250396907 0.924709082 0.286730736 -1.159792066 -0.963116586 0.207780033 0.170980096 1.549794793
0.098507047 -0.322743148 0.941346526 0.338813305 0.253316492 0.922918737 0.289916843 -1.180920362 -0.962355018 0.209899724 0.172670186 1.577689528
0.097804785 -0.332240433 0.938110173 0.372960448 0.267491013 0.916718245 0.296776384 -1.204092860 -0.958583772 0.221909851 0.178530753 1.604156494
0.097444415 -0.344240427 0.933811128 0.406881571 0.287828326 0.907928824 0.304663897 -1.231729507 -0.952711642 0.239089489 0.187554717 1.634151936
0.096409321 -0.364993691 0.926004827 0.441161275 0.314457774 0.893858254 0.319583654 -1.260539651 -0.944363058 0.260378540 0.200951397 1.665107727
0.094526947 -0.385156661 0.917997301 0.475745559 0.337770909 0.879835725 0.334364980 -1.285777092 -0.936469734 0.278466254 0.213262856 1.693751097
0.092334270 -0.401899219 0.911016762 0.512817979 0.359223604 0.866756320 0.345965147 -1.314425707 -0.928672612 0.295314252 0.224403024 1.723574877
