1.000000000 0.000000000 0.000000000 0.000000000 0.000000000 1.000000000 0.000000000 0.000000089 0.000000000 0.000000000 1.000000000 0.000000060
0.999996066 -0.002443722 0.001362355 -0.000078130 0.002442641 0.999996722 0.000794776 0.000635011 -0.001364293 -0.000791445 0.999998748 -0.000128472
0.999994874 -0.001423154 0.002869181 0.001080366 0.001424748 0.999998808 -0.000553507 -0.000327880 -0.002868390 0.000557592 0.999995708 -0.000793424
0.999975681 0.001791078 0.006736083 0.001709579 -0.001774318 0.999995291 -0.002493175 0.000000709 -0.006740517 0.002481163 0.999974191 -0.000567510
0.999917686 0.006033777 0.011322713 0.002675035 -0.005997240 0.999976695 -0.003258149 -0.001452427 -0.011342108 0.003189975 0.999930561 -0.003039701
0.999829769 0.010133999 0.015418825 0.002244166 -0.010059488 0.999937356 -0.004902417 -0.003221424 -0.015467540 0.004746477 0.999869108 -0.003911455
0.999733448 0.013425445 0.018783553 0.002694281 -0.013293989 0.999886394 -0.007105974 -0.007319222 -0.018876819 0.006854372 0.999798298 -0.005637235
0.999637306 0.016074400 0.021608062 0.004289311 -0.015823890 0.999806166 -0.011714760 -0.012380068 -0.021792181 0.011368588 0.999697864 -0.009660996
0.999452412 0.021304691 0.025316756 0.004288957 -0.021008966 0.999708593 -0.011890149 -0.017803309 -0.025562696 0.011351759 0.999608755 -0.013342508
0.999310613 0.024135152 0.028208975 0.004404102 -0.023839628 0.999657810 -0.010766074 -0.024404818 -0.028459162 0.010086160 0.999544084 -0.018077815
0.999257743 0.024985861 0.029319901 0.003867356 -0.024811856 0.999672413 -0.006283639 -0.031893574 -0.029467296 0.005551493 0.999550343 -0.024022957
0.999225080 0.024593445 0.030730225 0.001945706 -0.024476098 0.999691665 -0.004189021 -0.042292602 -0.030823771 0.003433620 0.999518931 -0.031631183
0.999200642 0.024268800 0.031765442 -0.001927516 -0.024292080 0.999704838 0.000347091 -0.056696787 -0.031747643 -0.001118462 0.999495268 -0.039319042
0.999190032 0.023869362 0.032395750 -0.005078574 -0.023952268 0.999710739 0.002173494 -0.068464518 -0.032334499 -0.002947685 0.999472737 -0.047255717
0.999048293 0.026259454 0.034826998 -0.009660456 -0.026329951 0.999652088 0.001567017 -0.079301961 -0.034773733 -0.002482519 0.999392152 -0.055677492
0.998972356 0.027367551 0.036128696 -0.013843699 -0.027461253 0.999620676 0.002099846 -0.086109146 -0.036057521 -0.003089828 0.999344945 -0.064958937
0.998980403 0.027637048 0.035698213 -0.018705238 -0.027830409 0.999600470 0.004930926 -0.095327310 -0.035547674 -0.005919394 0.999350429 -0.072738238
0.998941064 0.028263979 0.036302719 -0.022971841 -0.028548375 0.999565482 0.007339579 -0.101612285 -0.036079500 -0.008368190 0.999313891 -0.083014570
0.998909950 0.028699152 0.036814220 -0.029998479 -0.029088609 0.999525964 0.010087250 -0.107061498 -0.036507271 -0.011147128 0.999271214 -0.091724113
0.998882174 0.029607136 0.036848895 -0.037642796 -0.030020591 0.999491811 0.010717954 -0.110590711 -0.036512844 -0.011812198 0.999263346 -0.100711986
0.998813510 0.029366478 0.038848680 -0.047448546 -0.029763468 0.999510109 0.009680187 -0.112797238 -0.038545374 -0.010824973 0.999198198 -0.109873049
0.998776913 0.030668970 0.038782544 -0.055772483 -0.031048559 0.999475300 0.009223389 -0.114732631 -0.038479321 -0.010416249 0.999205112 -0.118739180
0.998794079 0.030837538 0.038202871 -0.066068813 -0.031206740 0.999471486 0.009105814 -0.116471581 -0.037901882 -0.010287019 0.999228537 -0.129261032
0.998751521 0.031321868 0.038913786 -0.076759972 -0.031716861 0.999451041 0.009574692 -0.120832056 -0.038592525 -0.010796961 0.999196708 -0.140359223
0.998808146 0.030477338 0.038124435 -0.089116149 -0.030852787 0.999480665 0.009298606 -0.125112206 -0.037821241 -0.010463769 0.999229729 -0.153280869
0.998827875 0.030051317 0.037945021 -0.102384456 -0.030449722 0.999486625 0.009965483 -0.132891729 -0.037626062 -0.011109218 0.999230146 -0.166011840
0.998904347 0.027607735 0.037787337 -0.115206808 -0.028009754 0.999556124 0.010151159 -0.141376644 -0.037490312 -0.011198452 0.999234259 -0.179911762
0.998983204 0.026884172 0.036190387 -0.127767831 -0.027249228 0.999582291 0.009631825 -0.150824577 -0.035916325 -0.010608192 0.999298513 -0.195274651
0.998974919 0.026186612 0.036924530 -0.144151255 -0.026468236 0.999624014 0.007158810 -0.159586027 -0.036723185 -0.008128799 0.999292433 -0.206717744
0.999068677 0.023748998 0.036024328 -0.159014672 -0.024061531 0.999676287 0.008266944 -0.171184629 -0.035816338 -0.009126045 0.999316692 -0.222246900
0.999283433 0.017121531 0.033756178 -0.175317794 -0.017381474 0.999821365 0.007422280 -0.180150434 -0.033623066 -0.008003693 0.999402523 -0.237150878
0.999474764 0.008551802 0.031257261 -0.190095767 -0.008834041 0.999921322 0.008902617 -0.188753724 -0.031178670 -0.009174069 0.999471724 -0.253045797
0.999604106 -0.003550821 0.027911955 -0.208531693 0.003295126 0.999952257 0.009201432 -0.193010509 -0.027943296 -0.009105815 0.999568045 -0.267193466
0.999610126 -0.016420893 0.022583058 -0.225683689 0.016225934 0.999829710 0.008789271 -0.196075827 -0.022723539 -0.008419413 0.999706328 -0.281532288
0.999323308 -0.031877805 0.018351480 -0.241427779 0.031667951 0.999430954 0.011614539 -0.198027626 -0.018711284 -0.011025526 0.999764144 -0.294956177
0.998927534 -0.043922972 0.014648729 -0.255596220 0.043700922 0.998929799 0.015148991 -0.196691006 -0.015298440 -0.014492582 0.999777913 -0.308649778
0.998992383 -0.042669643 0.013910480 -0.270406961 0.042467292 0.998992205 0.014531219 -0.189474195 -0.014516503 -0.013925837 0.999797642 -0.319371998
0.999272764 -0.033056688 0.019004229 -0.283653587 0.032810006 0.999375105 0.013149020 -0.184555233 -0.019427016 -0.012515930 0.999732912 -0.331630915
0.999475121 -0.022240553 0.023555290 -0.298060536 0.021966659 0.999688804 0.011823439 -0.172496662 -0.023810919 -0.011299803 0.999652624 -0.341766834
0.999563694 -0.010173565 0.027729928 -0.310780346 0.009912355 0.999905348 0.009541041 -0.162219942 -0.027824372 -0.009262010 0.999569893 -0.353122324
0.999463618 0.000842015 0.032737993 -0.315982819 -0.001126958 0.999961615 0.008686261 -0.157987282 -0.032729425 -0.008718496 0.999426246 -0.368571132
0.999362350 0.009035320 0.034543153 -0.326961458 -0.009255937 0.999937713 0.006232153 -0.150192857 -0.034484696 -0.006547909 0.999383748 -0.382307708
0.999242127 0.014188639 0.036246490 -0.338312835 -0.014347277 0.999888599 0.004120289 -0.142856047 -0.036183987 -0.004637205 0.999334395 -0.395522743
0.999203265 0.013733289 0.037472729 -0.350128442 -0.013898202 0.999894857 0.004143942 -0.136454597 -0.037411880 -0.004661444 0.999289036 -0.409882635
0.999162018 0.016659781 0.037385903 -0.364139795 -0.016963463 0.999825537 0.007820467 -0.129448429 -0.037249096 -0.008448107 0.999270320 -0.423532337
0.999250948 0.014016649 0.036070585 -0.377136320 -0.014690770 0.999721050 0.018492252 -0.123077065 -0.035801321 -0.019008305 0.999178112 -0.438940883
0.999410868 0.004156799 0.034068391 -0.390744746 -0.005370740 0.999351025 0.035618801 -0.117056437 -0.033898219 -0.035780791 0.998784602 -0.454488844
0.999522567 -0.003658428 0.030678926 -0.404519260 0.002030970 0.998597085 0.052912388 -0.111602195 -0.030829461 -0.052824821 0.998127818 -0.470030338
0.999556184 -0.009156749 0.028346889 -0.417410135 0.007226631 0.997695923 0.067458108 -0.106885545 -0.028899271 -0.067223325 0.997319341 -0.484988719
0.999514639 -0.013833696 0.027911689 -0.430361927 0.011649286 0.996966124 0.076960377 -0.103682257 -0.028891653 -0.076597877 0.996643364 -0.498838842
0.999521196 -0.017494004 0.025520628 -0.442906469 0.015350547 0.996522844 0.081893653 -0.101966694 -0.026864538 -0.081462681 0.996314287 -0.510909498
0.999541342 -0.017194018 0.024928745 -0.454778045 0.015124388 0.996602833 0.080956973 -0.101960331 -0.026236035 -0.080542810 0.996405780 -0.521956265
0.999528050 -0.018506829 0.024517788 -0.465629041 0.016529918 0.996775806 0.078516170 -0.103817284 -0.025891824 -0.078073844 0.996611297 -0.532220125
0.999558985 -0.018619705 0.023133893 -0.476411551 0.016793776 0.996908128 0.076760396 -0.106014289 -0.024491619 -0.076338038 0.996781170 -0.540719271
0.999605536 -0.017898457 0.021642296 -0.486588776 0.016273921 0.997196138 0.073040880 -0.109509088 -0.022888934 -0.072659858 0.997094095 -0.548495412
0.999635756 -0.017729983 0.020346435 -0.496024072 0.016257618 0.997387826 0.070379473 -0.114057727 -0.021541113 -0.070023052 0.997312784 -0.554953456
0.999640763 -0.017157180 0.020592133 -0.515560567 0.015669486 0.997399151 0.070352077 -0.119427435 -0.021745620 -0.070004135 0.997309685 -0.561388671
0.999641657 -0.019562041 0.018274058 -0.523856878 0.018258257 0.997451246 0.068975814 -0.124828897 -0.019576788 -0.068617441 0.997450948 -0.565606475
0.999659300 -0.019086106 0.017805910 -0.531336129 0.017865935 0.997637391 0.066335581 -0.130003467 -0.019029928 -0.065994866 0.997638464 -0.567528248
0.999675512 -0.018527934 0.017482297 -0.538308144 0.017371593 0.997790694 0.064124651 -0.132633626 -0.018631769 -0.063800149 0.997788727 -0.568011165
0.999697745 -0.017965253 0.016783806 -0.545786083 0.016931459 0.998065054 0.059828594 -0.131791577 -0.017826164 -0.059526339 0.998067558 -0.569636047
0.999713361 -0.016925592 0.016933532 -0.551778913 0.015959311 0.998322427 0.055656563 -0.131133988 -0.017847145 -0.055370364 0.998306394 -0.568164945
0.999728084 -0.017069288 0.015885588 -0.556243479 0.016248986 0.998596489 0.050408233 -0.133781254 -0.016723726 -0.050136406 0.998602331 -0.564795673
0.999756932 -0.015056138 0.016103923 -0.560528934 0.014341026 0.998944581 0.043635722 -0.137357369 -0.016743913 -0.043394167 0.998917699 -0.562091172
0.999781609 -0.012588359 0.016682999 -0.565774739 0.011992298 0.999302685 0.035359487 -0.141948059 -0.017116485 -0.035151698 0.999235392 -0.563477457
0.999811590 -0.006331704 0.018350583 -0.569104731 0.005818577 0.999594271 0.027882192 -0.151592240 -0.018519681 -0.027770165 0.999442756 -0.562490344
0.999807358 -0.004454222 0.019114917 -0.571570814 0.003967492 0.999668837 0.025426146 -0.164649904 -0.019221840 -0.025345411 0.999493957 -0.563786149
0.999805391 -0.001164924 0.019692335 -0.574101210 0.000735774 0.999762416 0.021785952 -0.180291414 -0.019713037 -0.021767225 0.999568701 -0.566242814
0.999773681 0.002990714 0.021062044 -0.578867018 -0.003386271 0.999818087 0.018770030 -0.199360475 -0.021002078 -0.018837104 0.999601960 -0.566166461
0.999763370 0.004406013 0.021303689 -0.581544459 -0.004744002 0.999863267 0.015840877 -0.214297935 -0.021230983 -0.015938193 0.999647558 -0.568640113
0.999733388 0.006047607 0.022284372 -0.584350109 -0.006331848 0.999899209 0.012706729 -0.227350816 -0.022205280 -0.012844441 0.999670923 -0.571280360
0.999718964 0.006503958 0.022797296 -0.587350428 -0.006759180 0.999915123 0.011136182 -0.238182098 -0.022722932 -0.011287143 0.999678075 -0.574378848
0.999688268 0.007806962 0.023715734 -0.592918098 -0.008042403 0.999919176 0.009848534 -0.250319779 -0.023636930 -0.010036196 0.999670208 -0.571193993
0.999659002 0.009985048 0.024129493 -0.596236289 -0.010179447 0.999916613 0.007947141 -0.260983855 -0.024048129 -0.008190056 0.999677241 -0.574684918
0.999647915 0.009353857 0.024829313 -0.600329161 -0.009527977 0.999930799 0.006903686 -0.272871763 -0.024763018 -0.007137829 0.999667883 -0.578042805
0.999592543 0.011943812 0.025925128 -0.604405046 -0.012095527 0.999910593 0.005703094 -0.284409314 -0.025854694 -0.006014348 0.999647617 -0.582107604
0.999607086 0.011366574 0.025621591 -0.608920991 -0.011487922 0.999923468 0.004593913 -0.295465678 -0.025567414 -0.004886447 0.999661148 -0.582542360
0.999592781 0.010884804 0.026377767 -0.613700271 -0.011013648 0.999928117 0.004744208 -0.307260424 -0.026324231 -0.005032791 0.999640763 -0.587408900
0.999585629 0.011114618 0.026551850 -0.618824124 -0.011291185 0.999915063 0.006509282 -0.318952084 -0.026477247 -0.006806387 0.999626219 -0.592595875
0.999602616 0.010181142 0.026285512 -0.624336183 -0.010472579 0.999884963 0.010973614 -0.330368131 -0.026170766 -0.011244530 0.999594271 -0.597324550
0.999597609 0.008422215 0.027086055 -0.630022705 -0.008835990 0.999845564 0.015193122 -0.337176740 -0.026953911 -0.015426340 0.999517620 -0.596584380
0.999591947 0.007728825 0.027498532 -0.635817051 -0.008212269 0.999812961 0.017511470 -0.344345689 -0.027358044 -0.017730149 0.999468446 -0.601020873
0.999608219 0.007978757 0.026827142 -0.641640604 -0.008410598 0.999836266 0.016023088 -0.348680139 -0.026694905 -0.016242445 0.999511659 -0.604124367
0.999616444 0.005525374 0.027137043 -0.647421837 -0.005923612 0.999875605 0.014616647 -0.350051492 -0.027052904 -0.014771790 0.999524832 -0.605813265
0.999677062 -0.000760871 0.025399944 -0.653943837 0.000360864 0.999875903 0.015749227 -0.351494342 -0.025408776 -0.015734974 0.999553323 -0.608667016
0.999729633 -0.009060266 0.021414028 -0.660075128 0.008602616 0.999734640 0.021367887 -0.348928094 -0.021601947 -0.021177894 0.999542296 -0.609963238
0.999624133 -0.018916298 0.019844867 -0.665668607 0.018412635 0.999511242 0.025262965 -0.347955078 -0.020313051 -0.024888074 0.999483824 -0.611406267
0.999555409 -0.024095427 0.017561056 -0.670610547 0.023599230 0.999331117 0.027935250 -0.349273235 -0.018222421 -0.027508402 0.999455452 -0.613239646
0.999495983 -0.027265362 0.016259380 -0.674626291 0.026757412 0.999171078 0.030679816 -0.359662622 -0.017082397 -0.030229295 0.999396980 -0.620143652
0.999439538 -0.027156495 0.019574011 -0.677534282 0.026569732 0.999207497 0.029637892 -0.366847187 -0.020363359 -0.029101204 0.999369025 -0.623481393
0.999436200 -0.026167026 0.021038728 -0.679804444 0.025512053 0.999199331 0.030819578 -0.376275390 -0.021828340 -0.030265460 0.999303520 -0.627099216
0.999443233 -0.025465557 0.021557478 -0.680650890 0.024727041 0.999120712 0.033858009 -0.386626691 -0.022400735 -0.033306107 0.999194145 -0.631230474
0.999399662 -0.024119850 0.024870485 -0.684558451 0.023230430 0.999101341 0.035451367 -0.401492119 -0.025703218 -0.034852333 0.999061882 -0.639075100
0.999413371 -0.021319211 0.026802411 -0.684628129 0.020272765 0.999044180 0.038726408 -0.413156182 -0.027602410 -0.038160335 0.998890340 -0.642772853
0.999418139 -0.020613454 0.027174061 -0.684316218 0.019475810 0.998949289 0.041485086 -0.425575227 -0.028000658 -0.040931709 0.998769522 -0.646449208
0.999393821 -0.016147677 0.030841496 -0.683081150 0.014715727 0.998828173 0.046105038 -0.438660711 -0.031549845 -0.045623239 0.998460352 -0.650048673
0.999383986 -0.015887598 0.031292945 -0.682261348 0.014273337 0.998588979 0.051150050 -0.461237818 -0.032061443 -0.050671887 0.998200595 -0.659345746
0.999408305 -0.012477806 0.032051794 -0.680379927 0.010725724 0.998468876 0.054266058 -0.474933088 -0.032679841 -0.053890169 0.998011947 -0.661433518
0.999365687 -0.007817288 0.034743428 -0.678350747 0.005888585 0.998453975 0.055272378 -0.488929868 -0.035121791 -0.055032730 0.997866631 -0.662702143
0.999337494 -0.003949185 0.036179297 -0.676843047 0.001901043 0.998402417 0.056471333 -0.494176149 -0.036344513 -0.056365140 0.997748494 -0.657108486
0.999273539 0.002007879 0.038056832 -0.675378025 -0.004245053 0.998260975 0.058795813 -0.511926532 -0.037872594 -0.058914658 0.997544348 -0.667161524
0.999191880 0.006444922 0.039674990 -0.673577726 -0.008761748 0.998248875 0.058501128 -0.520154834 -0.039228477 -0.058801476 0.997498631 -0.663942993
0.999159634 0.009678699 0.039829556 -0.672245085 -0.011937007 0.998310924 0.056857880 -0.528371871 -0.039211970 -0.057285544 0.997587502 -0.660006523
0.999143064 0.011629281 0.039722465 -0.671245694 -0.013575899 0.998701990 0.049092624 -0.537660956 -0.039099991 -0.049589824 0.998004019 -0.655971169
0.999182582 0.010671728 0.038991299 -0.670684576 -0.012237956 0.999118567 0.040153340 -0.546570659 -0.038528424 -0.040597692 0.998432457 -0.654957414
0.999265134 0.011417458 0.036589473 -0.670783341 -0.012604292 0.999396443 0.032371704 -0.556260347 -0.036197789 -0.032809097 0.998805940 -0.650307477
0.999263704 0.013201664 0.036023930 -0.670964718 -0.014191697 0.999524713 0.027366798 -0.565931499 -0.035645522 -0.027857888 0.998976171 -0.645784140
0.999336362 0.011781782 0.034467611 -0.670650363 -0.012632823 0.999618113 0.024578331 -0.576514661 -0.034164872 -0.024997445 0.999103546 -0.641555846
0.999371767 0.012709832 0.033084583 -0.679883182 -0.013414487 0.999686003 0.021164520 -0.585602045 -0.032805193 -0.021595037 0.999228418 -0.636786222
0.999497712 0.009561018 0.030214889 -0.672000408 -0.010196255 0.999728739 0.020940278 -0.592830956 -0.030006481 -0.021237839 0.999324083 -0.633137703
0.999459863 0.011380970 0.030829640 -0.681464255 -0.011986122 0.999737680 0.019515736 -0.597044051 -0.030599447 -0.019874724 0.999334097 -0.627060592
0.999566138 0.010181008 0.027637435 -0.682862461 -0.010680489 0.999781191 0.017985595 -0.598833621 -0.027448276 -0.018272975 0.999456227 -0.621149242
0.999583423 0.011116208 0.026635606 -0.684237003 -0.011585641 0.999779105 0.017535219 -0.594591141 -0.026434798 -0.017836506 0.999491394 -0.616714954
0.999602973 0.011671661 0.025644554 -0.685850143 -0.012136172 0.999763727 0.018033087 -0.590578258 -0.025428018 -0.018337153 0.999508440 -0.609050751
0.999658763 0.011122913 0.023636693 -0.687655091 -0.011619539 0.999712408 0.020978373 -0.583512366 -0.023396553 -0.021245860 0.999500453 -0.601083338
0.999659240 0.012295228 0.023027822 -0.689551473 -0.012905964 0.999563813 0.026563520 -0.576907694 -0.022691172 -0.026851663 0.999381840 -0.595304489
0.999660254 0.012469738 0.022889046 -0.690928161 -0.013288013 0.999265134 0.035952702 -0.557251751 -0.022423906 -0.036244638 0.999091327 -0.586844444
0.999707699 0.012080071 0.020942815 -0.693026483 -0.013042496 0.998835742 0.046444420 -0.548200548 -0.020357382 -0.046703991 0.998701334 -0.579435110
0.999645233 0.015536952 0.021634739 -0.695072293 -0.016696477 0.998374760 0.054488875 -0.540166080 -0.020752985 -0.054830767 0.998279989 -0.571833551
0.999705076 0.013678243 0.020067066 -0.697401643 -0.014869938 0.998058021 0.060490720 -0.533494711 -0.019200690 -0.060771272 0.997967005 -0.564520121
0.999819160 0.009247289 0.016616093 -0.699663520 -0.010281741 0.997942269 0.063289307 -0.527611971 -0.015996648 -0.063448705 0.997856915 -0.555589497
0.999840021 0.008633855 0.015665773 -0.702123940 -0.009653428 0.997758389 0.066219695 -0.525450170 -0.015058924 -0.066360332 0.997682095 -0.547918797
0.999869883 0.007644901 0.014206587 -0.704588056 -0.008622332 0.997505188 0.070064746 -0.525844872 -0.013635506 -0.070178114 0.997441292 -0.539792597
0.999848068 0.011114440 0.013427885 -0.706385672 -0.012018899 0.997525632 0.069268949 -0.528614938 -0.012624774 -0.069419809 0.997507632 -0.531260848
0.999895275 0.008653056 0.011602476 -0.709232926 -0.009474639 0.997306347 0.072734326 -0.530934632 -0.010941848 -0.072836637 0.997283876 -0.517883480
0.999912620 0.008312808 0.010280427 -0.711457253 -0.009082025 0.996974885 0.077192299 -0.538525581 -0.009607643 -0.077278920 0.996963203 -0.508419514
0.999929726 0.008115709 0.008644091 -0.713832617 -0.008799016 0.996577799 0.082190499 -0.548348010 -0.007947475 -0.082260787 0.996579170 -0.498492181
0.999961138 0.006730411 0.005692371 -0.715911806 -0.007187400 0.996398389 0.084490478 -0.560605049 -0.005103214 -0.084528103 0.996408045 -0.488316685
0.999965310 0.007566424 0.003490417 -0.719321847 -0.007846167 0.996029735 0.088674799 -0.573483467 -0.002805608 -0.088699102 0.996054530 -0.473495781
0.999939084 0.010801511 0.002267334 -0.721494019 -0.010956414 0.996240497 0.085935250 -0.589376628 -0.001330579 -0.085954860 0.996298134 -0.461103320
0.999937057 0.011215624 -0.000205068 -0.723788619 -0.011162573 0.996681392 0.080632173 -0.606273592 0.001108728 -0.080624811 0.996743917 -0.447640419
0.999936700 0.010996759 -0.002386756 -0.725138485 -0.010784566 0.997072279 0.075700767 -0.624584258 0.003212231 -0.075670235 0.997127712 -0.435448289
0.999886394 0.014866932 -0.002491376 -0.728192329 -0.014648355 0.997283340 0.072190039 -0.640587568 0.003557852 -0.072145335 0.997387767 -0.412967175
0.999791443 0.020218723 -0.002884118 -0.730018854 -0.019975919 0.997485220 0.068001777 -0.657871187 0.004251774 -0.067929983 0.997681022 -0.396315724
0.999714851 0.023731217 -0.002657844 -0.732051492 -0.023506355 0.997576535 0.065486707 -0.674781024 0.004205482 -0.065405555 0.997849882 -0.378397971
0.999704838 0.024038501 -0.003512751 -0.734115839 -0.023777794 0.997831523 0.061375141 -0.690597653 0.004980499 -0.061273500 0.998108566 -0.359446973
0.999647558 0.026319485 -0.003468222 -0.737960041 -0.026070025 0.997926772 0.058843259 -0.704290688 0.005009755 -0.058732104 0.998261213 -0.336501390
0.999625623 0.027116828 -0.003638501 -0.740823388 -0.026876993 0.998136103 0.054789621 -0.712998390 0.005117440 -0.054671321 0.998491287 -0.314029455
0.999559999 0.029507685 -0.003019044 -0.743984520 -0.029321440 0.998334408 0.049685273 -0.716630101 0.004480113 -0.049574886 0.998760343 -0.289403647
0.999533355 0.030453602 -0.002380155 -0.747476220 -0.030323507 0.998618126 0.042921994 -0.714795887 0.003683995 -0.042829793 0.999075592 -0.262093067
0.999534309 0.030492172 -0.001183294 -0.755462825 -0.030420668 0.998739600 0.039921690 -0.722091913 0.002399102 -0.039867099 0.999202132 -0.226293325
0.999526441 0.030763010 0.000693248 -0.759419441 -0.030769071 0.998975694 0.033179179 -0.712801516 0.000328153 -0.033184797 0.999449193 -0.197027192
0.999506354 0.031226750 0.003457107 -0.763593256 -0.031311739 0.999114215 0.028114200 -0.700542092 -0.002576129 -0.028208569 0.999598742 -0.167499468
0.999523401 0.030160977 0.006580980 -0.767899454 -0.030321458 0.999206483 0.025826503 -0.686955929 -0.005796806 -0.026013739 0.999644756 -0.139028147
0.999506950 0.029698027 0.010190361 -0.774308443 -0.029938212 0.999256611 0.024287734 -0.680829644 -0.009461488 -0.024580840 0.999653041 -0.109130129
0.999531150 0.027553156 0.013353093 -0.779879868 -0.027838498 0.999377370 0.021676172 -0.673517942 -0.012747532 -0.022037737 0.999675870 -0.082573377
0.999507308 0.026566863 0.016713196 -0.786268890 -0.026962731 0.999350131 0.023924200 -0.670902550 -0.016066743 -0.024363047 0.999574065 -0.057049099
0.999350667 0.028407319 0.022163330 -0.793228209 -0.028940031 0.999290645 0.024097050 -0.670375228 -0.021463076 -0.024722809 0.999463916 -0.032863524
0.999266624 0.028384028 0.025702491 -0.802229524 -0.029035533 0.999257147 0.025339827 -0.681663752 -0.024964150 -0.026067529 0.999348402 -0.007810778
0.999225199 0.027224891 0.028422350 -0.810413122 -0.027882092 0.999346852 0.022988200 -0.687724054 -0.027777934 -0.023762863 0.999331653 0.014615720
0.999230683 0.023971006 0.031039935 -0.819166064 -0.024744958 0.999386251 0.024794735 -0.694016576 -0.030426528 -0.025543742 0.999210536 0.036986791
0.999208450 0.022142196 0.033047844 -0.828758717 -0.022889523 0.999486804 0.022409109 -0.699421763 -0.032534700 -0.023147820 0.999202490 0.059529781
0.999137819 0.021672100 0.035411332 -0.838409185 -0.022439908 0.999518454 0.021430859 -0.704770505 -0.034929831 -0.022207009 0.999143004 0.082629018
0.999087274 0.020859210 0.037275631 -0.848646879 -0.021612192 0.999568105 0.019912841 -0.704963207 -0.036844168 -0.020700274 0.999106586 0.105009578
0.998955131 0.022902122 0.039549544 -0.859114170 -0.023597946 0.999573231 0.017217411 -0.702899158 -0.039138354 -0.018132707 0.999069273 0.127981260
0.998933256 0.022241851 0.040467270 -0.870237052 -0.022814499 0.999645233 0.013744448 -0.697783232 -0.040147208 -0.014653028 0.999086320 0.149923131
0.998861253 0.022757392 0.041932020 -0.883520126 -0.023277808 0.999657452 0.011964733 -0.693146229 -0.041645367 -0.012927193 0.999048829 0.179296359
0.998748600 0.020007418 0.045836039 -0.894899249 -0.020565102 0.999719739 0.011727836 -0.683050990 -0.045588546 -0.012655782 0.998880148 0.203362718
0.998600900 0.014885448 0.050741252 -0.906627417 -0.015343288 0.999844909 0.008645451 -0.671286285 -0.050604690 -0.009411892 0.998674393 0.228245020
0.998279870 0.008172861 0.058056232 -0.918598771 -0.008649419 0.999930918 0.007962015 -0.657516062 -0.057987150 -0.008450471 0.998281538 0.253378481
0.997776449 -0.003421501 0.066561721 -0.930725753 0.002848557 0.999958098 0.008700713 -0.643119991 -0.066588707 -0.008491761 0.997744381 0.280692548
0.996901155 -0.013980305 0.077411950 -0.942502737 0.013537532 0.999888897 0.006241533 -0.627066851 -0.077490613 -0.005174226 0.996979654 0.305588245
0.995599210 -0.026284153 0.089952238 -0.953993917 0.025897929 0.999649704 0.005458316 -0.611528814 -0.090064190 -0.003104719 0.995931149 0.329813004
0.993974328 -0.037931453 0.102840886 -0.965381384 0.036980931 0.999253929 0.011134256 -0.596503437 -0.103186503 -0.007264012 0.994635522 0.351293564
0.991908491 -0.050405812 0.116519392 -0.979163408 0.048902463 0.998679757 0.015726969 -0.576679528 -0.117158279 -0.009901629 0.993063867 0.384255797
0.989450276 -0.058768399 0.132417753 -0.989041984 0.056469694 0.998182356 0.021051742 -0.562418878 -0.133414254 -0.013352063 0.990970433 0.403183758
0.986747444 -0.068455450 0.147116750 -0.998241246 0.065230303 0.997514546 0.026641881 -0.549891293 -0.148574889 -0.016692339 0.988760293 0.419985026
0.984504044 -0.073967934 0.158998549 -1.007045388 0.070301741 0.997116625 0.028568206 -0.539298058 -0.160653234 -0.016947640 0.986865401 0.434301525
0.982099891 -0.079346955 0.170832798 -1.016213059 0.074674562 0.996641219 0.033615157 -0.528632462 -0.172926262 -0.020256581 0.984726429 0.456427425
0.980342448 -0.079924412 0.180390567 -1.023536801 0.074434616 0.996538877 0.037010640 -0.524681330 -0.182724267 -0.022855800 0.982898474 0.467899770
0.979071319 -0.078208655 0.187890440 -1.030359983 0.071805432 0.996589601 0.040658258 -0.523907781 -0.190429479 -0.026315778 0.981348097 0.479004860
0.977659106 -0.077859811 0.195244685 -1.036400676 0.070851289 0.996575177 0.042637542 -0.526094139 -0.197895750 -0.027851649 0.979827285 0.491026342
0.976536989 -0.076264799 0.201393098 -1.045503378 0.068830714 0.996671975 0.043672081 -0.522522688 -0.204053491 -0.028785374 0.978536427 0.519682586
0.975891352 -0.079532512 0.203250229 -1.051119089 0.071633361 0.996372461 0.045941502 -0.525587261 -0.206166774 -0.030274414 0.978048444 0.530592799
0.975159764 -0.078866094 0.206986994 -1.056144834 0.070293397 0.996348500 0.048461147 -0.528024554 -0.210053116 -0.032707542 0.977142751 0.542560041
0.974136770 -0.081014700 0.210936338 -1.061389923 0.071882032 0.996127665 0.050622173 -0.530195534 -0.214220673 -0.034150392 0.976188123 0.555422425
0.972402155 -0.082943894 0.218069628 -1.065591335 0.073603846 0.996001780 0.050624825 -0.528641164 -0.221396759 -0.033176929 0.974619269 0.572302341
0.969587088 -0.092376053 0.226644158 -1.068823695 0.082311675 0.995170534 0.053482924 -0.532970071 -0.230490118 -0.033200894 0.972508073 0.584677637
0.966153920 -0.101348348 0.237223700 -1.071016550 0.090243138 0.994273365 0.057242151 -0.536968410 -0.241666600 -0.033896919 0.969767094 0.598588228
0.961006522 -0.113924071 0.251967788 -1.072637796 0.102661878 0.993056178 0.057444900 -0.544696212 -0.256762505 -0.029337436 0.966029167 0.612946332
0.954639196 -0.125950933 0.269815534 -1.073392510 0.113239609 0.991616607 0.062235363 -0.545000792 -0.275392145 -0.028858513 0.960898697 0.631823123
0.947036266 -0.139234751 0.289371639 -1.072222948 0.125443190 0.989918351 0.065769352 -0.551872075 -0.295611709 -0.025986256 0.954954684 0.645240903
0.938035786 -0.150894910 0.311960816 -1.069367051 0.136572361 0.988334835 0.067396060 -0.559624732 -0.318491459 -0.020614693 0.947701573 0.658465743
0.927501202 -0.160179347 0.337763339 -1.065044761 0.144960254 0.986959040 0.069988720 -0.566824138 -0.344569296 -0.015952369 0.938625336 0.670565605
0.916307211 -0.163892657 0.365404218 -1.058591843 0.147749126 0.986406207 0.071923450 -0.577079117 -0.372224718 -0.011915829 0.928066134 0.685216486
0.903688550 -0.166112348 0.394656390 -1.051461816 0.149483308 0.986083686 0.072757751 -0.585282803 -0.401250213 -0.006755810 0.915943563 0.696511507
0.889488041 -0.164531469 0.426310331 -1.043502569 0.146926105 0.986366332 0.074122787 -0.592441916 -0.432693690 -0.003295228 0.901534975 0.707058549
0.874730885 -0.162859499 0.456423819 -1.035364032 0.144694805 0.986649036 0.074746653 -0.594344437 -0.462503314 0.000658948 0.886617303 0.717295587
0.858646274 -0.159719974 0.487048388 -1.024902940 0.140392780 0.987158000 0.076216489 -0.596321940 -0.492967010 0.002935063 0.870043039 0.735549688
0.842281520 -0.157455102 0.515528619 -1.016391516 0.138250604 0.987497747 0.075729303 -0.589912772 -0.521007359 0.007486761 0.853519380 0.748502135
0.825394630 -0.159933224 0.541428745 -1.008406639 0.141270682 0.987034202 0.076197468 -0.581644952 -0.546595156 0.013595022 0.837286592 0.761931181
0.809457183 -0.166791439 0.562991738 -1.001778841 0.148383915 0.985792816 0.078706987 -0.573541164 -0.568120837 0.019828985 0.822706223 0.775672913
0.793631017 -0.175356597 0.582580388 -0.993597746 0.158288062 0.984099209 0.080582812 -0.575250566 -0.587447584 0.028262487 0.808768511 0.797042310
0.778868794 -0.182995111 0.599896848 -0.987525582 0.166693598 0.982485712 0.083277047 -0.571593463 -0.604629338 0.035137061 0.795731604 0.809528470
0.766309083 -0.192946464 0.612814963 -0.982325315 0.176551551 0.980359077 0.087895669 -0.571169913 -0.617737830 0.040838160 0.785323024 0.820655406
0.754669547 -0.202100068 0.624203086 -0.977659583 0.185138971 0.978309989 0.092914879 -0.571590364 -0.629442215 0.045444250 0.775717378 0.831760883
0.745034575 -0.215102673 0.631390810 -0.972675681 0.195771039 0.975404203 0.101293609 -0.582245886 -0.637649775 0.048140779 0.768820703 0.848464847
0.737154305 -0.224924311 0.637191176 -0.968125880 0.200934902 0.973283529 0.111104950 -0.586046100 -0.645157933 0.046132445 0.762655258 0.857896507
0.730470538 -0.236953557 0.640520036 -0.963484764 0.207488030 0.970547616 0.122417435 -0.589511454 -0.650662482 0.043477874 0.758121431 0.868066072
0.724844456 -0.247642308 0.642863750 -0.958346307 0.211685091 0.968075037 0.134239256 -0.588746428 -0.655583620 0.038782071 0.754126012 0.878633559
0.720223784 -0.256712109 0.644497216 -0.951590180 0.217073977 0.965757668 0.142095029 -0.593447149 -0.658905685 0.037563346 0.751287103 0.901742280
0.716988325 -0.263686657 0.645288408 -0.945311904 0.220621943 0.963947475 0.148765624 -0.590451837 -0.661251605 0.035701543 0.749314189 0.914326429
0.714323282 -0.265520096 0.647488415 -0.937769771 0.220732674 0.963482797 0.151585028 -0.587087631 -0.664092839 0.034641143 0.746847153 0.927038729
0.713105798 -0.255791992 0.652725518 -0.929419756 0.210502848 0.966222346 0.148670673 -0.584899247 -0.668706715 0.031382661 0.742863655 0.941766441
0.711634338 -0.243918344 0.658847809 -0.919412136 0.200858876 0.969288707 0.141898081 -0.580052853 -0.673225284 0.031355873 0.738772273 0.962903976
0.711564600 -0.233303979 0.662755728 -0.909449100 0.190097377 0.972008049 0.138070151 -0.579023302 -0.676416159 0.027742282 0.735996962 0.977058172
0.712313235 -0.225400865 0.664683580 -0.899438500 0.182476550 0.973936856 0.134719372 -0.578707278 -0.677725673 0.025326770 0.734878480 0.991719127
0.712463737 -0.217100933 0.667280078 -0.889312029 0.173005775 0.975926936 0.132799283 -0.579265416 -0.680047393 0.020828635 0.732872248 1.008852839
0.713195860 -0.213479698 0.667666256 -0.878733397 0.168415189 0.976781547 0.132416517 -0.575838983 -0.680432260 0.018006206 0.732589781 1.031279087
0.714605510 -0.210498542 0.667105138 -0.869279861 0.164964110 0.977464497 0.131719247 -0.577896953 -0.679798305 0.015921116 0.733226240 1.047889709
0.715537310 -0.209520400 0.666413963 -0.859852195 0.165193796 0.977655351 0.130003899 -0.580704272 -0.678761661 0.017064776 0.734160423 1.065050125
0.716452777 -0.207856670 0.665951252 -0.851782441 0.166839793 0.977933407 0.125740677 -0.583624542 -0.677392006 0.021019887 0.735321879 1.082802057
0.717246652 -0.210102007 0.664390266 -0.841323555 0.172467336 0.977321446 0.122872934 -0.584405541 -0.675138772 0.026455432 0.737216234 1.105759859
0.718571484 -0.212231293 0.662278533 -0.833296657 0.177506372 0.976726353 0.120403826 -0.589358449 -0.672418356 0.031039909 0.739520133 1.123751402
0.719299614 -0.217622980 0.659733474 -0.825315177 0.187466666 0.975241363 0.117305286 -0.595394135 -0.668927729 0.039300404 0.742287815 1.141660213
0.719117641 -0.221438855 0.658661306 -0.817629814 0.191998988 0.974284053 0.117927819 -0.599851131 -0.667836964 0.041658331 0.743140876 1.160635710
0.718671083 -0.223092288 0.658590674 -0.807539821 0.195351511 0.973767340 0.116683215 -0.604187250 -0.667345166 0.044799820 0.743399858 1.185298443
0.718417943 -0.227209985 0.657458186 -0.799595773 0.198879093 0.972788811 0.118865386 -0.610000014 -0.666575432 0.045359675 0.744056225 1.202976346
0.717850089 -0.231134012 0.656710267 -0.791332841 0.203068390 0.971777320 0.120050088 -0.616069973 -0.665923834 0.047179092 0.744526505 1.220380902
0.717293859 -0.232585490 0.656805515 -0.783049345 0.205117702 0.971357346 0.119965404 -0.621527076 -0.665895104 0.048671991 0.744456053 1.237398267
0.714667320 -0.234139651 0.659112513 -0.771934032 0.208843291 0.970755339 0.118399903 -0.627341509 -0.667559087 0.053034678 0.742665648 1.259254456
0.710483849 -0.236865118 0.662651956 -0.762383759 0.213724449 0.969801366 0.117504135 -0.633714736 -0.670473397 0.058140144 0.739652038 1.275705338
0.704588294 -0.239213794 0.668080926 -0.752186120 0.216551244 0.969041586 0.118591398 -0.639619589 -0.675766945 0.061115637 0.734577417 1.291684031
0.695956230 -0.243499190 0.675539136 -0.740892768 0.220226765 0.967794299 0.121960305 -0.643950224 -0.683480144 0.063892759 0.727167487 1.308714986
0.685350657 -0.248017475 0.684676468 -0.727200985 0.224759534 0.966354072 0.125071660 -0.649998546 -0.692659914 0.068169594 0.718035698 1.330660820
0.673863649 -0.251053214 0.694895744 -0.715097070 0.227016985 0.965359986 0.128621057 -0.654076636 -0.703115225 0.071080074 0.707514405 1.345391870
0.659927905 -0.257814854 0.705709994 -0.702510357 0.235823214 0.962892473 0.131246030 -0.657912374 -0.713360012 0.079809882 0.696238339 1.359609485
0.644720554 -0.262554914 0.717913866 -0.689961374 0.240866229 0.961097836 0.135182709 -0.660643101 -0.725478411 0.085766122 0.682880163 1.373021841
0.627646387 -0.266450524 0.731480777 -0.674061954 0.246967003 0.959219396 0.137497216 -0.665995359 -0.738286793 0.094351977 0.667855024 1.391099930
0.608226836 -0.272145629 0.745652020 -0.659992337 0.253554881 0.956785142 0.142380103 -0.668063939 -0.752176940 0.102464274 0.650946259 1.402918339
0.587581038 -0.274664700 0.761122763 -0.645298421 0.256304801 0.955368698 0.146896392 -0.669575155 -0.767500103 0.108765870 0.631754398 1.413905621
0.566008210 -0.279845804 0.775448918 -0.629115939 0.261607498 0.952976406 0.152962267 -0.670882046 -0.781790376 0.116285324 0.612602234 1.426188350
0.542817831 -0.283810347 0.790443242 -0.610847175 0.262709707 0.951320052 0.161163971 -0.673564792 -0.797704518 0.120174423 0.590953231 1.442208171
0.521434247 -0.289759517 0.802587032 -0.594786048 0.265815079 0.948934734 0.169897795 -0.674177885 -0.810832143 0.124749146 0.571829498 1.451614141
0.502527416 -0.291845083 0.813813686 -0.578257680 0.263654172 0.948196054 0.177230865 -0.674901426 -0.823378921 0.125501961 0.553440690 1.460990667
0.484957874 -0.293921053 0.823666453 -0.561790407 0.262662292 0.947299898 0.183388859 -0.675686061 -0.834160924 0.127410203 0.536602497 1.469507694
0.468505859 -0.295013964 0.832747936 -0.543228626 0.261063099 0.946734369 0.188520744 -0.679133296 -0.844007373 0.129076675 0.520567894 1.481738210
0.451266110 -0.295852661 0.841920614 -0.526165724 0.259326220 0.946206748 0.193501189 -0.680710018 -0.853878856 0.131011501 0.503713369 1.489303946
0.432778180 -0.297275275 0.851076126 -0.508878112 0.260323554 0.945058703 0.197726429 -0.682544470 -0.863096118 0.135983467 0.486388505 1.496610522
0.415480733 -0.295799553 0.860161781 -0.490910530 0.261496186 0.944569111 0.198516712 -0.685049772 -0.871203423 0.142449155 0.469800711 1.504722118
0.397608161 -0.295503974 0.868668616 -0.470196009 0.263689578 0.943583965 0.200292394 -0.688387156 -0.878848970 0.149420992 0.453097999 1.518340468
0.380371928 -0.298637360 0.875290215 -0.452968001 0.265270025 0.941892445 0.206083685 -0.690062165 -0.885973513 0.153799802 0.437488973 1.525289178
0.366692007 -0.301982343 0.879967988 -0.436289072 0.268882990 0.939889312 0.210499421 -0.692287266 -0.890639603 0.159419939 0.425847828 1.532246113
0.354404330 -0.305046409 0.883936822 -0.419736743 0.268414885 0.938699126 0.216327026 -0.694478214 -0.895740569 0.160594538 0.414558053 1.539508224
0.344321609 -0.308987439 0.886549115 -0.400465965 0.269941449 0.936999202 0.221729755 -0.699021697 -0.899207592 0.162970006 0.406037569 1.550979376
0.337496519 -0.317422777 0.886193514 -0.384225607 0.274245709 0.933747053 0.230012506 -0.701442480 -0.900491834 0.165406346 0.402188182 1.558002114
0.331652164 -0.325315893 0.885537326 -0.367371321 0.278441310 0.930602908 0.237589359 -0.703250408 -0.901375234 0.167773157 0.399217844 1.565312624
0.327024341 -0.336230367 0.883178413 -0.349886537 0.282012194 0.926702857 0.248376548 -0.704308569 -0.901955664 0.167841941 0.397875428 1.573597312
0.324055016 -0.340160578 0.882767856 -0.328100324 0.284363180 0.924992561 0.252044380 -0.707027733 -0.902289212 0.169350430 0.396477640 1.587002873
0.322112322 -0.339718193 0.883648813 -0.309380054 0.280133456 0.925800681 0.253807724 -0.707295060 -0.904305756 0.165784955 0.393378258 1.594444156
0.321149945 -0.335288316 0.885688663 -0.289099932 0.268625170 0.929068565 0.254307061 -0.707105100 -0.908131719 0.156247571 0.388437212 1.602477193
0.321724534 -0.327502608 0.888389170 -0.268591642 0.258315444 0.933040738 0.250415981 -0.705965519 -0.910915196 0.148919657 0.384781063 1.610770941
0.321704447 -0.321166039 0.890706897 -0.245331287 0.249693871 0.936191678 0.247382551 -0.705503225 -0.913323283 0.142819941 0.381370246 1.622681618
0.322759807 -0.315013409 0.892520428 -0.224615574 0.240795538 0.939289868 0.244442359 -0.703566551 -0.915338039 0.136018768 0.379018784 1.632182598
0.324648857 -0.309347779 0.893816113 -0.203740954 0.233470231 0.941970110 0.241213500 -0.701038361 -0.916566968 0.130369693 0.378033042 1.642810464
0.325385928 -0.303954899 0.895396769 -0.182040811 0.228370786 0.944156885 0.237517565 -0.698113918 -0.917589605 0.127197593 0.376629770 1.656013846
0.326787710 -0.299050272 0.896537066 -0.156291842 0.225981474 0.945826113 0.233120963 -0.695553064 -0.917683005 0.126419708 0.376664162 1.673734903
0.328830183 -0.295706749 0.896899283 -0.135414004 0.228485584 0.946409762 0.228260651 -0.692018807 -0.916332424 0.129869565 0.378772855 1.688109159
0.330394626 -0.293808192 0.896948338 -0.114736438 0.236980513 0.945696235 0.222483516 -0.689110994 -0.913608074 0.139051884 0.382079720 1.703472614
0.332023263 -0.294775248 0.896029115 -0.094779730 0.249145880 0.943588138 0.218100280 -0.686628640 -0.909772992 0.150827587 0.386735260 1.719629288
0.334702849 -0.298864067 0.893674672 -0.071474433 0.259079397 0.941010535 0.217662692 -0.685886264 -0.906008780 0.158680350 0.392388403 1.736873269
0.335640669 -0.305142224 0.891197920 -0.051591635 0.270422518 0.937469721 0.219139650 -0.684052050 -0.902339816 0.167447761 0.397170305 1.752420664
0.337265253 -0.313479364 0.887684047 -0.031637549 0.279758692 0.933707237 0.223441064 -0.682683945 -0.898881137 0.172978401 0.402605534 1.767539501
0.338601410 -0.321167797 0.884420931 -0.010147929 0.283564180 0.931074500 0.229546696 -0.681722462 -0.897184789 0.173065245 0.406334817 1.781687856
0.339192271 -0.328113884 0.881640553 0.015800357 0.286945254 0.928623676 0.235203251 -0.681743145 -0.895885706 0.173203394 0.409132659 1.800294757
0.340447545 -0.337041587 0.877780437 0.037561536 0.289019614 0.925862134 0.243407100 -0.681809366 -0.894742012 0.170828372 0.412619114 1.813217640
0.341932893 -0.345882356 0.873754740 0.060315013 0.288404167 0.923552692 0.252731919 -0.682516038 -0.894374132 0.165577143 0.415546954 1.825503945
0.342791557 -0.353021681 0.870557189 0.084865093 0.287950397 0.921581984 0.260329217 -0.684196949 -0.894191623 0.161438555 0.417563260 1.837433100
