0.980055809 -0.076134562 0.183559656 -1.023079753 0.074797437 0.997097552 0.014207507 -0.593572378 -0.184108555 -0.000194358 0.982905924 -1.849920750
0.980389535 -0.075047880 0.182220146 -1.001421571 0.073859677 0.997179866 0.013307976 -0.585434377 -0.182705000 0.000411721 0.983167708 -1.856591105
0.979875267 -0.075463928 0.184796259 -1.031148314 0.074429639 0.997147441 0.012537630 -0.590241671 -0.185215250 0.001469004 0.982696891 -1.841272116
0.980038047 -0.076272376 0.183597133 -1.023446083 0.075019933 0.997087002 0.013768230 -0.594058931 -0.184112445 0.000280055 0.982905149 -1.845839620
0.980090022 -0.075706273 0.183554217 -1.022552133 0.074372247 0.997130156 0.014151218 -0.592721283 -0.184098765 -0.000218130 0.982907712 -1.850102425
0.980171323 -0.075658247 0.183139235 -1.021402359 0.074306250 0.997133732 0.014243491 -0.592970610 -0.183691949 -0.000352674 0.982983768 -1.851367831
0.980142355 -0.075386375 0.183406278 -1.022715807 0.074072659 0.997154415 0.014013195 -0.592988014 -0.183940783 -0.000149535 0.982937336 -1.848751426
0.980129480 -0.075570188 0.183399290 -1.022333622 0.074236564 0.997140467 0.014136611 -0.592362583 -0.183943152 -0.000240777 0.982936859 -1.851577401
0.980139494 -0.075623579 0.183323756 -1.022790194 0.074372910 0.997136414 0.013698117 -0.592449188 -0.183834687 0.000208255 0.982957125 -1.849870801
0.980155587 -0.075751729 0.183184981 -1.020555854 0.074459054 0.997126698 0.013934603 -0.591095030 -0.183714211 -0.000018300 0.982979715 -1.851960421
0.980121613 -0.075879790 0.183313489 -1.021285534 0.074629672 0.997116923 0.013718950 -0.590827823 -0.183825970 0.000234384 0.982958794 -1.849011064
0.980128706 -0.076023914 0.183216050 -1.021504521 0.074787997 0.997105956 0.013656238 -0.590219259 -0.183724001 0.000317487 0.982977808 -1.850111485
0.980102181 -0.076169848 0.183297187 -1.023106933 0.074857295 0.997094870 0.014079698 -0.592624366 -0.183837116 -0.000078414 0.982956707 -1.848909140
0.980031788 -0.076097511 0.183703050 -1.024922132 0.074824102 0.997100353 0.013863973 -0.587391794 -0.184225395 0.000158281 0.982883990 -1.847519159
0.980044305 -0.075368978 0.183936551 -1.023351431 0.073930927 0.997155428 0.014673517 -0.592576444 -0.184519246 -0.000782099 0.982828617 -1.848596692
0.980009258 -0.076703340 0.183571324 -1.023033977 0.075189903 0.997053385 0.015201287 -0.592395723 -0.184196398 -0.001094693 0.982888818 -1.849878550
0.979978919 -0.077250771 0.183503881 -1.023175716 0.075715341 0.997011006 0.015369918 -0.592312038 -0.184142724 -0.001168139 0.982898831 -1.849411726
0.979986668 -0.076326765 0.183848798 -1.023168445 0.074744515 0.997081757 0.015531230 -0.593016624 -0.184497744 -0.001478708 0.982831836 -1.847025752
0.980000317 -0.076131918 0.183856905 -1.023319125 0.074545033 0.997096598 0.015537771 -0.593125403 -0.184505999 -0.001521404 0.982830226 -1.846600771
0.980005085 -0.076452121 0.183698326 -1.023065686 0.074930206 0.997072577 0.015222444 -0.592699766 -0.184324354 -0.001153520 0.982864797 -1.847937942
0.979999840 -0.076159351 0.183847845 -1.023303032 0.074657612 0.997095108 0.015086764 -0.593177080 -0.184462786 -0.001059387 0.982838929 -1.847290397
0.979947686 -0.076998942 0.183776319 -1.023002982 0.075489856 0.997030675 0.015204331 -0.593659163 -0.184401333 -0.001026202 0.982850492 -1.844996810
0.979916751 -0.076937325 0.183966994 -1.023137689 0.075413384 0.997035325 0.015276657 -0.593656361 -0.184596926 -0.001096279 0.982813716 -1.845360398
0.979893744 -0.077331707 0.183924183 -1.023188353 0.075812235 0.997004867 0.015289793 -0.593621075 -0.184555694 -0.001038669 0.982821524 -1.845360875
0.979916751 -0.077195287 0.183858901 -1.023226976 0.075605780 0.997014940 0.015650511 -0.593425870 -0.184518218 -0.001435401 0.982828021 -1.848239422
0.979887724 -0.076953530 0.184114575 -1.023050666 0.075367540 0.997033656 0.015607312 -0.593596756 -0.184769481 -0.001417152 0.982780874 -1.847352982
0.979764402 -0.078208081 0.184242338 -1.022601843 0.076563917 0.996935785 0.016032320 -0.592736065 -0.184931636 -0.001601582 0.982750058 -1.848259091
0.979671299 -0.078592181 0.184573546 -1.023754239 0.076757059 0.996903539 0.017077908 -0.592231214 -0.185344204 -0.002563413 0.982670307 -1.851411819
0.979566276 -0.079044029 0.184937820 -1.023267865 0.077101231 0.996866405 0.017684754 -0.593382478 -0.185756162 -0.003064456 0.982591093 -1.848271608
0.979363799 -0.079017483 0.186018154 -1.020988941 0.076953821 0.996866703 0.018299852 -0.594059467 -0.186881319 -0.003607406 0.982375860 -1.842533827
0.979383647 -0.079085432 0.185884833 -1.020543575 0.077032767 0.996861517 0.018251033 -0.594409585 -0.186744839 -0.003555541 0.982402027 -1.841580033
0.979558289 -0.076557219 0.186022907 -1.022945285 0.074628264 0.997060299 0.017360384 -0.592704117 -0.186805129 -0.003122944 0.982392013 -1.848708630
0.979426682 -0.077714458 0.186235890 -1.023344994 0.075655222 0.996968865 0.018149860 -0.593621254 -0.187081888 -0.003686742 0.982337415 -1.848019123
0.979533255 -0.077113904 0.185924917 -1.024548769 0.075201221 0.997017801 0.017328685 -0.594269156 -0.186706722 -0.002992241 0.982411146 -1.846782207
0.979914963 -0.068766274 0.187183917 -1.023299098 0.066785879 0.997624636 0.016873457 -0.592714310 -0.187899619 -0.004033310 0.982179940 -1.850836158
0.979806125 -0.064549126 0.189244196 -1.022904038 0.062677465 0.997907758 0.015864694 -0.593847275 -0.189872310 -0.003682978 0.981801867 -1.850273252
0.979682326 -0.065868422 0.189430326 -1.023263574 0.064808667 0.997828066 0.011790354 -0.597089052 -0.189795494 0.000725926 0.981823385 -1.850488067
0.979601145 -0.080844603 0.183972120 -1.023436904 0.082083575 0.996625066 0.000883798 -0.601490796 -0.183422685 0.014235320 0.982931077 -1.853441000
0.977875710 -0.108774327 0.178682059 -1.022960305 0.114056386 0.993282318 -0.019528303 -0.608686864 -0.175357550 0.039476082 0.983713031 -1.857428312
0.974063993 -0.141596481 0.176492944 -1.021736026 0.151562646 0.987456262 -0.044258907 -0.617152095 -0.168012157 0.069860741 0.983306348 -1.862280250
0.969801724 -0.171855792 0.173061356 -1.020037293 0.184637055 0.980938911 -0.060564101 -0.623887956 -0.159354314 0.090688705 0.983047187 -1.859584928
0.967877984 -0.184037417 0.171296418 -1.019578815 0.196338028 0.978835344 -0.057729833 -0.628341675 -0.157046527 0.089507438 0.983526707 -1.863607407
0.969909549 -0.176401824 0.167803019 -1.020084977 0.185400337 0.981871367 -0.039437134 -0.630253494 -0.157804191 0.069361188 0.985031426 -1.866934657
0.974152386 -0.154534370 0.164761245 -1.021177530 0.159335524 0.987090707 -0.016251612 -0.631071150 -0.160122871 0.042083863 0.986199558 -1.870128512
0.978204072 -0.127017155 0.164266422 -1.021662474 0.128388003 0.991721392 0.002288665 -0.633194208 -0.163197234 0.018851057 0.986413360 -1.863361835
0.980613232 -0.104405902 0.165822461 -1.021851420 0.103957675 0.994516313 0.011404341 -0.636399686 -0.166103825 0.006055269 0.986089706 -1.866892695
0.981168628 -0.093631938 0.168941230 -1.021490335 0.093525216 0.995579720 0.008606862 -0.641695082 -0.169000328 0.007355480 0.985588551 -1.870947957
0.981020331 -0.094491564 0.169323534 -1.021393180 0.095869236 0.995393932 0.000039329 -0.648640811 -0.168547332 0.016194332 0.985560536 -1.875529766
0.981108665 -0.097398356 0.167150721 -1.022289872 0.098747879 0.995112479 0.000238855 -0.657111287 -0.166357026 0.016271435 0.985931337 -1.871455431
0.981977999 -0.094885863 0.163449988 -1.023248434 0.094269909 0.995479822 0.011538635 -0.665367663 -0.163806006 0.004077727 0.986484170 -1.876135588
0.983119071 -0.089624599 0.159512714 -1.024663687 0.086897612 0.995927989 0.024004079 -0.675453603 -0.161014542 -0.009737597 0.986904025 -1.881506443
0.984045565 -0.083013684 0.157362863 -1.025859594 0.079396069 0.996416926 0.029148474 -0.688364565 -0.159218743 -0.016189434 0.987110555 -1.887739420
0.984246314 -0.084124982 0.155506387 -1.026707768 0.081837073 0.996423006 0.021068163 -0.705105782 -0.156722501 -0.008010074 0.987610221 -1.889481664
0.983638167 -0.092933878 0.154334947 -1.027548313 0.093479276 0.995614231 0.003735470 -0.724045157 -0.154005215 0.010752767 0.988011539 -1.896527052
0.983068943 -0.102456331 0.151915133 -1.028284907 0.105535567 0.994339168 -0.012325232 -0.743791580 -0.149792373 0.028149001 0.988316715 -1.904207230
0.983347714 -0.106797516 0.147042885 -1.029439688 0.110981002 0.993610620 -0.020523056 -0.763088584 -0.143911555 0.036500268 0.988917172 -1.912219644
0.984438300 -0.104237862 0.141476855 -1.028551936 0.108261220 0.993900120 -0.021024410 -0.782624781 -0.138422325 0.036013689 0.989718258 -1.914454103
0.985664487 -0.100087218 0.135823473 -1.029859662 0.103933640 0.994351566 -0.021511927 -0.801902890 -0.132903203 0.035320170 0.990499496 -1.922330976
0.985835731 -0.104376897 0.131275788 -1.030988455 0.109277353 0.993537843 -0.030676851 -0.822706819 -0.127225503 0.044587806 0.990871131 -1.930569172
0.984675109 -0.118090138 0.128333956 -1.031787395 0.124609873 0.991230071 -0.043992698 -0.844532907 -0.122013368 0.059310190 0.990754783 -1.939045906
0.983707488 -0.129831865 0.124351218 -1.031541944 0.137391880 0.989030123 -0.054247979 -0.864723802 -0.115943983 0.070448995 0.990754247 -1.944715023
0.983949602 -0.133868188 0.117993578 -1.032984853 0.141378194 0.988271356 -0.057722915 -0.884724498 -0.108882412 0.073478155 0.991335273 -1.953348637
0.985739827 -0.124754786 0.112930261 -1.033970475 0.131591856 0.989764035 -0.055233464 -0.902340293 -0.104883678 0.069306530 0.992066562 -1.962329865
0.987608314 -0.110348403 0.111593187 -1.035157084 0.116423100 0.991967916 -0.049450643 -0.919591844 -0.105240062 0.061829895 0.992522836 -1.971072435
0.988272667 -0.103211865 0.112536550 -1.037445903 0.109343186 0.992759347 -0.049729120 -0.938496590 -0.106589079 0.061451036 0.992402434 -1.972520947
0.988127410 -0.102499940 0.114446551 -1.038114905 0.109842904 0.992148578 -0.059797518 -0.956956029 -0.107418746 0.071658708 0.991628051 -1.981420279
0.986997485 -0.112339832 0.114959680 -1.038171172 0.121154733 0.989961565 -0.072784625 -0.976364493 -0.105629049 0.085766144 0.990700066 -1.990405321
0.984808743 -0.133355290 0.111212224 -1.038649440 0.143360645 0.985803068 -0.087407149 -0.995499969 -0.097977147 0.102022775 0.989945352 -1.999473214
0.982838273 -0.151587486 0.105120063 -1.039179802 0.161730200 0.982175231 -0.095787004 -1.012156129 -0.088726208 0.111144215 0.989835680 -2.002567768
0.982546747 -0.156531751 0.100497097 -1.039245486 0.166376561 0.981135309 -0.098449759 -1.026320219 -0.083190739 0.113451846 0.990054548 -2.010969639
0.982412457 -0.159770712 0.096638784 -1.039005637 0.169477507 0.980207920 -0.102322303 -1.036961675 -0.078377992 0.116900809 0.990046024 -2.018703222
0.981544912 -0.161955848 0.101685159 -1.037550807 0.173277274 0.978177428 -0.114646770 -1.044476628 -0.080898412 0.130150676 0.988188386 -2.025082588
0.980117679 -0.164371550 0.111136585 -1.035924792 0.178658456 0.974753141 -0.133930907 -1.047740936 -0.086316302 0.151123539 0.984739125 -2.021245956
0.978819907 -0.167465657 0.117757440 -1.034527659 0.184226036 0.971388578 -0.149883315 -1.047645450 -0.089287922 0.168402746 0.981666028 -2.023667574
0.978807032 -0.164057478 0.122564085 -1.033141017 0.182113782 0.971050501 -0.154581517 -1.042536139 -0.093655668 0.173626095 0.980348229 -2.022951365
0.980001092 -0.156725392 0.122617304 -1.032954693 0.174036428 0.973816812 -0.146260545 -1.033118367 -0.096484050 0.164675370 0.981617451 -2.020730257
0.982380569 -0.141924888 0.121596828 -1.033418536 0.157411605 0.979074478 -0.128975853 -1.019377828 -0.100747466 0.145844117 0.984164357 -2.009988070
0.984886587 -0.123711012 0.121218756 -1.033702970 0.136997744 0.984644294 -0.108200252 -1.004697442 -0.105971798 0.123171672 0.986711085 -2.005655766
0.986516654 -0.111817919 0.119505882 -1.034316778 0.123248376 0.988012433 -0.092958413 -0.989161968 -0.107678875 0.106433921 0.988472104 -2.000550270
0.987193346 -0.106098786 0.119131736 -1.035439968 0.116654485 0.989492118 -0.085423209 -0.974084496 -0.108816616 0.098226480 0.989196897 -2.009711266
0.986710489 -0.108230561 0.121196486 -1.032106042 0.118908480 0.989292145 -0.084627844 -0.957483709 -0.110739417 0.097914465 0.989014447 -1.985471368
0.986395597 -0.108582884 0.123423956 -1.031637192 0.119721845 0.989012897 -0.086719215 -0.941137254 -0.112651654 0.100315988 0.988557696 -1.981363773
0.986633182 -0.098742455 0.129633859 -1.030848980 0.110319793 0.990222037 -0.085380599 -0.922755897 -0.119935609 0.098540515 0.987879157 -1.975706458
0.986716986 -0.096602805 0.130604208 -1.030913472 0.107574366 0.990995228 -0.079725854 -0.903433979 -0.121726401 0.092716523 0.988223851 -1.970562816
0.986938775 -0.093980454 0.130841449 -1.026860833 0.104116313 0.991889894 -0.072898656 -0.882907152 -0.122929260 0.085569248 0.988719523 -1.962310433
0.987498641 -0.089379266 0.129837289 -1.026572347 0.098860994 0.992740333 -0.068506517 -0.862293959 -0.122771658 0.080485933 0.989165902 -1.956662893
0.987702549 -0.084504873 0.131539151 -1.025352836 0.094104141 0.993199706 -0.068547569 -0.841155410 -0.124852046 0.080082990 0.988938153 -1.949494243
0.987860084 -0.080318086 0.132971525 -1.024698615 0.089978091 0.993599117 -0.068298727 -0.819412708 -0.126634777 0.079434112 0.988763809 -1.942726731
0.987992525 -0.070267431 0.137598336 -1.022267938 0.080037691 0.994550765 -0.066803895 -0.797500014 -0.132154405 0.077014796 0.988232732 -1.934449315
0.987859964 -0.060333684 0.143151999 -1.021345139 0.069895267 0.995580137 -0.062728561 -0.775352597 -0.138734639 0.071972676 0.987710834 -1.928040266
0.987507164 -0.054433554 0.147873595 -1.020622730 0.064018600 0.996091843 -0.060849302 -0.754705548 -0.143983439 0.069555782 0.987132609 -1.921377659
0.987422526 -0.049666420 0.150100008 -1.020277739 0.059210353 0.996452987 -0.059796013 -0.736477017 -0.146597758 0.067931406 0.986860871 -1.915817499
0.987858474 -0.037736978 0.150703639 -1.017202377 0.046355058 0.997459650 -0.054087110 -0.721109390 -0.148279727 0.060416281 0.987098277 -1.911037564
0.988712549 -0.021055624 0.148338035 -1.017604470 0.028051447 0.998582780 -0.045228004 -0.710233808 -0.147175506 0.048878595 0.987901926 -1.908197165
0.989255607 -0.004931807 0.146112889 -1.017685652 0.009811398 0.999417245 -0.032694228 -0.705182612 -0.145866513 0.033776522 0.988727510 -1.907446265
0.989796042 0.005056363 0.142401457 -1.018652081 -0.001286974 0.999646664 -0.026549835 -0.707796693 -0.142485380 0.026095655 0.989452839 -1.909015059
0.990275204 0.005458878 0.139015168 -1.017981410 -0.001322470 0.999554098 -0.029830093 -0.718991756 -0.139116019 0.029356157 0.989840865 -1.915811539
0.990930200 -0.004179039 0.134312481 -1.018629789 0.010130066 0.998995304 -0.043654531 -0.737188995 -0.133995116 0.044619188 0.989977002 -1.922813296
0.991545022 -0.016254248 0.128740907 -1.021141291 0.024144350 0.997908413 -0.059965089 -0.758673787 -0.127496958 0.062566452 0.989863634 -1.927787662
0.991841972 -0.022751786 0.125426531 -1.022296667 0.031897731 0.996937633 -0.071399532 -0.784055352 -0.123417966 0.074817874 0.989530325 -1.937764883
0.992636919 -0.037409198 0.115206577 -1.023440599 0.046431545 0.995976090 -0.076653607 -0.813521087 -0.111875437 0.081438415 0.990379572 -1.950572252
0.992917359 -0.051924314 0.106859498 -1.025132656 0.061425272 0.994257510 -0.087629847 -0.841392040 -0.101695739 0.093573071 0.990405023 -1.961595178
0.992380440 -0.073927715 0.098568559 -1.026571035 0.084383145 0.990724981 -0.106506020 -0.870066464 -0.089780584 0.114012018 0.989414334 -1.972937226
0.991049707 -0.095090240 0.093692780 -1.027686596 0.106989354 0.985530257 -0.131466508 -0.898086190 -0.079835892 0.140313983 0.986883104 -1.983693004
0.989455223 -0.113501981 0.089975767 -1.027470350 0.126386493 0.980017900 -0.153594688 -0.925296843 -0.070744567 0.163346782 0.984028995 -1.999683380
0.988485038 -0.123704255 0.087146878 -1.030512094 0.136617929 0.977207303 -0.162485272 -0.947531402 -0.065060452 0.172520071 0.982855022 -2.007240295
0.988293409 -0.127517685 0.083758153 -1.034854770 0.139240846 0.978277445 -0.153574690 -0.965227544 -0.062355228 0.163439408 0.984580815 -2.013445139
0.988205552 -0.130554691 0.080032527 -1.040345907 0.140890464 0.979911208 -0.141151935 -0.979416609 -0.059996724 0.150762945 0.986747622 -2.017747641
0.987633765 -0.134727865 0.080174856 -1.044770479 0.144722968 0.980114460 -0.135760382 -0.990717828 -0.060289834 0.145684674 0.987492323 -2.021615267
0.986729324 -0.140763178 0.080937788 -1.049677849 0.151368901 0.977813780 -0.144802108 -0.998480856 -0.058759287 0.155131951 0.986144722 -2.024338722
0.984837115 -0.151955903 0.083697222 -1.052935243 0.163776398 0.973485529 -0.159697250 -1.002739787 -0.057211094 0.170983419 0.983611465 -2.025489092
0.983816862 -0.159280509 0.082061879 -1.054777980 0.171490788 0.969756246 -0.173676997 -1.002832532 -0.051916666 0.184939206 0.981377661 -2.025468826
0.984341681 -0.158957928 0.076182783 -1.052049756 0.170416087 0.968642116 -0.180806011 -0.999523282 -0.045053307 0.190957665 0.980563819 -2.025835276
0.986838162 -0.144889280 0.071816325 -1.049178600 0.155536696 0.971969664 -0.176304638 -0.991398335 -0.044258643 0.185154200 0.981712341 -2.022814989
0.989358068 -0.126650110 0.071626514 -1.043314457 0.137033030 0.976546228 -0.166070610 -0.980851650 -0.048913740 0.174118489 0.983509123 -2.019367695
0.990254402 -0.117689058 0.074467994 -1.034951806 0.128163368 0.979315817 -0.156571701 -0.969480515 -0.054500911 0.164589897 0.984855235 -2.014952183
0.990019023 -0.111545503 0.086138949 -1.023880243 0.123685926 0.980665863 -0.151645243 -0.956946492 -0.067558184 0.160785854 0.984674454 -2.012397766
0.988537252 -0.112104081 0.101127356 -1.009801745 0.126489922 0.980659366 -0.149357140 -0.945508778 -0.082427949 0.160436690 0.983598351 -2.008387089
0.986545742 -0.108709641 0.122105263 -0.992589772 0.126068652 0.981390715 -0.144841030 -0.932654679 -0.104087360 0.158285961 0.981891751 -2.004883766
0.984672666 -0.104179017 0.139880031 -0.975940764 0.123108350 0.983263791 -0.134300619 -0.917951345 -0.123547666 0.149462551 0.981018305 -1.994432807
0.982412279 -0.101841882 0.156506613 -0.947622478 0.121620163 0.984991908 -0.122472197 -0.905830622 -0.141684964 0.139352560 0.980054200 -1.996839285
0.978803694 -0.098387629 0.179619685 -0.925941527 0.119770139 0.986424625 -0.112345576 -0.892079413 -0.166127875 0.131477341 0.977299988 -1.997292876
0.973910749 -0.102447756 0.202490136 -0.904107213 0.125989184 0.986245811 -0.106985748 -0.879604280 -0.188744590 0.129706144 0.973422706 -1.999316573
0.967717826 -0.113607034 0.224979222 -0.882339835 0.139440373 0.984918177 -0.102433041 -0.867809117 -0.209949017 0.130497456 0.968964279 -2.002759457
0.962235510 -0.129491985 0.239446521 -0.859053254 0.155860573 0.983238101 -0.094606265 -0.855236411 -0.223182201 0.128353775 0.966289282 -2.007513523
0.957429051 -0.146019831 0.249013633 -0.840689957 0.171891615 0.981405973 -0.085414208 -0.843215346 -0.231911302 0.124581404 0.964726210 -2.013353825
0.952624023 -0.158055842 0.259857267 -0.822198451 0.183374673 0.980092287 -0.076110303 -0.830429614 -0.242654428 0.120155752 0.962642908 -2.020538092
0.946833551 -0.164331138 0.276589006 -0.805275321 0.189610869 0.979564369 -0.067092344 -0.817557931 -0.259911388 0.115969554 0.958643377 -2.027080774
0.940833747 -0.165621623 0.295637220 -0.785428405 0.191602752 0.979576468 -0.060977757 -0.807725787 -0.279500037 0.114014834 0.953352153 -2.025427580
0.935353458 -0.161906615 0.314484030 -0.771301329 0.187652692 0.980794728 -0.053180538 -0.795928538 -0.299833983 0.108756371 0.947771907 -2.028629303
0.930871367 -0.161741197 0.327594608 -0.766220629 0.186572820 0.981381297 -0.045621965 -0.784167290 -0.314116269 0.103588432 0.943716288 -2.036538839
0.926811576 -0.162863761 0.338372111 -0.754532695 0.188012719 0.981238484 -0.042687237 -0.780267537 -0.325071573 0.103181288 0.940043688 -2.027842999
0.924573183 -0.162476838 0.344624013 -0.749039471 0.188812375 0.981025219 -0.044039287 -0.779078424 -0.330929488 0.105786823 0.937707186 -2.019586802
0.924605012 -0.159604594 0.345878482 -0.751813293 0.185462341 0.981720269 -0.042767517 -0.779678881 -0.332729995 0.103690483 0.937304139 -2.011912346
0.926900864 -0.153247088 0.342593282 -0.757456303 0.176131785 0.983689189 -0.036513269 -0.781677485 -0.331409723 0.094185740 0.938773990 -2.001068354
0.929440022 -0.145030141 0.339275032 -0.766017735 0.165283591 0.985745609 -0.031415120 -0.785939872 -0.329882711 0.085275061 0.940162539 -1.988698244
0.929776967 -0.141193062 0.339969546 -0.772492349 0.162397206 0.986118972 -0.034591425 -0.796148360 -0.330366343 0.087372407 0.939800024 -1.966395736
0.927996397 -0.144676536 0.343353212 -0.784327924 0.171966940 0.983820975 -0.050236538 -0.806415617 -0.330530047 0.105664730 0.937861860 -1.951122999
0.926192641 -0.150196373 0.345844328 -0.798036814 0.182376176 0.981255233 -0.062266435 -0.816757143 -0.330009341 0.120744467 0.936223626 -1.935581326
0.925734401 -0.159277961 0.342996120 -0.819326282 0.191498324 0.979534090 -0.061978556 -0.821384907 -0.326104581 0.123058863 0.937289894 -1.930137038
0.926213086 -0.169081762 0.336957991 -0.828542173 0.199181274 0.978327632 -0.056585521 -0.838683844 -0.320087731 0.119525969 0.939817727 -1.896548271
0.926397502 -0.177060500 0.332321018 -0.847000539 0.205204979 0.977373779 -0.051297080 -0.846956611 -0.315719157 0.115715399 0.941770315 -1.880786777
0.925991178 -0.184234947 0.329541802 -0.864786088 0.212599933 0.975761175 -0.051879182 -0.856539965 -0.311996102 0.118100226 0.942714572 -1.864977121
0.924978018 -0.193795890 0.326892585 -0.883734345 0.222854823 0.973380804 -0.053530198 -0.865040720 -0.307817072 0.122363850 0.943544269 -1.851593614
0.925386012 -0.202613145 0.320325851 -0.902755558 0.232235849 0.971004188 -0.056722213 -0.873889029 -0.299545050 0.126881093 0.945607722 -1.831348777
0.925883114 -0.207527980 0.315709710 -0.923827231 0.235701844 0.970357716 -0.053390745 -0.880810142 -0.295271277 0.123846948 0.947352529 -1.821785808
0.927279949 -0.209154457 0.310493618 -0.945372105 0.234587044 0.970981598 -0.046515442 -0.887508929 -0.291754693 0.115970619 0.949436665 -1.813058615
0.929346323 -0.210915983 0.303034395 -0.967668235 0.232603222 0.971870959 -0.036912724 -0.893493414 -0.286724836 0.104791477 0.952264488 -1.806133866
0.931501627 -0.208475247 0.298065037 -0.989559293 0.226121679 0.973762870 -0.025589224 -0.899705052 -0.284909934 0.091235369 0.954202533 -1.795596004
0.932931066 -0.204056114 0.296649128 -1.010242939 0.219448894 0.975435615 -0.019171137 -0.907252729 -0.285450131 0.082984671 0.954794109 -1.790851116
0.933359027 -0.200625241 0.297641367 -1.029580474 0.216210783 0.976141095 -0.020036705 -0.914960682 -0.286520094 0.083054714 0.954467475 -1.786589026
0.933132529 -0.199138582 0.299345255 -1.047455430 0.217176735 0.975733817 -0.027888894 -0.922084391 -0.286527514 0.091034852 0.953737199 -1.783473969
0.932872713 -0.198986709 0.300254613 -1.063753843 0.218813658 0.975189507 -0.033556677 -0.927017093 -0.286127836 0.097003914 0.953268647 -1.775188923
0.934345782 -0.192947701 0.299615055 -1.078893542 0.211650655 0.976855218 -0.030949512 -0.929112673 -0.286708921 0.092331260 0.953558028 -1.772692680
0.936764717 -0.185872063 0.296518981 -1.092097759 0.201701596 0.979166746 -0.023429131 -0.928997397 -0.285986722 0.081755921 0.954739511 -1.769327879
0.939418674 -0.180006042 0.291702509 -1.103179574 0.193281218 0.980994463 -0.017096387 -0.926828504 -0.283081114 0.072441280 0.956356287 -1.767425299
0.940817416 -0.175632805 0.289854556 -1.111651301 0.186978728 0.982294381 -0.011694578 -0.923156202 -0.282668561 0.065199092 0.956999242 -1.763578653
0.941536546 -0.173071891 0.289058983 -1.115447998 0.182416141 0.983206093 -0.005487220 -0.917876661 -0.283254862 0.057895437 0.957295597 -1.764457941
0.941626251 -0.169692457 0.290765345 -1.115668416 0.179311365 0.983770549 -0.006554583 -0.911654592 -0.284934103 0.058309495 0.956771970 -1.766212821
0.940602243 -0.169141442 0.294378370 -1.112638354 0.180460066 0.983514965 -0.011509001 -0.904528499 -0.287578911 0.063948929 0.955619633 -1.769268751
0.939205110 -0.167665645 0.299636453 -1.106016517 0.180099443 0.983546436 -0.014161693 -0.896812737 -0.292331964 0.067265086 0.953948319 -1.771868587
0.937576950 -0.162376449 0.307544112 -1.098011971 0.174053296 0.984677792 -0.010729730 -0.888023138 -0.301089585 0.063589007 0.951473355 -1.777516842
0.936457455 -0.158162251 0.313100845 -1.087739825 0.168067768 0.985764146 -0.004719391 -0.879261374 -0.307897180 0.057041675 0.949708164 -1.782836795
0.935405195 -0.158575401 0.316023707 -1.076151133 0.165326580 0.986223459 0.005516794 -0.871920228 -0.312544823 0.047086678 0.948735237 -1.789480329
0.933501124 -0.153967053 0.323835999 -1.061783552 0.158215433 0.987314522 0.013338884 -0.866543651 -0.321781725 0.038783990 0.946019173 -1.795909166
0.930352330 -0.153313532 0.333075851 -1.044756532 0.158687159 0.987265527 0.011187268 -0.862873614 -0.330549449 0.042446755 0.942833662 -1.804456234
0.925208688 -0.160722867 0.343739808 -1.027128339 0.169615611 0.985501111 0.004255351 -0.859157145 -0.339439869 0.054366548 0.939055264 -1.812924623
0.920433819 -0.172243610 0.350904197 -1.010446668 0.184695795 0.982793570 -0.002052817 -0.854491234 -0.344512790 0.066699997 0.936409116 -1.822329044
0.917405903 -0.181830361 0.353983283 -0.992994547 0.194599584 0.980882645 -0.000487491 -0.848251522 -0.347127438 0.069332227 0.935251594 -1.834369063
0.916650355 -0.178806335 0.357463896 -0.979181588 0.189581811 0.981852293 0.004982825 -0.841084421 -0.351867676 0.063201129 0.933913708 -1.845232964
0.916287780 -0.168731958 0.363244027 -0.966088474 0.174311012 0.984532833 0.017627534 -0.833513975 -0.360600024 0.047165532 0.931527257 -1.857462049
0.916161180 -0.160812289 0.367135048 -0.953932166 0.160771191 0.986507416 0.030915586 -0.828488111 -0.367153049 0.030701073 0.929653764 -1.871012568
0.914137006 -0.154830009 0.374674857 -0.939566135 0.152166367 0.987666428 0.036883984 -0.826969862 -0.375764549 0.023295896 0.926422298 -1.886236548
0.910446048 -0.148776993 0.385944873 -0.924153388 0.148289397 0.988451064 0.031220237 -0.828994274 -0.386132509 0.028807184 0.921993434 -1.901515841
0.905493081 -0.148032784 0.397704154 -0.906365454 0.154203922 0.987899184 0.016622648 -0.832633972 -0.395352334 0.046275847 0.917363107 -1.917054415
0.900416553 -0.154959098 0.406494498 -0.888242662 0.168782607 0.985651553 0.001872137 -0.835224330 -0.400952041 0.066923492 0.913651347 -1.932357550
0.896720290 -0.162316635 0.411759645 -0.865045130 0.183278814 0.982992053 -0.011642434 -0.837287426 -0.402866691 0.085906819 0.911218107 -1.950437665
0.893217564 -0.165748462 0.417959183 -0.846339464 0.189158663 0.981833696 -0.014887650 -0.832825124 -0.407898813 0.092358515 0.908343792 -1.965122938
0.889502048 -0.161411300 0.427472234 -0.828260720 0.185584173 0.982511103 -0.015180171 -0.825407207 -0.417545974 0.092834868 0.903901041 -1.978791714
0.885782897 -0.156632394 0.436869562 -0.811933756 0.179399908 0.983714163 -0.011051070 -0.815634251 -0.428023815 0.088163197 0.899456978 -1.990292788
0.883681297 -0.155129880 0.441635728 -0.796604395 0.175685018 0.984429717 -0.005740244 -0.806006551 -0.433868825 0.082661301 0.897176147 -2.001317978
0.881417990 -0.152635604 0.446995169 -0.786528647 0.170304924 0.985391200 0.000662092 -0.797019839 -0.440566152 0.075541899 0.894536138 -2.009271860
0.878632903 -0.155337602 0.451524615 -0.780773103 0.171268493 0.985208094 0.005664676 -0.791591108 -0.445725679 0.072354756 0.892240703 -2.015157700
0.874966621 -0.167843327 0.454160869 -0.779328406 0.182140723 0.983193636 0.012452515 -0.790532112 -0.448618114 0.071825653 0.890832663 -2.018272638
0.873263896 -0.179307461 0.453055233 -0.778430164 0.194380075 0.980833113 0.013520647 -0.796300113 -0.446795911 0.076257795 0.891379952 -2.018616438
0.874951661 -0.188113645 0.446175843 -0.786630809 0.205298111 0.978648186 0.010021046 -0.802180648 -0.438534290 0.082831129 0.894889235 -2.018689632
0.878532231 -0.194441706 0.436318129 -0.798611462 0.213101357 0.977009714 0.006314259 -0.809752584 -0.427514821 0.087432697 0.899770319 -2.017511368
0.883475065 -0.199156880 0.424038172 -0.817912757 0.217990458 0.975941896 0.004189275 -0.814521968 -0.414670944 0.088735156 0.905634642 -2.020442724
0.889615595 -0.205216289 0.408007830 -0.829371512 0.225819618 0.974166214 -0.002396736 -0.831027687 -0.396975607 0.094268337 0.912975311 -2.014158964
0.894743264 -0.214727610 0.391569406 -0.849265337 0.239408761 0.970807791 -0.014684860 -0.840831876 -0.376985401 0.106884331 0.920031369 -2.009484053
0.897866786 -0.227217838 0.377103776 -0.870394468 0.258040905 0.965584278 -0.032586183 -0.848814845 -0.356721312 0.126566246 0.925597548 -2.002954245
0.899724424 -0.237182736 0.366388202 -0.897491872 0.274822772 0.960010648 -0.053404626 -0.845180690 -0.339069903 0.148741245 0.928928256 -1.997830987
0.901272714 -0.244412184 0.357729226 -0.907299101 0.285824358 0.955937922 -0.066985905 -0.855470955 -0.325594753 0.162620291 0.931419730 -1.979284525
0.904016078 -0.247735143 0.348399520 -0.927673995 0.289907813 0.954209745 -0.073737293 -0.850772142 -0.314178884 0.167663440 0.934441328 -1.968005657
0.907594740 -0.243646353 0.341918409 -0.946460128 0.283532768 0.956319034 -0.071155012 -0.841265202 -0.309646428 0.161524981 0.937031865 -1.956111908
0.911886692 -0.235106274 0.336433768 -0.963311315 0.271018237 0.960485637 -0.063375711 -0.829426408 -0.308239758 0.148971140 0.939572155 -1.942284465
0.916968107 -0.226429507 0.328480095 -0.978094757 0.256921381 0.965033054 -0.051987160 -0.813028812 -0.305222720 0.132064134 0.943079054 -1.928902388
0.921907544 -0.216243804 0.321442217 -0.992491663 0.240884930 0.969791412 -0.038458701 -0.795976102 -0.303415447 0.112885937 0.946147919 -1.917414427
0.925964892 -0.207738370 0.315331221 -1.005110502 0.228316098 0.973144710 -0.029344365 -0.778610528 -0.300766945 0.099167034 0.948527873 -1.906809688
0.928632379 -0.204720348 0.309405088 -1.015413642 0.222202420 0.974753380 -0.021953497 -0.760701358 -0.297099352 0.089137286 0.950676858 -1.897230864
0.930182815 -0.198024362 0.309105635 -1.024736404 0.212711006 0.977012038 -0.014195595 -0.740974844 -0.299188852 0.078954667 0.950921774 -1.886825085
0.931241035 -0.190518305 0.310633093 -1.031896472 0.201135650 0.979560971 -0.002193853 -0.723060012 -0.303866059 0.064522386 0.950527370 -1.878411531
0.932611644 -0.179980218 0.312798053 -1.037669063 0.185703456 0.982536614 0.011662293 -0.705681920 -0.309434503 0.047211286 0.949748039 -1.870556235
0.934037149 -0.168276340 0.315051943 -1.042053461 0.168202817 0.985365033 0.027633343 -0.689482927 -0.315091223 0.027182050 0.948672056 -1.862538695
0.934443891 -0.153768256 0.321200788 -1.045928717 0.148794219 0.988053381 0.040134978 -0.673830867 -0.323535025 0.010288927 0.946160257 -1.855289698
0.933700860 -0.148194030 0.325946629 -1.048862219 0.141253307 0.988950133 0.045001730 -0.661811352 -0.329013944 0.004022883 0.944316506 -1.849189758
0.931195617 -0.146096528 0.333961844 -1.050387144 0.139287204 0.989256740 0.044386320 -0.651701689 -0.336858690 0.005184256 0.941540956 -1.844362974
0.928599060 -0.146951959 0.340747595 -1.051704884 0.141333684 0.989095926 0.041400872 -0.643092752 -0.343115985 0.009714296 0.939242840 -1.840387940
0.926690996 -0.151767522 0.343817502 -1.053928018 0.145335615 0.988378167 0.044565804 -0.634048700 -0.346585363 0.008670192 0.937978387 -1.839000702
0.925984383 -0.150038585 0.346469849 -1.055157661 0.140784636 0.988679886 0.051882632 -0.626569092 -0.350332171 0.000735125 0.936625242 -1.836458206
0.926182628 -0.145086110 0.348045677 -1.056190848 0.130419493 0.989303410 0.065341786 -0.619683743 -0.353802949 -0.015126497 0.935197651 -1.834203124
0.926911712 -0.139142737 0.348531246 -1.057181954 0.117578134 0.989639699 0.082393289 -0.613544583 -0.356384814 -0.035391651 0.933668733 -1.832421303
0.928442657 -0.135108605 0.346034467 -1.059029579 0.108338386 0.989500225 0.095666796 -0.608343720 -0.355326593 -0.051332325 0.933331668 -1.832399845
0.929383934 -0.130208030 0.345385939 -1.059869528 0.101650260 0.989818871 0.099628434 -0.605183005 -0.354841918 -0.057484504 0.933157444 -1.830768824
0.929591894 -0.127957866 0.345667005 -1.060465455 0.100682817 0.990293622 0.095820330 -0.603676677 -0.354572773 -0.054271080 0.933452070 -1.828745008
0.927576303 -0.132382065 0.349395484 -1.060007215 0.111422069 0.990586638 0.079518571 -0.604416728 -0.356633335 -0.034829177 0.933595002 -1.827698231
0.925847530 -0.136818126 0.352260023 -1.059764147 0.120028391 0.990356863 0.069184072 -0.603522778 -0.358328789 -0.021772705 0.933341563 -1.828802943
0.925369859 -0.139961600 0.352280200 -1.059475780 0.125782579 0.990058839 0.062946498 -0.602466285 -0.357588232 -0.013938090 0.933775365 -1.827268243
0.924706817 -0.140019596 0.353994191 -1.059396863 0.128433555 0.990127742 0.056141928 -0.602369726 -0.358360410 -0.006450102 0.933561087 -1.826292276
0.924273014 -0.137516558 0.356101990 -1.060015202 0.128322542 0.990499496 0.049438111 -0.602948844 -0.359517395 0.000001600 0.933138371 -1.826523066
0.923785925 -0.136350945 0.357810020 -1.060318470 0.130743876 0.990611315 0.039941393 -0.602447271 -0.359896719 0.009884174 0.932939768 -1.827188611
0.996974885 0.045492653 -0.063020155 2.602136135 -0.045527156 0.998962700 0.000889149 -0.041731089 0.062995240 0.001982669 0.998011887 -2.400030613
0.996943831 0.046119943 -0.063054748 2.602493286 -0.046152391 0.998933971 0.000942555 -0.041632492 0.063030995 0.001970453 0.998009622 -2.401079178
0.996917903 0.046482824 -0.063198008 2.602097034 -0.046514161 0.998917162 0.000976117 -0.041699369 0.063174941 0.001966493 0.998000503 -2.399798870
0.996894479 0.046880510 -0.063274510 2.601522207 -0.046930756 0.998897910 0.000692767 -0.041615732 0.063237257 0.002278905 0.997995913 -2.399525404
0.997001171 0.043271516 -0.064157724 2.601557493 -0.043309126 0.999061406 0.000805073 -0.041430686 0.064132348 0.001975956 0.997939467 -2.399381876
0.996942461 0.046457257 -0.062829107 2.599604368 -0.046451550 0.998919368 0.001552271 -0.043833446 0.062833324 0.001370985 0.998023093 -2.395272493
0.996981025 0.044761788 -0.063444540 2.600762129 -0.044759568 0.998996735 0.001457022 -0.043889731 0.063446105 0.001387127 0.997984290 -2.396828651
0.996931732 0.045788009 -0.063486889 2.601862192 -0.045797694 0.998949885 0.001303489 -0.043416370 0.063479900 0.001608063 0.997981846 -2.400388956
0.996953607 0.045090895 -0.063642129 2.601967573 -0.045104306 0.998981535 0.001226728 -0.041466605 0.063632622 0.001647544 0.997972012 -2.399406195
0.996980727 0.044603720 -0.063560888 2.601819992 -0.044613309 0.999003530 0.001269115 -0.041740660 0.063554153 0.001570378 0.997977138 -2.399636269
0.996929765 0.045700330 -0.063580565 2.602100372 -0.045709368 0.998953938 0.001313173 -0.041691706 0.063574068 0.001597087 0.997975826 -2.399390697
0.996967733 0.044673100 -0.063715696 2.601533890 -0.044665016 0.999000788 0.001551964 -0.042234588 0.063721359 0.001298604 0.997966886 -2.399133444
0.996943057 0.045795672 -0.063303113 2.601975918 -0.045832038 0.998948753 0.000878275 -0.041287724 0.063276783 0.002025720 0.997993946 -2.399256945
0.996968567 0.044827577 -0.063593671 2.601897717 -0.044851314 0.998993099 0.001054974 -0.041349046 0.063576937 0.001800483 0.997975290 -2.399442434
0.996930480 0.046188187 -0.063216433 2.601102352 -0.046207767 0.998931170 0.001153014 -0.041781552 0.063202128 0.001771616 0.997999191 -2.398156404
0.996982336 0.044924401 -0.063308664 2.601979733 -0.044957109 0.998988509 0.000908441 -0.041719597 0.063285433 0.001940474 0.997993588 -2.399960041
0.996961057 0.045027357 -0.063570239 2.602010489 -0.045054708 0.998984039 0.001003892 -0.041320309 0.063550852 0.001863297 0.997976840 -2.399377584
0.996981978 0.044406973 -0.063678592 2.601717472 -0.044429228 0.999011993 0.001067257 -0.041409995 0.063663065 0.001765155 0.997969866 -2.398953915
0.996953428 0.045482598 -0.063365631 2.602050781 -0.045488596 0.998963952 0.001348757 -0.041554190 0.063361324 0.001537765 0.997989476 -2.399807453
0.996958494 0.045642544 -0.063170686 2.601043224 -0.045662712 0.998956263 0.001125176 -0.041722674 0.063156113 0.001762791 0.998002112 -2.397948265
0.996965706 0.044899683 -0.063587599 2.601986885 -0.044928331 0.998989761 0.000980023 -0.041273173 0.063567363 0.001879836 0.997975767 -2.399523735
0.996955395 0.045440290 -0.063364722 2.601962328 -0.045465369 0.998965383 0.001046805 -0.041385304 0.063346736 0.001837282 0.997989893 -2.399319887
0.996983051 0.044717368 -0.063443713 2.601955175 -0.044735912 0.998998225 0.001128947 -0.041264903 0.063430645 0.001712671 0.997984767 -2.399465084
0.996971667 0.044794064 -0.063568480 2.602030516 -0.044816416 0.998994648 0.001074981 -0.041328091 0.063552730 0.001777186 0.997976899 -2.399301767
0.996968508 0.044974584 -0.063490741 2.602059603 -0.045001689 0.998986423 0.001003805 -0.041301511 0.063471533 0.001856429 0.997981906 -2.399693966
0.996983647 0.044637710 -0.063490525 2.601895094 -0.044662230 0.999001622 0.001033726 -0.041295603 0.063473284 0.001805021 0.997981906 -2.399054050
0.996977270 0.044676408 -0.063563421 2.601911545 -0.044694804 0.999000072 0.001133144 -0.041370463 0.063550487 0.001711236 0.997977138 -2.398770571
0.996981978 0.044607010 -0.063538931 2.601884604 -0.044622753 0.999003232 0.001171989 -0.041331787 0.063527875 0.001666830 0.997978687 -2.399120092
0.996968329 0.045024175 -0.063458689 2.602179050 -0.045037311 0.998984575 0.001224139 -0.041433573 0.063449360 0.001637581 0.997983694 -2.399909735
0.996963620 0.045524567 -0.063175246 2.601999283 -0.045521408 0.998962224 0.001490081 -0.041484009 0.063177526 0.001390270 0.998001337 -2.399756193
0.996969402 0.045047678 -0.063424818 2.601954222 -0.045056932 0.998983622 0.001285179 -0.041388117 0.063418247 0.001576443 0.997985780 -2.399545431
0.996977925 0.044879604 -0.063409761 2.602035999 -0.044891056 0.998991132 0.001244801 -0.041287921 0.063401654 0.001605492 0.997986794 -2.399549007
0.996970832 0.044930264 -0.063485935 2.602249622 -0.044945240 0.998988748 0.001193004 -0.041543860 0.063475341 0.001664000 0.997982025 -2.399967432
0.996966839 0.045020927 -0.063484028 2.602113962 -0.045034666 0.998984694 0.001215236 -0.041544378 0.063474283 0.001647432 0.997982144 -2.400095224
0.996953905 0.045395132 -0.063420735 2.602251291 -0.045405205 0.998967826 0.001283152 -0.041579753 0.063413523 0.001600388 0.997986078 -2.400196552
0.996982276 0.044634376 -0.063514896 2.602109671 -0.044650357 0.999001980 0.001168437 -0.041254524 0.063503660 0.001671051 0.997980177 -2.399713516
0.996978283 0.044815190 -0.063449547 2.602174282 -0.044828981 0.998993933 0.001206980 -0.041432410 0.063439801 0.001641046 0.997984290 -2.399931431
0.996974409 0.044881560 -0.063463680 2.602188110 -0.044897892 0.998990893 0.001169535 -0.041549534 0.063452132 0.001683389 0.997983456 -2.400076866
0.996996760 0.044701859 -0.063239507 2.602149248 -0.044717804 0.998999000 0.001163951 -0.041848872 0.063228227 0.001667476 0.997997701 -2.400442600
0.996995568 0.044695262 -0.063263059 2.602169037 -0.044710528 0.998999298 0.001175042 -0.041912746 0.063252270 0.001657012 0.997996211 -2.400565147
0.996972740 0.044896916 -0.063479081 2.602089167 -0.044917993 0.998990059 0.001095752 -0.041329492 0.063464165 0.001758918 0.997982562 -2.399980545
0.996976972 0.044743143 -0.063521765 2.602145910 -0.044764787 0.998996973 0.001083203 -0.041371927 0.063506521 0.001763610 0.997979879 -2.399987459
0.996992230 0.044700284 -0.063311368 2.602235794 -0.044723798 0.998998821 0.001046390 -0.041435856 0.063294753 0.001788282 0.997993290 -2.399882555
0.996993780 0.044669032 -0.063309439 2.602272987 -0.044691771 0.999000251 0.001057670 -0.041457374 0.063293390 0.001774920 0.997993410 -2.399945259
0.996976256 0.044790808 -0.063499160 2.602118731 -0.044811759 0.998994827 0.001094942 -0.041263063 0.063484378 0.001753879 0.997981310 -2.399966002
0.996973038 0.044851214 -0.063506588 2.602138519 -0.044866510 0.998992264 0.001185986 -0.041341521 0.063495785 0.001666923 0.997980714 -2.400039434
