1.000000000 0.000000000 0.000000000 0.000000000 0.000000000 1.000000000 0.000000000 0.000000000 0.000000000 0.000000000 1.000000000 -0.000000119
0.999996245 -0.002736084 0.000015777 -0.000814713 0.002735780 0.999943972 0.010223847 0.024190443 -0.000043750 -0.010223765 0.999947727 0.006708795
0.999990642 -0.004281301 0.000636351 -0.002271978 0.004269745 0.999843478 0.017168814 0.050786812 -0.000709756 -0.017165935 0.999852419 0.015035135
0.999960184 -0.008911051 -0.000427743 -0.002956575 0.008918416 0.999707520 0.022479145 0.075655550 0.000227305 -0.022482065 0.999747217 0.023219343
0.999932826 -0.011518576 -0.001302080 -0.003906867 0.011548516 0.999595940 0.025971822 0.100342743 0.001002395 -0.025985114 0.999661803 0.030461116
0.999931693 -0.011461858 -0.002278759 -0.004635144 0.011526519 0.999460876 0.030742208 0.122806437 0.001925167 -0.030766374 0.999524772 0.037054807
0.999947965 -0.009887227 -0.002507848 -0.005310038 0.009971500 0.999295771 0.036173053 0.143936425 0.002148430 -0.036196180 0.999342382 0.042518605
0.999984622 -0.005155793 -0.002043403 -0.006449513 0.005240490 0.999023318 0.043873757 0.163914844 0.001815203 -0.043883793 0.999035001 0.047403611
0.999984145 -0.003757057 -0.004199626 -0.007362423 0.003982176 0.998481274 0.054948132 0.181897059 0.003986805 -0.054963987 0.998480380 0.050891038
0.999994040 0.000158203 -0.003454762 -0.008431586 0.000083239 0.997562766 0.069775194 0.198294833 0.003457380 -0.069775060 0.997556746 0.054372430
0.999986827 0.000069878 -0.005137636 -0.009015760 0.000381299 0.996141195 0.087764412 0.209884599 0.005123944 -0.087765217 0.996128023 0.054442916
0.999982059 0.000766290 -0.005943058 -0.009165992 -0.000137870 0.994469285 0.105027571 0.216540664 0.005990670 -0.105024859 0.994451523 0.055776924
0.999967217 -0.001157587 -0.008017661 -0.010046548 0.002095221 0.993017852 0.117945559 0.214884609 0.007825147 -0.117958494 0.992987692 0.054207172
0.999938071 -0.001984291 -0.010949587 -0.011231977 0.003314015 0.992426634 0.122794293 0.205560565 0.010623001 -0.122822978 0.992371738 0.049911406
0.999934137 -0.001221138 -0.011411251 -0.011761398 0.002589651 0.992686331 0.120694362 0.187327236 0.011180407 -0.120715968 0.992624104 0.044656146
0.999962986 0.001346782 -0.008494869 -0.012646347 -0.000377460 0.993584514 0.113091350 0.161773622 0.008592680 -0.113083959 0.993548274 0.037725847
0.999951661 0.009581704 -0.002195300 -0.013695285 -0.009302441 0.994565666 0.103694744 0.130865455 0.003176942 -0.103669308 0.994606733 0.029964587
0.999870479 0.015415909 0.004628325 -0.013552491 -0.015771197 0.995783746 0.090365842 0.096031882 -0.003215740 -0.090427130 0.995897889 0.023322927
0.999728918 0.018674372 0.013906904 -0.012686433 -0.019660128 0.997027934 0.074490249 0.056144748 -0.012474514 -0.074743465 0.997124791 0.014449035
0.999351501 0.026179286 0.024722112 -0.013002598 -0.027582070 0.997922778 0.058218263 0.020435609 -0.023146646 -0.058862396 0.997997701 0.006529051
0.999119103 0.030281691 0.029051384 -0.013972805 -0.031531200 0.998552978 0.043562509 -0.019012038 -0.027690200 -0.044440158 0.998628199 -0.004480102
0.999016821 0.033130337 0.029457975 -0.015475861 -0.033984315 0.999002159 0.028977640 -0.052955434 -0.028468542 -0.029950257 0.999145925 -0.011734361
0.999085665 0.032643549 0.027608063 -0.016843073 -0.033095278 0.999323070 0.016066680 -0.088505656 -0.027064901 -0.016965685 0.999489725 -0.022236636
0.999133706 0.030514503 0.028296130 -0.017841375 -0.030606644 0.999527514 0.002828909 -0.118106648 -0.028196437 -0.003692508 0.999595582 -0.027333574
0.999259114 0.024982344 0.029275643 -0.017197413 -0.024610303 0.999612570 -0.013000458 -0.147516400 -0.029589081 0.012270344 0.999486804 -0.035449170
0.999348164 0.020185379 0.029929260 -0.017677587 -0.019324547 0.999399006 -0.028777804 -0.174830601 -0.030492162 0.028180677 0.999137640 -0.045494318
0.999430120 0.015713220 0.029874703 -0.016724275 -0.014308527 0.998808086 -0.046665519 -0.196271822 -0.030572360 0.046211466 0.998463750 -0.051189218
0.999418914 0.017566038 0.029211391 -0.015831182 -0.015727276 0.997950554 -0.062027216 -0.210541576 -0.030241095 0.061531760 0.997646868 -0.057455450
0.999381721 0.018048810 0.030173231 -0.014296932 -0.015808588 0.997213781 -0.072902635 -0.217347756 -0.031404968 0.072380558 0.996882558 -0.059396394
0.999156475 0.022693643 0.034225117 -0.013471263 -0.020088630 0.997009218 -0.074626133 -0.220021114 -0.035816293 0.073875651 0.996624112 -0.062435109
0.998920977 0.028240278 0.036869895 -0.012962993 -0.025611229 0.997223139 -0.069928750 -0.210837483 -0.038742322 0.068909004 0.996870399 -0.062401921
0.998673260 0.033250261 0.039321721 -0.012440429 -0.030876089 0.997749686 -0.059517078 -0.193518937 -0.041212194 0.058224015 0.997452497 -0.058897000
0.998676181 0.030940492 0.041092131 -0.011525423 -0.028993163 0.998466074 -0.047168389 -0.172137439 -0.042488512 0.045914553 0.998041391 -0.052050691
0.998819530 0.028290680 0.039486669 -0.011457066 -0.026958687 0.999062657 -0.033867091 -0.145606384 -0.040407777 0.032762602 0.998646021 -0.046047382
0.998995721 0.023407547 0.038204562 -0.009239776 -0.022518309 0.999469221 -0.023542443 -0.116114683 -0.038735356 0.022658499 0.998992562 -0.037105266
0.998944044 0.027463198 0.036830947 -0.004743086 -0.026857942 0.999497592 -0.016828708 -0.082711533 -0.037274614 0.015821736 0.999179780 -0.022801613
0.999135256 0.023881268 0.034035470 -0.002468896 -0.023431167 0.999633431 -0.013562607 -0.050745483 -0.034346890 0.012753388 0.999328613 -0.013110554
0.999335825 0.023365449 0.027963525 -0.001096619 -0.023087602 0.999681234 -0.010218013 -0.019470157 -0.028193360 0.009565616 0.999556720 -0.004505814
0.999413133 0.022332013 0.025974408 -0.000875681 -0.022203710 0.999739826 -0.005217650 0.012128840 -0.026084170 0.004637859 0.999648988 0.003781373
0.999583244 0.018117357 0.022473097 0.000307707 -0.018202744 0.999827862 0.003600726 0.047864035 -0.022403993 -0.004008297 0.999740958 0.012563339
0.999530792 0.015133328 0.026629528 0.000344158 -0.015611797 0.999718726 0.017852373 0.078038640 -0.026351871 -0.018259734 0.999485970 0.020800712
0.999470651 0.011642737 0.030378794 0.000479754 -0.012668608 0.999348402 0.033798251 0.107858554 -0.029965496 -0.034165215 0.998966873 0.027957710
0.999361396 0.011702055 0.033761587 0.000357203 -0.013422938 0.998598039 0.051203702 0.132798627 -0.033115063 -0.051624183 0.998117387 0.035553705
0.999375641 0.012748873 0.032950487 -0.000272594 -0.014981445 0.997543991 0.068421729 0.154122159 -0.031997260 -0.068872653 0.997112215 0.040774800
0.999504805 0.011737247 0.029196268 -0.001668533 -0.014134002 0.996425211 0.083288513 0.169034198 -0.028114321 -0.083659925 0.996097684 0.043619532
0.999563754 0.013668559 0.026181059 -0.003507790 -0.016063817 0.995482266 0.093579136 0.179487929 -0.024783688 -0.093958877 0.995267570 0.044242620
0.999635160 0.013218677 0.023553664 -0.004637087 -0.015536852 0.994752347 0.101125404 0.178851381 -0.022093320 -0.101454467 0.994594812 0.043586809
0.999669611 0.014331054 0.021337019 -0.006398732 -0.016454130 0.994555175 0.102904268 0.169364512 -0.019746115 -0.103221349 0.994462371 0.040830690
0.999732971 0.012755788 0.019267611 -0.008325759 -0.014581212 0.995101035 0.097781770 0.151380628 -0.017925937 -0.098036610 0.995021343 0.035970788
0.999751031 0.012655172 0.018377323 -0.010201640 -0.014174636 0.996275485 0.085054256 0.127750799 -0.017232500 -0.085293569 0.996206820 0.029301373
0.999737382 0.012755292 0.019040182 -0.012861274 -0.014060322 0.997443736 0.070059396 0.099774085 -0.018097881 -0.070308708 0.997361124 0.021922925
0.999625802 0.016531257 0.021794260 -0.013392741 -0.017753446 0.998208761 0.057132337 0.069282450 -0.020810753 -0.057497878 0.998128712 0.013076567
0.999530137 0.017282043 0.025314674 -0.014108661 -0.018456474 0.998728156 0.046919011 0.037607454 -0.024471622 -0.047364183 0.998577893 0.005206852
0.999289989 0.021431748 0.030987946 -0.013962837 -0.022678539 0.998923779 0.040459443 0.005505464 -0.030087480 -0.041133475 0.998700559 -0.002954214
0.999107718 0.021378716 0.036424786 -0.014400668 -0.022683891 0.999101341 0.035803750 -0.026866512 -0.035626613 -0.036598057 0.998694837 -0.011470687
0.999041975 0.020275949 0.038782224 -0.013756950 -0.021475969 0.999295413 0.030780382 -0.058460731 -0.038130797 -0.031583779 0.998773515 -0.021140803
0.998945713 0.016412025 0.042873211 -0.012412569 -0.017453613 0.999558747 0.024034282 -0.090891279 -0.042459846 -0.024757234 0.998791397 -0.029171400
0.998718798 0.011413904 0.049299825 -0.010586441 -0.012140302 0.999821723 0.014460049 -0.122473776 -0.049125988 -0.015040037 0.998679340 -0.036906049
0.998259246 0.006778509 0.058587454 -0.009245838 -0.006870041 0.999975502 0.001361025 -0.155586153 -0.058576792 -0.001761154 0.998281360 -0.044979773
0.997889638 0.002013571 0.064901859 -0.007463782 -0.001054967 0.999889910 -0.014800945 -0.185052127 -0.064924523 0.014701240 0.997781873 -0.052773207
0.997649610 0.002016299 0.068492152 -0.005572077 0.000160542 0.999495447 -0.031761985 -0.210823730 -0.068521641 0.031698328 0.997145951 -0.060115371
0.997458756 0.000345864 0.071245551 -0.001608979 0.003144052 0.998800397 -0.048866361 -0.230144784 -0.071176991 0.048966177 0.996261060 -0.066362374
0.997468770 0.003140470 0.071036391 -0.000713141 0.001108529 0.998215973 -0.059696026 -0.242410168 -0.071097128 0.059623666 0.995685816 -0.071032211
0.997324467 0.005274189 0.072911546 0.000438415 -0.000586863 0.997939408 -0.064160332 -0.248882204 -0.073099703 0.063945875 0.995272517 -0.072908096
0.996991754 0.009872791 0.076876000 0.001588356 -0.004913152 0.997909606 -0.064438589 -0.246019885 -0.077351481 0.063867040 0.994956136 -0.071859792
0.996870995 0.013784206 0.077834539 0.002139731 -0.008949791 0.998028457 -0.062122084 -0.235453159 -0.078537382 0.061231099 0.995028973 -0.068234362
0.996978164 0.015285216 0.076163642 0.002396426 -0.010855107 0.998243392 -0.058243837 -0.218207985 -0.076920114 0.057241071 0.995392740 -0.062352881
0.997110009 0.015219911 0.074430950 0.002877309 -0.011196959 0.998468876 -0.054171119 -0.196284398 -0.075141467 0.053181168 0.995753765 -0.054485574
0.997213721 0.016282871 0.072799012 0.004239637 -0.012691490 0.998692214 -0.049526062 -0.169826269 -0.073510230 0.048464138 0.996116221 -0.045374829
0.997572064 0.014390304 0.068138659 0.006017506 -0.011347002 0.998929679 -0.044841643 -0.140795648 -0.068711013 0.043959599 0.996667624 -0.035424266
0.997817099 0.018054288 0.063522525 0.007913157 -0.015623224 0.999134064 -0.038561657 -0.108820364 -0.064163722 0.037485056 0.997235119 -0.025465081
0.997980416 0.019268855 0.060529470 0.009445284 -0.017341584 0.999330819 -0.032205768 -0.075860254 -0.061109535 0.031091049 0.997646689 -0.014486556
0.997937977 0.022975372 0.059932556 0.011398325 -0.021591539 0.999487460 -0.023636209 -0.041917771 -0.060444888 0.022293435 0.997922540 -0.004100165
0.997479558 0.027337801 0.065476641 0.011925699 -0.026607435 0.999573946 -0.012000926 -0.008121424 -0.065776825 0.010228513 0.997781932 0.002953533
0.997951448 0.023407768 0.059540011 0.012905927 -0.023756061 0.999704540 0.005148496 0.025505869 -0.059401907 -0.006552384 0.998212636 0.014391561
0.998303413 0.015588080 0.056101099 0.013023528 -0.017099192 0.999501050 0.026557066 0.057332821 -0.055659130 -0.027471293 0.998071849 0.022589853
0.998622477 0.007685118 0.051904526 0.013497815 -0.010257687 0.998722434 0.049480420 0.086908050 -0.051457953 -0.049944680 0.997425497 0.028161509
0.998750687 -0.000161113 0.049970504 0.014268781 -0.003329020 0.997558773 0.069752760 0.115220658 -0.049859751 -0.069831975 0.996311963 0.039996717
0.998751879 -0.000946398 0.049937680 0.014340653 -0.003299434 0.996386409 0.084871672 0.139732480 -0.049837552 -0.084930502 0.995139718 0.045331035
0.998677373 0.004926254 0.051178377 0.014835605 -0.009777352 0.995431602 0.094975121 0.160766274 -0.050476704 -0.095349900 0.994163215 0.049440518
0.998757958 0.011460181 0.048488989 0.014620584 -0.016318526 0.994750798 0.101017438 0.177671149 -0.047076784 -0.101683237 0.993702292 0.051779091
0.998968363 0.015038400 0.042848915 0.012405807 -0.019423075 0.994405985 0.103824429 0.189521864 -0.041047864 -0.104549579 0.993672192 0.050835922
0.999218047 0.017298765 0.035552807 0.010689502 -0.020909384 0.994374871 0.103833623 0.194446608 -0.033556625 -0.104495816 0.993959069 0.050033666
0.999417722 0.017100129 0.029527055 0.009243182 -0.020085603 0.994377613 0.103969812 0.191739872 -0.027583146 -0.104502335 0.994142056 0.048170749
0.999514997 0.017866749 0.025506817 0.007969092 -0.020435747 0.994336247 0.104296729 0.181907386 -0.023498908 -0.104767397 0.994219065 0.045475360
0.999519229 0.019401193 0.024185952 0.007125451 -0.021815140 0.994347632 0.103908345 0.165406644 -0.022033297 -0.104386002 0.994292736 0.041753538
0.999522328 0.019457828 0.024010517 0.007182544 -0.021786917 0.994658172 0.100898407 0.142795056 -0.021918993 -0.101373322 0.994606972 0.038337588
0.999507487 0.019770671 0.024371058 0.006254559 -0.022039130 0.995076478 0.096628748 0.117344469 -0.022340652 -0.097118266 0.995022058 0.032777660
0.999376416 0.022824667 0.026939897 0.005639139 -0.025239192 0.995347679 0.092983827 0.088181056 -0.024692239 -0.093605787 0.995303094 0.027184622
0.998968303 0.029289842 0.034704551 0.005946733 -0.032275263 0.995522559 0.088843323 0.056091521 -0.031946957 -0.089871757 0.995440841 0.021288367
0.998465419 0.035566270 0.042448428 0.005629871 -0.038969532 0.995850205 0.082242280 0.020779608 -0.039347220 -0.083770260 0.995707989 0.011063061
0.998236477 0.037413526 0.046089005 0.005831269 -0.040678028 0.996570587 0.072057761 -0.015050868 -0.043235015 -0.073805489 0.996335030 0.003989460
0.998144746 0.035742678 0.049290378 0.005407207 -0.038634896 0.997508287 0.059029743 -0.052189708 -0.047057677 -0.060824558 0.997038603 -0.001830802
0.997959137 0.034022361 0.054037668 0.005243390 -0.036284871 0.998481274 0.041454896 -0.089269452 -0.052545205 -0.043331042 0.997678041 -0.008928866
0.997595131 0.031833567 0.061568029 0.003881418 -0.033154204 0.999238968 0.020548547 -0.126452044 -0.060867041 -0.022540370 0.997891366 -0.018027412
0.997189760 0.031990781 0.067743704 0.003479525 -0.031972110 0.999487817 -0.001360032 -0.160241053 -0.067752510 -0.000809700 0.997701824 -0.026129039
0.996675193 0.031270389 0.075238079 0.002981729 -0.029735116 0.999327838 -0.021440186 -0.190370679 -0.075857952 0.019131687 0.996935070 -0.034189314
0.996412158 0.031558819 0.078529119 0.002477885 -0.028642656 0.998867631 -0.037988327 -0.217663229 -0.079639062 0.035602748 0.996187747 -0.042844426
0.996505141 0.025965171 0.079393446 0.004566447 -0.021870183 0.998406529 -0.052019984 -0.240397289 -0.080617636 0.050101832 0.995485127 -0.047496278
0.996647596 0.023242248 0.078443721 0.003450576 -0.018442536 0.997944951 -0.061365992 -0.257843584 -0.079708800 0.059713565 0.995028019 -0.054531388
0.996604264 0.016958460 0.080575250 0.001937990 -0.011670424 0.997774363 -0.065651953 -0.268326133 -0.081509270 0.064488664 0.994584084 -0.063832022
0.996352732 0.014369803 0.084111400 0.001846874 -0.008908787 0.997849107 -0.064944841 -0.271589339 -0.084863730 0.063958637 0.994337678 -0.065072618
0.996073425 0.011879290 0.087730177 0.000926374 -0.006487712 0.998086751 -0.061487671 -0.268772274 -0.088292755 0.060677070 0.994244754 -0.062360507
0.996037543 0.010906545 0.088262312 0.000735266 -0.005888510 0.998361647 -0.056915566 -0.259207547 -0.088738464 0.056170307 0.994469881 -0.058159415
0.995611250 0.009577769 0.093094140 0.001200123 -0.004811991 0.998672545 -0.051283389 -0.243944153 -0.093461737 0.050610349 0.994335711 -0.051786330
0.995066762 0.010418025 0.098659173 0.002652968 -0.005991804 0.998966575 -0.045054231 -0.224240705 -0.099026591 0.044240821 0.994100869 -0.043777030
0.994355977 0.016543109 0.104797706 0.005060849 -0.012545068 0.999172330 -0.038695060 -0.201164186 -0.105351105 0.037161969 0.993740499 -0.034574181
0.993739903 0.022122050 0.109506324 0.007938068 -0.018583139 0.999274850 -0.033232808 -0.176561013 -0.110162094 0.030989796 0.993430376 -0.025075871
0.993237019 0.030919412 0.111911811 0.010649381 -0.028031467 0.999234498 -0.027288044 -0.150439635 -0.112669878 0.023966445 0.993343413 -0.015680846
0.993012667 0.034892246 0.112731270 0.013285725 -0.032803282 0.999255002 -0.020333074 -0.124503464 -0.113356747 0.016493045 0.993417442 -0.006328206
0.993410289 0.040032290 0.107393533 0.013224361 -0.039110616 0.999177873 -0.010675598 -0.099110961 -0.107732609 0.006405022 0.994159281 -0.000241202
0.993879735 0.042389087 0.102011248 0.015841244 -0.042568266 0.999093473 -0.000420788 -0.072027974 -0.101936609 -0.003924228 0.994783163 0.005371710
0.994953573 0.043571811 0.090382166 0.017253576 -0.044781301 0.998931825 0.011396533 -0.047599114 -0.089789055 -0.015386451 0.995841920 0.008042614
0.996110380 0.042402413 0.077240989 0.018247982 -0.044381227 0.998724341 0.024084125 -0.025855673 -0.076121226 -0.027418494 0.996721506 0.008554087
0.997198939 0.037874956 0.064496420 0.018697005 -0.040403586 0.998446703 0.038363177 -0.007784645 -0.062943228 -0.040861603 0.997180283 0.009456836
0.998126805 0.032346629 0.051928110 0.018482281 -0.035117507 0.997957349 0.053365462 0.006876118 -0.050095849 -0.055089086 0.997223973 0.006741975
0.998697937 0.026300326 0.043711983 0.018440941 -0.029294655 0.997163177 0.069335602 0.018142724 -0.041764431 -0.070525847 0.996635258 0.003403047
0.999279499 0.016467785 0.034194600 0.019330675 -0.019336691 0.996164322 0.085339144 0.024575796 -0.032658096 -0.085938871 0.995765030 0.002190072
0.999597847 0.009655137 0.026664227 0.018705165 -0.012375716 0.994518101 0.103829429 0.029355820 -0.025515571 -0.104117662 0.994237661 -0.002456953
0.999766469 0.004063490 0.021225689 0.018077580 -0.006634614 0.992445588 0.122505926 0.031659007 -0.020567542 -0.122618146 0.992240787 -0.008392114
0.999770463 -0.000721053 0.021412862 0.017767720 -0.002364527 0.989614964 0.143724352 0.032476600 -0.021294123 -0.143741995 0.989386082 -0.012913289
0.999603748 -0.005721749 0.027561989 0.017386300 0.001009766 0.985782623 0.168022543 0.032022495 -0.028131511 -0.167928129 0.985397756 -0.017174708
0.999127805 -0.008108337 0.040962104 0.017213518 0.000064902 0.981266379 0.192655966 0.034202173 -0.041756857 -0.192485258 0.980411053 -0.017454829
0.998487115 -0.013344388 0.053342488 0.016165221 0.001612092 0.976792276 0.214182764 0.033201445 -0.054962669 -0.213772744 0.975336015 -0.019852979
0.997817397 -0.019141458 0.063198596 0.014219672 0.003893544 0.972454250 0.233061314 0.031125693 -0.065918878 -0.232306570 0.970406294 -0.023827795
0.997423828 -0.024859227 0.067288660 0.011588853 0.007254764 0.968180358 0.250148296 0.029534243 -0.071366049 -0.249015689 0.965866506 -0.027890671
0.997270703 -0.028640192 0.068050943 0.009195720 0.009320345 0.963158906 0.268771410 0.028919904 -0.073241539 -0.267403603 0.960797071 -0.032592479
0.997022271 -0.034822199 0.068804123 0.007461249 0.013539962 0.957427502 0.288356096 0.028584337 -0.075916149 -0.286565870 0.955048025 -0.037183095
0.996776342 -0.040112466 0.069482781 0.006554268 0.016770557 0.951084018 0.308476865 0.029036773 -0.078457735 -0.306317210 0.948690772 -0.042384215
0.996540844 -0.046462893 0.068902329 0.007079876 0.021353053 0.944427848 0.328024596 0.029137000 -0.080314249 -0.325418621 0.942153037 -0.048446406
0.996534228 -0.047275979 0.068443097 0.007393084 0.020699430 0.937850773 0.346420944 0.030445265 -0.080566801 -0.343803585 0.935579002 -0.054598089
0.996619880 -0.046281923 0.067873515 0.008577954 0.018603560 0.931886017 0.362273872 0.031290926 -0.080017112 -0.359786630 0.929597139 -0.060924657
0.996876597 -0.044774316 0.065055884 0.010713006 0.017192867 0.927037239 0.374574840 0.031193441 -0.077080555 -0.372286379 0.924911559 -0.066010579
0.997111440 -0.043699861 0.062121429 0.013926684 0.016720604 0.924132347 0.381706446 0.029983144 -0.074088939 -0.379565150 0.922193646 -0.069571927
0.997065842 -0.045313057 0.061696451 0.018396469 0.018279430 0.923597693 0.382927090 0.027793549 -0.074334294 -0.380675763 0.921715975 -0.071318045
0.997196138 -0.045034088 0.059764259 0.023226082 0.019130081 0.925521255 0.378212094 0.025578005 -0.072345532 -0.376008332 0.923787773 -0.072024852
0.997416377 -0.046075914 0.055114668 0.027461236 0.022387806 0.928375661 0.370968223 0.023679651 -0.068259813 -0.368775904 0.927008629 -0.071745157
0.997629106 -0.045676015 0.051477015 0.032080401 0.023914026 0.931465864 0.363041997 0.021967165 -0.064531393 -0.360950232 0.930349708 -0.070291772
0.997807264 -0.043609709 0.049787745 0.035755847 0.023081349 0.934286594 0.355774850 0.021444485 -0.062031262 -0.353845567 0.933244586 -0.068478361
0.998126686 -0.038867943 0.047248084 0.037812863 0.019882215 0.936420441 0.350316197 0.021166425 -0.057860140 -0.348720580 0.935439050 -0.066383258
0.998418391 -0.035658631 0.043465331 0.038791098 0.018441673 0.938065052 0.345968038 0.020840634 -0.053110056 -0.344619244 0.937238991 -0.064249977
0.998791575 -0.029032916 0.039654657 0.039793372 0.013645002 0.938954771 0.343769968 0.020075317 -0.047214575 -0.342813432 0.938216269 -0.061909687
0.998963177 -0.026244786 0.037199568 0.040716920 0.011806737 0.938503861 0.345066845 0.019107912 -0.043968145 -0.344269872 0.937840641 -0.059465233
0.999127328 -0.022079293 0.035455480 0.042220443 0.008296864 0.936858892 0.349609107 0.018099355 -0.040935904 -0.349009842 0.936224520 -0.057190672
0.999204993 -0.018942293 0.035079718 0.044937368 0.005291549 0.935142219 0.354233056 0.017331881 -0.039514512 -0.353765815 0.934498966 -0.054692909
0.999279678 -0.017832816 0.033498492 0.048990056 0.004701791 0.934091270 0.357003331 0.016481105 -0.037657026 -0.356588662 0.933502257 -0.052003227
0.999236107 -0.019299841 0.033981059 0.054540727 0.005824471 0.933377981 0.358847678 0.015647640 -0.038642872 -0.358375609 0.932777405 -0.048993241
0.999161005 -0.021737691 0.034709252 0.062311135 0.007784166 0.932861090 0.360152185 0.014753652 -0.040207788 -0.359579861 0.932247639 -0.045684058
0.999030769 -0.024100842 0.036832877 0.071949847 0.009153137 0.932238817 0.361727774 0.013766465 -0.043054983 -0.361040056 0.931555867 -0.042092431
0.998894870 -0.026954692 0.038503371 0.082880720 0.011135169 0.931605637 0.363300115 0.012798460 -0.045662597 -0.362469882 0.930876195 -0.038638178
0.998728216 -0.031253815 0.039562073 0.095303513 0.014649795 0.930721045 0.365436405 0.011668283 -0.048242535 -0.364392072 0.929995179 -0.035495408
0.998554289 -0.035849206 0.040052183 0.109636664 0.018643750 0.929851711 0.367461860 0.010544063 -0.050415806 -0.366183877 0.929175735 -0.032949530
0.998357177 -0.039875932 0.041144695 0.125643611 0.021920945 0.929280758 0.368723214 0.009266715 -0.052938152 -0.367215514 0.928628206 -0.030671937
0.998073161 -0.042653766 0.045061961 0.141895503 0.023125071 0.929634094 0.367757589 0.006812749 -0.057577386 -0.366006941 0.928829253 -0.031743564
0.997698188 -0.047253832 0.048635248 0.160149947 0.026375636 0.931163073 0.363647789 0.004794654 -0.062471095 -0.361527950 0.930266023 -0.029238101
0.997184694 -0.052568547 0.053471312 0.179687679 0.030035505 0.933418989 0.357528776 0.002448408 -0.068705909 -0.354916185 0.932370067 -0.026429508
0.996513367 -0.059110247 0.058882054 0.198588803 0.034798786 0.935885429 0.350581676 0.000037899 -0.075829826 -0.347310275 0.934679329 -0.023626879
0.995775402 -0.064102262 0.065743417 0.217351720 0.037534006 0.937598407 0.345688403 -0.001799276 -0.083800331 -0.341760397 0.936043441 -0.021020090
0.995017290 -0.069393143 0.071590453 0.235749409 0.040661830 0.938048780 0.344109178 -0.002886972 -0.091034144 -0.339483559 0.936196387 -0.018896768
0.994256914 -0.073161408 0.078106128 0.252818346 0.041845933 0.937497675 0.345466495 -0.002081134 -0.098499127 -0.340214014 0.935175061 -0.018577220
0.993307292 -0.076642431 0.086409539 0.270058095 0.041461781 0.934864044 0.352576405 -0.001037365 -0.107803479 -0.346634001 0.931784987 -0.017022207
0.992247522 -0.079263493 0.095719248 0.287243068 0.039363321 0.930998325 0.362894863 0.001047798 -0.117878780 -0.356313676 0.926900804 -0.015987059
0.991108418 -0.085249320 0.102159917 0.301799983 0.041405663 0.927275121 0.372083962 0.002550147 -0.126450256 -0.364545524 0.922559977 -0.014325218
0.990705848 -0.088438526 0.103346914 0.314340264 0.043045104 0.924575210 0.378560215 0.004455234 -0.129031301 -0.370593220 0.919788897 -0.012833841
0.990605950 -0.088096157 0.104589134 0.325557739 0.041735802 0.923115849 0.382250220 0.006440414 -0.130222663 -0.374294251 0.918120861 -0.011451216
0.990752459 -0.087283678 0.103880182 0.334376097 0.041141577 0.922829032 0.383006543 0.008354369 -0.129293859 -0.375190884 0.917886138 -0.009700645
0.990876913 -0.087774575 0.102267072 0.341362387 0.042460606 0.923505425 0.381228030 0.010040484 -0.127906322 -0.373407722 0.918807209 -0.008680286
0.991054475 -0.088995606 0.099452399 0.346248537 0.045100302 0.924691558 0.378036410 0.011052171 -0.125606373 -0.370169371 0.920433402 -0.008325472
0.991388679 -0.089086518 0.095979884 0.348730713 0.046968818 0.926071584 0.374413282 0.012151082 -0.122239426 -0.366681010 0.922281146 -0.008026944
0.991336226 -0.091181383 0.094543114 0.349107206 0.049832731 0.927064061 0.371576339 0.012996743 -0.121528372 -0.363645762 0.923575997 -0.008036926
0.991215169 -0.092553966 0.094479032 0.347549528 0.051265962 0.927367926 0.370621830 0.013647906 -0.121919341 -0.362522393 0.923965991 -0.008380929
0.990970433 -0.091117844 0.098362282 0.344032109 0.048365518 0.927137971 0.371585757 0.013887852 -0.125053495 -0.363473147 0.923173308 -0.009329878
0.990840256 -0.089936920 0.100732103 0.338424861 0.046394192 0.927258790 0.371535659 0.013013424 -0.126819491 -0.363459110 0.922937870 -0.010770361
0.990855694 -0.090011075 0.100513875 0.330273092 0.046643570 0.927536786 0.370809823 0.011785302 -0.126607299 -0.362730712 0.923253536 -0.012718483
0.991100550 -0.088888779 0.099088326 0.320325643 0.046235725 0.927906513 0.369934887 0.010565321 -0.124827757 -0.362061232 0.923758447 -0.015148303
0.991485775 -0.089064524 0.094991647 0.308482021 0.047792733 0.927491248 0.370777369 0.010286891 -0.121127032 -0.363080561 0.923851013 -0.017929872
0.992187202 -0.085916072 0.090460069 0.295120537 0.046211142 0.926599383 0.373199821 0.011053124 -0.115884103 -0.366103828 0.923330307 -0.020784216
0.992735803 -0.083914489 0.086220846 0.280408323 0.045582902 0.925525308 0.375932366 0.012060559 -0.111345753 -0.369271308 0.922627151 -0.023215406
0.993215859 -0.082765967 0.081682764 0.263890624 0.046042230 0.924927235 0.377345622 0.012951994 -0.106781982 -0.371024787 0.922463119 -0.025510479
0.993754208 -0.081416763 0.076314710 0.245603189 0.046845786 0.925069034 0.376898855 0.013405742 -0.101282261 -0.370969802 0.923105240 -0.027938439
0.994358182 -0.078785077 0.071026340 0.226605877 0.046592221 0.925935090 0.374797791 0.013116819 -0.095294252 -0.369373947 0.924381912 -0.031469487
0.994985700 -0.075358547 0.065761387 0.206258029 0.045720480 0.927478075 0.371071547 0.012844339 -0.088955656 -0.366204232 0.926272810 -0.034542296
0.995617747 -0.071512640 0.060259841 0.184996724 0.044616967 0.929555178 0.365973443 0.012053911 -0.082186572 -0.361681014 0.928672254 -0.037881073
0.996265173 -0.066296808 0.055320777 0.163202614 0.041970879 0.931723356 0.360735387 0.011040565 -0.075459264 -0.357066244 0.931026101 -0.041116588
0.996696174 -0.063139558 0.051089890 0.140872493 0.040798955 0.933114290 0.357257754 0.008387348 -0.070229806 -0.353993028 0.932607472 -0.043536756
0.997035980 -0.060616702 0.047379620 0.117357172 0.039938949 0.934139907 0.354665369 0.006961552 -0.065757841 -0.351721853 0.933792055 -0.046643823
0.997364283 -0.057850387 0.043792851 0.093650579 0.038605284 0.934148252 0.354791015 0.006310122 -0.061433814 -0.352165252 0.933919430 -0.049519502
0.997820079 -0.053059090 0.039240494 0.069299161 0.035596069 0.933429778 0.356989920 0.006187672 -0.055569805 -0.354814887 0.933283687 -0.052419685
0.998174548 -0.049703214 0.034309488 0.044652916 0.033993978 0.931923866 0.361057281 0.007017995 -0.049919534 -0.359231889 0.931912303 -0.054831710
0.998543382 -0.043923926 0.031333514 0.020061973 0.029575029 0.931309998 0.363024801 0.009164428 -0.045126691 -0.361569315 0.931252480 -0.057929527
0.998772800 -0.039659549 0.029665224 -0.003766552 0.026171301 0.931144059 0.363711149 0.010222623 -0.042047217 -0.362488419 0.931039333 -0.060031272
0.998908222 -0.037949517 0.027242718 -0.026371965 0.025533909 0.931878865 0.361869901 0.012299142 -0.039119698 -0.360779196 0.931830466 -0.061194587
0.999049008 -0.036527492 0.023806993 -0.051493242 0.025540557 0.932817876 0.359441906 0.012998886 -0.035337098 -0.358492047 0.932863772 -0.063933805
0.999185622 -0.033948902 0.021807475 -0.075321347 0.023942681 0.933874965 0.356797308 0.014959605 -0.032478333 -0.355984598 0.933927238 -0.065453462
0.999323845 -0.031307817 0.019278869 -0.098456860 0.022449508 0.934817672 0.354417652 0.016323045 -0.029118273 -0.353745192 0.934888482 -0.067834459
0.999432325 -0.029158959 0.016876534 -0.121465258 0.021325430 0.935326457 0.353142589 0.018422714 -0.026082337 -0.352582186 0.935417295 -0.069653749
0.999570012 -0.027243955 0.010842150 -0.145022407 0.021643551 0.934984326 0.354028106 0.020449782 -0.019782366 -0.353641212 0.935171962 -0.071602412
0.999702871 -0.024160406 0.003224030 -0.166355371 0.021410560 0.933636904 0.357580334 0.023505757 -0.011649359 -0.357405096 0.933876812 -0.073116444
0.999780476 -0.020528615 -0.004194766 -0.185927600 0.020648606 0.931328118 0.363595337 0.026589440 -0.003557403 -0.363602132 0.931547523 -0.074777752
0.999771953 -0.017317370 -0.012498268 -0.203843728 0.020710353 0.929022253 0.369443834 0.029972373 0.005213373 -0.369618416 0.929168999 -0.075877704
0.999628723 -0.016034003 -0.022029590 -0.220459044 0.023095060 0.927615881 0.372820795 0.033119444 0.014457188 -0.373191178 0.927641809 -0.077549130
0.999414742 -0.014449694 -0.031006433 -0.235245362 0.024953283 0.927953660 0.371859372 0.035453584 0.023399279 -0.372415423 0.927771091 -0.078562282
0.999237120 -0.012399800 -0.037032489 -0.247675523 0.025131207 0.929994702 0.366712809 0.036442876 0.029892853 -0.367363751 0.929596841 -0.080011629
0.999023199 -0.010869311 -0.042831104 -0.257607639 0.025585117 0.932559490 0.360108554 0.036948405 0.036028419 -0.360852659 0.931926668 -0.081060767
0.998761892 -0.010657708 -0.048591275 -0.264649212 0.027182855 0.934981704 0.353652805 0.036390550 0.041662823 -0.354535788 0.934113801 -0.081588924
0.998629808 -0.009817412 -0.051401984 -0.269036740 0.027212935 0.936414003 0.349840283 0.035507239 0.044699017 -0.350759745 0.935398102 -0.083736397
0.998655140 -0.008005229 -0.051223479 -0.269483268 0.025389604 0.936938167 0.348571688 0.035141312 0.045202836 -0.349403471 0.935881376 -0.085007988
0.998779893 -0.005668067 -0.049056556 -0.266711742 0.022519033 0.936369538 0.350292653 0.034704842 0.043949585 -0.350970000 0.935354769 -0.086522341
0.998970747 -0.005748004 -0.044993058 -0.260772467 0.021263374 0.935536981 0.352588207 0.033967942 0.040065989 -0.353181988 0.934696317 -0.087424800
0.999223411 -0.004975772 -0.039087642 -0.251245499 0.018484218 0.935264230 0.353467345 0.033754144 0.034798499 -0.353915334 0.934629917 -0.088349409
0.999493480 -0.005892037 -0.031274565 -0.239687696 0.016567044 0.935387373 0.353236377 0.032729480 0.027172551 -0.353575587 0.935011208 -0.089347199
0.999692321 -0.005478899 -0.024192337 -0.225706279 0.013627576 0.936240554 0.351095289 0.031183738 0.020726234 -0.351316959 0.936027169 -0.090556294
0.999848366 -0.005403955 -0.016554670 -0.209617808 0.010832001 0.937342763 0.348240137 0.029471200 0.013635526 -0.348366678 0.937259197 -0.091657065
0.999925673 -0.005959809 -0.010635342 -0.192008838 0.009266500 0.938426316 0.345355183 0.027635625 0.007922234 -0.345428079 0.938411772 -0.092759341
0.999963403 -0.007623626 -0.003886969 -0.172783092 0.008495301 0.938994050 0.343828499 0.026065053 0.001028621 -0.343848944 0.939024448 -0.093182951
0.999954522 -0.009295938 0.002138670 -0.152439311 0.007991097 0.938813269 0.344333887 0.024924787 -0.005208718 -0.344301105 0.938844800 -0.093315616
0.999885440 -0.013153261 0.007489180 -0.131055817 0.009734867 0.937730074 0.347228467 0.024122521 -0.011590015 -0.347115755 0.937750697 -0.092883058
0.999808073 -0.017571136 0.008661825 -0.108927988 0.013392590 0.935758352 0.352387488 0.023485836 -0.014297225 -0.352203846 0.935814142 -0.091818050
0.999700904 -0.022241972 0.010167168 -0.085976318 0.017124377 0.933457494 0.358278960 0.023437018 -0.017459448 -0.357997686 0.933559239 -0.090411127
0.999608397 -0.025065534 0.012440085 -0.062366676 0.018834833 0.931461632 0.363351762 0.023380280 -0.020695068 -0.362975180 0.931568980 -0.088532172
0.999535739 -0.026287984 0.015403774 -0.038191229 0.018837485 0.930539429 0.365706891 0.023341037 -0.023947515 -0.365246922 0.930602610 -0.086662374
0.999516368 -0.027132658 0.015192742 -0.013395561 0.019708881 0.930641770 0.365400463 0.023438068 -0.024053285 -0.364924341 0.930726409 -0.084030539
0.999511003 -0.028352696 0.013184883 0.009792087 0.021614973 0.931198716 0.363870561 0.023180952 -0.022594456 -0.363407671 0.931356192 -0.081770167
0.999498963 -0.029688433 0.010975882 0.032574423 0.023688208 0.931594551 0.362726390 0.022531876 -0.020993851 -0.362284660 0.931831062 -0.079487309
0.999399066 -0.033002283 0.010601656 0.054291822 0.026911981 0.931497872 0.362749875 0.021864295 -0.021846995 -0.362246573 0.931826234 -0.076937035
0.999320865 -0.035070714 0.011305170 0.075056039 0.028549002 0.930886567 0.364191115 0.021328101 -0.023296272 -0.363621056 0.931255639 -0.074392542
0.999215484 -0.037332866 0.013217073 0.094494253 0.029893754 0.929897070 0.366603136 0.021494308 -0.025976863 -0.365920424 0.930283546 -0.071672924
0.999101698 -0.039007112 0.016560886 0.112293750 0.030145898 0.928872228 0.369171500 0.022507515 -0.029783260 -0.368340611 0.929213762 -0.068585016
0.998892188 -0.042292200 0.020634824 0.128693551 0.031557843 0.927319586 0.372937679 0.023236725 -0.034907430 -0.371873319 0.927626908 -0.064068444
0.998673856 -0.045345511 0.024377875 0.142016247 0.032945190 0.926754832 0.374219328 0.025483895 -0.039561480 -0.372919947 0.927019775 -0.060827930
0.998456359 -0.048933528 0.026276268 0.153137013 0.035553709 0.926546514 0.374496341 0.028058758 -0.042671613 -0.372984052 0.926855981 -0.056996621
0.998272300 -0.049524914 0.031617720 0.163475335 0.034199160 0.927309632 0.372729480 0.030685928 -0.047778811 -0.371004224 0.927401245 -0.052648541
0.997665107 -0.052846793 0.043260936 0.172532991 0.033391688 0.930008709 0.366017491 0.033216078 -0.059575897 -0.363718361 0.929601908 -0.047359936
0.996585548 -0.057625677 0.059131555 0.180706128 0.032987516 0.934414566 0.354656488 0.035364464 -0.075690709 -0.351494938 0.933124959 -0.041416202
0.995489180 -0.060324553 0.073227562 0.187040672 0.032205295 0.940859556 0.337262660 0.036931328 -0.089242063 -0.333382994 0.938558280 -0.035534013
0.994582713 -0.060074005 0.084831402 0.191148698 0.030325908 0.948279798 0.315983772 0.039505269 -0.099426314 -0.311699390 0.944964528 -0.032075416
0.993553102 -0.058571119 0.097065404 0.195096567 0.027372655 0.954806685 0.295964509 0.039608926 -0.110013664 -0.291399509 0.950254321 -0.027307717
0.992254853 -0.058273531 0.109701678 0.198357746 0.025996991 0.960996032 0.275337577 0.038515583 -0.121467769 -0.270353138 0.955067933 -0.023037445
0.990999758 -0.059228890 0.120047599 0.201242536 0.026397360 0.965645909 0.258517176 0.036982030 -0.131235152 -0.253021508 0.958518386 -0.019343786
0.989587963 -0.062460486 0.129670277 0.204204351 0.028583970 0.968270898 0.248262882 0.035136737 -0.141062573 -0.241971463 0.959974587 -0.015557664
0.988138855 -0.070150875 0.136603117 0.207421258 0.034421436 0.968105674 0.248166353 0.033467844 -0.149655342 -0.240520746 0.959037542 -0.011666409
0.986522436 -0.078022219 0.143826291 0.212100446 0.039138466 0.965996981 0.255573928 0.031566881 -0.158876196 -0.246500269 0.956031382 -0.006342446
0.984304070 -0.088046774 0.152948752 0.217989892 0.045294870 0.963664055 0.263248920 0.029303728 -0.170569435 -0.252189159 0.952526510 0.000874193
0.982028246 -0.097486317 0.161607534 0.224551558 0.050807178 0.961211026 0.271094054 0.026806390 -0.181766897 -0.258011192 0.948889375 0.009379061
0.979759753 -0.106884338 0.169252798 0.231859893 0.056207575 0.958393574 0.279861480 0.024209850 -0.192123607 -0.264683753 0.945003211 0.019079903
0.977807581 -0.114356741 0.175541803 0.238425419 0.059494823 0.954959929 0.290709227 0.020887371 -0.200879946 -0.273813874 0.940570712 0.030552350
0.976822853 -0.118396223 0.178324029 0.244635642 0.060655966 0.952057183 0.299846530 0.017738942 -0.205275372 -0.282080531 0.937172651 0.041534811
0.976825297 -0.120599039 0.176828161 0.249926835 0.061541699 0.949517787 0.307617575 0.014237377 -0.204999879 -0.289606303 0.934934914 0.052865878
0.977091134 -0.125626355 0.171787441 0.252891362 0.066456251 0.946931183 0.314491570 0.009903279 -0.202179313 -0.295870602 0.933586717 0.065755002
0.978596926 -0.125746891 0.162898093 0.253753990 0.068228379 0.945072889 0.319659412 0.004849076 -0.194146752 -0.301703453 0.933424950 0.079395466
0.980582774 -0.123263240 0.152524173 0.252281845 0.069022477 0.944932282 0.319904476 -0.000958816 -0.183557481 -0.303165227 0.935092270 0.093941025
0.983172774 -0.116945617 0.140338898 0.247759819 0.067754559 0.946878374 0.314373493 -0.006682117 -0.169648468 -0.299574852 0.938868642 0.110106714
0.986046433 -0.107502133 0.127105296 0.241417155 0.064314917 0.950254500 0.304762155 -0.012615108 -0.153544962 -0.292334884 0.943909049 0.125306815
0.989123404 -0.095264360 0.112069823 0.232752398 0.058555737 0.953975677 0.294111639 -0.017900635 -0.134930238 -0.284350365 0.949177921 0.140313104
0.991855562 -0.081523120 0.097859457 0.221741349 0.050484825 0.957026064 0.285573751 -0.022433871 -0.116934910 -0.278307527 0.953347325 0.154361635
0.994311750 -0.068939634 0.081188098 0.208634317 0.043618985 0.958979249 0.280100375 -0.026661478 -0.097167715 -0.274965733 0.956531405 0.168178633
0.996596932 -0.056423709 0.060091022 0.192530006 0.037585750 0.959864795 0.277933180 -0.029675266 -0.073361278 -0.274728775 0.958719075 0.180915430
0.998348832 -0.045578972 0.034960315 0.173281729 0.034090854 0.959968805 0.278024614 -0.032563772 -0.046232887 -0.276373684 0.959937572 0.190773517
0.999347627 -0.035646081 0.005802663 0.150763065 0.032584265 0.959216833 0.280787021 -0.033830270 -0.015574969 -0.280414790 0.959752560 0.197554991
0.999484658 -0.024068715 -0.021240348 0.125264391 0.029127965 0.958093643 0.284970313 -0.033775907 0.013491374 -0.285442144 0.958301008 0.200694054
0.998743773 -0.012696745 -0.048473708 0.097800769 0.026252290 0.956561923 0.290344834 -0.032844491 0.042681672 -0.291252613 0.955693543 0.201454103
0.997066021 -0.000774904 -0.076542564 0.068241052 0.023439154 0.955006540 0.295657039 -0.030703859 0.072869547 -0.296583652 0.952222764 0.197811916
0.994667172 0.012164469 -0.102416813 0.038432948 0.019325387 0.953449667 0.300932378 -0.027117189 0.101309955 -0.301306814 0.948130012 0.190856919
0.991649032 0.026734510 -0.126164287 0.007849672 0.013059987 0.952431202 0.304473728 -0.023275599 0.128302753 -0.303578764 0.944128335 0.180621654
0.987814665 0.035418451 -0.151551217 -0.023028487 0.012931349 0.951715589 0.306708634 -0.018569633 0.155096799 -0.304931045 0.939660609 0.166477278
0.983964980 0.039314404 -0.173974901 -0.053208500 0.016391717 0.951345265 0.307690650 -0.013940956 0.177606881 -0.305608600 0.935446024 0.150245905
0.979584634 0.040570043 -0.196895927 -0.081897691 0.022605473 0.950983644 0.308413833 -0.008796724 0.199757159 -0.306568354 0.930651903 0.130998492
0.976274729 0.043753367 -0.212069213 -0.107238002 0.025161516 0.949816048 0.311795354 -0.003312867 0.215068847 -0.309733927 0.926180482 0.111624464
0.974175572 0.048224822 -0.220581785 -0.128235683 0.024688981 0.948317051 0.316362590 0.003745741 0.224437997 -0.313638657 0.922636628 0.090414301
