0.999790490 0.007009530 0.019231398 0.837829173 -0.006008767 0.998649180 -0.051611114 1.245268703 -0.019567188 0.051484745 0.998482049 0.487924784
0.999778688 0.007847765 0.019518610 0.838285923 -0.006835785 0.998655558 -0.051383909 1.245441198 -0.019895617 0.051239114 0.998488188 0.487358332
0.999773026 0.008667132 0.019463154 0.838150442 -0.007659752 0.998656511 -0.051249377 1.245350122 -0.019881191 0.051088661 0.998496234 0.487436295
0.999779820 0.008214818 0.019309824 0.838276327 -0.007217473 0.998664200 -0.051163658 1.245288610 -0.019704329 0.051013023 0.998503566 0.487626344
0.999793768 0.007251939 0.018968301 0.838112056 -0.006268028 0.998657107 -0.051426083 1.245418191 -0.019315766 0.051296584 0.998496652 0.487978101
0.999786258 0.007721174 0.019178415 0.838161051 -0.006725123 0.998651981 -0.051468249 1.245393991 -0.019549957 0.051328268 0.998490453 0.487942159
0.999773145 0.008359829 0.019588863 0.838211775 -0.007347072 0.998660684 -0.051214181 1.245487928 -0.019990770 0.051058643 0.998495579 0.487425864
0.999758482 0.009845991 0.019646537 0.838247120 -0.008827103 0.998644769 -0.051290266 1.245540977 -0.020124916 0.051104456 0.998490512 0.487077773
0.999791861 0.007185098 0.019093277 0.838285029 -0.006200744 0.998673081 -0.051123269 1.245727420 -0.019435266 0.050994240 0.998509824 0.487643629
0.999796331 0.007598341 0.018695811 0.838212073 -0.006642466 0.998693407 -0.050669055 1.245543838 -0.019056385 0.050534550 0.998540521 0.487113535
0.999795854 0.007779572 0.018648349 0.838764369 -0.006824188 0.998687625 -0.050758772 1.245478392 -0.019018758 0.050621152 0.998536825 0.487666756
0.999798477 0.007142178 0.018762514 0.838416457 -0.006178181 0.998682439 -0.050943710 1.245460987 -0.019101642 0.050817527 0.998525262 0.487499267
0.999789476 0.007474999 0.019107573 0.838399172 -0.006492577 0.998679101 -0.050970111 1.245772123 -0.019463334 0.050835323 0.998517394 0.487797976
0.999792218 0.007261642 0.019048344 0.838492393 -0.006286763 0.998691678 -0.050749030 1.245750070 -0.019391943 0.050618734 0.998529792 0.487782508
0.999805152 0.006946277 0.018476911 0.838249922 -0.005996838 0.998683035 -0.050953325 1.245825768 -0.018806513 0.050832596 0.998530090 0.487686813
0.999803603 0.007317294 0.018418051 0.838287950 -0.006372050 0.998685122 -0.050867189 1.245855212 -0.018766042 0.050739836 0.998535573 0.487673610
0.999787629 0.007673961 0.019127320 0.838411927 -0.006690518 0.998678327 -0.050959658 1.245848775 -0.019493103 0.050820861 0.998517513 0.487915218
0.999791265 0.006632124 0.019324364 0.838201821 -0.005639238 0.998683274 -0.050989009 1.245747924 -0.019637084 0.050869390 0.998512268 0.487717897
0.999802589 0.006330119 0.018833881 0.837932467 -0.005363062 0.998686254 -0.050961312 1.245560646 -0.019131729 0.050850246 0.998522997 0.487559289
0.999809444 0.006377882 0.018449143 0.837959886 -0.005432668 0.998692155 -0.050837528 1.245592475 -0.018749248 0.050727610 0.998536527 0.487456977
0.999788463 0.007769556 0.019043075 0.838229656 -0.006775615 0.998638928 -0.051714282 1.245499730 -0.019418953 0.051574316 0.998480320 0.488161325
0.999802828 0.007013942 0.018575994 0.838095009 -0.006048520 0.998653293 -0.051527184 1.245470166 -0.018912388 0.051404666 0.998498797 0.488134027
0.999806106 0.006411990 0.018617583 0.837982476 -0.005457501 0.998690188 -0.050873850 1.245668650 -0.018919399 0.050762381 0.998531520 0.487634808
0.999786496 0.007300404 0.019330995 0.838324904 -0.006307271 0.998681426 -0.050946884 1.245727539 -0.019677440 0.050814077 0.998514235 0.487802088
0.999791920 0.006913913 0.019190079 0.837912321 -0.005909558 0.998634338 -0.051909242 1.245751619 -0.019522766 0.051785041 0.998467386 0.487928271
0.999790668 0.007689240 0.018961888 0.838112295 -0.006704314 0.998652041 -0.051469818 1.245795488 -0.019332092 0.051331915 0.998494506 0.487934411
0.999770522 0.008767615 0.019546021 0.838100076 -0.007746476 0.998631597 -0.051719941 1.245596766 -0.019972734 0.051556662 0.998470306 0.488113493
0.999775290 0.008357006 0.019480992 0.838325024 -0.007336707 0.998626888 -0.051869698 1.245557070 -0.019887719 0.051715113 0.998463809 0.488185555
0.999751806 0.009417200 0.020191405 0.838236868 -0.008360597 0.998623013 -0.051789820 1.245898485 -0.020651318 0.051608153 0.998453856 0.488000929
0.999768674 0.008693183 0.019672269 0.838398874 -0.007665742 0.998632550 -0.051713709 1.246002793 -0.020094926 0.051550943 0.998468161 0.488162190
0.999770522 0.008410841 0.019700801 0.838179767 -0.007374220 0.998614013 -0.052112412 1.245944381 -0.020111805 0.051955175 0.998446882 0.487805516
0.999772906 0.008787896 0.019414013 0.838127077 -0.007778135 0.998643279 -0.051488783 1.245581150 -0.019840153 0.051326085 0.998484850 0.488176346
0.999768674 0.008825603 0.019613782 0.838351011 -0.007798142 0.998624027 -0.051857468 1.245867491 -0.020044466 0.051692519 0.998461843 0.487925261
0.999791980 0.007419888 0.018999130 0.837937593 -0.006424710 0.998630822 -0.051915865 1.245623589 -0.019358326 0.051782999 0.998470724 0.487661034
0.999786675 0.007632844 0.019192733 0.838283598 -0.006642609 0.998669446 -0.051138975 1.245805621 -0.019557532 0.051000573 0.998507082 0.487655997
0.999778867 0.008168671 0.019378833 0.838355541 -0.007169166 0.998667955 -0.051097531 1.245826840 -0.019770417 0.050947297 0.998505652 0.487735599
0.999780416 0.008173172 0.019295678 0.838250160 -0.007179642 0.998672366 -0.051009141 1.246080875 -0.019686967 0.050859407 0.998511791 0.487248063
0.999752760 0.009900250 0.019909861 0.838521957 -0.008871079 0.998652518 -0.051131699 1.246031523 -0.020389250 0.050942432 0.998493433 0.487410605
0.999748945 0.010028700 0.020036539 0.838327289 -0.008979232 0.998617232 -0.051798150 1.245534539 -0.020528300 0.051605232 0.998456538 0.488260597
0.999772310 0.008314073 0.019652355 0.838054717 -0.007285247 0.998628020 -0.051855281 1.245318890 -0.020056523 0.051700301 0.998461246 0.488329500
0.999785602 0.007671688 0.019233037 0.838135123 -0.006679196 0.998668790 -0.051146951 1.245863438 -0.019599818 0.051007520 0.998505950 0.487399578
0.999785066 0.007636099 0.019274857 0.838059425 -0.006636439 0.998655856 -0.051404890 1.245705247 -0.019641481 0.051265921 0.998491883 0.487556726
0.999782264 0.007895254 0.019314546 0.838039517 -0.006891887 0.998650491 -0.051474806 1.245590568 -0.019694887 0.051330488 0.998487532 0.488278806
0.999781489 0.006953363 0.019713959 0.838097632 -0.005920304 0.998630345 -0.051984895 1.245389342 -0.020048426 0.051856820 0.998453259 0.488309860
0.999757349 0.008279188 0.020412814 0.838261962 -0.007190328 0.998576581 -0.052850116 1.245496154 -0.020821314 0.052690517 0.998393774 0.487802655
0.999781072 0.005127441 0.020284852 0.837759614 -0.004061556 0.998626173 -0.052242413 1.245296955 -0.020524854 0.052148588 0.998428404 0.487846345
0.999773979 0.004614824 0.020753384 0.837372363 -0.003538504 0.998661399 -0.051603295 1.245240569 -0.020963743 0.051518194 0.998452008 0.488484979
0.999774754 0.005771833 0.020423239 0.837662935 -0.004698685 0.998625159 -0.052208714 1.245220423 -0.020696500 0.052100994 0.998427331 0.487951726
0.999855518 0.002702623 0.016781172 0.837590933 -0.001783014 0.998508096 -0.054575138 1.244272470 -0.016903633 0.054537334 0.998368621 0.485748380
0.999827683 0.004723797 0.017951975 0.837930501 -0.003728559 0.998475313 -0.055073537 1.243623495 -0.018184761 0.054997109 0.998320878 0.484634370
0.999680221 0.010942256 0.022796527 0.838744521 -0.009672092 0.998433948 -0.055101383 1.243126869 -0.023363758 0.054863278 0.998220503 0.484345585
0.999528050 0.016043730 0.026196234 0.839022458 -0.014600776 0.998413861 -0.054374129 1.241678238 -0.027027048 0.053965986 0.998176932 0.483845800
0.999408722 0.018207358 0.029165773 0.839444339 -0.016665770 0.998494744 -0.052254222 1.238402843 -0.030073283 0.051737256 0.998207808 0.481371850
0.999164164 0.018291343 0.036556631 0.840165973 -0.016496986 0.998672485 -0.048797254 1.234142542 -0.037400670 0.048153397 0.998139501 0.479340464
0.998973429 0.017053638 0.041967202 0.840758264 -0.015252602 0.998964310 -0.042867534 1.230656624 -0.042654786 0.042183422 0.998198926 0.478130430
0.999047041 0.014484914 0.041172415 0.840377033 -0.013083337 0.999332488 -0.034109604 1.228048801 -0.041639008 0.033538427 0.998569667 0.475736201
0.998920619 0.010861564 0.045161996 0.841672003 -0.009804513 0.999674320 -0.023561785 1.224129200 -0.045403201 0.023093561 0.998701751 0.475127727
0.998758972 0.007035240 0.049305577 0.843050957 -0.006338061 0.999877930 -0.014282064 1.222462893 -0.049400035 0.013951837 0.998681605 0.474337101
0.998497128 0.005356867 0.054542098 0.844967782 -0.004924828 0.999955475 -0.008052538 1.219699144 -0.054582808 0.007771826 0.998479009 0.472866267
0.998164952 0.007763095 0.060054276 0.847119868 -0.007492909 0.999960780 -0.004722920 1.215124011 -0.060088586 0.004264272 0.998183966 0.470203787
0.997877598 0.008727713 0.064530425 0.848719954 -0.008480560 0.999955595 -0.004102931 1.205648422 -0.064563371 0.003546969 0.997907281 0.466973245
0.997485340 0.008693813 0.070337743 0.849881291 -0.008405355 0.999954998 -0.004395998 1.194691896 -0.070372790 0.003793730 0.997513533 0.461608618
0.996720314 0.007499074 0.080575354 0.850841820 -0.007373944 0.999971092 -0.001850406 1.179738402 -0.080586903 0.001250179 0.996746778 0.456180155
0.995850027 0.004636776 0.090891518 0.851127028 -0.005018407 0.999979496 0.003970668 1.160000920 -0.090871252 -0.004410320 0.995852888 0.449715316
0.995254576 -0.000210163 0.097305119 0.850980222 -0.000759862 0.999950409 0.009931738 1.133587956 -0.097302377 -0.009958547 0.995205045 0.440946698
0.994438589 -0.000150351 0.105317861 0.849624753 -0.001182063 0.999920070 0.012588831 1.105254889 -0.105311334 -0.012643311 0.994358897 0.431601375
0.993761957 0.001350012 0.111513920 0.847697735 -0.002680172 0.999927044 0.011779148 1.075190902 -0.111489885 -0.012004545 0.993693054 0.421453118
0.992690980 0.008301198 0.120398082 0.845832944 -0.009586910 0.999903023 0.010103530 1.044594526 -0.120302536 -0.011183930 0.992674291 0.411182493
0.991195083 0.016030259 0.131435618 0.844779432 -0.017148197 0.999825716 0.007378079 1.013108730 -0.131294444 -0.009566999 0.991297245 0.403041750
0.989393592 0.024973692 0.143096611 0.843093693 -0.025500445 0.999673128 0.001848044 0.982928097 -0.143003687 -0.005477470 0.989706993 0.393931776
0.987372756 0.033408582 0.154851407 0.840955138 -0.032153986 0.999426723 -0.010600248 0.952859223 -0.155116767 0.005487307 0.987880886 0.385325462
0.986655653 0.037329156 0.158483848 0.838340402 -0.033569116 0.999089301 -0.026337082 0.925158262 -0.159322664 0.020665469 0.987010241 0.376886994
0.986331522 0.040160108 0.159803763 0.837142825 -0.033631254 0.998493552 -0.043353450 0.899219036 -0.161304101 0.037386473 0.986196339 0.371477872
0.986074865 0.041851103 0.160949856 0.835470319 -0.032381661 0.997611403 -0.061015252 0.879585683 -0.163118958 0.054953780 0.985074759 0.365621358
0.985603571 0.038394451 0.164655492 0.833893418 -0.026421448 0.996885896 -0.074299470 0.866553664 -0.166995421 0.068879381 0.983548760 0.361884862
0.985829353 0.029251717 0.165181145 0.832812548 -0.015817713 0.996501327 -0.082066320 0.860601187 -0.167003825 0.078290604 0.982842982 0.360658288
0.985672295 0.022586757 0.167152464 0.835522771 -0.008939004 0.996595979 -0.081954777 0.860955238 -0.168434560 0.079286382 0.982518911 0.364308566
0.985264421 0.020322397 0.169826597 0.837597251 -0.007511009 0.997099102 -0.075742640 0.871956706 -0.170873225 0.073350959 0.982558906 0.368950665
0.984736383 0.022233374 0.172626525 0.840860724 -0.011242490 0.997861683 -0.064387225 0.890815794 -0.173688948 0.061463691 0.982880652 0.375929385
0.984458447 0.024560221 0.173891842 0.844968140 -0.016191024 0.998648584 -0.049384944 0.917073309 -0.174869746 0.045801938 0.983525693 0.385195881
0.985141277 0.023280654 0.170160785 0.851702869 -0.018587545 0.999403059 -0.029121861 0.947148561 -0.170737192 0.025526278 0.984985888 0.398028702
0.985995770 0.021721508 0.165349647 0.855490983 -0.021248236 0.999763489 -0.004630790 0.982805550 -0.165411130 0.001052551 0.986224115 0.409023523
0.986959577 0.014479173 0.160315812 0.859126329 -0.018293584 0.999583006 0.022342732 1.019948959 -0.159925461 -0.024984123 0.986812890 0.420596451
0.987976849 0.006673129 0.154457808 0.861662865 -0.014395146 0.998698473 0.048930045 1.056533456 -0.153930247 -0.050565194 0.986787021 0.430404007
0.988398910 -0.003434271 0.151841462 0.864659727 -0.007344689 0.997493863 0.070370428 1.089041948 -0.151702613 -0.070669286 0.985896647 0.438745290
0.989139855 -0.013358044 0.146369010 0.866064608 0.001146205 0.996532202 0.083200425 1.118937850 -0.146972835 -0.082129091 0.985725045 0.445779324
0.989478707 -0.018836435 0.143447295 0.867184758 0.005900442 0.995917380 0.090076096 1.144831657 -0.144558385 -0.088281982 0.985550165 0.451224029
0.989692509 -0.022476232 0.141433746 0.868337035 0.009115858 0.995491505 0.094411708 1.165301561 -0.142918110 -0.092149280 0.985435426 0.455400467
0.989874005 -0.021242468 0.140350401 0.869231641 0.007062574 0.994884908 0.100767471 1.179175854 -0.141773045 -0.098755859 0.984960735 0.456746817
0.989865720 -0.018374661 0.140812963 0.870070875 0.002807007 0.993931413 0.109965712 1.188547969 -0.141979009 -0.108456016 0.983910203 0.457393229
0.989813328 -0.016138220 0.141453743 0.870864868 -0.001679862 0.992161751 0.124948800 1.189402699 -0.142361432 -0.123913601 0.982027829 0.455827385
0.989552557 -0.016142027 0.143266276 0.871077955 -0.003881216 0.990369618 0.138394341 1.180169821 -0.144120529 -0.137504503 0.979960084 0.452297449
0.989069521 -0.015784483 0.146602541 0.870120168 -0.005277231 0.989827216 0.142176688 1.160525084 -0.147355378 -0.141396284 0.978924632 0.446033955
0.988467097 -0.012179689 0.150945306 0.869181573 -0.008189440 0.991002560 0.133592054 1.132312298 -0.151214302 -0.133287504 0.979473650 0.438990951
0.987715304 -0.004292969 0.156205148 0.868558347 -0.013801208 0.993319631 0.114567026 1.097191453 -0.155653477 -0.115315422 0.981057763 0.430810928
0.986566365 0.007123316 0.163205564 0.867921412 -0.022076175 0.995697916 0.089990459 1.057667971 -0.161862403 -0.092384510 0.982479334 0.422519147
0.985709429 0.016391367 0.167655125 0.865974247 -0.027598388 0.997520745 0.064735666 1.016153574 -0.166178361 -0.068437561 0.983717978 0.411517203
0.984165967 0.026099494 0.175317273 0.864287555 -0.033957988 0.998541415 0.041974604 0.973749042 -0.173966035 -0.047263399 0.983616769 0.401654631
0.982548952 0.031243214 0.183361396 0.862002254 -0.035515673 0.999167740 0.020062434 0.932114780 -0.182581976 -0.026224526 0.982840836 0.391834944
0.981510997 0.033523180 0.188447133 0.859384179 -0.033700511 0.999429405 -0.002263919 0.892594874 -0.188415512 -0.004128702 0.982080698 0.382935554
0.981602490 0.029522851 0.188639671 0.856969953 -0.026162624 0.999451995 -0.020278746 0.856573999 -0.189134985 0.014970360 0.981836975 0.372843444
0.982065976 0.023727510 0.187038645 0.854138315 -0.017272174 0.999200046 -0.036068037 0.827576578 -0.187744841 0.032190628 0.981690168 0.365168780
0.982265890 0.020022614 0.186421186 0.852497995 -0.011488715 0.998840749 -0.046745926 0.807187319 -0.187141061 0.043775186 0.981357217 0.359636992
0.982463539 0.015052380 0.185846344 0.851852596 -0.005356504 0.998603225 -0.052563772 0.795546710 -0.186377957 0.050646499 0.981171846 0.357244551
0.982204735 0.012504209 0.187396750 0.853574574 -0.002714210 0.998622060 -0.052407898 0.793301523 -0.187793836 0.050966650 0.980885267 0.358193547
0.982482433 0.010838574 0.186039641 0.854256272 -0.001957217 0.998852313 -0.047856491 0.801510096 -0.186344817 0.046654042 0.981376052 0.362141103
0.982810140 0.011572531 0.184256017 0.855123103 -0.004236617 0.999184370 -0.040157724 0.819506168 -0.184570462 0.038686793 0.982057571 0.368955135
0.982658446 0.014488216 0.184858054 0.856531203 -0.009050238 0.999502063 -0.030227032 0.845674992 -0.185203940 0.028029837 0.982300282 0.378895909
0.982501805 0.012826468 0.185810849 0.859857440 -0.009703918 0.999796152 -0.017704759 0.875995338 -0.186000064 0.015591864 0.982425988 0.392521828
0.981879532 0.016999718 0.188742101 0.862036049 -0.017007735 0.999854088 -0.001577238 0.914047182 -0.188741386 -0.001661418 0.982025445 0.406062603
0.981888771 0.012750164 0.189028800 0.863599777 -0.016518896 0.999694705 0.018375237 0.953865707 -0.188736796 -0.021164984 0.981799603 0.419107765
0.982043326 0.010306516 0.188373849 0.865076482 -0.018800255 0.998882651 0.043358810 0.994902194 -0.187716499 -0.046121709 0.981139779 0.430860519
0.981952548 0.005101513 0.189058617 0.867683172 -0.018568091 0.997407258 0.069527127 1.033008099 -0.188213751 -0.071782790 0.979501307 0.442978382
0.982660830 -0.002998559 0.185387924 0.868918955 -0.014928970 0.995343208 0.095231175 1.070088387 -0.184810176 -0.096347600 0.978040040 0.450854808
0.983511925 -0.010092326 0.180561319 0.869434953 -0.011761885 0.992757797 0.119556002 1.104033589 -0.180460259 -0.119708501 0.976270437 0.456626624
0.984639585 -0.021101244 0.173319370 0.869765699 -0.003395970 0.990167797 0.139843479 1.131082416 -0.174566120 -0.138284013 0.974886775 0.460199475
0.985380650 -0.030799657 0.167560056 0.870330453 0.004497732 0.987882972 0.155135319 1.148939252 -0.170307830 -0.152113691 0.973579288 0.463479102
0.985686719 -0.034691088 0.164979294 0.870256305 0.007215951 0.986384034 0.164299816 1.159220695 -0.168432698 -0.160757661 0.972516000 0.463042140
0.985829473 -0.033610307 0.164348915 0.870442271 0.005292915 0.985466957 0.169784725 1.160073042 -0.167666957 -0.166508913 0.971680284 0.460886091
0.985828638 -0.028861159 0.165254220 0.870179594 -0.000108302 0.984979749 0.172669888 1.150096059 -0.167755499 -0.170240819 0.971018076 0.456202507
0.985940516 -0.029461229 0.164479032 0.868694484 0.000754166 0.985108793 0.171930462 1.128680468 -0.167095020 -0.169389158 0.971280873 0.450066864
0.985989213 -0.027474141 0.164531127 0.866787672 -0.000206046 0.986141682 0.165905103 1.097587228 -0.166809097 -0.163614526 0.972319365 0.440202653
0.986217260 -0.023203418 0.163820341 0.864783108 -0.001805710 0.988549173 0.150888130 1.058954835 -0.165445581 -0.149104282 0.974882364 0.428331017
0.985711515 -0.016521152 0.167630047 0.863088429 -0.005348324 0.991606772 0.129179671 1.014631271 -0.168357283 -0.128230438 0.977349877 0.415763915
0.984703064 -0.012291851 0.173806876 0.861828506 -0.006007295 0.994520605 0.104368150 0.968773425 -0.174137384 -0.103815749 0.979233623 0.404849619
0.982554615 -0.006624239 0.185856164 0.861219764 -0.008309517 0.996803641 0.079457253 0.920880914 -0.185788453 -0.079615474 0.979358971 0.392466128
0.980528235 -0.005596790 0.196298301 0.860225737 -0.005183906 0.998507798 0.054363206 0.875511825 -0.196309626 -0.054322250 0.979036093 0.380116612
0.978600085 -0.005843753 0.205688387 0.858220816 -0.000135162 0.999578178 0.029041789 0.833088875 -0.205771327 -0.028448097 0.978186548 0.367053151
0.978296578 -0.013458337 0.206771925 0.857061744 0.012457716 0.999903560 0.006140565 0.800660729 -0.206834629 -0.003431387 0.978369892 0.358758926
0.978759766 -0.019657582 0.204065934 0.854803205 0.022919238 0.999644399 -0.013632040 0.776318848 -0.203725383 0.018019527 0.978862226 0.351654679
0.979487717 -0.018453967 0.200656950 0.854270399 0.024677906 0.999287367 -0.028560642 0.762840629 -0.199986905 0.032926593 0.979245186 0.348307192
0.979615450 -0.015890336 0.200252607 0.855163872 0.024036760 0.998976588 -0.038315143 0.759631336 -0.199438825 0.042347532 0.978994787 0.348397553
0.979590416 -0.012570309 0.200610504 0.857701302 0.022116320 0.998723388 -0.045414738 0.766251385 -0.199783519 0.048924610 0.978617847 0.351863950
0.979949594 -0.009381148 0.199024484 0.859230518 0.019520652 0.998605788 -0.049045160 0.782937884 -0.198286906 0.051946871 0.978766501 0.358462006
0.980650902 -0.009549176 0.195531726 0.860592842 0.019358465 0.998644412 -0.048317805 0.808155954 -0.194805264 0.051168092 0.979506373 0.368024647
0.980712533 -0.004883896 0.195394620 0.862562895 0.012885166 0.999128580 -0.039699171 0.840696633 -0.195030466 0.041451167 0.979920864 0.379816860
0.980911613 0.000076629 0.194454104 0.865205228 0.004601225 0.999710798 -0.023604548 0.876152754 -0.194399685 0.024048703 0.980627537 0.392934769
0.980134368 0.007137985 0.198206097 0.867632270 -0.007034601 0.999974489 -0.001225739 0.918434620 -0.198209792 -0.000192912 0.980159581 0.406151503
0.978959918 0.010849764 0.203763947 0.870129943 -0.016698401 0.999495804 0.027005631 0.962341309 -0.203368202 -0.029839963 0.978647530 0.419364691
0.978215635 0.007522586 0.207454979 0.871872008 -0.019588374 0.998229146 0.056168277 1.006034613 -0.206665069 -0.059008393 0.976630747 0.431935012
0.978790998 0.000243210 0.204861090 0.872647226 -0.017616920 0.996394873 0.082987696 1.045651436 -0.204102352 -0.084836632 0.975266635 0.444249660
0.980048239 -0.007197206 0.198629528 0.872268856 -0.013821051 0.994457483 0.104227260 1.083278894 -0.198278755 -0.104893014 0.974516809 0.451983303
0.981476068 -0.012860144 0.191152781 0.872246861 -0.010518840 0.992622435 0.120789543 1.116600633 -0.191295892 -0.120562747 0.974099815 0.457007080
0.982951641 -0.015875433 0.183177635 0.871766090 -0.009378302 0.990639627 0.136180669 1.143234253 -0.183624938 -0.135576904 0.973601937 0.459211648
0.983506858 -0.016029658 0.180159226 0.872500420 -0.011847159 0.988216817 0.152601346 1.160961032 -0.180482522 -0.152218834 0.971728086 0.460063308
0.983801782 -0.015629472 0.178577065 0.873224258 -0.015242346 0.985290468 0.170206740 1.168269396 -0.178610533 -0.170171633 0.969092309 0.458609462
0.983921409 -0.017182395 0.177773446 0.873915195 -0.016377952 0.982487440 0.185607642 1.163963675 -0.177849352 -0.185534894 0.966409028 0.454961181
0.984370530 -0.022004530 0.174729645 0.874035835 -0.012228752 0.981227934 0.192463517 1.146400213 -0.175684690 -0.191592127 0.965622783 0.448829621
0.985450864 -0.022636281 0.168446377 0.874098480 -0.009586511 0.982110381 0.188061997 1.118613720 -0.169689968 -0.186940685 0.967604518 0.441159129
0.985989571 -0.009199790 0.166553184 0.874795556 -0.020132430 0.984615743 0.173569933 1.081490397 -0.165587708 -0.174491271 0.970635653 0.431363463
0.984471560 0.012611000 0.175090507 0.876441360 -0.039119452 0.988095224 0.148786590 1.038099051 -0.171129748 -0.153325602 0.973245025 0.420577824
0.982639372 0.026593875 0.183610126 0.876427114 -0.048591156 0.992017031 0.116366148 0.990699708 -0.179049745 -0.123267785 0.976087213 0.408540010
0.981149614 0.034596454 0.190127626 0.875372350 -0.050851610 0.995392203 0.081292756 0.944192588 -0.186439112 -0.089428656 0.978387952 0.397514820
0.979366720 0.037141744 0.198648870 0.872709394 -0.046842810 0.997916818 0.044359241 0.897866726 -0.196587473 -0.052749235 0.979066312 0.386288434
0.977007449 0.043193430 0.208784103 0.868567407 -0.046270177 0.998880148 0.009872630 0.855989099 -0.208123863 -0.019306110 0.977911949 0.373866618
0.974916816 0.045214027 0.217928544 0.865988255 -0.042316616 0.998943031 -0.017946517 0.821550786 -0.218509629 0.008274363 0.975799739 0.364376217
0.973721623 0.044710010 0.223309636 0.866908133 -0.036952011 0.998563468 -0.038801789 0.796450615 -0.224723667 0.029530404 0.973974943 0.359273732
0.972939909 0.046048027 0.226423323 0.865882635 -0.034699496 0.997945964 -0.053850103 0.781517327 -0.228437930 0.044536140 0.972539306 0.354954779
0.973328114 0.044485345 0.225063220 0.865980446 -0.031131355 0.997556746 -0.062540822 0.777103126 -0.227295473 0.053866223 0.972334921 0.354686558
0.973872781 0.042487483 0.223084465 0.866818786 -0.028996324 0.997566342 -0.063408069 0.783037663 -0.225235596 0.055282760 0.972734690 0.358133793
0.974949121 0.035757199 0.219535157 0.869060159 -0.023352947 0.997994184 -0.058840428 0.798005462 -0.221198782 0.052239630 0.973828614 0.364582777
0.975312650 0.029823648 0.218805328 0.871485651 -0.019504694 0.998599946 -0.049170285 0.822082222 -0.219965413 0.043688670 0.974528849 0.375423431
0.974904716 0.024180293 0.221305564 0.874395669 -0.016811799 0.999241710 -0.035119109 0.854502439 -0.221986935 0.030517241 0.974571943 0.389674067
0.974836886 0.019804323 0.222037956 0.877934873 -0.016300788 0.999712229 -0.017600667 0.891870916 -0.222322628 0.013538387 0.974879146 0.404835492
0.975604713 0.017359221 0.218847260 0.882195115 -0.017788751 0.999841750 -0.000007700 0.930672705 -0.218812779 -0.003885508 0.975759149 0.419946700
0.978185833 0.006217198 0.207638666 0.883958042 -0.009310048 0.999859750 0.013921445 0.972256064 -0.207523003 -0.015550887 0.978106499 0.435041636
0.980849385 -0.004490689 0.194716081 0.884843171 -0.000588458 0.999661267 0.026019203 1.012972355 -0.194766983 -0.025635501 0.980514467 0.449461460
0.982912064 -0.014787685 0.183480933 0.885034502 0.008296395 0.999313891 0.036095925 1.051473260 -0.183888808 -0.033956885 0.982360363 0.462509185
0.984370649 -0.021102833 0.174840361 0.885032713 0.013479275 0.998910546 0.044676423 1.086510658 -0.175592691 -0.041621439 0.983582675 0.474011719
0.985716879 -0.027038949 0.166226149 0.884319544 0.018421052 0.998415589 0.053169537 1.118882537 -0.167400420 -0.049348053 0.984653175 0.483467072
0.986668706 -0.027223848 0.160448670 0.883568287 0.017860286 0.998067617 0.059514720 1.146252513 -0.161758840 -0.055855650 0.985248327 0.491826147
0.987490594 -0.026434226 0.155446202 0.883076131 0.016998710 0.997948825 0.061718710 1.167807579 -0.156758845 -0.058304265 0.985914409 0.499305427
0.988104105 -0.023164548 0.152031660 0.882554889 0.013620534 0.997887611 0.063520379 1.183469296 -0.153181940 -0.060693994 0.986332357 0.505961001
0.988760471 -0.017269108 0.148507580 0.882752836 0.007676545 0.997860610 0.064925306 1.194265604 -0.149311051 -0.063055553 0.986777663 0.511548400
0.990096152 -0.012266226 0.139854163 0.883131802 0.003279310 0.997924626 0.064309396 1.201894283 -0.140352756 -0.063213862 0.988081515 0.514872968
0.991400182 -0.009205325 0.130541116 0.882997811 0.001272155 0.998153746 0.060725052 1.206924677 -0.130859107 -0.060036760 0.989581466 0.517580807
0.992382348 -0.008921780 0.122872435 0.881521881 0.002052538 0.998433173 0.055918965 1.211477160 -0.123178817 -0.055240799 0.990845799 0.519605756
0.992825806 -0.007375942 0.119342074 0.880761147 0.001473590 0.998774529 0.049470276 1.214723825 -0.119560704 -0.048939504 0.991619945 0.522000670
0.993123114 -0.002134914 0.117055103 0.880219221 -0.002919497 0.999071181 0.042991295 1.217768669 -0.117038161 -0.043037392 0.992194474 0.524133384
0.993514776 0.001066691 0.113698259 0.879848361 -0.005397894 0.999271035 0.037792787 1.221068859 -0.113575056 -0.038161419 0.992796242 0.526126027
0.993872046 0.002671122 0.110504508 0.879947543 -0.006529890 0.999380887 0.034572404 1.225140214 -0.110343739 -0.035082128 0.993274152 0.527426958
0.993877590 0.004241326 0.110405162 0.880579889 -0.007957381 0.999415755 0.033239532 1.228693604 -0.110199675 -0.033914562 0.993330657 0.528934538
0.994023979 0.001424327 0.109152600 0.881170511 -0.004405735 0.999623597 0.027077824 1.230626345 -0.109072953 -0.027396902 0.993656158 0.529475391
0.993888080 0.000800300 0.110389769 0.882330894 -0.002207970 0.999917805 0.012630171 1.230703592 -0.110370591 -0.012796714 0.993808091 0.529288173
0.993465424 -0.002766822 0.114099801 0.883878231 0.002551021 0.999994695 0.002037310 1.231554151 -0.114104822 -0.001732926 0.993467212 0.528490126
0.992909551 -0.008865994 0.118541077 0.884643018 0.009565060 0.999940038 -0.005329599 1.232288480 -0.118486717 0.006425662 0.992934823 0.527868271
0.992279530 -0.016701447 0.122891866 0.885039687 0.018645769 0.999718249 -0.014688302 1.232115865 -0.122611932 0.016866315 0.992311358 0.526403248
0.991471469 -0.014971497 0.129460990 0.886220932 0.018527599 0.999482155 -0.026307873 1.231893659 -0.129000098 0.028482109 0.991235495 0.525020242
0.990631461 -0.014503997 0.135790139 0.886773944 0.019931003 0.999052405 -0.038692251 1.231946945 -0.135100275 0.041036196 0.989981771 0.523341060
0.999916077 0.009834654 0.008432176 0.847775340 -0.009569288 0.999475002 -0.030953601 0.110674188 -0.008732168 0.030870315 0.999485254 -0.327930957
0.999950409 0.006391007 0.007639277 0.847554803 -0.006149865 0.999494791 -0.031183317 0.110079587 -0.007834710 0.031134792 0.999484479 -0.326188475
0.999935567 0.008246495 0.007804066 0.848233044 -0.008002230 0.999492586 -0.030829817 0.110311955 -0.008054344 0.030765381 0.999494195 -0.329003155
0.999958813 0.005564677 0.007168882 0.847834051 -0.005338831 0.999500573 -0.031146616 0.110211000 -0.007338622 0.031107061 0.999489129 -0.327070981
0.999955535 0.005837967 0.007402649 0.847675622 -0.005603585 0.999494433 -0.031296868 0.110657781 -0.007581617 0.031253997 0.999482691 -0.327594936
0.999967813 0.003939452 0.006986592 0.847267628 -0.003717969 0.999498844 -0.031435631 0.110744335 -0.007106930 0.031408645 0.999481380 -0.327385485
0.999968410 0.004017897 0.006855596 0.847306669 -0.003801700 0.999503970 -0.031262606 0.110700972 -0.006977805 0.031235557 0.999487698 -0.327356696
0.999971151 0.003680225 0.006640296 0.847181976 -0.003470988 0.999505520 -0.031251263 0.110708795 -0.006752024 0.031227315 0.999489486 -0.327172041
0.999973655 0.003557871 0.006326603 0.847311556 -0.003358282 0.999504924 -0.031283177 0.110543020 -0.006434772 0.031261109 0.999490559 -0.327278078
0.999978125 0.002936646 0.005925784 0.847676575 -0.002749274 0.999503613 -0.031384006 0.110475712 -0.006015006 0.031367026 0.999489844 -0.326718837
0.999977887 0.002806847 0.006029467 0.847426891 -0.002616563 0.999505401 -0.031338464 0.110523865 -0.006114447 0.031321991 0.999490619 -0.327100486
0.999977648 0.002737671 0.006095427 0.847419500 -0.002545137 0.999504507 -0.031373475 0.110515222 -0.006178297 0.031357262 0.999489129 -0.326758921
0.999974489 0.003346633 0.006310320 0.847294450 -0.003147739 0.999506056 -0.031269699 0.110651843 -0.006411851 0.031249039 0.999491036 -0.327133030
0.999975324 0.003346161 0.006180714 0.847776234 -0.003152118 0.999509990 -0.031142127 0.110319257 -0.006281892 0.031121876 0.999495864 -0.326686591
0.999973834 0.003188519 0.006490027 0.846987069 -0.002984100 0.999506593 -0.031266961 0.110814236 -0.006586520 0.031246778 0.999490023 -0.327423155
0.999974728 0.003113044 0.006390763 0.847028553 -0.002911911 0.999507546 -0.031244038 0.110853180 -0.006484880 0.031224640 0.999491334 -0.327470750
0.999974489 0.003303118 0.006337296 0.847287118 -0.003103731 0.999507785 -0.031218367 0.110691331 -0.006437295 0.031197900 0.999492526 -0.327080995
0.999975204 0.003112264 0.006313134 0.847298682 -0.002913963 0.999509513 -0.031180646 0.110648982 -0.006407080 0.031161476 0.999493837 -0.327022374
0.999975264 0.003211296 0.006259639 0.847268283 -0.003014457 0.999508440 -0.031205427 0.110701039 -0.006356772 0.031185783 0.999493420 -0.327069938
0.999975085 0.003193256 0.006298141 0.847329438 -0.002994856 0.999506712 -0.031263068 0.110502779 -0.006394865 0.031243429 0.999491334 -0.327081680
0.999975860 0.003156519 0.006186168 0.847235084 -0.002961733 0.999507308 -0.031247413 0.110611796 -0.006281754 0.031228336 0.999492526 -0.327148616
0.999976099 0.003129917 0.006163581 0.847289681 -0.002936210 0.999509156 -0.031189725 0.110687621 -0.006258178 0.031170882 0.999494493 -0.327272117
0.999975622 0.003198443 0.006204042 0.847294092 -0.003003121 0.999507368 -0.031240759 0.110494040 -0.006300908 0.031221366 0.999492645 -0.327100068
0.999975562 0.003073102 0.006274691 0.847216904 -0.002875775 0.999508440 -0.031218426 0.110576279 -0.006367544 0.031199621 0.999492884 -0.327373862
0.999975204 0.003202722 0.006273123 0.847259879 -0.003005306 0.999507666 -0.031230720 0.110620372 -0.006370058 0.031211091 0.999492526 -0.327226132
0.999976039 0.003001662 0.006238491 0.847250342 -0.002805466 0.999508500 -0.031223545 0.110594437 -0.006329147 0.031205295 0.999492943 -0.327014267
0.999975979 0.002982304 0.006252903 0.847286582 -0.002785705 0.999508739 -0.031217499 0.110576689 -0.006342932 0.031199330 0.999493062 -0.327244103
0.999975860 0.003106746 0.006211442 0.847307563 -0.002911201 0.999507487 -0.031246366 0.110564426 -0.006305457 0.031227531 0.999492407 -0.327214867
0.999974966 0.003092102 0.006366611 0.847239196 -0.002891293 0.999505460 -0.031312123 0.110558167 -0.006460282 0.031292930 0.999489367 -0.327339321
0.999973714 0.003187820 0.006515862 0.847192585 -0.002982467 0.999505997 -0.031286225 0.110597923 -0.006612378 0.031265967 0.999489248 -0.327580571
0.999974310 0.003043317 0.006486979 0.847151518 -0.002838474 0.999504268 -0.031356234 0.110732660 -0.006579190 0.031337019 0.999487221 -0.327485979
0.999972880 0.003333232 0.006564547 0.847168088 -0.003126252 0.999505401 -0.031291824 0.110642083 -0.006665603 0.031270456 0.999488711 -0.327733070
0.999976516 0.002920068 0.006203400 0.847151220 -0.002725143 0.999509394 -0.031201838 0.110503837 -0.006291467 0.031184198 0.999493837 -0.327418447
0.999974489 0.003214828 0.006380481 0.847248495 -0.003013353 0.999504268 -0.031339020 0.110562116 -0.006478067 0.031318992 0.999488473 -0.326801449
0.999975741 0.002883635 0.006342207 0.847280681 -0.002683023 0.999502838 -0.031415299 0.110574141 -0.006429644 0.031397521 0.999486268 -0.327374548
0.999974310 0.003125946 0.006448539 0.847184598 -0.002921767 0.999501586 -0.031432826 0.110611618 -0.006543583 0.031413179 0.999485075 -0.327546865
0.999976516 0.002890966 0.006211349 0.847353518 -0.002696366 0.999512255 -0.031112948 0.110489473 -0.006298266 0.031095469 0.999496579 -0.327420682
0.999975502 0.003035577 0.006302923 0.847381353 -0.002837354 0.999508381 -0.031223666 0.110562041 -0.006394607 0.031205017 0.999492526 -0.327226937
0.999975741 0.002887765 0.006333956 0.846921444 -0.002688469 0.999507964 -0.031250674 0.109942116 -0.006421084 0.031232888 0.999491513 -0.328732222
0.999975383 0.002946148 0.006366119 0.846838355 -0.002745756 0.999507487 -0.031260684 0.109824024 -0.006455083 0.031242436 0.999490976 -0.328925997
0.999975979 0.002939715 0.006273706 0.847370386 -0.002741957 0.999506235 -0.031300802 0.110492900 -0.006362624 0.031282846 0.999490321 -0.327316999
0.999974966 0.003120522 0.006352622 0.847369015 -0.002919760 0.999503553 -0.031370703 0.110559881 -0.006447360 0.031351369 0.999487638 -0.327322990
0.999975860 0.002874969 0.006324681 0.847050548 -0.002674866 0.999502599 -0.031422529 0.110939518 -0.006411874 0.031404857 0.999486208 -0.327377319
0.999975562 0.002900575 0.006356692 0.847027600 -0.002699384 0.999502182 -0.031433444 0.110963248 -0.006444703 0.031415518 0.999485612 -0.327371895
0.999975979 0.002889544 0.006298546 0.847332358 -0.002690122 0.999501944 -0.031443316 0.110618949 -0.006386266 0.031425621 0.999485672 -0.327073008
0.999975860 0.002926439 0.006304461 0.847332120 -0.002726676 0.999501169 -0.031464726 0.110629745 -0.006393396 0.031446777 0.999484956 -0.327074468
0.999976277 0.002786270 0.006297361 0.847289026 -0.002586953 0.999502301 -0.031440366 0.110632427 -0.006381828 0.031423327 0.999485791 -0.327454805
0.999976158 0.002870752 0.006284530 0.847310543 -0.002671880 0.999502480 -0.031427499 0.110658169 -0.006371624 0.031409960 0.999486268 -0.327487111
0.999976337 0.002881734 0.006250541 0.847291768 -0.002684055 0.999503076 -0.031406879 0.110809602 -0.006337941 0.031389356 0.999487162 -0.326827347
0.999976695 0.002802113 0.006226616 0.847247124 -0.002605029 0.999502301 -0.031437639 0.110734932 -0.006311608 0.031420689 0.999486327 -0.326869220
0.999976754 0.002757925 0.006232493 0.847218812 -0.002560561 0.999501884 -0.031456005 0.110451169 -0.006316142 0.031439316 0.999485731 -0.327511191
0.999976814 0.002745998 0.006235689 0.847263634 -0.002548162 0.999500036 -0.031515736 0.110378884 -0.006319114 0.031499114 0.999483824 -0.327634186
0.999977052 0.002697631 0.006212258 0.847298026 -0.002500433 0.999499500 -0.031535208 0.110786498 -0.006294219 0.031518951 0.999483347 -0.326717705
0.999552429 -0.004528884 0.029570896 0.740416765 0.005492653 0.999453664 -0.032592345 0.111715220 -0.029407132 0.032740179 0.999031186 -0.432389289
0.999551833 -0.004558123 0.029586956 0.740421593 0.005517888 0.999458492 -0.032438625 0.111676358 -0.029423077 0.032587346 0.999035716 -0.432497829
0.999557137 -0.004023840 0.029484231 0.740408003 0.004988013 0.999452710 -0.032701086 0.111855477 -0.029336512 0.032833669 0.999030173 -0.432817310
0.999557078 -0.004223223 0.029458169 0.740346313 0.005187900 0.999450147 -0.032748181 0.111704856 -0.029303670 0.032886501 0.999029398 -0.432040930
0.999563217 -0.004121114 0.029264089 0.740590155 0.005081233 0.999448657 -0.032810584 0.111962579 -0.029112738 0.032944947 0.999033093 -0.432290494
0.999564707 -0.004057077 0.029222058 0.740618408 0.005015863 0.999448955 -0.032812141 0.112031855 -0.029072834 0.032944433 0.999034226 -0.432447255
0.999570906 -0.003792395 0.029045317 0.740308642 0.004743284 0.999452651 -0.032739520 0.111855254 -0.028905258 0.032863244 0.999041796 -0.433557630
0.999589264 -0.004270508 0.028337758 0.740397155 0.005194058 0.999455035 -0.032597635 0.111813158 -0.028183106 0.032731432 0.999066770 -0.432011336
0.999580324 -0.003718604 0.028727923 0.740719080 0.004652086 0.999461055 -0.032495674 0.111634627 -0.028591599 0.032615680 0.999058902 -0.432245195
0.999571502 -0.003553100 0.029054139 0.740930498 0.004500544 0.999458015 -0.032609507 0.111678362 -0.028922528 0.032726295 0.999045789 -0.431599677
0.999568760 -0.003654208 0.029135648 0.740911841 0.004603415 0.999458551 -0.032578696 0.111782834 -0.029000822 0.032698769 0.999044418 -0.431087494
0.999553561 -0.003556294 0.029664403 0.740375996 0.004518727 0.999463439 -0.032440353 0.111791819 -0.029533120 0.032559920 0.999033332 -0.432295084
0.999556065 -0.004128379 0.029505972 0.740525901 0.005085198 0.999461174 -0.032426834 0.112002671 -0.029356204 0.032562479 0.999038458 -0.432156056
0.999554992 -0.004465586 0.029492883 0.740552306 0.005423053 0.999458194 -0.032464579 0.112014994 -0.029331928 0.032610074 0.999037623 -0.431510895
0.999557257 -0.004365623 0.029432297 0.740605593 0.005321504 0.999458313 -0.032477584 0.112047561 -0.029274568 0.032619830 0.999038994 -0.431778789
0.999557078 -0.004147743 0.029469009 0.740552843 0.005106804 0.999457240 -0.032544360 0.111915536 -0.029318031 0.032680437 0.999035776 -0.431506783
0.999557376 -0.004145852 0.029460363 0.740491271 0.005105987 0.999455750 -0.032590620 0.112318844 -0.029309213 0.032726616 0.999034524 -0.432181597
0.999557793 -0.003819521 0.029489320 0.740396082 0.004777664 0.999460638 -0.032489434 0.112355001 -0.029349320 0.032615960 0.999036968 -0.432369649
0.999557614 -0.004268228 0.029433310 0.740397692 0.005221560 0.999461710 -0.032389168 0.112266116 -0.029279221 0.032528531 0.999041855 -0.432226777
0.999558747 -0.004365915 0.029380817 0.740372181 0.005322010 0.999456167 -0.032542378 0.111930974 -0.029222760 0.032684386 0.999038398 -0.431881577
0.999559700 -0.004129874 0.029382493 0.740350664 0.005090203 0.999452770 -0.032684371 0.112482674 -0.029231433 0.032819547 0.999033749 -0.432120234
0.999561906 -0.004297462 0.029283127 0.740457594 0.005255484 0.999450803 -0.032717802 0.112397768 -0.029126441 0.032857366 0.999035537 -0.431182832
0.999559402 -0.004359119 0.029359182 0.740311682 0.005312925 0.999458015 -0.032488242 0.112043239 -0.029201651 0.032629915 0.999040842 -0.432608008
0.999559760 -0.004233152 0.029367054 0.740492165 0.005186908 0.999459028 -0.032477304 0.111962587 -0.029213684 0.032615326 0.999040961 -0.432702959
0.999560773 -0.004013918 0.029361490 0.740393102 0.004972972 0.999454021 -0.032663904 0.112326056 -0.029214349 0.032795571 0.999035001 -0.432085365
0.999554336 -0.003678601 0.029623341 0.740337193 0.004646189 0.999455690 -0.032660741 0.112318814 -0.029487070 0.032783825 0.999027371 -0.431803584
0.999562025 -0.004012312 0.029319733 0.740605175 0.004969416 0.999454677 -0.032644071 0.112575896 -0.029172767 0.032775477 0.999036908 -0.431787103
0.999561608 -0.004128259 0.029317211 0.740494311 0.005088641 0.999450326 -0.032759652 0.112506807 -0.029165857 0.032894477 0.999033213 -0.431839079
0.999559939 -0.003921991 0.029402344 0.740651190 0.004877541 0.999459922 -0.032498166 0.111987285 -0.029259006 0.032627277 0.999039233 -0.432042569
