1.000000000 0.000000000 0.000000000 0.000000000 0.000000000 1.000000000 0.000000000 0.000000000 0.000000000 0.000000000 1.000000000 0.000000000
0.999984443 0.003441743 0.004386041 -0.000075021 -0.003460189 0.999985158 0.004204938 0.019243306 -0.004371504 -0.004220049 0.999981523 0.007117820
0.999969780 0.004473844 0.006356271 -0.000657292 -0.004563424 0.999889493 0.014149371 0.041905843 -0.006292267 -0.014177949 0.999879718 0.013445334
0.999972463 0.003981302 0.006263726 -0.000958551 -0.004149071 0.999626756 0.027003188 0.065544941 -0.006153880 -0.027028434 0.999615729 0.021175256
0.999981940 0.000329711 0.006002334 -0.002169968 -0.000550357 0.999322653 0.036795534 0.090749733 -0.005986136 -0.036798172 0.999304771 0.027419381
0.999978960 -0.001522907 0.006308057 -0.002849960 0.001243185 0.999025822 0.044112589 0.116698965 -0.006369092 -0.044103820 0.999006629 0.034889694
0.999967694 -0.005691185 0.005674686 -0.003692110 0.005406012 0.998781085 0.049061868 0.141442686 -0.005946990 -0.049029607 0.998779595 0.042643230
0.999957740 -0.008006993 0.004516925 -0.004064973 0.007759262 0.998594642 0.052426387 0.166567713 -0.004930355 -0.052389126 0.998614550 0.048499834
0.999956250 -0.008588579 0.003698133 -0.004728960 0.008364842 0.998352170 0.056771770 0.189713240 -0.004179628 -0.056738354 0.998380363 0.054384463
0.999963045 -0.008055172 0.003007842 -0.005092020 0.007851974 0.998022974 0.062358059 0.211232424 -0.003504201 -0.062332138 0.998049319 0.058941800
0.999989331 -0.002262548 0.004025306 -0.005966331 0.001973339 0.997512996 0.070454955 0.229573116 -0.004174703 -0.070446268 0.997506857 0.062079359
0.999998450 -0.001090554 0.001396133 -0.003795068 0.000973280 0.996680439 0.081407078 0.250262469 -0.001480277 -0.081405587 0.996679962 0.066590831
0.999992371 0.003046694 0.002447826 -0.004855068 -0.003267568 0.995378375 0.095974840 0.265216291 -0.002144107 -0.095982112 0.995380759 0.068664052
0.999995947 0.002830468 0.000377344 -0.003368853 -0.002854939 0.993669689 0.112304702 0.281483054 -0.000057080 -0.112305328 0.993673742 0.069325738
0.999998510 -0.001359890 -0.001090121 -0.008269346 0.001488107 0.991791785 0.127854615 0.288134098 0.000907305 -0.127856046 0.991792321 0.074420854
1.000000000 0.000000000 0.000000000 0.000000000 0.000000000 1.000000000 0.000000000 0.000000000 0.000000000 0.000000000 1.000000000 0.000000000
0.999985695 0.004243420 0.003250168 -0.000641533 -0.004217678 0.999960005 -0.007886584 -0.024124730 -0.003283505 0.007872763 0.999963641 -0.009392211
0.999923825 0.009493969 0.007889854 -0.001437265 -0.009342302 0.999775052 -0.019042708 -0.052644156 -0.008068869 0.018967547 0.999787569 -0.020613566
0.999778926 0.014952698 0.014781016 -0.000969959 -0.014476714 0.999389350 -0.031801198 -0.087264135 -0.015247504 0.031580184 0.999384940 -0.033689413
0.999420524 0.022425340 0.025607292 -0.002107757 -0.021229791 0.998713911 -0.046042055 -0.125230923 -0.026606865 0.045471735 0.998611212 -0.046928063
0.998900890 0.029658359 0.036295705 -0.001765504 -0.027380735 0.997718096 -0.061716378 -0.160949931 -0.038043290 0.060654745 0.997433543 -0.055957049
0.998630404 0.034050055 0.039722648 -0.000269363 -0.030953819 0.996618450 -0.076114967 -0.199751019 -0.042180043 0.074781150 0.996307492 -0.078361727
0.998605311 0.034493960 0.039970323 -0.003097227 -0.030672617 0.995234370 -0.092562146 -0.226110518 -0.042972676 0.091207050 0.994904339 -0.084162682
0.998834610 0.030416816 0.037473224 -0.008064490 -0.026170146 0.993694842 -0.109021470 -0.233374253 -0.040553033 0.107913733 0.993332803 -0.119850412
0.998748302 0.031348240 0.038975369 -0.007418263 -0.026475765 0.992446303 -0.119788989 -0.279510111 -0.042436134 0.118607149 0.992034018 -0.109860718
0.998769403 0.028594762 0.040521491 -0.007376358 -0.022989724 0.990902841 -0.132601202 -0.323182732 -0.043944556 0.131506443 0.990340829 -0.121419989
1.000000000 0.000000000 0.000000000 0.000000000 0.000000000 1.000000000 0.000000000 0.000000000 0.000000000 0.000000000 1.000000000 0.000000000
0.999999046 -0.000201553 0.001381921 0.000606717 0.000216095 0.999944508 -0.010531489 -0.008482021 -0.001379721 0.010531778 0.999943614 -0.003365042
0.999971628 0.004939055 0.005684113 0.001284347 -0.004864802 0.999903619 -0.013003745 -0.007666015 -0.005747791 0.012975723 0.999899268 -0.003508493
0.999911904 0.010781256 0.007743348 0.003189759 -0.010717056 0.999908268 -0.008285163 0.001163101 -0.007831963 0.008201446 0.999935687 -0.002546836
0.999811232 0.016511433 0.010239926 0.003636545 -0.016535193 0.999860764 0.002240119 0.017926112 -0.010201513 -0.002409015 0.999945045 -0.000461461
0.999828219 0.014477067 0.011571713 0.004672191 -0.014646254 0.999785066 0.014672229 0.040485933 -0.011356816 -0.014839191 0.999825418 0.005189351
0.999882877 0.012037884 0.009452107 0.005328118 -0.012298118 0.999532998 0.027974261 0.067192018 -0.009110942 -0.028087227 0.999563932 0.010116063
0.999936461 0.007664392 0.008264081 0.006087285 -0.007974578 0.999239087 0.038178656 0.097404726 -0.007965176 -0.038242135 0.999236763 0.018054692
0.999920666 0.010572689 0.006843329 0.007326983 -0.010869395 0.998933315 0.044879135 0.129924253 -0.006361537 -0.044949960 0.998968959 0.026598580
0.999965370 0.007214992 0.004151155 0.008380089 -0.007407872 0.998795986 0.048494957 0.161513925 -0.003796266 -0.048524030 0.998814821 0.031452704
0.999975801 0.006624432 -0.002131270 0.008352017 -0.006507464 0.998684287 0.050866034 0.196773544 0.002465424 -0.050850932 0.998703182 0.041468423
0.999972403 0.005876163 -0.004548764 0.010912758 -0.005611719 0.998408616 0.056113537 0.226709455 0.004871258 -0.056086462 0.998414040 0.047003206
0.999964952 0.001965777 -0.008139790 0.009729500 -0.001423006 0.997808158 0.066157900 0.255667984 0.008252001 -0.066143997 0.997775972 0.055881549
0.999992788 -0.000459482 -0.003773546 0.007757356 0.000757856 0.996838272 0.079453580 0.289176792 0.003725108 -0.079455860 0.996831417 0.058429193
0.999988973 -0.004591398 -0.000992519 0.009342909 0.004664454 0.995546520 0.094156027 0.327810913 0.000555791 -0.094159618 0.995556951 0.067183040
0.999991834 -0.002006200 0.003504833 0.001275624 0.001599562 0.993662000 0.112397909 0.345143199 -0.003708112 -0.112391382 0.993657112 0.083103046
0.999996245 -0.001490302 0.002306568 0.000949715 0.001183218 0.991794765 0.127834842 0.378832251 -0.002478154 -0.127831623 0.991792798 0.084781863
0.999996245 -0.002422836 -0.001296959 -0.002059997 0.002585688 0.989366412 0.145421416 0.381068707 0.000930835 -0.145424217 0.989368975 0.075777613
0.999978423 -0.002587709 -0.006037318 0.000469035 0.003492473 0.987902880 0.155034512 0.395536602 0.005563100 -0.155052245 0.987890601 0.075179406
0.999940932 -0.004819793 -0.009743783 -0.002379450 0.006317485 0.987087667 0.160056159 0.403694183 0.008846530 -0.160108253 0.987059832 0.071787447
0.999952614 0.000885275 -0.009696490 -0.002530892 0.000721894 0.986376822 0.164500132 0.385328203 0.009710020 -0.164499328 0.986329377 0.071091853
0.999871254 -0.005356861 -0.015127354 -0.000363193 0.007677357 0.987444758 0.157778069 0.373210073 0.014092232 -0.157873884 0.987358749 0.055139076
0.999901175 -0.003557036 -0.013601885 -0.005549212 0.005513675 0.989174306 0.146641567 0.344740450 0.012933026 -0.146702066 0.989096165 0.059490185
0.999914289 -0.002530108 -0.012847859 -0.003415266 0.004206886 0.991212428 0.132212743 0.311094910 0.012400446 -0.132255450 0.991138101 0.052604806
0.999949813 0.001118804 -0.009953669 -0.002464716 0.000064413 0.993003428 0.118085712 0.283538848 0.010016142 -0.118080422 0.992953539 0.056069758
0.999982595 0.001086204 -0.005795652 -0.006883456 -0.000456183 0.994192123 0.107618682 0.254317909 0.005878887 -0.107614167 0.994175375 0.050331973
0.999984503 0.005496875 -0.000913335 0.001259877 -0.005375285 0.994786263 0.101839811 0.218427837 0.001468374 -0.101833314 0.994800389 0.047250636
0.999970317 0.005848154 0.005016199 -0.001432179 -0.006306315 0.995284200 0.096796736 0.187875956 -0.004426461 -0.096825495 0.995291531 0.037164953
0.999960124 0.004760242 0.007555874 -0.000247272 -0.005437524 0.995715737 0.092306927 0.155055001 -0.007084100 -0.092344329 0.995701909 0.029148884
0.999923468 0.000969556 0.012335084 0.000671126 -0.002020441 0.996338665 0.085470043 0.122552574 -0.012207054 -0.085488416 0.996264398 0.020719675
0.999814689 -0.004216222 0.018782258 0.002691649 0.002769419 0.997073352 0.076400660 0.090293437 -0.019049410 -0.076334484 0.996900260 0.015489450
0.999570131 -0.008768089 0.027977005 0.006765939 0.006973853 0.997951269 0.063597597 0.056448460 -0.028477315 -0.063375153 0.997583389 0.008406084
0.999298811 -0.014108864 0.034681331 0.008584973 0.012466130 0.998810768 0.047134727 0.027681593 -0.035305101 -0.046669334 0.998286307 0.004144736
0.999151230 -0.014453220 0.038573954 0.011735694 0.013275276 0.999442935 0.030620659 0.000217872 -0.038995031 -0.030082589 0.998786449 -0.002102142
0.998983085 -0.014680152 0.042629201 0.012674156 0.014087445 0.999800324 0.014171079 -0.020519910 -0.042828720 -0.013556132 0.998990476 -0.007822454
0.999020219 -0.012178142 0.042547386 0.014199984 0.012050608 0.999922097 0.003252645 -0.032304812 -0.042583685 -0.002736737 0.999089181 -0.010878146
0.998960555 -0.010067734 0.044457730 0.015343175 0.010141126 0.999947548 -0.001425573 -0.037656251 -0.044441048 0.001874943 0.999010265 -0.011769088
0.998821735 -0.005704771 0.048193343 0.016900783 0.005798997 0.999981523 -0.001815564 -0.034732137 -0.048182093 0.002092898 0.998836398 -0.011761998
0.998784363 -0.001577124 0.049268100 0.017169267 0.001557236 0.999998689 0.000442042 -0.023189295 -0.049268734 -0.000364783 0.998785496 -0.008497215
0.998876572 -0.000155079 0.047387257 0.017192498 -0.000057089 0.999989986 0.004475954 -0.006689318 -0.047387473 -0.004473631 0.998866558 -0.004981956
0.998951733 0.000007881 0.045775555 0.017113196 -0.000387808 0.999965549 0.008290904 0.015289101 -0.045773916 -0.008299965 0.998917341 0.001077374
0.999038398 0.001190382 0.043828256 0.018942390 -0.001778106 0.999908984 0.013373168 0.039902423 -0.043808348 -0.013438240 0.998949587 0.008136314
0.999230206 -0.000749898 0.039222196 0.018766480 0.000062145 0.999846280 0.017533071 0.071345843 -0.039229311 -0.017517138 0.999076664 0.016572416
0.999397576 0.002721270 0.034598082 0.019826854 -0.003555937 0.999703586 0.024086051 0.103319161 -0.034522280 -0.024194568 0.999110997 0.024028851
0.999503374 0.003974805 0.031259578 0.020808564 -0.004921456 0.999529779 0.030265151 0.137094349 -0.031124583 -0.030403962 0.999053001 0.033974987
0.999505162 0.008227675 0.030359911 0.024934540 -0.009412046 0.999191880 0.039076619 0.170474514 -0.030013869 -0.039343029 0.998774886 0.042248547
0.999307930 0.011614356 0.035337463 0.024444316 -0.013389943 0.998637736 0.050432112 0.203492716 -0.034703590 -0.050870378 0.998102129 0.053091109
0.999544382 0.007931128 0.029122071 0.023402473 -0.009890024 0.997653365 0.067749314 0.235743761 -0.028516402 -0.068006463 0.997277260 0.057547741
0.999675572 -0.000654692 0.025461575 0.023207663 -0.001568471 0.996189892 0.087196492 0.279482096 -0.025421651 -0.087208144 0.995865703 0.059029363
0.999756694 -0.008617920 0.020305483 0.021871733 0.006318844 0.993835568 0.110683843 0.305104166 -0.021134177 -0.110528603 0.993648231 0.072221637
0.999707460 -0.014833830 0.019104391 0.018334221 0.012210852 0.991338968 0.130759165 0.335043728 -0.020878587 -0.130487636 0.991230071 0.076648131
0.999715686 -0.013426047 0.019706158 0.016841589 0.010340361 0.988770545 0.149083316 0.341990173 -0.021486467 -0.148837149 0.988628268 0.084387586
0.999769866 -0.013169046 0.016933605 0.023099324 0.010414033 0.988083065 0.153568834 0.396223724 -0.018754162 -0.153357148 0.987992823 0.068800323
0.999904573 -0.003947364 0.013240421 0.033023123 0.001755475 0.986848712 0.161637112 0.406662226 -0.013704333 -0.161598429 0.986761451 0.038356751
0.999947071 -0.000889333 0.010247971 0.014798705 -0.000804008 0.986450613 0.164056674 0.409004629 -0.010255017 -0.164056227 0.986397684 0.087739386
0.999988973 -0.004677832 0.000407180 0.014544788 0.004553257 0.987222970 0.159280017 0.433823645 -0.001147063 -0.159276411 0.987233341 0.083730109
0.999996305 0.001895303 -0.001959208 0.009944007 -0.001547807 0.986420572 0.164231703 0.415175349 0.002243872 -0.164228067 0.986419857 0.065959454
0.999956846 -0.000246538 -0.009287395 0.015903965 0.001716811 0.987335503 0.158636704 0.433715194 0.009130664 -0.158645794 0.987293363 0.040015973
0.999954700 0.002294745 -0.009236211 0.013544097 -0.000756928 0.986597300 0.163172424 0.388013631 0.009486860 -0.163158029 0.986554325 0.061367914
0.999944746 0.003743161 -0.009825135 0.015970811 -0.002097892 0.986721456 0.162408099 0.359880894 0.010302590 -0.162378505 0.986674786 0.041384395
0.999960601 0.005333550 -0.007099283 0.012136397 -0.004138125 0.987292051 0.158862501 0.328354597 0.007856366 -0.158826858 0.987275183 0.065502197
0.999955356 0.008424700 -0.004278782 0.011877086 -0.007657134 0.987811029 0.155469418 0.299641222 0.005536411 -0.155429721 0.987831414 0.057757977
0.999877274 0.015292143 0.003409293 0.015691252 -0.015631136 0.988480508 0.150539055 0.267981559 -0.001067955 -0.150573865 0.988598168 0.061822705
0.999711156 0.021720603 0.010285182 0.018826587 -0.022978880 0.989254653 0.144385770 0.229876325 -0.007038518 -0.144580409 0.989468038 0.058712080
0.999638200 0.022437043 0.014832776 0.014460028 -0.024236906 0.990540802 0.135061160 0.192022130 -0.011662096 -0.135371789 0.990726233 0.048142031
0.999613822 0.021614268 0.017465115 0.020414894 -0.023570005 0.992387295 0.120879665 0.158590928 -0.014719433 -0.121244639 0.992513537 0.046125129
0.999551475 0.019261036 0.022931835 0.017225962 -0.021529108 0.994431674 0.103160895 0.123940624 -0.020817155 -0.103608333 0.994400322 0.038211603
0.999382079 0.017101105 0.030708710 0.018698128 -0.019585840 0.996396482 0.082525611 0.086857960 -0.029186772 -0.083076075 0.996115685 0.031857662
0.999166071 0.016474208 0.037359741 0.019029321 -0.018724447 0.997980118 0.060704414 0.054291170 -0.036284219 -0.061353330 0.997456372 0.027307475
0.998873472 0.015294393 0.044920579 0.019423572 -0.017131217 0.999020696 0.040794287 0.023269266 -0.044252664 -0.041517872 0.998157263 0.020364009
0.998704314 0.015342850 0.048520863 0.018682651 -0.016536597 0.999567986 0.024297794 -0.004543873 -0.048127107 -0.025068684 0.998526573 0.013412924
0.998658299 0.010664118 0.050673947 0.018999556 -0.011223324 0.999879062 0.010763634 -0.027759491 -0.050553031 -0.011317922 0.998657227 0.007460594
0.998718679 0.007524926 0.050044242 0.018248983 -0.007609807 0.999969900 0.001505795 -0.046181247 -0.050031405 -0.001884693 0.998745859 0.001495327
0.998649299 0.001208512 0.051943466 0.017810334 -0.001062184 0.999995410 -0.002844577 -0.057741884 -0.051946662 0.002785562 0.998645961 -0.001738065
0.998447835 -0.000985051 0.055686433 0.017010704 0.001121506 0.999996424 -0.002419212 -0.060119845 -0.055683855 0.002477909 0.998445392 -0.002385727
0.998251379 -0.003671076 0.058997955 0.016877674 0.003637562 0.999993145 0.000675446 -0.055754874 -0.059000034 -0.000459656 0.998257875 0.000775761
0.998221219 -0.004244443 0.059467260 0.015613027 0.003921772 0.999976933 0.005541704 -0.047482613 -0.059489410 -0.005298629 0.998214900 0.002649772
0.997922361 -0.005623581 0.064181961 0.016967019 0.004921036 0.999926269 0.011098987 -0.031293903 -0.064239644 -0.010760087 0.997876465 0.008100968
0.997563004 -0.004435604 0.069630131 0.018527640 0.003222645 0.999841273 0.017522711 -0.012042115 -0.069696799 -0.017255615 0.997418940 0.015771378
0.997139871 0.001551309 0.075562634 0.019953979 -0.003379836 0.999704421 0.024076961 0.011153169 -0.075502940 -0.024263486 0.996850312 0.023673404
0.996734977 0.007544640 0.080389425 0.020528361 -0.009983392 0.999500692 0.029978119 0.034741223 -0.080123112 -0.030682798 0.996312618 0.027831284
0.996427357 0.016184460 0.082888871 0.022341749 -0.019193999 0.999180317 0.035640899 0.062364899 -0.082244098 -0.037104536 0.995921254 0.035518672
0.996271372 0.020940149 0.083695158 0.024896301 -0.024568150 0.998791993 0.042555518 0.089563265 -0.082702935 -0.044453077 0.995582342 0.045945708
0.996730149 0.023840744 0.077205084 0.026818454 -0.027890854 0.998267233 0.051812917 0.116320446 -0.075836055 -0.053796813 0.995667994 0.050424647
0.997088909 0.025986992 0.071682833 0.027723232 -0.030479848 0.997591197 0.062312339 0.142858043 -0.069890849 -0.064315826 0.995479167 0.055821840
0.997845650 0.027374344 0.059621744 0.029591398 -0.031775907 0.996738970 0.074173883 0.167205378 -0.057396851 -0.075908616 0.995461464 0.059119835
0.998585463 0.026478514 0.046107952 0.031131845 -0.030367479 0.995849788 0.085796520 0.191643387 -0.043644827 -0.087075338 0.995245218 0.059131972
0.999202788 0.021657817 0.033536322 0.027574120 -0.024913687 0.994682848 0.099926502 0.210399315 -0.031193815 -0.100682348 0.994429469 0.056224164
0.999636650 0.017459709 0.020535516 0.028653773 -0.019704767 0.993197739 0.114760324 0.223213494 -0.018392147 -0.115123272 0.993180931 0.052931827
0.999863148 0.011144404 0.012226950 0.028406354 -0.012644853 0.991376221 0.130435169 0.233501881 -0.010667885 -0.130571932 0.991381466 0.048160251
0.999988973 0.003456226 0.003186964 0.027999286 -0.003884771 0.989262223 0.146099687 0.243259385 -0.002647790 -0.146110445 0.989264727 0.042136751
0.999982178 -0.003328548 -0.004959884 0.027254367 0.004100210 0.986328363 0.164740756 0.246134341 0.004343727 -0.164758161 0.986324430 0.038210254
0.999897957 -0.009686437 -0.010497291 0.025588898 0.011446408 0.983002961 0.183232382 0.246680841 0.008544000 -0.183333859 0.983013570 0.032003395
0.999847770 -0.013839958 -0.010624695 0.025093146 0.015723778 0.978661537 0.204876512 0.245335564 0.007562498 -0.205012381 0.978730142 0.024246316
0.999813795 -0.018817635 -0.004274148 0.023114955 0.019296451 0.973387182 0.228352875 0.247052088 -0.000136661 -0.228392839 0.973569036 0.021874320
0.999769151 -0.019660372 0.008664870 0.024196647 0.016815372 0.967051327 0.254025549 0.247516125 -0.013373611 -0.253821224 0.967158675 0.018768743
0.999480128 -0.025278974 0.020011386 0.024785025 0.018842597 0.961639762 0.273667485 0.249147043 -0.026161777 -0.273148149 0.961616158 0.016438982
0.999092937 -0.030118223 0.030103976 0.022381110 0.020019412 0.956148982 0.292195767 0.246521458 -0.037584301 -0.291328043 0.955884635 0.012305893
0.998790145 -0.035937950 0.033566996 0.020778874 0.023811534 0.950666308 0.309300065 0.243771389 -0.043026626 -0.308126569 0.950371861 0.010697056
0.998695493 -0.037768360 0.034362864 0.018721815 0.024453290 0.944547176 0.327464074 0.242188871 -0.044825125 -0.326196641 0.944238544 0.003357673
0.998395503 -0.044393789 0.035151564 0.017228536 0.029459419 0.937365711 0.347098857 0.241221070 -0.048358902 -0.345506400 0.937169552 0.001856899
0.998199463 -0.048412386 0.035413139 0.015360842 0.032071967 0.929692507 0.366937697 0.241405591 -0.050687656 -0.365141213 0.929571211 -0.007314939
0.996932685 -0.074331149 0.024496313 0.013652525 0.059802700 0.925406039 0.374228954 0.246081173 -0.050485898 -0.371616125 0.927012742 -0.032850649
0.995120943 -0.098038487 0.011079641 0.020052468 0.086702548 0.922551394 0.376007438 0.257594615 -0.047084734 -0.373212218 0.926550388 -0.038549367
1.000000000 0.000000000 0.000000000 0.000000000 0.000000000 1.000000000 0.000000000 0.000000000 0.000000000 0.000000000 1.000000000 0.000000000
0.999989092 -0.001294747 -0.004484574 0.003847959 0.001259268 0.999967933 -0.007905133 -0.001782763 0.004494666 0.007899400 0.999958694 -0.000310234
0.999960303 -0.001467703 -0.008790392 0.008576864 0.001327268 0.999871731 -0.015960589 -0.004359746 0.008812690 0.015948288 0.999834001 0.000758593
0.999941111 0.000305660 -0.010849603 0.011962834 -0.000561533 0.999721587 -0.023588350 -0.005857297 0.010839373 0.023593051 0.999662876 0.002017618
0.999892652 0.005106571 -0.013735126 0.013847129 -0.005510455 0.999548733 -0.029529940 -0.006867565 0.013578131 0.029602457 0.999469519 0.004144140
0.999814034 0.008215425 -0.017448127 0.014730429 -0.008805384 0.999382734 -0.034008984 -0.008147839 0.017157961 0.034156296 0.999269187 0.006183962
0.999663532 0.014283250 -0.021652577 0.015665796 -0.015053351 0.999244511 -0.035830691 -0.009933983 0.021124439 0.036144577 0.999123275 0.008081434
0.999562621 0.017313330 -0.023975959 0.016309589 -0.018138977 0.999234617 -0.034658324 -0.011629646 0.023357557 0.035078067 0.999111593 0.010031246
0.999450803 0.021516209 -0.025202334 0.017287072 -0.022265783 0.999306381 -0.029849146 -0.013552085 0.024542611 0.030393902 0.999236643 0.012040862
0.999350727 0.024996385 -0.025947452 0.020278104 -0.025647465 0.999356627 -0.025070256 -0.015179696 0.025304094 0.025719466 0.999348879 0.013933217
0.999279797 0.026368234 -0.027287252 0.024041934 -0.026983116 0.999384522 -0.022416247 -0.016993634 0.026679382 0.023136398 0.999376237 0.016749315
0.999330223 0.025311293 -0.026427424 0.029216018 -0.025861608 0.999451339 -0.020693656 -0.018937843 0.025889141 0.021363251 0.999436498 0.019644018
0.999404609 0.023183836 -0.025553744 0.036637772 -0.023680540 0.999533057 -0.019309491 -0.021301618 0.025094144 0.019903120 0.999486923 0.022753980
0.999510467 0.020789828 -0.023380022 0.045864236 -0.021201082 0.999622405 -0.017481752 -0.024429055 0.023007751 0.017968874 0.999573767 0.025999205
0.999596357 0.018217402 -0.021799628 0.056681003 -0.018572746 0.999696076 -0.016210638 -0.026901642 0.021497685 0.016608972 0.999630928 0.029660162
0.999694943 0.014024123 -0.020331390 0.068646885 -0.014302720 0.999804914 -0.013622810 -0.029895699 0.020136375 0.013909449 0.999700487 0.032545283
0.999752223 0.009176722 -0.020279139 0.083263829 -0.009416072 0.999886751 -0.011738998 -0.032372888 0.020169117 0.011927039 0.999725461 0.035821341
0.999805212 0.004533216 -0.019209694 0.099193402 -0.004744049 0.999928832 -0.010944028 -0.034787603 0.019158717 0.011033027 0.999755561 0.038440548
0.999866188 0.000640172 -0.016346185 0.116203897 -0.000832803 0.999930263 -0.011780367 -0.038006220 0.016337505 0.011792404 0.999796987 0.040457107
0.999906063 -0.004510429 -0.012941962 0.134225354 0.004300759 0.999859810 -0.016183108 -0.041933656 0.013013141 0.016125929 0.999785304 0.043475203
0.999917328 -0.009770738 -0.008357441 0.152752727 0.009582406 0.999705732 -0.022285383 -0.046350453 0.008572726 0.022203457 0.999716699 0.045570593
0.999841452 -0.017565485 -0.002920808 0.171098396 0.017467976 0.999379098 -0.030599127 -0.049998190 0.003456483 0.030543255 0.999527454 0.049584486
0.999740243 -0.022485428 0.003724343 0.189613879 0.022603828 0.999111176 -0.035580475 -0.054207932 -0.002920990 0.035655420 0.999359846 0.051618218
0.999575555 -0.027751168 0.008866429 0.208321586 0.028073067 0.998863459 -0.038518842 -0.056198560 -0.007787410 0.038751397 0.999218524 0.053981997
0.999383509 -0.031261586 0.015978854 0.225881010 0.031804204 0.998884082 -0.034914851 -0.058274947 -0.014869530 0.035401523 0.999262571 0.056395907
0.999113142 -0.033832479 0.025066406 0.242201850 0.034540135 0.999000907 -0.028357597 -0.058054727 -0.024081953 0.029198246 0.999283493 0.060746603
0.998752356 -0.035392851 0.035229195 0.258858144 0.035967872 0.999227643 -0.015824448 -0.058804866 -0.034641910 0.017071825 0.999253988 0.065191582
0.998304665 -0.042247772 0.040037151 0.274699271 0.042563632 0.999068737 -0.007069439 -0.057651527 -0.039701197 0.008761580 0.999173164 0.066725135
0.998134434 -0.043079287 0.043264359 0.285983384 0.043024950 0.999071598 0.002186817 -0.058102347 -0.043318398 -0.000321290 0.999061286 0.068814933
0.998049617 -0.043820385 0.044459939 0.297019750 0.043623876 0.999033511 0.005381054 -0.056978311 -0.044652767 -0.003431044 0.998996675 0.073147833
0.998152077 -0.042326756 0.043599423 0.306428552 0.042071730 0.999091804 0.006750744 -0.056265756 -0.043845560 -0.004903966 0.999026299 0.073473334
0.998205066 -0.043214392 0.041463029 0.313643366 0.043042336 0.999060571 0.005033867 -0.056304730 -0.041641612 -0.003240166 0.999127328 0.076842472
0.998236775 -0.045169644 0.038511012 0.318180948 0.045145907 0.998979270 0.001486265 -0.055334933 -0.038538840 0.000254970 0.999257088 0.077073008
0.998417199 -0.043655697 0.035457853 0.320627928 0.043783028 0.999037087 -0.002822104 -0.054749731 -0.035300512 0.004370089 0.999367177 0.078311093
0.998339176 -0.046558566 0.033928819 0.321280360 0.046773806 0.998889923 -0.005577638 -0.054049041 -0.033631466 0.007155354 0.999408662 0.077596962
0.998258829 -0.048172008 0.034040987 0.318905622 0.048431668 0.998803020 -0.006844528 -0.052873451 -0.033670530 0.008481272 0.999396980 0.078940295
0.998212159 -0.046722788 0.037276115 0.316131145 0.046975356 0.998878479 -0.005928382 -0.052457690 -0.036957320 0.007668842 0.999287426 0.078104988
0.998154998 -0.045914575 0.039729383 0.310936600 0.046154425 0.998921096 -0.005140603 -0.052705694 -0.039450493 0.006964806 0.999197245 0.074574366
0.998164117 -0.046038542 0.039354790 0.302956969 0.046356302 0.998899043 -0.007199767 -0.051694598 -0.038979996 0.009010891 0.999199390 0.071323946
0.998231649 -0.045646820 0.038077474 0.292956799 0.045972858 0.998912752 -0.007730834 -0.051690239 -0.037683189 0.009467693 0.999244869 0.068657599
0.998374164 -0.046498369 0.032968216 0.282165080 0.046749871 0.998882830 -0.006898827 -0.050267652 -0.032610603 0.008428871 0.999432564 0.065222099
0.998696327 -0.042161644 0.028774995 0.269112140 0.042295404 0.999096930 -0.004055591 -0.048034772 -0.028578021 0.005267355 0.999577701 0.061938025
0.998877048 -0.040249575 0.024992129 0.254038662 0.040301453 0.999186337 -0.001575250 -0.045223225 -0.024908392 0.002580700 0.999686420 0.058722090
0.999017835 -0.038781956 0.021431208 0.237168044 0.038808763 0.999246299 -0.000836167 -0.042440906 -0.021382626 0.001667065 0.999769986 0.056241121
0.999170840 -0.037794512 0.015139449 0.219965130 0.037808273 0.999284804 -0.000623812 -0.040650725 -0.015105044 0.001195691 0.999885201 0.052215975
0.999326229 -0.035230998 0.010288583 0.200614199 0.035265643 0.999372840 -0.003205178 -0.038054846 -0.010169208 0.003565852 0.999941945 0.049373988
0.999499321 -0.031328920 0.004431902 0.180858389 0.031364005 0.999475360 -0.008081956 -0.035651919 -0.004176378 0.008216912 0.999957502 0.046288013
0.999628425 -0.027236816 -0.001054792 0.159611523 0.027221642 0.999552310 -0.012414328 -0.034331132 0.001392447 0.012381001 0.999922395 0.040652208
0.999716341 -0.022866881 -0.006658870 0.137832984 0.022747708 0.999588847 -0.017453713 -0.033193775 0.007055245 0.017297288 0.999825478 0.035298031
0.999743104 -0.020074904 -0.010524336 0.115491293 0.019837670 0.999557137 -0.022180960 -0.032430295 0.010964956 0.021966483 0.999698579 0.029901866
0.999743342 -0.017226744 -0.014713064 0.092737503 0.016850665 0.999537528 -0.025313426 -0.031281844 0.015142327 0.025059003 0.999571264 0.024875946
0.999732256 -0.014987727 -0.017630003 0.068520598 0.014552907 0.999592960 -0.024538640 -0.030282492 0.017990604 0.024275500 0.999543428 0.020530555
0.999722958 -0.008553520 -0.021928282 0.044902623 0.008067712 0.999722123 -0.022147944 -0.027641078 0.022111634 0.021964898 0.999514163 0.016456960
0.999614775 -0.005035831 -0.027294204 0.021295691 0.004561529 0.999837995 -0.017411839 -0.025271874 0.027377464 0.017280627 0.999475777 0.011941412
0.999525011 -0.000138181 -0.030818544 -0.002254964 -0.000315439 0.999891698 -0.014713695 -0.021656014 0.030817240 0.014716428 0.999416709 0.010033096
0.999489427 0.003941110 -0.031707436 -0.026181802 -0.004375145 0.999897540 -0.013631043 -0.019309476 0.031650469 0.013762808 0.999404252 0.007142847
0.999429047 0.006316557 -0.033192459 -0.050464969 -0.006825278 0.999860644 -0.015235506 -0.015945209 0.033091601 0.015453355 0.999332845 0.003784753
0.999279201 0.008688535 -0.036953066 -0.073520847 -0.009345760 0.999800563 -0.017649993 -0.012888136 0.036792342 0.017982624 0.999161124 0.001767777
0.999185503 0.009935335 -0.039109685 -0.096368708 -0.010728295 0.999740064 -0.020117879 -0.009659735 0.038899638 0.020521075 0.999032378 -0.000715777
0.999033689 0.012313171 -0.042190790 -0.119830355 -0.013230749 0.999680459 -0.021538548 -0.007038919 0.041912101 0.022075951 0.998877406 -0.003992392
0.998914361 0.015207302 -0.044032503 -0.143243790 -0.016229521 0.999604821 -0.022951430 -0.003257620 0.043666076 0.023641137 0.998766422 -0.006905371
0.998619258 0.017336637 -0.049588453 -0.166350469 -0.018466301 0.999578238 -0.022414044 0.000781986 0.049178954 0.023298811 0.998518229 -0.009516405
0.998223603 0.020879308 -0.055800099 -0.188029826 -0.021956442 0.999582887 -0.018760571 0.005255916 0.055385116 0.019952418 0.998265684 -0.009716447
0.997623563 0.025071228 -0.064176932 -0.207701877 -0.025832290 0.999605119 -0.011056505 0.009395238 0.063874394 0.012688067 0.997877300 -0.014288091
0.996991634 0.029950179 -0.071488962 -0.224212244 -0.030367494 0.999527454 -0.004757525 0.014083241 0.071312696 0.006914154 0.997430027 -0.010839105
0.996276259 0.030846072 -0.080512062 -0.242400914 -0.030994279 0.999519408 -0.000591397 0.017413901 0.080455124 0.003084608 0.996753454 -0.013741074
0.995344102 0.030072421 -0.091573700 -0.254058272 -0.030334048 0.999538720 -0.001466200 0.020236313 0.091487363 0.004237175 0.995797217 -0.011542911
0.994705856 0.029923147 -0.098310024 -0.267117530 -0.030591285 0.999517977 -0.005295562 0.020998109 0.098104179 0.008274957 0.995141745 -0.014888073
0.993954062 0.032542922 -0.104862973 -0.273921132 -0.034070991 0.999337256 -0.012813319 0.023452548 0.104376495 0.016308635 0.994404137 -0.012967344
0.993334532 0.033010174 -0.110439129 -0.282461524 -0.035306480 0.999197781 -0.018901389 0.023691684 0.109726600 0.022674620 0.993703127 -0.016612396
0.993109286 0.035161205 -0.111792788 -0.288398743 -0.037879087 0.999033928 -0.022280864 0.024550153 0.110901371 0.026361942 0.993481696 -0.022274598
0.993205905 0.041842729 -0.108587258 -0.291799068 -0.044680782 0.998716950 -0.023835003 0.026212692 0.107450612 0.028524831 0.993801117 -0.026587382
0.993320704 0.040618241 -0.108000822 -0.288860142 -0.043236271 0.998822391 -0.022009743 0.024982795 0.106979646 0.026532287 0.993907154 -0.028770402
0.994108319 0.046874899 -0.097731434 -0.282027602 -0.049347047 0.998516083 -0.023032198 0.026139976 0.096506782 0.027719257 0.994946301 -0.014490089
0.994651794 0.046685413 -0.092131615 -0.273218572 -0.048901238 0.998562634 -0.021940351 0.025442790 0.090974897 0.026328359 0.995505095 -0.015356123
0.995371878 0.046674132 -0.084002048 -0.261797339 -0.048710704 0.998562634 -0.022359256 0.023961985 0.082837701 0.026347574 0.996214688 -0.016487185
0.995888948 0.046530388 -0.077718072 -0.247000784 -0.048646048 0.998489141 -0.025553530 0.022824723 0.076411642 0.029229155 0.996647835 -0.017503660
0.996466875 0.046071872 -0.070222259 -0.231406868 -0.048198856 0.998419523 -0.028901152 0.020632915 0.068779752 0.032183673 0.997112632 -0.017628131
0.996863723 0.045793254 -0.064542554 -0.213219374 -0.047973353 0.998315096 -0.032641951 0.018671962 0.062939025 0.035635900 0.997380972 -0.018824665
0.997379303 0.044087071 -0.057365842 -0.195098177 -0.046152141 0.998314559 -0.035185166 0.016841097 0.055717945 0.037740514 0.997732997 -0.018688740
0.997767031 0.042584624 -0.051453888 -0.174472287 -0.044414293 0.998401463 -0.034954857 0.014900757 0.049883097 0.037162092 0.998063445 -0.018320633
0.998152912 0.037940256 -0.047448169 -0.152233988 -0.039473474 0.998714328 -0.031804938 0.012387796 0.046180476 0.033619132 0.998367250 -0.016631708
0.998383343 0.033946931 -0.045588933 -0.130982161 -0.035188295 0.999023736 -0.026708575 0.010951692 0.044637755 0.028269591 0.998603165 -0.014927092
0.998608470 0.028792080 -0.044183679 -0.108545393 -0.029729318 0.999343574 -0.020703742 0.009383885 0.043558568 0.021988483 0.998808861 -0.012510696
0.998775303 0.025916312 -0.042145841 -0.084314190 -0.026585225 0.999528110 -0.015389038 0.007400551 0.041727126 0.016490648 0.998992920 -0.009730827
0.998825133 0.019916546 -0.044177867 -0.058426160 -0.020428658 0.999728918 -0.011171006 0.004839043 0.043943405 0.012060376 0.998961210 -0.013914010
0.998848617 0.018880976 -0.044100963 -0.034879800 -0.019387098 0.999750674 -0.011077012 0.002856977 0.043880820 0.011919248 0.998965681 -0.010003627
0.998762906 0.016684415 -0.046842709 -0.012087821 -0.017306739 0.999766886 -0.012911401 0.000695153 0.046616368 0.013706123 0.998818815 -0.007174912
0.998642147 0.015266629 -0.049807154 0.010939252 -0.016000627 0.999768674 -0.014371492 -0.001760499 0.049576230 0.015148923 0.998655438 -0.004327803
0.998694897 0.012367262 -0.049553294 0.031777103 -0.013083171 0.999814272 -0.014149047 -0.004542546 0.049369108 0.014778894 0.998671234 -0.000340396
0.998748600 0.010431975 -0.048912577 0.052391630 -0.011067914 0.999857485 -0.012748783 -0.006805923 0.048772611 0.013274189 0.998721719 0.002507054
0.998833239 0.006718764 -0.047822643 0.072178394 -0.007226712 0.999919236 -0.010456527 -0.008625616 0.047748525 0.010789927 0.998801112 0.006973448
0.999027729 0.005427952 -0.043750670 0.089021102 -0.005778179 0.999952257 -0.007882585 -0.009543689 0.043705795 0.008127720 0.999011397 0.010582801
0.999209821 0.003772005 -0.039566301 0.105145201 -0.003991568 0.999977052 -0.005471732 -0.009834306 0.039544754 0.005625339 0.999201953 0.016057886
0.999329209 -0.000410582 -0.036618538 0.118664481 0.000277861 0.999993384 -0.003629450 -0.010087880 0.036619782 0.003616841 0.999322712 0.020231692
0.999395192 -0.003939074 -0.034550022 0.129240274 0.003800106 0.999984443 -0.004086967 -0.009234363 0.034565587 0.003953201 0.999394596 0.025931025
0.999552906 -0.004106497 -0.029616652 0.139355943 0.003928452 0.999973893 -0.006067335 -0.008758774 0.029640796 0.005948275 0.999542892 0.031290673
0.999796808 -0.008264578 -0.018386297 0.148181856 0.008018349 0.999877751 -0.013425606 -0.009259365 0.018495005 0.013275451 0.999740839 0.038275700
0.999916494 -0.012718707 -0.002282182 0.155550957 0.012655247 0.999583185 -0.025947306 -0.009457485 0.002611247 0.025916260 0.999660730 0.044158567
0.999794602 -0.017258890 0.010624275 0.161508754 0.017724581 0.998810649 -0.045422260 -0.010247919 -0.009827701 0.045601238 0.998911381 0.051771984
0.999604583 -0.018211026 0.021426167 0.165923968 0.019575421 0.997673988 -0.065294661 -0.011942856 -0.020187248 0.065688260 0.997635961 0.056616560
0.999290884 -0.018301005 0.032905195 0.169378877 0.021067599 0.996089756 -0.085798554 -0.014482838 -0.031206328 0.086430945 0.995768964 0.061061483
0.998818576 -0.019431680 0.044540178 0.172229216 0.024147391 0.993867338 -0.107910424 -0.016615823 -0.042170148 0.108858466 0.993162394 0.065256417
0.998252928 -0.021674534 0.054966521 0.174480632 0.028432937 0.991708815 -0.125320584 -0.019872168 -0.051794518 0.126664490 0.990592480 0.068738103
0.997603178 -0.025207780 0.064439550 0.177081257 0.033770259 0.990208447 -0.135450363 -0.023428971 -0.060394187 0.137301862 0.988686383 0.071600348
0.996880949 -0.033987906 0.071226507 0.180243254 0.043450061 0.989780307 -0.135819972 -0.026480213 -0.065882355 0.138491124 0.988169909 0.074449129
0.996024787 -0.040090676 0.079544932 0.183553696 0.050161194 0.990382671 -0.128941998 -0.029958693 -0.073610544 0.132419482 0.988456666 0.079257011
0.994832098 -0.050866738 0.087873057 0.190107003 0.061345369 0.990756333 -0.120990433 -0.035046272 -0.080906391 0.125755772 0.988756597 0.086497001
0.993483484 -0.059637092 0.097128779 0.196256414 0.070456408 0.991199613 -0.112067901 -0.041251466 -0.089590609 0.118180953 0.988942266 0.093000539
0.991989613 -0.069254920 0.105642498 0.202077940 0.080228105 0.991396010 -0.103427991 -0.046991777 -0.097570658 0.111074984 0.989010751 0.101514615
0.990867615 -0.075087056 0.111996666 0.208269298 0.085737094 0.991919041 -0.093519114 -0.053744547 -0.104069546 0.102267332 0.989298224 0.110845588
0.990281999 -0.079446018 0.114148594 0.214122966 0.089274868 0.992480636 -0.083738759 -0.061037421 -0.106637560 0.093115583 0.989928246 0.119673103
0.990243375 -0.081272028 0.113194332 0.218195200 0.090051718 0.993129134 -0.074734271 -0.069461465 -0.106342778 0.084198460 0.990758181 0.130676016
0.990402460 -0.085274264 0.108771458 0.220184401 0.092924371 0.993395388 -0.067310542 -0.078767926 -0.102313206 0.076772049 0.991785288 0.140209585
0.991337419 -0.085460976 0.099732362 0.220454797 0.091983244 0.993782282 -0.062736116 -0.088008568 -0.093750767 0.071366362 0.993034542 0.151270509
0.992581129 -0.082963631 0.088880211 0.218560368 0.088783205 0.994015038 -0.063652314 -0.098712258 -0.083067447 0.071071155 0.994006395 0.163828239
0.994172215 -0.075907148 0.076548725 0.213173851 0.081316330 0.994212210 -0.070211776 -0.109659128 -0.070776105 0.076027252 0.994590640 0.176007330
0.995763004 -0.067266136 0.062700555 0.205234438 0.072192341 0.994182885 -0.079929329 -0.120570727 -0.056959283 0.084117167 0.994826615 0.186402664
0.997291028 -0.055722058 0.048017859 0.195677593 0.059836291 0.994232833 -0.088998005 -0.131685540 -0.042781778 0.091630116 0.994873703 0.197264478
0.998543143 -0.042804711 0.032853156 0.183239892 0.045849003 0.994098067 -0.098320134 -0.140694380 -0.028450694 0.099683188 0.994612396 0.208220169
0.999435008 -0.028813271 0.017304346 0.168007731 0.030458642 0.994123995 -0.103873819 -0.148910284 -0.014209721 0.104342192 0.994439960 0.218730524
0.999827087 -0.017733637 -0.005597150 0.153202087 0.017059721 0.994486928 -0.103463314 -0.157114759 0.007401074 0.103349932 0.994617522 0.224018112
0.999565542 -0.005754028 -0.028907970 0.131764755 0.002743696 0.994665682 -0.103114486 -0.162516057 0.029347088 0.102990374 0.994249344 0.231288254
0.998416305 0.003743123 -0.056132607 0.106740505 -0.009299467 0.995038569 -0.099054500 -0.164754704 0.055483334 0.099419639 0.993497550 0.230851069
0.996218681 0.016411979 -0.085317150 0.082529016 -0.024385028 0.995342493 -0.093267068 -0.165232643 0.083389089 0.094994858 0.991978943 0.238325834
0.993597150 0.030508880 -0.108783834 0.052319847 -0.039730456 0.995703995 -0.083636068 -0.165076584 0.105764858 0.087422587 0.990540802 0.228926644
0.989492536 0.040454384 -0.138808966 0.025232259 -0.051354479 0.995794833 -0.075864054 -0.159404770 0.135156214 0.082195379 0.987409115 0.229688942
0.984745324 0.052272681 -0.165964484 -0.002919121 -0.064741209 0.995399714 -0.070625924 -0.151349425 0.161509186 0.080293290 0.983599424 0.227162287
0.979667068 0.068854645 -0.188444778 -0.035021514 -0.082260489 0.994537055 -0.064259678 -0.142312005 0.182990745 0.078454658 0.979979217 0.214836568
0.975013673 0.085162662 -0.205172181 -0.066241510 -0.099706538 0.993107975 -0.061604463 -0.129785955 0.198511750 0.080522202 0.976785183 0.210245684
0.969886839 0.090332791 -0.226184770 -0.096333429 -0.106054485 0.992648304 -0.058324710 -0.117932357 0.219253287 0.080556273 0.972336709 0.197820440
0.963560998 0.089766733 -0.251976371 -0.119637363 -0.106389783 0.992904961 -0.053112961 -0.105736509 0.245420814 0.077985294 0.966274738 0.177328497
0.959282279 0.093620941 -0.266482025 -0.145345703 -0.110338703 0.992713153 -0.048435621 -0.089771464 0.260005623 0.075866714 0.962622106 0.162286192
0.956451178 0.098641522 -0.274719834 -0.164034903 -0.114446707 0.992538214 -0.042069092 -0.075416148 0.268520176 0.071677811 0.960603595 0.148555651
0.955145895 0.099104702 -0.279060096 -0.178000316 -0.113828346 0.992810488 -0.037018895 -0.058577441 0.273385078 0.067123391 0.959559798 0.129280075
0.955355883 0.102601200 -0.277070701 -0.187778994 -0.116179705 0.992679894 -0.032998122 -0.041348442 0.271656871 0.063714944 0.960282743 0.110665299
0.957315028 0.101731740 -0.270552456 -0.192748308 -0.114316620 0.992956579 -0.031128198 -0.023211481 0.265480101 0.060728133 0.962201834 0.093319684
0.959609985 0.096224464 -0.264366210 -0.192663968 -0.107307620 0.993837893 -0.027771886 -0.005692322 0.260064840 0.055018689 0.964022398 0.075525537
0.963280857 0.088264704 -0.253573120 -0.189625531 -0.097314358 0.994979858 -0.023344144 0.012387925 0.250239670 0.047163270 0.967034519 0.061418660
0.967547119 0.075341940 -0.241197377 -0.182954043 -0.081716850 0.996518612 -0.016522778 0.028755968 0.239112824 0.035696454 0.970335424 0.046522297
