1.000000000 0.000000000 0.000000000 0.000000000 0.000000000 1.000000000 0.000000000 -0.000000089 0.000000000 0.000000000 1.000000000 0.000000075
0.999996543 -0.002190524 0.001463163 -0.002058315 0.002194235 0.999994338 -0.002539863 -0.002822939 -0.001457591 0.002543065 0.999995708 0.000794983
0.999990225 -0.003776517 0.002296724 -0.001468804 0.003793133 0.999966323 -0.007274109 -0.005251764 -0.002269176 0.007282750 0.999970913 0.003748091
0.999971449 -0.006891294 0.003105180 -0.002119049 0.006945288 0.999818742 -0.017726613 -0.009359518 -0.002982457 0.017747672 0.999838054 0.007019642
0.999942601 -0.010179900 0.003343189 -0.001275126 0.010268763 0.999562502 -0.027736306 -0.013347123 -0.003059374 0.027769044 0.999609709 0.009828192
0.999952078 -0.008552425 0.004770227 -0.003038698 0.008702576 0.999437153 -0.032398392 -0.021437997 -0.004490457 0.032438349 0.999463677 0.013801316
0.999901295 -0.013199237 0.004812001 -0.006584346 0.013370025 0.999211669 -0.037380185 -0.033018280 -0.004314817 0.037440833 0.999289513 0.017322244
0.999840260 -0.017559221 0.003336697 -0.007378633 0.017691774 0.998828292 -0.045045543 -0.048510578 -0.002541822 0.045097377 0.998979390 0.020092195
0.999805927 -0.019604087 0.001944766 -0.008622216 0.019677859 0.998500347 -0.051086463 -0.068418264 -0.000940346 0.051114820 0.998692334 0.022230089
0.999736667 -0.022940800 -0.000580865 -0.007054856 0.022863548 0.997903287 -0.060549449 -0.084100738 0.001968700 0.060520221 0.998165011 0.023362933
0.999723017 -0.023505513 -0.001153598 -0.008288150 0.023389190 0.997811198 -0.061852589 -0.105282843 0.002604950 0.061808474 0.998084605 0.024405308
0.999735236 -0.022976464 -0.001217271 -0.008558400 0.022850418 0.997662663 -0.064398125 -0.124698535 0.002694067 0.064353257 0.997923553 0.025315236
0.999795616 -0.020175099 0.001315329 -0.014580571 0.020217892 0.997806251 -0.063039422 -0.145863459 -0.000040617 0.063053131 0.998010159 0.027133634
0.999813199 -0.019305142 0.000949175 -0.013837044 0.019325620 0.997618198 -0.066214778 -0.149127975 0.000331372 0.066220753 0.997804940 0.031211771
0.999826491 -0.018505875 0.002134500 -0.016585696 0.018608667 0.997475207 -0.068534121 -0.151740387 -0.000860827 0.068561941 0.997646511 0.036134936
0.999856114 -0.016868442 0.001778949 -0.016624134 0.016949173 0.997666717 -0.066135064 -0.155941233 -0.000659202 0.066155702 0.997809112 0.042668168
0.999883115 -0.015010176 0.002911941 -0.020753434 0.015157767 0.998087108 -0.059936043 -0.164207011 -0.002006721 0.059973177 0.998197973 0.046987098
0.999900639 -0.014024083 0.001409944 -0.018683886 0.014083285 0.998113215 -0.059763730 -0.158407062 -0.000569152 0.059777647 0.998211563 0.055160817
0.999900758 -0.014015037 0.001443598 -0.020255595 0.014075230 0.998212636 -0.058080997 -0.154791400 -0.000627010 0.058095548 0.998310804 0.061045267
0.999884963 -0.015115484 0.001280983 -0.021674762 0.015163547 0.998309910 -0.056101989 -0.151761547 -0.000430810 0.056114960 0.998424232 0.067119673
0.999845386 -0.017572204 0.000681768 -0.025324712 0.017583748 0.998463571 -0.052547727 -0.156831220 0.000242658 0.052551586 0.998618186 0.069054574
0.999832094 -0.018319832 -0.000378098 -0.025562817 0.018278217 0.998589635 -0.049845658 -0.157743916 0.001290729 0.049830377 0.998756886 0.072139561
0.999830723 -0.018384892 -0.000722246 -0.026795696 0.018327527 0.998633564 -0.048940055 -0.158499494 0.001621017 0.048918530 0.998801470 0.075720377
0.999847174 -0.017462036 -0.000845230 -0.025952211 0.017398952 0.998626888 -0.049412932 -0.159899890 0.001706920 0.049390677 0.998778105 0.078206174
0.999855101 -0.017023087 0.000049735 -0.028272128 0.017005958 0.998709261 -0.047859795 -0.163354233 0.000765050 0.047853708 0.998854041 0.079848096
0.999855697 -0.016971031 -0.000789317 -0.026920062 0.016913192 0.998692155 -0.048248589 -0.164618269 0.001607113 0.048228279 0.998835027 0.081298731
0.999850094 -0.017305458 -0.000572084 -0.027493078 0.017256895 0.998658359 -0.048822634 -0.169015050 0.001416215 0.048805445 0.998807311 0.081779517
0.999841928 -0.017752817 -0.000981155 -0.026525209 0.017684171 0.998661816 -0.048599102 -0.173636392 0.001842613 0.048574068 0.998817861 0.081581451
0.999833822 -0.018220043 -0.000620470 -0.027695363 0.018171715 0.998760104 -0.046346381 -0.183044165 0.001464133 0.046327405 0.998925209 0.080104560
0.999844968 -0.017578276 -0.001013773 -0.026237698 0.017511277 0.998742878 -0.046968523 -0.185371965 0.001838124 0.046943489 0.998895884 0.080241993
0.999843478 -0.017673317 -0.000783908 -0.025705341 0.017619338 0.998808444 -0.045510985 -0.191379830 0.001587304 0.045490049 0.998963535 0.078879811
0.999853730 -0.017081853 -0.000840863 -0.023950392 0.017034348 0.999048889 -0.040138844 -0.197834238 0.001525709 0.040118653 0.999193788 0.076562092
0.999851465 -0.017223811 -0.000658839 -0.024309117 0.017200517 0.999505758 -0.026313547 -0.209101066 0.001111733 0.026298307 0.999653518 0.072496533
0.999855280 -0.016968418 -0.001222207 -0.021469964 0.016950920 0.999770105 -0.013130961 -0.211461291 0.001444737 0.013108343 0.999913037 0.071295120
0.999945700 -0.010354437 0.001163472 -0.021329243 0.010352885 0.999945521 0.001332193 -0.219364464 -0.001177203 -0.001320075 0.999998450 0.070131190
0.999985814 -0.004380811 0.003026454 -0.020981554 0.004353172 0.999949336 0.009079339 -0.225397438 -0.003066076 -0.009066036 0.999954224 0.067823499
0.999965489 0.005437681 0.006280376 -0.019398913 -0.005515963 0.999906480 0.012515223 -0.236858457 -0.006211735 -0.012549434 0.999901950 0.069206841
0.999855101 0.014237510 0.009332471 -0.017390467 -0.014336178 0.999841154 0.010592260 -0.245410979 -0.009180181 -0.010724518 0.999900341 0.070439272
0.999715626 0.020692244 0.011850892 -0.019833000 -0.020776991 0.999759138 0.007073276 -0.255781204 -0.011701675 -0.007317490 0.999904752 0.071997672
0.999571085 0.025660334 0.014114781 -0.018510139 -0.025684947 0.999668837 0.001565108 -0.266189545 -0.014069946 -0.001926974 0.999899149 0.073634259
0.999411464 0.029019307 0.018293697 -0.019727735 -0.028941631 0.999570966 -0.004496734 -0.277558953 -0.018416341 0.003964638 0.999822557 0.079165258
0.999486923 0.023516247 0.021744793 -0.021791434 -0.023361268 0.999700069 -0.007354004 -0.289133519 -0.021911209 0.006842245 0.999736488 0.083481155
0.999553919 0.011331387 0.027632868 -0.024975840 -0.011027018 0.999877095 -0.011142352 -0.300573409 -0.027755732 0.010832674 0.999556065 0.088883393
0.999339938 -0.001185507 0.036308844 -0.028426601 0.001711102 0.999894142 -0.014448027 -0.312335372 -0.036287870 0.014500619 0.999236166 0.094795279
0.998719633 -0.014573572 0.048443161 -0.030933332 0.015479600 0.999711215 -0.018380627 -0.324389219 -0.048161298 0.019106973 0.998656809 0.101334944
0.997522354 -0.025330553 0.065632090 -0.033739589 0.026737401 0.999429286 -0.020646272 -0.336010188 -0.065071642 0.022349948 0.997630298 0.108697928
0.995702028 -0.037256669 0.084790133 -0.036623899 0.039266977 0.998982847 -0.022165710 -0.347404718 -0.083878078 0.025399895 0.996152282 0.116594791
0.993165910 -0.048231095 0.106279239 -0.039173104 0.050804220 0.998474240 -0.021636514 -0.358102113 -0.105073527 0.026888082 0.994100869 0.124938585
0.989949763 -0.059287693 0.128391922 -0.041120451 0.062261675 0.997873783 -0.019271413 -0.367669702 -0.126976371 0.027071627 0.991536260 0.133312270
0.986034632 -0.069058195 0.151547417 -0.043401144 0.072759956 0.997168243 -0.019011881 -0.377799660 -0.149805352 0.029772956 0.988267124 0.142168418
0.981833041 -0.077483557 0.173205703 -0.045361273 0.081762724 0.996494651 -0.017697938 -0.387304693 -0.171227276 0.031538188 0.984726667 0.151268527
0.977831960 -0.084442332 0.191609442 -0.047770500 0.089302301 0.995861948 -0.016855832 -0.396774143 -0.189393193 0.033593334 0.981326520 0.160055801
0.973983824 -0.091343045 0.207393214 -0.050463837 0.096781626 0.995173633 -0.016208543 -0.403315187 -0.204911724 0.035858706 0.978123367 0.167415276
0.970409393 -0.095574535 0.221745640 -0.053213470 0.101131551 0.994777143 -0.013816062 -0.412069619 -0.219267040 0.035832714 0.975006640 0.175536662
0.967193782 -0.099818900 0.233607367 -0.056364965 0.105703667 0.994315624 -0.012775435 -0.420787573 -0.231004223 0.037049472 0.972247064 0.183179036
0.964434803 -0.102511808 0.243632659 -0.059611384 0.108840406 0.993979096 -0.012620958 -0.429545224 -0.240871981 0.038689170 0.969785452 0.191233739
0.961721480 -0.105344914 0.252970785 -0.062963352 0.111856453 0.993658364 -0.011455510 -0.436469793 -0.250159770 0.039313424 0.967406094 0.200072646
0.958644927 -0.110031493 0.262474775 -0.065916792 0.116527297 0.993144274 -0.009262411 -0.445009232 -0.259656191 0.039464839 0.964894414 0.208613366
0.955013156 -0.114799283 0.273442894 -0.068532214 0.120922126 0.992646277 -0.005584830 -0.452844620 -0.270790964 0.038398884 0.961872041 0.217501476
0.950766444 -0.120225199 0.285638094 -0.070839539 0.125853106 0.992047966 -0.001357468 -0.460000902 -0.283203483 0.037239075 0.958336592 0.226497740
0.945909679 -0.125344664 0.299238443 -0.073431462 0.130576700 0.991434991 0.002530806 -0.463337570 -0.296992660 0.036679648 0.954174995 0.235468954
0.939898908 -0.130382434 0.315579534 -0.074861489 0.135513172 0.990758955 0.005731970 -0.469648361 -0.313410580 0.037377704 0.948881805 0.245463163
0.932687461 -0.136366010 0.333913714 -0.076067105 0.141384184 0.989910603 0.009352386 -0.475609004 -0.331820101 0.038487270 0.942557275 0.255838871
0.924131572 -0.142614886 0.354460001 -0.076669164 0.147206470 0.989004850 0.014130449 -0.480968326 -0.352577865 0.039120406 0.934964418 0.266538143
0.914433360 -0.149354726 0.376171172 -0.077635661 0.153887838 0.987921476 0.018158089 -0.483205616 -0.374339581 0.041283805 0.926372230 0.277308851
0.902934551 -0.158540741 0.399467230 -0.077830955 0.162929252 0.986365139 0.023192424 -0.487311125 -0.397697508 0.044143658 0.916454077 0.288740575
0.890041530 -0.167265639 0.424085230 -0.077743053 0.171272054 0.984797895 0.028964922 -0.490574837 -0.422483057 0.046853960 0.905158997 0.300481081
0.875882030 -0.177535161 0.448677987 -0.077441566 0.180832133 0.982858837 0.035892967 -0.494021207 -0.447359353 0.049697381 0.892972469 0.312368333
0.860491395 -0.187807679 0.473585099 -0.078526363 0.190158606 0.980792046 0.043435544 -0.497005314 -0.472646028 0.052680366 0.879676402 0.324609518
0.844011724 -0.197579339 0.498604745 -0.078158587 0.199866667 0.978574455 0.049450587 -0.499709129 -0.497692257 0.057917576 0.865417838 0.337090820
0.826777160 -0.206677750 0.523186266 -0.077715427 0.208070293 0.976455808 0.056927938 -0.501517236 -0.522633970 0.061792802 0.850314856 0.350197583
0.809086800 -0.216548622 0.546338081 -0.077227123 0.217448205 0.973969996 0.064021520 -0.503090322 -0.545980692 0.067001246 0.835114360 0.363521844
0.791067362 -0.225681052 0.568577707 -0.077349849 0.226110563 0.971508980 0.071023703 -0.503756523 -0.568406999 0.072376877 0.819557846 0.377370954
0.772624135 -0.234996423 0.589770019 -0.076592304 0.234985754 0.968847990 0.078200206 -0.504366517 -0.589774311 0.078168184 0.803776145 0.391582549
0.754222155 -0.240847319 0.610853076 -0.076018102 0.240129650 0.967030525 0.084792241 -0.504637718 -0.611135602 0.082731739 0.787190437 0.405994445
0.735699892 -0.249411583 0.629713893 -0.075158946 0.248070776 0.964351177 0.092128702 -0.504797757 -0.630243301 0.088434525 0.771344781 0.420766830
0.716728926 -0.255023807 0.649047375 -0.076212347 0.253200322 0.962382615 0.098535940 -0.506365061 -0.649760962 0.093715414 0.754339576 0.437023848
0.697283864 -0.262520283 0.666991949 -0.075141355 0.259444803 0.959860861 0.106562391 -0.506527007 -0.668194294 0.098743349 0.737405062 0.452666223
0.677675068 -0.269719362 0.684111118 -0.073961645 0.265407085 0.957310796 0.114521556 -0.506903410 -0.685795665 0.103959523 0.720331073 0.468834281
0.657143950 -0.276260704 0.701314449 -0.072083727 0.270684868 0.954842925 0.122493774 -0.506677806 -0.703485370 0.109339148 0.702248812 0.485391617
0.636807323 -0.281366080 0.717850685 -0.072349086 0.272357196 0.953103602 0.131966129 -0.508300424 -0.721316934 0.111474797 0.683575392 0.502342880
0.615782022 -0.289028943 0.732990324 -0.070755601 0.279011548 0.949997902 0.140201822 -0.508510411 -0.736861646 0.118178986 0.665634036 0.519616127
0.594476700 -0.293889999 0.748482585 -0.069400117 0.283356667 0.947673917 0.147048101 -0.509067416 -0.752533436 0.124670841 0.646645725 0.537231326
0.573055029 -0.299231082 0.762934268 -0.067624897 0.288077503 0.945094824 0.154295653 -0.509393394 -0.767215312 0.131364286 0.627793074 0.555458724
0.551864922 -0.301706940 0.777443290 -0.066062987 0.292069286 0.943140686 0.158685908 -0.511368930 -0.781115055 0.139494106 0.608605623 0.576230764
0.530827641 -0.304928452 0.790721655 -0.064310759 0.298030823 0.940596759 0.162651062 -0.512313664 -0.793347120 0.149319708 0.590172827 0.595242262
0.509194851 -0.308685601 0.803389013 -0.062851340 0.304944932 0.937616765 0.166983128 -0.513247728 -0.804816306 0.159962416 0.571561754 0.614586473
0.487936318 -0.313423008 0.814668238 -0.061965168 0.313344449 0.933996260 0.171657324 -0.513867378 -0.814698398 0.171513885 0.553940058 0.633836031
0.466181993 -0.319458276 0.824997425 -0.059552699 0.320888668 0.930081844 0.178824589 -0.515116155 -0.824442148 0.181367531 0.536097884 0.657115281
0.444478393 -0.321962088 0.835930288 -0.057840735 0.325236291 0.927499890 0.184296846 -0.515188634 -0.834661901 0.189958870 0.516967416 0.676539361
0.422397971 -0.323046505 0.846888900 -0.056207478 0.328623891 0.925343156 0.189067081 -0.515279353 -0.844740272 0.198446378 0.497023940 0.695808172
0.400071025 -0.326273173 0.856439769 -0.054645121 0.333275765 0.922299743 0.195679471 -0.515170574 -0.853739083 0.207144901 0.477724314 0.715011895
0.377021253 -0.328575134 0.865963876 -0.051275671 0.338325322 0.919207513 0.201478258 -0.516193807 -0.862201273 0.217015907 0.457726061 0.738961399
0.354115307 -0.331003338 0.874665201 -0.049896181 0.344666690 0.915626109 0.206963226 -0.516402006 -0.869371831 0.228179052 0.438323021 0.758114815
0.331077456 -0.334196359 0.882440150 -0.049050748 0.351471931 0.911562145 0.213358715 -0.516502142 -0.875702798 0.239514634 0.419258296 0.777006388
0.308508754 -0.336776406 0.889609039 -0.048236609 0.359459788 0.907156050 0.218761563 -0.516760707 -0.880687892 0.252288759 0.400923073 0.795341730
0.285273552 -0.338580489 0.896650612 -0.045804560 0.366131961 0.903071880 0.224518612 -0.518598080 -0.885757506 0.264243245 0.381587625 0.817884088
0.262965500 -0.339706272 0.903022110 -0.045431376 0.370746940 0.899679542 0.230485097 -0.518618226 -0.890727818 0.274183035 0.362529755 0.835190177
0.240620613 -0.341797799 0.908447087 -0.044872761 0.376283079 0.895600677 0.237298220 -0.518418252 -0.894713819 0.284734398 0.344112694 0.852783680
0.218954682 -0.341202140 0.914133489 -0.044642150 0.378745377 0.893127084 0.242643788 -0.518127680 -0.899227917 0.293095827 0.324783087 0.868928075
0.197493911 -0.345485985 0.917407036 -0.040365934 0.380590439 0.889453709 0.253027797 -0.518977761 -0.903408647 0.299184859 0.307150304 0.889453530
0.177128077 -0.350511730 0.919656038 -0.040732205 0.382202029 0.885590434 0.263915151 -0.517811775 -0.906943917 0.304747611 0.290829182 0.904070675
0.156935692 -0.355351537 0.921464443 -0.041450858 0.379916579 0.882949948 0.275794864 -0.516374707 -0.911611080 0.306797445 0.273570299 0.917845368
0.137578964 -0.359847814 0.922811747 -0.042328537 0.376605719 0.880703092 0.287280768 -0.515049696 -0.916100502 0.308012396 0.256686985 0.930589855
0.119431496 -0.365386337 0.923162520 -0.041315854 0.373221070 0.878143251 0.299283355 -0.516014576 -0.920023024 0.308799773 0.241247833 0.947643280
0.105293870 -0.369481087 0.923253596 -0.042297661 0.370297015 0.876215577 0.308425695 -0.515386939 -0.922926605 0.309402615 0.229077816 0.959858537
0.093354702 -0.371550113 0.923707604 -0.043056369 0.367844492 0.874988973 0.314777344 -0.515476763 -0.925189495 0.310394734 0.218356907 0.971957326
0.084237516 -0.372677088 0.924129903 -0.043977737 0.367303908 0.873732448 0.318872154 -0.515658259 -0.926278651 0.312575459 0.210486770 0.983851850
0.076433659 -0.370733500 0.925588906 -0.036905408 0.368772209 0.872989297 0.319212705 -0.513663530 -0.926372111 0.316932768 0.203441978 1.002210975
0.071502805 -0.368424267 0.926903963 -0.044143319 0.367817074 0.873530030 0.318835288 -0.517312348 -0.927145123 0.318133444 0.197972596 1.008550406
0.066694617 -0.365458876 0.928435147 -0.037327647 0.369534224 0.873384714 0.317243785 -0.514975369 -0.926820576 0.321930021 0.193299592 1.025219679
0.064252734 -0.363700330 0.929297447 -0.037054896 0.370446742 0.873376250 0.316201210 -0.515590310 -0.926628828 0.323938370 0.190848410 1.036910653
0.061689317 -0.367203981 0.928092659 -0.033103466 0.371044129 0.871659338 0.320212990 -0.513168573 -0.926564038 0.324609488 0.190020919 1.054216385
0.061680079 -0.371534288 0.926368237 -0.031940579 0.371464729 0.870006204 0.324196309 -0.512903571 -0.926396132 0.324116558 0.191673875 1.066981792
0.061775386 -0.376111090 0.924513102 -0.031389356 0.373585641 0.867661595 0.328020006 -0.513168275 -0.925536513 0.325121194 0.194109797 1.080375791
0.063158095 -0.380137980 0.922770977 -0.030425668 0.377098560 0.865160942 0.330595255 -0.513477027 -0.924017191 0.327095807 0.197991431 1.093055248
0.064694345 -0.383561194 0.921246707 -0.025889635 0.384650469 0.861427128 0.331643343 -0.509593844 -0.920792401 0.332902551 0.203266501 1.105424523
0.066814423 -0.386301756 0.919949412 -0.023649812 0.391960859 0.858049035 0.331841260 -0.510136187 -0.917552590 0.338412315 0.208745182 1.116924763
0.069289446 -0.388504088 0.918838263 -0.021011949 0.400317013 0.854470074 0.331100017 -0.510429382 -0.913753510 0.344884723 0.214730561 1.128248692
0.071960092 -0.388458341 0.918652177 -0.017202616 0.405794829 0.852768004 0.328811973 -0.510765672 -0.911126971 0.349122971 0.218999624 1.138217449
0.075375676 -0.385983646 0.919421136 -0.010951996 0.401773274 0.855643332 0.326270968 -0.508777916 -0.912631810 0.344805926 0.219572604 1.146158338
0.079000831 -0.383462012 0.920171797 -0.005017757 0.395748973 0.859266639 0.324104309 -0.507997870 -0.914954603 0.338552356 0.219637454 1.153857350
0.083115935 -0.380079389 0.921212077 0.001923203 0.386384845 0.864389122 0.321773589 -0.506784737 -0.918585181 0.329197764 0.218701363 1.160660505
0.087396562 -0.375494421 0.922695041 0.009832859 0.378971338 0.869128406 0.317799538 -0.505219519 -0.921272397 0.321900278 0.218260407 1.167485476
0.092770636 -0.371077746 0.923956215 0.014661312 0.371029288 0.874007702 0.313763946 -0.507341027 -0.923975646 0.313706666 0.218762934 1.166300297
0.096891522 -0.367849946 0.924823523 0.023123860 0.364116371 0.877883017 0.311031699 -0.505727649 -0.926299810 0.306607008 0.218999565 1.172257423
0.100709796 -0.365030885 0.925532341 0.031581044 0.360167563 0.880543053 0.308096200 -0.504330277 -0.927435756 0.302318364 0.220151603 1.178096056
0.102490544 -0.361998767 0.926527321 0.040415287 0.356142431 0.883042037 0.305613101 -0.503097117 -0.928794205 0.298653126 0.219426572 1.183761120
0.100479126 -0.358799040 0.927990973 0.048331141 0.353080690 0.884863019 0.303893864 -0.503023922 -0.930181682 0.297120690 0.215595245 1.189129353
0.094765663 -0.354046673 0.930414319 0.057335138 0.352234572 0.886085689 0.301302254 -0.502356350 -0.931101799 0.299170852 0.208677948 1.194390178
0.085031152 -0.349877417 0.932928503 0.066141963 0.356355071 0.885066152 0.299447805 -0.502119422 -0.930473506 0.306991369 0.199938774 1.199630380
0.070723176 -0.343143523 0.936616719 0.075137973 0.360120237 0.884423912 0.296829522 -0.502265811 -0.930221379 0.316301882 0.186122179 1.204372406
0.052659810 -0.335222661 0.940666199 0.082581639 0.368447483 0.882034898 0.293702155 -0.505285382 -0.928156018 0.331119746 0.169959724 1.208436489
0.032312870 -0.328292251 0.944023430 0.090983272 0.374333501 0.879745245 0.293125898 -0.506362081 -0.926731050 0.343907803 0.151317894 1.212277055
0.009131908 -0.324112624 0.945974469 0.098673820 0.375156730 0.878022850 0.297209263 -0.507525802 -0.926916480 0.352174580 0.129611075 1.215202808
-0.014266133 -0.325062662 0.945585072 0.104741573 0.376008123 0.874524891 0.306307256 -0.509055793 -0.926506698 0.359917402 0.109750032 1.217887759
-0.038145661 -0.329839259 0.943266153 0.108452439 0.378547519 0.868829608 0.319118917 -0.511419356 -0.924795508 0.369244099 0.091717720 1.220105648
-0.058883667 -0.335771024 0.940101445 0.112321854 0.381880283 0.862527847 0.331983685 -0.514131248 -0.922334254 0.378554523 0.077435493 1.221828818
-0.076641440 -0.344536990 0.935639143 0.114090562 0.387357205 0.854397833 0.346350700 -0.518941641 -0.918738604 0.388971299 0.067976594 1.222828984
-0.091939688 -0.353853613 0.930771112 0.115751624 0.391807288 0.846475363 0.360508621 -0.526489615 -0.915442109 0.397827923 0.060817659 1.222261190
-0.103621483 -0.364301950 0.925498247 0.117208481 0.394309014 0.839214265 0.374486148 -0.538863838 -0.913117409 0.403737009 0.056686819 1.218370914
-0.112798095 -0.371374756 0.921606004 0.118977666 0.395254344 0.834210813 0.384533912 -0.552837610 -0.911619961 0.407643348 0.052690089 1.214060903
-0.120129228 -0.376597047 0.918555200 0.120797276 0.397032499 0.829814672 0.392138660 -0.568931460 -0.909908831 0.411803603 0.049836218 1.207930803
-0.126155138 -0.378665835 0.916895449 0.122764111 0.400423735 0.826198816 0.396303415 -0.586187243 -0.907604516 0.417142332 0.047397554 1.200745106
-0.130998850 -0.379321456 0.915944695 0.125157595 0.403553545 0.823493898 0.398751080 -0.605403900 -0.905529737 0.421868563 0.045199752 1.190629482
-0.134795189 -0.380214810 0.915023029 0.128373981 0.403897762 0.822168231 0.401130915 -0.622609973 -0.904818833 0.423646212 0.042743504 1.180929899
-0.138227820 -0.380771518 0.914279044 0.132346749 0.405586600 0.820420146 0.403001636 -0.639017701 -0.903544486 0.426525384 0.041030884 1.170130968
-0.140801430 -0.378651589 0.914766669 0.136240125 0.402758688 0.822151780 0.402308136 -0.654295087 -0.904411674 0.425075740 0.036745071 1.158505440
-0.143199801 -0.377641529 0.914811909 0.142530203 0.399915904 0.823434412 0.402520895 -0.671283603 -0.905296147 0.423488677 0.033109188 1.144187093
-0.144603372 -0.377975941 0.914452970 0.147593498 0.391714692 0.826798677 0.403687507 -0.683918715 -0.908652604 0.416579157 0.028500855 1.130649924
-0.145090103 -0.378614098 0.914111793 0.152933598 0.380860955 0.831325054 0.404776037 -0.695624709 -0.913177907 0.406878412 0.023582280 1.116137862
-0.145274878 -0.382183433 0.912595809 0.158676863 0.370700002 0.834165692 0.408349186 -0.706474364 -0.917320430 0.397622138 0.020492017 1.101369262
-0.145094633 -0.384366661 0.911707222 0.164903760 0.360650986 0.837516129 0.410484612 -0.716949761 -0.921346128 0.388367116 0.017103136 1.086670041
-0.145446777 -0.385988951 0.910965443 0.171810508 0.352172375 0.840250432 0.412254602 -0.726201296 -0.924564838 0.380777866 0.013722837 1.072075605
-0.145925999 -0.387212455 0.910369456 0.178690434 0.349514842 0.840697169 0.413603246 -0.735088110 -0.925497353 0.378542960 0.012656927 1.058287024
-0.146858454 -0.387896776 0.909927845 0.186467409 0.352191269 0.839112043 0.414550632 -0.743687034 -0.924334288 0.381348938 0.013383090 1.044682503
-0.148181558 -0.389579445 0.908994138 0.196635723 0.357207686 0.836006165 0.416529000 -0.752433717 -0.922195852 0.386421502 0.015280008 1.031393051
-0.148621321 -0.390487641 0.908532441 0.205644846 0.360407859 0.834157228 0.417478055 -0.759786844 -0.920878947 0.389488369 0.016761184 1.017912269
-0.148558021 -0.390672058 0.908463478 0.215333700 0.358736902 0.834789813 0.417652756 -0.766226649 -0.921541333 0.387945026 0.016133785 1.004415989
-0.148449421 -0.389269888 0.909083068 0.225620508 0.356490195 0.836396992 0.416359007 -0.772328794 -0.922430336 0.385887325 0.014608264 0.990874946
-0.148335099 -0.389196396 0.909133136 0.238012552 0.353993475 0.837493300 0.416285574 -0.779005766 -0.923409760 0.383576870 0.013543248 0.978515267
-0.148229599 -0.387701631 0.909788847 0.249772072 0.350437880 0.839665890 0.414915055 -0.783676326 -0.924781919 0.380327016 0.011402011 0.965692759
-0.148867011 -0.387101948 0.909940064 0.262084603 0.346877396 0.841277897 0.414641500 -0.787973344 -0.926021039 0.377363980 0.009038329 0.952866793
-0.149775386 -0.384316534 0.910971045 0.275109410 0.344556183 0.843318760 0.412425190 -0.792261124 -0.926740766 0.375651807 0.006110191 0.940384626
-0.153704762 -0.380605251 0.911874294 0.290285110 0.344998151 0.844093204 0.410466850 -0.799164712 -0.925932646 0.377685606 0.001566887 0.928846598
-0.161237359 -0.373508155 0.913506687 0.304649949 0.344969511 0.845900178 0.406754106 -0.803565383 -0.924661458 0.380715817 -0.007541895 0.916487217
-0.171743155 -0.363018692 0.915817559 0.319187880 0.344913542 0.848633111 0.401069224 -0.807847023 -0.922788680 0.384758770 -0.020536900 0.904410779
-0.184546351 -0.355881333 0.916128457 0.333702683 0.343719304 0.849905968 0.399395734 -0.811127067 -0.920760572 0.388597935 -0.034523845 0.892712057
-0.198051095 -0.356536776 0.913048506 0.350105047 0.340730160 0.848366678 0.405187607 -0.813982069 -0.919064164 0.391350925 -0.046537161 0.882735491
-0.210039377 -0.361726195 0.908315837 0.363292456 0.339109093 0.844413579 0.414693594 -0.815490425 -0.916999757 0.395120144 -0.054695487 0.872652352
-0.220230103 -0.369118214 0.902912319 0.376460910 0.335315228 0.840581954 0.425424129 -0.817146540 -0.916003644 0.396451384 -0.061350465 0.863010049
-0.229527712 -0.375091970 0.898122132 0.389793754 0.331851125 0.837306798 0.434502274 -0.818570375 -0.914982021 0.397773057 -0.067710400 0.853152394
-0.238277674 -0.379351199 0.894044936 0.410161257 0.327427506 0.835287809 0.441684872 -0.820070148 -0.914338529 0.397978574 -0.074820518 0.845050633
-0.245825410 -0.380735666 0.891409278 0.424099803 0.326001376 0.833583415 0.445939213 -0.823223293 -0.912848949 0.400223762 -0.080795646 0.836537898
-0.252273798 -0.380735844 0.889605761 0.438804865 0.321824163 0.833995044 0.448198110 -0.826926410 -0.912571907 0.399365157 -0.087865114 0.828597128
-0.257888794 -0.376219511 0.889917016 0.454136491 0.320272923 0.835707843 0.446113974 -0.831111610 -0.911547422 0.400064081 -0.095026731 0.821136713
-0.262894988 -0.368301183 0.891762674 0.472694039 0.318998307 0.839114189 0.440599054 -0.834606051 -0.910563886 0.400301963 -0.103111506 0.815160573
-0.267088413 -0.361778498 0.893185496 0.488820732 0.318149626 0.841784954 0.436095089 -0.839537084 -0.909639955 0.400642484 -0.109731436 0.808917522
-0.270312905 -0.354496896 0.895133138 0.505160689 0.319830894 0.843880773 0.430782378 -0.844665229 -0.908096671 0.402737141 -0.114732862 0.803805590
-0.272831202 -0.350163370 0.896074295 0.521328032 0.321191639 0.844816029 0.427927405 -0.849785030 -0.906862378 0.404563397 -0.118022680 0.799153864
-0.274537444 -0.345336169 0.897425294 0.541371167 0.326104313 0.844539344 0.424746096 -0.847452104 -0.904591203 0.409262955 -0.119242072 0.797459245
-0.276752114 -0.342395008 0.897871852 0.556936741 0.334483981 0.841612220 0.424039304 -0.853518903 -0.900848866 0.417677522 -0.118392229 0.793995023
-0.281057477 -0.340173185 0.897378922 0.572160006 0.342138708 0.838112056 0.424863845 -0.859541059 -0.896631360 0.426439196 -0.119171262 0.791055560
-0.289193988 -0.337557822 0.895779908 0.586622715 0.349169105 0.834097087 0.427039742 -0.865723014 -0.891318023 0.436275959 -0.123351097 0.787626386
-0.300889015 -0.336347848 0.892376542 0.604544401 0.356676489 0.828138351 0.432398826 -0.872041166 -0.884447694 0.448393792 -0.129210353 0.781258404
-0.315475106 -0.333969891 0.888222754 0.617945313 0.362309873 0.822718859 0.438024223 -0.878444076 -0.877044499 0.459997594 -0.138546824 0.776205719
-0.332497597 -0.331218004 0.883028924 0.630981684 0.364960432 0.818163872 0.444310486 -0.884759843 -0.869625986 0.470002711 -0.151156068 0.769834638
-0.351280689 -0.327921271 0.876966119 0.643277526 0.364556015 0.814833641 0.450716138 -0.889798999 -0.862380862 0.478031158 -0.166689634 0.762463450
-0.372201324 -0.323965281 0.869777501 0.664234400 0.359439045 0.813672423 0.456881583 -0.899675369 -0.855727732 0.482683837 -0.186404228 0.749890089
-0.394271851 -0.318441361 0.862058640 0.675407767 0.353609413 0.813256443 0.462141097 -0.905077100 -0.848239541 0.487041175 -0.208040357 0.739852250
-0.418322206 -0.312495500 0.852849960 0.686496973 0.344920546 0.813964605 0.467430621 -0.910041571 -0.840259671 0.489702076 -0.232713342 0.728507936
-0.443623543 -0.306941688 0.842012465 0.696664095 0.335376859 0.814401865 0.473573685 -0.914666712 -0.831095994 0.492479920 -0.258346796 0.716147184
-0.469816327 -0.301268429 0.829765022 0.710472107 0.326528221 0.813986897 0.480421335 -0.920727789 -0.820153654 0.496651441 -0.284051657 0.702503145
-0.495008945 -0.293823630 0.817700386 0.719181061 0.319625348 0.813525736 0.485814273 -0.924786210 -0.807964087 0.501840174 -0.308789134 0.690228283
-0.517197371 -0.287694424 0.806063771 0.727209687 0.314895421 0.811782300 0.491782814 -0.928356946 -0.795831442 0.508174539 -0.329257965 0.678390980
-0.535945296 -0.283872008 0.795097291 0.734850526 0.309700549 0.810015798 0.497955859 -0.929932237 -0.785397112 0.513119042 -0.346208811 0.667181849
-0.551755786 -0.282212436 0.784807026 0.745164275 0.304574549 0.807831168 0.504621863 -0.938150644 -0.776402175 0.517460108 -0.359770775 0.656273186
-0.564666748 -0.281135172 0.775960326 0.750467896 0.300682396 0.805501103 0.510644734 -0.934397757 -0.768597126 0.521661699 -0.370307326 0.648216724
-0.574864388 -0.280905753 0.768520057 0.755395412 0.294373006 0.805340350 0.514559507 -0.927875042 -0.763462961 0.522033453 -0.380270481 0.641322255
-0.582916975 -0.280975312 0.762404621 0.759285808 0.291249484 0.803703427 0.518878162 -0.916733503 -0.758539140 0.524512827 -0.386658549 0.635945499
-0.589085579 -0.279790580 0.758086979 0.766575098 0.290829182 0.801868677 0.521943510 -0.911694765 -0.753921092 0.527943075 -0.390998125 0.631096721
-0.593139648 -0.277524263 0.755755305 0.770423293 0.291813344 0.800770819 0.523078561 -0.901053429 -0.750353813 0.530797958 -0.393983722 0.626729012
-0.595912337 -0.275423020 0.754341125 0.773638844 0.291771799 0.800893843 0.522913337 -0.892940640 -0.748169541 0.531705976 -0.396901846 0.621304333
-0.597638845 -0.275298208 0.753019989 0.776890755 0.293309957 0.799026787 0.524905205 -0.886570513 -0.746188581 0.534571886 -0.396781802 0.614982247
-0.598509550 -0.273084700 0.753134549 0.776561975 0.296330988 0.797960639 0.524830222 -0.891388297 -0.744294822 0.537292838 -0.396663666 0.609041691
-0.598682165 -0.273036003 0.753014803 0.779000759 0.298208773 0.796548367 0.525910795 -0.892465115 -0.743405342 0.539408982 -0.395457625 0.599373460
-0.598086476 -0.272986829 0.753505945 0.780982733 0.297800720 0.797179699 0.525185108 -0.896072388 -0.744048238 0.538500547 -0.395486712 0.588563979
-0.597203732 -0.278345823 0.752244353 0.783430934 0.292196870 0.797911525 0.527217507 -0.900447369 -0.746973157 0.534659624 -0.395183921 0.577302575
-0.596311927 -0.281927258 0.751617670 0.780737877 0.288577646 0.798424184 0.528433323 -0.905426860 -0.749089479 0.532011151 -0.394752026 0.568186462
-0.596708894 -0.286439747 0.749593735 0.781598806 0.282369167 0.799431026 0.530261874 -0.905275881 -0.751136541 0.528074145 -0.396145821 0.558208942
-0.599223256 -0.290780276 0.745907962 0.781987906 0.274411291 0.800664425 0.532573819 -0.902171075 -0.752083957 0.523816109 -0.399983406 0.549169302
-0.603739500 -0.293517441 0.741179228 0.781963468 0.267689794 0.801118314 0.535305262 -0.896244109 -0.750893712 0.521590829 -0.405095220 0.540991485
-0.610010386 -0.295512021 0.735227883 0.778650165 0.263567746 0.799355149 0.539966047 -0.885579407 -0.747274697 0.523167193 -0.409727454 0.535497725
-0.617890835 -0.296086520 0.728384435 0.778093457 0.260088652 0.797266066 0.544720829 -0.873553276 -0.742000639 0.526022494 -0.415614724 0.530068040
-0.627145052 -0.296840400 0.720121503 0.777286887 0.254798144 0.795482218 0.549805403 -0.858741403 -0.736048341 0.528293371 -0.423248410 0.525974870
-0.635722756 -0.298265606 0.711965203 0.775873661 0.248268336 0.794322550 0.554449797 -0.842697978 -0.730903268 0.529234648 -0.430919051 0.522793412
-0.643615484 -0.298811436 0.704606831 0.773705482 0.241876721 0.794035673 0.557676375 -0.825676024 -0.726123035 0.529357135 -0.438778162 0.520053685
-0.651633620 -0.298958480 0.697135448 0.773202300 0.237697348 0.792285979 0.561945677 -0.809692383 -0.720329046 0.531889796 -0.445218563 0.517798185
-0.660913825 -0.299649626 0.688043058 0.772598028 0.231074184 0.791027248 0.566463232 -0.793313146 -0.714001358 0.533372283 -0.453559637 0.515876710
-0.671597719 -0.298371226 0.678182483 0.771744013 0.224693671 0.790203512 0.570167720 -0.777225673 -0.706023812 0.535306513 -0.463656783 0.514617980
-0.683495045 -0.296585321 0.666987419 0.773851275 0.220251679 0.787356257 0.575811863 -0.757195354 -0.695934057 0.540469527 -0.472830772 0.512264609
-0.696247816 -0.293940008 0.654857576 0.774201989 0.216368124 0.783934116 0.581921101 -0.739151776 -0.684415042 0.546851516 -0.482213259 0.512133241
-0.709430814 -0.291870385 0.641497850 0.775104403 0.211653858 0.779969454 0.588939965 -0.720438123 -0.672242880 0.553587735 -0.491558909 0.512525022
-0.722900748 -0.287662953 0.628223360 0.775741696 0.207420796 0.776930988 0.594436526 -0.700885117 -0.659083545 0.560025215 -0.501976728 0.513900638
-0.735374689 -0.284619749 0.614992738 0.780345082 0.203463212 0.772918940 0.600998402 -0.681066692 -0.646395564 0.567087293 -0.510475397 0.512712479
-0.745815992 -0.283681512 0.602729976 0.782972693 0.199186638 0.768431008 0.608143449 -0.660759032 -0.635675490 0.573618770 -0.516602635 0.514550686
-0.754374146 -0.280379176 0.593555033 0.786695957 0.198249653 0.764667988 0.613172114 -0.640432179 -0.625793159 0.580233157 -0.521260738 0.516478360
-0.760222435 -0.279020011 0.586694002 0.790733695 0.194932893 0.763495028 0.615691900 -0.620384455 -0.619728327 0.582428694 -0.526035905 0.517744482
-0.764301896 -0.276878059 0.582392871 0.799672723 0.194134668 0.762441397 0.617247880 -0.603671372 -0.614942849 0.584826291 -0.528983712 0.515507340
-0.766551733 -0.273781478 0.580897927 0.806058526 0.194766194 0.762846351 0.616548240 -0.589469433 -0.611935258 0.585755289 -0.531437755 0.515718341
-0.767297029 -0.269454986 0.581936181 0.813819051 0.198647231 0.762943447 0.615188301 -0.578058362 -0.609749973 0.587632000 -0.531877875 0.514943123
-0.766360879 -0.269999623 0.582916498 0.822230339 0.200072423 0.761947691 0.615960062 -0.568536878 -0.610460877 0.588673055 -0.529907465 0.513484001
-0.764522791 -0.270503849 0.585092127 0.831944942 0.202233538 0.761201620 0.616176605 -0.561636567 -0.612051189 0.589406252 -0.527251005 0.509693027
-0.761388183 -0.271090031 0.588896275 0.842056513 0.203622833 0.762405336 0.614227891 -0.557723224 -0.615488768 0.587578416 -0.525286317 0.505652726
-0.757420540 -0.271239161 0.593922198 0.853103518 0.203764021 0.766005218 0.609685302 -0.556510448 -0.620318115 0.582808137 -0.524919271 0.500527322
-0.752346039 -0.273939788 0.599109948 0.864552498 0.204510361 0.767382622 0.607700109 -0.558546185 -0.626219809 0.579724908 -0.521313787 0.494821101
-0.747237802 -0.281559557 0.601963520 0.877840638 0.203370064 0.765470624 0.610487759 -0.565761387 -0.632674098 0.578600824 -0.514727831 0.483798563
-0.742527366 -0.286763161 0.605326712 0.891088009 0.205381840 0.762715638 0.613256216 -0.571083903 -0.637551486 0.579682469 -0.507441401 0.475360870
-0.738146305 -0.290627599 0.608831704 0.905804753 0.208196893 0.760273278 0.615336239 -0.576096952 -0.641712129 0.580964863 -0.500685215 0.466472000
-0.733982563 -0.294827938 0.611838281 0.921492696 0.211435914 0.756904483 0.618377268 -0.580515742 -0.645417988 0.583242714 -0.493217587 0.456679612
-0.731176853 -0.295779943 0.614731312 0.936242878 0.218285561 0.752301097 0.621606350 -0.582376361 -0.646321774 0.588691115 -0.485500693 0.451749414
-0.728752375 -0.297921658 0.616573751 0.953414202 0.223180830 0.747903347 0.625164688 -0.584762454 -0.647387683 0.593197525 -0.478545904 0.443269372
-0.726823688 -0.295757115 0.619883180 0.971271276 0.227147758 0.748238444 0.623332322 -0.586670041 -0.648175359 0.593857706 -0.476656914 0.434382558
-0.725432634 -0.293600231 0.622532368 0.990861714 0.227656215 0.751202643 0.619570196 -0.587311625 -0.649553895 0.591179788 -0.478106976 0.423624873
-0.725329876 -0.287056118 0.625696003 1.007349491 0.230933800 0.754780114 0.613984168 -0.590641022 -0.648510873 0.589835346 -0.481173635 0.419111460
-0.725685835 -0.283120990 0.627074778 1.027608633 0.234189764 0.755345881 0.612052202 -0.589833677 -0.646943152 0.591012001 -0.481839776 0.409115046
-0.726284504 -0.279396802 0.628051519 1.048226833 0.232312873 0.760141671 0.606807590 -0.588085055 -0.646948218 0.586619258 -0.487171650 0.398612857
-0.727128744 -0.275470167 0.628808439 1.069035292 0.229907840 0.765354395 0.601144731 -0.585728526 -0.646858752 0.581677616 -0.493178368 0.387997389
-0.728368163 -0.269980460 0.629754484 1.090199113 0.230902165 0.768624306 0.596574247 -0.585727870 -0.645108044 0.579937279 -0.497502446 0.379279852
-0.729510903 -0.265592694 0.630297482 1.111399412 0.234462023 0.768586814 0.595232666 -0.583329797 -0.642527759 0.582009375 -0.498421192 0.369103432
-0.731069326 -0.263965040 0.629174590 1.132546902 0.235892847 0.767485440 0.596087873 -0.580195546 -0.640228629 0.584199131 -0.498817682 0.359551966
-0.733694077 -0.257306159 0.628877401 1.153548360 0.240371510 0.767393231 0.594414949 -0.577076316 -0.635542870 0.587282896 -0.501182795 0.350945413
-0.737245440 -0.247354433 0.628717005 1.175019026 0.247390613 0.767109096 0.591896534 -0.578425288 -0.628702819 0.591911674 -0.504354596 0.342665732
-0.740551233 -0.235999256 0.629196644 1.195947409 0.256655633 0.765995741 0.589388132 -0.575471342 -0.621057153 0.597958922 -0.506688595 0.333670914
-0.744617939 -0.225811318 0.628134668 1.216294765 0.265219659 0.763474226 0.588868082 -0.571983099 -0.612537682 0.605075419 -0.508607030 0.324422657
-0.748679638 -0.215377778 0.626970232 1.236558676 0.273118496 0.761551440 0.587746322 -0.568459928 -0.604057610 0.611270726 -0.511334419 0.314885974
-0.753397226 -0.206632882 0.624255896 1.255968928 0.278213471 0.760019362 0.587339580 -0.565378666 -0.595810294 0.616176426 -0.515108347 0.303703785
-0.758646965 -0.199749723 0.620125115 1.273161650 0.280538857 0.758915663 0.587660670 -0.559775352 -0.588007748 0.619796038 -0.519711494 0.293379784
-0.764212489 -0.195511281 0.614617407 1.288783789 0.280112833 0.757770181 0.589339554 -0.552756131 -0.580961287 0.622542918 -0.524332285 0.282883942
-0.769927621 -0.191637754 0.608676195 1.302581668 0.278451055 0.757350206 0.590665519 -0.544970989 -0.574174881 0.624256074 -0.529743075 0.271899819
-0.776146173 -0.189154029 0.601513267 1.318831682 0.276664913 0.755059421 0.594425619 -0.535973251 -0.566616297 0.627778709 -0.533704281 0.258737147
-0.782330632 -0.188312009 0.593714952 1.330307484 0.272845924 0.753271818 0.598445237 -0.526277065 -0.559923172 0.630174696 -0.537927508 0.247527838
-0.788654566 -0.191756174 0.584169388 1.340354443 0.266147494 0.750017464 0.605507493 -0.515517414 -0.554247022 0.633011341 -0.540469289 0.235884309
-0.795339823 -0.192027703 0.574943781 1.349215269 0.262157142 0.746234357 0.611888826 -0.504536629 -0.546542406 0.637385070 -0.543168545 0.224164009
-0.801739812 -0.190610021 0.566463709 1.359353065 0.259773850 0.742441297 0.617493689 -0.493244946 -0.538266540 0.642221749 -0.545729160 0.209549844
-0.807586789 -0.187772110 0.559057772 1.366356850 0.258373260 0.739491165 0.621607721 -0.481710047 -0.530138910 0.646447599 -0.548688054 0.195936739
-0.812990546 -0.185396582 0.551973104 1.372543335 0.257068604 0.736288130 0.625935674 -0.469703019 -0.522457600 0.650774837 -0.550935626 0.181201041
-0.817652941 -0.189339027 0.543686211 1.377933741 0.248122439 0.736268401 0.629558742 -0.457393169 -0.519499004 0.649661243 -0.555032849 0.165593445
-0.821861506 -0.194326520 0.535519063 1.386523962 0.237627566 0.737403810 0.632272661 -0.444714993 -0.517761171 0.646894753 -0.559866428 0.146451890
