1.000000000 0.000000000 0.000000000 0.000000000 0.000000000 1.000000000 0.000000000 0.000000834 0.000000000 0.000000000 1.000000000 0.000001907
0.999984026 0.003424199 0.004497481 0.000182692 -0.003444257 0.999984145 0.004459608 0.020244308 -0.004482139 -0.004475027 0.999979913 0.007888447
0.999970615 0.004437461 0.006249701 0.000020478 -0.004524898 0.999891102 0.014046733 0.043078598 -0.006186688 -0.014074600 0.999881804 0.015812224
0.999971330 0.004404882 0.006160253 -0.000618623 -0.004564701 0.999646962 0.026174787 0.067961790 -0.006042781 -0.026202157 0.999638379 0.023483852
0.999981225 0.001107112 0.006024654 -0.001474868 -0.001323633 0.999348938 0.036054671 0.094010867 -0.005980815 -0.036061972 0.999331653 0.031199457
0.999977052 -0.000073402 0.006770924 -0.002647272 -0.000223323 0.999039769 0.043812383 0.118600607 -0.006767638 -0.043812890 0.999016821 0.037015319
0.999970794 -0.005006994 0.005775196 -0.003035527 0.004722341 0.998822093 0.048291635 0.146156743 -0.006010189 -0.048262950 0.998816609 0.046129819
0.999961495 -0.007169866 0.005064931 -0.004029529 0.006895147 0.998606622 0.052319400 0.168872774 -0.005432996 -0.052282460 0.998617530 0.051055823
0.999964595 -0.007338835 0.004112728 -0.004540167 0.007092112 0.998343527 0.057095345 0.191886887 -0.004524929 -0.057064157 0.998360276 0.056867901
0.999973834 -0.006134921 0.003839389 -0.005132709 0.005884023 0.998042583 0.062260751 0.213072851 -0.004213838 -0.062236529 0.998052537 0.061837628
0.999990106 -0.001137448 0.004307073 -0.005731434 0.000832620 0.997537851 0.070125490 0.233055234 -0.004376232 -0.070121214 0.997528851 0.065934896
0.999997437 -0.000065317 0.002250787 -0.006650111 -0.000117968 0.996686816 0.081335023 0.251092166 -0.002248643 -0.081335083 0.996684253 0.068678707
0.999993443 0.002770011 0.002325995 -0.007270574 -0.002981417 0.995334744 0.096435599 0.266941369 -0.002048016 -0.096441902 0.995336533 0.070734493
0.999992669 0.003629509 0.001202436 -0.008144936 -0.003742835 0.993487000 0.113884151 0.279163778 -0.000781261 -0.113887817 0.993493319 0.071848676
0.999989510 0.004496049 0.000864274 -0.009047991 -0.004570623 0.991323471 0.131365582 0.285642356 -0.000266149 -0.131368145 0.991333604 0.072060324
0.999996245 0.002421975 -0.001295171 -0.010095975 -0.002209937 0.989549339 0.144177616 0.284766674 0.001630831 -0.144174218 0.989550948 0.070462175
0.999989927 0.001293757 -0.004296059 -0.010808251 -0.000638304 0.988806605 0.149201363 0.274695784 0.004441002 -0.149197131 0.988797486 0.067217849
0.999985456 0.001727740 -0.005109907 -0.011587422 -0.000956407 0.989096642 0.147264734 0.255401164 0.005308627 -0.147257701 0.989083886 0.061775591
0.999983430 0.005336778 -0.002167539 -0.012237689 -0.004982279 0.990211427 0.139486492 0.230021074 0.002890731 -0.139473379 0.990221620 0.056045983
0.999939561 0.010492492 0.003291416 -0.012613610 -0.010827214 0.991735280 0.127843216 0.200029820 -0.001922820 -0.127871111 0.991788924 0.049845733
0.999806762 0.016673800 0.010414759 -0.012741720 -0.017759785 0.993232250 0.114779264 0.165268809 -0.008430468 -0.114942044 0.993336439 0.043532778
0.999520600 0.022998260 0.020728119 -0.012996937 -0.024953818 0.994711161 0.099634156 0.126758486 -0.018327080 -0.100103632 0.994808197 0.036132615
0.999061823 0.029836316 0.031388730 -0.013395427 -0.032383621 0.995935261 0.084049352 0.088016167 -0.028753418 -0.084986977 0.995967090 0.028468106
0.998797297 0.033607010 0.035700750 -0.014849044 -0.035997953 0.996995449 0.068587482 0.049675260 -0.033288468 -0.069790140 0.997006118 0.020219499
0.998699486 0.036247790 0.035852294 -0.016437946 -0.038173027 0.997780621 0.054558389 0.013407274 -0.033795107 -0.055856027 0.997866750 0.011702484
0.998815358 0.034927811 0.033880960 -0.018183134 -0.036314461 0.998490214 0.041213796 -0.020904496 -0.032390300 -0.042395338 0.998575747 0.003624611
0.998853266 0.033139758 0.034552205 -0.019119930 -0.034115478 0.999024391 0.028042488 -0.052876540 -0.033589173 -0.029189095 0.999009371 -0.004139548
0.998971760 0.028615778 0.035165105 -0.019121671 -0.029125115 0.999476910 0.014058168 -0.083489902 -0.034744423 -0.015067901 0.999282658 -0.010516384
0.999043643 0.024940481 0.035913277 -0.018749163 -0.024882892 0.999688268 -0.002049708 -0.108964935 -0.035953205 0.001154121 0.999352813 -0.016911263
0.999156713 0.020015683 0.035850983 -0.018474853 -0.019321118 0.999620855 -0.019616527 -0.131539702 -0.036230031 0.018907303 0.999164581 -0.023465917
0.999149680 0.021703426 0.035055052 -0.018213259 -0.020485904 0.999186933 -0.034725193 -0.148241207 -0.035780203 0.033977535 0.998781919 -0.029882081
0.999109864 0.021859696 0.036078792 -0.017855855 -0.020221943 0.998775482 -0.045150775 -0.156527460 -0.037021596 0.044381004 0.998328447 -0.034434777
0.998827457 0.026873136 0.040268622 -0.016495898 -0.024942430 0.998550057 -0.047704287 -0.156675905 -0.041492201 0.046643950 0.998049438 -0.035734933
0.998537362 0.033297598 0.042596251 -0.014241468 -0.031476900 0.998591006 -0.042722631 -0.147269234 -0.043958791 0.041319344 0.998178482 -0.033679862
0.998235345 0.038503502 0.045207486 -0.012732907 -0.037056837 0.998787344 -0.032414239 -0.130522728 -0.046400726 0.030681793 0.998451591 -0.030714422
0.998258531 0.035896171 0.046812538 -0.011217975 -0.034994740 0.999188662 -0.019935928 -0.107778497 -0.047490176 0.018263020 0.998704731 -0.024474749
0.998426855 0.033280507 0.045124020 -0.009968004 -0.033004999 0.999431789 -0.006837169 -0.080995023 -0.045325924 0.005337095 0.998957992 -0.017309314
0.998622179 0.028504550 0.044059560 -0.008633409 -0.028675944 0.999583423 0.003262800 -0.051481619 -0.043948203 -0.004521754 0.999023557 -0.009137795
0.998571217 0.031865880 0.042895585 -0.005924614 -0.032336898 0.999423623 0.010331606 -0.020614922 -0.042541638 -0.011703955 0.999026120 -0.000555457
0.998794913 0.028167065 0.040191233 -0.003541395 -0.028742995 0.999491215 0.013824433 0.011551013 -0.039781392 -0.014962990 0.999096394 0.008005633
0.999023259 0.028069675 0.034126129 -0.001974571 -0.028662901 0.999444246 0.017020168 0.044572275 -0.033629414 -0.017981699 0.999272585 0.015906332
0.999132752 0.026730118 0.031924766 -0.000802447 -0.027429381 0.999388814 0.021670029 0.078155294 -0.031326015 -0.022526912 0.999255359 0.023580734
0.999337792 0.022575464 0.028536599 -0.000314339 -0.023468491 0.999232709 0.031356510 0.112023026 -0.027806815 -0.032005455 0.999100804 0.033086963
0.999257267 0.019999621 0.032938968 0.000100244 -0.021465356 0.998767018 0.044763051 0.143294007 -0.032003108 -0.045436852 0.998454452 0.039638381
0.999180794 0.016743066 0.036843520 0.000313342 -0.018965533 0.997968376 0.060823318 0.172351569 -0.035750296 -0.061472248 0.997468352 0.046389293
0.999033988 0.017261941 0.040412311 0.000330894 -0.020379256 0.996741712 0.078042351 0.198856130 -0.038933475 -0.078790538 0.996130645 0.052124947
0.999031067 0.018672474 0.039852712 -0.000136671 -0.022392541 0.995221615 0.095039837 0.220978484 -0.037887651 -0.095840149 0.994675398 0.056690190
0.999186575 0.017398335 0.036380198 -0.001820973 -0.021287259 0.993769825 0.109400220 0.236630455 -0.034250159 -0.110085659 0.993331790 0.059181597
0.999285161 0.018409252 0.033019315 -0.003266433 -0.022277050 0.992416739 0.120883048 0.245099574 -0.030543555 -0.121532202 0.992117465 0.059692975
0.999337673 0.019007437 0.031031413 -0.004577063 -0.022835851 0.991499424 0.128091544 0.244236007 -0.028332936 -0.128715336 0.991276741 0.059195179
0.999422193 0.019269388 0.027999945 -0.006174308 -0.022771917 0.991159797 0.130704463 0.234816179 -0.025233824 -0.131266564 0.991025925 0.057775065
0.999528229 0.016452784 0.025935901 -0.008431454 -0.019554498 0.992054999 0.124275759 0.220148042 -0.023685159 -0.124724284 0.991908669 0.055480737
0.999558151 0.016141923 0.024959525 -0.010667317 -0.018820209 0.993632078 0.111090258 0.196637720 -0.023007376 -0.111510918 0.993496835 0.049821809
0.999554336 0.016335458 0.024985006 -0.012155597 -0.018644854 0.995285332 0.095181204 0.168282449 -0.023312381 -0.095604636 0.995146394 0.041372787
0.999411464 0.020183323 0.027737590 -0.013330931 -0.022396913 0.996383846 0.081960775 0.138086334 -0.025983045 -0.082533769 0.996249497 0.034310382
0.999294400 0.020787496 0.031283207 -0.014311647 -0.022989642 0.997156620 0.071764730 0.106214799 -0.029702447 -0.072433285 0.996930897 0.026737703
0.998998463 0.025082396 0.037053864 -0.014497702 -0.027468467 0.997483909 0.065355346 0.073982224 -0.035321366 -0.066307709 0.997173846 0.018734984
0.998774707 0.025281463 0.042543616 -0.014596045 -0.027832367 0.997781515 0.060476474 0.041143999 -0.040920299 -0.061586462 0.997262597 0.010748085
0.998705864 0.023988314 0.044846106 -0.014064300 -0.026474323 0.998097181 0.055688072 0.009246133 -0.043424908 -0.056803275 0.997440577 0.002468963
0.998593569 0.020153951 0.049037233 -0.013231499 -0.022552624 0.998550773 0.048864119 -0.023948355 -0.047981359 -0.049901314 0.997600973 -0.004584725
0.998350203 0.015170638 0.055378247 -0.011426696 -0.017355327 0.999081254 0.039184961 -0.055706210 -0.054732908 -0.040081423 0.997696221 -0.011734248
0.997863412 0.010580430 0.064472601 -0.010112214 -0.012268746 0.999590635 0.025847184 -0.088176101 -0.064172730 -0.026582954 0.997584701 -0.018664135
0.997492492 0.006647331 0.070459403 -0.006385810 -0.007358358 0.999924541 0.009836556 -0.118580110 -0.070388697 -0.010330357 0.997466147 -0.025780555
0.997238278 0.006483362 0.073984638 -0.005031107 -0.005960786 0.999955714 -0.007281921 -0.144868433 -0.074028566 0.006820804 0.997232795 -0.033136435
0.996966898 0.006280519 0.077572919 -0.003848998 -0.004434747 0.999703467 -0.023943430 -0.165047303 -0.077700295 0.023526790 0.996699154 -0.039487462
0.996963143 0.009076077 0.077343807 -0.003027226 -0.006404886 0.999376714 -0.034714926 -0.177913740 -0.077610672 0.034114126 0.996399939 -0.044298176
0.996800363 0.011252663 0.079135381 -0.002196435 -0.008150485 0.999189675 -0.039415222 -0.183657095 -0.079514779 0.038644116 0.996084332 -0.046150863
0.996425331 0.015720155 0.083002679 -0.000770458 -0.012449282 0.999130964 -0.039778408 -0.180488437 -0.083555870 0.038602892 0.995755136 -0.045813054
0.996269941 0.019599741 0.084035777 0.000056144 -0.016497711 0.999162316 -0.037450127 -0.170137003 -0.084699400 0.035924040 0.995758772 -0.043319657
0.996380389 0.021021694 0.082366228 0.000781192 -0.018297676 0.999264896 -0.033688482 -0.152950868 -0.083013862 0.032059435 0.996032596 -0.037758440
0.996535361 0.020721423 0.080547236 0.001605586 -0.018394245 0.999394715 -0.029527556 -0.130720705 -0.081110336 0.027943648 0.996313334 -0.030257521
0.996643007 0.021752942 0.078927018 0.003205022 -0.019851480 0.999495387 -0.024796665 -0.104202576 -0.079426594 0.023146607 0.996571958 -0.021990599
0.997049928 0.020251961 0.074035875 0.005491969 -0.018842069 0.999628544 -0.019692544 -0.074692890 -0.074407183 0.018239461 0.997061133 -0.009327654
0.997299016 0.023864681 0.069463424 0.007503956 -0.023003763 0.999648631 -0.013167597 -0.042265639 -0.069753267 0.011534112 0.997497618 -0.000725133
0.997483313 0.024803072 0.066421568 0.009223455 -0.024409235 0.999679387 -0.006734510 -0.009188956 -0.066567302 0.005096262 0.997768939 0.008228328
0.997425377 0.028312989 0.065885805 0.011529930 -0.028502211 0.999591887 0.001933581 0.024871841 -0.065804161 -0.003806493 0.997825325 0.017213777
0.997003376 0.031019283 0.070866287 0.013582335 -0.032006796 0.999405146 0.012841810 0.059099641 -0.070425794 -0.015071530 0.997403145 0.027197620
0.997508049 0.027215609 0.065092571 0.014289293 -0.029195270 0.999133646 0.029657502 0.093128867 -0.064229034 -0.031483989 0.997438431 0.035840526
0.997908294 0.019124052 0.061752036 0.014558883 -0.022296058 0.998444974 0.051093161 0.125359535 -0.060678899 -0.052363113 0.996782899 0.043717977
0.998287559 0.010950543 0.057463028 0.014867146 -0.015215583 0.997118533 0.074318044 0.155025527 -0.056483626 -0.075065114 0.995577633 0.050356798
0.998394847 0.005163633 0.056400601 0.014371324 -0.010516386 0.995419264 0.095026046 0.183415800 -0.055651564 -0.095466644 0.993875742 0.058631219
0.998399794 0.004268556 0.056388091 0.014650080 -0.010469508 0.993861318 0.110136792 0.207950428 -0.055571813 -0.110550910 0.992315590 0.063590430
0.998275459 0.010087401 0.057830308 0.015209915 -0.016995855 0.992598772 0.120244958 0.229539931 -0.056189332 -0.121020474 0.991058409 0.067487225
0.998341262 0.016520528 0.055152286 0.015206935 -0.023387549 0.991717935 0.126287684 0.246374488 -0.052609172 -0.127368078 0.990459323 0.069789805
0.998565376 0.020022184 0.049661700 0.014211684 -0.026289959 0.991301656 0.128956914 0.257868022 -0.046647724 -0.130077511 0.990405917 0.070629507
0.998856425 0.022360103 0.042259406 0.012285730 -0.027651558 0.991246343 0.129097104 0.262777895 -0.039002854 -0.130118012 0.990731061 0.069364369
0.999101937 0.022026001 0.036196712 0.010794212 -0.026529090 0.991282880 0.129052281 0.260363758 -0.033038672 -0.129896641 0.990976930 0.067823514
0.999224067 0.022263428 0.032489333 0.009322745 -0.026350493 0.990986526 0.131344348 0.247672066 -0.029272318 -0.132098556 0.990804255 0.062808037
0.999219298 0.023988379 0.031390063 0.008232579 -0.027903734 0.991000772 0.130915508 0.230832517 -0.027967127 -0.131689206 0.990896463 0.059475191
0.999232173 0.024721542 0.030395450 0.007608239 -0.028428366 0.991329551 0.128287092 0.208859012 -0.026960453 -0.129052684 0.991271198 0.053886428
0.999215841 0.025091328 0.030629275 0.006424480 -0.028710186 0.991855919 0.124086805 0.182894513 -0.027266325 -0.124868877 0.991798520 0.048592526
0.999060214 0.028039807 0.033052154 0.005748104 -0.031831838 0.992211163 0.120431334 0.153472379 -0.029417844 -0.121370271 0.992171288 0.043124698
0.998567522 0.034528766 0.040873095 0.006138480 -0.039075647 0.992450833 0.116251737 0.120958380 -0.036550507 -0.117682353 0.992378414 0.037597075
0.998080611 0.039521992 0.047677357 0.006391819 -0.044540077 0.993016243 0.109246977 0.086399145 -0.043026734 -0.111160837 0.992870569 0.031868130
0.997822165 0.041428972 0.051327620 0.006193678 -0.046365920 0.994000673 0.099060088 0.050804820 -0.046915729 -0.101224199 0.993756771 0.025685884
0.997709513 0.039908472 0.054617092 0.005529288 -0.044493649 0.995345354 0.085486554 0.014098737 -0.050951228 -0.087720864 0.994841218 0.019561028
0.997495592 0.038374074 0.059413403 0.005335260 -0.042395778 0.996785522 0.067979254 -0.022877190 -0.056613781 -0.070327885 0.995916069 0.013200689
0.997120738 0.036183242 0.066640489 0.004505664 -0.039380770 0.998103678 0.047309924 -0.059089556 -0.064802296 -0.049798060 0.996654809 0.006025835
0.996708393 0.035558727 0.072855927 0.005492069 -0.037296142 0.999048054 0.022626817 -0.089341715 -0.071981989 -0.025269583 0.997085750 0.000332633
0.996156156 0.034790881 0.080390044 0.004700042 -0.035107099 0.999380350 0.002523010 -0.120049499 -0.080252461 -0.005335573 0.996760309 -0.006931676
0.995869458 0.035085205 0.083744094 0.003934508 -0.034017611 0.999321163 -0.014141752 -0.147873446 -0.084183410 0.011234566 0.996386945 -0.014515111
0.995864391 0.030675756 0.085516743 0.002484671 -0.028410980 0.999215901 -0.027576104 -0.171139643 -0.086295612 0.025032446 0.995955050 -0.022284564
0.996034503 0.027709357 0.084542587 0.001080204 -0.024665877 0.999016941 -0.036834110 -0.188890338 -0.085480124 0.034602728 0.995738804 -0.028551374
0.996026695 0.021524334 0.086415000 -0.000366726 -0.017988836 0.998977184 -0.041485343 -0.200080678 -0.087219559 0.039766002 0.995395124 -0.032515060
0.995757341 0.018967878 0.090041719 -0.001001489 -0.015345681 0.999051452 -0.040751234 -0.204698011 -0.090729274 0.039196588 0.995103955 -0.033442594
0.995480657 0.016414067 0.093535401 -0.001210439 -0.012966253 0.999218106 -0.037350331 -0.200753361 -0.094075345 0.035968725 0.994915128 -0.031742960
0.995452464 0.015310035 0.094021402 -0.001113525 -0.012287217 0.999391437 -0.032645527 -0.191276431 -0.094463997 0.031341810 0.995034814 -0.027837560
0.994933844 0.014817622 0.099433526 -0.000161548 -0.012197266 0.999563456 -0.026909241 -0.175107896 -0.099788845 0.025560098 0.994680285 -0.022104679
0.994351864 0.015438136 0.105004698 0.001393678 -0.013348382 0.999699175 -0.020575300 -0.155308574 -0.105290756 0.019057445 0.994258881 -0.015083552
0.993559003 0.021673908 0.111223601 0.004145200 -0.020214373 0.999694347 -0.014233578 -0.132125497 -0.111498095 0.011893585 0.993693471 -0.006804858
0.992871881 0.027014202 0.116084732 0.007215704 -0.026181085 0.999619365 -0.008695875 -0.107380770 -0.116275467 0.005594665 0.993201256 0.001826473
0.992302895 0.035820749 0.118540525 0.010618459 -0.035736058 0.999357224 -0.002840611 -0.080826357 -0.118566081 -0.001417425 0.992945135 0.010774404
0.992040157 0.039711777 0.119496100 0.013178962 -0.040502895 0.999170601 0.004198133 -0.054907162 -0.119230278 -0.009004654 0.992825806 0.018807271
0.992635846 0.042919945 0.113278374 0.015072777 -0.044729505 0.998908162 0.013480308 -0.028422600 -0.112576127 -0.018447923 0.993471861 0.025203573
0.993133545 0.044967685 0.107998237 0.017036758 -0.047843631 0.998561978 0.024186479 -0.002672952 -0.106755316 -0.029187432 0.993856847 0.030840045
0.994272470 0.046140056 0.096402057 0.018143062 -0.049806368 0.998110712 0.035976600 0.021771323 -0.094559960 -0.040571976 0.994692087 0.033467270
0.995508909 0.044873741 0.083356947 0.018360075 -0.049034301 0.997616231 0.048553951 0.044431325 -0.080979452 -0.052423239 0.995336175 0.035436001
0.996667683 0.040550098 0.070775777 0.018627863 -0.045001410 0.997031450 0.062475219 0.062727220 -0.068032295 -0.065452039 0.995533824 0.033919349
0.997695267 0.034875706 0.058205348 0.018479422 -0.039341621 0.996221006 0.077433363 0.077512264 -0.055284847 -0.079544798 0.995297074 0.030766577
0.998328149 0.028762436 0.050136067 0.018257622 -0.033356376 0.995075166 0.093342513 0.088295400 -0.047204398 -0.094858810 0.994370937 0.027274100
0.998941541 0.020629935 0.041112311 0.017459080 -0.025025520 0.993677795 0.109444670 0.096007146 -0.038594551 -0.110357679 0.993142307 0.022836441
0.999338329 0.013747757 0.033673335 0.017063735 -0.017951304 0.991624653 0.127899781 0.100282073 -0.031632971 -0.128419623 0.991215289 0.017961301
0.999567091 0.007857130 0.028352890 0.016207032 -0.011932123 0.989130676 0.146553993 0.102654904 -0.026893221 -0.146828860 0.988796234 0.013051827
0.999585450 0.002813691 0.028652754 0.016126530 -0.007583575 0.985799253 0.167756885 0.103598155 -0.027773846 -0.167904645 0.985411942 0.008599709
0.999385476 -0.002412103 0.034968473 0.015793383 -0.004336159 0.981458426 0.191626117 0.103948295 -0.034782328 -0.191660002 0.980844855 0.005367247
0.998814821 -0.004989902 0.048414893 0.015424097 -0.005603364 0.976327538 0.216224834 0.103956766 -0.048347734 -0.216239855 0.975142479 0.002448243
0.998093069 -0.010332152 0.060856190 0.014403424 -0.004423444 0.971384883 0.237469777 0.102907404 -0.061568353 -0.237286136 0.969486773 -0.000255599
0.997351170 -0.016399492 0.070863687 0.012380716 -0.002297740 0.966661692 0.256046742 0.101243988 -0.072700240 -0.255531341 0.964063466 -0.003305020
0.996937752 -0.022218736 0.074976027 0.009810193 0.000911320 0.962021470 0.272972196 0.099630184 -0.078193650 -0.272067994 0.959095836 -0.007047180
0.996775985 -0.026073771 0.075880408 0.007591864 0.002843788 0.956611872 0.291351348 0.098859139 -0.080184728 -0.290196210 0.953601897 -0.011893200
0.996532440 -0.032382455 0.076645330 0.005846227 0.006982871 0.950457692 0.310775548 0.097857155 -0.082911819 -0.309162706 0.947387993 -0.016687233
0.996295929 -0.037693202 0.077289373 0.004909662 0.010049847 0.943689406 0.330680043 0.098020166 -0.085401550 -0.328678459 0.940572739 -0.022160536
0.996038854 -0.044541139 0.076958776 0.004280210 0.014818933 0.936541140 0.350244373 0.098433264 -0.087675348 -0.347716540 0.933491409 -0.027885368
0.996026933 -0.045152262 0.076756641 0.004222035 0.013700994 0.929363966 0.368910432 0.096233495 -0.087991998 -0.366393089 0.926290214 -0.035112545
0.996109962 -0.044624276 0.075984679 0.005917348 0.012028432 0.923079491 0.384421140 0.099917784 -0.087294407 -0.382011741 0.920025408 -0.040229432
0.996384680 -0.043287046 0.073101401 0.008060544 0.010776449 0.917905211 0.396653384 0.099602781 -0.084270105 -0.394431561 0.915053189 -0.045269884
0.996640027 -0.042211033 0.070192173 0.011289920 0.010319410 0.914859354 0.403640777 0.098237313 -0.081254065 -0.401560217 0.912221014 -0.049056809
0.996586978 -0.043753356 0.070000246 0.015386429 0.011701401 0.914293408 0.404883474 0.095823996 -0.081715778 -0.402682513 0.911684871 -0.051356029
0.996732593 -0.043426376 0.068105027 0.020182624 0.012587022 0.916382194 0.400106490 0.094012901 -0.079785407 -0.397941947 0.913934648 -0.051623061
0.996997297 -0.044400610 0.063442245 0.024333868 0.015942870 0.919430673 0.392928839 0.092170484 -0.075777024 -0.390737534 0.917377770 -0.051695429
0.997241378 -0.043884166 0.059865355 0.028903132 0.017477646 0.922662616 0.385211915 0.090191990 -0.072140232 -0.383102924 0.920884311 -0.050549719
0.997433484 -0.041667692 0.058225945 0.032420538 0.016598921 0.925633669 0.378056556 0.089521587 -0.069648638 -0.376119763 0.923949659 -0.048803475
0.997764468 -0.036772992 0.055802006 0.034400817 0.013360550 0.927901566 0.372585833 0.089152664 -0.065479860 -0.371007323 0.926318526 -0.046672035
0.998083591 -0.033731315 0.051878322 0.035594054 0.012278958 0.929654479 0.368227869 0.089064583 -0.060649727 -0.366885155 0.928287089 -0.044518843
0.998474300 -0.027196914 0.048055947 0.036662370 0.007729829 0.930566251 0.366041988 0.088325128 -0.054674454 -0.365112036 0.929356694 -0.042049661
0.998660982 -0.024413262 0.045609254 0.037578017 0.005962454 0.930086136 0.367293179 0.087619327 -0.051387358 -0.366529405 0.928986311 -0.039479613
0.998840451 -0.019619629 0.043963727 0.038899627 0.001855939 0.928205729 0.372062802 0.083186962 -0.048107114 -0.371549785 0.927165806 -0.037813108
0.998911083 -0.016574230 0.043610733 0.041713890 -0.001067538 0.926403344 0.376531154 0.082751364 -0.046641845 -0.376167685 0.925376892 -0.035200726
0.998994410 -0.015606298 0.042030986 0.045752738 -0.001499758 0.925306559 0.379216909 0.082068637 -0.044809718 -0.378898621 0.924352705 -0.032607585
0.998949349 -0.017042607 0.042540655 0.051460352 -0.000455662 0.924538672 0.381088048 0.081340387 -0.045825213 -0.380707055 0.923559546 -0.029670075
0.998870373 -0.019328268 0.043409232 0.059008531 0.001266975 0.924044251 0.382283479 0.080418400 -0.047500927 -0.381796628 0.923024893 -0.026704920
0.998723567 -0.021714469 0.045604419 0.068538100 0.002551010 0.923407495 0.383812577 0.079350933 -0.050445747 -0.383206338 0.922284186 -0.023113307
0.998581171 -0.024684586 0.047184184 0.079637356 0.004599462 0.922740400 0.385394573 0.078260951 -0.053052060 -0.384630740 0.921544731 -0.019953031
0.998410404 -0.029151630 0.048237465 0.092174530 0.008186528 0.921781838 0.387622535 0.077067234 -0.055764250 -0.386611462 0.920555234 -0.017117105
0.998240471 -0.033299208 0.049063001 0.105812766 0.011534790 0.920669258 0.390173107 0.076024048 -0.058163252 -0.388920635 0.919433415 -0.015051646
0.998048961 -0.037251625 0.050105408 0.121810555 0.014691821 0.920097351 0.391414106 0.074788384 -0.060682662 -0.389914334 0.918849528 -0.012972188
0.997711122 -0.041750889 0.053191781 0.139015228 0.017683428 0.920345962 0.390705317 0.073174216 -0.065267131 -0.388870448 0.918977678 -0.010861654
0.997313559 -0.046288207 0.056771941 0.157313615 0.020777926 0.921968222 0.386707723 0.071136303 -0.070241936 -0.384489238 0.920453191 -0.008454904
0.996752620 -0.051643655 0.061783053 0.175945148 0.024303438 0.924413919 0.380615622 0.068473406 -0.076769494 -0.377878100 0.922667086 -0.006074319
0.996028841 -0.058138385 0.067427747 0.194910809 0.028816462 0.927099943 0.373704821 0.065889284 -0.084238850 -0.370277733 0.925093651 -0.003273455
0.995239794 -0.063061349 0.074303664 0.213657185 0.031337641 0.929015934 0.368710339 0.063538320 -0.092280664 -0.364626706 0.926569819 -0.001176031
0.994428456 -0.068459235 0.080158420 0.232259288 0.034396589 0.929527402 0.367145360 0.062406976 -0.099643938 -0.362342596 0.926703274 0.000851630
0.993660152 -0.072160900 0.086210877 0.250123978 0.035356723 0.928495228 0.369657338 0.062744290 -0.106721193 -0.364265621 0.925160050 0.003236216
0.992789209 -0.073566251 0.094644502 0.267520219 0.032706738 0.925819635 0.376547813 0.064420730 -0.115324944 -0.370737076 0.921549857 0.004668914
0.991632342 -0.076184988 0.104216687 0.284053236 0.030160235 0.921674728 0.386789471 0.065934494 -0.125521436 -0.380409747 0.916260242 0.005917147
0.990431726 -0.082146414 0.110891804 0.298805237 0.031783968 0.917721510 0.395950735 0.067693390 -0.134293720 -0.388637602 0.911551476 0.007525601
0.990023017 -0.085394368 0.112081096 0.311401546 0.033370871 0.914902091 0.402294040 0.069637492 -0.136896878 -0.394540131 0.908623874 0.008796425
0.989918411 -0.084963784 0.113325402 0.322611392 0.031938087 0.913395822 0.405817747 0.071549967 -0.137990758 -0.398107052 0.906900942 0.009673866
0.990078092 -0.084602959 0.112195119 0.331830531 0.031976491 0.913139582 0.406390995 0.073349126 -0.136831686 -0.398771197 0.906784773 0.010605033
0.990222812 -0.085024789 0.110587575 0.338842630 0.033267692 0.913837612 0.404714763 0.074885562 -0.135469869 -0.397078812 0.907731414 0.011483054
0.990408897 -0.086352341 0.107858442 0.343417317 0.036064766 0.915145040 0.401508242 0.075900085 -0.133377299 -0.393767446 0.909482121 0.012074114
0.990751743 -0.086438946 0.104590848 0.346011311 0.037941448 0.916563034 0.398086280 0.077054128 -0.130274266 -0.390436381 0.911366045 0.012917206
0.990715325 -0.088653326 0.103071503 0.346362323 0.041015238 0.917718589 0.395108014 0.077735625 -0.129618272 -0.387212068 0.912833989 0.012356081
0.990607679 -0.090014681 0.102925837 0.344769478 0.042460348 0.918035805 0.394217402 0.078604855 -0.129974961 -0.386144549 0.913235426 0.012308331
0.990334749 -0.088719204 0.106611356 0.341442972 0.039680857 0.917764962 0.395136595 0.078818560 -0.132900372 -0.387087047 0.912414968 0.011166910
0.990179658 -0.087577894 0.108969703 0.335947096 0.037724495 0.917931974 0.394940257 0.078008205 -0.134614810 -0.386950970 0.912221372 0.009818758
0.990204036 -0.087715425 0.108637102 0.327953547 0.038100444 0.918259859 0.394141048 0.076700859 -0.134329334 -0.386140913 0.912606597 0.007733550
0.990449667 -0.086699404 0.107203923 0.317958891 0.037851773 0.918656945 0.393238693 0.075502738 -0.132577181 -0.385425299 0.913165152 0.005406713
0.990854800 -0.087014288 0.103127226 0.305766016 0.039622426 0.918227911 0.394065470 0.075410433 -0.128983617 -0.386375517 0.913278282 0.002616435
0.991592646 -0.083832115 0.098570809 0.292468488 0.038129456 0.917235553 0.396516174 0.076004177 -0.123653442 -0.389424056 0.912720501 -0.000411936
0.992163062 -0.081808351 0.094444916 0.277848750 0.037530184 0.916076064 0.399244428 0.077105984 -0.119180262 -0.392571032 0.911967158 -0.002515367
0.992678046 -0.080720812 0.089857623 0.261456907 0.038171735 0.915432155 0.400658131 0.078061856 -0.114600003 -0.394294500 0.911810637 -0.004674200
0.993254960 -0.079520732 0.084386319 0.243306264 0.039290447 0.915544212 0.400293678 0.078532398 -0.109091058 -0.394278079 0.912493229 -0.006941233
0.993891597 -0.076536521 0.079508819 0.223959565 0.038659260 0.916248679 0.398740321 0.078654505 -0.103368051 -0.393230885 0.913610697 -0.009691844
0.994550347 -0.073112071 0.074325301 0.203458965 0.037943520 0.917839706 0.395133615 0.078288443 -0.097107746 -0.390160084 0.915611923 -0.012650428
0.995236337 -0.069227472 0.068645038 0.182176813 0.037081152 0.919990480 0.390182704 0.077505320 -0.090164147 -0.385778576 0.918174982 -0.016054986
0.995927989 -0.063968286 0.063525364 0.160182431 0.034687869 0.922302425 0.384909004 0.076430917 -0.083211571 -0.381138116 0.920765758 -0.019816179
0.996367812 -0.060893256 0.059524357 0.137533262 0.033779535 0.924312234 0.380139202 0.074896440 -0.078167006 -0.376747757 0.923011959 -0.022721753
0.996740818 -0.058343001 0.055711903 0.114232637 0.033067398 0.925414622 0.377510726 0.073451720 -0.073581718 -0.374438107 0.924327791 -0.025693228
0.997102380 -0.055404957 0.052126329 0.090220854 0.031685043 0.925442457 0.377560973 0.073171481 -0.069158673 -0.374815345 0.924516380 -0.028574992
0.997592866 -0.050649576 0.047361664 0.066317037 0.028912263 0.924611807 0.379811943 0.073095113 -0.063028470 -0.377528369 0.923850536 -0.031179436
0.997979105 -0.047288295 0.042444129 0.042170778 0.027413543 0.923013687 0.383789241 0.074042857 -0.057325255 -0.381850123 0.922444701 -0.033683665
0.998361409 -0.042172629 0.038677696 0.018357977 0.023935262 0.921701133 0.387161613 0.075095393 -0.051976901 -0.385601461 0.921200275 -0.035412945
0.998601675 -0.037845261 0.036911737 -0.005436289 0.020590134 0.921519876 0.387785017 0.076356791 -0.048690725 -0.386482716 0.921010494 -0.037156772
0.998738348 -0.036226928 0.034774456 -0.029206526 0.020010745 0.922256649 0.386059940 0.077901445 -0.046056736 -0.384877026 0.921818018 -0.038742643
0.998907268 -0.034820121 0.031174762 -0.053019244 0.020213448 0.923290312 0.383570641 0.079549901 -0.042139333 -0.382521361 0.922985196 -0.040524371
0.999054253 -0.032182198 0.029239504 -0.076570190 0.018625583 0.924381554 0.381014198 0.081223719 -0.039290331 -0.380109221 0.924106717 -0.042177089
0.999208391 -0.029566698 0.026616672 -0.100237899 0.017296005 0.925381839 0.378641337 0.082628146 -0.035825759 -0.377881259 0.925160706 -0.043983527
0.999348998 -0.026914582 0.024023864 -0.123032197 0.015875444 0.926043749 0.377082139 0.084440716 -0.032396156 -0.376455277 0.925868213 -0.047319833
0.999531507 -0.025230400 0.017324347 -0.145691037 0.016821656 0.925767839 0.377718061 0.086953014 -0.025568303 -0.377249688 0.925758600 -0.048890971
0.999705195 -0.022242179 0.009739641 -0.166944310 0.016848786 0.924279213 0.381345123 0.089920901 -0.017484093 -0.381068617 0.924381435 -0.050251611
0.999823868 -0.018619183 0.002369559 -0.186536998 0.016247518 0.921770394 0.387395591 0.093233630 -0.009397179 -0.387288839 0.921910524 -0.051620293
0.999868274 -0.015139018 -0.005854923 -0.204691499 0.016221801 0.919351101 0.393103510 0.096113861 -0.000568470 -0.393146724 0.919475615 -0.053636927
0.999782860 -0.014162688 -0.015285103 -0.221239105 0.019063292 0.917856872 0.396453530 0.099206790 0.008414689 -0.396658808 0.917927563 -0.054817524
0.999626517 -0.012681847 -0.024207614 -0.235993952 0.021227127 0.918212533 0.395518869 0.101678126 0.017211825 -0.395885020 0.918138742 -0.055824224
0.999482870 -0.010735488 -0.030310608 -0.248411298 0.021729408 0.920321524 0.390558720 0.102742210 0.023702666 -0.391015410 0.920078874 -0.056758780
0.999307156 -0.009153046 -0.036076158 -0.258325368 0.022314478 0.923102975 0.383904874 0.103280440 0.029788109 -0.384443879 0.922667623 -0.057824198
0.999087274 -0.008910116 -0.041776028 -0.265656263 0.024035420 0.925751507 0.377367854 0.103035316 0.035311829 -0.378027499 0.925120711 -0.058886081
0.998989105 -0.007101103 -0.044388227 -0.269539684 0.023173563 0.927476466 0.373162717 0.102495000 0.038519166 -0.373814136 0.926703453 -0.061918210
0.999007642 -0.005285952 -0.044223703 -0.270035565 0.021373589 0.928025961 0.371901900 0.101963282 0.039074890 -0.372478098 0.927218020 -0.063105375
0.999110162 -0.003013587 -0.042069245 -0.267346263 0.018528691 0.927401721 0.373607755 0.101430148 0.037889194 -0.374054790 0.926632285 -0.064419106
0.999292731 -0.003165564 -0.037470356 -0.261669248 0.017024904 0.926561594 0.375757694 0.100727171 0.033529110 -0.376129866 0.925960124 -0.065704390
0.999480963 -0.002688606 -0.032102954 -0.252735764 0.014605808 0.926025867 0.377177447 0.099882856 0.028714083 -0.377450556 0.925584435 -0.066940591
0.999695837 -0.003555825 -0.024404392 -0.240967751 0.012496011 0.926153719 0.376939148 0.098558664 0.021261889 -0.377129465 0.925916493 -0.068178304
0.999845207 -0.003215754 -0.017297868 -0.226887017 0.009465968 0.927055478 0.374804676 0.096980043 0.014830803 -0.374910414 0.926942408 -0.069561712
0.999948263 -0.003181707 -0.009662347 -0.210507721 0.006547565 0.928231478 0.371945500 0.095137000 0.007785473 -0.371989548 0.928204298 -0.070861630
0.999985635 -0.003735550 -0.003844693 -0.192746967 0.004890708 0.929405749 0.369027078 0.093125671 0.002194761 -0.369040608 0.929410696 -0.071917683
0.999981165 -0.004980671 0.003578920 -0.173827484 0.003315646 0.929926753 0.367729843 0.091387063 -0.005159675 -0.367711067 0.929925799 -0.071722656
0.999932706 -0.006740307 0.009442386 -0.153463513 0.002789675 0.929723620 0.368247569 0.089930907 -0.011260911 -0.368196428 0.929679811 -0.071848594
0.999832571 -0.010762400 0.014797699 -0.132226661 0.004501238 0.928543091 0.371197373 0.088948011 -0.017735276 -0.371068627 0.928436041 -0.071499929
0.999758780 -0.014994929 0.016047964 -0.110353902 0.007854482 0.926449299 0.376337707 0.088349476 -0.020510780 -0.376120865 0.926343560 -0.070611350
0.999645591 -0.019783311 0.017813845 -0.087408833 0.011474911 0.923997998 0.382225037 0.088182792 -0.024021635 -0.381885171 0.923897564 -0.069129750
0.999537945 -0.022715708 0.020196540 -0.063929476 0.013125809 0.921876609 0.387261152 0.088031538 -0.027415631 -0.386817098 0.921748817 -0.067751274
0.999438882 -0.024092168 0.023270909 -0.039850380 0.013125159 0.920863926 0.389663130 0.088129118 -0.030817170 -0.389139026 0.920663416 -0.065971397
0.999407828 -0.024824534 0.023826916 -0.016206175 0.013580762 0.920824468 0.389740705 0.088065512 -0.031615537 -0.389186323 0.920616329 -0.063851148
0.999422848 -0.025995348 0.021869082 0.006668597 0.015472550 0.921444058 0.388202816 0.087598518 -0.030242603 -0.387640387 0.921314478 -0.061847702
0.999423862 -0.027487764 0.019908888 0.029948715 0.017641852 0.921846271 0.387154013 0.087209150 -0.028994931 -0.386579722 0.921800077 -0.058215506
0.999332309 -0.030844027 0.019586448 0.051690757 0.020860905 0.921760559 0.387198001 0.086401351 -0.029996760 -0.386530846 0.921788514 -0.055754516
0.999248922 -0.033039834 0.020246085 0.072554439 0.022582063 0.921114445 0.388636440 0.085790254 -0.031489443 -0.387887329 0.921168745 -0.053192455
0.999130428 -0.035349526 0.022107599 0.092133835 0.023897452 0.920038462 0.391098619 0.085977808 -0.034164991 -0.390230238 0.920083225 -0.050404459
0.998990417 -0.037083711 0.025356939 0.109973133 0.024110772 0.918843687 0.393884480 0.086856626 -0.037905760 -0.392875433 0.918810129 -0.047598142
0.998762608 -0.039906804 0.029677249 0.125680849 0.024885314 0.917689800 0.396517485 0.088291891 -0.043058254 -0.395288318 0.917547345 -0.044751000
0.998517215 -0.042966682 0.033425145 0.139088765 0.026150171 0.917126060 0.397738606 0.090511069 -0.047744580 -0.396274775 0.916889727 -0.041422464
0.998285890 -0.046670578 0.035314701 0.150095269 0.028788963 0.916941762 0.397981167 0.093117416 -0.050955534 -0.396282315 0.916713595 -0.037988551
0.998039424 -0.047508031 0.040746640 0.160223052 0.027512074 0.917761564 0.396177769 0.095883057 -0.056217324 -0.394280016 0.917269289 -0.033884913
0.997331798 -0.050944414 0.052287463 0.169225201 0.026593436 0.920567155 0.389678001 0.098825663 -0.067986034 -0.387247741 0.919465661 -0.028457563
0.996124685 -0.055588670 0.068157956 0.177433074 0.025749609 0.925308645 0.378339589 0.101209790 -0.084098548 -0.375118375 0.923154175 -0.022660026
0.994919181 -0.058315244 0.082067639 0.183776185 0.024853747 0.932199061 0.361091763 0.103003152 -0.097560525 -0.357217461 0.928912103 -0.016929846
0.993901312 -0.057826120 0.093895122 0.188333780 0.022420693 0.939661384 0.341370404 0.104253218 -0.107969746 -0.337183297 0.935227215 -0.011898893
0.992759407 -0.056292091 0.106112853 0.192231551 0.019320827 0.946722746 0.321469754 0.104230747 -0.118555650 -0.317091912 0.940955520 -0.007330221
0.991340637 -0.056168668 0.118696146 0.195527673 0.017987994 0.953467190 0.300959706 0.103301026 -0.130077392 -0.296218514 0.946221173 -0.002938678
0.990002453 -0.057235107 0.128915757 0.198678508 0.018414693 0.958595395 0.284175664 0.101791106 -0.139842868 -0.278960675 0.950065732 0.001113188
0.988504052 -0.060393251 0.138608903 0.201920122 0.020343116 0.961549461 0.273877352 0.099884011 -0.149819672 -0.267909139 0.951724112 0.005063633
0.986989200 -0.068212077 0.145600289 0.205111727 0.026069904 0.961458683 0.273710817 0.098206446 -0.158659041 -0.266353816 0.950727582 0.008958267
0.985332847 -0.076202504 0.152683914 0.209771276 0.030629896 0.959201992 0.281057477 0.096811518 -0.167872012 -0.272258461 0.947467327 0.014934402
0.983051002 -0.086386181 0.161703765 0.215701148 0.036585920 0.956723988 0.288687825 0.094845049 -0.179644525 -0.277878761 0.943669021 0.022020871
0.980703712 -0.095991254 0.170311317 0.222437710 0.041938070 0.954173326 0.296301365 0.092676178 -0.190948859 -0.283441305 0.939786971 0.030563572
0.978355646 -0.105401151 0.178075448 0.229678914 0.046991222 0.951238275 0.304856658 0.090499915 -0.201524422 -0.289890230 0.935602248 0.040252142
0.976606309 -0.112170011 0.183461323 0.236657560 0.049803734 0.947958589 0.314474404 0.088109978 -0.209188327 -0.297980607 0.931368768 0.050646603
0.975615919 -0.116288215 0.186146691 0.243025243 0.050904769 0.944867194 0.323472887 0.085316025 -0.213499978 -0.306109577 0.927747130 0.061717816
0.975575805 -0.118571937 0.184912354 0.248195544 0.051684354 0.942071259 0.331406802 0.081775017 -0.213496149 -0.313755363 0.925190210 0.073516876
0.975824654 -0.123822786 0.180094942 0.251208216 0.056783877 0.939367712 0.338177323 0.077917926 -0.211049423 -0.319775283 0.923689306 0.086784482
0.977398753 -0.123958468 0.171248227 0.252268881 0.058762327 0.937431097 0.343176156 0.073405817 -0.203072995 -0.325356990 0.923528135 0.100474775
0.979413688 -0.121475138 0.161222130 0.250639290 0.059651367 0.937166929 0.343743861 0.068141535 -0.192848384 -0.327050328 0.925120294 0.117711499
0.982260525 -0.114660382 0.148382127 0.246711910 0.058532283 0.939217627 0.338296145 0.062381022 -0.178152263 -0.323609799 0.929267704 0.132438004
0.985233486 -0.104976073 0.135259077 0.240381598 0.055295765 0.942745149 0.328898102 0.056963284 -0.162041262 -0.316562146 0.934628844 0.147722989
0.988427401 -0.092577763 0.120168969 0.231674090 0.049951322 0.946633458 0.318417966 0.052000072 -0.143234387 -0.308730423 0.940302849 0.162939116
0.991231263 -0.079008333 0.105916470 0.220879346 0.042578027 0.949777782 0.310014933 0.047965664 -0.125090882 -0.302786797 0.944813430 0.177611277
0.993788421 -0.066339150 0.089351460 0.207875833 0.036135837 0.951755822 0.304721355 0.044126630 -0.105255723 -0.299599767 0.948241115 0.190886259
0.996212244 -0.053816300 0.068300486 0.191740260 0.030709583 0.952601790 0.302666068 0.041026704 -0.081351534 -0.299422145 0.950646281 0.203027084
0.998140872 -0.042864643 0.043329351 0.172411799 0.027768664 0.952661693 0.302761644 0.038349997 -0.054255977 -0.300995559 0.952080846 0.212608323
0.999359190 -0.032800686 0.014328008 0.149585292 0.026854225 0.951737046 0.305737615 0.037266437 -0.023664899 -0.305156946 0.952008009 0.220119774
0.999679804 -0.021365367 -0.013556039 0.124753088 0.024518818 0.950295568 0.310382366 0.038209084 0.006250810 -0.310615361 0.950515151 0.226496592
0.999116600 -0.010056958 -0.040802628 0.097490735 0.022449657 0.948518097 0.315926254 0.039576683 0.035524778 -0.316563189 0.947905958 0.227065355
0.997632980 0.001939483 -0.068736292 0.068080537 0.020302022 0.946734250 0.321375251 0.042080943 0.065698303 -0.322010040 0.944453955 0.223405659
0.995395660 0.014594626 -0.094733499 0.037490670 0.017215911 0.945044994 0.326486677 0.045257114 0.094292365 -0.326614350 0.940442443 0.216561392
0.992515981 0.029348288 -0.118535526 0.006998007 0.011514109 0.943874419 0.330103844 0.049257938 0.121570624 -0.328998178 0.936472535 0.206258461
0.988874793 0.038151942 -0.143774405 -0.024153616 0.011924295 0.943106353 0.332277358 0.053647552 0.148271576 -0.330295086 0.932159185 0.192109928
0.985166848 0.041948169 -0.166393071 -0.053924222 0.016127508 0.942734957 0.333152652 0.058216382 0.170839697 -0.330894470 0.928074718 0.176456019
0.980950475 0.043056171 -0.189426228 -0.082393289 0.023089763 0.942371666 0.333770216 0.063085139 0.192880765 -0.331785858 0.923425794 0.156868756
