0.981055677 0.070366755 -0.180494562 0.508880913 -0.077844322 0.996362329 -0.034676060 0.825537682 0.177397922 0.048069619 0.982964516 -0.433907509
0.981046677 0.070393756 -0.180532902 0.508872628 -0.077895820 0.996353984 -0.034798879 0.825442493 0.177425057 0.048202086 0.982953131 -0.434014291
0.981047451 0.070376068 -0.180535510 0.508916914 -0.077893570 0.996351123 -0.034885176 0.825478971 0.177421674 0.048286565 0.982949615 -0.433770299
0.981068492 0.070502236 -0.180371851 0.508809924 -0.077999443 0.996345580 -0.034807011 0.825619400 0.177258730 0.048216969 0.982982457 -0.433588773
0.981094658 0.070312582 -0.180303782 0.508850992 -0.077810459 0.996358991 -0.034845885 0.825717747 0.177197188 0.048216630 0.982993543 -0.434085965
0.981120348 0.069884658 -0.180330172 0.508871019 -0.077404559 0.996385336 -0.034997720 0.825737894 0.177232519 0.048295353 0.982983291 -0.434329897
0.981096566 0.070307583 -0.180295303 0.508845091 -0.077810705 0.996357858 -0.034877814 0.825957656 0.177186474 0.048247404 0.982993960 -0.434124470
0.981099844 0.070233189 -0.180306360 0.508817136 -0.077730231 0.996365249 -0.034847446 0.825726926 0.177203551 0.048204079 0.982993007 -0.434229404
0.981115341 0.070221916 -0.180226490 0.508905351 -0.077733636 0.996361315 -0.034951963 0.825556636 0.177116320 0.048301570 0.983003974 -0.434124589
0.981088519 0.070542492 -0.180247396 0.508960068 -0.078026690 0.996344924 -0.034765743 0.825529158 0.177136123 0.048172377 0.983006716 -0.433926791
0.981078804 0.070744738 -0.180220857 0.508895934 -0.078207254 0.996335268 -0.034635324 0.825703144 0.177110121 0.048074562 0.983016193 -0.433810443
0.981076956 0.070783287 -0.180215746 0.508830726 -0.078262180 0.996327877 -0.034724280 0.825567782 0.177096069 0.048171267 0.983013988 -0.434324622
0.981094956 0.070234425 -0.180332571 0.508726954 -0.077756636 0.996358514 -0.034979638 0.825767934 0.177219123 0.048340399 0.982983530 -0.433786482
0.981099844 0.070410267 -0.180237219 0.508739650 -0.077881888 0.996358156 -0.034710199 0.825759888 0.177136883 0.048091382 0.983010530 -0.433856070
0.981093943 0.070457861 -0.180251002 0.508748591 -0.077949956 0.996349156 -0.034815874 0.825751781 0.177139878 0.048208196 0.983004272 -0.433675647
0.981118619 0.070793256 -0.179985002 0.508618236 -0.078234673 0.996335089 -0.034578919 0.825528026 0.176877424 0.048007086 0.983061373 -0.434470564
0.981092215 0.070165254 -0.180374339 0.508822322 -0.077672638 0.996368170 -0.034891874 0.825600445 0.177271053 0.048242293 0.982979000 -0.433741927
0.981066346 0.070075177 -0.180549994 0.508802474 -0.077551626 0.996384978 -0.034679756 0.825509846 0.177467123 0.048025087 0.982954204 -0.433658212
0.981094837 0.070219360 -0.180339098 0.508808672 -0.077716522 0.996366560 -0.034840271 0.825755060 0.177237391 0.048196934 0.982987285 -0.433437318
0.981089294 0.070378624 -0.180307165 0.508753538 -0.077820487 0.996369302 -0.034528587 0.825688958 0.177222446 0.047907215 0.983004093 -0.433472544
0.981105089 0.070074722 -0.180339411 0.508906782 -0.077557832 0.996381223 -0.034774698 0.825702608 0.177249983 0.048104368 0.982989550 -0.433942407
0.981121898 0.069843084 -0.180337861 0.508963406 -0.077292517 0.996407628 -0.034608372 0.825650036 0.177272871 0.047893800 0.982995689 -0.434254497
0.981100678 0.070454106 -0.180215538 0.508637726 -0.077895179 0.996362925 -0.034542847 0.825515985 0.177126408 0.047927935 0.983020425 -0.434306324
0.981089234 0.070726164 -0.180171490 0.508583546 -0.078147076 0.996347487 -0.034419566 0.825400114 0.177079052 0.047848538 0.983032823 -0.434507132
0.981090546 0.070110515 -0.180404857 0.508833528 -0.077618152 0.996372521 -0.034889519 0.825819790 0.177304313 0.048232466 0.982973456 -0.433795094
0.981099427 0.070150763 -0.180340707 0.508906007 -0.077652574 0.996370435 -0.034871504 0.825792730 0.177239895 0.048216335 0.982985854 -0.433490783
0.981131792 0.070108071 -0.180181354 0.508829057 -0.077542692 0.996390343 -0.034546282 0.825658619 0.177108973 0.047866199 0.983026564 -0.433955610
0.981129944 0.069924541 -0.180262640 0.508865058 -0.077371351 0.996401548 -0.034607429 0.825685084 0.177194074 0.047901545 0.983009517 -0.433946401
0.981045604 0.070099652 -0.180653319 0.508882225 -0.077609867 0.996375024 -0.034836248 0.825591862 0.177556440 0.048196428 0.982929707 -0.433642000
0.981077611 0.070389904 -0.180366203 0.508889258 -0.077913202 0.996346891 -0.034962989 0.825332522 0.177246258 0.048354320 0.982977927 -0.433900028
0.981101692 0.069871195 -0.180436909 0.508827269 -0.077554666 0.996342421 -0.035876147 0.825105369 0.177270234 0.049191870 0.982932031 -0.433908612
0.981108785 0.069494665 -0.180543706 0.508923352 -0.077084064 0.996397436 -0.035357386 0.825251341 0.177436128 0.048606485 0.982931256 -0.434646666
0.981139779 0.069450870 -0.180391997 0.508925915 -0.077132061 0.996373892 -0.035912368 0.825094283 0.177243739 0.049149062 0.982939005 -0.433876395
0.981097817 0.070278175 -0.180299968 0.509316981 -0.077814572 0.996351063 -0.035063643 0.825229526 0.177177846 0.048430827 0.982986510 -0.433910310
0.981105447 0.069580317 -0.180528745 0.508836210 -0.077200234 0.996382594 -0.035523213 0.825232148 0.177403972 0.048788883 0.982928038 -0.433730721
0.981125891 0.069856890 -0.180310979 0.508740604 -0.077392720 0.996382833 -0.035093810 0.825510800 0.177207217 0.048386198 0.982983410 -0.433663875
0.981115520 0.069649786 -0.180447370 0.508770168 -0.077217355 0.996390939 -0.035249781 0.825480282 0.177340984 0.048517775 0.982952774 -0.434096217
0.981105447 0.070018716 -0.180359215 0.508983672 -0.077571072 0.996366739 -0.035158090 0.825544298 0.177242190 0.048484452 0.982972264 -0.434359729
0.981131971 0.069888115 -0.180265710 0.508881509 -0.077366382 0.996395767 -0.034784295 0.825217307 0.177184984 0.048074491 0.983002722 -0.434176505
0.981098652 0.069991209 -0.180406809 0.508922100 -0.077458270 0.996392429 -0.034674354 0.825217247 0.177329093 0.047992960 0.982980728 -0.434164017
0.981124461 0.069898009 -0.180302680 0.508924603 -0.077442616 0.996377289 -0.035141222 0.825436890 0.177193195 0.048441023 0.982983232 -0.434119105
1.000000000 0.000000000 0.000000000 -0.000000030 0.000000000 1.000000000 0.000000000 -0.000000238 0.000000000 0.000000000 1.000000000 0.000000089
0.999989092 0.003186613 0.003417200 0.002663149 -0.003235532 0.999890983 0.014406878 -0.003522702 -0.003370919 -0.014417776 0.999890387 -0.003229087
0.999899149 0.011152677 0.008792695 0.003445506 -0.011346215 0.999687433 0.022277504 -0.005937716 -0.008541493 -0.022375021 0.999713182 -0.004082265
0.999700546 0.019666772 0.014559969 0.002593023 -0.020136524 0.999257326 0.032852303 -0.012149986 -0.013903057 -0.033135656 0.999354184 -0.005602659
0.999445617 0.027697418 0.018475775 0.006979555 -0.028401408 0.998835623 0.038996823 -0.025716824 -0.017374150 -0.039499938 0.999068499 -0.008633014
0.998945355 0.039211027 0.023889020 0.008482725 -0.040249214 0.998191535 0.044650044 -0.042412084 -0.022095043 -0.045564469 0.998717010 -0.012491058
0.998185575 0.052685626 0.029151810 0.009513252 -0.053957537 0.997541547 0.044715278 -0.063210674 -0.026724288 -0.046207108 0.998574317 -0.015772838
0.997247279 0.065630406 0.034504160 0.009533236 -0.066855341 0.997126162 0.035633896 -0.086143613 -0.032066338 -0.037842590 0.998769104 -0.019349938
0.996021450 0.080267698 0.038708579 0.007123319 -0.081260085 0.996384799 0.024782119 -0.118002407 -0.036579434 -0.027828986 0.998943210 -0.020859089
0.995950997 0.080287337 0.040441304 -0.000183043 -0.080876127 0.996637583 0.013137024 -0.148765936 -0.039250590 -0.016354568 0.999095559 -0.022559686
0.996749401 0.071235061 0.037632357 -0.007331898 -0.071406215 0.997442126 0.003221896 -0.180899590 -0.037306588 -0.005898607 0.999286473 -0.024947990
0.997592449 0.060732413 0.033479873 -0.012329531 -0.060588729 0.998148799 -0.005290479 -0.216201812 -0.033739198 0.003249239 0.999425411 -0.029780850
0.998214841 0.051260684 0.030651502 -0.021195207 -0.050982874 0.998651683 -0.009777891 -0.244389147 -0.031111397 0.008197735 0.999482334 -0.027633816
0.998759747 0.041623719 0.027320802 -0.029788272 -0.041208960 0.999029160 -0.015572784 -0.267224848 -0.027942475 0.014427607 0.999505401 -0.026107680
0.999130666 0.033163365 0.025259785 -0.041779369 -0.032709766 0.999299824 -0.018163670 -0.287724406 -0.025844466 0.017321639 0.999515891 -0.019858336
0.999379516 0.026051024 0.023704529 -0.054131363 -0.025596878 0.999486685 -0.019264463 -0.301311314 -0.024194222 0.018645748 0.999533355 -0.014160555
0.999538004 0.020818776 0.022144701 -0.067001909 -0.020408245 0.999618590 -0.018605849 -0.317009121 -0.022523604 0.018145317 0.999581635 -0.008230838
0.999707341 0.013295693 0.020209026 -0.078828730 -0.012749020 0.999555647 -0.026943183 -0.317458808 -0.020558275 0.026677651 0.999432683 0.003488941
0.999805152 0.007495750 0.018259963 -0.091292180 -0.006725871 0.999100626 -0.041864723 -0.323803663 -0.018557349 0.041733749 0.998956442 0.011913803
0.999866009 0.002013556 0.016246853 -0.103931092 -0.000961356 0.997916400 -0.064513013 -0.327410877 -0.016342903 0.064488754 0.997784615 0.021165498
0.999850273 0.002508450 0.017121160 -0.117102601 -0.001119915 0.996743202 -0.080633193 -0.335459232 -0.017267665 0.080601946 0.996596813 0.027926821
0.999854088 0.005103089 0.016302364 -0.123854741 -0.003729643 0.996526361 -0.083194338 -0.339856207 -0.016670285 0.083121397 0.996399999 0.030912520
0.999828696 0.007818695 0.016777344 -0.134558603 -0.006545058 0.997186840 -0.074669942 -0.341246068 -0.017313968 0.074547336 0.997067153 0.034373015
0.999769568 0.011613299 0.018053820 -0.147928566 -0.010466133 0.997997165 -0.062386721 -0.343189716 -0.018742176 0.062183395 0.997888744 0.039161388
0.999716938 0.013362466 0.019684143 -0.163056105 -0.012392861 0.998742282 -0.048582599 -0.346420377 -0.020308569 0.048324905 0.998625159 0.041764032
0.999645829 0.016537853 0.020848453 -0.175378799 -0.015757926 0.999189734 -0.037034363 -0.350051641 -0.021444030 0.036692716 0.999096513 0.042388681
0.999635398 0.016829476 0.021114724 -0.187258944 -0.016214229 0.999448538 -0.028978737 -0.355757385 -0.021590775 0.028625814 0.999356985 0.041512974
0.999562919 0.019882604 0.021878172 -0.199941710 -0.019380108 0.999548852 -0.022945201 -0.362229019 -0.022324514 0.022511171 0.999497294 0.039442062
0.999526322 0.020634789 0.022833521 -0.212990209 -0.020193242 0.999607801 -0.019402204 -0.368011773 -0.023224926 0.018931931 0.999550998 0.039240781
0.999463201 0.023723582 0.022594288 -0.225033790 -0.023369515 0.999601901 -0.015807860 -0.376985937 -0.022960313 0.015271356 0.999619722 0.035671826
0.999463975 0.023707578 0.022575645 -0.239331767 -0.023343926 0.999595642 -0.016237684 -0.385930836 -0.022951471 0.015701976 0.999613285 0.033954542
0.999535203 0.021514762 0.021597864 -0.254509449 -0.021183752 0.999656379 -0.015439683 -0.394391239 -0.021922624 0.014974982 0.999647498 0.032710359
0.999587774 0.020537430 0.020061154 -0.266407073 -0.020179873 0.999636710 -0.017866138 -0.401760638 -0.020420790 0.017453942 0.999639094 0.029640904
0.999631822 0.019205881 0.019166412 -0.280778766 -0.018783150 0.999581575 -0.021997411 -0.408694476 -0.019580873 0.021629307 0.999574304 0.027600056
0.999678850 0.018781716 0.017013188 -0.292955607 -0.018112173 0.999087155 -0.038688496 -0.412825942 -0.017724294 0.038367927 0.999106467 0.024704639
0.999729156 0.017307661 0.015558755 -0.306818783 -0.015960231 0.996429384 -0.082908429 -0.414788276 -0.016938152 0.082637645 0.996435702 0.023181058
0.999785960 0.014671284 0.014588512 -0.324837267 -0.012460171 0.989853501 -0.141544104 -0.415237606 -0.016517123 0.141332030 0.989824474 0.029698925
0.999884009 0.010609697 0.010924705 -0.340680480 -0.008207100 0.979700923 -0.200296596 -0.411558837 -0.012828031 0.200183704 0.979674399 0.028440425
0.999937534 0.006074615 0.009384802 -0.358939081 -0.003590646 0.969522417 -0.244976237 -0.400327593 -0.010586912 0.244927242 0.969483674 0.019805558
0.999974191 0.002587697 0.006701538 -0.375663102 -0.000670256 0.962408125 -0.271606684 -0.388616323 -0.007152450 0.271595180 0.962384999 0.007061487
0.999924600 0.009711558 0.007512857 -0.384994924 -0.007207200 0.959617734 -0.281214863 -0.380593121 -0.009940506 0.281139523 0.959615409 -0.006124291
0.999940455 0.008681693 0.006612135 -0.398804873 -0.006451003 0.958945513 -0.283516943 -0.366746962 -0.008802084 0.283457398 0.958944440 -0.032129865
0.999924362 0.010102155 0.007012462 -0.412082523 -0.007716373 0.959426463 -0.281853348 -0.350109100 -0.009575268 0.281777948 0.959431887 -0.065856628
0.999922991 0.010716303 0.006255132 -0.425365537 -0.008540639 0.960091710 -0.279554993 -0.334427506 -0.009001296 0.279480070 0.960109293 -0.105599046
0.999925017 0.009433612 0.007810871 -0.439481467 -0.006936665 0.961812496 -0.273621351 -0.328733563 -0.010093831 0.273546666 0.961805761 -0.153217182
0.999901474 0.011223795 0.008429399 -0.452707976 -0.008622704 0.965007246 -0.262081444 -0.313009828 -0.011075979 0.261982918 0.965008974 -0.206846923
0.999868929 0.012654454 0.010097634 -0.465456724 -0.009912433 0.971662164 -0.236166134 -0.294927835 -0.012800042 0.236035094 0.971660256 -0.266187280
0.999843717 0.013402395 0.011530176 -0.478312224 -0.010860886 0.980225682 -0.197584480 -0.275820196 -0.013950279 0.197428375 0.980218053 -0.331616580
0.999821782 0.013719613 0.012966332 -0.494559973 -0.011640599 0.988818586 -0.148668379 -0.258784235 -0.014861022 0.148490965 0.988802075 -0.398989171
0.999788523 0.015046326 0.014019066 -0.507791281 -0.013525882 0.994603157 -0.102867171 -0.239213154 -0.015491180 0.102655798 0.994596303 -0.472736925
0.999745250 0.016049493 0.015871365 -0.521727502 -0.014969960 0.997711062 -0.065943368 -0.222133681 -0.016893394 0.065688975 0.997697115 -0.547970057
0.999673724 0.018145939 0.017978081 -0.535602331 -0.017448233 0.999116480 -0.038233571 -0.205748484 -0.018655980 0.037907407 0.999107122 -0.624419153
0.999575436 0.018637704 0.022397151 -0.570889235 -0.018133247 0.999581933 -0.022519166 -0.181855023 -0.022807492 0.022103472 0.999495506 -0.702487528
0.999448419 0.021599822 0.025224404 -0.585866749 -0.021322340 0.999709725 -0.011218216 -0.165130958 -0.025459392 0.010674186 0.999618888 -0.777900159
0.999412000 0.020501224 0.027483702 -0.601713419 -0.020367661 0.999779403 -0.005130860 -0.147829488 -0.027582828 0.004568065 0.999609113 -0.849835694
0.999344110 0.020825995 0.029624881 -0.617612720 -0.020922890 0.999776721 0.002964491 -0.128536165 -0.029556526 -0.003582385 0.999556720 -0.920282781
0.999303639 0.019970035 0.031519327 -0.632350981 -0.020315448 0.999736607 0.010676759 -0.106609263 -0.031297807 -0.011309653 0.999446094 -0.990307748
0.999232173 0.019812547 0.033801530 -0.648645997 -0.020381756 0.999654770 0.016579092 -0.082923830 -0.033461388 -0.017255295 0.999291062 -1.056377172
0.999109149 0.021371037 0.036389157 -0.665377259 -0.022097692 0.999562025 0.019685240 -0.057302225 -0.035952523 -0.020471821 0.999143779 -1.119812965
0.999088109 0.019327739 0.038071591 -0.682675421 -0.020296356 0.999475837 0.025221957 -0.029730998 -0.037564155 -0.025971672 0.998956680 -1.180989742
0.999024987 0.018818848 0.039936010 -0.700977802 -0.020180356 0.999219179 0.033967465 0.001947938 -0.039265599 -0.034740269 0.998624742 -1.245949030
0.998951554 0.019096391 0.041606780 -0.718744874 -0.021124134 0.998582542 0.048854120 0.032466326 -0.040614869 -0.049681805 0.997938931 -1.303239346
0.998822153 0.020156760 0.044136290 -0.736685097 -0.023244042 0.997234464 0.070591524 0.063178293 -0.042591330 -0.071534291 0.996528387 -1.359573126
0.998792529 0.019866996 0.044931300 -0.755105913 -0.024192784 0.994904280 0.097878568 0.092740908 -0.042757787 -0.098847397 0.994183540 -1.413113594
0.998694360 0.022168132 0.046023615 -0.772046387 -0.027855167 0.991529763 0.126857430 0.120255679 -0.042821594 -0.127973795 0.990852654 -1.462251663
0.998610735 0.022691384 0.047556907 -0.791479707 -0.029664949 0.988013744 0.151488796 0.145350561 -0.043549389 -0.152689114 0.987314284 -1.509111524
0.998623490 0.022461955 0.047398277 -0.811686039 -0.030471049 0.983974993 0.175683752 0.168102264 -0.042692520 -0.176886186 0.983304977 -1.552814245
0.998646319 0.023427757 0.046439342 -0.832679987 -0.032120526 0.980010986 0.196333289 0.187407032 -0.040911414 -0.197559178 0.979436874 -1.591142774
0.998570979 0.026065696 0.046654291 -0.849539042 -0.035396878 0.976633251 0.211977646 0.205024451 -0.040038787 -0.213326141 0.976160288 -1.618755579
0.998597562 0.027375083 0.045315951 -0.871801615 -0.036716331 0.974751770 0.220251963 0.217016533 -0.038142391 -0.221606895 0.974389851 -1.646084309
0.998651326 0.027684011 0.043922015 -0.894669652 -0.036826201 0.974035382 0.223380655 0.225653604 -0.036597528 -0.224696875 0.973741233 -1.666208267
0.998754263 0.027094638 0.041902084 -0.918060482 -0.035557587 0.975591481 0.216695502 0.229862019 -0.035008032 -0.217915490 0.975339592 -1.680958033
0.998742759 0.029868513 0.040258631 -0.938946068 -0.037489861 0.978185236 0.204323605 0.228302404 -0.033277556 -0.205576017 0.978075206 -1.688168526
0.998785794 0.029547634 0.039418817 -0.962996006 -0.036590166 0.980714977 0.191987827 0.225198284 -0.032985836 -0.193197057 0.980605364 -1.691943169
0.999062598 0.022841174 0.036771972 -0.987466693 -0.029125206 0.983118832 0.180635318 0.218548089 -0.032025296 -0.181536987 0.982862532 -1.690039396
0.999387860 0.011733165 0.032958735 -1.012430191 -0.017311735 0.984513700 0.174450770 0.209352314 -0.030401466 -0.174914554 0.984114170 -1.684067130
0.999567032 -0.000279155 0.029423131 -1.035747051 -0.004595989 0.986200392 0.165492356 0.196361169 -0.029063301 -0.165555924 0.985772073 -1.672238231
0.999602318 -0.011591124 0.025706220 -1.060087442 0.007343887 0.987162948 0.159547433 0.182573020 -0.027225561 -0.159295216 0.986855507 -1.657321215
0.999559641 -0.021265047 0.020696472 -1.083554029 0.017751029 0.987403512 0.157223374 0.167215854 -0.023779131 -0.156786740 0.987346172 -1.638158798
0.999440134 -0.028985521 0.016711419 -1.106284261 0.026087040 0.987845361 0.153235167 0.150276035 -0.020949898 -0.152713418 0.988048434 -1.615180254
0.999244213 -0.036729686 0.012726517 -1.127384782 0.034443468 0.988369346 0.148120657 0.131484002 -0.018018926 -0.147570357 0.988887429 -1.588654637
0.998955131 -0.044996578 0.007994914 -1.147757769 0.043312635 0.987959921 0.148523435 0.111847281 -0.014581703 -0.148021981 0.988876581 -1.557873845
0.998542905 -0.053788841 0.004332877 -1.166355491 0.052566886 0.987713456 0.147169620 0.090339258 -0.012195724 -0.146727413 0.989101768 -1.523285627
0.998144090 -0.060880423 0.001392643 -1.183218360 0.060084112 0.988295913 0.140217885 0.066685006 -0.009912867 -0.139873967 0.990119696 -1.484766960
0.998005271 -0.063127205 0.000684133 -1.197983623 0.062482815 0.989250600 0.132208869 0.042182576 -0.009022757 -0.131902412 0.991221666 -1.443859220
0.997916937 -0.064464398 0.002477614 -1.210757494 0.063759677 0.991400182 0.114282265 0.014616214 -0.009823444 -0.113886237 0.993445218 -1.398554921
0.998145282 -0.060747709 0.003962236 -1.221538067 0.060105812 0.993740320 0.094167307 -0.013933089 -0.009657881 -0.093754500 0.995548487 -1.350407720
0.998321652 -0.057605483 0.005957190 -1.229679108 0.057047285 0.995903254 0.070159055 -0.043684889 -0.009974331 -0.069701456 0.997518003 -1.299406528
0.998411059 -0.055773564 0.008039248 -1.237278700 0.055271350 0.997062802 0.053017128 -0.074057080 -0.010972588 -0.052488547 0.998561263 -1.248358369
0.998584509 -0.052577853 0.008035470 -1.243037105 0.052203886 0.997784555 0.041239355 -0.104643427 -0.010185944 -0.040761497 0.999116957 -1.194864392
0.998611510 -0.051996320 0.008454614 -1.247976661 0.051692940 0.998123229 0.032831099 -0.136390984 -0.010145842 -0.032348465 0.999425173 -1.140804887
0.998538911 -0.053570855 0.007085521 -1.251292706 0.053338621 0.998135388 0.029677223 -0.168459758 -0.008662144 -0.029255930 0.999534428 -1.085875392
0.998427808 -0.055780470 0.005519096 -1.255528331 0.055606402 0.998065054 0.027822938 -0.196999609 -0.007060393 -0.027472299 0.999597609 -1.032884955
0.998332977 -0.057461675 0.005428961 -1.255446792 0.057299037 0.998006523 0.026452797 -0.229788855 -0.006938160 -0.026097624 0.999635339 -0.976514459
0.998083174 -0.061746404 0.004162174 -1.252874255 0.061619438 0.997767270 0.025759615 -0.262215465 -0.005743444 -0.025453769 0.999659479 -0.920033276
0.998039603 -0.062461033 0.003939640 -1.249189615 0.062346667 0.997754812 0.024457915 -0.291985691 -0.005458462 -0.024164343 0.999693096 -0.861820698
0.998203695 -0.059703778 0.004987782 -1.247079372 0.059567329 0.997933865 0.024077451 -0.313602597 -0.006414991 -0.023737090 0.999697626 -0.802438378
0.998453379 -0.055270564 0.006002567 -1.240845561 0.055119824 0.998217106 0.022899034 -0.334393114 -0.007257507 -0.022532756 0.999719739 -0.739607871
0.998680830 -0.050818793 0.007352365 -1.233716130 0.050663315 0.998515904 0.019979343 -0.351668745 -0.008356780 -0.019580491 0.999773383 -0.674141884
0.998939097 -0.044871897 0.010354115 -1.225133061 0.044707708 0.998878658 0.015578206 -0.366818130 -0.011041528 -0.015098770 0.999825060 -0.607390642
0.999159932 -0.038832303 0.013093640 -1.222113848 0.038662400 0.999167919 0.012988971 -0.375370681 -0.013587137 -0.012471828 0.999829888 -0.536190748
0.999315560 -0.033810537 0.015010308 -1.211294651 0.033688229 0.999397695 0.008327704 -0.387984633 -0.015282831 -0.007816333 0.999852657 -0.467512876
0.999407947 -0.030239457 0.016410537 -1.199543238 0.030152289 0.999530017 0.005533356 -0.400566876 -0.016570151 -0.005035265 0.999850035 -0.398868948
0.999508023 -0.026835240 0.016234150 -1.187509418 0.026803032 0.999638319 0.002198302 -0.413349509 -0.016287269 -0.001762097 0.999865830 -0.332470298
0.999515057 -0.027375920 0.014840090 -1.177163005 0.027352763 0.999624312 0.001761206 -0.422340423 -0.014882729 -0.001354434 0.999888301 -0.268178940
0.999550283 -0.026524942 0.013988425 -1.163315058 0.026552137 0.999645889 -0.001761845 -0.437128425 -0.013936738 0.002132475 0.999900579 -0.201169059
0.999626338 -0.023983758 0.013113490 -1.149368644 0.024093051 0.999675751 -0.008240794 -0.452042252 -0.012911593 0.008553659 0.999880075 -0.135184854
0.999690711 -0.021219241 0.012968033 -1.134963274 0.021458125 0.999597311 -0.018568149 -0.468410045 -0.012568808 0.018840676 0.999743521 -0.069618143
0.999732733 -0.019136196 0.012970512 -1.122573256 0.019526796 0.999338269 -0.030688347 -0.484815031 -0.012374670 0.030933419 0.999444842 -0.000161163
0.999774218 -0.017899314 0.011453397 -1.107326627 0.018371848 0.998924315 -0.042576157 -0.502399564 -0.010678993 0.042776965 0.999027550 0.063915521
0.999828041 -0.014594699 0.011438908 -1.091434121 0.015107327 0.998823106 -0.046088915 -0.520223677 -0.010752792 0.046253804 0.998871863 0.127086908
0.999871016 -0.011734236 0.010966269 -1.075383186 0.012202846 0.998970628 -0.043689858 -0.537934780 -0.010442313 0.043818045 0.998984933 0.189063653
0.999890745 -0.010991495 0.009881102 -1.062665820 0.011355633 0.999228954 -0.037584085 -0.552200019 -0.009460377 0.037692185 0.999244630 0.245760605
0.999906898 -0.009444804 0.009846997 -1.046308756 0.009771655 0.999384522 -0.033691011 -0.570198536 -0.009522731 0.033784099 0.999383807 0.305438131
0.999919951 -0.009042107 0.008851358 -1.030091047 0.009350710 0.999327064 -0.035467826 -0.587153494 -0.008524698 0.035547756 0.999331594 0.364639193
0.999929845 -0.007354957 0.009283613 -1.015185356 0.007724941 0.999150991 -0.040467650 -0.600286067 -0.008978093 0.040536523 0.999137700 0.419838846
0.999922276 -0.007846106 0.009686241 -0.998844028 0.008292815 0.998861730 -0.046973344 -0.615756214 -0.009306658 0.047050018 0.998849154 0.487357527
0.999916375 -0.006153789 0.011372893 -0.982702196 0.006706093 0.998767376 -0.049180843 -0.624347389 -0.011056227 0.049253002 0.998725116 0.543578863
0.999852002 -0.007388589 0.015538373 -0.966096044 0.008200706 0.998567820 -0.052868154 -0.630892336 -0.015125499 0.052987751 0.998480618 0.597904086
0.999681354 -0.010631591 0.022894546 -0.949155569 0.011792386 0.998619914 -0.051178597 -0.636445343 -0.022318840 0.051432267 0.998427033 0.651903749
0.999343455 -0.017054850 0.031965684 -0.933955312 0.018647732 0.998564363 -0.050213899 -0.644748867 -0.031063404 0.050777022 0.998226821 0.709545076
0.998813331 -0.018287553 0.045138072 -0.916446626 0.020508638 0.998576164 -0.049244162 -0.651212692 -0.044173252 0.050111447 0.997766316 0.760578275
0.997919977 -0.017851733 0.061944198 -0.898831904 0.021366794 0.998170793 -0.056555256 -0.658541739 -0.060821284 0.057761170 0.996475995 0.809539378
0.996554077 -0.022232560 0.079910524 -0.880974948 0.027040401 0.997856259 -0.059595667 -0.666360021 -0.078414254 0.061551116 0.995018899 0.857067406
0.994460404 -0.027658055 0.101407565 -0.859826744 0.034368291 0.997291148 -0.065032370 -0.679604471 -0.099334203 0.068157323 0.992717147 0.917174220
0.991373181 -0.033485215 0.126720160 -0.841118515 0.042253885 0.996847510 -0.067153610 -0.689333737 -0.124072023 0.071928702 0.989662766 0.962003350
0.986887395 -0.038523059 0.156745747 -0.822330356 0.049552362 0.996516705 -0.067075051 -0.698141575 -0.153615817 0.073962651 0.985358655 1.003805757
0.980905294 -0.049725011 0.188022017 -0.804024756 0.062769718 0.995969355 -0.064069957 -0.708948553 -0.184078306 0.074648649 0.980072856 1.043666840
0.973032355 -0.054850452 0.224052355 -0.784328103 0.069239832 0.995977521 -0.056874119 -0.720197380 -0.220031545 0.070853703 0.972916186 1.088965178
0.962992787 -0.063503206 0.261939287 -0.766406655 0.079593375 0.995508015 -0.051271059 -0.728666365 -0.257506788 0.070222288 0.963721514 1.124387145
0.950310469 -0.070138752 0.303299457 -0.748260140 0.088389084 0.994983554 -0.046851940 -0.737019062 -0.298491806 0.071332246 0.951742768 1.159696937
0.936239421 -0.080312051 0.342060953 -0.731454015 0.101550303 0.993829787 -0.044608686 -0.746231079 -0.336367756 0.076500803 0.938618302 1.192328572
0.919789135 -0.087136917 0.382616132 -0.711040258 0.111866392 0.992800236 -0.042820830 -0.762097001 -0.376130134 0.082188025 0.922914565 1.234361172
0.900959492 -0.090183556 0.424427837 -0.695488691 0.122707963 0.991189063 -0.049869381 -0.771705627 -0.416190833 0.097010963 0.904087424 1.262935400
0.880868554 -0.093113124 0.464112699 -0.681645870 0.133145273 0.989615500 -0.054162033 -0.781031609 -0.454249918 0.109504037 0.884118676 1.289186001
0.858418405 -0.097783253 0.503543675 -0.668859422 0.146089986 0.987612605 -0.057262883 -0.790539861 -0.491706759 0.122718200 0.862070024 1.314109445
0.833786726 -0.109012395 0.541217089 -0.655121922 0.166613936 0.984289765 -0.058425199 -0.806060255 -0.526345372 0.138888463 0.838850737 1.346236110
0.808267832 -0.131088227 0.574037433 -0.647263765 0.198919147 0.978376508 -0.056662332 -0.817303538 -0.554196954 0.159985363 0.816866219 1.363289595
0.780785680 -0.155574694 0.605120003 -0.641903102 0.228442088 0.972529709 -0.044723891 -0.828145981 -0.581539214 0.173154652 0.794877052 1.376766801
0.750544190 -0.186011225 0.634100378 -0.638110518 0.260733008 0.965073824 -0.025511891 -0.838384569 -0.607208192 0.184478700 0.772829771 1.385795712
0.718127966 -0.214813352 0.661927104 -0.626588643 0.287094951 0.957901955 -0.000605501 -0.855056703 -0.633931160 0.190470725 0.749567986 1.414897084
0.686012626 -0.241179362 0.686454117 -0.623359025 0.310972959 0.950139225 0.023049727 -0.864159286 -0.657786071 0.197656244 0.726807714 1.418588042
0.652001679 -0.267923325 0.709303081 -0.618373156 0.335952193 0.940729141 0.046527222 -0.873792648 -0.679727852 0.207956091 0.703366399 1.421875238
0.617319703 -0.295144469 0.729250431 -0.613656759 0.361340433 0.929770947 0.070420519 -0.882630110 -0.698820114 0.220035657 0.680613577 1.420757532
0.581461370 -0.319915563 0.748035252 -0.602931261 0.384225041 0.918429017 0.094123535 -0.897507310 -0.717128932 0.232684642 0.656950593 1.436155081
0.545659661 -0.346220016 0.763143063 -0.596081316 0.406124532 0.905829072 0.120567650 -0.904618740 -0.733020186 0.244142145 0.634882808 1.428942919
0.508243382 -0.374094039 0.775720596 -0.586289287 0.424280196 0.892601371 0.152476639 -0.910126925 -0.749449849 0.251627594 0.612379432 1.419898272
0.473132730 -0.399678886 0.785112917 -0.574975729 0.432905376 0.881631732 0.187932059 -0.913893819 -0.767292917 0.250962734 0.590151966 1.406818032
0.442173421 -0.424935669 0.789881289 -0.560332775 0.427135020 0.874140978 0.231156155 -0.918056726 -0.788694084 0.235174820 0.568026781 1.408293605
0.418582082 -0.445926487 0.791162848 -0.544583678 0.404564440 0.871497929 0.277162403 -0.915724456 -0.813090801 0.204061106 0.545199394 1.391905665
0.400142968 -0.453815997 0.796201468 -0.523463964 0.369434714 0.874944806 0.313032925 -0.911993384 -0.838691711 0.168886483 0.517758369 1.376292229
0.388622403 -0.450827986 0.803571224 -0.499454975 0.329781026 0.882405102 0.335567772 -0.906833768 -0.860358715 0.134593427 0.491596878 1.360521317
0.378564835 -0.436023772 0.816438675 -0.466456771 0.283603251 0.894303620 0.346107364 -0.910109818 -0.881055117 0.100520566 0.462209642 1.366020203
0.372365117 -0.405063540 0.835025668 -0.435700536 0.237825364 0.911332130 0.336025059 -0.905458629 -0.897097230 0.073466226 0.435682654 1.353163481
0.367149770 -0.364096761 0.855940878 -0.402664185 0.194820285 0.929896712 0.311989069 -0.903408945 -0.909530818 0.052207902 0.412344754 1.345916986
0.362244487 -0.327339679 0.872712910 -0.368989348 0.165742159 0.944003582 0.285283595 -0.903318405 -0.917228758 0.041302897 0.396214068 1.340461373
0.357801080 -0.303062409 0.883250594 -0.330169201 0.159619272 0.951797724 0.261921346 -0.910189271 -0.920054436 0.047268070 0.388928890 1.353644609
0.355668128 -0.289095730 0.888776600 -0.297030568 0.171902105 0.954968810 0.241835028 -0.914716542 -0.918667376 0.066769570 0.389348149 1.356795788
0.355164349 -0.281220913 0.891500592 -0.265647054 0.189576313 0.955527723 0.225892916 -0.920222878 -0.915379286 0.088778242 0.392682195 1.367936850
0.356244922 -0.276709974 0.892480314 -0.235145330 0.205012217 0.955018282 0.214266375 -0.926539958 -0.911624610 0.106638089 0.396949291 1.379270315
0.357479215 -0.278366446 0.891471148 -0.193774462 0.226177439 0.951935410 0.206549749 -0.928627789 -0.906119466 0.127793387 0.403257310 1.392019272
0.360350370 -0.282343715 0.889061153 -0.165895462 0.236248821 0.949642837 0.205827609 -0.936130047 -0.902404726 0.135869548 0.408907473 1.406937242
0.363481224 -0.287633300 0.886085987 -0.137202501 0.242585242 0.947553217 0.208075345 -0.945852160 -0.899463058 0.139319927 0.414193392 1.423990607
0.365487993 -0.290041864 0.884473979 -0.109494805 0.244305789 0.946791649 0.209523842 -0.955918729 -0.898183286 0.139503703 0.416899860 1.441589355
0.368736207 -0.290254444 0.883054972 -0.075386524 0.242029592 0.947209120 0.210277483 -0.970754027 -0.897471666 0.136188492 0.419520438 1.467674732
0.368062913 -0.288502038 0.883909643 -0.048073530 0.237996474 0.948206544 0.210385546 -0.982605457 -0.898825586 0.132932261 0.417662084 1.487198591
0.363401413 -0.288617760 0.885798633 -0.017592669 0.233536571 0.948665857 0.213292599 -0.995967507 -0.901887000 0.129355520 0.412149310 1.509598732
0.354456663 -0.286460400 0.890112936 0.011351943 0.224671558 0.950123489 0.216305599 -1.009844542 -0.907680213 0.123312071 0.401137054 1.531819344
0.339994490 -0.283368438 0.896719694 0.048750520 0.214765102 0.951721847 0.219320476 -1.036292553 -0.915576220 0.118016332 0.384437799 1.560795307
0.320328116 -0.277456582 0.905763626 0.076996326 0.202599600 0.954088569 0.220609218 -1.051710844 -0.925388217 0.112839997 0.361833990 1.585455894
0.297138214 -0.262198269 0.918129086 0.105095625 0.193471402 0.958145440 0.211012095 -1.070401430 -0.935028195 0.114931948 0.335429490 1.612976313
0.270336807 -0.239729434 0.932441950 0.130980134 0.195171356 0.962040007 0.190754294 -1.090567827 -0.942775846 0.130418003 0.306863129 1.641540170
0.240461707 -0.214656845 0.946625948 0.157424450 0.206901208 0.964163065 0.166076586 -1.115607977 -0.948351264 0.155922994 0.276257038 1.675315142
0.213198900 -0.183309078 0.959658265 0.177987218 0.223028809 0.965437531 0.134864643 -1.140190244 -0.951212049 0.185278431 0.246713400 1.707078934
0.190417826 -0.153706461 0.969595551 0.194108367 0.243883222 0.964110136 0.104940906 -1.166771650 -0.950927019 0.216485456 0.221070170 1.740800381
0.172057927 -0.124604382 0.977174580 0.205536485 0.273740232 0.958946466 0.074080646 -1.194072843 -0.946288884 0.254745752 0.199103534 1.775070310
0.157868385 -0.092271782 0.983139694 0.218083620 0.304307282 0.951714396 0.040457994 -1.231553078 -0.939401329 0.292789489 0.178324580 1.803514600
0.150090039 -0.060486138 0.986820400 0.217458010 0.337143421 0.941431403 0.006426364 -1.259612918 -0.929412425 0.331735432 0.161691964 1.836916685
0.144762039 -0.045046076 0.988440633 0.211437941 0.367823243 0.929824710 -0.011494771 -1.285610795 -0.918558717 0.365235388 0.151172280 1.869775295
0.145180583 -0.068925291 0.987001538 0.197692037 0.401054740 0.916040599 0.004977688 -1.306268334 -0.904476523 0.395118952 0.160634100 1.902035475
0.142177224 -0.120891839 0.982431054 0.186645269 0.419336945 0.906405449 0.050850257 -1.322273970 -0.896628261 0.404739916 0.179564595 1.941612005
0.137991190 -0.182797670 0.973418534 0.161427975 0.437021673 0.893208802 0.105783209 -1.333899498 -0.888802946 0.410807788 0.203141451 1.970169306
0.131673634 -0.250351906 0.959159136 0.132497668 0.445314825 0.879395425 0.168399647 -1.341422558 -0.885639310 0.404953897 0.227278590 1.997579813
0.124414146 -0.322361559 0.938405156 0.100776911 0.451269835 0.860663474 0.235826135 -1.345444918 -0.883672357 0.394133806 0.252550721 2.021717548
0.115964293 -0.395790845 0.910989404 0.075231075 0.451869160 0.837789834 0.306467712 -1.345468163 -0.884514809 0.376108766 0.275999367 2.052672386
0.107134461 -0.463357240 0.879671812 0.045218468 0.448548883 0.812133193 0.373153627 -1.346351743 -0.887314081 0.354598105 0.294845819 2.070059538
0.097476423 -0.516916990 0.850467741 0.022579670 0.443565667 0.787536085 0.427827626 -1.348785639 -0.890925348 0.335535139 0.306052804 2.085429907
0.090391636 -0.560312748 0.823334098 0.004409313 0.431801826 0.767019570 0.474582076 -1.351859927 -0.897427797 0.312618911 0.311276257 2.095978260
0.086161256 -0.593460858 0.800237834 -0.003304243 0.412662804 0.752341390 0.513509393 -1.356487393 -0.906799734 0.285983682 0.309721887 2.106871128
0.085980058 -0.605521262 0.791171014 -0.004336119 0.382385701 0.753349662 0.535019219 -1.362100959 -0.919993937 0.256531417 0.296315670 2.111040831
0.090310574 -0.592740476 0.800314307 0.006117582 0.344963253 0.772469044 0.533190370 -1.372063637 -0.934261560 0.227926195 0.274235725 2.113944530
0.093656838 -0.546768248 0.832029402 0.026738644 0.311890304 0.809750378 0.497019887 -1.386485577 -0.945490777 0.212952569 0.246370375 2.114997625
0.092351913 -0.473005742 0.876205921 0.056379557 0.287821144 0.855083585 0.431266874 -1.406513095 -0.953220963 0.212362200 0.215109646 2.121907949
0.090828359 -0.383842289 0.918920696 0.088827372 0.274723411 0.896587253 0.347359061 -1.428773880 -0.957223713 0.220899001 0.186886013 2.123916864
0.087960720 -0.283850670 0.954825580 0.122667551 0.274004221 0.928458869 0.250770479 -1.452677608 -0.957697690 0.239568263 0.159444153 2.128255367
0.087141335 -0.190689385 0.977775097 0.153846502 0.279589415 0.946741462 0.159719527 -1.477789402 -0.956157088 0.259457350 0.135815024 2.133340120
0.090262413 -0.112237163 0.989573479 0.174588680 0.289633036 0.953640819 0.081743240 -1.510155916 -0.952872276 0.279234797 0.118585527 2.126153708
0.093859971 -0.047962323 0.994429469 0.194645643 0.302233219 0.953074455 0.017441198 -1.535015821 -0.948601842 0.298912585 0.103951335 2.132371187
0.102751434 0.011666134 0.994638801 0.206907392 0.324937284 0.944681048 -0.044647992 -1.561666965 -0.940137386 0.327782840 0.093276560 2.137853384
0.114336908 0.058595464 0.991712570 0.209910393 0.346355736 0.933273017 -0.095074788 -1.586801171 -0.931109548 0.354355872 0.086412668 2.142998219
0.126335561 0.086846426 0.988178730 0.196788788 0.369988918 0.920152545 -0.128169909 -1.610383630 -0.920406342 0.381807566 0.084115803 2.154932261
0.141041398 0.084027186 0.986431420 0.179100275 0.393698871 0.909455299 -0.133761823 -1.629705667 -0.908354938 0.407222867 0.095189452 2.157138824
0.154829025 0.050867200 0.986630917 0.151260138 0.413551331 0.903629541 -0.111485347 -1.644577146 -0.897219777 0.425283670 0.118871927 2.157602072
0.164362848 -0.017979532 0.986236155 0.114408493 0.433550239 0.899396539 -0.055857688 -1.654755116 -0.886013091 0.436763793 0.155622423 2.155849218
0.169742286 -0.097087070 0.980694592 0.067662477 0.451234162 0.892346859 0.010239482 -1.658829212 -0.876113832 0.440784782 0.195277989 2.155210972
0.171863616 -0.189083502 0.966804266 0.017151833 0.471325338 0.877573490 0.087847143 -1.662860036 -0.865052223 0.440581590 0.239942789 2.146609545
0.168706000 -0.287942737 0.942670345 -0.038874149 0.487835795 0.855421066 0.173986018 -1.663555264 -0.856478095 0.430515826 0.284783423 2.134737968
0.160561085 -0.388344795 0.907418668 -0.094899416 0.500191629 0.824566960 0.264381766 -1.660562158 -0.850898683 0.411433756 0.326640189 2.119256973
0.148136675 -0.470329314 0.869968951 -0.144205332 0.506505787 0.791627049 0.341728657 -1.653605461 -0.849415958 0.390021712 0.355493486 2.097557783
0.134973645 -0.529436588 0.837543607 -0.193705559 0.506539226 0.763344824 0.400902390 -1.647287607 -0.851586938 0.370137334 0.371211827 2.073462248
0.122641146 -0.570265293 0.812254071 -0.236104965 0.499092549 0.742851436 0.446182013 -1.638665557 -0.857826233 0.350669682 0.375719309 2.046408653
0.114716709 -0.595583975 0.795059681 -0.271099806 0.479025573 0.734310865 0.480959564 -1.627786279 -0.870272756 0.325679809 0.369537652 2.015716314
0.107169628 -0.612562060 0.783123434 -0.296362877 0.455745429 0.730301797 0.508876562 -1.608488917 -0.883634984 0.302368850 0.357438564 1.989999533
0.107111216 -0.617138207 0.779530525 -0.314374447 0.420346797 0.738632083 0.527002156 -1.593383193 -0.901019454 0.271225214 0.338527799 1.955071568
0.109999955 -0.608740985 0.785706341 -0.322913170 0.377975345 0.756732821 0.533376157 -1.576479554 -0.919257700 0.238306239 0.313329637 1.919995785
0.113630414 -0.587130427 0.801477432 -0.322684050 0.336728841 0.781715691 0.524913609 -1.559468150 -0.934720278 0.210234329 0.286530375 1.885109782
0.115168333 -0.546456933 0.829530597 -0.316294670 0.301896900 0.814840972 0.494866073 -1.540567517 -0.946358562 0.193439841 0.258817554 1.850455761
0.113929749 -0.496910572 0.860290647 -0.301424265 0.274048507 0.848051429 0.453548431 -1.524078131 -0.954943776 0.184088647 0.232795835 1.819501996
0.111049831 -0.437173903 0.892494917 -0.284096718 0.256569505 0.880217433 0.399235994 -1.507137656 -0.960125089 0.184651822 0.209913433 1.791889071
0.106791079 -0.369771600 0.922965229 -0.262884259 0.245262846 0.909385324 0.335953057 -1.490319252 -0.963556945 0.190492213 0.187805474 1.767242432
0.101285577 -0.290784359 0.951412439 -0.245020270 0.244097069 0.934361458 0.259586871 -1.474262834 -0.964446902 0.205944598 0.165616930 1.745310068
0.097563744 -0.214179590 0.971909702 -0.224916697 0.247205302 0.951178253 0.184795648 -1.455451608 -0.964038908 0.222231865 0.145746827 1.726342678
0.095135093 -0.142418966 0.985223889 -0.208062649 0.257199824 0.959624410 0.113882720 -1.435168862 -0.961663961 0.242565185 0.127924085 1.708813071
0.095414340 -0.087636627 0.991572499 -0.196997881 0.270407379 0.960942030 0.058909431 -1.412549496 -0.958006263 0.262507677 0.115385234 1.694041491
0.098070085 -0.052182227 0.993810594 -0.193551898 0.288826555 0.957134247 0.021754801 -1.390021443 -0.952345312 0.284905374 0.108937800 1.678692102
0.102744341 -0.041097254 0.993858516 -0.197003603 0.311767995 0.950132012 0.007058740 -1.366750956 -0.944586933 0.309128016 0.110433519 1.665648818
0.107978642 -0.056534082 0.992544532 -0.208241105 0.333531529 0.942578316 0.017403245 -1.342785835 -0.936534762 0.329165697 0.120634258 1.652570605
0.114272773 -0.098067790 0.988597333 -0.227387190 0.357850492 0.932378173 0.051126659 -1.317978382 -0.926760495 0.347927600 0.141639054 1.638518214
