1.000000000 0.000000000 0.000000000 0.000000000 0.000000000 1.000000000 0.000000000 0.000000179 0.000000000 0.000000000 1.000000000 0.000000060
0.999996066 -0.002443722 0.001362355 -0.000078130 0.002442641 0.999996722 0.000794776 0.000635100 -0.001364293 -0.000791445 0.999998748 -0.000128472
0.999994874 -0.001423154 0.002869181 0.001080366 0.001424748 0.999998808 -0.000553507 -0.000327791 -0.002868390 0.000557592 0.999995708 -0.000793424
0.999975681 0.001791078 0.006736083 0.001709579 -0.001774318 0.999995291 -0.002493175 0.000000798 -0.006740517 0.002481163 0.999974191 -0.000567510
0.999918222 0.006033036 0.011275116 0.002679900 -0.005996454 0.999976635 -0.003275524 -0.001088984 -0.011294615 0.003207646 0.999931097 -0.003002003
0.999830484 0.010133184 0.015371231 0.002249074 -0.010058630 0.999937296 -0.004919789 -0.002857967 -0.015420120 0.004764342 0.999869764 -0.003873809
0.999734342 0.013424530 0.018735964 0.002699274 -0.013293072 0.999886274 -0.007123343 -0.006955734 -0.018829461 0.006872392 0.999799073 -0.005599639
0.999638319 0.016073272 0.021560481 0.004294498 -0.015822925 0.999805987 -0.011732126 -0.012016510 -0.021744872 0.011386734 0.999698699 -0.009623409
0.999454200 0.021234112 0.025306914 0.004260826 -0.020932281 0.999707282 -0.012132699 -0.017350897 -0.025557134 0.011596344 0.999606073 -0.013211590
0.999312580 0.024039920 0.028221166 0.004258074 -0.023735333 0.999656916 -0.011078689 -0.023706600 -0.028477812 0.010401234 0.999540329 -0.018029494
0.999257386 0.024888495 0.029415291 0.003528814 -0.024705620 0.999673247 -0.006564246 -0.031303063 -0.029569052 0.005832648 0.999545693 -0.023844365
0.999230623 0.024462938 0.030655369 0.002143244 -0.024338845 0.999693990 -0.004414671 -0.041859787 -0.030753985 0.003665158 0.999520242 -0.031426717
0.999202549 0.024145788 0.031800263 -0.002250010 -0.024161553 0.999708056 0.000111517 -0.056217533 -0.031788290 -0.000879771 0.999494255 -0.039214384
0.999202013 0.023545308 0.032263547 -0.004814115 -0.023624709 0.999718726 0.002081961 -0.068462968 -0.032205455 -0.002842517 0.999477208 -0.047899086
0.999066412 0.025836358 0.034623973 -0.009116823 -0.025896659 0.999663770 0.001294210 -0.079002000 -0.034578897 -0.002189647 0.999399543 -0.056361720
0.999004543 0.026388537 0.035965782 -0.012690683 -0.026447065 0.999649525 0.001152500 -0.083766304 -0.035922762 -0.002102542 0.999352336 -0.066637561
0.998982131 0.027522095 0.035738803 -0.019100880 -0.027707454 0.999605000 0.004701573 -0.094823606 -0.035595290 -0.005687019 0.999350131 -0.072534285
0.998951972 0.028201832 0.036049366 -0.022480840 -0.028485047 0.999567091 0.007366899 -0.101842813 -0.035825998 -0.008386046 0.999322832 -0.083732910
0.998920321 0.028540518 0.036655143 -0.029728819 -0.028919533 0.999533176 0.009851618 -0.106533766 -0.036356859 -0.010901030 0.999279439 -0.092083156
0.998903394 0.029436955 0.036407880 -0.036568362 -0.029847322 0.999496341 0.010779606 -0.111076929 -0.036072224 -0.011854462 0.999278903 -0.101851568
0.998822153 0.029383190 0.038613122 -0.047707081 -0.029777274 0.999509752 0.009670656 -0.112710826 -0.038310040 -0.010809058 0.999207437 -0.110263258
0.998775542 0.031000724 0.038553745 -0.056309644 -0.031373139 0.999466360 0.009092289 -0.114600293 -0.038251303 -0.010290707 0.999215186 -0.119830973
0.998805523 0.030867567 0.037877880 -0.066382088 -0.031228403 0.999472022 0.008971748 -0.116129979 -0.037580945 -0.010143897 0.999242127 -0.130126446
0.998758972 0.031704646 0.038409796 -0.076468922 -0.032107014 0.999435365 0.009904309 -0.121827513 -0.038074095 -0.011125241 0.999212980 -0.141810253
0.998800159 0.030643607 0.038199145 -0.089887865 -0.031001868 0.999480367 0.008821882 -0.123474032 -0.037908960 -0.009995542 0.999231219 -0.153592125
0.998814881 0.030038159 0.038295634 -0.103817761 -0.030415501 0.999494016 0.009309071 -0.130660534 -0.037996627 -0.010462820 0.999223113 -0.165263399
0.998891830 0.027565097 0.038147509 -0.116691694 -0.027944205 0.999564886 0.009440560 -0.139034376 -0.037870683 -0.010496100 0.999227524 -0.179423988
0.998976886 0.026678067 0.036517214 -0.128473490 -0.027020369 0.999595165 0.008912405 -0.148301244 -0.036264662 -0.009889996 0.999293268 -0.194996282
0.998978853 0.026231349 0.036785282 -0.144943893 -0.026507515 0.999623835 0.007040001 -0.159667477 -0.036586776 -0.008007899 0.999298394 -0.207453892
0.999066710 0.023731735 0.036089934 -0.160355061 -0.024050951 0.999675155 0.008436651 -0.172297210 -0.035877995 -0.009296774 0.999312937 -0.223880142
0.999278724 0.017353239 0.033777323 -0.176483870 -0.017622923 0.999815047 0.007702961 -0.181408674 -0.033637401 -0.008292660 0.999399722 -0.238719538
0.999479830 0.008479044 0.031114649 -0.190869659 -0.008747095 0.999925733 0.008488967 -0.188306108 -0.031040359 -0.008756715 0.999479771 -0.255140841
0.999604583 -0.003312470 0.027923532 -0.209257931 0.003070348 0.999957383 0.008709312 -0.192291886 -0.027951192 -0.008620133 0.999572098 -0.266069770
0.999623179 -0.016127219 0.022213023 -0.224942222 0.015945813 0.999838233 0.008319708 -0.195222527 -0.022343602 -0.007962368 0.999718666 -0.280797660
0.999339283 -0.031643856 0.017877590 -0.240159541 0.031446185 0.999442339 0.011231874 -0.197657153 -0.018223040 -0.010662272 0.999777079 -0.294588268
0.998950183 -0.043687187 0.013783817 -0.253560960 0.043486275 0.998948038 0.014553896 -0.195751831 -0.014405136 -0.013939210 0.999799073 -0.309077829
0.998995364 -0.042598885 0.013914196 -0.271468550 0.042397182 0.998995841 0.014483040 -0.189500511 -0.014517186 -0.013878567 0.999798298 -0.320015728
0.999271870 -0.032851256 0.019403419 -0.285694957 0.032598786 0.999381483 0.013187723 -0.184418380 -0.019824652 -0.012545593 0.999724746 -0.330854267
0.999481559 -0.022202954 0.023317045 -0.296489656 0.021931577 0.999689460 0.011830511 -0.173815161 -0.023572477 -0.011312997 0.999658108 -0.344143540
0.999585032 -0.010202621 0.026937483 -0.304740220 0.009936723 0.999900758 0.009986396 -0.168129653 -0.027036699 -0.009714582 0.999587238 -0.358838856
0.999463022 0.000902684 0.032754537 -0.317099810 -0.001184729 0.999962389 0.008592496 -0.157933399 -0.032745551 -0.008626686 0.999426484 -0.369243592
0.999350965 0.009092311 0.034856305 -0.327756971 -0.009302524 0.999939501 0.005873386 -0.150289237 -0.034800790 -0.006193825 0.999375105 -0.383077800
0.999244690 0.014190225 0.036175061 -0.338832617 -0.014340390 0.999889612 0.003894972 -0.142780513 -0.036115799 -0.004410794 0.999337852 -0.396994323
0.999202967 0.013767078 0.037468780 -0.351049006 -0.013924892 0.999895215 0.003954157 -0.136038810 -0.037410419 -0.004472754 0.999289989 -0.410806060
0.999161422 0.016712431 0.037378121 -0.364808440 -0.017019704 0.999823809 0.007917649 -0.130243242 -0.037239213 -0.008547175 0.999269843 -0.425130486
0.999252200 0.014052020 0.036021464 -0.377764016 -0.014727516 0.999719322 0.018556364 -0.123788580 -0.035750598 -0.019072995 0.999178708 -0.440626830
0.999412179 0.004194801 0.034025498 -0.391083926 -0.005408979 0.999348938 0.035671178 -0.117717132 -0.033853710 -0.035834249 0.998784184 -0.456000477
0.999525249 -0.003633959 0.030596165 -0.404706597 0.002009988 0.998595595 0.052941985 -0.112197243 -0.030745583 -0.052855350 0.998128772 -0.471497357
0.999558747 -0.009089497 0.028277790 -0.418039799 0.007161415 0.997690022 0.067552842 -0.107723579 -0.028826488 -0.067320533 0.997314870 -0.486424208
0.999518096 -0.013779774 0.027814733 -0.430899739 0.011601197 0.996962011 0.077020563 -0.104479611 -0.028791556 -0.076660760 0.996641457 -0.500213683
0.999523938 -0.017431507 0.025455767 -0.443766475 0.015292392 0.996520281 0.081935793 -0.102572076 -0.026795452 -0.081507504 0.996312439 -0.512657344
0.999543786 -0.017139405 0.024869729 -0.455733180 0.015074811 0.996603966 0.080952466 -0.102474235 -0.026172746 -0.080540627 0.996407628 -0.523868799
0.999533772 -0.018317210 0.024428556 -0.466289282 0.016344620 0.996769190 0.078638710 -0.105105020 -0.025790075 -0.078202777 0.996603847 -0.534958839
0.999564469 -0.018432138 0.023045987 -0.477077723 0.016611455 0.996904969 0.076840714 -0.107304864 -0.024390999 -0.076424420 0.996776998 -0.543634534
0.999611139 -0.017716389 0.021532407 -0.487217635 0.016098160 0.997192204 0.073133722 -0.110701524 -0.022767613 -0.072758660 0.997089684 -0.550971746
0.999641120 -0.017547837 0.020240426 -0.496616185 0.016081521 0.997384787 0.070462726 -0.115196288 -0.021423962 -0.070111938 0.997309029 -0.557302296
0.999630153 -0.017372001 0.020922292 -0.519220769 0.015867196 0.997416675 0.070058987 -0.119932629 -0.022085305 -0.069701105 0.997323394 -0.563010097
0.999631226 -0.019779576 0.018605461 -0.527478397 0.018458920 0.997469485 0.068657912 -0.125286743 -0.019916406 -0.068289153 0.997466743 -0.567129612
0.999649405 -0.019310638 0.018116262 -0.534964561 0.018075731 0.997654855 0.066015735 -0.130451769 -0.019348580 -0.065665126 0.997654140 -0.569182873
0.999666929 -0.018728403 0.017757030 -0.541894257 0.017560864 0.997810066 0.063770600 -0.133288309 -0.018912466 -0.063437529 0.997806609 -0.569551826
0.999687791 -0.018158132 0.017162832 -0.549337626 0.017105473 0.998075247 0.059608378 -0.132253885 -0.018212175 -0.059296191 0.998074293 -0.571020603
0.999703825 -0.017132506 0.017284559 -0.555174470 0.016149823 0.998329520 0.055474207 -0.131846800 -0.018206099 -0.055178635 0.998310506 -0.569375336
0.999718845 -0.017276140 0.016239852 -0.559762537 0.016442141 0.998606026 0.050156705 -0.134240538 -0.017083727 -0.049875587 0.998609304 -0.566336155
0.999748230 -0.015268303 0.016443823 -0.564042389 0.014542773 0.998953104 0.043372374 -0.137827694 -0.017088830 -0.043122318 0.998923659 -0.563709080
0.999778688 -0.012606688 0.016841212 -0.569257796 0.012008054 0.999308646 0.035186023 -0.142373532 -0.017273149 -0.034976006 0.999238849 -0.564608157
0.999808013 -0.006369640 0.018529816 -0.572592735 0.005854866 0.999599040 0.027703660 -0.152029380 -0.018698847 -0.027589852 0.999444425 -0.563669920
0.999804199 -0.004460900 0.019278519 -0.575824738 0.003974345 0.999674439 0.025203273 -0.165180057 -0.019384671 -0.025121719 0.999496460 -0.563872278
0.999801099 -0.001206833 0.019908687 -0.577538073 0.000774869 0.999764442 0.021690711 -0.180497915 -0.019930175 -0.021670971 0.999566495 -0.567341328
0.999769509 0.002965654 0.021264380 -0.582349777 -0.003360503 0.999822140 0.018556971 -0.199718729 -0.021205565 -0.018624153 0.999601662 -0.567319155
0.999758840 0.004389560 0.021516306 -0.584986448 -0.004725608 0.999867260 0.015592408 -0.214599401 -0.021445008 -0.015690327 0.999646902 -0.569824100
0.999728799 0.006016983 0.022498064 -0.587972403 -0.006298261 0.999902606 0.012452419 -0.227616653 -0.022420947 -0.012590741 0.999669313 -0.572481394
0.999713898 0.006469897 0.023028556 -0.591032922 -0.006721457 0.999918401 0.010863253 -0.238402009 -0.022956394 -0.011014930 0.999675810 -0.575604320
0.999679923 0.007967249 0.024011757 -0.596769392 -0.008203950 0.999918580 0.009775391 -0.251663148 -0.023931921 -0.009969253 0.999663889 -0.571435928
0.999650776 0.010141478 0.024403201 -0.600149810 -0.010336461 0.999915540 0.007877229 -0.262250274 -0.024321252 -0.008126721 0.999671161 -0.574938774
0.999645114 0.009515862 0.024880974 -0.603867412 -0.009681708 0.999931633 0.006553600 -0.273404419 -0.024816910 -0.006792165 0.999668956 -0.578650355
0.999581814 0.012094348 0.026265988 -0.608125329 -0.012243704 0.999909759 0.005532931 -0.285311371 -0.026196701 -0.005852209 0.999639690 -0.582597733
0.999597549 0.011526824 0.025920078 -0.612877071 -0.011646557 0.999922156 0.004473093 -0.296572566 -0.025866501 -0.004773173 0.999653995 -0.582684159
0.999584377 0.011028080 0.026636589 -0.617606163 -0.011154042 0.999927282 0.004584947 -0.308252990 -0.026584089 -0.004880147 0.999634683 -0.587645650
0.999573410 0.011303388 0.026929094 -0.622898042 -0.011473641 0.999915123 0.006176139 -0.319827348 -0.026856994 -0.006482479 0.999618292 -0.592423379
0.999595463 0.010300151 0.026510643 -0.628420532 -0.010588347 0.999886096 0.010753630 -0.330946416 -0.026396861 -0.011029983 0.999590695 -0.597929537
0.999583185 0.008712808 0.027523857 -0.634857535 -0.009135874 0.999841452 0.015282702 -0.339185417 -0.027386338 -0.015527787 0.999504328 -0.597505927
0.999577045 0.007996783 0.027959434 -0.640644014 -0.008489203 0.999810159 0.017537812 -0.346231282 -0.027813880 -0.017767748 0.999455214 -0.602058291
0.999592602 0.008246116 0.027324390 -0.646403909 -0.008685015 0.999834538 0.015982991 -0.350470394 -0.027188070 -0.016213791 0.999498844 -0.605249465
0.999613106 0.005551978 0.027254747 -0.651453674 -0.005943605 0.999879956 0.014309224 -0.352341264 -0.027172031 -0.014465678 0.999526083 -0.610692918
0.999665618 -0.000477828 0.025853625 -0.658674121 0.000068744 0.999874830 0.015821645 -0.353610605 -0.025857950 -0.015814578 0.999540508 -0.609714985
0.999722064 -0.008780195 0.021879436 -0.664809883 0.008312465 0.999736905 0.021377685 -0.350964189 -0.022061380 -0.021189870 0.999532044 -0.611072779
0.999619305 -0.018649803 0.020334100 -0.670393229 0.018135207 0.999517798 0.025204327 -0.349968314 -0.020794353 -0.024825968 0.999475479 -0.612575471
0.999552488 -0.023840705 0.018069305 -0.675504208 0.023330973 0.999338031 0.027914321 -0.351178080 -0.018722840 -0.027480254 0.999446988 -0.614293396
0.999502778 -0.026749738 0.016694227 -0.679288566 0.026218913 0.999167860 0.031244412 -0.363578081 -0.017516116 -0.030791171 0.999372363 -0.622106194
0.999443769 -0.026653195 0.020043928 -0.682196438 0.026042124 0.999205947 0.030153358 -0.370734990 -0.020831697 -0.029614599 0.999344289 -0.625447392
0.999440074 -0.025652589 0.021483513 -0.684486926 0.024973540 0.999197960 0.031301104 -0.380130380 -0.022269236 -0.030747056 0.999279082 -0.629076719
0.999447048 -0.024969814 0.021957457 -0.685255527 0.024206812 0.999116540 0.034354124 -0.390561521 -0.022795875 -0.033803608 0.999168515 -0.633229196
0.999395072 -0.024246624 0.024931766 -0.687699795 0.023346776 0.999087274 0.035771180 -0.405693144 -0.025776342 -0.035167467 0.999048948 -0.640837848
0.999410272 -0.021436695 0.026824046 -0.687765837 0.020381503 0.999030888 0.039011165 -0.417386919 -0.027634323 -0.038441449 0.998878658 -0.644552588
0.999415100 -0.020721210 0.027203998 -0.687522411 0.019577844 0.998940706 0.041643437 -0.430089355 -0.028038083 -0.041086484 0.998762131 -0.648441374
0.999389529 -0.016290111 0.030906621 -0.686195076 0.014845611 0.998812377 0.046404846 -0.443046421 -0.031625856 -0.045917690 0.998444498 -0.652133405
0.999374747 -0.015232493 0.031907145 -0.687584996 0.013570276 0.998571515 0.051679403 -0.465570480 -0.032648776 -0.051214099 0.998153865 -0.661823094
0.999396682 -0.011796774 0.032666467 -0.685683966 0.009994220 0.998447120 0.054804329 -0.479262978 -0.033262253 -0.054444786 0.997962594 -0.664053857
0.999349892 -0.007105654 0.035345837 -0.683596313 0.005125973 0.998429537 0.055787463 -0.493265539 -0.035686731 -0.055570010 0.997816861 -0.665439367
0.999332368 -0.003953169 0.036320999 -0.681677341 0.001852058 0.998332202 0.057700906 -0.506450176 -0.036488526 -0.057595115 0.997672975 -0.665882468
0.999250770 0.002604485 0.038615499 -0.680538833 -0.004896830 0.998222947 0.059388187 -0.515417337 -0.038392205 -0.059532780 0.997487783 -0.668195367
0.999166608 0.007012428 0.040210210 -0.678700805 -0.009384276 0.998207688 0.059104297 -0.523651183 -0.039723679 -0.059432384 0.997441649 -0.665193021
0.999133348 0.010248745 0.040342346 -0.677318275 -0.012558805 0.998270512 0.057430979 -0.531929612 -0.039683975 -0.057887856 0.997534037 -0.661430299
0.999115050 0.012192822 0.040254761 -0.676310480 -0.014186545 0.998667419 0.049619388 -0.540807188 -0.039596122 -0.050146554 0.997956634 -0.657011032
0.999125361 0.011484752 0.040207341 -0.679067254 -0.013173309 0.999031305 0.041986380 -0.555130005 -0.039686188 -0.042479318 0.998308837 -0.657915235
0.999209106 0.012217515 0.037841003 -0.679112852 -0.013512040 0.999325573 0.034144919 -0.564753115 -0.037398312 -0.034629222 0.998700261 -0.653269231
0.999207377 0.013990362 0.037267394 -0.679271162 -0.015078782 0.999463141 0.029086540 -0.574390352 -0.036840454 -0.029625433 0.998881936 -0.648801148
0.999310136 0.012397340 0.035007995 -0.675851226 -0.013278488 0.999597967 0.025050608 -0.579354703 -0.034683358 -0.025498180 0.999073029 -0.641980171
0.999429882 0.010737224 0.032009058 -0.677302063 -0.011426629 0.999704957 0.021433203 -0.586282372 -0.031769484 -0.021786740 0.999257743 -0.641147137
0.999447584 0.010468849 0.031541951 -0.680557549 -0.011186765 0.999680400 0.022670804 -0.600209117 -0.031294532 -0.023011131 0.999245286 -0.636735499
0.999523044 0.009280596 0.029454801 -0.678060949 -0.009867143 0.999754667 0.019830992 -0.599622548 -0.029263530 -0.020112170 0.999369383 -0.628437221
0.999600828 0.008377832 0.026982419 -0.682781219 -0.008907068 0.999769151 0.019553995 -0.605796158 -0.026812371 -0.019786524 0.999444664 -0.626040697
0.999567032 0.010819701 0.027362479 -0.690842688 -0.011285536 0.999792993 0.016927842 -0.595241964 -0.027173663 -0.017229311 0.999482214 -0.618988812
0.999588013 0.011352463 0.026362397 -0.692098975 -0.011809031 0.999781847 0.017228285 -0.591218233 -0.026161063 -0.017532500 0.999503970 -0.611430347
0.999647379 0.010759854 0.024277281 -0.693520069 -0.011249122 0.999734521 0.020107625 -0.584258974 -0.024054483 -0.020373633 0.999503016 -0.603474081
0.999647677 0.011949763 0.023700021 -0.694843471 -0.012566864 0.999581337 0.026062319 -0.574963093 -0.023378659 -0.026350973 0.999379337 -0.595189452
0.999648988 0.012126264 0.023555994 -0.696733356 -0.012962163 0.999279797 0.035663191 -0.562285304 -0.023106568 -0.035956006 0.999086201 -0.588967562
0.999699056 0.011734745 0.021543557 -0.698553443 -0.012718088 0.998856366 0.046089634 -0.553143024 -0.020978069 -0.046349756 0.998704970 -0.580975115
0.999637902 0.015165337 0.022227399 -0.700463772 -0.016350484 0.998399198 0.054145020 -0.544850409 -0.021370690 -0.054488841 0.998285651 -0.573082089
0.999753118 0.011785919 0.018835107 -0.694983423 -0.012917738 0.998045325 0.061144747 -0.540108800 -0.018077644 -0.061372958 0.997951210 -0.569459617
0.999846101 0.007550900 0.015836742 -0.700112820 -0.008561525 0.997864783 0.064750060 -0.533321381 -0.015314006 -0.064875677 0.997775853 -0.559034348
0.999865413 0.006935125 0.014866766 -0.702591479 -0.007925547 0.997678936 0.067630857 -0.531168520 -0.014363231 -0.067739591 0.997599661 -0.551239789
0.999892831 0.005924155 0.013386109 -0.705087960 -0.006865338 0.997424483 0.071395345 -0.531655133 -0.012928675 -0.071479596 0.997358263 -0.542993009
0.999876201 0.009418963 0.012605996 -0.706608832 -0.010288005 0.997441053 0.070749670 -0.534738779 -0.011907349 -0.070870593 0.997414470 -0.534338236
0.999917805 0.006889629 0.010810868 -0.709384263 -0.007674853 0.997202098 0.074357584 -0.538543761 -0.010268324 -0.074434444 0.997173071 -0.523333013
0.999934077 0.006552673 0.009428868 -0.711594105 -0.007276177 0.996858776 0.078865044 -0.546217263 -0.008882472 -0.078928448 0.996840715 -0.513780951
0.999949515 0.006361263 0.007781262 -0.713970184 -0.006991874 0.996449709 0.083899319 -0.556077659 -0.007219930 -0.083949491 0.996443868 -0.503757000
0.999975681 0.004975072 0.004888854 -0.716052711 -0.005377858 0.996266723 0.086160973 -0.568321884 -0.004441946 -0.086185172 0.996269226 -0.493309945
0.999978244 0.006007852 0.002733790 -0.720040679 -0.006229795 0.995911360 0.090120725 -0.580784917 -0.002181180 -0.090135790 0.995927095 -0.476559997
0.999956429 0.009207519 0.001530789 -0.722210050 -0.009306068 0.996131361 0.087382548 -0.596717775 -0.000720290 -0.087392993 0.996173680 -0.463991195
0.999953210 0.009625955 -0.000962239 -0.724471092 -0.009514479 0.996579230 0.082093135 -0.613544703 0.001749172 -0.082080141 0.996624172 -0.450414419
0.999951422 0.009279055 -0.003331181 -0.724040568 -0.008993807 0.996966481 0.077310652 -0.631963789 0.004038445 -0.077276930 0.997001469 -0.440956384
0.999909222 0.013121455 -0.003068153 -0.728914320 -0.012860012 0.997202754 0.073629223 -0.646993041 0.004025694 -0.073583074 0.997280955 -0.417251080
0.999824166 0.018426741 -0.003471788 -0.730607450 -0.018141298 0.997420669 0.069446884 -0.664220870 0.004742512 -0.069371693 0.997579634 -0.400627136
0.999754369 0.021922847 -0.003251485 -0.732571602 -0.021656254 0.997522891 0.066925861 -0.681088269 0.004710636 -0.066839002 0.997752666 -0.382772803
0.999743223 0.022288259 -0.004089649 -0.734332919 -0.021987457 0.997781336 0.062841080 -0.696900427 0.005481194 -0.062735029 0.998015165 -0.363506585
0.999681115 0.024938703 -0.003964821 -0.739025712 -0.024653230 0.997861624 0.060534149 -0.711936355 0.005465985 -0.060417101 0.998158276 -0.338685721
0.999660432 0.025720678 -0.004180791 -0.741797388 -0.025443960 0.998081207 0.056449652 -0.720616043 0.005624692 -0.056324109 0.998396695 -0.316164494
0.999599159 0.028088847 -0.003542735 -0.744813263 -0.027870102 0.998291612 0.051352788 -0.724176288 0.004979123 -0.051233467 0.998674273 -0.291569114
0.999573469 0.029055519 -0.002940210 -0.747959197 -0.028895723 0.998587668 0.044583671 -0.722086728 0.004231459 -0.044479698 0.999001324 -0.264111042
0.999601603 0.028133992 -0.002272434 -0.753494620 -0.028027799 0.998888850 0.037888810 -0.719577014 0.003335872 -0.037810020 0.999279380 -0.234833807
0.999596894 0.028388614 -0.000407072 -0.757336676 -0.028362202 0.999113083 0.031122381 -0.710270286 0.001290233 -0.031098289 0.999515474 -0.205550089
0.999581456 0.028834479 0.002330598 -0.761481047 -0.028885363 0.999244809 0.025988659 -0.698065937 -0.001579468 -0.026045101 0.999659538 -0.176012054
0.999598086 0.027812822 0.005486862 -0.766160548 -0.027936162 0.999325037 0.023854382 -0.684877932 -0.004819701 -0.023998078 0.999700367 -0.146932274
0.999513447 0.029268799 0.010779772 -0.780392110 -0.029512247 0.999296010 0.023163207 -0.683520138 -0.010094224 -0.023470074 0.999673605 -0.110997967
0.999534369 0.027119288 0.013986696 -0.785962999 -0.027403897 0.999412656 0.020574877 -0.676311553 -0.013420505 -0.020948587 0.999690473 -0.084258005
0.999508202 0.026112869 0.017362367 -0.792204797 -0.026509423 0.999383569 0.023016119 -0.673268735 -0.016750649 -0.023465065 0.999584317 -0.058909249
0.999347866 0.027974607 0.022831872 -0.799628675 -0.028497895 0.999330938 0.022925006 -0.672434866 -0.022175279 -0.023560716 0.999476433 -0.034275278
0.999274969 0.027546808 0.026282385 -0.807527363 -0.028181478 0.999312460 0.024091290 -0.679982901 -0.025600675 -0.024814500 0.999364197 -0.010616397
0.999229550 0.026365262 0.029071171 -0.815770149 -0.026999813 0.999400854 0.021655310 -0.685921013 -0.028482806 -0.022423543 0.999342740 0.011921089
0.999229789 0.023085469 0.031731166 -0.824636400 -0.023833452 0.999442041 0.023399862 -0.692095697 -0.031173266 -0.024138102 0.999222517 0.034332074
0.999208152 0.021312196 0.033599336 -0.833801627 -0.022030681 0.999533355 0.021160662 -0.697832584 -0.033132676 -0.021884121 0.999211371 0.056577936
0.999131799 0.020848058 0.036068991 -0.845101833 -0.021578033 0.999567747 0.019968778 -0.705323040 -0.035637088 -0.020729739 0.999149799 0.083595827
0.999079168 0.020062566 0.037925392 -0.855273604 -0.020773303 0.999614120 0.018440124 -0.705545962 -0.037540801 -0.019210979 0.999110401 0.105920494
0.998948634 0.022095211 0.040166903 -0.865736783 -0.022742722 0.999617517 0.015735686 -0.703550577 -0.039803859 -0.016632646 0.999069095 0.128876179
0.998922825 0.021433190 0.041156530 -0.877328992 -0.021954343 0.999683917 0.012252720 -0.697990656 -0.040880904 -0.013143087 0.999077559 0.151526257
0.998862028 0.021941580 0.042346220 -0.888639569 -0.022427231 0.999687672 0.011027718 -0.693003893 -0.042091031 -0.011964878 0.999042153 0.176403180
0.998743415 0.019225247 0.046281982 -0.900104761 -0.019743782 0.999747038 0.010772824 -0.682798743 -0.046063166 -0.011673069 0.998870313 0.200699508
0.998585105 0.014129116 0.051265884 -0.911799371 -0.014538768 0.999865234 0.007626595 -0.671032190 -0.051151220 -0.008361148 0.998655915 0.225821003
0.998257697 0.007384985 0.058541324 -0.924159706 -0.007805892 0.999945283 0.006964498 -0.657237113 -0.058486689 -0.007409331 0.998260677 0.250356942
0.997732282 -0.003993739 0.067188859 -0.938853860 0.003540918 0.999970198 0.006857263 -0.641538918 -0.067214251 -0.006603803 0.997716725 0.285478830
0.996841490 -0.014550187 0.078072496 -0.950741947 0.014249967 0.999888778 0.004401160 -0.625509501 -0.078127854 -0.003274729 0.996937990 0.310365915
0.995520353 -0.026851691 0.090654299 -0.962306559 0.026635483 0.999638736 0.003594171 -0.610052943 -0.090718061 -0.001163450 0.995875955 0.334608018
0.993881106 -0.038481779 0.103535034 -0.974153042 0.037722223 0.999245107 0.009285070 -0.594762623 -0.103814177 -0.005322684 0.994582474 0.357022762
0.991881251 -0.050640449 0.116649531 -0.984876633 0.049265347 0.998678386 0.014643434 -0.579159915 -0.117236920 -0.008777769 0.993065178 0.383000046
0.989410341 -0.058987264 0.132618457 -0.994812965 0.056834850 0.998184025 0.019960705 -0.564842463 -0.133555055 -0.012211978 0.990966141 0.402251571
0.986699283 -0.068667971 0.147340491 -1.004028082 0.065609463 0.997518897 0.025524454 -0.552287519 -0.148727641 -0.015518030 0.988756418 0.419404715
0.984467328 -0.074190840 0.159121931 -1.012853622 0.070696279 0.997118235 0.027518950 -0.541895330 -0.160705030 -0.015842181 0.986875355 0.434080899
0.981944501 -0.079872951 0.171479702 -1.023201823 0.075347617 0.996619403 0.032748841 -0.529709339 -0.173515737 -0.019236961 0.984643221 0.462958276
0.980182290 -0.080464296 0.181019977 -1.030555725 0.075121589 0.996517420 0.036190607 -0.525803506 -0.183301613 -0.021874886 0.982813299 0.474814415
0.978898466 -0.078745693 0.188565254 -1.037296772 0.072488979 0.996572316 0.039861176 -0.525075555 -0.191057801 -0.025351141 0.981251359 0.486356765
0.977491021 -0.078356676 0.195886448 -1.043224096 0.071512766 0.996564209 0.041781228 -0.527408183 -0.198487267 -0.026832398 0.979736090 0.498613566
0.976436555 -0.077007614 0.201597407 -1.050784111 0.069996633 0.996675730 0.041688818 -0.523008108 -0.204137608 -0.026595348 0.978580892 0.518134832
0.975799382 -0.080310173 0.203385994 -1.056451082 0.072820611 0.996371508 0.044056401 -0.525983572 -0.206186190 -0.028179517 0.978106916 0.529550791
0.975102305 -0.079649590 0.206957698 -1.061722636 0.071462594 0.996347070 0.046750128 -0.527987778 -0.209925324 -0.030796424 0.977232277 0.542504847
0.974036813 -0.081762098 0.211109608 -1.066174269 0.073062964 0.996137738 0.048696529 -0.530917585 -0.214275777 -0.032007921 0.976248622 0.555382311
0.972325325 -0.082801573 0.218465820 -1.071976542 0.073596843 0.996036172 0.049954206 -0.529582500 -0.221736148 -0.032493353 0.974565148 0.577810884
0.969527721 -0.092227928 0.226958200 -1.075146914 0.082278498 0.995202541 0.052935660 -0.533579767 -0.230751529 -0.032648809 0.972464800 0.590850234
0.966064930 -0.101175122 0.237659782 -1.077254534 0.090205304 0.994312584 0.056616709 -0.537660360 -0.242036313 -0.033257246 0.969697058 0.604990900
0.960931540 -0.113779441 0.252318889 -1.078658223 0.102665916 0.993091345 0.056826733 -0.545569599 -0.257041425 -0.028702050 0.965974092 0.619307995
0.954537392 -0.126563162 0.269889176 -1.078864694 0.114074253 0.991564751 0.061534256 -0.549207687 -0.275400579 -0.027949341 0.960923195 0.633341789
0.946924925 -0.139831275 0.289448470 -1.077560067 0.126279503 0.989857912 0.065075129 -0.556050718 -0.295612425 -0.025069855 0.954978943 0.647015929
0.937917411 -0.151466697 0.312039733 -1.074666142 0.137416631 0.988266945 0.066671290 -0.563861728 -0.318477035 -0.019652711 0.947726846 0.660537481
0.927376151 -0.160780638 0.337820977 -1.070148468 0.145842254 0.986875832 0.069326304 -0.570510685 -0.344533712 -0.015022984 0.938653708 0.673290908
0.916111052 -0.163714409 0.365975589 -1.064411283 0.148215234 0.986455798 0.070265345 -0.577942014 -0.372522205 -0.010127701 0.927968025 0.685836434
0.903475583 -0.165918276 0.395225316 -1.057181954 0.149998680 0.986127138 0.071089469 -0.586003721 -0.401537448 -0.004944324 0.915829301 0.697520375
0.889256835 -0.164325893 0.426871568 -1.049092293 0.147490889 0.986405015 0.072468206 -0.592940986 -0.432976633 -0.001483183 0.901403904 0.708419144
0.874471545 -0.162683666 0.456983060 -1.040589094 0.145333976 0.986675203 0.073143899 -0.595223844 -0.462793201 0.002452888 0.886462927 0.719288290
0.858634591 -0.159749508 0.487059355 -1.031108260 0.140745878 0.987151027 0.075653218 -0.598531723 -0.492886722 0.003593124 0.870086074 0.735369384
0.842237234 -0.157487929 0.515590966 -1.022291899 0.138625920 0.987487257 0.075178623 -0.592179716 -0.520979226 0.008156020 0.853530407 0.748920381
0.825316429 -0.159976453 0.541535139 -1.013939500 0.141680777 0.987017393 0.075651750 -0.584134579 -0.546607137 0.014288489 0.837267280 0.763043523
0.809426546 -0.166811883 0.563029826 -1.007559061 0.148779154 0.985775769 0.078172304 -0.575766742 -0.568061173 0.020492354 0.822731137 0.776163936
0.793742001 -0.174952805 0.582550585 -1.000756145 0.158309162 0.984154582 0.079862565 -0.575547993 -0.587292016 0.028832816 0.808861434 0.796171308
0.778958201 -0.182632968 0.599891126 -0.994532347 0.166760907 0.982532561 0.082586780 -0.572121263 -0.604495585 0.035706729 0.795807838 0.809028387
0.766393602 -0.192573190 0.612826586 -0.989022970 0.176636517 0.980407536 0.087181441 -0.571900666 -0.617608666 0.041432254 0.785393476 0.820605159
0.754792750 -0.201684341 0.624188542 -0.983591497 0.185211822 0.978367627 0.092159472 -0.571519077 -0.629272938 0.046045803 0.775819123 0.832763255
0.744786441 -0.215821534 0.631438255 -0.976138175 0.197586268 0.975146532 0.100244232 -0.582702219 -0.637379646 0.050102986 0.768919289 0.852676451
0.736855030 -0.225662217 0.637276411 -0.971266627 0.202753797 0.973018825 0.110114612 -0.586473465 -0.644930720 0.048071690 0.762727737 0.862884283
0.730162323 -0.237654656 0.640611649 -0.966506898 0.209367454 0.970281661 0.121321119 -0.590503693 -0.650406241 0.045539089 0.758220255 0.873891652
0.724557519 -0.248319417 0.642925978 -0.960341573 0.213520259 0.967819214 0.133173317 -0.589238286 -0.655305624 0.040785983 0.754261911 0.885759711
0.720256805 -0.256507963 0.644541621 -0.956383705 0.217924282 0.965753436 0.140816391 -0.591080427 -0.658588886 0.039037284 0.751489758 0.903003871
0.716928363 -0.263464689 0.645445645 -0.949630618 0.221418440 0.963953793 0.147536278 -0.587991476 -0.661050379 0.037140630 0.749421716 0.916557610
0.714231610 -0.265268475 0.647692740 -0.941702724 0.221521378 0.963498294 0.150330782 -0.584656656 -0.663928807 0.036106773 0.746923566 0.930374563
0.713127971 -0.255587995 0.652781129 -0.932568192 0.211341366 0.966228604 0.147435308 -0.582601249 -0.668418527 0.032819413 0.743060946 0.946052074
0.711504698 -0.244438037 0.658795238 -0.922968745 0.202082351 0.969117582 0.141328692 -0.581019938 -0.672996163 0.032574855 0.738928318 0.967499375
0.711379647 -0.233821049 0.662771940 -0.912437797 0.191285059 0.971849144 0.137547299 -0.579956770 -0.676275849 0.028930008 0.736080170 0.982805669
0.712088883 -0.225916445 0.664749026 -0.901996374 0.183638483 0.973786414 0.134227246 -0.579618514 -0.677647710 0.026491757 0.734909415 0.998611093
0.712320566 -0.217633262 0.667259395 -0.891499877 0.174236670 0.975781500 0.132257611 -0.580203056 -0.679883063 0.022051234 0.732988954 1.016087413
0.713176250 -0.213605016 0.667647123 -0.881727219 0.169626683 0.976723194 0.131295785 -0.576940298 -0.680151820 0.019613724 0.732808828 1.034779549
0.714548588 -0.210650712 0.667118132 -0.871928453 0.166165918 0.977404773 0.130647600 -0.578900397 -0.679565489 0.017498244 0.733406186 1.052378535
0.715360940 -0.209417507 0.666635633 -0.862474859 0.166404858 0.977642238 0.128549784 -0.581278086 -0.678651690 0.018971901 0.734215140 1.070642352
0.716377735 -0.208026722 0.665978849 -0.853331089 0.167989537 0.977864027 0.124745548 -0.584859610 -0.677187145 0.022512529 0.735466361 1.089232683
0.717210174 -0.210333824 0.664356232 -0.844387889 0.173398197 0.977241218 0.122199386 -0.585064113 -0.674938917 0.027555522 0.737358868 1.111780643
0.718484044 -0.212460771 0.662299812 -0.835932255 0.178422257 0.976640999 0.119740844 -0.589964926 -0.672269404 0.032137152 0.739608765 1.130867124
0.719133377 -0.217864916 0.659834921 -0.827682614 0.188368127 0.975143015 0.116677150 -0.595816851 -0.668853223 0.040385444 0.742296696 1.149809718
0.719095707 -0.221697807 0.658598185 -0.819762111 0.192922890 0.974179208 0.117284521 -0.600859761 -0.667594314 0.042719852 0.743298650 1.168130040
0.718804359 -0.223261446 0.658387899 -0.810722351 0.196492344 0.973661244 0.115648344 -0.604797304 -0.666866541 0.046239644 0.743741095 1.189111352
0.718529224 -0.227407113 0.657268465 -0.802530289 0.200031742 0.972675025 0.117858335 -0.610660553 -0.666110456 0.046789881 0.744384050 1.207403421
0.717937708 -0.231344119 0.656540453 -0.794051945 0.204221472 0.971657276 0.119061813 -0.616835237 -0.665476620 0.048600692 0.744834781 1.225462317
0.717391312 -0.232716084 0.656652868 -0.785504103 0.206242681 0.971251369 0.118889466 -0.621467590 -0.665442526 0.050139572 0.744763255 1.243503928
0.714515686 -0.234275892 0.659228504 -0.774843097 0.209618494 0.970666587 0.117755964 -0.628836453 -0.667478502 0.054047983 0.742665052 1.266680479
0.710248113 -0.236970752 0.662866950 -0.765007496 0.214480549 0.969712853 0.116854802 -0.634979308 -0.670481801 0.059176162 0.739562333 1.283878684
0.704283953 -0.239295438 0.668372512 -0.754714012 0.217308685 0.968953133 0.117926829 -0.640684485 -0.675840974 0.062189154 0.734419167 1.300588012
0.695811272 -0.243611142 0.675648034 -0.743638337 0.221021369 0.967696846 0.121294767 -0.645047843 -0.683371246 0.064934388 0.727177620 1.316481113
0.685260296 -0.248283535 0.684670508 -0.730387986 0.225770235 0.966203690 0.124411799 -0.651151896 -0.692420542 0.069323741 0.718155980 1.335636258
0.673745811 -0.251306504 0.694918454 -0.718242943 0.228041768 0.965206563 0.127958149 -0.655162096 -0.702896535 0.072259143 0.707612276 1.350495815
0.659786820 -0.258024812 0.705765247 -0.705510736 0.236848548 0.962734938 0.130553290 -0.658951998 -0.713150859 0.081022143 0.696312606 1.364899635
0.644516945 -0.262756318 0.718023121 -0.692589819 0.241867095 0.960936308 0.134542555 -0.661591291 -0.725326359 0.086951174 0.682891846 1.380081058
0.627182007 -0.266625613 0.731815338 -0.675687253 0.247878402 0.959058166 0.136980727 -0.667406857 -0.738376021 0.095489323 0.667594790 1.398572445
0.607684970 -0.272287458 0.746041954 -0.661325037 0.254428774 0.956624269 0.141901210 -0.669397116 -0.752319753 0.103583261 0.650604010 1.411119699
0.586948991 -0.274782062 0.761567950 -0.646240234 0.257149816 0.955208361 0.146461397 -0.670777738 -0.767701030 0.109871686 0.631318808 1.422825933
0.565512180 -0.279973805 0.775764644 -0.630414724 0.262525082 0.952799499 0.152491793 -0.671921790 -0.781841815 0.117421664 0.612319827 1.434580326
0.542784929 -0.284116119 0.790356100 -0.612871110 0.263474137 0.951141179 0.160971478 -0.675088882 -0.797474802 0.120865449 0.591122329 1.447732091
0.521374464 -0.290041447 0.802523971 -0.596633255 0.266576707 0.948755562 0.169704810 -0.675624251 -0.810620546 0.125454411 0.571975231 1.457554817
0.502643347 -0.291930437 0.813711405 -0.580137134 0.264466345 0.948057055 0.176763460 -0.676057577 -0.823047519 0.126350328 0.553740382 1.466710091
0.484851956 -0.294242412 0.823614001 -0.562566817 0.263411134 0.947110057 0.183295265 -0.677145481 -0.833986282 0.128077999 0.536714852 1.476382375
0.468231738 -0.295043796 0.832891464 -0.543208539 0.262061447 0.946564734 0.187986746 -0.680484056 -0.843850017 0.130247369 0.520531237 1.489300728
0.450967908 -0.295854032 0.842079818 -0.525626659 0.260295689 0.946046472 0.192982540 -0.682064652 -0.853741348 0.132160798 0.503646135 1.497422457
0.432312429 -0.297455668 0.851249695 -0.507693648 0.261258841 0.944851756 0.197481483 -0.683984995 -0.863046765 0.137022823 0.486184061 1.505381227
0.415282607 -0.295777231 0.860265255 -0.489824057 0.262532920 0.944396555 0.197968751 -0.686333060 -0.870986223 0.143634915 0.469842732 1.512992978
0.397657752 -0.295832217 0.868534207 -0.471649408 0.264226496 0.943418860 0.200362787 -0.690723658 -0.878665328 0.149813905 0.453324497 1.523473501
0.380413651 -0.299001575 0.875147760 -0.453981400 0.265810788 0.941714346 0.206200644 -0.692361891 -0.885793507 0.154182151 0.437718809 1.530779719
0.366717935 -0.302357376 0.879828513 -0.436832786 0.269421875 0.939704120 0.210637257 -0.694578946 -0.890466154 0.159800515 0.426068008 1.538183570
0.354456723 -0.305389762 0.883797228 -0.419519186 0.268939853 0.938523173 0.216438562 -0.696749210 -0.895562232 0.160970181 0.414797306 1.545644045
0.344186783 -0.309221566 0.886519909 -0.399526238 0.271063328 0.936730504 0.221496284 -0.701851428 -0.898921728 0.164066911 0.406228900 1.557769537
0.337376893 -0.317662716 0.886153102 -0.382614374 0.275380969 0.933469832 0.229781315 -0.704309762 -0.900190115 0.166506782 0.402409434 1.565258980
0.331536829 -0.325607628 0.885473311 -0.365127087 0.279592782 0.930303812 0.237408280 -0.706132948 -0.901061118 0.168862373 0.399467528 1.573057175
0.326903045 -0.336485147 0.883126438 -0.348027945 0.283132017 0.926415801 0.248173356 -0.707569778 -0.901648939 0.168912709 0.398117840 1.581324816
0.324250519 -0.340548098 0.882546723 -0.328398347 0.284949303 0.924782217 0.252154171 -0.709688485 -0.902034104 0.169719905 0.396900058 1.592258453
0.322292089 -0.340125710 0.883426607 -0.309321523 0.280687183 0.925591469 0.253959090 -0.710100651 -0.904070079 0.166117445 0.393779695 1.600121379
0.321465969 -0.335566670 0.885468602 -0.289079309 0.269276768 0.928892016 0.254262954 -0.709752142 -0.907826900 0.156699210 0.388967514 1.608182788
0.321778476 -0.327922165 0.888214827 -0.268258691 0.258820236 0.932842255 0.250634015 -0.708920360 -0.910752773 0.149239376 0.385041416 1.617630601
0.321570873 -0.321327209 0.890697062 -0.243586063 0.250577867 0.936002433 0.247204751 -0.707918048 -0.913128197 0.143695056 0.381508648 1.630903244
0.322526038 -0.315202355 0.892538309 -0.222585320 0.241647467 0.939101577 0.244325042 -0.706062794 -0.915195942 0.136878371 0.379052579 1.640964270
0.324333727 -0.309489340 0.893881500 -0.201375961 0.234270006 0.941805661 0.241080225 -0.703699589 -0.916474402 0.131219149 0.377963424 1.652116537
0.325197101 -0.304121464 0.895408988 -0.179816961 0.229230613 0.943986118 0.237367898 -0.700891674 -0.917442322 0.128063738 0.376695454 1.664982200
0.326835096 -0.299539745 0.896356463 -0.155960202 0.226942301 0.945567667 0.233235791 -0.698639929 -0.917429090 0.127191529 0.377022922 1.679303646
0.328860641 -0.296241641 0.896711528 -0.134876966 0.229430079 0.946140409 0.228429824 -0.695137501 -0.916085422 0.130611002 0.379115105 1.694022298
0.330385208 -0.294363141 0.896769702 -0.114042163 0.237899348 0.945417881 0.222685680 -0.692258835 -0.913372576 0.139768913 0.382380903 1.709704041
0.332008600 -0.295260429 0.895874918 -0.093316555 0.250086486 0.943313062 0.218213692 -0.689490914 -0.909520328 0.151597336 0.387028635 1.726793766
0.334069073 -0.299078047 0.893840075 -0.067613006 0.260386109 0.940701425 0.217439547 -0.688250840 -0.905868053 0.160103723 0.392135024 1.746255159
0.334907174 -0.305336773 0.891407132 -0.047269344 0.271696687 0.937150836 0.218927383 -0.686321735 -0.902229548 0.168872029 0.396817565 1.762297034
0.336418688 -0.313674182 0.887936413 -0.026862741 0.281013936 0.933374524 0.223256022 -0.684827566 -0.898806870 0.174414963 0.402151406 1.777880192
0.337924302 -0.321348131 0.884614468 -0.005387902 0.284851789 0.930744290 0.229291528 -0.683954716 -0.897032261 0.174500763 0.406057656 1.791958570
0.338984907 -0.328319430 0.881643653 0.017328382 0.287589192 0.928433359 0.235167891 -0.683627069 -0.895757556 0.173832834 0.409146070 1.808563709
0.340202570 -0.337245703 0.877797067 0.039415479 0.289659321 0.925670147 0.243376791 -0.683647871 -0.894628346 0.171464652 0.412601709 1.821784258
0.341558695 -0.346207380 0.873772383 0.063343167 0.288947821 0.923337817 0.252896219 -0.684620082 -0.894341588 0.166095674 0.415409923 1.834798694
0.342553735 -0.353273690 0.870548606 0.088027239 0.288600445 0.921376109 0.260337889 -0.686449409 -0.894073248 0.162060946 0.417575777 1.846945882
