1.000000000 0.000000000 0.000000000 0.000000000 0.000000000 1.000000000 0.000000000 -0.000000119 0.000000000 0.000000000 1.000000000 0.000000000
0.999965966 -0.007832104 -0.002586811 -0.002174642 0.007865544 0.999882221 0.013180593 0.072187379 0.002483274 -0.013200492 0.999909759 0.022719039
0.999986351 0.004007715 -0.003354799 -0.004763392 -0.003872171 0.999212921 0.039478477 0.129023656 0.003510377 -0.039464947 0.999214768 0.037506379
0.999961972 0.007224720 -0.004886115 -0.007433253 -0.006762185 0.996023357 0.088835746 0.164374217 0.005508499 -0.088799328 0.996034324 0.042801876
0.999936044 0.007459452 -0.008499794 -0.010147634 -0.006532283 0.994522035 0.104322985 0.134620413 0.009231424 -0.104260787 0.994507134 0.031335190
0.999124587 0.039978083 0.012321519 -0.011757415 -0.040919963 0.995173216 0.089195579 -0.012912849 -0.008696178 -0.089621693 0.995937943 -0.010006900
0.998913407 0.036360871 0.029152000 -0.012445925 -0.037151407 0.998943448 0.027050713 -0.069602542 -0.028137611 -0.028104359 0.999208868 -0.020554153
0.998966634 0.035701588 0.028124858 -0.016642116 -0.035336353 0.999285936 -0.013378147 -0.168653682 -0.028582394 0.012370493 0.999514878 -0.046309248
0.999298096 0.022844352 0.029688979 -0.017262636 -0.020941012 0.997799397 -0.062911123 -0.245793030 -0.031060809 0.062245250 0.997577429 -0.070942692
0.998984993 0.029921433 0.033670943 -0.012362171 -0.026703971 0.995377421 -0.092253275 -0.265839100 -0.036275644 0.091260485 0.995166123 -0.077596053
0.998473883 0.037331391 0.040697135 -0.010744973 -0.034674365 0.997337937 -0.064146221 -0.219131559 -0.042983465 0.062637180 0.997110307 -0.068793461
0.998841882 0.032427639 0.035543486 -0.000639559 -0.031207338 0.998921990 -0.034365870 -0.131765932 -0.036619574 0.033216856 0.998777092 -0.032572903
0.999271214 0.028188756 0.025738390 0.001204844 -0.027613090 0.999366462 -0.022454089 -0.036097456 -0.026355037 0.021727009 0.999416530 -0.011825716
0.999367297 0.017936680 0.030713402 0.001670696 -0.018448900 0.999694049 0.016476000 0.057659436 -0.030408479 -0.017032204 0.999392450 0.013968477
0.999279559 0.021460654 0.031301610 0.000082861 -0.023464629 0.997601151 0.065126128 0.120061420 -0.029828873 -0.065813683 0.997385979 0.030908385
0.999448776 0.023753067 0.023192458 -0.004726112 -0.025672374 0.995937884 0.086305775 0.118569963 -0.021048222 -0.086853601 0.995998681 0.028648581
0.999578893 0.020507649 0.020530472 -0.011353712 -0.021572072 0.998359203 0.053042497 0.049835593 -0.019409010 -0.053463046 0.998381197 0.008001748
0.998976707 0.031230753 0.032713469 -0.012291264 -0.032083973 0.999149799 0.025889708 -0.054298058 -0.031877104 -0.026912792 0.999129415 -0.022646438
0.998855829 0.021443389 0.042745817 -0.011013041 -0.021766670 0.999737799 0.007111739 -0.141435429 -0.042582106 -0.008034036 0.999060690 -0.046138145
0.997946501 0.005601371 0.063807733 -0.004805516 -0.003498679 0.999448657 -0.033017755 -0.232780799 -0.063957490 0.032726713 0.997415841 -0.071840413
0.997483850 0.007853450 0.070457824 0.000408217 -0.002396879 0.997012973 -0.077197179 -0.288872510 -0.070853628 0.076834053 0.994523168 -0.089388989
0.996950328 0.016466610 0.076281287 0.003968502 -0.010340970 0.996740162 -0.080013052 -0.284733683 -0.077350162 0.078980222 0.993870735 -0.086279340
0.997323871 0.018641064 0.070693344 0.008546839 -0.013842838 0.997605205 -0.067766353 -0.217945710 -0.071787283 0.066606402 0.995193541 -0.062850259
0.997880101 0.024877295 0.060136404 0.010207651 -0.021991607 0.998596549 -0.048180372 -0.127396688 -0.061250601 0.046755739 0.997026742 -0.033191532
0.997990787 0.025592718 0.057960358 0.016942181 -0.024874512 0.999605000 -0.013079225 -0.023710826 -0.058272194 0.011611211 0.998233199 -0.000785412
0.998777688 0.002994617 0.049337406 0.018042549 -0.005498786 0.998698831 0.050698746 0.064771861 -0.049121384 -0.050908070 0.997494578 0.023959795
0.998793721 0.013434511 0.047229659 0.018148584 -0.017294757 0.996457577 0.082299426 0.127459228 -0.045956697 -0.083016977 0.995487928 0.038171709
0.999343157 0.021475617 0.029190022 0.013536131 -0.023928616 0.995967567 0.086463794 0.140878022 -0.027215451 -0.087105483 0.995827258 0.038358904
0.999488056 0.022045676 0.023186557 0.009987012 -0.023878012 0.996348679 0.081970200 0.093847431 -0.021294806 -0.082481891 0.996365011 0.026350139
0.998744905 0.035745002 0.035083652 0.008522099 -0.038135625 0.996816337 0.070020124 0.006865487 -0.032469086 -0.071270183 0.996928453 0.004396646
0.998159528 0.037320241 0.047798865 0.009067120 -0.039237760 0.998435915 0.039826866 -0.100270756 -0.046237752 -0.041629087 0.998062670 -0.020482877
0.997152388 0.037705027 0.065310456 0.009984422 -0.036520436 0.999147713 -0.019238079 -0.207997441 -0.065980159 0.016798129 0.997679532 -0.043619491
0.996415436 0.031143067 0.078653879 0.006703419 -0.025712823 0.997276008 -0.069133013 -0.287746072 -0.080592640 0.066862792 0.994502008 -0.068126582
0.996349514 0.017780315 0.083495766 0.001223701 -0.010925352 0.996584773 -0.081849925 -0.322185308 -0.084665924 0.080638908 0.993140996 -0.087153234
0.995740592 0.011246888 0.091510803 0.003052577 -0.004943436 0.997616887 -0.068819270 -0.292961776 -0.092066720 0.068073764 0.993423223 -0.079145163
0.993910730 0.024020800 0.107538313 0.009493909 -0.018639551 0.998536468 -0.050768856 -0.228109598 -0.108600438 0.048455242 0.992903829 -0.049163871
0.993167996 0.047021825 0.106799908 0.015536103 -0.044347126 0.998643517 -0.027283676 -0.150524125 -0.107937969 0.022361007 0.993906140 -0.020530168
0.996182144 0.044427551 0.075149104 0.022166582 -0.044974275 0.998972476 0.005597783 -0.074187264 -0.074823186 -0.008956188 0.997156620 -0.006437365
0.998662293 0.028740779 0.042983163 0.020930225 -0.030980196 0.998146832 0.052374817 -0.032675166 -0.041398216 -0.053636380 0.997702003 -0.012813078
0.999710321 0.009693176 0.022030864 0.018101361 -0.011960156 0.994377375 0.105216764 -0.016358361 -0.020887110 -0.105449773 0.994205236 -0.026523473
0.999126315 -0.003348468 0.041657854 0.018118355 -0.003987713 0.984598756 0.174784005 -0.015427728 -0.041601527 -0.174797416 0.983725131 -0.037205860
0.997482836 -0.018840957 0.068359122 0.012740264 0.002331288 0.972245812 0.233950064 -0.020507088 -0.070869714 -0.233201817 0.969842434 -0.045217931
0.996877193 -0.035299242 0.070638932 0.007322786 0.013276812 0.956716597 0.290718168 -0.019546356 -0.077843569 -0.288872451 0.954197645 -0.064832740
0.996800065 -0.040440109 0.068951041 0.009633004 0.014209185 0.938490629 0.345012218 -0.017787218 -0.078662232 -0.342928439 0.936062157 -0.078818716
0.997149527 -0.041148640 0.063242503 0.018722469 0.015234841 0.930736423 0.365373313 -0.020556195 -0.073896714 -0.363368332 0.928710222 -0.089226708
0.997784793 -0.040477939 0.052792769 0.032749034 0.019614754 0.937309265 0.347946227 -0.028085351 -0.063567296 -0.346139908 0.936026931 -0.088478856
0.998517990 -0.031230807 0.044569224 0.039455168 0.014815886 0.944016516 0.329565287 -0.028582962 -0.052366674 -0.328416526 0.943080246 -0.082346611
0.999150634 -0.016017089 0.037966501 0.041886672 0.002429467 0.942659140 0.333748251 -0.031460468 -0.041135143 -0.333372563 0.941897392 -0.074910790
0.999231577 -0.014098777 0.036571972 0.054200042 0.000726415 0.939567447 0.342363149 -0.033488527 -0.039188735 -0.342073470 0.938855648 -0.066673905
0.998969734 -0.022619927 0.039342936 0.083172157 0.007609479 0.938143253 0.346163690 -0.036687892 -0.044739511 -0.345507681 0.937348843 -0.057383958
0.998531401 -0.032707077 0.043188747 0.125796780 0.015447378 0.935990930 0.351684988 -0.040490407 -0.051926862 -0.350501359 0.935121596 -0.049174726
0.997252047 -0.049787246 0.054859225 0.179569632 0.028241472 0.940080345 0.339781433 -0.047051497 -0.068488859 -0.337298423 0.938903093 -0.043065030
0.995239139 -0.065885194 0.071821012 0.236411288 0.038997225 0.944537222 0.326080769 -0.051634021 -0.089321516 -0.321727484 0.942609727 -0.035931885
0.992410719 -0.076102398 0.096589029 0.288008571 0.038099423 0.937125921 0.346905470 -0.050451763 -0.116916418 -0.340592682 0.932913244 -0.030774301
0.990997195 -0.081137016 0.106495701 0.326543301 0.036836017 0.929981232 0.365756720 -0.045003884 -0.128715411 -0.358540982 0.924597561 -0.027283672
0.991202295 -0.085622311 0.100930102 0.346348673 0.043628391 0.931311369 0.361601502 -0.040724322 -0.124958508 -0.354016811 0.926853538 -0.023306929
0.991573870 -0.087592147 0.095440514 0.348192304 0.048302434 0.933615386 0.355005890 -0.038643625 -0.120200463 -0.347404569 0.929979563 -0.023234550
0.991117239 -0.087914161 0.099788606 0.332238853 0.047210716 0.934053123 0.353999823 -0.039739922 -0.124329463 -0.346144229 0.929906607 -0.027972756
0.992461383 -0.083687976 0.089536488 0.297492355 0.046413571 0.932797730 0.357399285 -0.040885109 -0.113429457 -0.350549281 0.929649949 -0.036368333
0.993922114 -0.079899922 0.075728901 0.247758523 0.047403689 0.931498528 0.360642940 -0.038529351 -0.099356703 -0.354861170 0.929624557 -0.043793321
0.995739818 -0.069009103 0.061155014 0.186030909 0.043320037 0.935595393 0.350406498 -0.038838472 -0.081397586 -0.346264452 0.934599042 -0.052738544
0.997169018 -0.057144970 0.048870698 0.117823116 0.037325948 0.940401077 0.338012725 -0.042127416 -0.065273784 -0.335231692 0.939871848 -0.063248470
0.998329580 -0.045158986 0.036036938 0.045567535 0.030047307 0.938576698 0.343760014 -0.041633964 -0.049347281 -0.342103004 0.938365817 -0.071555182
0.998963535 -0.036345575 0.027402060 -0.025162041 0.024659269 0.938144624 0.345364392 -0.037467629 -0.038259562 -0.344330728 0.938068509 -0.077585556
0.999411762 -0.028096018 0.019665992 -0.096341670 0.019803548 0.940966666 0.337919444 -0.032244675 -0.027999232 -0.337331206 0.940969586 -0.082309946
0.999810517 -0.019021038 0.004141864 -0.164266095 0.016452901 0.939390481 0.342454076 -0.025581529 -0.010404659 -0.342321038 0.939525425 -0.088711172
0.999691486 -0.012441807 -0.021496210 -0.217923537 0.019291397 0.934091568 0.356512070 -0.016259355 0.015643775 -0.356816769 0.934043407 -0.093549266
0.999059319 -0.006657006 -0.042849895 -0.254918009 0.021010157 0.938726664 0.344021499 -0.010131720 0.037934188 -0.344598174 0.937983513 -0.096579514
0.998698056 -0.004161846 -0.050841793 -0.265451789 0.020836350 0.943014145 0.332099676 -0.012386934 0.046562381 -0.332726657 0.941873074 -0.099484421
0.999234319 -0.000021194 -0.039125357 -0.247770458 0.013216527 0.941400826 0.337030947 -0.014501253 0.036825497 -0.337289989 0.940680265 -0.103209592
0.999852479 -0.002469308 -0.016997926 -0.205488205 0.007977009 0.943172395 0.332208097 -0.018787978 0.015211649 -0.332294703 0.943052948 -0.106973797
0.999990642 -0.003983774 0.001676570 -0.148876920 0.003211299 0.944425166 0.328710824 -0.024386201 -0.002892904 -0.328702360 0.944429159 -0.109463759
0.999797165 -0.016501948 0.011548324 -0.083783232 0.011562082 0.939702570 0.341797322 -0.025439868 -0.016492311 -0.341594487 0.939702749 -0.106791914
0.999622405 -0.022336368 0.016005579 -0.011783115 0.015335073 0.936784506 0.349570692 -0.025798777 -0.022801917 -0.349193215 0.936773300 -0.100771651
0.999438465 -0.031189704 0.012243796 0.055279661 0.025019364 0.937727094 0.346470594 -0.027413862 -0.022287656 -0.345969737 0.937980950 -0.092105962
0.999221027 -0.034991801 0.018247016 0.113781303 0.026292564 0.935098529 0.353411108 -0.027086565 -0.029429246 -0.352656037 0.935290158 -0.083119638
0.998617947 -0.044933841 0.027260674 0.154331565 0.032243423 0.933401704 0.357381642 -0.021161910 -0.041503690 -0.356008768 0.933560491 -0.073252626
0.996798813 -0.053365707 0.059533309 0.181885898 0.030299872 0.941233397 0.336395055 -0.013445553 -0.073986694 -0.333514363 0.939837277 -0.058382869
0.993673563 -0.055918787 0.097395830 0.197504237 0.026370507 0.959155917 0.281646162 -0.012727095 -0.109167092 -0.277295977 0.954562485 -0.040873684
0.989852250 -0.057737365 0.129842013 0.205759585 0.026074840 0.972019196 0.233449772 -0.017687278 -0.139687717 -0.227695182 0.963660836 -0.030727081
0.984462678 -0.085180029 0.153550178 0.219735697 0.045132145 0.967827797 0.247532740 -0.023044115 -0.169694960 -0.236756697 0.956634641 -0.013924697
0.977992535 -0.110311046 0.177093491 0.238346696 0.058952048 0.960314870 0.272616893 -0.030214055 -0.200138167 -0.256177276 0.945683837 0.013649166
0.977243900 -0.124853991 0.171481133 0.254952192 0.069302879 0.951987863 0.298188299 -0.042630948 -0.200477958 -0.279518574 0.938977063 0.050564855
0.983459413 -0.116315357 0.138846532 0.250567615 0.070434280 0.951816320 0.298470527 -0.060196713 -0.166873112 -0.283754081 0.944265306 0.093222521
0.991950512 -0.080976367 0.097349778 0.224463060 0.051935211 0.961332679 0.270448148 -0.076832786 -0.115485430 -0.263215303 0.957799971 0.137835741
0.998373151 -0.046371177 0.033177979 0.176371723 0.036054194 0.964204490 0.262697130 -0.088317715 -0.044171929 -0.261073560 0.964307725 0.172464192
0.998773754 -0.011673778 -0.048110906 0.100425214 0.024556097 0.960646629 0.276685894 -0.089657098 0.042987611 -0.277528048 0.959755301 0.185903475
0.992002606 0.030940868 -0.122366458 0.007754881 0.005978155 0.956882000 0.290415376 -0.078506745 0.126075968 -0.288824350 0.949044466 0.166170835
0.979626477 0.041317649 -0.196531951 -0.079091758 0.018828122 0.955401897 0.294707775 -0.063219227 0.199943632 -0.292403877 0.935159087 0.118179515
0.973346293 0.055711102 -0.222470745 -0.143164828 0.015260492 0.952163458 0.305207849 -0.037790693 0.228831992 -0.300467968 0.925934613 0.052567963
0.976953030 0.050147243 -0.207480237 -0.165418223 0.018511787 0.948444784 0.316401452 -0.008053437 0.212650195 -0.312950164 0.925657630 -0.012908254
0.985728443 0.016141284 -0.167567641 -0.147649691 0.041860059 0.940626442 0.336852461 0.024173286 0.163055778 -0.339059442 0.926526606 -0.072761789
0.995532155 -0.045706928 -0.082623512 -0.096572421 0.071276404 0.937689543 0.340085268 0.048445001 0.061930951 -0.344454944 0.936757922 -0.119550340
0.994074404 -0.104747191 0.029052852 -0.022959467 0.090260774 0.944338560 0.316350609 0.058386076 -0.060572565 -0.311853737 0.948197365 -0.150620013
0.978141487 -0.161390349 0.131119579 0.061940331 0.114150122 0.943809569 0.310150355 0.058100089 -0.173807204 -0.288403600 0.941602051 -0.154695436
0.962714016 -0.184939280 0.197431415 0.149893597 0.115106866 0.940498769 0.319706857 0.048935652 -0.244810373 -0.285060585 0.926719129 -0.129835278
0.955487907 -0.174895525 0.237601489 0.230382755 0.096892782 0.946696818 0.307208300 0.030494509 -0.278665930 -0.270511925 0.921503425 -0.076667033
0.955408216 -0.168772265 0.242303744 0.288594961 0.098637417 0.955839157 0.276843190 0.005200665 -0.278326869 -0.240598023 0.929863811 -0.008089887
0.961779118 -0.160877541 0.221583754 0.293983400 0.100991353 0.960568070 0.259055346 -0.017422937 -0.254522473 -0.226775989 0.940101564 0.057483587
0.980081856 -0.116166569 0.161074072 0.238020360 0.075147606 0.967697263 0.240654945 -0.030132176 -0.183827013 -0.223757237 0.957152188 0.109680712
0.996735096 -0.056268934 0.057904687 0.133733734 0.041485291 0.972164035 0.230599448 -0.032357175 -0.069268435 -0.227444366 0.971324325 0.134914607
0.998487592 -0.008169306 -0.054367259 0.017627735 0.021178853 0.969732642 0.243248940 -0.022978269 0.050734535 -0.244032472 0.968439043 0.129999235
0.990246356 0.028937843 -0.136289313 -0.070463717 0.007272795 0.966123879 0.257976234 -0.006956855 0.139137641 -0.256451249 0.956490219 0.098571487
0.985456765 0.041933000 -0.164671138 -0.104321033 0.004031440 0.963031471 0.269358724 0.010643206 0.169878498 -0.266105264 0.948856831 0.057599731
0.986438096 0.045907017 -0.157583043 -0.077999122 0.000539340 0.959177732 0.282803386 0.031265140 0.164132819 -0.279053003 0.946144700 0.013653630
0.994931638 0.033118445 -0.094943188 -0.007026288 -0.004584595 0.958162844 0.286187023 0.051826622 0.100449108 -0.284301251 0.953458309 -0.025056768
0.999996305 -0.001152292 -0.002473939 0.076956868 0.001815044 0.957759261 0.287565500 0.071773119 0.002038079 -0.287568897 0.957757771 -0.056876138
0.996292591 -0.042462759 0.074819937 0.137647375 0.018005790 0.953359425 0.301299840 0.090660639 -0.084124312 -0.298835605 0.950589478 -0.098257311
0.991678655 -0.075315140 0.104408190 0.139604494 0.040485732 0.952315211 0.302418023 0.104296885 -0.122206166 -0.295674473 0.947439849 -0.148413524
0.990548134 -0.080502085 0.111057863 0.093344867 0.045069613 0.955725491 0.290787876 0.107531197 -0.129549846 -0.283034027 0.950320244 -0.203417838
0.992333829 -0.060468994 0.107782409 0.035679694 0.028636431 0.960892439 0.275437355 0.111074291 -0.120222718 -0.270239294 0.955257654 -0.259714395
0.993107677 -0.052388556 0.104845449 -0.005949885 0.021304101 0.960328460 0.278056473 0.117155962 -0.115253046 -0.273906380 0.954825640 -0.291237861
0.993743896 -0.037655521 0.105143368 -0.016518908 0.008160442 0.963410974 0.267904252 0.114726469 -0.111384347 -0.265370220 0.957691073 -0.281724721
0.993333936 -0.025678042 0.112375729 -0.001447276 -0.005424357 0.963380754 0.268082231 0.098751985 -0.115144439 -0.266904742 0.956819534 -0.226702824
0.994947791 -0.020649510 0.098247096 0.024432177 -0.009599609 0.954565883 0.297845244 0.075185463 -0.099933684 -0.297283590 0.949545026 -0.144639850
0.998172045 0.004257354 0.060286127 0.049581107 -0.022377986 0.952650666 0.303242445 0.036429811 -0.056140609 -0.304037213 0.951004565 -0.052901812
0.999268472 0.034443215 0.016617879 0.061089125 -0.037790559 0.955966055 0.291034013 -0.003099485 -0.005861982 -0.291449100 0.956568360 0.036656834
0.996857882 0.064265259 -0.046306655 0.052613001 -0.049207781 0.960542023 0.273747295 -0.026271675 0.062071927 -0.270608515 0.960686266 0.098282695
0.990689874 0.079235166 -0.110703856 0.020361926 -0.049368665 0.966918766 0.250261635 -0.029275332 0.126871154 -0.242466375 0.961828351 0.113437109
0.984148443 0.103075393 -0.144316688 -0.010714537 -0.066967212 0.969498456 0.235771477 -0.014745217 0.164217040 -0.222369641 0.961033046 0.082119577
0.980913401 0.121174060 -0.152071491 -0.028705986 -0.080679439 0.965215623 0.248695880 0.012278841 0.176917270 -0.231680095 0.956569195 0.027536871
0.982335806 0.124381118 -0.139806107 -0.032052141 -0.078902669 0.952774167 0.293250442 0.046231009 0.169678465 -0.277039349 0.945758104 -0.029962793
0.984049022 0.133368015 -0.117730670 -0.018745484 -0.087346695 0.938748181 0.333350301 0.079110444 0.154977709 -0.317749679 0.935423493 -0.060450248
0.985541224 0.134539112 -0.102993667 -0.000444467 -0.093727306 0.939281881 0.330098152 0.099568851 0.141151190 -0.315672040 0.938310981 -0.049423743
0.982547224 0.135753974 -0.127168506 0.015633171 -0.093540981 0.951517284 0.293027133 0.101806104 0.160782635 -0.276017517 0.947609246 -0.004650779
0.977176964 0.131141573 -0.167113841 0.026793664 -0.089679144 0.967823684 0.235106364 0.105936587 0.192568958 -0.214753911 0.957495689 0.052738808
0.975202322 0.123879835 -0.183396429 0.038059246 -0.091418609 0.980145037 0.175949797 0.121059321 0.201551735 -0.154820815 0.967164636 0.107827894
0.973431647 0.103137918 -0.204434320 0.045680020 -0.079278849 0.989400268 0.121663272 0.138174102 0.214815482 -0.102223560 0.971290231 0.146803439
0.972610176 0.074194163 -0.220283285 0.047998372 -0.068166509 0.997065067 0.034850437 0.144074038 0.222222462 -0.018879946 0.974813163 0.173340201
0.974846125 0.063998751 -0.213492766 0.048382275 -0.070273541 0.997286797 -0.021924783 0.149936199 0.211510345 0.036376182 0.976698577 0.196007386
0.979991019 0.062615126 -0.188936338 0.049837135 -0.067641273 0.997503877 -0.020266131 0.159009144 0.187195763 0.032640517 0.981780171 0.213015661
0.981911302 0.057863239 -0.180283204 0.053440168 -0.061079245 0.998056710 -0.012333971 0.170796841 0.179219171 0.023122426 0.983537436 0.225503936
0.981759727 0.035688981 -0.186746269 0.053079534 -0.049016222 0.996532023 -0.067240655 0.171535805 0.183698893 0.075167760 0.980104327 0.223092124
0.982494831 0.030623320 -0.183755577 0.051211834 -0.044317421 0.996499538 -0.070885003 0.171648756 0.180941612 0.077787727 0.980412781 0.213619873
0.982579887 0.038945526 -0.181713969 0.058058377 -0.052311748 0.996219754 -0.069351681 0.162023067 0.178326100 0.077649347 0.980902851 0.216190159
0.982620180 0.035366274 -0.182227418 0.051966067 -0.048987374 0.996287167 -0.070796251 0.166129559 0.179047033 0.078492671 0.980704367 0.205129385
0.982903838 0.031423464 -0.181418434 0.044552237 -0.044981420 0.996453822 -0.071108438 0.171509355 0.178540632 0.078053214 0.980831742 0.198074564
0.983179748 0.028918814 -0.180336669 0.037492063 -0.042548317 0.996484160 -0.072173379 0.179760784 0.177615449 0.078632422 0.980953455 0.192377180
0.983133912 0.024323601 -0.181262463 0.034573194 -0.038178172 0.996575892 -0.073340841 0.189397112 0.178857893 0.079024144 0.980696201 0.189642757
0.983303666 0.027954109 -0.179812178 0.036831442 -0.041985564 0.996321261 -0.074707329 0.199339673 0.177062318 0.081009507 0.980860054 0.191564128
0.982354343 0.028913975 -0.184780777 0.054000508 -0.042661652 0.996573389 -0.070862159 0.171647042 0.182098687 0.077494800 0.980221748 0.217188209
0.982429087 0.030257180 -0.184167221 0.056714367 -0.044195741 0.996420979 -0.072055683 0.185855076 0.181327865 0.078929007 0.980250180 0.211909428
0.982388079 0.029446853 -0.184517026 0.058821123 -0.043627538 0.996357441 -0.073270112 0.198001936 0.181687325 0.080029711 0.980094373 0.205286935
0.982355118 0.028978871 -0.184766501 0.059681792 -0.043407448 0.996273577 -0.074529983 0.200328410 0.181918204 0.081235148 0.979952335 0.205480486
0.982690573 0.033321906 -0.182233214 0.057689924 -0.047659848 0.996053457 -0.074873731 0.172755897 0.179019094 0.082262918 0.980400443 0.218984261
0.982608199 0.032513261 -0.182822272 0.060670093 -0.046985433 0.996046305 -0.075393192 0.178471640 0.179648176 0.082671948 0.980250955 0.212045789
0.982594311 0.033470329 -0.182724297 0.063792564 -0.047953527 0.995997548 -0.075427830 0.181527019 0.179468364 0.082877234 0.980266511 0.205595106
0.982699871 0.032270551 -0.182371959 0.059204526 -0.046654455 0.996081054 -0.075138994 0.173884973 0.179232493 0.082347549 0.980354309 0.214090273
0.982724071 0.033684000 -0.181985542 0.057897218 -0.048087105 0.995999277 -0.075319797 0.172513679 0.178720400 0.082769737 0.980412245 0.219390780
0.982725441 0.033011861 -0.182101563 0.057568416 -0.047442950 0.996018887 -0.075468615 0.172447741 0.178885236 0.082804367 0.980379283 0.219836324
0.982699096 0.032841552 -0.182274163 0.057839066 -0.047269989 0.996033370 -0.075385869 0.172452375 0.179075360 0.082697719 0.980353534 0.219512999
0.982717633 0.033163272 -0.182116061 0.058079552 -0.047587298 0.996016324 -0.075411901 0.172341302 0.178889662 0.082775012 0.980380952 0.219041288
0.982711256 0.032603722 -0.182251379 0.057923570 -0.047066111 0.996026814 -0.075600080 0.172671646 0.179062411 0.082870908 0.980341315 0.219203115
0.982721627 0.033585530 -0.182017148 0.058134675 -0.048003022 0.995997906 -0.075391173 0.172476947 0.178756654 0.082825914 0.980400920 0.218717098
0.982733846 0.033184659 -0.182024702 0.057951905 -0.047601338 0.996015549 -0.075412914 0.172623232 0.178796872 0.082775444 0.980397820 0.218868509
0.982718349 0.033367608 -0.182074726 0.058013748 -0.047776099 0.996013403 -0.075330973 0.172625244 0.178835243 0.082727954 0.980394840 0.219159380
0.982779503 0.033438787 -0.181731537 0.057931896 -0.047837384 0.996002793 -0.075432576 0.172696397 0.178482726 0.082827143 0.980450690 0.218912661
0.982727945 0.033268586 -0.182041273 0.057895605 -0.047706507 0.996002793 -0.075515382 0.172659427 0.178801313 0.082895629 0.980386853 0.219147816
0.982766271 0.033126704 -0.181860074 0.057701740 -0.047561474 0.996003747 -0.075593814 0.172776714 0.178629145 0.082940578 0.980414450 0.219138354
0.982731640 0.032667518 -0.182129920 0.057688385 -0.047100596 0.996033370 -0.075491771 0.172737271 0.178941339 0.082766578 0.980372190 0.219535083
0.982770503 0.032950338 -0.181869134 0.057771500 -0.047368664 0.996019125 -0.075512327 0.172470540 0.178656980 0.082826190 0.980419040 0.219889820
0.982699215 0.032812506 -0.182278737 0.057473768 -0.047171034 0.996066988 -0.075003162 0.173048362 0.179100797 0.082303822 0.980382085 0.218909711
0.982630849 0.032507375 -0.182701647 0.060094252 -0.046832025 0.996109903 -0.074644528 0.170955032 0.179564416 0.081904300 0.980330706 0.215410203
0.982589960 0.032877304 -0.182855114 0.061771732 -0.047109038 0.996142030 -0.074038982 0.168074906 0.179715469 0.081364095 0.980347991 0.213200361
0.982565045 0.032562789 -0.183045492 0.061995674 -0.046692733 0.996207416 -0.073420860 0.164095432 0.179960474 0.080687664 0.980358958 0.213660732
0.982468784 0.032820333 -0.183515295 0.064308576 -0.046895582 0.996236742 -0.072891057 0.160660937 0.180432364 0.080219239 0.980310678 0.214184120
0.982410848 0.032904007 -0.183810279 0.065595105 -0.046893999 0.996280670 -0.072289489 0.155030459 0.180748001 0.079637580 0.980299950 0.217605636
0.982397914 0.033438157 -0.183782995 0.066206306 -0.047380444 0.996278465 -0.072001949 0.149353504 0.180691421 0.079442292 0.980326235 0.223017797
0.982226849 0.033044692 -0.184765860 0.069695041 -0.046874765 0.996374905 -0.070991188 0.141985402 0.181750193 0.078390315 0.980215192 0.227438778
0.982050359 0.033714026 -0.185581475 0.073755950 -0.047582582 0.996355712 -0.070790112 0.137540832 0.182518542 0.078349903 0.980075657 0.235817403
0.981922388 0.033959121 -0.186212689 0.076239496 -0.047837503 0.996360540 -0.070549391 0.135295078 0.183139175 0.078181975 0.979973257 0.242206097
0.981838286 0.034055382 -0.186638147 0.077425577 -0.047999606 0.996341407 -0.070709355 0.133930251 0.183547288 0.078383707 0.979880810 0.248865321
0.981809378 0.033881646 -0.186821952 0.076915190 -0.047889914 0.996327102 -0.070985049 0.133505031 0.183730677 0.078640670 0.979825854 0.253358752
0.981776953 0.034072544 -0.186957523 0.076518729 -0.048190307 0.996276140 -0.071494661 0.135801628 0.183825329 0.079201348 0.979762912 0.255787611
0.981791854 0.034212355 -0.186853588 0.077024005 -0.048419986 0.996228039 -0.072008468 0.138872772 0.183685213 0.079744779 0.979745150 0.255712152
0.981779277 0.033667505 -0.187018529 0.077038750 -0.047902972 0.996244431 -0.072127007 0.139420375 0.183887824 0.079771541 0.979704916 0.254972339
0.981778562 0.033829711 -0.186993212 0.077042237 -0.048073612 0.996233106 -0.072170340 0.139392465 0.183847308 0.079844736 0.979706585 0.254100084
0.981791019 0.033785887 -0.186935529 0.076638140 -0.048025295 0.996235073 -0.072175249 0.138638079 0.183793232 0.079838648 0.979717255 0.253557384
0.982711673 0.032783888 -0.182216868 0.057507046 -0.047111407 0.996080220 -0.074864328 0.172941014 0.179048285 0.082154542 0.980404198 0.218878523
0.982651711 0.032664906 -0.182561412 0.058026280 -0.046990950 0.996097863 -0.074705221 0.171602041 0.179408804 0.081987940 0.980352223 0.220148012
0.982688904 0.032653764 -0.182362825 0.057488933 -0.046991497 0.996086061 -0.074862085 0.172456101 0.179204553 0.082135640 0.980377197 0.219344929
0.982684970 0.032633472 -0.182387680 0.057519946 -0.046986539 0.996080756 -0.074935935 0.172776416 0.179227442 0.082208179 0.980366945 0.218879029
0.982729018 0.032752305 -0.182129070 0.057464872 -0.047112189 0.996063590 -0.075084850 0.172914192 0.178952947 0.082368553 0.980403602 0.218346283
0.982698262 0.032731086 -0.182298645 0.057479050 -0.047077760 0.996076524 -0.074935086 0.172808632 0.179130688 0.082220785 0.980383575 0.218207046
0.982709885 0.032459248 -0.182284594 0.057516940 -0.046818461 0.996081531 -0.075030513 0.172774345 0.179134876 0.082267515 0.980378866 0.218800977
0.982669294 0.032429535 -0.182508662 0.057582423 -0.046816055 0.996078074 -0.075077817 0.172826782 0.179358140 0.082321003 0.980333567 0.218895957
0.982694209 0.032476280 -0.182365969 0.057512894 -0.046853002 0.996075630 -0.075087167 0.172792256 0.179211751 0.082332112 0.980359435 0.219008744
0.982697904 0.032676551 -0.182310373 0.057509474 -0.047062632 0.996061087 -0.075149372 0.172895923 0.179136634 0.082429141 0.980364978 0.219054982
0.982675493 0.032286942 -0.182500377 0.057516970 -0.046678707 0.996081293 -0.075120956 0.172779247 0.179359779 0.082338408 0.980331838 0.219283849
0.982683122 0.032315984 -0.182454258 0.057453338 -0.046698764 0.996082604 -0.075091131 0.172669441 0.179312855 0.082311176 0.980342686 0.219260663
0.982685030 0.032275967 -0.182451144 0.057501864 -0.046661139 0.996083021 -0.075108647 0.172761708 0.179312274 0.082321525 0.980341911 0.219197959
0.982692540 0.032197826 -0.182424575 0.057549149 -0.046601698 0.996076763 -0.075229101 0.172826409 0.179286659 0.082428373 0.980337620 0.219112977
0.982691467 0.032331020 -0.182406664 0.057570327 -0.046727091 0.996074200 -0.075184867 0.172901958 0.179259777 0.082406864 0.980344355 0.219021529
0.982683301 0.032419916 -0.182434753 0.057544786 -0.046813425 0.996072710 -0.075151145 0.172772303 0.179281875 0.082390174 0.980341733 0.219028249
0.982697904 0.032607142 -0.182322755 0.057493400 -0.046992842 0.996064603 -0.075146668 0.172811389 0.179154918 0.082414337 0.980362892 0.218855828
0.982730329 0.033454638 -0.181994066 0.057410177 -0.047777046 0.996046603 -0.074890226 0.172894835 0.178769156 0.082292035 0.980443597 0.218757272
0.982701302 0.033808682 -0.182085469 0.057868239 -0.048146505 0.996027648 -0.074905768 0.172398835 0.178829685 0.082376778 0.980425417 0.219456658
0.982737422 0.033401050 -0.181965694 0.057316720 -0.047725156 0.996047080 -0.074916765 0.172651246 0.178744093 0.082307845 0.980446815 0.218805939
0.982745349 0.033341166 -0.181934074 0.057348654 -0.047664013 0.996049106 -0.074929066 0.172559991 0.178717032 0.082307898 0.980451763 0.218315616
0.982743263 0.033523742 -0.181911498 0.057447717 -0.047836866 0.996045053 -0.074872695 0.172676891 0.178682029 0.082282715 0.980460227 0.218328372
0.982775152 0.033651266 -0.181715578 0.057433754 -0.047985125 0.996023178 -0.075068697 0.172877118 0.178466767 0.082495302 0.980481565 0.218517125
0.982760310 0.033555366 -0.181813598 0.057426751 -0.047881842 0.996034086 -0.074989371 0.172668070 0.178576261 0.082402147 0.980469465 0.218575224
0.982756555 0.033417020 -0.181859359 0.057415955 -0.047772098 0.996028364 -0.075135224 0.172844917 0.178626284 0.082527436 0.980449855 0.218594015
0.982763469 0.033736899 -0.181762964 0.057315446 -0.048072860 0.996020198 -0.075051725 0.173055544 0.178507566 0.082495958 0.980474114 0.218709707
0.982767522 0.033731673 -0.181742013 0.057258274 -0.048070576 0.996018350 -0.075078048 0.172782496 0.178485870 0.082520716 0.980475962 0.218763307
0.982732058 0.034034770 -0.181877315 0.057453986 -0.048255015 0.996064723 -0.074340880 0.172408640 0.178631395 0.081833661 0.980507076 0.218862757
0.982579350 0.032713536 -0.182941779 0.057689905 -0.046942536 0.996153057 -0.073996626 0.172754377 0.179817334 0.081295304 0.980335057 0.218607187
0.982604146 0.031776957 -0.182973489 0.057747334 -0.046095535 0.996152043 -0.074540779 0.172651291 0.179900721 0.081678346 0.980287910 0.219109029
0.982592344 0.032317393 -0.182942376 0.057884198 -0.046625599 0.996133566 -0.074457951 0.172769397 0.179828748 0.081691615 0.980300009 0.219350293
0.982232451 0.029308354 -0.185365632 0.068438120 -0.043712456 0.996292114 -0.074102789 0.170890898 0.182506487 0.080888957 0.979871631 0.221739784
0.983021438 0.035172693 -0.180088013 0.053394061 -0.049426489 0.995936513 -0.075282820 0.174556643 0.176708341 0.082905747 0.980765402 0.221467197
0.982496381 0.031541422 -0.183591932 0.070469767 -0.045932084 0.996150196 -0.074666202 0.157379553 0.180530071 0.081792027 0.980162740 0.221282214
0.982874811 0.034107447 -0.181090504 0.058741353 -0.048424162 0.995989382 -0.075234398 0.173006251 0.177798182 0.082715154 0.980584502 0.219102263
0.982161164 0.032236792 -0.185257256 0.070875131 -0.046370827 0.996291757 -0.072474234 0.153468743 0.182233930 0.079771914 0.980013907 0.222775623
0.980587542 0.047493931 -0.190243080 0.124324217 -0.060977828 0.995977163 -0.065659314 0.107582532 0.186359361 0.075985312 0.979538858 0.231229976
0.982509136 0.030405533 -0.183715433 0.057277381 -0.044705112 0.996240735 -0.074201427 0.171550035 0.180768669 0.081116594 0.980174899 0.218821645
0.982573390 0.032889865 -0.182941914 0.060942516 -0.047268115 0.996077895 -0.074797116 0.173167184 0.179764330 0.082140975 0.980274260 0.219280645
0.982010901 0.036455929 -0.185271651 0.082413040 -0.050851293 0.995994270 -0.073549427 0.160993338 0.181848198 0.081647642 0.979931056 0.229864493
0.980931878 0.038821466 -0.190435156 0.112083130 -0.053081952 0.996108174 -0.070362009 0.141316041 0.186962470 0.079129003 0.979174972 0.247362271
0.980940759 0.041951176 -0.189724386 0.100923330 -0.056375872 0.995861828 -0.071281381 0.151442498 0.185948938 0.080618687 0.979246438 0.248152494
0.980160236 0.037937205 -0.194542125 0.122477502 -0.052399669 0.996187985 -0.069740608 0.131003335 0.191154763 0.078550920 0.978411794 0.263750911
0.982759297 0.034062922 -0.181724757 0.058972534 -0.048476972 0.995968640 -0.075474530 0.173258245 0.178421289 0.082982764 0.980448723 0.219053477
0.982499421 0.031814285 -0.183528423 0.061770286 -0.046064563 0.996200323 -0.073912315 0.164522991 0.180479616 0.081072964 0.980231762 0.221999347
0.982370794 0.033994228 -0.183826134 0.064665787 -0.048090562 0.996188223 -0.072775930 0.157582343 0.180651471 0.080333248 0.980260968 0.226253882
0.982399344 0.033299617 -0.183800757 0.062087055 -0.047350571 0.996236920 -0.072594121 0.157223374 0.180691749 0.080019489 0.980279207 0.226423547
0.982487679 0.032030288 -0.183553919 0.059493445 -0.046085406 0.996279418 -0.072824515 0.159474552 0.180538401 0.080008350 0.980308414 0.226926297
0.982686818 0.033164300 -0.182282239 0.052817095 -0.047140948 0.996225595 -0.072885133 0.159361154 0.179177046 0.080216207 0.980541170 0.226406202
0.982884824 0.031933673 -0.181432217 0.047543723 -0.045785688 0.996303856 -0.072679587 0.159959733 0.178440690 0.079742663 0.980714023 0.220775872
0.983151674 0.032608353 -0.179859787 0.042576414 -0.046620496 0.996150315 -0.074236706 0.169146970 0.176746637 0.081371099 0.980887055 0.218364820
0.983316064 0.030809974 -0.179277077 0.035283867 -0.044863652 0.996183455 -0.074871615 0.175502032 0.176286057 0.081665486 0.980945468 0.216975406
0.983756959 0.030657513 -0.176868245 0.022429174 -0.044919722 0.996002793 -0.077205054 0.187656671 0.173794344 0.083895884 0.981201828 0.215893477
0.984055758 0.029695028 -0.175363824 0.013883696 -0.044075530 0.995924592 -0.078686535 0.195783883 0.172312543 0.085161194 0.981354117 0.213838369
0.984352589 0.029051222 -0.173798755 0.003628002 -0.043498389 0.995853126 -0.079902776 0.203190714 0.170756772 0.086212464 0.981534302 0.212950081
0.984615922 0.028206188 -0.172441065 -0.004449897 -0.042781930 0.995762706 -0.081402287 0.211125091 0.169414341 0.087527350 0.981650531 0.212223619
0.984884620 0.027064331 -0.171084359 -0.015827483 -0.041830614 0.995645940 -0.083302982 0.222620338 0.168084905 0.089200385 0.981728435 0.215364501
0.985058546 0.027052866 -0.170081720 -0.021773893 -0.041896313 0.995559394 -0.084298216 0.227751747 0.167045936 0.090164475 0.981817722 0.217823997
0.985149145 0.026396120 -0.169659823 -0.025219521 -0.041300777 0.995530546 -0.084930442 0.229392797 0.166659713 0.090676226 0.981836200 0.217732728
0.985087574 0.026505336 -0.169999912 -0.022519486 -0.041456714 0.995517135 -0.085011683 0.228723794 0.166984573 0.090791591 0.981770337 0.219237715
0.982732058 0.033391166 -0.181996509 0.058588166 -0.047828700 0.995996177 -0.075525224 0.173317656 0.178745940 0.082925722 0.980394423 0.219538465
0.982779086 0.033724867 -0.181680828 0.057864048 -0.048182465 0.995961308 -0.075759575 0.173602358 0.178392082 0.083208755 0.980434895 0.220207855
0.982777119 0.033827420 -0.181672350 0.057973754 -0.048266049 0.995965481 -0.075651750 0.173354641 0.178380296 0.083117411 0.980444789 0.219595745
0.982782125 0.033646256 -0.181678995 0.058149099 -0.048077837 0.995976746 -0.075623222 0.173099890 0.178403601 0.083055876 0.980445743 0.219101340
0.982786119 0.033466604 -0.181690410 0.058019921 -0.047911819 0.995978415 -0.075706005 0.173154041 0.178426102 0.083107933 0.980437279 0.218798488
0.982763886 0.033229403 -0.181854278 0.058263145 -0.047683246 0.995990336 -0.075693615 0.173195377 0.178609848 0.083060347 0.980407834 0.219121963
0.982761621 0.033453468 -0.181825206 0.058198597 -0.047901612 0.995982468 -0.075659491 0.173241854 0.178563640 0.083064966 0.980415821 0.219238102
0.982767344 0.033468820 -0.181791589 0.057963815 -0.047892056 0.995992184 -0.075537428 0.173346177 0.178534850 0.082942083 0.980431497 0.218975991
0.982761919 0.033645123 -0.181788310 0.058283776 -0.048071057 0.995983303 -0.075540729 0.173217952 0.178516552 0.082977302 0.980431855 0.218970954
0.982762873 0.033546031 -0.181801483 0.058284204 -0.047975123 0.995986521 -0.075559214 0.173079580 0.178537115 0.082978740 0.980427980 0.218948245
0.982770264 0.033743627 -0.181725129 0.058260009 -0.048168965 0.995977104 -0.075559989 0.173120737 0.178444400 0.083011612 0.980442107 0.219164819
0.982797861 0.033628765 -0.181596905 0.058005884 -0.048047241 0.995980620 -0.075591184 0.173067376 0.178324968 0.083016090 0.980463445 0.218887046
0.982751667 0.033449396 -0.181879833 0.058167078 -0.047871530 0.995996654 -0.075491257 0.173135757 0.178626582 0.082896031 0.980418682 0.219067469
0.982761741 0.033615839 -0.181794614 0.058324389 -0.048051286 0.995980382 -0.075592212 0.173105046 0.178522766 0.083024599 0.980426729 0.219167724
0.982760668 0.033628855 -0.181798205 0.058136307 -0.048059877 0.995981991 -0.075565249 0.173177212 0.178526565 0.082999751 0.980428100 0.218981817
0.982767642 0.033447240 -0.181794122 0.058208752 -0.047898691 0.995980084 -0.075692758 0.173149720 0.178531602 0.083096087 0.980419040 0.219079688
0.982776880 0.033631891 -0.181710064 0.058190666 -0.048060812 0.995979667 -0.075594999 0.173206970 0.178437144 0.083026148 0.980442166 0.219155192
0.982770801 0.033570886 -0.181754038 0.058526143 -0.048003174 0.995982289 -0.075597264 0.173294157 0.178485945 0.083019547 0.980433822 0.219313234
0.982756734 0.033458311 -0.181850836 0.058516372 -0.047907952 0.995982468 -0.075655259 0.173400789 0.178588942 0.083062820 0.980411410 0.219267115
0.982872844 0.033637978 -0.181188896 0.055410124 -0.048101284 0.995944619 -0.076030508 0.174573720 0.177896574 0.083443746 0.980504930 0.218741730
0.982803166 0.033942267 -0.181509912 0.057435852 -0.048416585 0.995938003 -0.075916395 0.173826352 0.178195834 0.083398968 0.980454385 0.218839779
0.982606888 0.033317357 -0.182684645 0.057878669 -0.047792196 0.996006489 -0.075412117 0.173374459 0.179442570 0.082831360 0.980275154 0.218766093
0.982476413 0.033064146 -0.183430806 0.064490825 -0.047582556 0.996023476 -0.075320363 0.174015373 0.180210993 0.082728580 0.980142832 0.219360828
0.982719362 0.033452980 -0.182053789 0.062405508 -0.047938533 0.995973289 -0.075757012 0.172686860 0.178786412 0.083175272 0.980365872 0.221912146
0.982626975 0.032570716 -0.182711095 0.058354713 -0.047060151 0.996032000 -0.075535089 0.173022270 0.179525882 0.082821235 0.980260730 0.219871566
0.982586622 0.033422247 -0.182774395 0.059217915 -0.047934577 0.995987892 -0.075567037 0.173491493 0.179515451 0.083012372 0.980246484 0.218908980
0.982603848 0.033579566 -0.182653040 0.065222062 -0.048063703 0.995989919 -0.075458229 0.172418788 0.179386735 0.082924530 0.980277479 0.218984857
0.982741594 0.033626512 -0.181901827 0.061438058 -0.047991045 0.996016622 -0.075151697 0.172000289 0.178650156 0.082584351 0.980440676 0.217907995
0.982828140 0.033064418 -0.181536749 0.055420004 -0.047404639 0.996038735 -0.075230896 0.172606543 0.178330168 0.082544729 0.980502307 0.214236349
0.982702613 0.033778094 -0.182084158 0.057695348 -0.048325531 0.995931625 -0.076058015 0.173458681 0.178774282 0.083541721 0.980336964 0.220416725
0.982703507 0.034363233 -0.181969732 0.058453668 -0.048779771 0.995963275 -0.075350650 0.173351258 0.178645879 0.082923792 0.980412841 0.219936788
0.982708931 0.033853192 -0.182036161 0.059643306 -0.048328143 0.995960474 -0.075677589 0.173843175 0.178738892 0.083166510 0.980375290 0.219740421
