1.000000000 0.000000000 0.000000000 -0.000000060 0.000000000 1.000000000 0.000000000 -0.000000119 0.000000000 0.000000000 1.000000000 -0.000000477
0.999996245 -0.002736084 0.000015777 -0.000814772 0.002735780 0.999943972 0.010223847 0.024190323 -0.000043750 -0.010223765 0.999947727 0.006708438
0.999990642 -0.004281301 0.000636351 -0.002272037 0.004269745 0.999843478 0.017168814 0.050786693 -0.000709756 -0.017165935 0.999852419 0.015034777
0.999960184 -0.008911051 -0.000427743 -0.002956635 0.008918416 0.999707520 0.022479145 0.075655438 0.000227305 -0.022482065 0.999747217 0.023218988
0.999932826 -0.011518576 -0.001302080 -0.003906927 0.011548516 0.999595940 0.025971822 0.100342631 0.001002395 -0.025985114 0.999661803 0.030460756
0.999930382 -0.011577412 -0.002273815 -0.004881098 0.011641851 0.999459803 0.030733291 0.123373106 0.001916775 -0.030757625 0.999525011 0.036835771
0.999948442 -0.009834424 -0.002525241 -0.005554181 0.009919249 0.999298155 0.036121935 0.144553214 0.002168230 -0.036145121 0.999344170 0.042433526
0.999985099 -0.005125171 -0.001888715 -0.006748076 0.005203012 0.999026120 0.043815073 0.164511278 0.001662316 -0.043824244 0.999037862 0.047298763
0.999983072 -0.003974548 -0.004254972 -0.007623082 0.004202653 0.998476684 0.055015314 0.182358682 0.004029830 -0.055032264 0.998476446 0.050760049
0.999993861 -0.000208261 -0.003503890 -0.008774973 0.000453192 0.997543514 0.070047840 0.198689327 0.003480694 -0.070049003 0.997537494 0.054040331
0.999985874 0.000085713 -0.005312561 -0.009047657 0.000379475 0.996164382 0.087500893 0.210263103 0.005299684 -0.087501667 0.996150255 0.054228865
0.999978960 -0.000346923 -0.006473491 -0.009407335 0.001022658 0.994505882 0.104675993 0.216732472 0.006401611 -0.104680419 0.994485319 0.055005208
0.999957204 -0.002472572 -0.008913858 -0.010207824 0.003506648 0.993015945 0.117928036 0.214933097 0.008560017 -0.117954247 0.992982149 0.053322647
0.999923646 -0.003711306 -0.011785867 -0.011277848 0.005128889 0.992439747 0.122625686 0.205570117 0.011241661 -0.122676767 0.992383003 0.049157239
0.999917865 -0.003688235 -0.012273297 -0.011931552 0.005141924 0.992687106 0.120606497 0.187461898 0.011738718 -0.120659694 0.992624521 0.043246351
0.999961555 0.001441666 -0.008648906 -0.012747514 -0.000456135 0.993607938 0.112885140 0.162100509 0.008756364 -0.112876855 0.993570387 0.037044313
0.999953032 0.009336803 -0.002598829 -0.013558919 -0.009018511 0.994611502 0.103279211 0.130948663 0.003549123 -0.103250928 0.994648993 0.029395329
0.999881983 0.014794912 0.004142812 -0.013274225 -0.015107512 0.995836794 0.089893520 0.096498556 -0.002795598 -0.089945495 0.995942771 0.023095267
0.999738753 0.018139331 0.013906248 -0.013728360 -0.019117841 0.997089624 0.073802069 0.059459638 -0.012527056 -0.074048653 0.997175932 0.013150959
0.999357045 0.025864964 0.024828548 -0.013549193 -0.027268453 0.997946382 0.057960380 0.022798313 -0.023278417 -0.058600154 0.998010099 0.006402948
0.999119580 0.030257195 0.029061466 -0.013815363 -0.031493675 0.998575270 0.043076251 -0.018082131 -0.027716696 -0.043953579 0.998649001 -0.003985072
0.999015510 0.032903623 0.029755965 -0.015910557 -0.033750910 0.999025702 0.028435342 -0.051328104 -0.028791346 -0.029411636 0.999152660 -0.010724956
0.999108374 0.031978223 0.027565408 -0.016571082 -0.032418322 0.999351561 0.015669392 -0.087254688 -0.027046453 -0.016549045 0.999497175 -0.020446315
0.999153197 0.029846534 0.028320929 -0.017667737 -0.029926598 0.999549210 0.002407252 -0.117063478 -0.028236313 -0.003252762 0.999596000 -0.026043866
0.999267995 0.024506211 0.029375846 -0.016882254 -0.024118669 0.999618292 -0.013475068 -0.146424487 -0.029694853 0.012756698 0.999477625 -0.035013046
0.999349952 0.020154946 0.029889723 -0.017171862 -0.019278530 0.999383986 -0.029325457 -0.173120111 -0.030462364 0.028730167 0.999122918 -0.044002976
0.999431610 0.015749980 0.029806018 -0.016544273 -0.014334675 0.998786569 -0.047116037 -0.194401577 -0.030511927 0.046661999 0.998444617 -0.049801089
0.999378145 0.018353600 0.030107409 -0.014215595 -0.016103894 0.997177362 -0.073334605 -0.215985760 -0.031368382 0.072804153 0.996852815 -0.058634326
0.999148250 0.022769531 0.034413513 -0.013978285 -0.020129023 0.996963918 -0.075218245 -0.217826486 -0.036021713 0.074461475 0.996573091 -0.060413562
0.998924375 0.028087620 0.036894757 -0.012689525 -0.025440376 0.997197270 -0.070359193 -0.209556833 -0.038767572 0.069344901 0.996839166 -0.060757082
0.998673320 0.033243235 0.039325181 -0.011491256 -0.030854354 0.997729301 -0.059868306 -0.192585647 -0.041226100 0.058575526 0.997431338 -0.057577420
0.998832881 0.028302468 0.039138116 -0.008990160 -0.026978962 0.999059618 -0.033940755 -0.145345315 -0.040061921 0.032845236 0.998657227 -0.043230984
0.998983800 0.024125420 0.038070455 -0.006362973 -0.023194410 0.999425530 -0.024710042 -0.112802215 -0.038644724 0.023801910 0.998969495 -0.031886786
0.998946667 0.027219554 0.036940496 -0.004703487 -0.026595091 0.999496698 -0.017292088 -0.082067013 -0.037392590 0.016291438 0.999167860 -0.021772247
0.999132812 0.023876082 0.034110267 -0.002135915 -0.023413118 0.999629140 -0.013908163 -0.050312530 -0.034429688 0.013097474 0.999321282 -0.012146271
0.999397278 0.022593053 0.026354903 -0.000804496 -0.022446105 0.999730885 -0.005858292 0.013277473 -0.026480166 0.005263196 0.999635458 0.004913368
0.999584556 0.018008597 0.022503266 -0.000154681 -0.018091612 0.999830246 0.003490770 0.047665164 -0.022436583 -0.003896441 0.999740660 0.012119939
0.999519229 0.015267542 0.026986079 0.000037249 -0.015733410 0.999729395 0.017136069 0.079126850 -0.026717151 -0.017552415 0.999488950 0.021232162
0.999456823 0.011768902 0.030782687 0.000089184 -0.012784991 0.999372840 0.033022687 0.108989239 -0.030374741 -0.033398308 0.998980463 0.028554959
0.999325693 0.013875652 0.033994611 -0.001092486 -0.016164454 0.997553945 0.068006136 0.155304074 -0.032967832 -0.068509780 0.997105598 0.041212484
0.999455750 0.013110346 0.030271553 -0.002069859 -0.015580948 0.996437967 0.082877167 0.170016512 -0.029077176 -0.083303712 0.996099889 0.044290990
0.999541044 0.014491720 0.026601905 -0.004045986 -0.016924364 0.995463610 0.093625568 0.179675058 -0.025124433 -0.094032817 0.995252013 0.043552503
0.999606252 0.014171686 0.024218483 -0.005213925 -0.016550085 0.994747698 0.101010308 0.179216430 -0.022659795 -0.101371348 0.994590580 0.042980120
0.999650538 0.015106749 0.021694317 -0.006669858 -0.017263345 0.994538426 0.102933377 0.169950023 -0.020020843 -0.103271917 0.994451642 0.041613646
0.999736786 0.013534164 0.018524053 -0.010438872 -0.015064424 0.996255875 0.085130826 0.128591001 -0.017302522 -0.085387468 0.996197581 0.031283934
0.999753892 0.012250571 0.018495390 -0.012237515 -0.013511870 0.997477412 0.069686435 0.100249067 -0.017595036 -0.069919191 0.997397482 0.021270540
0.999549806 0.016670357 0.024945406 -0.013983953 -0.017818127 0.998758435 0.046519402 0.037957232 -0.024138940 -0.046942938 0.998605847 0.004638612
0.999294877 0.021103451 0.031054853 -0.013075348 -0.022341086 0.998947442 0.040061161 0.005638084 -0.030176738 -0.040726714 0.998714507 -0.004218792
0.999126613 0.020927204 0.036167741 -0.013210197 -0.022219753 0.999115050 0.035713084 -0.028112348 -0.035388358 -0.036485530 0.998707414 -0.012747638
0.999065697 0.019657250 0.038487580 -0.012732806 -0.020856474 0.999301493 0.031009194 -0.060012683 -0.037851136 -0.031782936 0.998777807 -0.021752326
0.998950362 0.016230142 0.042833533 -0.011778709 -0.017266208 0.999564528 0.023930078 -0.091630302 -0.042426493 -0.024644533 0.998795569 -0.030731842
0.998722792 0.011196607 0.049268786 -0.010197800 -0.011916292 0.999826193 0.014337932 -0.123497076 -0.049099687 -0.014906720 0.998682618 -0.038256790
0.998279631 0.006299030 0.058292739 -0.008410932 -0.006384662 0.999978781 0.001282870 -0.156630799 -0.058283426 -0.001652843 0.998298705 -0.045464043
0.997919798 0.001150800 0.064457811 -0.005609805 -0.000077774 0.999861419 -0.016646994 -0.181435317 -0.064468034 0.016607350 0.997781575 -0.051082358
0.997679472 0.000965989 0.068079330 -0.004024876 0.001328147 0.999432981 -0.033644661 -0.207187578 -0.068073221 0.033657007 0.997112453 -0.058561124
0.997425556 0.003419150 0.071628056 -0.001812472 0.000966197 0.998131216 -0.061099935 -0.240749657 -0.071703114 0.061011847 0.995558262 -0.069717802
0.996953607 0.010168154 0.077331297 0.000105479 -0.005056197 0.997805774 -0.066015311 -0.243017644 -0.077832870 0.065423198 0.994817495 -0.070875853
0.996928394 0.015514394 0.076766066 0.000576560 -0.010915678 0.998140693 -0.059966583 -0.214632943 -0.077553682 0.058944438 0.995244205 -0.061747566
0.997067630 0.015325483 0.074974954 0.001026463 -0.011146899 0.998377621 -0.055837404 -0.192812741 -0.075709060 0.054837931 0.995620906 -0.053877275
0.997172654 0.016475199 0.073316373 0.002300519 -0.012736528 0.998608649 -0.051172189 -0.166518643 -0.074057437 0.050093710 0.995995045 -0.044578508
0.997524798 0.014666576 0.068768896 0.003523801 -0.011491012 0.998859286 -0.046347640 -0.136748478 -0.069370218 0.045442700 0.996555448 -0.035019018
0.997771382 0.018386902 0.064142160 0.005646181 -0.015844459 0.999077082 -0.039923579 -0.104855567 -0.064817034 0.038818307 0.997141838 -0.025358053
0.997946799 0.019446300 0.061024345 0.007773811 -0.017420618 0.999285102 -0.033552993 -0.072401896 -0.061633199 0.032421019 0.997572184 -0.015048068
0.997909486 0.022945672 0.060416263 0.011450003 -0.021494556 0.999467254 -0.024560053 -0.040170096 -0.060947623 0.023210090 0.997871101 -0.003655944
0.997533560 0.025787849 0.065282181 0.013667975 -0.024955094 0.999596894 -0.013539852 -0.006370390 -0.065605029 0.011877333 0.997774959 0.007546803
0.998329580 0.014193106 0.056004997 0.013630491 -0.015594373 0.999574184 0.024663206 0.059477661 -0.055631105 -0.025495373 0.998125851 0.025489300
0.998718679 0.000484762 0.050603449 0.013935991 -0.003948633 0.997651935 0.068373784 0.115556955 -0.050451487 -0.068485990 0.996375561 0.038992617
0.998628974 0.005705564 0.052034494 0.014642478 -0.010573594 0.995538235 0.093764544 0.161698461 -0.051267352 -0.094186187 0.994233668 0.049379420
0.998707950 0.012201571 0.049330827 0.014447757 -0.017088667 0.994851351 0.099893697 0.178636387 -0.047857981 -0.100607626 0.993774474 0.051987398
0.999172091 0.018029688 0.036469210 0.011784390 -0.021693660 0.994475126 0.102706440 0.195036545 -0.034415957 -0.103412561 0.994042933 0.052114815
0.999382436 0.017794333 0.030300625 0.009799456 -0.020814028 0.994520187 0.102451645 0.192613676 -0.028311525 -0.103019051 0.994276404 0.050390869
0.999483764 0.020143718 0.025029629 0.007679933 -0.022605348 0.994495451 0.102312490 0.166038185 -0.022830900 -0.102825478 0.994437337 0.044232320
0.999494374 0.020038521 0.024687456 0.006380982 -0.022398891 0.994798064 0.099373713 0.143769875 -0.022567732 -0.099876434 0.994743884 0.038913213
0.999349654 0.023413246 0.027423829 0.005982720 -0.025836768 0.995457113 0.091638617 0.089844830 -0.025153689 -0.092287563 0.995414615 0.026824541
0.998903036 0.030416414 0.035602108 0.005761798 -0.033472486 0.995500028 0.088652849 0.056427095 -0.032745399 -0.089747295 0.995426118 0.017891129
0.998508096 0.034765285 0.042106841 0.006632267 -0.038074289 0.996025681 0.080518290 0.022723636 -0.039140251 -0.082001358 0.995863378 0.014390897
0.998280346 0.036642030 0.045757372 0.006682991 -0.039809138 0.996728480 0.070338979 -0.013375270 -0.043030310 -0.072039574 0.996473134 0.007211012
0.998176217 0.035523579 0.048808407 0.006098265 -0.038327135 0.997594595 0.057758603 -0.051065296 -0.046639208 -0.059523951 0.997136772 -0.004205942
0.997982860 0.033889722 0.053681489 0.005974124 -0.036075290 0.998536885 0.040281761 -0.088278450 -0.052237812 -0.042137083 0.997745275 -0.011530158
0.997243464 0.031580493 0.067142710 0.005124747 -0.031493135 0.999501169 -0.002359379 -0.157900602 -0.067183733 0.000238341 0.997740567 -0.027182285
0.996455193 0.030554742 0.078380466 0.003965718 -0.027491596 0.998826742 -0.039866470 -0.215125322 -0.079506621 0.037570342 0.996126056 -0.038684811
0.996441185 0.026156154 0.080130294 0.002817248 -0.021927990 0.998343110 -0.053199172 -0.238300756 -0.081389010 0.051252745 0.995363772 -0.046316177
0.996589065 0.023184726 0.079200462 0.001141397 -0.018248213 0.997878492 -0.062494189 -0.256350428 -0.080481350 0.060835756 0.994897842 -0.052627668
0.996561289 0.017016537 0.081092410 -0.000007293 -0.011576507 0.997679889 -0.067088373 -0.267177254 -0.082045875 0.065918915 0.994446158 -0.056644332
0.996299207 0.014545554 0.084713072 -0.000241769 -0.008927153 0.997757971 -0.066327743 -0.270802408 -0.085487917 0.065326028 0.994195342 -0.057650708
0.996048987 0.012082824 0.087979496 0.001223988 -0.006527694 0.997982264 -0.063157238 -0.267361611 -0.088565096 0.062333398 0.994118094 -0.062482692
0.996024370 0.011071019 0.088390276 0.001541674 -0.005903576 0.998269320 -0.058510441 -0.257637382 -0.088885069 0.057756010 0.994365990 -0.058968477
0.995048046 0.010406697 0.098848954 0.004101260 -0.005834147 0.998904288 -0.046434861 -0.222608760 -0.099223882 0.045628216 0.994018435 -0.045703940
0.993695915 0.022107296 0.109907888 0.008026081 -0.018445298 0.999243915 -0.034224689 -0.175579488 -0.110581405 0.031981647 0.993352354 -0.025777198
0.992888391 0.035345804 0.113680735 0.011022224 -0.033320989 0.999251246 -0.019663120 -0.126610234 -0.114290625 0.015735330 0.993322730 -0.007581056
0.993941545 0.040890921 0.102020346 0.015179629 -0.041129958 0.999153793 0.000239735 -0.074371725 -0.101924203 -0.004434374 0.994782269 0.005248156
0.996212125 0.040492728 0.076952882 0.019158887 -0.042455174 0.998809159 0.024038790 -0.026120450 -0.075887851 -0.027214782 0.996744871 0.010085947
0.998188019 0.030757643 0.051717229 0.018835651 -0.033490665 0.998041391 0.052836947 0.007263644 -0.049990796 -0.054473251 0.997263074 0.006294667
0.998743773 0.024819082 0.043530829 0.018967794 -0.027778083 0.997247636 0.068742447 0.018277010 -0.041704893 -0.069865294 0.996684253 0.003100338
0.999588788 0.010164086 0.026813092 0.017771566 -0.012886696 0.994555712 0.103406481 0.030702049 -0.025616081 -0.103709497 0.994277716 -0.005836096
0.999759436 -0.000512538 0.021926168 0.016620364 -0.002640836 0.989639997 0.143546715 0.033886846 -0.021772586 -0.143570080 0.989400625 -0.014901520
0.999588311 -0.005573928 0.028145596 0.016398922 0.000779894 0.985864639 0.167541891 0.033787355 -0.028681614 -0.167450964 0.985463083 -0.018047154
0.998456895 -0.013239197 0.053931534 0.015562653 0.001407170 0.976886094 0.213755995 0.032264460 -0.055514924 -0.213350236 0.975397229 -0.023364052
0.997768641 -0.019218227 0.063940227 0.013502318 0.003828999 0.972571850 0.232571140 0.030564399 -0.066656068 -0.231807366 0.970475316 -0.026169717
0.997240365 -0.028246460 0.068656906 0.008529841 0.008843111 0.963402808 0.267912060 0.029706992 -0.073711827 -0.266565591 0.960993946 -0.034673925
0.996996820 -0.034419253 0.069373615 0.006872858 0.013059015 0.957697928 0.287478924 0.029169086 -0.076333784 -0.285709620 0.955271244 -0.039426044
0.996503294 -0.046191625 0.069623843 0.005331523 0.020915985 0.944664717 0.327369988 0.030018698 -0.080892935 -0.324769020 0.942327678 -0.050506830
0.996513784 -0.046689630 0.069140382 0.005509513 0.019947918 0.938043892 0.345941842 0.030607332 -0.081008606 -0.343356609 0.935705006 -0.056939870
0.996837735 -0.044421759 0.065887831 0.009379236 0.016594574 0.927245200 0.374086827 0.031366363 -0.077711768 -0.371810466 0.925050199 -0.067466833
0.997071445 -0.043356348 0.062997803 0.012630745 0.016111173 0.924363494 0.381172538 0.030059731 -0.074759126 -0.379041314 0.922354996 -0.071224280
0.997152209 -0.044589065 0.060821965 0.021578183 0.018359996 0.925756395 0.377674460 0.025740653 -0.073146477 -0.375482202 0.923938692 -0.073899381
0.997607768 -0.044856593 0.052598365 0.030192424 0.022775099 0.931674302 0.362580121 0.021754704 -0.065268651 -0.360514820 0.930467129 -0.072431006
0.997788787 -0.042703561 0.050931331 0.033910982 0.021852486 0.934461296 0.355393469 0.021136830 -0.062769927 -0.353494644 0.933328152 -0.070649475
0.998108089 -0.037843034 0.048457447 0.035986573 0.018526826 0.936622381 0.349850416 0.021023283 -0.058625732 -0.348290801 0.935551465 -0.068660639
0.998398781 -0.034841817 0.044564258 0.037223332 0.017322998 0.938268900 0.345472693 0.020732012 -0.053850155 -0.344147503 0.937370062 -0.066468515
0.998770773 -0.028288037 0.040702771 0.038296103 0.012611224 0.939159214 0.343250632 0.020040723 -0.047936264 -0.342315376 0.938361526 -0.064068779
0.998948038 -0.025229396 0.038292393 0.038943619 0.010507064 0.938760042 0.344411463 0.018961519 -0.044636659 -0.343646795 0.938037574 -0.061953031
0.999109924 -0.020970155 0.036600027 0.040341929 0.006888520 0.937137008 0.348893672 0.017867260 -0.041615594 -0.348331004 0.936447382 -0.059684135
0.999255538 -0.016859859 0.034700114 0.047009960 0.003394875 0.934390724 0.356233716 0.016302228 -0.038429517 -0.355850697 0.933752358 -0.054393772
0.999152005 -0.020266026 0.035839934 0.060738381 0.006041150 0.933211446 0.359276950 0.015118022 -0.040727351 -0.358755767 0.932542562 -0.048768237
0.999020994 -0.022638012 0.038006797 0.070093691 0.007405093 0.932598710 0.360839069 0.013723445 -0.043613769 -0.360204399 0.931853354 -0.045108363
0.998887479 -0.025544889 0.039638620 0.081021935 0.009447232 0.931932151 0.362509608 0.012443691 -0.046200771 -0.361731827 0.931136727 -0.041536689
0.998718143 -0.030023543 0.040750533 0.093684927 0.013104701 0.931008399 0.364762515 0.011166293 -0.048890553 -0.363760918 0.930208445 -0.038282800
0.998545349 -0.034630820 0.041326370 0.107968338 0.017132660 0.930533648 0.365805417 0.011572147 -0.051123720 -0.364565283 0.929773390 -0.036077641
0.998356164 -0.038590159 0.042376492 0.124029011 0.020364124 0.929957211 0.367103338 0.010136419 -0.053574901 -0.365636945 0.929214418 -0.033930819
0.997662485 -0.047541969 0.049084503 0.159463480 0.026562728 0.931624889 0.362449259 0.006425498 -0.062959895 -0.360298246 0.930710077 -0.029071314
0.997129500 -0.052929364 0.054141361 0.178204134 0.030229457 0.933900177 0.356253654 0.004002996 -0.069418907 -0.353594333 0.932819426 -0.026304273
0.995720983 -0.063349545 0.067279652 0.216254517 0.036529541 0.938579142 0.343125045 0.000385948 -0.084884092 -0.339199126 0.936877072 -0.021607472
0.994958222 -0.068683773 0.073080137 0.234672278 0.039732017 0.939010561 0.341585279 -0.000690118 -0.092084378 -0.336959481 0.937005222 -0.019486837
0.993286431 -0.075868197 0.087327667 0.270112008 0.040555127 0.935368478 0.351341873 0.000370995 -0.108339213 -0.345441550 0.932165623 -0.015854692
0.992208898 -0.078327067 0.096883021 0.286502123 0.038206048 0.931475997 0.361791015 0.001775054 -0.118582241 -0.355270743 0.927211404 -0.014680915
0.990677953 -0.087358192 0.104526512 0.314718634 0.041718811 0.925000310 0.377669185 0.005116166 -0.129679546 -0.369787782 0.920021832 -0.012577396
0.990538597 -0.086976454 0.106152900 0.325334847 0.040253490 0.923631191 0.381162792 0.007744549 -0.131198317 -0.373283416 0.918393433 -0.009976076
0.990697920 -0.086625382 0.104946055 0.334500223 0.040297985 0.923379540 0.381767362 0.009548544 -0.129975781 -0.373986989 0.918281019 -0.008735545
0.990991056 -0.088388294 0.100619100 0.346293420 0.044252370 0.925197840 0.376896173 0.012036918 -0.126405776 -0.369048089 0.920774162 -0.007141676
0.991277635 -0.090556726 0.095750354 0.349046886 0.048968956 0.927608192 0.370331049 0.013734795 -0.122354783 -0.362412095 0.923951745 -0.007557302
0.990937769 -0.090570182 0.099193804 0.344195753 0.047699947 0.927622974 0.370459646 0.014651008 -0.125567049 -0.362370938 0.923536777 -0.008737808
0.990801930 -0.089396134 0.101586603 0.338664472 0.045740321 0.927775741 0.370324194 0.013830974 -0.127355129 -0.362271309 0.923331022 -0.009976417
0.990820587 -0.089506522 0.101307347 0.330579787 0.046050664 0.928062737 0.369565785 0.012554218 -0.127098128 -0.361508131 0.923665524 -0.012035119
0.991049469 -0.088363804 0.100063711 0.320552826 0.045587532 0.928528011 0.368452907 0.011484067 -0.125469863 -0.360593379 0.924245477 -0.014416957
0.991431952 -0.088675067 0.095913827 0.308570594 0.047284529 0.928107917 0.369296521 0.011295473 -0.121765777 -0.361597151 0.924348772 -0.017277293
0.992687583 -0.083505601 0.087167367 0.280522078 0.045019597 0.926124156 0.374522775 0.012964159 -0.112002552 -0.367859870 0.923111320 -0.022614555
0.993709207 -0.081050389 0.077284336 0.245643780 0.046303906 0.925692141 0.375433058 0.014505859 -0.101970494 -0.369492739 0.923621774 -0.027387805
0.994946003 -0.074612200 0.067197382 0.205815196 0.044585392 0.927903116 0.370145887 0.014059030 -0.089970052 -0.365279168 0.926540077 -0.033063740
0.996257901 -0.065457977 0.056440078 0.162724197 0.040873699 0.932191789 0.359649539 0.012296813 -0.076154910 -0.355996788 0.931378961 -0.039969034
0.996671975 -0.062380068 0.052475359 0.140342653 0.039788194 0.934120715 0.354732871 0.010942422 -0.071146578 -0.351464391 0.933493912 -0.043170415
0.997373581 -0.057960924 0.043433987 0.093552083 0.038867403 0.934322119 0.354304343 0.006766684 -0.061117135 -0.351685613 0.934120953 -0.050167147
0.997833192 -0.053201586 0.038710237 0.069381721 0.035945013 0.933591545 0.356531620 0.006696107 -0.055107594 -0.354367673 0.933480978 -0.052895840
0.998187244 -0.049758401 0.033857461 0.044877708 0.034236271 0.932119668 0.360528499 0.007608625 -0.049498525 -0.358715802 0.932133496 -0.055354577
0.998541892 -0.044186033 0.031011101 0.020116387 0.029942483 0.931348741 0.362895250 0.009724890 -0.044917051 -0.361437559 0.931313753 -0.057941597
0.998776555 -0.039846666 0.029285006 -0.003598143 0.026491245 0.931200266 0.363544166 0.010916537 -0.041756228 -0.362323582 0.931116581 -0.059614848
0.999041259 -0.036825478 0.023672666 -0.051190563 0.025874032 0.932880402 0.359255791 0.014084380 -0.035313532 -0.358298838 0.932938874 -0.062841997
0.999176979 -0.034133501 0.021914937 -0.074963138 0.024082974 0.933937430 0.356624365 0.015981518 -0.032640014 -0.355803072 0.933990777 -0.064356647
0.999439955 -0.029149283 0.016435200 -0.121910453 0.021482699 0.935469270 0.352754593 0.018728636 -0.025657168 -0.352203965 0.935571551 -0.070214659
0.999576211 -0.027424762 0.009762969 -0.144534171 0.022207575 0.935218453 0.353374124 0.021276349 -0.018821711 -0.353007555 0.935431123 -0.071516484
0.999774039 -0.020605389 -0.005221003 -0.185161695 0.021094665 0.931511283 0.363100290 0.027700275 -0.002618399 -0.363128364 0.931735456 -0.073914528
0.999603331 -0.016284991 -0.022977429 -0.220156580 0.023675669 0.927751839 0.372445911 0.033934768 0.015252074 -0.372842163 0.927769423 -0.076895557
0.999381781 -0.014765657 -0.031907391 -0.235390916 0.025564712 0.928210378 0.371176392 0.036205437 0.024136111 -0.371762604 0.928014040 -0.079341136
0.998981237 -0.011279477 -0.043695159 -0.257729530 0.026252335 0.932815313 0.359397322 0.037623722 0.036705703 -0.360178262 0.932161093 -0.081446372
0.998612583 -0.009723853 -0.051752847 -0.268583059 0.027187865 0.936884522 0.348580271 0.036990132 0.045096900 -0.349503666 0.935849071 -0.083368450
0.998633146 -0.007802480 -0.051680781 -0.269085616 0.025295235 0.937429726 0.347254544 0.036267180 0.045737654 -0.348087162 0.936345756 -0.085793428
0.998974741 -0.005609673 -0.044922389 -0.261110038 0.021044185 0.936109006 0.351079851 0.035521176 0.040082812 -0.351665229 0.935267329 -0.090415321
0.999477804 -0.005977743 -0.031754211 -0.240574405 0.016789336 0.935736895 0.352298975 0.033675216 0.027607635 -0.352648139 0.935348630 -0.092812479
0.999834776 -0.005469750 -0.017333407 -0.209187195 0.011156975 0.937534571 0.347713143 0.030162822 0.014348765 -0.347849101 0.937440753 -0.091721617
0.999915481 -0.006024822 -0.011519075 -0.191889212 0.009627891 0.938617289 0.344825953 0.028407620 0.008734488 -0.344907731 0.938595951 -0.093365520
0.999958932 -0.007665014 -0.004840902 -0.172367811 0.008861367 0.939136982 0.343428701 0.026624709 0.001913885 -0.343457490 0.939166307 -0.092245020
0.999884665 -0.013453581 0.007047756 -0.130377218 0.010191579 0.938395739 0.345412076 0.025296051 -0.011260614 -0.345300436 0.938424647 -0.093129933
0.999810994 -0.017614322 0.008228204 -0.108462170 0.013612795 0.936439395 0.350565255 0.024793321 -0.013880183 -0.350386977 0.936502159 -0.092574462
0.999605060 -0.025258051 0.012319531 -0.062218167 0.019096410 0.932131231 0.361616850 0.024525056 -0.020617157 -0.361238778 0.932245374 -0.089630820
0.999497950 -0.027289780 0.016096886 -0.015078378 0.019550549 0.931017339 0.364450902 0.024576956 -0.024932265 -0.363953203 0.931083500 -0.084685333
0.999480963 -0.029828586 0.012165595 0.030666996 0.023409855 0.931963623 0.361795157 0.023641586 -0.022129729 -0.361322612 0.932178259 -0.079966061
0.999393880 -0.032942999 0.011252176 0.053551655 0.026605090 0.931248844 0.363411248 0.021952102 -0.022450432 -0.362891614 0.931560874 -0.076600350
0.999313176 -0.035107221 0.011859482 0.074511677 0.028364707 0.930636883 0.364843130 0.021530418 -0.023845499 -0.364256144 0.930993497 -0.073885486
0.999197602 -0.037544928 0.013945878 0.093925528 0.029823007 0.929881155 0.366649151 0.022246735 -0.026733823 -0.365939081 0.930254757 -0.070902646
0.999081135 -0.039249919 0.017213477 0.111833453 0.030123301 0.928777933 0.369410515 0.023265384 -0.030486828 -0.368552566 0.929106891 -0.067871496
0.998667657 -0.044987559 0.025278583 0.140769050 0.032314263 0.927125335 0.373355597 0.026927069 -0.040232770 -0.372041315 0.927343845 -0.061634853
0.998442709 -0.048716187 0.027183499 0.151815653 0.035057381 0.926945984 0.373553425 0.029528890 -0.043395732 -0.372018725 0.927210271 -0.057767667
0.997630894 -0.052962277 0.043904208 0.171650946 0.033300471 0.930229068 0.365465462 0.034265321 -0.060196854 -0.363137603 0.929788947 -0.048864793
0.996543288 -0.057657368 0.059808638 0.179806933 0.032824561 0.934635758 0.354088366 0.036451064 -0.076315090 -0.350901186 0.933297575 -0.042582400
0.995435774 -0.060492788 0.073812023 0.186031342 0.032220598 0.941055536 0.336713970 0.038106233 -0.089829981 -0.332798898 0.938709497 -0.036351752
0.994561613 -0.060283516 0.084929936 0.191046074 0.030309726 0.947694063 0.317737728 0.038575061 -0.099641941 -0.313435525 0.944367349 -0.030811653
0.993370414 -0.059216011 0.098532714 0.194502220 0.027518872 0.954693735 0.296315074 0.039793350 -0.111615159 -0.291639090 0.949994087 -0.026565446
0.992025614 -0.059147041 0.111296147 0.197837010 0.026369374 0.960904598 0.275621146 0.038804073 -0.123247162 -0.270488411 0.954801619 -0.022269288
0.989297628 -0.063383952 0.131425470 0.203732237 0.029033510 0.968220770 0.248406038 0.035588980 -0.142993838 -0.241931751 0.959698796 -0.014425257
0.986205578 -0.078973770 0.145470440 0.211543918 0.039639093 0.965951025 0.255670518 0.032077949 -0.160708576 -0.246377379 0.955756724 -0.005323648
0.983966887 -0.089446716 0.154299825 0.218002275 0.046203353 0.963451207 0.263869226 0.029307792 -0.172262609 -0.252509415 0.952136874 0.002180421
0.979377329 -0.108231120 0.170604929 0.231695727 0.057060085 0.958208144 0.280323565 0.024401687 -0.193814769 -0.264807820 0.944622993 0.020395864
0.977676690 -0.114873357 0.175932944 0.238731518 0.060035773 0.955135643 0.290019959 0.021968154 -0.201355398 -0.272983462 0.940710366 0.031097058
0.976705313 -0.118570402 0.178851262 0.245263517 0.060825408 0.952267468 0.299143761 0.018894602 -0.205783829 -0.281296581 0.937296748 0.042637318
0.976657748 -0.120728955 0.177663147 0.250225753 0.061547637 0.949710071 0.307022214 0.015352888 -0.205794960 -0.288920879 0.934972286 0.054395683
0.978411078 -0.125937700 0.163864046 0.253971815 0.068282984 0.945346653 0.318837255 0.006194905 -0.195061952 -0.300764769 0.933537006 0.080819577
0.980398774 -0.123391271 0.153599545 0.252533615 0.068979561 0.945226014 0.319044918 0.000463085 -0.184553638 -0.302195996 0.935209870 0.095349081
0.986007690 -0.107040070 0.127793729 0.241984457 0.063777916 0.950514019 0.304064840 -0.011793704 -0.154016852 -0.291659862 0.944040954 0.126265422
0.989088535 -0.094763316 0.112799734 0.233463511 0.057967596 0.954240382 0.293368548 -0.017295912 -0.135438636 -0.283628732 0.949321389 0.141052097
0.994262636 -0.068613462 0.082061239 0.209302619 0.043146200 0.959239721 0.279280573 -0.025755379 -0.097878806 -0.274137586 0.956696570 0.169322044
0.998330891 -0.045169435 0.035988670 0.173824996 0.033459052 0.960266173 0.277072787 -0.031902172 -0.047073927 -0.275406182 0.960174739 0.191019818
0.999507785 -0.023425860 -0.020867817 0.125327691 0.028400844 0.958212197 0.284644932 -0.032907393 0.013327744 -0.285097510 0.958405852 0.203209087
0.998772621 -0.012116902 -0.048025884 0.097817048 0.025557134 0.956642985 0.290139705 -0.031943060 0.042428032 -0.291011006 0.955778480 0.203704968
0.994713008 0.012639415 -0.101913080 0.037874799 0.018689264 0.953543603 0.300674736 -0.026343407 0.100978926 -0.300989747 0.948266029 0.193198293
0.991699040 0.027418345 -0.125623316 0.007102808 0.012214065 0.952494562 0.304310620 -0.022442454 0.127999216 -0.303318918 0.944253087 0.182556272
0.984020114 0.040122546 -0.173477978 -0.054636501 0.015359863 0.951521993 0.307196945 -0.013342442 0.177393645 -0.304952592 0.935700536 0.152132452
0.979665041 0.041222963 -0.196359485 -0.083278932 0.021678809 0.951188684 0.307847589 -0.008151026 0.199465305 -0.305844337 0.930952668 0.132550165
0.974233627 0.048547212 -0.220254496 -0.128495738 0.024202544 0.948417842 0.316097856 0.004401353 0.224238947 -0.313283861 0.922805548 0.092936054
0.973204017 0.054492708 -0.223393053 -0.156413436 0.021312874 0.945954800 0.323597461 0.021353457 0.228953421 -0.319687515 0.919445634 0.051718872
0.976711631 0.047012374 -0.209342271 -0.166358083 0.025160594 0.943870366 0.329356521 0.042945322 0.213075787 -0.326953501 0.920706332 0.000913451
0.979304850 0.038310800 -0.198731840 -0.164697275 0.031297695 0.941443205 0.335715890 0.053316921 0.199956298 -0.334988058 0.920760870 -0.018877279
0.985528290 0.012548944 -0.169045836 -0.149891704 0.048427962 0.934848011 0.351729989 0.073352084 0.162445992 -0.354826391 0.920711458 -0.056191009
0.992857993 -0.024480265 -0.116763331 -0.118636079 0.065292969 0.930632472 0.360083342 0.090400733 0.099848814 -0.365135431 0.925584316 -0.088974252
0.995360672 -0.046820100 -0.084053315 -0.099065863 0.073977172 0.930999517 0.357445449 0.096852735 0.061517961 -0.362005204 0.930143952 -0.106351860
0.995771945 -0.091197677 -0.011012094 -0.051604766 0.089468829 0.935681343 0.341314763 0.105613962 -0.020823298 -0.340856880 0.939884543 -0.127476111
0.993559599 -0.109992199 0.027222699 -0.024836531 0.094754554 0.938260078 0.332700372 0.107802652 -0.062136419 -0.327978194 0.942639589 -0.135012850
0.984336913 -0.145805463 0.099103808 0.031282190 0.106528066 0.939823568 0.324628204 0.108694404 -0.140472651 -0.308986217 0.940635383 -0.142847314
0.972072721 -0.175107211 0.156243652 0.087259412 0.115757488 0.936912715 0.329840511 0.106288724 -0.204144120 -0.302542597 0.931017280 -0.140721023
0.966584682 -0.183764562 0.178730533 0.116763592 0.116232231 0.935605109 0.333366454 0.104162216 -0.228482142 -0.301452696 0.925700903 -0.131528735
0.958478391 -0.188524678 0.213957161 0.174480259 0.109065995 0.935598850 0.335796624 0.096644677 -0.263484031 -0.298518330 0.917312920 -0.104269102
0.954688311 -0.179445773 0.237422362 0.228517741 0.096542984 0.941363752 0.323285848 0.084259681 -0.281513095 -0.285715789 0.916033208 -0.065537855
0.954632223 -0.172224849 0.242931932 0.252557069 0.090915561 0.945401251 0.312970996 0.074590772 -0.283569545 -0.276685894 0.918168426 -0.040353924
0.954744995 -0.169652998 0.244294524 0.285302699 0.094237268 0.951595306 0.292550325 0.059350632 -0.282101572 -0.256289303 0.924518526 0.006028248
0.957185388 -0.167347491 0.236201063 0.294626504 0.097875178 0.955002248 0.279984117 0.044801380 -0.272427201 -0.244878471 0.930493414 0.050601106
0.960806072 -0.161914736 0.225023046 0.289359629 0.096800357 0.956565917 0.274975240 0.038881164 -0.259771913 -0.242415562 0.934747696 0.071077362
0.972487450 -0.138688952 0.187172636 0.260629356 0.086248122 0.960727096 0.263751239 0.026791852 -0.216401204 -0.240351468 0.946256697 0.112576000
0.979233325 -0.120472245 0.163059995 0.235635638 0.075735025 0.963440597 0.256994963 0.023613343 -0.188059375 -0.239308670 0.952557087 0.127362058
0.992031217 -0.080728069 0.096731752 0.169837654 0.054671228 0.967528880 0.246777087 0.020577677 -0.113512605 -0.239522129 0.964232385 0.146151364
0.998974085 -0.040526781 0.020208418 0.090332374 0.034227040 0.967881799 0.249064863 0.024418730 -0.029653158 -0.248117656 0.968275964 0.147226080
0.999595761 -0.023535471 -0.015951037 0.051527943 0.026814368 0.966910183 0.253704011 0.026489532 0.009452178 -0.254029155 0.967150390 0.151329011
0.996362209 0.002438340 -0.085184723 -0.020590281 0.020241080 0.964214563 0.264349371 0.033698164 0.082780927 -0.265111953 0.960657597 0.137980297
0.993420780 0.014369080 -0.113616452 -0.050111458 0.016928328 0.962773919 0.269777238 0.038721990 0.113263413 -0.269925654 0.956196427 0.127579853
0.988232195 0.031317018 -0.149720818 -0.089754216 0.011532887 0.960775435 0.277087718 0.050021630 0.152525634 -0.275553733 0.949108064 0.111501209
0.985545337 0.038471878 -0.164985880 -0.107244812 0.010080816 0.958830297 0.283800751 0.062450245 0.169111803 -0.281361669 0.944582880 0.071945377
0.984803677 0.042622283 -0.168359935 -0.103961527 0.007965181 0.957312167 0.288946271 0.068366580 0.173488557 -0.285896361 0.942425072 0.058386780
0.986313343 0.044174828 -0.158853903 -0.078760386 0.005280001 0.954485416 0.298210919 0.082081102 0.164797142 -0.294968188 0.941188455 0.033873063
0.991485536 0.037566587 -0.124680176 -0.033139739 0.001811421 0.953410447 0.301670820 0.095792830 0.130204126 -0.299328119 0.945224643 0.003100553
0.994849682 0.030865319 -0.096547879 -0.007606889 -0.000351110 0.953553677 0.301222980 0.102505371 0.101360925 -0.299637675 0.948653400 -0.007561465
0.999266744 0.009833155 -0.037003793 0.050477229 0.001807847 0.953263700 0.302134216 0.115559503 0.038245305 -0.301979601 0.952546954 -0.030636689
0.999967396 -0.003731014 -0.007165546 0.077889509 0.005734615 0.952562094 0.304290295 0.122351728 0.005690316 -0.304321468 0.952552378 -0.041333746
0.998171389 -0.032175574 0.051171955 0.121319994 0.014592833 0.949788809 0.312551230 0.135831162 -0.058659066 -0.311232954 0.948521554 -0.071658500
0.996132910 -0.046618350 0.074470796 0.135656133 0.020636588 0.948054135 0.317438990 0.142065033 -0.085400827 -0.314674586 0.945349991 -0.086336106
0.992569327 -0.068391867 0.100641064 0.144460425 0.032655530 0.946474016 0.321123838 0.150942847 -0.117216416 -0.315451205 0.941674471 -0.116962597
0.991517723 -0.076876901 0.104797587 0.137645528 0.039619483 0.946712375 0.319634199 0.153587073 -0.123785660 -0.312770963 0.941727936 -0.133933827
0.990324020 -0.085581586 0.109243698 0.109245032 0.047538266 0.948783398 0.312330127 0.155471593 -0.130378321 -0.304114759 0.943671405 -0.171229914
0.990281284 -0.083412126 0.111289658 0.090511464 0.045550358 0.950573146 0.307141453 0.155948251 -0.131408274 -0.299087137 0.945134282 -0.191897199
0.991400599 -0.071922898 0.109325133 0.050503176 0.036653083 0.954599440 0.295628965 0.157379121 -0.125624210 -0.289079607 0.949026644 -0.230346978
0.992142141 -0.064657956 0.107113652 0.032210663 0.030882690 0.956182599 0.291137546 0.158639118 -0.121244572 -0.285541862 0.950665891 -0.247356668
0.992347836 -0.060593791 0.107583150 0.016322149 0.026786529 0.956201792 0.291480064 0.160547525 -0.120533079 -0.286367834 0.950507879 -0.261115730
0.992521107 -0.059172265 0.106773347 0.001856709 0.025358582 0.955525637 0.293815762 0.161429435 -0.119410411 -0.288910717 0.949879885 -0.272033036
0.993301392 -0.052042611 0.103169501 -0.016506713 0.019302340 0.955021203 0.295908719 0.163045704 -0.113928914 -0.291935116 0.949628413 -0.280789465
0.993644655 -0.040833853 0.104894437 -0.020006273 0.009293530 0.958459198 0.285078198 0.160705537 -0.112177886 -0.282291621 0.952747405 -0.267774284
0.993595660 -0.036552794 0.106918335 -0.016702995 0.005250806 0.960144639 0.279454350 0.158084691 -0.112871900 -0.277103245 0.954187453 -0.254121125
0.993211508 -0.029911267 0.112410806 -0.003991941 -0.003211750 0.958953679 0.283544540 0.147785291 -0.116277941 -0.281980753 0.952347815 -0.212355003
0.993246019 -0.028056163 0.112584114 0.004414293 -0.006305502 0.955838323 0.293825388 0.141418412 -0.115855828 -0.292550802 0.949205697 -0.186855599
0.993888974 -0.029159907 0.106462896 0.013594097 -0.004766352 0.952240229 0.305312574 0.133425876 -0.110281140 -0.303954244 0.946282148 -0.159321427
0.994969845 -0.024567634 0.097115651 0.022479450 -0.007311501 0.949064970 0.314995646 0.124406949 -0.099907756 -0.314121246 0.944111407 -0.129983291
0.997287154 -0.010628355 0.072838075 0.039934002 -0.013408144 0.946737289 0.321727753 0.100535728 -0.072377957 -0.321831584 0.944026411 -0.068798847
0.998211682 -0.000233217 0.059777346 0.047173966 -0.018885996 0.947542667 0.319070786 0.087495841 -0.056715999 -0.319629163 0.945843816 -0.038044292
0.999267519 0.021005547 0.031986557 0.057201166 -0.029909400 0.950125635 0.310429931 0.060897917 -0.023870498 -0.311159253 0.950057983 0.023609264
0.999347806 0.032133542 0.016472958 0.059460893 -0.035639204 0.951125681 0.306740671 0.049541302 -0.005811187 -0.307127684 0.951650560 0.051850915
0.998253822 0.054753531 -0.022167370 0.056509107 -0.045701969 0.953647137 0.297436476 0.032479160 0.037425548 -0.295903981 0.954484224 0.098067328
0.997072399 0.060926747 -0.046201564 0.050562911 -0.044969711 0.955933869 0.290117562 0.027102640 0.061841555 -0.287190557 0.955875099 0.114095233
0.993072212 0.071284205 -0.093414091 0.030082576 -0.043215133 0.960819185 0.273786247 0.021893021 0.109270684 -0.267852604 0.957243383 0.129493356
0.990807295 0.076655358 -0.111467093 0.017978899 -0.044590417 0.962974787 0.265878260 0.022916839 0.127720997 -0.258463740 0.957540512 0.128778130
0.986757934 0.089745052 -0.135109663 -0.004580428 -0.053185873 0.965954185 0.253187209 0.030966433 0.153232038 -0.242648572 0.957936108 0.112617858
0.984726667 0.098797068 -0.143361568 -0.014022276 -0.060455721 0.966202617 0.250594556 0.037283130 0.163274318 -0.238100126 0.957418323 0.098557189
0.981847882 0.114859149 -0.150937274 -0.026498603 -0.073381171 0.963855028 0.256122351 0.055388011 0.174899653 -0.240397245 0.954787552 0.062300440
0.981393456 0.118412107 -0.151147082 -0.031951278 -0.075383753 0.961605430 0.263879389 0.063522778 0.176590368 -0.247575477 0.952639580 0.042565148
0.981342375 0.118449152 -0.151449382 -0.035192911 -0.073202074 0.958550036 0.275360286 0.073744707 0.177787989 -0.259136319 0.949336529 0.021801211
0.982514322 0.121969394 -0.140673608 -0.034977585 -0.073580720 0.948409021 0.308393031 0.096413888 0.171030611 -0.292649716 0.940800011 -0.015723528
0.982889414 0.127335787 -0.133094072 -0.032522053 -0.077803075 0.941946685 0.326623857 0.108172566 0.166958421 -0.310679972 0.935736537 -0.030307578
0.984445632 0.132735237 -0.115100563 -0.023343597 -0.085105091 0.933423221 0.348537207 0.129889458 0.153700709 -0.333320320 0.930200875 -0.046784654
0.985442400 0.132621631 -0.106370889 -0.016677139 -0.087310165 0.931650996 0.352708638 0.138079390 0.145877331 -0.338286817 0.929667592 -0.047710940
0.985664785 0.135151893 -0.100989409 -0.010679401 -0.091625236 0.931418657 0.352227330 0.144653991 0.141667604 -0.337924898 0.930449903 -0.043798272
0.985081017 0.135840103 -0.105654627 0.001022472 -0.093049265 0.936892331 0.337008357 0.151548177 0.144766241 -0.322149456 0.935554624 -0.022792961
0.983113050 0.134587854 -0.123995565 0.010885336 -0.090731964 0.946912229 0.308423281 0.152619243 0.158922940 -0.291964591 0.943133175 0.011213473
0.981387138 0.134663314 -0.136912659 0.015953373 -0.090072714 0.952429891 0.291142941 0.154512897 0.169605985 -0.273391843 0.946831942 0.028563458
0.977604032 0.129108697 -0.166196719 0.023911938 -0.085225157 0.964930236 0.248286709 0.160218030 0.192424223 -0.228561953 0.954322994 0.066965982
