1.000000000 0.000000000 0.000000000 0.000000000 0.000000000 1.000000000 0.000000000 0.000000041 0.000000000 0.000000000 1.000000000 0.000000119
0.999991596 -0.004063648 0.000557459 -0.002159250 0.004053454 0.999843717 0.017209079 0.050699666 -0.000627304 -0.017206676 0.999851763 0.014777881
0.999933302 -0.011479294 -0.001250330 -0.003939823 0.011507859 0.999597609 0.025927406 0.100496620 0.000952199 -0.025940064 0.999663055 0.030406050
0.999984145 -0.005544214 -0.000969232 -0.005230449 0.005575590 0.999332666 0.036098287 0.143447384 0.000768449 -0.036103122 0.999347746 0.041672237
0.999995887 0.000700673 -0.002778128 -0.007012367 -0.000546563 0.998481214 0.055090424 0.181687295 0.002812510 -0.055088680 0.998477519 0.049567323
0.999981403 0.005324155 -0.002969383 -0.008950122 -0.005044359 0.996162474 0.087378003 0.209864527 0.003423202 -0.087361403 0.996170819 0.053882975
0.999974251 0.000727918 -0.007141396 -0.009700698 0.000117343 0.993054807 0.117652453 0.214017093 0.007177439 -0.117650263 0.993029177 0.052495901
0.999919116 -0.003445286 -0.012240598 -0.010755352 0.004895513 0.992701411 0.120498843 0.186426356 0.011736106 -0.120549031 0.992637992 0.043546699
0.999929726 0.011778225 -0.001334777 -0.012203136 -0.011580731 0.994719565 0.101974830 0.131465524 0.002528811 -0.101952210 0.994786084 0.028435342
0.999605834 0.023381041 0.015539390 -0.013776132 -0.024474369 0.996931493 0.074354619 0.057985511 -0.013753220 -0.074705631 0.997110784 0.013041309
0.998856127 0.036862567 0.030455463 -0.015142540 -0.038193472 0.998286128 0.044340100 -0.020282198 -0.028768778 -0.045452584 0.998552144 -0.005809220
0.998840272 0.038509373 0.028898263 -0.019042391 -0.038989764 0.999107480 0.016248092 -0.087469034 -0.028246770 -0.017355986 0.999450266 -0.023269756
0.999161720 0.027593931 0.030238915 -0.019583380 -0.027209846 0.999544680 -0.013040427 -0.146828964 -0.030584984 0.012206700 0.999457657 -0.036017481
0.999341547 0.018979819 0.030922512 -0.018589649 -0.017514342 0.998741686 -0.046992544 -0.192742571 -0.031775512 0.046420012 0.998416483 -0.049508967
0.999275863 0.021461109 0.031419408 -0.016725644 -0.019121842 0.997152388 -0.072948553 -0.215940595 -0.032895494 0.072294928 0.996840656 -0.059860304
0.998769701 0.032361895 0.037573162 -0.014189634 -0.029682241 0.997118711 -0.069808543 -0.211059362 -0.039724041 0.068607405 0.996852577 -0.061400577
0.998541057 0.034831595 0.041262135 -0.009055219 -0.032856438 0.998325169 -0.047616512 -0.169569030 -0.042851590 0.046191312 0.998013079 -0.047306284
0.998939693 0.026614685 0.037565347 -0.003370441 -0.025712863 0.999374270 -0.024289131 -0.113925636 -0.038188290 0.023297466 0.998998940 -0.026967712
0.999127388 0.024288340 0.033977687 -0.002797308 -0.023842113 0.999624908 -0.013477125 -0.051465705 -0.034292281 0.012655265 0.999331713 -0.012064547
0.999392748 0.023433119 0.025787471 -0.000460999 -0.023307554 0.999715030 -0.005159040 0.011406534 -0.025901014 0.004554864 0.999654114 0.004535204
0.999500871 0.016747048 0.026787471 -0.000239090 -0.017235724 0.999687314 0.018117027 0.074696004 -0.026475687 -0.018569687 0.999476969 0.020789117
0.999298096 0.014117699 0.034699522 -0.000743466 -0.015854871 0.998607874 0.050308939 0.135023594 -0.033940971 -0.050823782 0.998130739 0.036842845
0.999433935 0.014616834 0.030301431 -0.002746537 -0.017082592 0.996421278 0.082781531 0.170687526 -0.028982988 -0.083252303 0.996106923 0.044098593
0.999557495 0.015967675 0.025097521 -0.006002837 -0.018436201 0.994672656 0.101421706 0.178693324 -0.023344351 -0.101839535 0.994526923 0.045395467
0.999704897 0.013891434 0.019928249 -0.009152260 -0.015763907 0.995148897 0.097108841 0.151842833 -0.018482594 -0.097394332 0.995074213 0.036531575
0.999706388 0.014614597 0.019328358 -0.013056461 -0.015935857 0.997414708 0.070071347 0.099736370 -0.018254323 -0.070358790 0.997354686 0.022211351
0.999504745 0.018392120 0.025533438 -0.014574972 -0.019565210 0.998727560 0.046480399 0.037687160 -0.024646074 -0.046956945 0.998592794 0.007561404
0.999191225 0.018806422 0.035542477 -0.013344271 -0.020049261 0.999188244 0.034940999 -0.025819136 -0.034856509 -0.035625342 0.998757184 -0.010634006
0.998988092 0.014238769 0.042661622 -0.012205774 -0.015233325 0.999617577 0.023078958 -0.088893816 -0.042316690 -0.023705481 0.998822987 -0.029472336
0.998267651 0.005230202 0.058603406 -0.008367316 -0.005262438 0.999986053 0.000395755 -0.153568104 -0.058600523 -0.000703466 0.998281240 -0.043773882
0.997624516 0.002777549 0.068830095 -0.005622511 -0.000528201 0.999465823 -0.032676395 -0.206604078 -0.068884082 0.032562416 0.997093081 -0.060225010
0.997438192 0.001779767 0.071511306 -0.002958468 0.002523966 0.998192370 -0.060047135 -0.242591187 -0.071488909 0.060073800 0.995630682 -0.073376276
0.996949494 0.009789422 0.077433050 -0.003708651 -0.004703049 0.997834980 -0.065598950 -0.243971094 -0.077907577 0.065034673 0.994837105 -0.076018661
0.996909261 0.014506226 0.077210955 -0.002907217 -0.009912621 0.998176217 -0.059548371 -0.216143951 -0.077933960 0.058598958 0.995234847 -0.068419725
0.997132361 0.015420835 0.074089557 -0.000370298 -0.011682831 0.998649478 -0.050623607 -0.170070037 -0.074770153 0.049612861 0.995965838 -0.052642133
0.997774720 0.017050479 0.064457983 0.006114003 -0.014520458 0.999113381 -0.039517459 -0.109608963 -0.065074623 0.038493562 0.997137666 -0.027371181
0.997792959 0.025836481 0.061169788 0.009557883 -0.024412377 0.999415874 -0.023915272 -0.040542308 -0.061751947 0.022369191 0.997840822 -0.005388598
0.997977257 0.022327134 0.059522152 0.013015654 -0.022631342 0.999733984 0.004441511 0.025996042 -0.059407152 -0.005779592 0.998217106 0.014623741
0.998663723 0.005506971 0.051385246 0.013147144 -0.008046417 0.998749375 0.049344521 0.086404115 -0.051049247 -0.049692053 0.997459114 0.030807871
0.998706460 -0.000499812 0.050844524 0.013282832 -0.003823033 0.996383190 0.084888048 0.137646317 -0.050703052 -0.084972627 0.995092392 0.043439336
0.998776019 0.009973714 0.048445377 0.013900241 -0.014826937 0.994788349 0.100877643 0.176077470 -0.047186773 -0.101472467 0.993718624 0.050650734
0.999246001 0.015744008 0.035490166 0.011036251 -0.019319773 0.994516909 0.102775618 0.194342673 -0.033677470 -0.103383794 0.994071245 0.051637482
0.999489903 0.018789133 0.025823724 0.007822693 -0.021360530 0.994430721 0.103205226 0.182565525 -0.023740765 -0.103704192 0.994324803 0.046705659
0.999461412 0.021612575 0.024692828 0.005839182 -0.023996057 0.994626939 0.100704737 0.141457796 -0.022383662 -0.101243027 0.994609892 0.036380820
0.999304652 0.024530012 0.028080247 0.003859596 -0.027053166 0.995268703 0.093318321 0.085915595 -0.025658291 -0.094013087 0.995240271 0.024657212
0.998500288 0.034960739 0.042129718 0.005280941 -0.038336724 0.995879233 0.082187995 0.018915948 -0.039082758 -0.083679855 0.995725989 0.011852363
0.998169065 0.035514064 0.048962232 0.006314953 -0.038352139 0.997562230 0.058298558 -0.053783018 -0.046772454 -0.060069621 0.997097790 -0.002005869
0.997514248 0.033888530 0.061780572 0.005990569 -0.035176504 0.999183357 0.019880144 -0.124417372 -0.061056413 -0.022003951 0.997891724 -0.017409176
0.996602535 0.032498855 0.075678714 0.003839103 -0.030912293 0.999279022 -0.022042586 -0.188749477 -0.076340504 0.019628292 0.996888578 -0.034632348
0.996657073 0.022778645 0.078458898 0.005844076 -0.018697958 0.998453319 -0.052358154 -0.239773586 -0.079530187 0.050716106 0.995541453 -0.053235814
0.996703982 0.013555808 0.079983786 0.004967099 -0.008313879 0.997817278 -0.065510064 -0.270824850 -0.080697238 0.064629167 0.994641185 -0.062548392
0.996223271 0.006411392 0.086591490 0.002894585 -0.000980508 0.998037219 -0.062615886 -0.265385509 -0.086822979 0.062294502 0.994274199 -0.056933232
0.995702624 0.004966012 0.092474759 0.005497389 -0.000154838 0.998649061 -0.051961552 -0.242226601 -0.092607871 0.051723938 0.994358301 -0.049223747
0.994516015 0.011983661 0.103895329 0.008278811 -0.008018088 0.999226332 -0.038502917 -0.203234226 -0.104276352 0.037458725 0.993842661 -0.036117624
0.993317902 0.029914435 0.111466251 0.011945109 -0.027084086 0.999273300 -0.026820578 -0.153952569 -0.112187572 0.023622397 0.993406236 -0.018495055
0.993710518 0.036059916 0.106014594 0.017612802 -0.035131589 0.999326348 -0.010611730 -0.099718750 -0.106325835 0.006820526 0.994307935 0.001271565
0.995401263 0.037327621 0.088221088 0.021804111 -0.038488645 0.999192894 0.011495570 -0.047992863 -0.087720782 -0.014838215 0.996034563 0.012721985
0.997478783 0.033149827 0.062746696 0.020727048 -0.035558458 0.998657465 0.037667025 -0.007303570 -0.061413806 -0.039803233 0.997318447 0.010690556
0.998915374 0.020638589 0.041738279 0.024409045 -0.023482695 0.997351229 0.068840981 0.016086636 -0.040206946 -0.069746450 0.996754169 0.013075864
0.999607801 0.009537846 0.026329437 0.018242324 -0.012201156 0.994614542 0.102922484 0.032546956 -0.025205983 -0.103203371 0.994340837 -0.001533833
0.999783099 -0.001870882 0.020743238 0.017520446 -0.001119192 0.989692330 0.143205523 0.035445351 -0.020797344 -0.143197685 0.989475548 -0.008607561
0.999117136 -0.007079434 0.041409805 0.016590888 -0.001007227 0.981378973 0.192078799 0.035541128 -0.041998520 -0.191950947 0.980505466 -0.016461633
0.997771382 -0.017028581 0.064516276 0.013676487 0.001568650 0.972606540 0.232452318 0.033855744 -0.066707283 -0.231833056 0.970465660 -0.021176344
0.997240126 -0.025312938 0.069795310 0.008386596 0.005595222 0.963033855 0.269322276 0.029981149 -0.074032590 -0.268188477 0.960517645 -0.030279741
0.996823490 -0.036559485 0.070755273 0.005718782 0.013024410 0.951284349 0.308039635 0.029718556 -0.078570157 -0.306139618 0.948738813 -0.043659359
0.996650100 -0.041975327 0.070189729 0.005364224 0.015085833 0.937869072 0.346661329 0.031033628 -0.080379993 -0.344441175 0.935360551 -0.055497665
0.997010171 -0.040069208 0.066069208 0.009106443 0.012433423 0.927090824 0.374630600 0.031655245 -0.076263301 -0.372689039 0.924817204 -0.066492274
0.997172892 -0.041055132 0.062933914 0.016745742 0.013896800 0.923855722 0.382488638 0.028607365 -0.073844977 -0.380532712 0.921814382 -0.072392799
0.997489572 -0.042371437 0.056738488 0.025440447 0.018337842 0.928462386 0.370973527 0.024382753 -0.068398230 -0.369001746 0.926908493 -0.072974354
0.997901678 -0.040121991 0.050817505 0.033804126 0.019442666 0.934327364 0.355885386 0.021821624 -0.061759010 -0.354150593 0.933146954 -0.069922864
0.998477757 -0.033399571 0.043893438 0.037137657 0.016180646 0.938168287 0.345801175 0.021367602 -0.052729044 -0.344564557 0.937280595 -0.065928444
0.998957038 -0.026165660 0.037418772 0.039553825 0.011647865 0.938436031 0.345256746 0.019684633 -0.044148993 -0.344460785 0.937762022 -0.060689390
0.999201655 -0.018185690 0.035570920 0.043772373 0.004417568 0.935219407 0.354041189 0.017937716 -0.039705098 -0.353601426 0.934553146 -0.055906259
0.999225259 -0.017473847 0.035263345 0.052830547 0.003653440 0.933342099 0.358969569 0.016230579 -0.039185345 -0.358562648 0.932682872 -0.050278801
0.999034464 -0.021725751 0.038185623 0.069691762 0.006449426 0.932277441 0.361686647 0.013906283 -0.043457504 -0.361091137 0.931517363 -0.043278378
0.998759389 -0.028957576 0.040511064 0.093475066 0.012180538 0.930886626 0.365105033 0.011995124 -0.048283763 -0.364158630 0.930084467 -0.036730520
0.998421729 -0.037308343 0.041977618 0.124025218 0.019246727 0.929495931 0.368329823 0.009392388 -0.052759800 -0.366940558 0.928747058 -0.031694811
0.997603178 -0.050018251 0.047812618 0.159787953 0.029291131 0.931290865 0.363096893 0.006699076 -0.062688924 -0.360826135 0.930523813 -0.027049890
0.996388435 -0.061623089 0.058417752 0.197648257 0.037374571 0.936033010 0.349922001 0.002275696 -0.076244220 -0.346474886 0.934955597 -0.021629751
0.994895399 -0.071779542 0.070928819 0.234982938 0.043196552 0.938156843 0.343505263 -0.000200670 -0.091199003 -0.338687897 0.936468482 -0.016212903
0.993165612 -0.079622358 0.085336648 0.270277351 0.044535220 0.934374809 0.353497326 0.000535642 -0.107882701 -0.347280920 0.931534886 -0.012558309
0.990876675 -0.089511171 0.100752905 0.301386833 0.045828987 0.926821828 0.372694254 0.003701510 -0.126740292 -0.364676654 0.922468364 -0.010963749
0.990348995 -0.091778785 0.103853166 0.325189114 0.045392346 0.922784209 0.382634044 0.007922234 -0.130951747 -0.374227107 0.918044508 -0.008949067
0.990655124 -0.090997890 0.101596259 0.340886831 0.045641642 0.923125803 0.381779552 0.011280194 -0.128527254 -0.373574853 0.918652594 -0.005786685
0.991171777 -0.092154339 0.095320717 0.347713292 0.049981151 0.925615609 0.375150144 0.013427209 -0.122802064 -0.367074013 0.922050059 -0.004014647
0.991100490 -0.095230177 0.093010888 0.347095311 0.054216620 0.926921010 0.371319264 0.014697612 -0.121574551 -0.362971991 0.923834920 -0.004565488
0.990716875 -0.093793310 0.098401524 0.338711560 0.050844662 0.926976919 0.371656567 0.014139621 -0.126074836 -0.363203257 0.923140585 -0.007367807
0.991002202 -0.092177212 0.097046465 0.320606440 0.050050978 0.927672505 0.370025218 0.011654789 -0.124135226 -0.361838520 0.923939049 -0.012354918
0.992138147 -0.087846383 0.089134306 0.294949889 0.048472047 0.926379085 0.373459876 0.012125796 -0.115379259 -0.366203249 0.923354089 -0.017841887
0.993174493 -0.084122851 0.080794901 0.263234168 0.047652494 0.924895942 0.377222478 0.013943778 -0.106459901 -0.370797634 0.922591686 -0.022743577
0.994254708 -0.080337405 0.070735022 0.225616723 0.048067186 0.925550461 0.375560760 0.013900451 -0.095640406 -0.370003045 0.924094558 -0.028039765
0.995539248 -0.073218711 0.059503105 0.184047461 0.046401761 0.929096997 0.366913736 0.012560290 -0.082149103 -0.362515986 0.928349972 -0.034821231
0.996599495 -0.064668670 0.051062699 0.139842227 0.042255804 0.933128178 0.357052207 0.010170468 -0.070738137 -0.353680372 0.932687700 -0.041758925
0.997306526 -0.058760032 0.043896809 0.092819557 0.039432131 0.934180021 0.354616344 0.008426580 -0.061844788 -0.351930261 0.933980882 -0.047273684
0.998104632 -0.050870210 0.034632593 0.043821648 0.034996457 0.932094812 0.360519886 0.008070510 -0.050620578 -0.358624518 0.932108402 -0.053418018
0.998720348 -0.041160807 0.029385487 -0.004298569 0.027645789 0.930872381 0.364297092 0.010173951 -0.042348899 -0.363018513 0.930819094 -0.057276029
0.999031425 -0.037293948 0.023354182 -0.051294174 0.026370525 0.932302415 0.360717088 0.012143441 -0.035225727 -0.359751850 0.932382822 -0.061589789
0.999322474 -0.031949524 0.018270403 -0.098347902 0.023367606 0.934306264 0.355704576 0.016187429 -0.028434742 -0.355036646 0.934419870 -0.064846687
0.999597490 -0.026977658 0.008781988 -0.143456593 0.022114046 0.934790373 0.354510784 0.020663062 -0.017773189 -0.354173899 0.935010672 -0.069254369
0.999773979 -0.020351542 -0.006150779 -0.184395760 0.021193763 0.931069434 0.364225984 0.027446765 -0.001685758 -0.364274025 0.931290269 -0.072921231
0.999592543 -0.016088575 -0.023577398 -0.219303265 0.023733877 0.927357435 0.373423129 0.033316795 0.015856830 -0.373830587 0.927361429 -0.075329453
0.999197006 -0.012744579 -0.037985142 -0.247393906 0.025846496 0.929447889 0.368047059 0.035226565 0.030614603 -0.368733287 0.929030955 -0.078567125
0.998707294 -0.011074127 -0.049609222 -0.264931917 0.027997714 0.934429705 0.355045468 0.035308551 0.042424515 -0.355975419 0.933531821 -0.080630027
0.998619318 -0.007328423 -0.052016366 -0.268745333 0.025085745 0.936542988 0.349653989 0.035114758 0.046153154 -0.350476116 0.935433805 -0.082725614
0.998955369 -0.005283077 -0.045389615 -0.260132819 0.020990230 0.935352683 0.353093237 0.034310099 0.040589876 -0.353677124 0.934486449 -0.085367247
0.999470353 -0.006004276 -0.031983003 -0.239789024 0.016954264 0.934980154 0.354294598 0.032519680 0.027776189 -0.354649186 0.934586763 -0.087491743
0.999841392 -0.005443527 -0.016958414 -0.209657848 0.011025461 0.936949909 0.349289775 0.029203700 0.013987816 -0.349421322 0.936861277 -0.090185188
0.999969304 -0.006763049 -0.003963904 -0.172976241 0.007715383 0.938571453 0.344998628 0.025767919 0.001387165 -0.345018595 0.938594818 -0.091657072
0.999901831 -0.012188192 0.006915387 -0.130564719 0.009019656 0.937434554 0.348044664 0.023927886 -0.010724758 -0.347948104 0.937452435 -0.090857446
0.999717951 -0.021532489 0.010017004 -0.085948929 0.016506644 0.933278918 0.358772963 0.023283986 -0.017073931 -0.358506411 0.933371127 -0.088631853
0.999546826 -0.025994141 0.015180821 -0.038416348 0.018644650 0.930531800 0.365736157 0.023571502 -0.023633232 -0.365287393 0.930594742 -0.085322179
0.999513626 -0.028087623 0.013551465 0.008672890 0.021222141 0.931006670 0.364384681 0.023532877 -0.022851203 -0.363919884 0.931149900 -0.081183836
0.999371171 -0.033704512 0.011012619 0.053398702 0.027391674 0.931065142 0.363823354 0.021716161 -0.022515954 -0.363292933 0.931402862 -0.074505426
0.999169171 -0.038539097 0.013256685 0.093888231 0.030970253 0.929423928 0.367711812 0.021408295 -0.026492361 -0.366995722 0.929845333 -0.069097772
0.998841166 -0.043431386 0.020735994 0.127493218 0.032572232 0.927226245 0.373082459 0.024368213 -0.035430446 -0.371974707 0.927566469 -0.062497854
0.998392522 -0.050366275 0.025992837 0.152111098 0.036985993 0.926463306 0.374563515 0.029288076 -0.042946775 -0.373000026 0.926836848 -0.055307418
0.997550130 -0.054923527 0.043325979 0.170957878 0.035318010 0.930022955 0.365800351 0.034176297 -0.060385201 -0.363374025 0.929684341 -0.048200335
0.995442927 -0.061907150 0.072532095 0.185994059 0.033972695 0.940941751 0.336859763 0.037956651 -0.089102499 -0.332860529 0.938756943 -0.035016548
0.993482053 -0.060044676 0.096891761 0.194533303 0.028611580 0.954158545 0.297930956 0.039004035 -0.110339269 -0.293216825 0.949657381 -0.024704738
0.990980506 -0.060696438 0.119472228 0.200826317 0.027603546 0.964880645 0.261234313 0.036465172 -0.131132439 -0.255580276 0.957853317 -0.016230166
0.988123178 -0.072157159 0.135668308 0.207810968 0.036159221 0.967284679 0.251103282 0.032779247 -0.149348766 -0.243215322 0.958405614 -0.008299073
0.984199286 -0.090371922 0.152265176 0.218110040 0.047332812 0.962929308 0.265568644 0.028625861 -0.170620546 -0.254165322 0.951991916 0.004146811
0.979536712 -0.110549018 0.168186694 0.231703714 0.059708793 0.957640946 0.281706661 0.024507808 -0.192204863 -0.265899807 0.944645226 0.022678116
0.976822436 -0.121226341 0.176414609 0.244953945 0.063844696 0.951662242 0.300437659 0.019029738 -0.204308093 -0.282211095 0.937344670 0.044359665
0.976802826 -0.130047575 0.170128971 0.253369361 0.071036667 0.946271181 0.315475196 0.010465790 -0.202014923 -0.296071678 0.933558524 0.069926627
0.980184257 -0.127701014 0.151430711 0.252445430 0.073529661 0.944401741 0.320466369 0.000703886 -0.183935300 -0.302981466 0.935077548 0.097467870
0.985760272 -0.111610457 0.125776589 0.242248178 0.068585634 0.949788749 0.305282354 -0.012447411 -0.153533906 -0.292308748 0.943918943 0.127311453
0.991621733 -0.085878745 0.096494585 0.222576916 0.055000678 0.956604421 0.286151946 -0.022357281 -0.116881520 -0.278447211 0.953313112 0.156682640
0.996457577 -0.059849225 0.059079736 0.193196699 0.041133136 0.959602475 0.278336436 -0.029334994 -0.073351279 -0.274920315 0.958664894 0.181797445
0.999235153 -0.038828094 0.004637247 0.150853634 0.035960522 0.959008753 0.281085461 -0.034636743 -0.015361171 -0.280703694 0.959671557 0.198040202
0.998697579 -0.015009392 -0.048762970 0.096963383 0.028627321 0.955973029 0.292054892 -0.033283908 0.042232513 -0.293070495 0.955157638 0.201511338
0.994651735 0.009701392 -0.102829263 0.038122986 0.021969480 0.952924490 0.302410752 -0.028735289 0.100922331 -0.303052455 0.947614849 0.192267925
0.987834215 0.032212317 -0.152137846 -0.025424877 0.016433116 0.951211512 0.308101654 -0.020172721 0.154639930 -0.306853473 0.939109921 0.167850196
0.979434609 0.038249586 -0.198102951 -0.082897164 0.025510196 0.950509071 0.309647828 -0.010028399 0.200142562 -0.308333427 0.929985702 0.132460117
0.974119782 0.045863345 -0.221330434 -0.128900453 0.027526950 0.947838664 0.317559600 0.003050217 0.224349886 -0.315433621 0.922045946 0.091214672
0.973103881 0.053890888 -0.223974600 -0.156232208 0.022497047 0.945373833 0.325210959 0.021739794 0.229265645 -0.321502835 0.918734550 0.047125459
0.976461470 0.048531212 -0.210161194 -0.165442258 0.024696456 0.942794144 0.332459450 0.041018352 0.214273408 -0.329824090 0.919403613 0.003354871
0.981684446 0.025752045 -0.188765675 -0.158901289 0.042006470 0.937179327 0.346309692 0.060775191 0.185825467 -0.347896188 0.918932617 -0.037534032
0.989080667 -0.005556442 -0.147270441 -0.135183722 0.058906421 0.930898011 0.360498160 0.079706140 0.135090679 -0.365236908 0.921060562 -0.074416615
0.995170057 -0.048426397 -0.085389793 -0.099028416 0.076073617 0.930212080 0.359051913 0.093915932 0.062043026 -0.363813609 0.929403186 -0.104313686
0.995471120 -0.094109148 -0.013442069 -0.050456733 0.093007565 0.934894502 0.342522800 0.103445619 -0.019667611 -0.342221797 0.939413369 -0.126725927
0.989369869 -0.130861640 0.063422844 0.003560971 0.103131808 0.938887298 0.328412086 0.107207216 -0.102523446 -0.318380088 0.942402840 -0.140614763
0.978008628 -0.164540038 0.128162786 0.060367238 0.114626326 0.937422633 0.328785121 0.104926214 -0.174241021 -0.306863844 0.935667992 -0.143097758
0.966636956 -0.185827926 0.176298082 0.117959663 0.118428573 0.934502721 0.335677385 0.101528525 -0.227129281 -0.303599417 0.925332189 -0.126719996
0.958535433 -0.190983117 0.211507216 0.175227046 0.111546755 0.934428334 0.338232100 0.093889564 -0.262234956 -0.300614536 0.916986227 -0.098568186
0.954700053 -0.182109013 0.235338241 0.229058355 0.098846778 0.940039814 0.326426774 0.080964081 -0.280672580 -0.288377255 0.915457010 -0.059877008
0.953808725 -0.175999269 0.243460774 0.271832138 0.096917495 0.947357774 0.305156082 0.065255702 -0.284351707 -0.267464906 0.920655549 -0.013101195
0.954531789 -0.176809698 0.240015417 0.294355899 0.103662916 0.951745749 0.288849473 0.049487125 -0.279505044 -0.250835299 0.926800191 0.035114218
0.959743142 -0.171936810 0.222105548 0.290509433 0.106345780 0.954318106 0.279226631 0.034620602 -0.259968698 -0.244365841 0.934185028 0.075960055
0.971441388 -0.148651779 0.184944078 0.260797143 0.095894516 0.958903432 0.267036408 0.025881350 -0.217038944 -0.241675094 0.945773363 0.112578794
0.985118568 -0.110972792 0.131249353 0.204675674 0.074633509 0.964068651 0.254953921 0.020156175 -0.154826328 -0.241364256 0.958004236 0.138786808
0.995994449 -0.068012148 0.058046646 0.130299151 0.051496275 0.967020214 0.249439418 0.017594976 -0.073097192 -0.245451093 0.966649175 0.149641752
0.999342859 -0.032536764 -0.015974557 0.052577645 0.035550784 0.965781212 0.256910086 0.023210917 0.007068903 -0.257309198 0.966303289 0.150157660
0.996337235 -0.005113178 -0.085357986 -0.020261597 0.027761471 0.963482201 0.266329318 0.031250671 0.080879115 -0.267723471 0.960095167 0.139234170
0.990696132 0.017785966 -0.134925172 -0.074214004 0.020257659 0.961105645 0.275436968 0.041627426 0.134576246 -0.275607616 0.951803386 0.115295820
0.986599088 0.030243196 -0.160336033 -0.102195755 0.016318630 0.959454775 0.281389832 0.052154224 0.162345305 -0.280235410 0.946103632 0.089008585
0.984995186 0.036971897 -0.168575078 -0.104479782 0.013712607 0.956929207 0.289997458 0.066029012 0.172036171 -0.287957728 0.942063630 0.058224156
0.986607075 0.038401801 -0.158530027 -0.080620751 0.011007135 0.954002321 0.299597055 0.079103716 0.162743092 -0.297329515 0.940802753 0.027876327
0.991697311 0.033323981 -0.124201342 -0.036333360 0.006027884 0.952731431 0.303753912 0.092362724 0.128452823 -0.301980615 0.944620371 0.001825074
0.997606754 0.018938035 -0.066499017 0.020177560 0.002070797 0.953144431 0.302508622 0.107902057 0.069112085 -0.301922351 0.950824082 -0.019445853
0.999956727 -0.006877692 -0.006260098 0.075971670 0.008461053 0.952186108 0.305401474 0.120998539 0.003860321 -0.305441231 0.952203095 -0.042680923
0.998095930 -0.034715049 0.050983757 0.120362625 0.016914632 0.948939741 0.315003604 0.134080201 -0.059315875 -0.313541442 0.947720110 -0.069619186
0.993991494 -0.062286317 0.090007506 0.142885476 0.030020125 0.945904732 0.323052734 0.145860225 -0.105260290 -0.318409652 0.942091048 -0.099964961
0.991187751 -0.083435088 0.102885701 0.136870533 0.046246082 0.945792794 0.321461171 0.151941389 -0.124129690 -0.313870281 0.941316783 -0.132878557
0.989833951 -0.092460506 0.108073175 0.108638883 0.054191358 0.947718382 0.314472884 0.154400229 -0.131499246 -0.305419296 0.943094373 -0.167873368
0.990372539 -0.085110500 0.109171510 0.069887765 0.048289105 0.951527476 0.303749382 0.154532492 -0.129731953 -0.295553267 0.946476579 -0.210855469
0.991848528 -0.071455978 0.105501264 0.031941462 0.037609898 0.955247521 0.293407083 0.156813368 -0.121745512 -0.287047505 0.950148284 -0.245195210
0.992139220 -0.069168210 0.104285680 0.001644715 0.035711490 0.955200732 0.293796390 0.160335302 -0.119935118 -0.287762731 0.950162172 -0.269790888
0.992990315 -0.061512820 0.100927472 -0.016648494 0.029117890 0.954897165 0.295505673 0.162434012 -0.114552736 -0.290495485 0.949994802 -0.278503358
0.993514299 -0.048830900 0.102688320 -0.020175152 0.017690588 0.958476424 0.284622610 0.161468387 -0.112322710 -0.280960023 0.953123868 -0.265895247
0.993341804 -0.037040155 0.109087743 -0.011960243 0.005115841 0.960152388 0.279430240 0.152833909 -0.115090989 -0.277011663 0.953948975 -0.233488441
0.993127346 -0.035043694 0.111669384 0.003686426 0.000595344 0.955621958 0.294595271 0.140241563 -0.117037423 -0.292504162 0.949075103 -0.184711754
0.994771123 -0.030990724 0.097313754 0.021004140 -0.001320202 0.948866963 0.315673530 0.123590454 -0.102120750 -0.314151406 0.943864524 -0.127782330
0.997182786 -0.017708000 0.072889917 0.038686354 -0.006740477 0.946649373 0.322194904 0.099645786 -0.074706621 -0.321778506 0.943863094 -0.066298559
0.999008954 0.008157197 0.043756377 0.052694399 -0.021589216 0.948484361 0.316087574 0.072249770 -0.038923848 -0.316718966 0.947720468 -0.005483034
0.999455452 0.029873176 0.014012300 0.059882715 -0.032738872 0.950736165 0.308267534 0.048333105 -0.004113072 -0.308558404 0.951196492 0.053706467
0.998353362 0.051805433 -0.024632692 0.057087578 -0.042093854 0.953342199 0.298942775 0.030981613 0.038970247 -0.297413617 0.953953087 0.099173293
0.995307088 0.064522631 -0.072115354 0.042289056 -0.041583449 0.958121419 0.283326894 0.022961240 0.087376259 -0.278998464 0.956308126 0.125819057
0.990843534 0.074837185 -0.112376794 0.018918807 -0.042346753 0.962584138 0.267653793 0.021833455 0.128202572 -0.260444254 0.956939340 0.131579116
0.986789763 0.087430969 -0.136388257 -0.004030691 -0.050419047 0.965801656 0.254332602 0.031211205 0.153960541 -0.244096249 0.957451403 0.112521850
0.983310044 0.104712635 -0.148783743 -0.021080852 -0.064608365 0.965444088 0.252474815 0.045698091 0.170079678 -0.238648355 0.956096172 0.082176901
0.981660545 0.115947008 -0.151323825 -0.032110691 -0.072679088 0.961450279 0.265200108 0.062710457 0.176239491 -0.249338418 0.952244699 0.043085881
0.982064664 0.118491307 -0.146658957 -0.036206208 -0.071604162 0.953960061 0.291261166 0.084453739 0.174418688 -0.275535911 0.945334911 0.001959703
0.983700275 0.117230013 -0.136348531 -0.031102287 -0.066988185 0.942599535 0.327137083 0.106974117 0.166872337 -0.312671095 0.935088456 -0.028874286
0.985127389 0.125013322 -0.117879882 -0.022526423 -0.076592155 0.933606148 0.350018770 0.127508938 0.153810397 -0.335784405 0.929296076 -0.045336537
0.986234248 0.128680930 -0.103842564 -0.009763518 -0.084417224 0.931821525 0.352962345 0.142933533 0.142182261 -0.339337438 0.929857135 -0.042713802
0.985492229 0.129768074 -0.109386005 0.002350800 -0.085902631 0.937235892 0.337949216 0.149946511 0.146375507 -0.323649764 0.934786081 -0.021925153
0.983560443 0.129958093 -0.125378355 0.011083154 -0.085124083 0.946002901 0.312781692 0.149779722 0.159256801 -0.296966970 0.941513598 0.010423186
0.979761183 0.127617180 -0.154213890 0.019689355 -0.081729874 0.958312213 0.273784399 0.153377086 0.182724640 -0.255639434 0.949347258 0.050364956
0.977015555 0.119195037 -0.176729113 0.027620450 -0.077158414 0.970586002 0.228055626 0.161833674 0.198713899 -0.209177762 0.957474530 0.087221518
0.976853251 0.112431861 -0.181980073 0.034757223 -0.077468075 0.978923976 0.188961864 0.174586803 0.199389994 -0.170490384 0.964974940 0.122379698
0.975876987 0.106867433 -0.190377250 0.040932361 -0.077411205 0.984725296 0.155960053 0.188414246 0.204136357 -0.137460500 0.969243526 0.152401403
0.973700285 0.086935543 -0.210594267 0.041427154 -0.064648397 0.991770625 0.110506117 0.196405619 0.218468130 -0.093985260 0.971307576 0.171871558
0.973767400 0.069457598 -0.216685683 0.044880979 -0.060369186 0.997007251 0.048291996 0.198767602 0.219391435 -0.033944033 0.975046277 0.189504504
0.974995911 0.054766569 -0.215368569 0.046216279 -0.055639934 0.998448849 0.002010101 0.202082962 0.215144604 0.010023251 0.976530790 0.204117715
0.977494776 0.058016554 -0.202825174 0.047591727 -0.062041305 0.997981787 -0.013536703 0.208748132 0.201630488 0.025815595 0.979121387 0.218034923
0.981144547 0.054799858 -0.185343832 0.047905289 -0.056987103 0.998353839 -0.006490306 0.214262277 0.184683055 0.016930133 0.982652307 0.227660954
0.982915699 0.055879839 -0.175368637 0.052089076 -0.055610113 0.998431683 0.006455834 0.203890368 0.175454348 0.003406728 0.984481692 0.231908873
0.982299089 0.051476374 -0.180107251 0.053019233 -0.056101598 0.998210907 -0.020678064 0.211519018 0.178720579 0.030416349 0.983429611 0.233642578
0.982523918 0.045187183 -0.180568337 0.055655543 -0.055285849 0.997152388 -0.051288970 0.212510780 0.177736551 0.060375512 0.982224286 0.235963956
0.983143508 0.039038584 -0.178619266 0.054955486 -0.049883224 0.997148335 -0.056629453 0.226305068 0.175899178 0.064584985 0.982287288 0.236594096
0.983378708 0.031937048 -0.178735539 0.054225307 -0.042338692 0.997605562 -0.054686308 0.239450797 0.176561043 0.061344780 0.982376218 0.236381650
0.983275235 0.030336376 -0.179581493 0.056815010 -0.042021785 0.997214258 -0.061627254 0.242731452 0.177211672 0.068142891 0.981810868 0.234802037
0.983118415 0.031482831 -0.180241540 0.058929749 -0.042587824 0.997403324 -0.058076501 0.230983526 0.177945092 0.064772174 0.981906354 0.237069264
0.983114779 0.029405463 -0.180611923 0.056926966 -0.040692177 0.997421920 -0.059106998 0.242854908 0.178408220 0.065458454 0.981776834 0.233543977
0.983172476 0.026356872 -0.180768326 0.054971546 -0.038054634 0.997378230 -0.061551165 0.253071159 0.178672090 0.067394480 0.981597841 0.228408650
0.983322322 0.026587699 -0.179917544 0.053142820 -0.038508434 0.997264564 -0.063091300 0.258738816 0.177747935 0.068967424 0.981656313 0.224049464
0.983500659 0.025613548 -0.179082185 0.052398514 -0.037663572 0.997225106 -0.064214505 0.264608890 0.176940501 0.069899879 0.981736243 0.218071699
0.983595073 0.025206182 -0.178620785 0.052240647 -0.037332740 0.997196019 -0.064856924 0.267926663 0.176485151 0.070461355 0.981778085 0.211375609
0.983603120 0.024625178 -0.178657383 0.052500520 -0.036720749 0.997227967 -0.064714536 0.268359810 0.176568538 0.070213854 0.981780827 0.205142796
0.983673036 0.023803897 -0.178383768 0.051440142 -0.035800874 0.997285724 -0.064339198 0.268198192 0.176368058 0.069675021 0.981855214 0.197021529
0.983234704 0.025722986 -0.180521086 0.053133786 -0.037044510 0.997533143 -0.059626937 0.235725522 0.178541973 0.065314591 0.981762052 0.236066028
0.983224392 0.024995135 -0.180679262 0.054611713 -0.036312155 0.997561574 -0.059601828 0.236605957 0.178748935 0.065162823 0.981734514 0.224816740
0.983187795 0.024347646 -0.180966839 0.056230523 -0.035620380 0.997604191 -0.059304841 0.237494677 0.179089352 0.064753905 0.981699526 0.212847680
0.983152270 0.023885770 -0.181221217 0.057734892 -0.035104543 0.997643292 -0.058953539 0.238895029 0.179385990 0.064321995 0.981673777 0.200843528
0.983112812 0.023697242 -0.181459740 0.058656912 -0.034829166 0.997685075 -0.058407523 0.239665627 0.179655567 0.063741274 0.981662333 0.188467100
0.982718706 0.024907833 -0.183421642 0.056055918 -0.036822774 0.997406423 -0.061842192 0.229060978 0.181405574 0.067527570 0.981087148 0.233925194
0.982722282 0.025040939 -0.183384374 0.057136483 -0.036935847 0.997408748 -0.061737161 0.229178444 0.181363240 0.067443945 0.981100738 0.218951717
0.982738554 0.024949942 -0.183309779 0.055893425 -0.036911756 0.997384965 -0.062134743 0.228950113 0.181280151 0.067828491 0.981089592 0.234106690
0.982767224 0.025126968 -0.183131829 0.056916732 -0.036983494 0.997414410 -0.061617728 0.228612348 0.181110069 0.067328736 0.981155455 0.219547600
0.982844949 0.025619539 -0.182645693 0.057960980 -0.037249144 0.997471154 -0.060529131 0.228400335 0.180633083 0.066294149 0.981313825 0.204608664
0.982758999 0.025920540 -0.183065385 0.056075163 -0.037844442 0.997361898 -0.061944023 0.229102790 0.180976808 0.067804053 0.981147289 0.233147904
0.982788503 0.026500683 -0.182823539 0.056339286 -0.038287986 0.997387946 -0.061247762 0.228739008 0.180722892 0.067193545 0.981236100 0.220108509
0.982825041 0.027208615 -0.182522982 0.056214780 -0.038814101 0.997424424 -0.060315315 0.228059962 0.180411786 0.066363864 0.981349826 0.207362220
0.983133674 0.026658349 -0.180935115 0.051390506 -0.037651882 0.997629523 -0.057598963 0.229994148 0.178970724 0.063440025 0.981806934 0.163874716
0.982772768 0.026083412 -0.182968155 0.055783845 -0.037959151 0.997372270 -0.061706632 0.229049072 0.180877849 0.067588910 0.981180370 0.233068004
0.982801199 0.026220270 -0.182795748 0.054954372 -0.037986532 0.997404456 -0.061166622 0.226464301 0.180717483 0.067058407 0.981246352 0.223754674
0.982880175 0.026372222 -0.182348818 0.054197624 -0.037930466 0.997465968 -0.060190745 0.223596752 0.180299371 0.066076867 0.981389821 0.215532750
0.982927918 0.026176715 -0.182119265 0.053895786 -0.037511807 0.997548461 -0.059075918 0.221734837 0.180126384 0.064898998 0.981500208 0.213440046
0.982942879 0.025740294 -0.182100937 0.053033900 -0.036986116 0.997594297 -0.058631599 0.217969120 0.180153653 0.064366721 0.981530249 0.219287306
0.982905567 0.025415389 -0.182347849 0.051340744 -0.036732659 0.997584462 -0.058957294 0.214643121 0.180408970 0.064647570 0.981464863 0.233962253
0.982789695 0.025301743 -0.182987034 0.053924114 -0.036710791 0.997568965 -0.059232377 0.212092608 0.181043506 0.064930566 0.981329322 0.246038809
0.982740223 0.025313336 -0.183250904 0.054836564 -0.036762103 0.997560084 -0.059350461 0.208792984 0.181301415 0.065062776 0.981272936 0.255294412
0.982977629 0.026645524 -0.181782961 0.053358994 -0.037303858 0.997763395 -0.055466853 0.202409044 0.179898441 0.061303884 0.981773078 0.196877107
0.982775986 0.026619785 -0.182873681 0.055625234 -0.037755229 0.997620821 -0.057681788 0.198606208 0.180903122 0.063592710 0.981442809 0.237569094
0.982846618 0.026851278 -0.182459667 0.055654552 -0.037624564 0.997730494 -0.055841599 0.196848422 0.180546150 0.061748695 0.981626272 0.216392189
0.982794702 0.026894903 -0.182732657 0.056205235 -0.037720934 0.997716308 -0.056029685 0.194615856 0.180808440 0.061958522 0.981564820 0.223398834
0.982780099 0.026987206 -0.182797596 0.056726221 -0.037860651 0.997698247 -0.056256797 0.193227187 0.180858627 0.062208895 0.981539726 0.229551926
0.982767880 0.026876988 -0.182879463 0.056481067 -0.037795123 0.997688115 -0.056479737 0.192663908 0.180938646 0.062418424 0.981511652 0.234556004
0.982711315 0.026843783 -0.183188051 0.057092916 -0.037909072 0.997644365 -0.057171430 0.193497241 0.181221843 0.063127503 0.981414080 0.237781227
0.982654810 0.027383227 -0.183411092 0.058827925 -0.038568418 0.997588873 -0.057696827 0.192914158 0.181388944 0.063769944 0.981341660 0.243661702
0.982727289 0.027599359 -0.182989955 0.059425246 -0.038567245 0.997648835 -0.056651283 0.193901211 0.180996180 0.062730178 0.981481194 0.228091449
0.982686996 0.027958753 -0.183151901 0.059869885 -0.038951460 0.997631192 -0.056699220 0.194067702 0.181132823 0.062851623 0.981448233 0.229788899
0.982730746 0.028025061 -0.182906747 0.059445411 -0.039019927 0.997623265 -0.056791954 0.194204837 0.180880427 0.062948205 0.981488585 0.230529219
0.982729912 0.027985197 -0.182917401 0.059410326 -0.038982276 0.997624040 -0.056803465 0.194663540 0.180893138 0.062953003 0.981485903 0.229629308
0.982698083 0.028252661 -0.183047101 0.059395008 -0.039271310 0.997609913 -0.056852609 0.194658756 0.181003377 0.063057452 0.981458902 0.228956789
0.982603192 0.028138369 -0.183573395 0.059236314 -0.039345853 0.997558475 -0.057697318 0.194219127 0.181501687 0.063916422 0.981311262 0.246843219
0.982588589 0.028132468 -0.183652505 0.059764784 -0.039346874 0.997557878 -0.057706948 0.194211543 0.181580558 0.063928343 0.981295884 0.247031614
0.982596934 0.028068911 -0.183617532 0.059973918 -0.039250489 0.997570932 -0.057547230 0.195242420 0.181556225 0.063752808 0.981311858 0.243191034
0.982622921 0.028023737 -0.183485433 0.060011525 -0.039179116 0.997578979 -0.057456367 0.197498873 0.181431070 0.063646741 0.981341839 0.237155512
0.982801676 0.026524691 -0.182749450 0.055734374 -0.038389206 0.997356594 -0.061693210 0.228984058 0.180629969 0.067647792 0.981221974 0.233311281
0.982759595 0.026577905 -0.182967618 0.057233848 -0.038454838 0.997355282 -0.061673477 0.227326497 0.180844560 0.067646191 0.981182575 0.241384044
0.982688725 0.026224542 -0.183398768 0.058702346 -0.038177993 0.997348607 -0.061952833 0.225222528 0.181287840 0.067882150 0.981084466 0.249657094
0.982582867 0.026255701 -0.183960781 0.059727024 -0.038306970 0.997324228 -0.062265050 0.223160490 0.181833729 0.068227552 0.980959475 0.257542461
0.982534409 0.026112523 -0.184239775 0.060066212 -0.038251374 0.997302771 -0.062642284 0.221766666 0.182107091 0.068595625 0.980883121 0.264513880
0.982490599 0.026067488 -0.184479654 0.059722185 -0.038274594 0.997284293 -0.062921487 0.220659345 0.182338446 0.068880655 0.980820119 0.270361781
0.982449055 0.026172679 -0.184685856 0.059937000 -0.038449567 0.997259378 -0.063208908 0.219655231 0.182525367 0.069200620 0.980762839 0.276589960
0.982464969 0.026254883 -0.184589416 0.059593711 -0.038595490 0.997230053 -0.063581988 0.219783589 0.182408780 0.069591388 0.980756879 0.281973302
0.982470989 0.026348693 -0.184543967 0.058962647 -0.038734809 0.997208357 -0.063836776 0.219880939 0.182346761 0.069866054 0.980748892 0.284722567
0.982449412 0.026192334 -0.184681237 0.059170432 -0.038627643 0.997198164 -0.064060412 0.219437689 0.182485908 0.070069917 0.980708480 0.287084609
0.982379019 0.026284937 -0.185042098 0.060315758 -0.038789574 0.997177482 -0.064284362 0.218124479 0.182830110 0.070329316 0.980625808 0.291040778
0.982195675 0.027707554 -0.185806334 0.067239828 -0.039280698 0.997491002 -0.058896255 0.190524429 0.183708280 0.065146245 0.980819702 0.271449864
0.982211411 0.027801443 -0.185709000 0.067665152 -0.039376553 0.997484982 -0.058934022 0.190298751 0.183603495 0.065198250 0.980835855 0.272767663
0.982185304 0.027818138 -0.185844436 0.067728370 -0.039392754 0.997487426 -0.058881197 0.190034941 0.183739528 0.065153167 0.980813384 0.272499144
0.982195616 0.027780071 -0.185795844 0.067600824 -0.039365165 0.997484028 -0.058957815 0.190261245 0.183690518 0.065221988 0.980817974 0.271222502
0.982201636 0.027857168 -0.185752481 0.067370676 -0.039444644 0.997479558 -0.058979768 0.190966442 0.183641285 0.065256961 0.980824888 0.270316005
0.982373118 0.026584890 -0.185030580 0.060776304 -0.039119724 0.997155368 -0.064426646 0.218517080 0.182791471 0.070529357 0.980618656 0.290218711
0.982248425 0.027931476 -0.185493410 0.066352494 -0.039494559 0.997480154 -0.058936741 0.192859143 0.183379799 0.065216504 0.980876446 0.264426887
0.982397139 0.026583493 -0.184903249 0.059676737 -0.039077669 0.997167885 -0.064258397 0.220607698 0.182671383 0.070352852 0.980653703 0.282436460
0.982425332 0.026393922 -0.184780598 0.057421345 -0.038853861 0.997184396 -0.064137734 0.224032149 0.182567477 0.070189975 0.980684698 0.273662865
