0.984176755 -0.066935852 0.164060041 -19.126047134 0.069673181 0.997509420 -0.010981243 -22.542566299 -0.162916407 0.022238068 0.986389220 -9.437052727
0.984183311 -0.067016445 0.163987949 -19.126028061 0.069734357 0.997506380 -0.010866974 -22.542604446 -0.162850752 0.022130687 0.986402512 -9.437091827
0.984164357 -0.066937089 0.164133966 -19.126504898 0.069660500 0.997511327 -0.010886720 -22.542932510 -0.162996769 0.022147976 0.986377954 -9.436657906
0.984163046 -0.067153096 0.164053649 -19.126260757 0.069889978 0.997494459 -0.010961568 -22.542852402 -0.162906498 0.022253675 0.986390531 -9.436615944
0.984161496 -0.066997893 0.164126173 -19.126070023 0.069725744 0.997506559 -0.010909612 -22.542400360 -0.162985995 0.022180639 0.986379027 -9.437037468
0.984130383 -0.066849001 0.164373398 -19.126308441 0.069568045 0.997518361 -0.010834564 -22.542593002 -0.163241208 0.022097759 0.986338675 -9.436633110
0.984134734 -0.067110658 0.164240658 -19.126291275 0.069854841 0.997496724 -0.010983398 -22.542512894 -0.163092405 0.022282148 0.986359179 -9.435857773
0.984160483 -0.067000918 0.164131105 -19.126321793 0.069728710 0.997506320 -0.010908365 -22.542524338 -0.162990957 0.022180233 0.986378193 -9.436757088
0.984155297 -0.066968419 0.164175481 -19.126205444 0.069698386 0.997508347 -0.010918056 -22.542577744 -0.163035244 0.022187829 0.986370742 -9.437149048
0.984198034 -0.066739261 0.164012492 -19.126197815 0.069439992 0.997527838 -0.010782339 -22.542507172 -0.162887424 0.022000983 0.986399353 -9.437066078
0.984134197 -0.067294240 0.164168566 -19.126449585 0.070030198 0.997484982 -0.010928508 -22.542612076 -0.163020253 0.022251874 0.986371756 -9.436019897
0.984130085 -0.067228064 0.164220333 -19.126708984 0.069969296 0.997488976 -0.010958722 -22.542669296 -0.163071245 0.022275189 0.986362815 -9.435442924
0.984162629 -0.067401141 0.163954377 -19.125808716 0.070077658 0.997485340 -0.010589246 -22.542222977 -0.162828356 0.021911081 0.986411095 -9.436555862
0.984169424 -0.067797899 0.163749754 -19.125919342 0.070492610 0.997454941 -0.010695105 -22.542129517 -0.162607908 0.022068942 0.986443937 -9.435877800
0.984126329 -0.066930600 0.164364412 -19.126394272 0.069678076 0.997508883 -0.011000959 -22.542390823 -0.163218662 0.022278929 0.986338317 -9.436755180
0.984134436 -0.066853233 0.164347306 -19.126682281 0.069616817 0.997511983 -0.011107024 -22.542436600 -0.163195863 0.022372141 0.986339986 -9.435750008
0.984164059 -0.067184806 0.164034292 -19.126272202 0.069884598 0.997497320 -0.010737051 -22.542648315 -0.162902400 0.022030491 0.986396194 -9.437169075
0.984155893 -0.067115985 0.164111450 -19.126091003 0.069802381 0.997503996 -0.010651130 -22.542741776 -0.162986949 0.021937743 0.986384273 -9.437250137
0.984186709 -0.066869721 0.164027184 -19.125833511 0.069550857 0.997521520 -0.010650967 -22.542741776 -0.162908435 0.021890774 0.986398339 -9.437376976
0.984154880 -0.067350738 0.164021626 -19.126268387 0.070048980 0.997485995 -0.010715845 -22.542743683 -0.162887558 0.022035599 0.986398518 -9.436228752
0.984174669 -0.067486845 0.163846582 -19.125930786 0.070139863 0.997482359 -0.010454537 -22.542411804 -0.162728548 0.021781268 0.986430407 -9.436732292
0.984183669 -0.067684390 0.163711041 -19.125680923 0.070343323 0.997467637 -0.010492653 -22.542612076 -0.162586272 0.021842677 0.986452520 -9.435286522
0.984192848 -0.066827275 0.164007753 -19.125959396 0.069513656 0.997523725 -0.010688838 -22.542703629 -0.162887335 0.021920659 0.986401141 -9.437229156
0.984152675 -0.067001566 0.164177537 -19.126613617 0.069725499 0.997506917 -0.010878505 -22.542575836 -0.163039356 0.022153469 0.986370802 -9.436183929
0.984143078 -0.067118973 0.164187357 -19.126419067 0.069851369 0.997497678 -0.010918768 -22.542490005 -0.163043633 0.022214340 0.986368716 -9.437116623
0.984151542 -0.067062028 0.164159715 -19.125978470 0.069792546 0.997501791 -0.010915918 -22.542612076 -0.163017571 0.022200042 0.986373365 -9.436771393
0.984157145 -0.066912711 0.164186940 -19.126575470 0.069644123 0.997512043 -0.010929840 -22.542524338 -0.163047090 0.022191336 0.986368716 -9.436245918
0.984155059 -0.067043602 0.164146379 -19.126451492 0.069776103 0.997502804 -0.010931271 -22.542430878 -0.163003609 0.022211559 0.986375451 -9.436606407
0.984173059 -0.067604788 0.163807765 -19.125890732 0.070325352 0.997465014 -0.010859702 -22.542573929 -0.162658349 0.022207662 0.986432493 -9.437529564
0.984190762 -0.067711726 0.163657263 -19.125417709 0.070414335 0.997459769 -0.010762863 -22.542480469 -0.162512764 0.022116527 0.986458540 -9.438075066
0.984139323 -0.067084841 0.164223656 -19.126586914 0.069818266 0.997499943 -0.010922745 -22.542425156 -0.163080320 0.022215310 0.986362636 -9.436515808
0.984143078 -0.067018203 0.164228395 -19.126529694 0.069739215 0.997506201 -0.010852492 -22.542427063 -0.163091525 0.022133563 0.986362636 -9.436614037
0.984157443 -0.067310601 0.164022714 -19.125890732 0.070023298 0.997486830 -0.010806519 -22.542604446 -0.162883103 0.022120725 0.986397386 -9.437331200
0.984105051 -0.067767143 0.164149016 -19.126466751 0.070501715 0.997452259 -0.010884046 -22.543199539 -0.162993222 0.022283830 0.986375511 -9.433737755
0.984141231 -0.067146003 0.164187104 -19.126668930 0.069881558 0.997495353 -0.010935655 -22.542369843 -0.163041592 0.022235880 0.986368597 -9.435988426
0.984160960 -0.066962101 0.164143994 -19.126167297 0.069682501 0.997510076 -0.010865040 -22.542535782 -0.163007751 0.022130910 0.986376524 -9.437588692
0.984166324 -0.067718945 0.163800985 -19.125776291 0.070383079 0.997464657 -0.010509120 -22.542154312 -0.162674040 0.021871539 0.986437440 -9.436768532
0.984159648 -0.067713328 0.163843542 -19.125831604 0.070383199 0.997464359 -0.010538518 -22.542201996 -0.162714481 0.021903414 0.986430049 -9.436805725
0.984153748 -0.067622192 0.163916469 -19.126033783 0.070308901 0.997468531 -0.010638069 -22.542533875 -0.162782162 0.021994282 0.986416876 -9.436867714
0.984144747 -0.067397594 0.164062947 -19.126426697 0.070116892 0.997479975 -0.010833833 -22.542659760 -0.162919313 0.022165645 0.986390352 -9.437142372
0.984155357 -0.067698382 0.163875431 -19.125949860 0.070378669 0.997464061 -0.010598521 -22.542671204 -0.162742347 0.021963924 0.986424088 -9.436608315
0.984153748 -0.067687482 0.163889527 -19.125978470 0.070367947 0.997464776 -0.010598641 -22.542697906 -0.162756652 0.021963265 0.986421764 -9.436643600
0.984148324 -0.067240693 0.164105877 -19.126438141 0.069981180 0.997488022 -0.010969033 -22.542303085 -0.162956074 0.022279477 0.986381769 -9.437178612
0.984145463 -0.067354321 0.164076567 -19.126419067 0.070098698 0.997479558 -0.010987318 -22.542322159 -0.162922978 0.022314671 0.986386418 -9.437225342
0.984193325 -0.067569070 0.163700774 -19.125629425 0.070224963 0.997476101 -0.010485059 -22.542486191 -0.162579134 0.021815205 0.986454308 -9.437060356
0.984184623 -0.067705661 0.163696691 -19.125610352 0.070364758 0.997466147 -0.010493837 -22.542533875 -0.162571415 0.021846350 0.986454904 -9.437042236
0.984139979 -0.067395836 0.164092258 -19.126001358 0.070141509 0.997476518 -0.010989554 -22.542490005 -0.162937537 0.022324938 0.986383796 -9.436942101
0.984169304 -0.067773268 0.163760632 -19.125595093 0.070430875 0.997461736 -0.010470535 -22.542564392 -0.162635326 0.021838579 0.986444533 -9.437019348
0.984128356 -0.068377249 0.163755730 -19.125965118 0.071052350 0.997417033 -0.010527862 -22.542480469 -0.162612900 0.021995997 0.986444712 -9.436534882
0.984128714 -0.068383828 0.163750991 -19.126071930 0.071048826 0.997417927 -0.010466656 -22.542432785 -0.162612423 0.021934850 0.986446202 -9.436385155
0.984127343 -0.068433531 0.163738325 -19.126167297 0.071092404 0.997415245 -0.010427244 -22.542356491 -0.162601516 0.021902286 0.986448705 -9.436239243
0.984135330 -0.067782611 0.163960814 -19.126743317 0.070469275 0.997457445 -0.010618635 -22.542219162 -0.162824184 0.022004373 0.986409724 -9.435061455
0.984157920 -0.067112096 0.164101169 -19.126258850 0.069811888 0.997502446 -0.010733913 -22.542510986 -0.162970945 0.022020075 0.986385107 -9.437193871
0.984171391 -0.066968516 0.164078742 -19.126194000 0.069682732 0.997510374 -0.010836098 -22.542396545 -0.162944555 0.022098035 0.986387730 -9.437251091
0.984188735 -0.066856965 0.164020389 -19.126115799 0.069581792 0.997516513 -0.010917436 -22.542247772 -0.162883133 0.022157650 0.986396551 -9.437328339
0.984202027 -0.066898003 0.163923949 -19.126054764 0.069622532 0.997513592 -0.010925643 -22.542200089 -0.162785470 0.022165839 0.986412466 -9.437410355
0.984191895 -0.067475274 0.163748160 -19.125860214 0.070178464 0.997476280 -0.010773201 -22.541955948 -0.162607983 0.022094492 0.986443341 -9.436270714
0.984203815 -0.067552395 0.163644522 -19.125766754 0.070252500 0.997471154 -0.010762424 -22.541913986 -0.162503660 0.022088856 0.986460686 -9.436293602
0.984159768 -0.067726299 0.163837448 -19.125610352 0.070428878 0.997458994 -0.010736587 -22.541994095 -0.162693992 0.022105401 0.986428916 -9.436314583
0.984170854 -0.067339927 0.163929939 -19.125532150 0.070081562 0.997480690 -0.010992256 -22.542364120 -0.162776738 0.022306725 0.986410737 -9.437245369
0.984114766 -0.068134397 0.163938433 -19.125562668 0.070800498 0.997435570 -0.010468276 -22.542186737 -0.162804782 0.021908907 0.986415029 -9.436925888
0.984144568 -0.067863189 0.163871944 -19.125473022 0.070537664 0.997453332 -0.010550264 -22.542232513 -0.162738651 0.021942127 0.986425221 -9.436915398
0.984242558 -0.066804573 0.163718656 -19.125505447 0.069498256 0.997523904 -0.010774512 -22.542032242 -0.162593469 0.021982893 0.986448228 -9.436289787
0.984218478 -0.067525923 0.163567364 -19.125640869 0.070230961 0.997472227 -0.010805164 -22.542081833 -0.162424266 0.022122134 0.986473024 -9.436281204
0.984185338 -0.067807049 0.163650170 -19.125560760 0.070470318 0.997458458 -0.010517235 -22.542303085 -0.162521109 0.021883387 0.986462355 -9.436785698
0.984187067 -0.067952491 0.163579732 -19.125566483 0.070603438 0.997449815 -0.010440060 -22.542375565 -0.162453145 0.021824263 0.986474872 -9.436882973
0.984073699 -0.068809889 0.163902953 -19.125415802 0.071505256 0.997383952 -0.010595053 -22.542121887 -0.162745133 0.022146236 0.986419559 -9.437204361
0.983979940 -0.070520967 0.163738564 -19.125831604 0.073327839 0.997245491 -0.011154424 -22.542676926 -0.162500933 0.022982325 0.986440718 -9.438135147
0.984082758 -0.068234980 0.164088920 -19.125764847 0.070926651 0.997425258 -0.010594295 -22.542316437 -0.162943527 0.022063939 0.986388683 -9.436608315
0.984153450 -0.068236142 0.163663566 -19.125854492 0.070895538 0.997428954 -0.010456726 -22.542175293 -0.162529260 0.021894038 0.986460805 -9.436643600
0.984171271 -0.068846934 0.163300529 -19.125999451 0.071564116 0.997377455 -0.010808114 -22.542348862 -0.162128165 0.022323493 0.986517191 -9.435905457
0.984089375 -0.068332337 0.164008334 -19.125848770 0.071028225 0.997417748 -0.010622865 -22.542253494 -0.162858948 0.022103069 0.986401737 -9.436575890
0.984184861 -0.068196721 0.163491368 -19.125825882 0.070883743 0.997427702 -0.010651320 -22.542455673 -0.162344426 0.022071745 0.986487269 -9.437019348
0.984196723 -0.068607777 0.163247600 -19.125728607 0.071323037 0.997394562 -0.010823334 -22.542573929 -0.162079707 0.022295604 0.986525774 -9.437061310
0.984353304 -0.069328435 0.161994383 -19.125802994 0.072016113 0.997345328 -0.010771375 -22.542505264 -0.160817578 0.022269044 0.986732900 -9.436750412
0.984919131 -0.066260077 0.159824520 -19.126300812 0.069246031 0.997512519 -0.013180023 -22.543033600 -0.158553660 0.024048472 0.987057447 -9.436248779
0.985456228 -0.066320211 0.156453386 -19.126934052 0.068734363 0.997584224 -0.010065084 -22.543577194 -0.155407920 0.020672424 0.987634063 -9.436693192
0.985576868 -0.064015046 0.156653538 -19.127115250 0.065700859 0.997823656 -0.005601642 -22.544630051 -0.155954018 0.015813122 0.987637758 -9.436943054
0.986052573 -0.064186029 0.153559342 -19.128129959 0.065060131 0.997881114 -0.000668665 -22.547628403 -0.153191045 0.010649927 0.988139212 -9.436721802
0.986587644 -0.066144511 0.149230555 -19.129398346 0.067195505 0.997737825 -0.002006130 -22.554264069 -0.148760274 0.012006845 0.988800406 -9.439948082
0.987079620 -0.067902908 0.145130962 -19.129432678 0.069883958 0.997518122 -0.008589778 -22.563482285 -0.144187510 0.018621119 0.989375174 -9.444047928
0.987837195 -0.068533145 0.139573991 -19.130060196 0.071916096 0.997223258 -0.019334175 -22.576023102 -0.137861401 0.029136632 0.990022898 -9.448043823
0.988576710 -0.069293812 0.133845106 -19.130067825 0.074007586 0.996789217 -0.030564109 -22.591650009 -0.131297454 0.040120520 0.990530849 -9.452993393
0.989285707 -0.070214614 0.127999067 -19.129722595 0.075552642 0.996442795 -0.037330750 -22.609436035 -0.124922581 0.046601441 0.991071463 -9.459154129
0.990030468 -0.074188940 0.119731784 -19.133552551 0.079243563 0.996130168 -0.038015783 -22.634675980 -0.116448089 0.047124758 0.992078185 -9.472806931
0.990663528 -0.080084123 0.110328339 -19.133161545 0.084327228 0.995846272 -0.034337841 -22.655330658 -0.107120149 0.043320924 0.993301868 -9.480377197
0.990883350 -0.087426603 0.102502413 -19.132556915 0.090693474 0.995495021 -0.027647186 -22.676313400 -0.099623539 0.036691438 0.994348466 -9.488222122
0.990966678 -0.096404523 0.093226708 -19.132196426 0.098969921 0.994817913 -0.023286689 -22.697841644 -0.090498663 0.032302972 0.995372534 -9.495958328
0.991258383 -0.099460602 0.086685412 -19.131881714 0.101948440 0.994481742 -0.024750376 -22.721420288 -0.083745368 0.033371460 0.995928228 -9.503584862
0.992110312 -0.094612852 0.082252927 -19.130836487 0.097534508 0.994709492 -0.032250386 -22.743644714 -0.078766458 0.040018436 0.996089518 -9.509407043
0.993214786 -0.086808853 0.077385992 -19.130500793 0.090268500 0.995015204 -0.042383421 -22.766427994 -0.073320985 0.049081359 0.996099949 -9.515149117
0.994017899 -0.083877593 0.069949456 -19.130191803 0.087696403 0.994713128 -0.053433612 -22.790039062 -0.065097757 0.059248284 0.996118426 -9.521612167
0.994219661 -0.088662550 0.060549341 -19.132072449 0.092497602 0.993668139 -0.063779205 -22.818077087 -0.054511122 0.069011211 0.996125460 -9.526994705
0.993679821 -0.099339649 0.052269146 -19.131404877 0.103045151 0.991938531 -0.073754132 -22.842836380 -0.044521071 0.078674078 0.995905757 -9.534455299
0.992805302 -0.110105693 0.047056865 -19.129632950 0.113746077 0.990007222 -0.083351716 -22.866804123 -0.037409138 0.088104561 0.995408535 -9.542541504
0.992295086 -0.115213528 0.045567095 -19.126720428 0.119007245 0.988633931 -0.091871016 -22.888570786 -0.034464397 0.096585967 0.994727790 -9.550148964
0.991891384 -0.118645325 0.045549106 -19.129497528 0.122600377 0.987700224 -0.097043559 -22.907638550 -0.033475097 0.101841003 0.994237304 -9.564140320
0.991928875 -0.117880292 0.046704903 -19.126285553 0.122065045 0.987454355 -0.100169986 -22.921577454 -0.034310892 0.105062544 0.993873537 -9.570066452
0.992049515 -0.117206089 0.045830682 -19.123601913 0.121363662 0.987352848 -0.102005720 -22.930953979 -0.033295363 0.106756911 0.993727505 -9.574705124
0.992096841 -0.116105318 0.047575831 -19.120389938 0.120512307 0.987287402 -0.103635944 -22.934925079 -0.034938335 0.108550362 0.993476808 -9.578104973
0.992257953 -0.112176158 0.053297944 -19.118427277 0.117360599 0.987316966 -0.106918901 -22.935468674 -0.040628217 0.112346202 0.992838204 -9.577956200
0.992497742 -0.104541361 0.063398235 -19.113973618 0.111131161 0.987551451 -0.111319438 -22.927188873 -0.050971538 0.117529809 0.991760373 -9.575956345
0.992415547 -0.101286121 0.069659889 -19.111471176 0.108808212 0.987461925 -0.114366651 -22.914381027 -0.057202738 0.121078804 0.990993321 -9.571756363
0.992353797 -0.100231625 0.072024986 -19.109312057 0.108065851 0.987506509 -0.114684850 -22.897186279 -0.059630096 0.121591389 0.990787446 -9.565662384
0.992566288 -0.096977368 0.073535793 -19.107618332 0.104772881 0.988299072 -0.110849209 -22.878265381 -0.061925493 0.117729746 0.991113007 -9.555187225
0.992924392 -0.092151269 0.074895285 -19.104688644 0.099548310 0.989800215 -0.101910315 -22.855506897 -0.064740203 0.108644940 0.991970241 -9.547792435
0.993313491 -0.086304769 0.076680146 -19.101943970 0.092942119 0.991803408 -0.087679781 -22.831024170 -0.068484448 0.094220318 0.993193030 -9.540688515
0.993696868 -0.080382042 0.078135818 -19.099212646 0.085911296 0.993827701 -0.070184015 -22.805555344 -0.072012007 0.076454394 0.994469225 -9.533766747
0.993854880 -0.075108007 0.081309646 -19.096641541 0.079455659 0.995500922 -0.051621359 -22.781492233 -0.077066645 0.057764653 0.995351195 -9.525617599
0.994006753 -0.071187466 0.082963079 -19.094036102 0.074440837 0.996546149 -0.036800705 -22.756393433 -0.080056787 0.042755991 0.995872915 -9.519292831
0.994189203 -0.067338936 0.083983853 -19.092046738 0.069786049 0.997208655 -0.026547596 -22.732137680 -0.081961736 0.032254234 0.996113420 -9.512729645
0.994399965 -0.063862331 0.084204040 -19.090084076 0.065790795 0.997626364 -0.020327063 -22.708713531 -0.082706042 0.025753083 0.996241152 -9.506790161
0.994555056 -0.061510269 0.084123246 -19.088520050 0.063201904 0.997845650 -0.017593419 -22.686138153 -0.082859837 0.022814373 0.996300042 -9.502131462
0.994703770 -0.055740636 0.086356163 -19.086826324 0.057485182 0.998186827 -0.017846577 -22.664871216 -0.085204810 0.022716258 0.996104479 -9.497700691
0.994728208 -0.046061106 0.091619484 -19.085308075 0.047955595 0.998676598 -0.018583782 -22.645919800 -0.090642236 0.022879478 0.995620668 -9.493622780
0.994840086 -0.035341028 0.095101297 -19.084636688 0.037118975 0.999166369 -0.016991094 -22.630216599 -0.094421536 0.020433482 0.995322585 -9.490910530
0.994929254 -0.024313102 0.097594127 -19.083467484 0.025636634 0.999595284 -0.012330412 -22.619117737 -0.097254843 0.014769872 0.995149910 -9.490690231
0.995169044 -0.015103851 0.097007170 -19.083566666 0.015645426 0.999865949 -0.004824566 -22.614240646 -0.096921295 0.006318977 0.995271981 -9.491165161
0.995442688 -0.009259654 0.094910815 -19.084215164 0.008901434 0.999951601 0.004196971 -22.616525650 -0.094945088 -0.003333002 0.995476961 -9.493674278
0.995904565 -0.009309158 0.089930505 -19.084659576 0.008248990 0.999892116 0.012153238 -22.625902176 -0.090033934 -0.011361629 0.995873868 -9.498638153
0.996434093 -0.012179636 0.083491273 -19.083662033 0.010817130 0.999801159 0.016752131 -22.643596649 -0.083678700 -0.015789259 0.996367693 -9.507287025
0.996812761 -0.015612533 0.078233927 -19.083002090 0.014385140 0.999764860 0.016227877 -22.665134430 -0.078468889 -0.015050748 0.996802926 -9.515243530
0.997211337 -0.020414978 0.071782947 -19.084972382 0.019612450 0.999737203 0.011867108 -22.688432693 -0.072006345 -0.010426175 0.997349679 -9.522174835
0.997491419 -0.026234787 0.065746367 -19.080032349 0.025975961 0.999651074 0.004788634 -22.718822479 -0.065849051 -0.003068796 0.997824848 -9.525067329
0.997597158 -0.032572679 0.061146513 -19.080625534 0.032958135 0.999442637 -0.005305548 -22.745548248 -0.060939617 0.007308075 0.998114705 -9.543084145
0.997666180 -0.035550229 0.058295254 -19.080221176 0.036703624 0.999148667 -0.018835220 -22.775192261 -0.057576027 0.020930909 0.998121679 -9.551836014
0.997743428 -0.037002441 0.056026053 -19.079488754 0.038988877 0.998633921 -0.034787435 -22.805107117 -0.054662298 0.036893327 0.997823060 -9.560336113
0.997659564 -0.038128685 0.056759495 -19.075380325 0.041011576 0.997880459 -0.050524056 -22.836999893 -0.054712776 0.052733600 0.997108638 -9.561347008
0.997243166 -0.040632751 0.062089488 -19.078094482 0.044546042 0.997018933 -0.062999591 -22.864290237 -0.059344545 0.065591753 0.996080279 -9.573903084
0.996571660 -0.040309347 0.072249964 -19.078241348 0.045575485 0.996305704 -0.072786331 -22.889978409 -0.069049075 0.075829625 0.994727135 -9.578816414
0.995728254 -0.036555938 0.084787659 -19.079387665 0.043369330 0.995854080 -0.079960793 -22.912214279 -0.081513099 0.083296403 0.993185461 -9.583146095
0.994482756 -0.031983837 0.099905126 -19.081031799 0.040576965 0.995537221 -0.085200727 -22.930458069 -0.096734218 0.088784501 0.991342425 -9.586824417
0.993324339 -0.029151069 0.111610696 -19.079843521 0.039110519 0.995342553 -0.088111013 -22.945327759 -0.108522341 0.091887966 0.989838123 -9.589337349
0.993418157 -0.031566128 0.110109054 -19.081703186 0.041589171 0.995077252 -0.089953572 -22.957323074 -0.106727533 0.093940854 0.989840567 -9.591128349
0.993843496 -0.033415478 0.105634101 -19.083570480 0.043231796 0.994815648 -0.092047945 -22.965311050 -0.102010630 0.096047997 0.990135670 -9.592013359
0.994608402 -0.034847107 0.097672142 -19.085180283 0.044198815 0.994468868 -0.095279507 -22.968257904 -0.093811683 0.099082790 0.990647256 -9.592222214
0.994953036 -0.032179110 0.095042042 -19.084012985 0.041668214 0.994153917 -0.099607810 -22.966272354 -0.091281123 0.103065327 0.990477324 -9.591574669
0.994867384 -0.025620744 0.097889900 -19.084749222 0.035811350 0.993952453 -0.103807911 -22.957941055 -0.094638273 0.106780678 0.989768386 -9.587085724
0.995000362 -0.019847104 0.097879432 -19.085742950 0.030355228 0.993788362 -0.107066847 -22.944374084 -0.095146470 0.109502710 0.989422202 -9.580357552
0.995207965 -0.014985971 0.096625976 -19.086635590 0.025459711 0.993814886 -0.108091280 -22.926868439 -0.094408490 0.110033363 0.989434004 -9.572154045
0.995518863 -0.010541963 0.093973450 -19.084636688 0.020500045 0.994193017 -0.105640866 -22.908363342 -0.092314087 0.107093938 0.989954054 -9.562987328
0.995892286 -0.008347223 0.090160564 -19.085580826 0.017245572 0.995000303 -0.098371647 -22.885055542 -0.088888660 0.099522434 0.991057038 -9.553835869
0.996295154 -0.006067178 0.085785799 -19.086483002 0.013414828 0.996261895 -0.085336156 -22.860271454 -0.084947370 0.086170800 0.992652297 -9.544419289
0.996832311 -0.006444785 0.079270534 -19.091228485 0.011815827 0.997651041 -0.067474663 -22.832895279 -0.078649469 0.068197578 0.994566917 -9.534846306
0.997380078 -0.010530874 0.071568660 -19.088140488 0.013850532 0.998843253 -0.046047445 -22.809085846 -0.071000956 0.046918068 0.996372223 -9.527338028
0.997984052 -0.017573241 0.060983367 -19.090295792 0.019077122 0.999525905 -0.024166510 -22.784294128 -0.060529768 0.025281180 0.997846186 -9.519953728
0.998292029 -0.023469007 0.053500012 -19.091421127 0.023786960 0.999702930 -0.005313997 -22.761085510 -0.053359404 0.006577523 0.998553693 -9.513663292
0.998385608 -0.028252389 0.049274519 -19.092237473 0.027865157 0.999575317 0.008528149 -22.739284515 -0.049494535 -0.007141339 0.998748839 -9.507381439
0.998317063 -0.032319851 0.048150152 -19.092071533 0.031581067 0.999372721 0.016026041 -22.720277786 -0.048637904 -0.014478437 0.998711526 -9.500782013
0.998114944 -0.035359826 0.050162509 -19.092128754 0.034441981 0.999225199 0.019045539 -22.702816010 -0.050797090 -0.017281942 0.998559475 -9.494738579
0.997737408 -0.037873529 0.055549163 -19.091976166 0.036943190 0.999160945 0.017680688 -22.687644958 -0.056172181 -0.015588520 0.998299420 -9.488928795
0.997215450 -0.041455738 0.061990540 -19.092151642 0.040738299 0.999087930 0.012793387 -22.674707413 -0.062464360 -0.010232375 0.997994721 -9.483546257
0.996657312 -0.041743699 0.070225567 -19.092338562 0.041401763 0.999122620 0.006318270 -22.663446426 -0.070427701 -0.003389688 0.997511148 -9.478450775
0.996036410 -0.039614812 0.079637296 -19.091766357 0.039773181 0.999208629 -0.000402753 -22.654502869 -0.079558320 0.003568585 0.996823847 -9.474740028
0.995385170 -0.035290785 0.089235514 -19.089139938 0.035833627 0.999347687 -0.004488070 -22.647203445 -0.089018911 0.007664990 0.996000469 -9.472362518
0.994929016 -0.031710472 0.095449939 -19.084077835 0.032321263 0.999465704 -0.004859434 -22.641960144 -0.095244855 0.007919854 0.995422363 -9.472561836
0.994572043 -0.029196803 0.099870063 -19.076269150 0.029644337 0.999556005 -0.002999800 -22.638311386 -0.099738143 0.005944099 0.994995952 -9.475540161
0.993995547 -0.031204261 0.104877040 -19.065401077 0.031237304 0.999511123 0.001327899 -22.637117386 -0.104867205 0.001956151 0.994484305 -9.478340149
0.993101418 -0.037795089 0.111000381 -19.052288055 0.037310705 0.999282956 0.006438522 -22.637996674 -0.111164130 -0.002252604 0.993799508 -9.482699394
0.992041945 -0.045232102 0.117502332 -19.036920547 0.044366129 0.998965502 0.009976391 -22.640659332 -0.117832035 -0.004683874 0.993022501 -9.488154411
0.990838826 -0.051329222 0.124915123 -19.019927979 0.050432440 0.998674035 0.010332958 -22.644481659 -0.125279874 -0.003938521 0.992113650 -9.495691299
0.989475965 -0.055896930 0.133464605 -19.001605988 0.055453748 0.998436451 0.007038419 -22.648761749 -0.133649349 0.000436766 0.991028607 -9.503021240
0.988248169 -0.060657419 0.140307680 -18.982345581 0.061163522 0.998127520 0.000706298 -22.653148651 -0.140087798 0.007883714 0.990107715 -9.510973930
0.986800969 -0.065074012 0.148287535 -18.961973190 0.066873133 0.997735679 -0.007173920 -22.656820297 -0.147484928 0.016995681 0.988918245 -9.517588615
0.985122502 -0.071523882 0.156262428 -18.940464020 0.074862085 0.997072279 -0.015575402 -22.659080505 -0.154690921 0.027041811 0.987592757 -9.526415825
0.983262241 -0.079703227 0.163837746 -18.918144226 0.084710598 0.996121407 -0.023795769 -22.661325455 -0.161305681 0.037276272 0.986200273 -9.535795212
0.981229067 -0.086851776 0.172180936 -18.894044876 0.093691364 0.995087326 -0.031987250 -22.662399292 -0.168556914 0.047518685 0.984545887 -9.545422554
0.979258776 -0.093184903 0.179913372 -18.868282318 0.102056161 0.993946612 -0.040678352 -22.662374496 -0.175033689 0.058195904 0.982841015 -9.555295944
0.977278173 -0.096668929 0.188633159 -18.840223312 0.107727930 0.992959321 -0.049258757 -22.661462784 -0.182543263 0.068460569 0.980811477 -9.566140175
0.975225508 -0.098748609 0.197949335 -18.811103821 0.111862496 0.992134809 -0.056172065 -22.659564972 -0.190845504 0.076923542 0.978601456 -9.577101707
0.973277092 -0.099646911 0.206886917 -18.781244278 0.114476010 0.991553962 -0.060958866 -22.656862259 -0.199065179 0.083013460 0.976463914 -9.589051247
0.971120954 -0.095928460 0.218453199 -18.749835968 0.112397820 0.991585374 -0.064227149 -22.653165817 -0.210453779 0.086925983 0.973731518 -9.601165771
0.969183385 -0.092205614 0.228433058 -18.718099594 0.109898433 0.991752028 -0.065956421 -22.648344040 -0.220467404 0.089028306 0.971322834 -9.605381012
0.967726707 -0.091491029 0.234807119 -18.687763214 0.109451205 0.991890430 -0.064605281 -22.643716812 -0.226992115 0.088220179 0.969892681 -9.617981911
0.966192245 -0.094089188 0.240041271 -18.658077240 0.111492626 0.991955221 -0.059952401 -22.638914108 -0.232469305 0.084688373 0.968909621 -9.630741119
0.963746071 -0.098707967 0.247891590 -18.629264832 0.114851318 0.992047250 -0.051492449 -22.634267807 -0.240837440 0.078096323 0.967418373 -9.642942429
0.960057676 -0.105963595 0.258961260 -18.601806641 0.120504923 0.991870165 -0.040892415 -22.630455017 -0.252522826 0.070465185 0.965021729 -9.652869225
0.955217719 -0.114319347 0.272928983 -18.574998856 0.127223432 0.991420329 -0.029998831 -22.627208710 -0.267157882 0.063378371 0.961566329 -9.663558006
0.950019121 -0.123687036 0.286644727 -18.549369812 0.135378867 0.990565896 -0.021254005 -22.625057220 -0.281311661 0.058997341 0.957801163 -9.673645020
0.944579661 -0.131507099 0.300790846 -18.525802612 0.142901927 0.989605904 -0.016097734 -22.623901367 -0.295547426 0.058189183 0.953554273 -9.682828903
0.938682258 -0.137636751 0.316119879 -18.504520416 0.149993390 0.988573670 -0.014969250 -22.623735428 -0.310447484 0.061467260 0.948601127 -9.678333282
0.932110131 -0.139049113 0.334418952 -18.486263275 0.153532684 0.987995028 -0.017132862 -22.624429703 -0.328021944 0.067313947 0.942268789 -9.684405327
0.925748825 -0.136800572 0.352526128 -18.472909927 0.154128179 0.987818718 -0.021416353 -22.625652313 -0.345302165 0.074160375 0.935556889 -9.689189911
0.919914961 -0.132021725 0.369224489 -18.463672638 0.152398646 0.987965465 -0.026436184 -22.627365112 -0.361290872 0.080588341 0.928964138 -9.691920280
0.915176630 -0.127793089 0.382257313 -18.458774567 0.150831893 0.988079965 -0.030785685 -22.629909515 -0.373766571 0.085830927 0.923542976 -9.684572220
0.911969125 -0.124787726 0.390820146 -18.459339142 0.149597555 0.988177240 -0.033560090 -22.632328033 -0.382011712 0.089071497 0.919855058 -9.683898926
0.910130322 -0.123185210 0.395585895 -18.465023041 0.148840934 0.988252163 -0.034699418 -22.634601593 -0.386664152 0.090460368 0.917773247 -9.680183411
0.909564018 -0.122759193 0.397018254 -18.475549698 0.148441225 0.988319755 -0.034485720 -22.637500763 -0.388147533 0.090300843 0.917162597 -9.675284386
0.910312533 -0.121920854 0.395558298 -18.487497330 0.147397429 0.988474131 -0.034538850 -22.640552521 -0.386788130 0.089745417 0.917791247 -9.658025742
0.912635982 -0.119193174 0.391009629 -18.506431580 0.144394472 0.988880336 -0.035579197 -22.643716812 -0.382420957 0.088930488 0.919698656 -9.650470734
0.915941477 -0.115448415 0.384347349 -18.528188705 0.140156269 0.989445210 -0.036802821 -22.647447586 -0.376041800 0.087577917 0.922454715 -9.641756058
0.919672906 -0.114555128 0.375604659 -18.552019119 0.138111696 0.989751041 -0.036305569 -22.652070999 -0.367596120 0.085264638 0.926068604 -9.632401466
0.924016535 -0.118633233 0.363482654 -18.575384140 0.140346482 0.989524782 -0.033817153 -22.658620834 -0.355663240 0.082261115 0.930987000 -9.613667488
0.928768039 -0.124432087 0.349151284 -18.602910995 0.144329548 0.989029706 -0.031452417 -22.665447235 -0.341407269 0.079604842 0.936538398 -9.605178833
0.932582557 -0.128642067 0.337255031 -18.630559921 0.147551969 0.988570452 -0.030934049 -22.673789978 -0.329420954 0.078611195 0.940904975 -9.593592644
0.935449719 -0.128208637 0.329387844 -18.658615112 0.147163510 0.988556147 -0.033160388 -22.681652069 -0.321366906 0.079493746 0.943612218 -9.583749771
0.938287735 -0.124771416 0.322565079 -18.684843063 0.144402802 0.988805771 -0.037563525 -22.687360764 -0.314267337 0.081824690 0.945801675 -9.567786217
0.941755116 -0.122577518 0.313164592 -18.713443756 0.142791450 0.988846123 -0.042355616 -22.693832397 -0.304479718 0.084605843 0.948753893 -9.557580948
0.945652485 -0.120860949 0.301884055 -18.741228104 0.140950665 0.988966346 -0.045590121 -22.698947906 -0.293043137 0.085663170 0.952253938 -9.546891212
0.949557483 -0.119132876 0.290082574 -18.767723083 0.138383597 0.989276886 -0.046703167 -22.703424454 -0.281408131 0.084490009 0.955861330 -9.535751343
0.954039156 -0.118294641 0.275346488 -18.790616989 0.136302099 0.989545166 -0.047139339 -22.707094193 -0.266891450 0.082503073 0.960188627 -9.519579887
0.958512068 -0.116966039 0.259949237 -18.812322617 0.133805603 0.989844739 -0.047994263 -22.711814880 -0.251695663 0.080785744 0.964428842 -9.505052567
0.961976528 -0.114469253 0.247987852 -18.830448151 0.130601808 0.990195692 -0.049554482 -22.716012955 -0.239884034 0.080057904 0.967494905 -9.487686157
0.964034498 -0.111605197 0.241209045 -18.845102310 0.127936155 0.990360498 -0.053088777 -22.720655441 -0.232958928 0.082038768 0.969020009 -9.470208168
0.964783132 -0.106966883 0.240315571 -18.857524872 0.123848155 0.990706503 -0.056233697 -22.725416183 -0.232067063 0.084015958 0.969064593 -9.449389458
0.964898944 -0.103929922 0.241181567 -18.866355896 0.120891735 0.991051376 -0.056589857 -22.730842590 -0.233141944 0.083760351 0.968828678 -9.430672646
0.963953853 -0.105233721 0.244374454 -18.872856140 0.121781193 0.991109788 -0.053578734 -22.736770630 -0.236563623 0.081407636 0.968199611 -9.412296295
0.962264955 -0.110641792 0.248605177 -18.877965927 0.126472801 0.990779519 -0.048585951 -22.743177414 -0.240937278 0.078194350 0.967385590 -9.394040108
0.960356653 -0.119099885 0.252052277 -18.882680893 0.134328187 0.989958048 -0.044034824 -22.749633789 -0.244276643 0.076146856 0.966711223 -9.374774933
0.958711147 -0.125043750 0.255415380 -18.885047913 0.140218645 0.989228547 -0.042019084 -22.756906509 -0.247409955 0.076098152 0.965917885 -9.358094215
0.956762075 -0.126058251 0.262136787 -18.886056900 0.141747922 0.989021897 -0.041751660 -22.763713837 -0.253995866 0.077103749 0.964127123 -9.342959404
0.954499841 -0.126893565 0.269866824 -18.886165619 0.143468812 0.988740742 -0.042525154 -22.770532608 -0.261432171 0.079307720 0.961958170 -9.330900192
0.952825606 -0.132870078 0.272889912 -18.889312744 0.150108248 0.987725496 -0.043196246 -22.777143478 -0.263800800 0.082121506 0.961075008 -9.321483612
0.951401830 -0.142374411 0.273064375 -18.890306473 0.160177335 0.986110151 -0.043931607 -22.783149719 -0.263016820 0.085535333 0.960992157 -9.318014145
0.950068951 -0.151664212 0.272703141 -18.892591476 0.169832423 0.984483182 -0.044156633 -22.789007187 -0.261774689 0.088265680 0.961084366 -9.319138527
0.949328959 -0.160390109 0.270276785 -18.895887375 0.178396255 0.983007312 -0.043259613 -22.794767380 -0.258745670 0.089283966 0.961810291 -9.324978828
0.948781133 -0.165118575 0.269351572 -18.901550293 0.182661623 0.982310534 -0.041240472 -22.799161911 -0.257777303 0.088328376 0.962158501 -9.333352089
0.948065162 -0.161680952 0.273919255 -18.908098221 0.179103121 0.983030498 -0.039661802 -22.801555634 -0.262858421 0.086661763 0.960934520 -9.345378876
0.947620451 -0.148181394 0.282944888 -18.915946960 0.165559515 0.985452354 -0.038388625 -22.801218033 -0.273140222 0.083222054 0.958367646 -9.358099937
0.946905851 -0.132211044 0.293069214 -18.924346924 0.149318054 0.988108456 -0.036685146 -22.798089981 -0.284733981 0.078497902 0.955387175 -9.372429848
0.946485639 -0.120277494 0.299496740 -18.938346863 0.136703283 0.990013599 -0.034428880 -22.791612625 -0.292364806 0.073528618 0.953475952 -9.385650635
0.945995748 -0.111197978 0.304511219 -18.950626373 0.126377791 0.991512060 -0.030536499 -22.783195496 -0.298530966 0.067370847 0.952019155 -9.399417877
0.946323276 -0.106151164 0.305293620 -18.963531494 0.119020671 0.992606521 -0.023799025 -22.772583008 -0.300510168 0.058857821 0.951960802 -9.413036346
0.946707726 -0.103772111 0.304919481 -18.977399826 0.113138489 0.993492067 -0.013158577 -22.759309769 -0.301569581 0.046955451 0.952287257 -9.425266266
0.947517931 -0.104467839 0.302152783 -18.988832474 0.108852923 0.994055092 0.002338880 -22.745204926 -0.300600857 0.030674081 0.953256667 -9.435787201
0.948656559 -0.109448507 0.296768934 -19.000511169 0.107864499 0.993927479 0.021759409 -22.729581833 -0.297348350 0.011368625 0.954701364 -9.444072723
0.949996412 -0.114496142 0.290512502 -19.010862350 0.107025087 0.993388474 0.041532498 -22.713653564 -0.293347061 -0.008363605 0.955969453 -9.450276375
0.951040447 -0.115287408 0.286759228 -19.019556046 0.102960944 0.993007362 0.057753079 -22.697774887 -0.291412205 -0.025400518 0.956260264 -9.454790115
0.951474786 -0.113875128 0.285881430 -19.025835037 0.098403119 0.992823064 0.067964457 -22.682464600 -0.291569144 -0.036534846 0.955851793 -9.459470749
0.951972544 -0.112070762 0.284935802 -19.032703400 0.095497094 0.992861748 0.071455263 -22.668649673 -0.290909916 -0.040812910 0.955879569 -9.460399628
0.952471554 -0.110576145 0.283850074 -19.039566040 0.095189236 0.993169010 0.067485511 -22.655866623 -0.289373398 -0.037258562 0.956490874 -9.459869385
0.952307820 -0.108498901 0.285197824 -19.045183182 0.095930502 0.993713140 0.057719316 -22.644495010 -0.289667338 -0.027607385 0.956729174 -9.457846642
0.952364206 -0.108115003 0.285155445 -19.049503326 0.099379078 0.994032741 0.044974722 -22.634559631 -0.288316280 -0.014493829 0.957425535 -9.456501007
0.952031493 -0.106269158 0.286954582 -19.053642273 0.100699775 0.994330883 0.034142509 -22.625547409 -0.288956106 -0.003608482 0.957335532 -9.453188896
0.952014685 -0.104762457 0.287563652 -19.056402206 0.101258330 0.994491637 0.027075628 -22.618436813 -0.288816184 0.003341822 0.957378745 -9.449191093
0.951953113 -0.104756214 0.287769794 -19.057977676 0.101990186 0.994480431 0.024631232 -22.612945557 -0.288761675 0.005901915 0.957382798 -9.443924904
0.951692343 -0.104280703 0.288803190 -19.057981491 0.101159669 0.994536757 0.025754960 -22.609682083 -0.289911121 0.004704436 0.957042038 -9.439623833
0.951467812 -0.105919212 0.288946599 -19.057497025 0.101694807 0.994374037 0.029638631 -22.606769562 -0.290460318 0.001184165 0.956886292 -9.432627678
0.950474679 -0.109373584 0.290921479 -19.056415558 0.103879467 0.993997812 0.034312725 -22.604393005 -0.292928249 -0.002392611 0.956131458 -9.424869537
0.948802412 -0.113499038 0.294774443 -19.054525375 0.107208483 0.993530273 0.037469547 -22.602718353 -0.297120064 -0.003948878 0.954831958 -9.416419029
0.946588635 -0.117065161 0.300442547 -19.052043915 0.110599831 0.993119061 0.038500205 -22.601503372 -0.302882224 -0.003214961 0.953022540 -9.408297539
0.944722235 -0.120792083 0.304810107 -19.049140930 0.114552252 0.992676973 0.038343430 -22.599975586 -0.307209551 -0.001307214 0.951641023 -9.399266243
0.942839742 -0.125200406 0.308833361 -19.046253204 0.119137481 0.992131352 0.038492259 -22.598083496 -0.311222494 0.000501595 0.950336933 -9.390963554
0.940768242 -0.126282975 0.314654827 -19.042610168 0.120207280 0.991993308 0.038723923 -22.596067429 -0.317025661 0.001393566 0.948415935 -9.382083893
0.939203143 -0.127904654 0.318650007 -19.039987564 0.121936522 0.991783261 0.038696170 -22.594772339 -0.320981145 0.002511507 0.947082281 -9.377243996
0.938372970 -0.132071838 0.319395065 -19.037122726 0.126140401 0.991234243 0.039284844 -22.593725204 -0.321783721 0.003424782 0.946807027 -9.370862007
0.937831998 -0.136674553 0.319047391 -19.034000397 0.130987763 0.990603805 0.039322749 -22.592861176 -0.321424007 0.004913175 0.946922660 -9.365693092
0.936619043 -0.138391346 0.321858019 -19.030834198 0.132351637 0.990367413 0.040686347 -22.591501236 -0.324388355 0.004490828 0.945913315 -9.361390114
0.935684681 -0.140221596 0.323777854 -19.028779984 0.132711112 0.990119994 0.045279369 -22.589941025 -0.326928079 0.000601696 0.945049047 -9.359397888
0.934858024 -0.143525407 0.324716657 -19.026895523 0.133607015 0.989628792 0.052763775 -22.587902069 -0.328921884 -0.005942224 0.944338441 -9.356525421
0.934306741 -0.147118643 0.324695289 -19.025386810 0.134690002 0.989035368 0.060560700 -22.585941315 -0.330044746 -0.012849059 0.943877816 -9.353809357
0.933897197 -0.149172515 0.324936360 -19.024038315 0.134851664 0.988645613 0.066293545 -22.583665848 -0.331136078 -0.018093156 0.943409562 -9.350828171
0.933970809 -0.150069222 0.324311197 -19.022861481 0.135048434 0.988470018 0.068476304 -22.581436157 -0.330848098 -0.020157157 0.943468750 -9.350084305
0.934947193 -0.150659919 0.321209222 -19.022298813 0.135947347 0.988387227 0.067889601 -22.579803467 -0.327707320 -0.019805662 0.944571674 -9.348346710
0.935284734 -0.150608495 0.320249200 -19.021696091 0.137100622 0.988457799 0.064456120 -22.578666687 -0.326260448 -0.016378472 0.945138037 -9.346883774
0.935384631 -0.149967089 0.320258498 -19.021434784 0.138143256 0.988625467 0.059465114 -22.577623367 -0.325533509 -0.011381205 0.945461988 -9.345554352
0.935952544 -0.149263725 0.318925053 -19.021905899 0.139259294 0.988777936 0.054083504 -22.576612473 -0.323418766 -0.006206313 0.946235597 -9.344976425
0.935845971 -0.143877372 0.321701199 -19.022106171 0.136240110 0.989595354 0.046256036 -22.575820923 -0.325009197 0.000540078 0.945710719 -9.344543457
0.935892999 -0.141324103 0.322694659 -19.022817612 0.135517240 0.989946306 0.040513992 -22.575881958 -0.325176001 0.005813921 0.945635676 -9.344442368
0.936789751 -0.137834653 0.321599990 -19.023551941 0.132874593 0.990425587 0.037436023 -22.576030731 -0.323680848 0.007662771 0.946135283 -9.344034195
0.936737180 -0.134318173 0.323236942 -19.024179459 0.128825933 0.990922213 0.038432579 -22.575181961 -0.325464845 0.005640067 0.945537329 -9.343450546
0.999104440 0.030065736 -0.029771691 -16.491533279 -0.030136542 0.999543905 -0.001932422 -21.684442520 0.029700013 0.002827907 0.999554873 -10.256661415
0.999162376 0.027881043 -0.029952552 -16.491590500 -0.028051468 0.999592483 -0.005284633 -21.684835434 0.029793005 0.006120420 0.999537349 -10.256475449
