1.000000000 0.000000000 0.000000000 0.000000000 0.000000000 1.000000000 0.000000000 0.000000954 0.000000000 0.000000000 1.000000000 0.000000417
0.999998510 0.000959579 -0.001428275 0.023063034 -0.000960715 0.999999225 -0.000794988 0.006467730 0.001427511 0.000796359 0.999998689 -0.002464640
0.999999821 0.000324795 0.000488750 0.000250757 -0.000324165 0.999999106 -0.001288099 0.000047169 -0.000489168 0.001287941 0.999999046 0.000336109
0.999999821 -0.000551136 -0.000073950 0.000314208 0.000551102 0.999999762 -0.000456721 -0.000051741 0.000074202 0.000456680 0.999999881 0.000743309
0.999999881 0.000531233 0.000071089 0.000086500 -0.000531227 0.999999881 -0.000085382 0.000020144 -0.000071135 0.000085344 1.000000000 0.000882740
0.999999702 0.000727387 0.000091645 -0.002040650 -0.000727382 0.999999762 -0.000056805 -0.001374896 -0.000091686 0.000056738 1.000000000 0.005572190
0.999999046 0.001367000 0.000104857 0.000200156 -0.001367012 0.999999046 0.000119546 0.000269030 -0.000104694 -0.000119689 1.000000000 0.001072831
0.999999166 0.001305937 0.000110255 -0.001056362 -0.001305954 0.999999166 0.000149808 -0.000564413 -0.000110060 -0.000149952 1.000000000 0.003465096
0.999999821 0.000620637 -0.000061316 0.000016219 -0.000620630 0.999999821 0.000103002 0.000161556 0.000061380 -0.000102964 1.000000000 0.001522645
0.999999940 0.000259959 -0.000056468 0.000116962 -0.000259952 0.999999940 0.000132930 -0.000281568 0.000056503 -0.000132915 1.000000000 0.005374189
0.999999940 -0.000085744 -0.000313923 -0.000277318 0.000085746 1.000000000 0.000005169 0.000321372 0.000313923 -0.000005195 0.999999940 0.001548798
0.999999940 0.000379691 0.000005573 -0.001337920 -0.000379690 0.999999940 -0.000076322 0.000900639 -0.000005602 0.000076320 1.000000000 0.000093580
1.000000000 0.000155701 -0.000126201 -0.000404197 -0.000155651 0.999999881 0.000394125 0.000173139 0.000126262 -0.000394105 0.999999940 0.001773834
0.999999821 0.000573521 0.000290753 -0.001304057 -0.000573758 0.999999523 0.000814636 0.000773814 -0.000290286 -0.000814802 0.999999642 0.000731533
0.999999881 0.000421099 0.000319915 -0.000267941 -0.000421435 0.999999344 0.001052211 0.000451329 -0.000319472 -0.001052345 0.999999404 0.001027732
0.999999940 -0.000126492 0.000317918 -0.000528442 0.000125952 0.999998569 0.001699101 0.000343142 -0.000318132 -0.001699061 0.999998510 0.001053179
0.999999762 -0.000685146 0.000153824 -0.000615292 0.000684904 0.999998510 0.001568322 0.000049730 -0.000154898 -0.001568216 0.999998748 0.001421410
0.999999404 0.000707314 0.000854920 -0.003742120 -0.000708642 0.999998569 0.001554049 -0.001909905 -0.000853819 -0.001554654 0.999998450 0.008333478
1.000000000 0.000067508 0.000218847 -0.000500307 -0.000067794 0.999999166 0.001305458 0.000063747 -0.000218759 -0.001305473 0.999999106 0.001138059
0.999999940 0.000175031 0.000344962 -0.000867424 -0.000175391 0.999999464 0.001045544 -0.000280599 -0.000344779 -0.001045605 0.999999404 0.002838805
0.999999821 0.000368330 0.000455904 -0.000349798 -0.000368816 0.999999344 0.001065636 0.000065711 -0.000455511 -0.001065804 0.999999344 0.000910730
0.999999881 -0.000245707 0.000387141 -0.000374126 0.000245197 0.999999106 0.001314844 0.000025956 -0.000387463 -0.001314749 0.999999046 0.000553491
0.999999702 -0.000598557 0.000423763 -0.000185357 0.000597842 0.999998391 0.001687264 0.000208165 -0.000424772 -0.001687010 0.999998510 -0.000237082
0.999999702 -0.000582007 0.000482851 -0.000122112 0.000581174 0.999998331 0.001723109 0.000158339 -0.000483853 -0.001722828 0.999998391 -0.000533352
0.999999702 -0.000610488 0.000475673 -0.000174867 0.000609633 0.999998212 0.001795514 0.000097316 -0.000476768 -0.001795223 0.999998271 -0.000598076
0.999999642 -0.000530343 0.000614670 -0.000080486 0.000529250 0.999998271 0.001776555 0.000035733 -0.000615612 -0.001776229 0.999998212 -0.000800621
0.999998808 -0.001213044 0.000936220 -0.000369044 0.001210791 0.999996364 0.002402400 -0.000007790 -0.000939130 -0.002401263 0.999996662 0.000591257
0.999996543 -0.002266501 0.001349508 -0.000416324 0.002262109 0.999992192 0.003246864 -0.000167690 -0.001356856 -0.003243800 0.999993801 0.000446851
0.999996424 -0.001968391 0.001818639 -0.000395982 0.001962131 0.999992192 0.003437095 -0.000168935 -0.001825390 -0.003433514 0.999992430 0.000032057
0.999993443 -0.002246524 0.002833205 -0.000508562 0.002234890 0.999989092 0.004102613 -0.000081261 -0.002842390 -0.004096254 0.999987543 -0.000271494
0.999990582 -0.003688918 0.002293062 -0.000167765 0.003678852 0.999983668 0.004378756 -0.000365786 -0.002309177 -0.004370279 0.999987781 -0.000598508
0.999995232 -0.001710161 0.002572782 0.000132729 0.001700404 0.999991357 0.003790018 -0.000231436 -0.002579241 -0.003785625 0.999989510 -0.000938944
0.999995291 -0.001749937 0.002518310 0.000137388 0.001740277 0.999991119 0.003833019 -0.000271892 -0.002524995 -0.003828619 0.999989510 -0.000919907
0.999997675 -0.000429983 0.002125501 0.000113455 0.000423335 0.999994993 0.003127356 -0.000359939 -0.002126835 -0.003126448 0.999992847 -0.001119973
0.999959528 0.007940385 0.004230458 -0.000265690 -0.007954723 0.999962628 0.003383521 -0.000431488 -0.004203434 -0.003417036 0.999985337 -0.001173701
0.999906778 0.012057561 0.006411129 -0.000589362 -0.012070879 0.999925077 0.002042655 -0.001263612 -0.006386019 -0.002119852 0.999977350 -0.001923197
0.999928117 0.010453104 0.005873168 -0.000482462 -0.010435914 0.999941170 -0.002950081 -0.003934014 -0.005903660 0.002888577 0.999978423 -0.000030320
0.999976575 -0.006829900 -0.000501667 -0.000410576 0.006822558 0.999886811 -0.013411197 -0.007787073 0.000593207 0.013407460 0.999909937 -0.001837358
0.999157608 -0.040334202 -0.007563758 -0.000008846 0.040065341 0.998657048 -0.032846682 -0.015046475 0.008878444 0.032515965 0.999431789 -0.004965914
0.996843815 -0.078554951 -0.011470906 0.001444290 0.077774905 0.995319963 -0.057351932 -0.023032244 0.015922498 0.056278765 0.998288095 -0.008018711
0.993660927 -0.111308582 -0.015758809 0.001998024 0.109866552 0.991214275 -0.073644854 -0.030742360 0.023817658 0.071446650 0.997160017 -0.007884940
0.992227793 -0.123217560 -0.017362919 0.002934761 0.121709757 0.990045905 -0.070681646 -0.035026640 0.025899306 0.068019062 0.997347772 -0.010721245
0.993531704 -0.111832768 -0.019701798 0.002515952 0.110680938 0.992486656 -0.052153055 -0.037174031 0.025386192 0.049635101 0.998444736 -0.011186684
0.996155858 -0.084997892 -0.021186525 0.002090951 0.084373593 0.996017933 -0.028799828 -0.038003191 0.023550084 0.026901536 0.999360621 -0.012701027
0.998381138 -0.053070281 -0.020460982 0.001065946 0.052863706 0.998546422 -0.010508486 -0.039562281 0.020988930 0.009409831 0.999735415 -0.013794766
0.999431789 -0.028374603 -0.018192284 0.000868587 0.028351249 0.999596834 -0.001540385 -0.042886876 0.018228658 0.001023735 0.999833345 -0.015744770
0.999723196 -0.018065799 -0.015070587 0.000927401 0.018008098 0.999830008 -0.003955639 -0.049237177 0.015139487 0.003683152 0.999878585 -0.020618565
0.999670982 -0.020577094 -0.015312728 0.000825715 0.020385334 0.999713123 -0.012575344 -0.056205373 0.015567099 0.012259052 0.999803662 -0.023216004
0.999573529 -0.023400256 -0.017468374 0.000280138 0.023187811 0.999655843 -0.012266914 -0.064091966 0.017749410 0.011856630 0.999772191 -0.026315654
0.999618113 -0.018698039 -0.020348350 -0.000681840 0.018687306 0.999825120 -0.000717519 -0.072220460 0.020358207 0.000336989 0.999792695 -0.030149313
0.999666393 -0.011030468 -0.023353687 -0.001923843 0.011313052 0.999863982 0.012002856 -0.082361907 0.023218112 -0.012263052 0.999655187 -0.034201324
0.999679267 -0.003343736 -0.025103269 -0.003158346 0.003777892 0.999843776 0.017267361 -0.095189556 0.025041608 -0.017356660 0.999535739 -0.039457008
0.999599993 -0.005910382 -0.027657913 -0.003976996 0.006169601 0.999937773 0.009296377 -0.111301921 0.027601248 -0.009463296 0.999574244 -0.046355758
0.999380708 -0.018084839 -0.030185785 -0.005006825 0.017853931 0.999809384 -0.007901690 -0.130237803 0.030322932 0.007357862 0.999513090 -0.052877884
0.998956084 -0.030708322 -0.033818852 -0.005735345 0.029917369 0.999272525 -0.023650894 -0.149327710 0.034520525 0.022614432 0.999148071 -0.058635525
0.998556614 -0.036579039 -0.039327011 -0.006808745 0.035351913 0.998879671 -0.031458542 -0.168539628 0.040433675 0.030022852 0.998731077 -0.066133887
0.998437822 -0.033006683 -0.045083508 -0.007899119 0.031599350 0.999001563 -0.031580076 -0.186874673 0.046080850 0.030106133 0.998483956 -0.072974734
0.998293161 -0.028809914 -0.050801419 -0.009114279 0.027224379 0.999128759 -0.031631056 -0.205877200 0.051668450 0.030194029 0.998207748 -0.080873869
0.997823119 -0.034827217 -0.056000527 -0.009848080 0.032587506 0.998651147 -0.040422339 -0.226195991 0.057332788 0.038509425 0.997612119 -0.088878334
0.996891499 -0.051176079 -0.059903271 -0.010393484 0.047990985 0.997416437 -0.053453803 -0.247729227 0.062484063 0.050412826 0.996771932 -0.097024404
0.995796323 -0.064891718 -0.064643309 -0.011112707 0.060798768 0.996135175 -0.063389912 -0.268548638 0.068506956 0.059193209 0.995893061 -0.105912924
0.995030761 -0.069471717 -0.071326368 -0.012001926 0.064759716 0.995690823 -0.066377223 -0.288001150 0.075630344 0.061428308 0.995242000 -0.114717439
0.995306909 -0.059707690 -0.076152429 -0.013458257 0.054922123 0.996471941 -0.063460529 -0.306293458 0.079672843 0.058980245 0.995074630 -0.121638268
0.996048212 -0.044065200 -0.077111602 -0.014260459 0.039673105 0.997551620 -0.057591721 -0.323518038 0.079460591 0.054304875 0.995357752 -0.130299643
0.996423364 -0.036739364 -0.076096453 -0.016317211 0.032360040 0.997791708 -0.058004424 -0.340566099 0.078059457 0.055334479 0.995411873 -0.134637162
0.996474087 -0.037978500 -0.074813180 -0.016616331 0.032884330 0.997130573 -0.068185076 -0.358912051 0.077188082 0.065484479 0.994863689 -0.143236086
0.995897591 -0.050437678 -0.075126864 -0.016642176 0.044304047 0.995713830 -0.081185378 -0.378216684 0.078899659 0.077523895 0.993863642 -0.151518926
0.994036257 -0.074366666 -0.079758815 -0.016989779 0.066644333 0.993199527 -0.095463388 -0.396986365 0.086315714 0.089578591 0.992232442 -0.160414979
0.991805971 -0.094169065 -0.086331509 -0.018581269 0.085094362 0.990996242 -0.103370175 -0.413752973 0.095288478 0.095176831 0.990889251 -0.167348236
0.990854621 -0.099543251 -0.091094799 -0.018085198 0.089776687 0.990340292 -0.105670579 -0.427583754 0.100733645 0.096525989 0.990219891 -0.175232574
0.990067244 -0.103466772 -0.095191993 -0.016457235 0.092921294 0.989662588 -0.109240942 -0.438436985 0.105510764 0.099310510 0.989446759 -0.182237133
0.989966333 -0.108224757 -0.090851657 -0.014313657 0.096799918 0.987808287 -0.121920235 -0.445882469 0.102938809 0.111902498 0.988373101 -0.187513217
0.989786446 -0.115906812 -0.082996637 -0.008540691 0.103392981 0.984477818 -0.141821563 -0.454895079 0.098146424 0.131791800 0.986406744 -0.180892169
0.989473760 -0.122432336 -0.077148996 -0.006512596 0.109089911 0.981355906 -0.158240333 -0.454723179 0.095084362 0.148158476 0.984382033 -0.182243347
0.990328610 -0.118637227 -0.071934037 -0.010708276 0.105612881 0.980845749 -0.163668990 -0.440188050 0.089973427 0.154488921 0.983889222 -0.183970824
0.991401911 -0.109616354 -0.071460240 -0.010247791 0.097490817 0.983031750 -0.155383900 -0.430576086 0.087280296 0.147081181 0.985266089 -0.181008816
0.993262589 -0.091061391 -0.071674287 -0.010591603 0.080554910 0.987170577 -0.137859032 -0.419470817 0.083308384 0.131156519 0.987855077 -0.178299576
0.995125771 -0.068602532 -0.070840426 -0.010449139 0.059995871 0.991295397 -0.117192097 -0.404549211 0.078263454 0.112370752 0.990579426 -0.173260778
0.995971501 -0.053699516 -0.071812972 -0.010830685 0.046244912 0.993737876 -0.101717405 -0.389685482 0.076825440 0.097986661 0.992217958 -0.165003300
0.996313095 -0.046945930 -0.071807265 -0.010525608 0.040090881 0.994755745 -0.094094351 -0.374309480 0.075848043 0.090868622 0.992970288 -0.159935817
0.996411622 -0.048334640 -0.069481492 -0.010584448 0.041720886 0.994728327 -0.093674757 -0.358011603 0.073642939 0.090439789 0.993175387 -0.151002973
0.996521354 -0.049166381 -0.067288950 -0.009580119 0.042583875 0.994471312 -0.095986299 -0.341463566 0.071636230 0.092786975 0.993105650 -0.145915702
0.997139037 -0.043045022 -0.062135693 -0.002351804 0.037005924 0.994763553 -0.095268361 -0.328313649 0.065911151 0.092696421 0.993510485 -0.133875772
0.997353554 -0.039816957 -0.060832161 -0.001506827 0.034264479 0.995375693 -0.089739293 -0.309049934 0.064124003 0.087417424 0.994105756 -0.128220379
0.997512639 -0.036422212 -0.060348354 -0.000439599 0.031361114 0.996073604 -0.082787670 -0.289036661 0.063126713 0.080689155 0.994738281 -0.121375695
0.997652829 -0.030896425 -0.061108198 0.000590863 0.026063185 0.996583819 -0.078367002 -0.268418372 0.063320704 0.076590382 0.995049953 -0.114937440
0.997888505 -0.026108157 -0.059471890 0.002855687 0.021400191 0.996686876 -0.078468226 -0.247890398 0.061323516 0.077029832 0.995141089 -0.107336491
0.998073459 -0.021858210 -0.058065169 0.004124462 0.017270571 0.996774912 -0.078367412 -0.225655019 0.059590876 0.077213615 0.995232105 -0.100456111
0.998537302 -0.010556800 -0.053026408 0.005615276 0.006430414 0.996979892 -0.077393711 -0.204637304 0.053683288 0.076939523 0.995589495 -0.092230238
0.998886406 0.000216400 -0.047178954 0.007278367 -0.003700348 0.997268379 -0.073770575 -0.182730615 0.047034115 0.073863007 0.996158659 -0.085307114
0.999085248 0.007820886 -0.042042039 0.006416561 -0.010823635 0.997369230 -0.071676441 -0.162912756 0.041370861 0.072065927 0.996541500 -0.073951669
0.999127567 0.012823144 -0.039744817 0.007667541 -0.015618103 0.997366130 -0.070829548 -0.144830585 0.038731880 0.071388490 0.996696293 -0.068352506
0.998912454 0.026015885 -0.038692046 0.008907183 -0.028502166 0.997467697 -0.065159686 -0.129742086 0.036898877 0.066191636 0.997124434 -0.063459381
0.998185039 0.044608071 -0.040457319 0.009027913 -0.046847403 0.997319579 -0.056204300 -0.119065471 0.037841711 0.057997610 0.997599244 -0.060799580
0.997124135 0.063136734 -0.041918628 0.009756409 -0.064952813 0.996940851 -0.043475289 -0.113767922 0.039045505 0.046072993 0.998174727 -0.059621662
0.996205091 0.074353710 -0.045243308 0.009012043 -0.076055601 0.996411860 -0.037133683 -0.116332293 0.042319946 0.040433768 0.998285592 -0.061437335
0.996030390 0.074432597 -0.048818488 0.008899902 -0.076415017 0.996270180 -0.040081311 -0.126893073 0.045653049 0.043652672 0.998003125 -0.065901138
0.996578217 0.062164955 -0.054473720 0.007984483 -0.065084822 0.996440530 -0.053575076 -0.144899949 0.050949328 0.056937166 0.997076869 -0.073202193
0.997047842 0.046423085 -0.061159454 0.007363204 -0.050641455 0.996307492 -0.069331639 -0.168075159 0.057715036 0.072224163 0.995717168 -0.082580842
0.997157037 0.037730787 -0.065224081 0.006393580 -0.042946246 0.995828748 -0.080503210 -0.193381026 0.061914563 0.083075479 0.994618058 -0.093195491
0.996895909 0.020653214 -0.075973973 0.006972046 -0.027154002 0.995963454 -0.085553862 -0.220388025 0.073900342 0.087351285 0.993432701 -0.111778997
0.996374667 0.004101118 -0.084974773 0.005639228 -0.012271885 0.995319426 -0.095857531 -0.248143181 0.084183924 0.096552819 0.991761386 -0.123566642
0.995314240 -0.021592781 -0.094251633 0.004242159 0.010753796 0.993419409 -0.114027552 -0.277028173 0.096093565 0.112479679 0.988996625 -0.135845065
0.993806839 -0.047578596 -0.100420333 0.003225103 0.033392891 0.989800692 -0.138490304 -0.305071235 0.105985291 0.134279296 0.985259473 -0.147212341
0.992330313 -0.066189274 -0.104400873 -0.001515561 0.048946485 0.985929549 -0.159834743 -0.328389734 0.113511249 0.153498799 0.981607497 -0.156215489
0.991107762 -0.078095615 -0.107733153 -0.004737317 0.059219584 0.983929753 -0.168449655 -0.350548178 0.119157039 0.160571858 0.979805231 -0.164785847
0.990630865 -0.080168799 -0.110559873 -0.008913737 0.061951399 0.985276759 -0.159347922 -0.368162990 0.121706806 0.151005626 0.981012106 -0.173090219
0.990230799 -0.080685876 -0.113722086 -0.014391724 0.063591920 0.987141788 -0.146653309 -0.381957620 0.124092668 0.137988821 0.982629180 -0.178663447
0.989769638 -0.085778154 -0.114009373 -0.013508921 0.069323696 0.987553537 -0.141181678 -0.397893012 0.124700658 0.131833792 0.983396947 -0.184646145
0.989086449 -0.093599021 -0.113785654 -0.018143682 0.076002225 0.985729992 -0.150199920 -0.405364901 0.126220495 0.139912754 0.982085943 -0.188383281
0.987875819 -0.107897572 -0.111622036 -0.021159822 0.088606901 0.982255995 -0.165293694 -0.409412563 0.127476200 0.153399169 0.979907393 -0.190676883
0.986459553 -0.117949426 -0.113954075 -0.022826120 0.096387133 0.979107559 -0.179047331 -0.409438670 0.132691815 0.165639237 0.977218747 -0.191308707
0.985699654 -0.118506283 -0.119801588 -0.022480238 0.094982997 0.977967799 -0.185895845 -0.405201852 0.139191926 0.171858355 0.975238621 -0.190005168
0.986877859 -0.103406951 -0.124012545 -0.019350335 0.079958260 0.980218291 -0.181049079 -0.397440434 0.140281096 0.168757498 0.975623965 -0.186615646
0.988828540 -0.083175667 -0.123692960 -0.014234283 0.061345749 0.983384967 -0.170852751 -0.386137515 0.135848582 0.161356032 0.977501631 -0.183308363
0.990064383 -0.072435506 -0.120522507 -0.005757752 0.052421235 0.985456049 -0.161642909 -0.375441641 0.130478323 0.153718948 0.979462028 -0.177179545
0.991887331 -0.065614775 -0.108877085 0.009322235 0.047950424 0.986341000 -0.157582507 -0.365649164 0.117729671 0.151083395 0.981485367 -0.168279573
0.993390262 -0.066107810 -0.093838125 0.023408849 0.050859246 0.986370862 -0.156479508 -0.355273247 0.102903709 0.150672674 0.983213365 -0.161537111
0.995577991 -0.060423456 -0.071927041 0.033363543 0.048794113 0.986913800 -0.153689027 -0.337509811 0.080272213 0.149499804 0.985497952 -0.157393396
0.997034192 -0.054939821 -0.053892314 0.052467097 0.046671562 0.988445699 -0.144211337 -0.324800789 0.061192572 0.141268387 0.988078296 -0.151791900
0.998113811 -0.049796306 -0.035904773 0.073274858 0.044568934 0.989974856 -0.134027377 -0.313421845 0.042218886 0.132174328 0.990327001 -0.144441962
0.998921394 -0.044859774 -0.011983834 0.096128233 0.043001011 0.991127789 -0.125764340 -0.301282674 0.017519271 0.125113368 0.991987765 -0.140904412
0.998754203 -0.048600625 0.011316084 0.122763589 0.049621280 0.991251111 -0.122307032 -0.290270567 -0.005272883 0.122716174 0.992427826 -0.138790682
0.997614622 -0.059781238 0.034513917 0.146227002 0.063509442 0.990790963 -0.119581841 -0.280099034 -0.027047329 0.121488549 0.992224276 -0.138324708
0.995826900 -0.076918378 0.049115926 0.175313622 0.082035661 0.990263402 -0.112465747 -0.277009815 -0.039987020 0.116025679 0.992440999 -0.133376852
0.993937612 -0.092542298 0.059362568 0.196083680 0.098362692 0.989694059 -0.104069263 -0.266403437 -0.049119972 0.109277412 0.992796898 -0.135754913
0.992067456 -0.103621088 0.071167238 0.216774955 0.110189341 0.989303648 -0.095585346 -0.255227596 -0.060501356 0.102668986 0.992873967 -0.138281688
0.990046561 -0.109028608 0.088997297 0.235887945 0.116836920 0.989260137 -0.087826788 -0.243789151 -0.078465842 0.097350776 0.992152154 -0.141293734
0.987955689 -0.109803207 0.109026782 0.252964616 0.119158544 0.989370584 -0.083349153 -0.233080074 -0.098715894 0.095336735 0.990538299 -0.141730174
0.986047208 -0.105105400 0.129088193 0.268696427 0.115640700 0.990301251 -0.077010781 -0.222473741 -0.119741954 0.090864107 0.988638222 -0.141917244
0.984193325 -0.104017302 0.143331319 0.280362248 0.114964202 0.990877807 -0.070316598 -0.214515224 -0.134709686 0.085683092 0.987173617 -0.138577387
0.982380688 -0.104927011 0.154656097 0.288003922 0.116582640 0.990829408 -0.068304889 -0.208935127 -0.146070793 0.085131623 0.985604346 -0.134884745
0.981267571 -0.105172403 0.161408529 0.290152729 0.117705487 0.990568936 -0.070133045 -0.209313542 -0.152510211 0.087817952 0.984392524 -0.123259455
0.981390715 -0.101897657 0.162754670 0.286785781 0.114337862 0.991044998 -0.068968549 -0.209804222 -0.154269472 0.086294115 0.984253168 -0.115371905
0.982690454 -0.093770474 0.159770235 0.279101223 0.104867175 0.992521465 -0.062481999 -0.211856589 -0.152716413 0.078155115 0.985174835 -0.105477177
0.984093606 -0.083890811 0.156595543 0.268546343 0.093822226 0.993948281 -0.057132713 -0.215777561 -0.150854960 0.070916079 0.986009002 -0.094409250
0.984293103 -0.080379233 0.157182336 0.255901158 0.090830058 0.994029105 -0.060465477 -0.223079309 -0.151383638 0.073792629 0.985716820 -0.081692725
0.983314037 -0.087323509 0.159587368 0.241166711 0.100474335 0.992011905 -0.076270819 -0.232545018 -0.151652351 0.091032594 0.984233022 -0.068599984
0.982222617 -0.095759556 0.161458522 0.224831283 0.111055017 0.989864409 -0.088516645 -0.243109912 -0.151345730 0.104873829 0.982901812 -0.053841352
0.981730998 -0.105336860 0.158456177 0.205831811 0.120266348 0.988854885 -0.087761447 -0.251959413 -0.147445649 0.105215088 0.983457983 -0.039672442
0.981686354 -0.114342876 0.152373254 0.187053159 0.127873555 0.988382518 -0.082148433 -0.262184471 -0.141209960 0.100128502 0.984903038 -0.017003756
0.981535316 -0.121486202 0.147748291 0.166013479 0.133796677 0.988057971 -0.076418839 -0.269652635 -0.136700034 0.094776012 0.986068249 -0.003855639
0.980983078 -0.129127145 0.144907996 0.144973546 0.141277760 0.986977637 -0.076914199 -0.277823091 -0.133089229 0.095923804 0.986451149 0.009094632
0.980000973 -0.139432356 0.141974360 0.123555452 0.151539460 0.985343099 -0.078324720 -0.284869850 -0.128972471 0.098273024 0.986766696 0.019205447
0.979564667 -0.149021253 0.135076612 0.100707985 0.160820052 0.983649671 -0.081057303 -0.291486144 -0.120788805 0.101123892 0.987514079 0.028851541
0.979531169 -0.153312445 0.130437672 0.078123651 0.164211720 0.983390689 -0.077312455 -0.296973377 -0.116418228 0.097149357 0.988437533 0.035248321
0.980164826 -0.153427035 0.125447571 0.054658458 0.163016140 0.984131992 -0.070070997 -0.302338779 -0.112706192 0.089131102 0.989622653 0.040793341
0.981124341 -0.152980030 0.118288241 0.031407960 0.160836756 0.985158682 -0.059948936 -0.306621939 -0.107361697 0.077842459 0.991168022 0.043997690
0.982270300 -0.149127170 0.113605119 0.007902361 0.155370608 0.986679912 -0.048194550 -0.311468601 -0.104904778 0.064990975 0.992356360 0.047313429
0.983293891 -0.143055946 0.112552732 -0.013612996 0.148522884 0.988027513 -0.041744374 -0.317293882 -0.105233416 0.057763644 0.992768526 0.048774768
0.983656883 -0.139750689 0.113528989 -0.034085259 0.145353228 0.988461018 -0.042628735 -0.323490262 -0.106261589 0.058433853 0.992619753 0.050065491
0.983515441 -0.139776260 0.114716835 -0.052509222 0.146306157 0.987945080 -0.050586324 -0.329304963 -0.106263168 0.066536210 0.992109418 0.050076678
0.983286619 -0.140743971 0.115492545 -0.070323296 0.147951484 0.987387061 -0.056366727 -0.332382858 -0.106102563 0.072511941 0.991707742 0.051998273
0.984307587 -0.133802176 0.115045942 -0.085641839 0.140669405 0.988595545 -0.053767379 -0.333195657 -0.106539719 0.069107078 0.991903961 0.052278731
0.985808730 -0.124779344 0.112300120 -0.099570394 0.130598605 0.990366757 -0.046018988 -0.331945062 -0.105476089 0.060032159 0.992608130 0.052986279
0.987249911 -0.117132857 0.107784398 -0.110541068 0.121967494 0.991752148 -0.039390065 -0.328841776 -0.102281533 0.052034028 0.993393660 0.053040870
0.988086283 -0.111387268 0.106199861 -0.121966034 0.115544423 0.992726684 -0.033811118 -0.324402809 -0.101661310 0.045679104 0.993769765 0.053335227
0.988562822 -0.107417934 0.105853230 -0.125266075 0.110901006 0.993448973 -0.027569994 -0.318644136 -0.102198273 0.038993903 0.993999481 0.052064892
0.988731384 -0.104191251 0.107491508 -0.123763591 0.107849248 0.993750513 -0.028782021 -0.312608421 -0.103820905 0.040050562 0.993789315 0.051580537
0.988305449 -0.104687952 0.110873006 -0.119410552 0.109047882 0.993454814 -0.034001715 -0.305565506 -0.106587745 0.045694545 0.993252754 0.049654316
0.987766087 -0.103769593 0.116404690 -0.113203384 0.108727284 0.993380427 -0.037064210 -0.298268616 -0.111787997 0.049267136 0.992510021 0.048400931
0.987332523 -0.097812943 0.124928221 -0.103595272 0.102818526 0.994110167 -0.034253534 -0.290121287 -0.120841980 0.046664562 0.991574347 0.045105878
0.987065911 -0.092424452 0.130990654 -0.092010796 0.096961111 0.994875014 -0.028675579 -0.281988829 -0.127669007 0.041005686 0.990968823 0.041536994
0.986694872 -0.090936899 0.134773001 -0.078456476 0.094290346 0.995369136 -0.018698227 -0.275435895 -0.132448539 0.031157237 0.990700066 0.037464879
0.985999465 -0.084797807 0.143577322 -0.064048134 0.087335579 0.996113062 -0.011454683 -0.272233725 -0.142047927 0.023833718 0.989572823 0.031650729
0.984562516 -0.084797427 0.153120995 -0.045367263 0.088012561 0.996016264 -0.014330227 -0.269761473 -0.151295841 0.027585577 0.988103569 0.026957553
0.981987119 -0.094440944 0.163652852 -0.025672456 0.099351607 0.994807661 -0.022067569 -0.267149866 -0.160719022 0.037929237 0.986271143 0.021446245
0.979363084 -0.108201504 0.170705378 -0.006932464 0.114749670 0.992972791 -0.028941389 -0.263515174 -0.166374296 0.047932517 0.984896958 0.015431522
0.977594197 -0.118136495 0.174222037 0.010150054 0.124777257 0.991800010 -0.027630016 -0.257674724 -0.169529304 0.048749894 0.984318674 0.008080577
0.977357745 -0.113961257 0.178282425 0.026723742 0.119820587 0.992542505 -0.022414923 -0.251333207 -0.174398437 0.043269299 0.983723998 0.000097980
0.977485001 -0.100929298 0.185300827 0.041790020 0.104626901 0.994458616 -0.010260179 -0.244799212 -0.183238447 0.029416621 0.982628286 -0.010135028
0.977559745 -0.089953259 0.190487117 0.057143193 0.091109201 0.995837271 0.002698982 -0.240584597 -0.189936936 0.014716711 0.981685996 -0.021066537
0.976554453 -0.082919650 0.198659793 0.075045422 0.082927994 0.996521056 0.008292957 -0.243673071 -0.198656306 0.008375932 0.980033398 -0.034954093
0.974572241 -0.077930368 0.210085362 0.093131244 0.079333477 0.996846616 0.001753698 -0.246643990 -0.209559530 0.014957696 0.977681458 -0.047118831
0.971839249 -0.080157958 0.221592441 0.111880027 0.085348614 0.996253729 -0.013933119 -0.248166338 -0.219645455 0.032453362 0.975039840 -0.058171913
0.968998909 -0.090916842 0.229728758 0.133015051 0.100262135 0.994529128 -0.029314779 -0.252196848 -0.225806743 0.051439084 0.972813129 -0.070544556
0.966744542 -0.101642720 0.234678060 0.155464604 0.114850529 0.992439508 -0.043279976 -0.253874600 -0.228504688 0.068793580 0.971109211 -0.083550625
0.964670420 -0.106282137 0.241070852 0.176888794 0.120976962 0.991544127 -0.046954915 -0.250690401 -0.234041914 0.074460030 0.969370961 -0.094716795
0.962549686 -0.102084383 0.251151115 0.197654337 0.117704734 0.991890788 -0.047939636 -0.245778203 -0.244220600 0.075705953 0.966759980 -0.103060611
0.960390866 -0.096446887 0.261433303 0.216777518 0.111820385 0.992729545 -0.044545237 -0.236998498 -0.255236328 0.072014414 0.964193106 -0.111055769
0.959131241 -0.094480217 0.266722172 0.237956345 0.108752608 0.993294775 -0.039221808 -0.234726697 -0.261228055 0.066625595 0.962975025 -0.119270727
0.957749426 -0.090648502 0.272944808 0.250379950 0.103552625 0.994069159 -0.033217631 -0.226305872 -0.268314898 0.060078323 0.961456060 -0.124966405
0.956046581 -0.092754960 0.278157145 0.258216202 0.104756370 0.994087636 -0.028564470 -0.222086653 -0.273863047 0.056447700 0.960110784 -0.129514113
0.953821063 -0.104993731 0.281427890 0.259927690 0.115819365 0.993025184 -0.022064367 -0.221161917 -0.277148336 0.053640261 0.959328651 -0.132621855
0.952685893 -0.117083825 0.280501366 0.258153290 0.128031805 0.991548538 -0.020961752 -0.225229740 -0.275676429 0.055883057 0.959624708 -0.136002481
0.953638613 -0.127101436 0.272797763 0.249882266 0.138766810 0.990038574 -0.023820076 -0.230516568 -0.267052770 0.060571019 0.961776495 -0.137601689
0.955706656 -0.134298369 0.261894584 0.238938913 0.146278098 0.988883018 -0.026703821 -0.238034219 -0.255396843 0.063830458 0.964726985 -0.139017016
0.958548486 -0.139321119 0.248544693 0.223561674 0.150895298 0.988151908 -0.028043412 -0.245844141 -0.241692871 0.064385191 0.968214393 -0.139799967
0.961885810 -0.146635994 0.230810687 0.207181439 0.158418879 0.986811340 -0.033268895 -0.256531775 -0.222888187 0.068565652 0.972429752 -0.137237757
0.964236796 -0.158549175 0.212390050 0.186728239 0.171537444 0.984191418 -0.044069707 -0.265510052 -0.202045247 0.078926474 0.976190746 -0.136069313
0.964934707 -0.174823046 0.195800617 0.165551394 0.189844638 0.979940236 -0.060630858 -0.272779197 -0.181273237 0.095676512 0.978767633 -0.133034825
0.964691818 -0.189385802 0.183037579 0.143328696 0.206653386 0.975120246 -0.080218002 -0.276557893 -0.163291484 0.115210980 0.979827702 -0.128302708
0.964774251 -0.197512999 0.173779309 0.124200597 0.216026023 0.971772015 -0.094825663 -0.270602107 -0.150144577 0.129026204 0.980208576 -0.117378026
0.965676546 -0.201835275 0.163497090 0.102761559 0.219853759 0.970322728 -0.100688398 -0.264727592 -0.138322473 0.133177876 0.981392145 -0.109505035
0.967824638 -0.196799383 0.156797707 0.083025716 0.213425979 0.972106636 -0.097252324 -0.254631668 -0.133284897 0.127587885 0.982830822 -0.099309623
0.970834911 -0.185765624 0.151561111 0.065242603 0.200629711 0.975579739 -0.089397304 -0.240615964 -0.131253004 0.117197685 0.984396935 -0.089907825
0.974129677 -0.173929557 0.144290924 0.043300144 0.186285838 0.979475558 -0.076975212 -0.224020422 -0.127941161 0.101863191 0.986536860 -0.075092465
0.977445960 -0.160031393 0.137801707 0.028679349 0.169894800 0.983446777 -0.062993735 -0.206001461 -0.125439674 0.084984764 0.988454580 -0.066176102
0.979994416 -0.148868173 0.132095560 0.015913304 0.157014936 0.986145675 -0.053507134 -0.187400311 -0.122299954 0.073177665 0.989791751 -0.056971841
0.981473684 -0.143993750 0.126393139 0.004992998 0.150753662 0.987518847 -0.045605302 -0.169021010 -0.118248723 0.063814625 0.990931332 -0.049017597
0.982659638 -0.135333732 0.126747072 -0.004013178 0.141111448 0.989274442 -0.037731264 -0.149470791 -0.120281331 0.054962453 0.991217196 -0.041021165
0.983684957 -0.125082269 0.129299521 -0.011423316 0.129463241 0.991242826 -0.026018132 -0.131160155 -0.124912821 0.042333182 0.991264164 -0.033453662
0.984897852 -0.111330807 0.132595837 -0.017727744 0.113975942 0.993404806 -0.012504952 -0.113310076 -0.130329162 0.027428837 0.991091311 -0.026103515
0.986028790 -0.096015431 0.136118606 -0.022653477 0.096441887 0.995332539 0.003473469 -0.096612565 -0.135816798 0.009702597 0.990686476 -0.019320223
0.986539662 -0.079220518 0.143050924 -0.027030071 0.077774554 0.996847630 0.015680462 -0.079107247 -0.143842205 -0.004343675 0.989591122 -0.012664374
0.986254275 -0.072494008 0.148482829 -0.030069258 0.070288591 0.997325122 0.020053929 -0.066847347 -0.149539441 -0.009341625 0.988711655 -0.007080480
0.985096812 -0.070939094 0.156690627 -0.033310160 0.068809256 0.997449219 0.018982410 -0.060716540 -0.157637537 -0.007917747 0.987465322 -0.009731451
0.983847857 -0.072617039 0.163616061 -0.034846045 0.071045682 0.997353494 0.015442951 -0.051994514 -0.164304465 -0.003569301 0.986403227 -0.005919975
0.982907355 -0.076542959 0.167434648 -0.035468131 0.074513257 0.997050583 0.018380772 -0.045830183 -0.168347731 -0.005590497 0.985711813 -0.005807522
0.982548714 -0.073367007 0.170924723 -0.036554005 0.070040397 0.997220218 0.025420306 -0.038286094 -0.172314614 -0.013005054 0.984956086 -0.003437756
0.982680798 -0.065803654 0.173229292 -0.037389144 0.059974752 0.997450352 0.038676158 -0.023797503 -0.175332651 -0.027616933 0.984121799 0.007208721
0.982910156 -0.056203995 0.175296232 -0.038366772 0.047112618 0.997340798 0.055603411 -0.017599626 -0.177955225 -0.046394493 0.982944310 0.008886200
0.983507991 -0.049311191 0.174012586 -0.040165339 0.037753396 0.996893942 0.069117174 -0.017238732 -0.176880345 -0.061407730 0.982314825 0.002378657
0.983836770 -0.043334883 0.173744932 -0.041111860 0.031002650 0.996844411 0.073076032 -0.014161634 -0.176363394 -0.066508330 0.982075632 0.003910387
0.983942688 -0.041576419 0.173574895 -0.041125167 0.029924776 0.997152925 0.069213837 -0.011425283 -0.175958365 -0.062908262 0.982385457 0.003675393
0.983148813 -0.049459327 0.175989076 -0.040889997 0.040771719 0.997780621 0.052644685 -0.011973883 -0.178202257 -0.044582181 0.982983410 0.004435908
0.982382536 -0.056461848 0.178147644 -0.040700290 0.049670264 0.997866988 0.042359311 -0.013670150 -0.180159330 -0.032764409 0.983091593 0.003353942
0.982204378 -0.060992736 0.177635685 -0.040722001 0.055431243 0.997809350 0.036109373 -0.012612643 -0.179448947 -0.025620218 0.983433604 0.004730962
0.981913447 -0.062567517 0.178693250 -0.040715173 0.058255702 0.997872174 0.029281074 -0.012874196 -0.180145070 -0.018341580 0.983469009 0.005517139
0.981694818 -0.061286278 0.180330992 -0.041064031 0.058191136 0.998053908 0.022409188 -0.012961170 -0.181353420 -0.011505319 0.983350694 0.005577385
0.981566131 -0.060857683 0.181174740 -0.035830852 0.059594214 0.998145461 0.012414300 -0.009172557 -0.181594267 -0.001388492 0.983372569 0.009563143
0.981628776 -0.058877196 0.181489378 -0.035904575 0.057735141 0.998264849 0.011574004 -0.008732157 -0.181855917 -0.000883061 0.983324766 0.009625877
0.981586754 -0.058963902 0.181688428 -0.040994249 0.057874829 0.998259962 0.011294792 -0.009750851 -0.182038277 -0.000571631 0.983291268 0.004858339
0.981597483 -0.059913568 0.181319609 -0.041210126 0.058906481 0.998203576 0.010939155 -0.009926181 -0.181649283 -0.000056947 0.983363390 0.005355617
0.981609523 -0.059405096 0.181421548 -0.040547740 0.058392935 0.998233974 0.010920012 -0.009279291 -0.181749851 -0.000125452 0.983344793 0.006180473
0.981592655 -0.060540918 0.181137189 -0.040819459 0.059549328 0.998165727 0.010912657 -0.009403648 -0.181465581 0.000074813 0.983397305 0.006614025
0.981574297 -0.061237972 0.181002140 -0.040641099 0.060218628 0.998123169 0.011126827 -0.009675081 -0.181343824 -0.000022109 0.983419776 0.005404597
0.981622696 -0.060622245 0.180947065 -0.040662687 0.059601545 0.998160779 0.011077907 -0.009838845 -0.181285828 -0.000089602 0.983430445 0.005571542
0.981688976 -0.060412351 0.180657417 -0.040104911 0.059370186 0.998173475 0.011175552 -0.009973018 -0.181002587 -0.000245252 0.983482599 0.002430258
0.981752098 -0.059659470 0.180564612 -0.040100902 0.058626782 0.998218775 0.011055531 -0.010163329 -0.180902541 -0.000267870 0.983501017 0.002721791
0.981724977 -0.062658571 0.179693952 -0.035119500 0.061776999 0.998034716 0.010503436 -0.010252156 -0.179998919 0.000789467 0.983666480 0.008925042
0.981753051 -0.059825063 0.180504560 -0.034770966 0.058783188 0.998208821 0.011120666 -0.010265356 -0.180846542 -0.000307116 0.983511269 0.009146731
0.981664479 -0.062612310 0.180040568 -0.040732354 0.061626758 0.998037875 0.011067839 -0.010541252 -0.180380285 0.000230412 0.983596921 0.003916260
0.981675029 -0.061396185 0.180401519 -0.040591646 0.060387600 0.998113453 0.011082837 -0.010813276 -0.180741623 0.000014270 0.983530641 0.004436275
0.981683016 -0.061840635 0.180206001 -0.040694349 0.060774717 0.998085976 0.011435608 -0.010030645 -0.180568278 -0.000274176 0.983562410 0.004346768
0.981677890 -0.062080525 0.180151507 -0.040788360 0.061050333 0.998071134 0.011262840 -0.010237169 -0.180503234 -0.000058172 0.983574390 0.004838516
0.981686473 -0.061363377 0.180350199 -0.040681791 0.060352787 0.998115480 0.011090767 -0.010128818 -0.180690899 -0.000003019 0.983539939 0.006145611
0.981666446 -0.062770046 0.179974660 -0.040832590 0.061774902 0.998027980 0.011134408 -0.010297840 -0.180318668 0.000187641 0.983608246 0.006648129
0.981689513 -0.061288729 0.180359066 -0.040505651 0.060280904 0.998120070 0.011068907 -0.009499962 -0.180698395 0.000005978 0.983538568 0.004334813
0.981681824 -0.062645569 0.179934338 -0.040667489 0.061627802 0.998035848 0.011246505 -0.009655908 -0.180285469 0.000048467 0.983614326 0.004744862
0.981682301 -0.061727174 0.180248782 -0.040646989 0.060720488 0.998093069 0.011102611 -0.010300089 -0.180590376 0.000045558 0.983558416 0.004711324
0.981684208 -0.062306523 0.180038869 -0.040653992 0.061303601 0.998057067 0.011134744 -0.010396484 -0.180382818 0.000106229 0.983596444 0.005010555
0.981699705 -0.061935104 0.180082634 -0.040119637 0.060924940 0.998080194 0.011140488 -0.010141592 -0.180426881 0.000034907 0.983588398 0.003447829
0.981702268 -0.061905451 0.180078655 -0.040085208 0.060896084 0.998082042 0.011133406 -0.010189211 -0.180422485 0.000036394 0.983589232 0.003670963
0.981695712 -0.062037110 0.180069327 -0.040247429 0.061032079 0.998073816 0.011121774 -0.010029622 -0.180412441 0.000071805 0.983591020 0.003405600
0.981696665 -0.061793476 0.180147737 -0.040130507 0.060772449 0.998088956 0.011186783 -0.010058179 -0.180494726 -0.000034010 0.983575940 0.003556734
0.981698275 -0.062233873 0.179987282 -0.040239684 0.061243199 0.998061597 0.011061316 -0.010081935 -0.180326790 0.000164121 0.983606756 0.003072574
0.981700540 -0.061966717 0.180067047 -0.040089138 0.060960256 0.998078227 0.011123165 -0.010131124 -0.180410251 0.000057314 0.983591437 0.003277149
0.981723607 -0.062303491 0.179824978 -0.040909458 0.061297372 0.998057246 0.011151789 -0.010228734 -0.180170417 0.000074822 0.983635426 0.002769950
0.981713176 -0.061887614 0.180025294 -0.040818680 0.060871057 0.998083115 0.011170983 -0.010179136 -0.180371568 -0.000008372 0.983598530 0.002851516
0.981732547 -0.061417770 0.180080697 -0.036097176 0.060409244 0.998112142 0.011084490 -0.009985816 -0.180421516 -0.000003466 0.983589411 0.009817798
0.981722593 -0.061442584 0.180126593 -0.036029886 0.060414135 0.998110592 0.011195311 -0.010037819 -0.180474147 -0.000108498 0.983579755 0.009856970
0.981764734 -0.061452411 0.179893240 -0.034653597 0.060408019 0.998109996 0.011283383 -0.010235577 -0.180246636 -0.000210634 0.983621418 0.009044012
0.981758177 -0.061627854 0.179869071 -0.034600053 0.060556468 0.998099148 0.011446673 -0.010336518 -0.180232599 -0.000345631 0.983623981 0.009187343
0.981706917 -0.062356956 0.179897487 -0.040391862 0.061347470 0.998053908 0.011175081 -0.009979072 -0.180244237 0.000065600 0.983621895 0.006559096
0.981703877 -0.062426779 0.179889962 -0.040297870 0.061412390 0.998049557 0.011208170 -0.010000264 -0.180238798 0.000044369 0.983622909 0.006622014
0.981673002 -0.062273599 0.180111364 -0.040574875 0.061257325 0.998059094 0.011204584 -0.010999931 -0.180459544 0.000033902 0.983582437 0.005814958
0.981664121 -0.062360998 0.180129513 -0.040466100 0.061351988 0.998053670 0.011172938 -0.011046251 -0.180475667 0.000083230 0.983579457 0.005936760
0.981640339 -0.062602140 0.180175424 -0.040272813 0.061570056 0.998038590 0.011320612 -0.011042834 -0.180530727 -0.000019359 0.983569324 0.004614820
0.981629789 -0.062727295 0.180189326 -0.040276024 0.061690055 0.998030722 0.011360081 -0.011178663 -0.180547073 -0.000035504 0.983566344 0.005115128
0.981699526 -0.061446868 0.180250615 -0.035982240 0.060413420 0.998110354 0.011222862 -0.009015464 -0.180599600 -0.000127924 0.983556688 0.011661901
0.981687605 -0.061424185 0.180323243 -0.035997994 0.060384233 0.998111725 0.011256171 -0.009094778 -0.180674136 -0.000161364 0.983542979 0.012151862
0.981667221 -0.062251147 0.180150822 -0.040248662 0.061235610 0.998060524 0.011198523 -0.009800337 -0.180498555 0.000038422 0.983575225 0.006190168
0.981671512 -0.062204454 0.180143327 -0.040240537 0.061191026 0.998063445 0.011182779 -0.009941853 -0.180490077 0.000045338 0.983576834 0.006651016
0.981642187 -0.062359553 0.180249408 -0.040288590 0.061327580 0.998053730 0.011297939 -0.009803914 -0.180603132 -0.000036275 0.983556032 0.006106514
0.981640816 -0.062404919 0.180241257 -0.040298253 0.061370369 0.998050928 0.011316095 -0.009912470 -0.180596143 -0.000046868 0.983557343 0.006609872
0.981723428 -0.061662886 0.180046812 -0.035949405 0.060663510 0.998097003 0.011056880 -0.008554149 -0.180385992 0.000067474 0.983595908 0.011177122
0.981718183 -0.061839327 0.180014849 -0.035927057 0.060841925 0.998086095 0.011062160 -0.008729725 -0.180354387 0.000092525 0.983601689 0.011641084
