1.000000000 0.000000000 0.000000000 0.000000000 0.000000000 1.000000000 0.000000000 0.000000119 0.000000000 0.000000000 1.000000000 0.000000034
0.999996662 0.000668408 -0.002493870 -0.000461527 -0.000655038 0.999985456 0.005358296 -0.003414444 0.002497415 -0.005356645 0.999982536 -0.002376110
0.999970078 -0.002419726 -0.007348770 -0.002482849 0.002453430 0.999986470 0.004580727 -0.009433707 0.007337586 -0.004598620 0.999962509 -0.004139912
0.999914587 -0.004896564 -0.012118828 -0.004083749 0.004871155 0.999985874 -0.002125283 -0.019555572 0.012129063 0.002066068 0.999924302 -0.005601681
0.999814570 -0.006694002 -0.018056585 -0.004545863 0.006470464 0.999902070 -0.012410010 -0.031278037 0.018137889 0.012290874 0.999759972 -0.011307099
0.999646485 -0.009734720 -0.024742590 -0.005205701 0.009167377 0.999694824 -0.022940729 -0.047506019 0.024958359 0.022705793 0.999430597 -0.015364413
0.999461710 -0.011209263 -0.030833347 -0.004324204 0.010298943 0.999510944 -0.029525878 -0.065767497 0.031149233 0.029192435 0.999088347 -0.022141565
0.999122798 -0.014063623 -0.039443586 -0.003400933 0.012894552 0.999474525 -0.029738449 -0.086342916 0.039841089 0.029203754 0.998779178 -0.030899994
0.998620629 -0.019672837 -0.048680484 -0.003958428 0.018433966 0.999497950 -0.025768468 -0.107428789 0.049162984 0.024835551 0.998481929 -0.036274251
0.998087525 -0.025806144 -0.056172509 -0.003527112 0.024827261 0.999528706 -0.018055148 -0.129091829 0.056611966 0.016626008 0.998257816 -0.043923121
0.997289956 -0.034161232 -0.065159909 -0.003609701 0.033351474 0.999352813 -0.013475062 -0.151595101 0.065578066 0.011265365 0.997783840 -0.051603597
0.996693313 -0.036843654 -0.072422475 -0.003309038 0.035862777 0.999247134 -0.014798259 -0.173144802 0.072913170 0.012152055 0.997264266 -0.056288101
0.996478796 -0.033756070 -0.076749980 -0.003071988 0.032179408 0.999246776 -0.021687914 -0.197081238 0.077424273 0.019141778 0.996814489 -0.064175539
0.996213853 -0.028117428 -0.082264274 -0.003662051 0.025635602 0.999188364 -0.031071389 -0.220267132 0.083071157 0.028844854 0.996126056 -0.069002829
0.995572805 -0.026281020 -0.090244561 -0.004235705 0.022566119 0.998865187 -0.041941363 -0.244754359 0.091244414 0.039719213 0.995036125 -0.076712832
0.994431317 -0.031743724 -0.100492015 -0.005148539 0.026668496 0.998319387 -0.051450707 -0.270114541 0.101956367 0.048484221 0.993606627 -0.084023759
0.993048608 -0.044415556 -0.109003484 -0.005447139 0.037891276 0.997405231 -0.061213013 -0.294872463 0.111439452 0.056657214 0.992154837 -0.092045896
0.991819084 -0.056315091 -0.114557944 -0.004739300 0.048449744 0.996347010 -0.070322424 -0.319833517 0.118099682 0.064196825 0.990924418 -0.098612435
0.991165519 -0.063149184 -0.116632201 -0.000991627 0.054133199 0.995410264 -0.078918032 -0.341700882 0.121080495 0.071907155 0.990034759 -0.105226293
0.990782678 -0.068148285 -0.117070384 0.001876077 0.058427051 0.994704366 -0.084555008 -0.361484140 0.122212701 0.076935567 0.989517570 -0.111881651
0.990922809 -0.067360163 -0.116338283 0.004169157 0.057325728 0.994509637 -0.087546110 -0.375344545 0.121596664 0.080082268 0.989343762 -0.116817676
0.990839481 -0.067000158 -0.117252089 0.006599315 0.056675538 0.994392872 -0.089278750 -0.385705471 0.122576334 0.081815593 0.989081025 -0.121249542
0.991080701 -0.066246696 -0.115630440 0.009224384 0.055849332 0.994287789 -0.090954274 -0.390364736 0.120995350 0.083685145 0.989119291 -0.123276912
0.991919637 -0.062973917 -0.110134967 0.013062157 0.052595399 0.994112909 -0.094727218 -0.389255852 0.115451939 0.088169202 0.989392281 -0.124225438
0.993367195 -0.056289189 -0.100265317 0.016975179 0.046256892 0.993940175 -0.099715538 -0.381871372 0.105270632 0.094416179 0.989951372 -0.120847411
0.994100094 -0.053703394 -0.094238847 0.019842168 0.043904025 0.993697286 -0.103141375 -0.369467944 0.099183932 0.098395385 0.990192354 -0.116043761
0.994355798 -0.052616574 -0.092130877 0.022726657 0.042986050 0.993693590 -0.103562742 -0.352958947 0.096998982 0.099017873 0.990346730 -0.108703919
0.994733572 -0.048585922 -0.090247206 0.025694977 0.039479308 0.994195223 -0.100086197 -0.332997262 0.094586127 0.095996201 0.990877509 -0.101263955
0.995173275 -0.042393476 -0.088504136 0.028523868 0.034292266 0.995248497 -0.091129072 -0.310792297 0.091946885 0.087654211 0.991898417 -0.092886232
0.995708346 -0.034275714 -0.085965365 0.031761952 0.027661299 0.996648312 -0.076987363 -0.286799848 0.088316023 0.074279048 0.993319154 -0.085681848
0.996175230 -0.025567073 -0.083554037 0.034672678 0.020619866 0.998012602 -0.059545454 -0.261830002 0.084910385 0.057594832 0.994722605 -0.077930465
0.996698201 -0.017380260 -0.079313472 0.038109895 0.014130726 0.999044836 -0.041349713 -0.236717299 0.079956383 0.040092427 0.995991766 -0.071101345
0.996989131 -0.011151401 -0.076735638 0.040893305 0.009137558 0.999605834 -0.026545158 -0.212153196 0.077001415 0.025764057 0.996698022 -0.064835832
0.997157037 -0.005800473 -0.075128049 0.043818042 0.004588669 0.999856770 -0.016292419 -0.188267499 0.075211793 0.015901364 0.997040808 -0.058572199
0.997215688 -0.001358923 -0.074559130 0.046622895 0.000604425 0.999948382 -0.010141096 -0.164788857 0.074569069 0.010067795 0.997165024 -0.051228851
0.997212648 0.001622458 -0.074594140 0.048489586 -0.002186636 0.999969602 -0.007482253 -0.142958343 0.074579731 0.007624508 0.997185886 -0.045919422
0.997354984 0.007283284 -0.072319008 0.050888177 -0.007871028 0.999938250 -0.007845437 -0.122073546 0.072257407 0.008393910 0.997350693 -0.042594995
0.997603059 0.016748074 -0.067139067 0.053084645 -0.017380241 0.999809861 -0.008842727 -0.103161827 0.066978209 0.009988425 0.997704446 -0.038622238
0.997588277 0.027717229 -0.063635007 0.054939348 -0.028250132 0.999572814 -0.007489769 -0.087096587 0.063400224 0.009269403 0.997945130 -0.035011031
0.997366250 0.039608762 -0.060759436 0.055543549 -0.039864883 0.999200523 -0.003008489 -0.076165296 0.060591701 0.005422733 0.998147905 -0.033812944
0.996887028 0.050443381 -0.060595155 0.054991886 -0.050267085 0.998726010 0.004431259 -0.072051153 0.060741484 -0.001371523 0.998152614 -0.035707377
0.996406972 0.057612445 -0.062080175 0.054958902 -0.056874949 0.998288929 0.013583557 -0.074293330 0.062756531 -0.010003944 0.997978747 -0.038667914
0.996048391 0.058758721 -0.066595770 0.055274915 -0.057421438 0.998111546 0.021821523 -0.083698831 0.067752205 -0.017911268 0.997541368 -0.043858558
0.995736480 0.057332329 -0.072262473 0.055145331 -0.055557348 0.998108029 0.026339762 -0.100118779 0.073635869 -0.022212751 0.997037768 -0.050641876
0.995534956 0.053424675 -0.077820145 0.057212118 -0.051525641 0.998327672 0.026211090 -0.121579632 0.079090320 -0.022084322 0.996622801 -0.058435977
0.995266378 0.047010325 -0.085058115 0.057421520 -0.045215361 0.998714566 0.022908630 -0.146752179 0.086025722 -0.018954257 0.996112585 -0.067175254
0.995039344 0.039354090 -0.091367282 0.056357287 -0.037966441 0.999136508 0.016876994 -0.174717754 0.091952570 -0.013324383 0.995674253 -0.077799000
0.994792938 0.032127831 -0.096720196 0.056715295 -0.031633016 0.999477446 0.006645393 -0.203933030 0.096883155 -0.003551239 0.995289445 -0.086442314
0.994569778 0.027080175 -0.100487106 0.057208721 -0.027893435 0.999588490 -0.006696759 -0.233992472 0.100264408 0.009463325 0.994915843 -0.095311239
0.994345069 0.023003086 -0.103675976 0.057176959 -0.025457434 0.999424636 -0.022412360 -0.264139682 0.103100777 0.024924945 0.994358599 -0.103329308
0.994432390 0.019545095 -0.103548288 0.059419777 -0.023619166 0.998988450 -0.038265638 -0.293309838 0.102695629 0.040498316 0.993888080 -0.109832250
0.994926155 0.015123811 -0.099464856 0.058908314 -0.020308807 0.998475492 -0.051324770 -0.321936876 0.098536991 0.053084366 0.993716538 -0.116299547
0.995861769 0.013873998 -0.089815319 0.057509031 -0.019473094 0.997900605 -0.061767183 -0.347700238 0.088769808 0.063260563 0.994041264 -0.120410003
0.996845186 0.016294474 -0.077679731 0.056036502 -0.021734854 0.997330248 -0.069713332 -0.370088667 0.076336406 0.071181752 0.994538069 -0.124590524
0.997860551 0.019427437 -0.062424660 0.054113869 -0.024166312 0.996808946 -0.076078400 -0.387947857 0.060747452 0.077424213 0.995145857 -0.128368437
0.998460829 0.021989373 -0.050916333 0.052662626 -0.026007196 0.996484160 -0.079642504 -0.403173208 0.048986029 0.080844104 0.995522261 -0.130760476
0.998428881 0.019217473 -0.052635416 0.051216159 -0.023470744 0.996403575 -0.081418745 -0.414864749 0.050881453 0.082526214 0.995289147 -0.132925123
0.998216629 0.016973484 -0.057231147 0.049530316 -0.021708194 0.996300519 -0.083150387 -0.422942132 0.055608068 0.084244490 0.994892240 -0.134225860
0.997748017 0.015000677 -0.065375246 0.048335012 -0.020596249 0.996101499 -0.085776664 -0.426424474 0.063833676 0.086929984 0.994167209 -0.134558618
0.997533798 0.017007958 -0.068096079 0.047627687 -0.023115933 0.995679021 -0.089938477 -0.423920512 0.066272162 0.091290772 0.993616641 -0.133342862
0.997567415 0.023266979 -0.065710388 0.048774339 -0.029423907 0.995104909 -0.094341971 -0.416272461 0.063193671 0.096045934 0.993368864 -0.127115399
0.997422576 0.028480159 -0.065856375 0.048070379 -0.034840696 0.994621158 -0.097544529 -0.402907312 0.062724061 0.099587597 0.993049860 -0.120914496
0.997186422 0.033152465 -0.067232370 0.047584612 -0.039695013 0.994351327 -0.098436698 -0.385987908 0.063589171 0.100828528 0.992869616 -0.112850338
0.996851861 0.038097430 -0.069533527 0.047351427 -0.044694271 0.994384527 -0.095925987 -0.365493149 0.065488532 0.098731756 0.992956817 -0.104408786
0.996464968 0.041499965 -0.073043056 0.047305156 -0.047915228 0.994932950 -0.088388495 -0.342576981 0.069004826 0.091575913 0.993404329 -0.095413879
0.996000171 0.045840621 -0.076696306 0.046956878 -0.051613189 0.995842516 -0.075058483 -0.317546755 0.072936714 0.078716807 0.994225264 -0.086600989
0.995418787 0.048164085 -0.082593448 0.046137050 -0.052941024 0.996989131 -0.056656085 -0.292288780 0.079615988 0.060769111 0.994971573 -0.077896401
0.994907558 0.047638368 -0.088823140 0.045062486 -0.050909910 0.998091996 -0.034936599 -0.266651511 0.086989343 0.039280668 0.995434523 -0.070315495
0.994207561 0.043771204 -0.098160118 0.041422054 -0.045167368 0.998906791 -0.012045512 -0.242149502 0.097525567 0.016409373 0.995097756 -0.064892747
0.993706048 0.040815435 -0.104318924 0.040635139 -0.040276751 0.999162138 0.007266040 -0.218849435 0.104528092 -0.003018681 0.994517326 -0.058533739
0.993423164 0.038689628 -0.107766345 0.042045608 -0.036628194 0.999107361 0.021043643 -0.196500316 0.108484328 -0.016957957 0.993953526 -0.051610865
0.993497610 0.035907961 -0.108042382 0.042099915 -0.033000194 0.999046564 0.028582413 -0.176825389 0.108965702 -0.024831139 0.993735313 -0.045481768
0.993855298 0.032868803 -0.105694175 0.040332895 -0.029664792 0.999055684 0.031744920 -0.159421802 0.106637791 -0.028414460 0.993891835 -0.040096913
0.994493484 0.030048033 -0.100398354 0.040683538 -0.027153371 0.999178767 0.030075241 -0.144236356 0.101219602 -0.027183477 0.994492650 -0.034311648
0.995182335 0.026139278 -0.094492540 0.042101633 -0.023929030 0.999414682 0.024448818 -0.130403370 0.095076308 -0.022069918 0.995225310 -0.028388740
0.995933175 0.024711899 -0.086639605 0.042067777 -0.023283139 0.999576390 0.017462939 -0.119440474 0.087034442 -0.015374679 0.996086657 -0.023705058
0.996637702 0.025720526 -0.077793106 0.042760827 -0.025005594 0.999635756 0.010150535 -0.110546030 0.078025848 -0.008171143 0.996917844 -0.019954985
0.997222841 0.029289741 -0.068474434 0.045555349 -0.028981086 0.999564826 0.005496897 -0.103294149 0.068605639 -0.003497168 0.997637749 -0.017868269
0.997515380 0.033394083 -0.062031563 0.050128955 -0.033177547 0.999439240 0.004517778 -0.098613828 0.062147643 -0.002448498 0.998063982 -0.017502090
0.997692764 0.036249671 -0.057403099 0.058608264 -0.035960671 0.999334812 0.006059936 -0.095926069 0.057584587 -0.003981700 0.998332679 -0.018117320
0.998033524 0.034902588 -0.052066620 0.069493502 -0.034423977 0.999356687 0.010061136 -0.095615774 0.052384283 -0.008249012 0.998592913 -0.019533817
0.998537004 0.028987076 -0.045646209 0.083321981 -0.028340019 0.999489367 0.014759548 -0.097428389 0.046050739 -0.013444340 0.998848617 -0.021521779
0.999002516 0.021967474 -0.038876913 0.098895416 -0.021285355 0.999613643 0.017873464 -0.101097852 0.039254531 -0.017028125 0.999084115 -0.025192408
0.999382973 0.015744263 -0.031397033 0.116451509 -0.015189553 0.999725699 0.017828539 -0.106185615 0.031669121 -0.017340630 0.999347985 -0.029175144
0.999679267 0.010503219 -0.023044802 0.135335565 -0.010182722 0.999850392 0.013981130 -0.111591093 0.023188204 -0.013741987 0.999636650 -0.034203436
0.999852479 0.004562100 -0.016559701 0.155323446 -0.004443254 0.999964178 0.007206518 -0.117247336 0.016591985 -0.007131876 0.999836922 -0.039483104
0.999954283 -0.001632515 -0.009421146 0.176329881 0.001622357 0.999998093 -0.001085773 -0.122520559 0.009422900 0.001070439 0.999955058 -0.045802619
0.999957860 -0.009031321 -0.001651082 0.198788300 0.009013985 0.999907136 -0.010221454 -0.127245694 0.001743242 0.010206142 0.999946415 -0.051918384
0.999807358 -0.018736731 0.005849141 0.221504316 0.018844411 0.999643147 -0.018931724 -0.130340531 -0.005492335 0.019038301 0.999803662 -0.054290995
0.999526918 -0.027505355 0.013761923 0.246800110 0.027877470 0.999229670 -0.027620804 -0.133123413 -0.012991602 0.027991384 0.999523759 -0.060455717
0.999146581 -0.035503782 0.021107750 0.273620486 0.036263995 0.998664618 -0.036795914 -0.134919599 -0.019773168 0.037529968 0.999099851 -0.066500790
0.998738229 -0.040634748 0.029509464 0.302465141 0.041966762 0.998058736 -0.046017379 -0.136021644 -0.027582275 0.047197729 0.998504698 -0.072911628
0.998284698 -0.044085488 0.038524583 0.333122492 0.046116449 0.997501075 -0.053524882 -0.136146322 -0.036068641 0.055209689 0.997823119 -0.078607172
0.997819424 -0.046011657 0.047321472 0.364889979 0.048769876 0.997072697 -0.058885809 -0.135556489 -0.044473518 0.061065268 0.997142494 -0.085958421
0.997332036 -0.043008290 0.058984030 0.397743136 0.046710692 0.996926248 -0.062897988 -0.134093553 -0.056097593 0.065485366 0.996275425 -0.092703134
0.996826112 -0.039565291 0.069082029 0.430861652 0.044093411 0.996890903 -0.065301836 -0.131983787 -0.066283561 0.068140641 0.995471418 -0.100201130
0.996371686 -0.038710099 0.075796016 0.460471451 0.043643016 0.996959984 -0.064544894 -0.128533572 -0.073067062 0.067618676 0.995032132 -0.097058304
0.995854557 -0.040755209 0.081318825 0.491862863 0.045722824 0.997139156 -0.060191099 -0.126043335 -0.078633085 0.063659705 0.994868994 -0.105041355
0.994965494 -0.044315729 0.089887515 0.522114158 0.049146730 0.997423291 -0.052262641 -0.123635851 -0.087339848 0.056417204 0.994579732 -0.112008579
0.993522823 -0.050308194 0.101889357 0.551415205 0.054872278 0.997588634 -0.042496867 -0.121743940 -0.099505723 0.047812507 0.993887603 -0.119098961
0.991473734 -0.057485662 0.116941310 0.578823090 0.061681919 0.997563839 -0.032583710 -0.120515361 -0.114783324 0.039519053 0.992604196 -0.123059444
0.989082694 -0.066170551 0.131669626 0.605318785 0.070008449 0.997239828 -0.024730399 -0.120214894 -0.129669771 0.033678394 0.990985155 -0.129330426
0.986430883 -0.073859863 0.146624610 0.629465759 0.077690832 0.996765316 -0.020567376 -0.120927371 -0.144631222 0.031679682 0.988978386 -0.133767232
0.983415306 -0.080357842 0.162594587 0.651087105 0.084789209 0.996188223 -0.020489443 -0.122344807 -0.160328329 0.033935901 0.986480176 -0.138059437
0.979927480 -0.082564421 0.181453198 0.670523345 0.088346876 0.995800495 -0.024005324 -0.123049073 -0.178709209 0.039554298 0.983106554 -0.127748981
0.976373196 -0.081507623 0.200129524 0.684795499 0.089161232 0.995579720 -0.029517390 -0.125472099 -0.196839020 0.046663783 0.979324698 -0.129585341
0.973003328 -0.077812031 0.217278302 0.693769038 0.087581649 0.995517910 -0.035686783 -0.127729639 -0.213527590 0.053752944 0.975457132 -0.126959369
0.970178664 -0.074413843 0.230685800 0.698062301 0.086100362 0.995442510 -0.040999651 -0.130078003 -0.226583511 0.059639119 0.972164154 -0.126573026
0.968211591 -0.071978673 0.239552468 0.696768284 0.084984660 0.995392501 -0.044399887 -0.132312760 -0.235252887 0.063346773 0.969867647 -0.122486986
0.967067957 -0.070686348 0.244505614 0.690509856 0.084331878 0.995385349 -0.045784228 -0.134693429 -0.240140975 0.064896069 0.968566358 -0.119832680
0.966733038 -0.070193209 0.245967880 0.680198729 0.083916076 0.995422125 -0.045748129 -0.136732996 -0.241630659 0.064866886 0.968197763 -0.110960230
0.967182219 -0.069244824 0.244466111 0.663979053 0.082794778 0.995523751 -0.045580022 -0.139016539 -0.240215644 0.064324707 0.968585968 -0.106212646
0.968584001 -0.066438943 0.239647463 0.643659234 0.079771802 0.995734513 -0.046360385 -0.140879333 -0.235545114 0.064021036 0.969752431 -0.095522128
0.970563412 -0.062525801 0.232588112 0.620522439 0.075458564 0.996035039 -0.047119506 -0.143249691 -0.228719711 0.063283235 0.971433222 -0.088642269
0.972797573 -0.061286535 0.223402992 0.595683813 0.073345564 0.996241510 -0.046079040 -0.146533445 -0.219739303 0.061211191 0.973636389 -0.080161929
0.975353241 -0.064851321 0.210903734 0.568448186 0.075463168 0.996235847 -0.042654712 -0.150792882 -0.207343638 0.057518873 0.976575732 -0.073340766
0.978080451 -0.070201337 0.196036622 0.540194511 0.079378426 0.996067762 -0.039345697 -0.155593172 -0.192503646 0.054044336 0.979806900 -0.065369628
0.980178833 -0.074250184 0.183674708 0.510740995 0.082558148 0.995861709 -0.037995592 -0.161232919 -0.180093423 0.052406318 0.982252479 -0.059534509
0.981731772 -0.074001946 0.175289452 0.482047886 0.082150869 0.995829344 -0.039687529 -0.166437656 -0.171621442 0.053362690 0.983716667 -0.053039454
0.983226895 -0.070973873 0.168010697 0.452353358 0.079330653 0.995896459 -0.043553211 -0.171554103 -0.164230123 0.056151085 0.984822571 -0.046641301
0.985067844 -0.069027521 0.157722965 0.421315283 0.077409931 0.995860994 -0.047629159 -0.175840557 -0.153782442 0.059127275 0.986334085 -0.037702132
0.986988544 -0.067554921 0.145910606 0.392050743 0.075563535 0.995883882 -0.050054591 -0.178933665 -0.141928598 0.060428832 0.988030672 -0.030945498
0.988860130 -0.065648347 0.133588508 0.364755601 0.072933301 0.996063292 -0.050385498 -0.181541488 -0.129754886 0.059567265 0.989755213 -0.023090081
0.990861893 -0.064505152 0.118455738 0.338602453 0.070803173 0.996248960 -0.049748324 -0.183924794 -0.114802390 0.057680763 0.991712332 -0.013978815
0.992738724 -0.062906906 0.102530658 0.314543903 0.068258017 0.996436834 -0.049542371 -0.186994985 -0.099048764 0.056181166 0.993495345 -0.001911033
0.994097114 -0.060348798 0.090160958 0.294086695 0.065061241 0.996614039 -0.050273757 -0.190153092 -0.086821713 0.055842977 0.994657516 0.011636510
0.994875193 -0.057834812 0.082936950 0.276534408 0.062382944 0.996626079 -0.053336427 -0.192891032 -0.079572432 0.058236934 0.995126486 0.027461790
0.995203614 -0.053497963 0.081900805 0.262648761 0.058221154 0.996708691 -0.056409881 -0.196858555 -0.078613430 0.060907677 0.995042801 0.043919064
0.995290339 -0.050301135 0.082867235 0.247964367 0.055117697 0.996857345 -0.056898866 -0.200887084 -0.079744741 0.061198343 0.994934916 0.062725849
0.994952202 -0.051245239 0.086279072 0.237968147 0.056037758 0.996963382 -0.054071773 -0.206064939 -0.083246149 0.058633711 0.994802594 0.079922922
0.994276404 -0.056100391 0.090923876 0.229474410 0.060770914 0.996926665 -0.049438197 -0.211270228 -0.087870926 0.054680761 0.994629920 0.097528234
0.993439555 -0.064144798 0.094674692 0.222426325 0.068643846 0.996623456 -0.045052208 -0.217240080 -0.091465160 0.051255479 0.994488299 0.114732102
0.992691040 -0.070011385 0.098299809 0.216708377 0.074552320 0.996276438 -0.043303516 -0.224208087 -0.094902046 0.050315488 0.994214237 0.131473377
0.991895795 -0.071246937 0.105197944 0.213104934 0.076165974 0.996145725 -0.043502603 -0.230637372 -0.101693057 0.051162552 0.993499339 0.145898715
0.990929008 -0.072501965 0.113151193 0.210079163 0.077988409 0.995945692 -0.044833388 -0.237460390 -0.109441936 0.053251188 0.992565751 0.158495471
0.990107179 -0.078848891 0.116062835 0.207958043 0.084621586 0.995365858 -0.045673072 -0.243443936 -0.111923710 0.055042654 0.992191195 0.166058436
0.989245355 -0.088752948 0.116260886 0.205978096 0.094664268 0.994430125 -0.046340469 -0.250482440 -0.111500472 0.056847844 0.992137074 0.167905182
0.988379836 -0.098480567 0.115788110 0.203990906 0.104438886 0.993440986 -0.046556171 -0.256052017 -0.110443778 0.058107961 0.992182255 0.166681334
0.987739742 -0.107347727 0.113343328 0.200612158 0.113089934 0.992542744 -0.045491911 -0.261527985 -0.107614651 0.057752155 0.992513895 0.160358340
0.987335622 -0.111882418 0.112475403 0.197437793 0.117371604 0.992138982 -0.043407295 -0.265826792 -0.106734715 0.056058984 0.992705941 0.149938747
0.987192512 -0.108170912 0.117260158 0.191779628 0.113774031 0.992611170 -0.042173121 -0.266959488 -0.111831829 0.054974150 0.992205381 0.137190476
0.987460315 -0.094233893 0.126657397 0.185961589 0.100197859 0.994099259 -0.041557539 -0.266337544 -0.121993899 0.053727221 0.991075635 0.123237193
0.987477541 -0.077646092 0.137328759 0.177825600 0.083921075 0.995648980 -0.040500801 -0.263195753 -0.133586511 0.051518407 0.989697158 0.110204361
0.987442195 -0.064901389 0.144033879 0.168751583 0.071161993 0.996712029 -0.038743354 -0.256259888 -0.141045809 0.048506558 0.988814056 0.094530337
0.987230420 -0.054815140 0.149570614 0.159993976 0.060711894 0.997536421 -0.035144154 -0.248096421 -0.147275716 0.043776091 0.988126278 0.077595361
0.987355292 -0.048434168 0.150942549 0.149804860 0.053317770 0.998171568 -0.028474240 -0.236390293 -0.149287418 0.036162108 0.988132358 0.061918426
0.987544477 -0.044279557 0.150980949 0.140418485 0.047498915 0.998713017 -0.017781861 -0.223457918 -0.149999261 0.024731811 0.988376737 0.048100632
0.987905741 -0.042275056 0.149181396 0.130844086 0.043092258 0.999068558 -0.002248345 -0.208119079 -0.148947388 0.008649715 0.988807321 0.036068350
0.988440931 -0.044218145 0.145014763 0.122298338 0.042120375 0.998959184 0.017505946 -0.191750929 -0.145637900 -0.011195518 0.989274621 0.026581110
0.989087999 -0.046185300 0.139899284 0.114191987 0.041292749 0.998436451 0.037676543 -0.175210178 -0.141420662 -0.031488590 0.989448667 0.018475017
0.989550650 -0.044336237 0.137199849 0.107876740 0.037206359 0.997841954 0.054103415 -0.158789992 -0.139302492 -0.048433367 0.989064693 0.012292803
0.989697278 -0.041285284 0.137094125 0.101862788 0.032672159 0.997383118 0.064493649 -0.143405557 -0.139397994 -0.059350029 0.988456249 0.008617765
0.989941537 -0.038919523 0.136018649 0.097090632 0.029867694 0.997240365 0.067967512 -0.129571810 -0.138288543 -0.063221298 0.988372087 0.000547035
0.990174413 -0.038045302 0.134563163 0.091511026 0.029613338 0.997502863 0.064118057 -0.116485678 -0.136666521 -0.059503190 0.988828421 0.000373402
0.990114033 -0.037486475 0.135162815 0.086782075 0.030373495 0.998062074 0.054309372 -0.104789630 -0.136936739 -0.049667101 0.989333868 0.000609416
0.990169585 -0.039183147 0.134271488 0.081920795 0.033866033 0.998557806 0.041658305 -0.094111003 -0.135710135 -0.036701545 0.990068555 0.002785864
0.990029097 -0.039056003 0.135340512 0.078351751 0.035210378 0.998908460 0.030693531 -0.085302375 -0.136391550 -0.025622100 0.990323603 0.003985307
0.990029454 -0.038664695 0.135449931 0.075374909 0.035793047 0.999081135 0.023573251 -0.077787876 -0.136236921 -0.018490048 0.990503728 0.007539720
0.990024269 -0.039054416 0.135376304 0.073936537 0.036533065 0.999110520 0.021060217 -0.072492480 -0.136078387 -0.015904415 0.990570426 0.011997492
0.989867270 -0.038471498 0.136684790 0.073113941 0.035741694 0.999110639 0.022370823 -0.068358831 -0.137423858 -0.017258801 0.990361989 0.018187106
0.989772022 -0.038814496 0.137276202 0.072390869 0.035583127 0.999030650 0.025916286 -0.065375678 -0.138149053 -0.020766500 0.990193725 0.025709711
0.989323378 -0.041718427 0.139637992 0.072523549 0.037825134 0.998821199 0.030421237 -0.063074395 -0.140742525 -0.024814615 0.989735186 0.033339322
0.988553584 -0.045577325 0.143821254 0.073199593 0.041189879 0.998594940 0.033339217 -0.061441690 -0.145138696 -0.027033623 0.989041924 0.041723095
0.987489820 -0.049283419 0.149783239 0.074191317 0.044667680 0.998422205 0.034027714 -0.059936877 -0.151223913 -0.026911551 0.988133132 0.051140070
0.986587107 -0.053300545 0.154288322 0.075603537 0.048673131 0.998248816 0.033618364 -0.058433365 -0.155810028 -0.025657751 0.987453759 0.059957765
0.985661983 -0.057979558 0.158457607 0.077396840 0.053328890 0.998016596 0.033449333 -0.056579657 -0.160082698 -0.024519367 0.986799061 0.068554528
0.984602511 -0.059043959 0.164534926 0.079418436 0.054326341 0.997976780 0.033030376 -0.054734230 -0.166152269 -0.023583209 0.985818088 0.076445758
0.983790696 -0.060923539 0.168653995 0.081685834 0.056143977 0.997878194 0.032968979 -0.053467669 -0.170304745 -0.022965670 0.985123813 0.084286906
0.983375192 -0.065941326 0.169189066 0.083862945 0.061055265 0.997557640 0.033926763 -0.052722879 -0.171013027 -0.023032853 0.984999537 0.089199744
0.983114004 -0.070742965 0.168766811 0.086079374 0.065934613 0.997246742 0.033934101 -0.051940911 -0.170702741 -0.022233516 0.985071719 0.094655395
0.982445657 -0.072390839 0.171930581 0.088435084 0.067353785 0.997116506 0.034959834 -0.050984658 -0.173965573 -0.022765964 0.984488547 0.097664803
0.981947660 -0.073623434 0.174236625 0.090611935 0.067740172 0.996921420 0.039483517 -0.049415726 -0.176607132 -0.026967928 0.983911932 0.101377659
0.981507242 -0.075912356 0.175729588 0.092080578 0.068663478 0.996533155 0.046978336 -0.047382213 -0.178686604 -0.034043375 0.983316898 0.104682416
0.981219947 -0.078417644 0.176233113 0.093297318 0.069779515 0.996061683 0.054698888 -0.045250069 -0.179828405 -0.041374180 0.982827544 0.107719623
0.980994165 -0.078785211 0.177322820 0.093930967 0.069148183 0.995806754 0.059895698 -0.042902768 -0.181298152 -0.046495777 0.982328415 0.112059407
0.981040418 -0.079391919 0.176795393 0.094818942 0.069352217 0.995646894 0.062269688 -0.040783539 -0.180969507 -0.048827931 0.982275844 0.114514500
0.981560230 -0.080769897 0.173250630 0.095695451 0.070972919 0.995547891 0.062026367 -0.039654005 -0.177489147 -0.048586510 0.982922673 0.113499597
0.981730998 -0.081288822 0.172036067 0.096018165 0.072162174 0.995666087 0.058666106 -0.038505286 -0.176059380 -0.045179840 0.983342171 0.115030169
0.981795251 -0.081392370 0.171619982 0.096095264 0.073185496 0.995875478 0.053627159 -0.037603926 -0.175276965 -0.040090796 0.983702540 0.116033904
0.982109547 -0.081515267 0.169753045 0.095929414 0.074310169 0.996060729 0.048384562 -0.036458619 -0.173028409 -0.034904562 0.984298170 0.117101498
0.982057273 -0.077265665 0.172027603 0.095517412 0.071317524 0.996631026 0.040502053 -0.035631854 -0.174577460 -0.027506756 0.984259188 0.117522627
0.982085109 -0.075559072 0.172625735 0.094641849 0.070599265 0.996900976 0.034701839 -0.035719424 -0.174712792 -0.021892913 0.984376013 0.117441803
0.982569933 -0.071994975 0.171385735 0.094066449 0.067557812 0.997215092 0.031590734 -0.036236659 -0.173182815 -0.019461662 0.984697402 0.117028661
0.982541621 -0.068173796 0.173101842 0.093772948 0.063485444 0.997453928 0.032484524 -0.035155132 -0.174875706 -0.020927949 0.984368086 0.117645122
0.982388735 -0.066582389 0.174582690 0.092969462 0.062808596 0.997658730 0.027059089 -0.034886762 -0.175975591 -0.015617254 0.984270632 0.118182682
0.982261777 -0.066747047 0.175233230 0.092323482 0.064342938 0.997739792 0.019371796 -0.034427226 -0.176130190 -0.007753155 0.984336376 0.118261382
0.982346952 -0.066593766 0.174813509 0.092024900 0.063689336 0.997723281 0.022178667 -0.034376733 -0.175892472 -0.010653390 0.984351754 0.118402861
0.982321918 -0.065285586 0.175446272 0.092539907 0.062417667 0.997811556 0.021821301 -0.034100916 -0.176486939 -0.010484599 0.984247148 0.118205376
0.982257783 -0.066510707 0.175345287 0.092552811 0.064317420 0.997764111 0.018168174 -0.034497730 -0.176161602 -0.006568073 0.984339356 0.118412517
0.982338369 -0.066140510 0.175033554 0.092663594 0.063846163 0.997784317 0.018713092 -0.034306828 -0.175883427 -0.007207368 0.984384596 0.118232936
0.982483327 -0.064144552 0.174962685 0.092681281 0.061783910 0.997910380 0.018911734 -0.034012474 -0.175810173 -0.007770586 0.984393418 0.118105501
0.982564390 -0.063928135 0.174586564 0.092746541 0.061572336 0.997923970 0.018882539 -0.034091931 -0.175431252 -0.007803607 0.984460771 0.117977351
0.982494175 -0.066016994 0.174203813 0.092271850 0.063612513 0.997786939 0.019356463 -0.034027264 -0.175096154 -0.007936070 0.984519362 0.117924564
0.982457459 -0.064900093 0.174829260 0.092609711 0.062464647 0.997858524 0.019403223 -0.034096193 -0.175714150 -0.008142194 0.984407544 0.117980801
0.982479095 -0.065737851 0.174394414 0.092344306 0.063355871 0.997806370 0.019196857 -0.034058362 -0.175273821 -0.007811599 0.984488726 0.117728002
0.982492208 -0.065153576 0.174539492 0.092412546 0.062727042 0.997842371 0.019389154 -0.034021471 -0.175426170 -0.008101348 0.984459281 0.117698982
0.982477069 -0.065218374 0.174600467 0.092213228 0.062836647 0.997840285 0.019140575 -0.033934608 -0.175471708 -0.007833870 0.984453321 0.118273407
0.982463121 -0.065390639 0.174614504 0.092253178 0.063015215 0.997829378 0.019119708 -0.034025893 -0.175485745 -0.007781040 0.984451234 0.118342020
0.982463658 -0.065144062 0.174703747 0.092652194 0.062745675 0.997844398 0.019222755 -0.034048855 -0.175579399 -0.007923754 0.984433413 0.117696799
0.982472360 -0.065820396 0.174401253 0.092499115 0.063454166 0.997801661 0.019115357 -0.034025993 -0.175276041 -0.007713826 0.984489083 0.117768221
0.982456207 -0.064775743 0.174882546 0.092417777 0.062383827 0.997868598 0.019145975 -0.033885270 -0.175750002 -0.007900240 0.984403133 0.118021592
0.982449114 -0.065990612 0.174467683 0.092252694 0.063623145 0.997790575 0.019134214 -0.034026723 -0.175344884 -0.007698210 0.984476984 0.118132710
0.982460618 -0.065007299 0.174771771 0.092384174 0.062617898 0.997853696 0.019157257 -0.033865217 -0.175642028 -0.007877409 0.984422565 0.117987566
0.982449234 -0.065640323 0.174599260 0.092279345 0.063253544 0.997812688 0.019205989 -0.033875059 -0.175478041 -0.007824887 0.984452248 0.118031606
0.982444882 -0.065466918 0.174688548 0.092386611 0.063081332 0.997824073 0.019180033 -0.033863824 -0.175564080 -0.007823741 0.984436929 0.118005618
0.982444704 -0.065497421 0.174678326 0.092371814 0.063109897 0.997821987 0.019194040 -0.033920102 -0.175555021 -0.007833152 0.984438479 0.118059441
0.982476950 -0.065631568 0.174446419 0.092364021 0.063257322 0.997813642 0.019141821 -0.033833239 -0.175321326 -0.007771386 0.984480619 0.117987759
0.982470214 -0.065406762 0.174568683 0.092415094 0.063016944 0.997827649 0.019203927 -0.033904221 -0.175445527 -0.007866502 0.984457731 0.118004642
0.982461512 -0.065516345 0.174576670 0.092348695 0.063175134 0.997822702 0.018940436 -0.033884980 -0.175437480 -0.007579345 0.984461427 0.118237875
0.982450008 -0.065131940 0.174784943 0.092380479 0.062765352 0.997846663 0.019039793 -0.033852346 -0.175648674 -0.007735207 0.984422505 0.118242443
0.982456684 -0.065961979 0.174435973 0.092332229 0.063578151 0.997791648 0.019225050 -0.033887096 -0.175318897 -0.007797462 0.984480798 0.117957383
0.982460022 -0.065636270 0.174539819 0.092447475 0.063229345 0.997811973 0.019321375 -0.033910621 -0.175426111 -0.007946440 0.984460533 0.118075855
0.982450604 -0.065572128 0.174616963 0.092451297 0.063207924 0.997818112 0.019072549 -0.033966236 -0.175486594 -0.007700662 0.984451711 0.118271925
0.982460380 -0.065388903 0.174630672 0.092446975 0.063014656 0.997829556 0.019112203 -0.033944484 -0.175501376 -0.007772692 0.984448493 0.118362486
0.982471943 -0.065315396 0.174593225 0.092475034 0.062936634 0.997834086 0.019132771 -0.033895079 -0.175464734 -0.007809102 0.984454751 0.118280560
0.982463479 -0.065491728 0.174574926 0.092435926 0.063116468 0.997822821 0.019129386 -0.033961184 -0.175447658 -0.007775370 0.984458029 0.118382551
0.982458532 -0.065299980 0.174674466 0.092430301 0.062916793 0.997834980 0.019152608 -0.033899821 -0.175546959 -0.007826688 0.984439969 0.118277460
0.982474566 -0.065407194 0.174544066 0.092451714 0.063036986 0.997828484 0.019095009 -0.033941358 -0.175413996 -0.007757630 0.984464169 0.118313193
0.982485771 -0.064951815 0.174651086 0.092442356 0.062598132 0.997858763 0.018957578 -0.033829164 -0.175508440 -0.007692719 0.984447896 0.118129991
0.982484102 -0.065073945 0.174615100 0.092447758 0.062727235 0.997851133 0.018930754 -0.033830266 -0.175471768 -0.007646041 0.984454751 0.118163317
0.982485414 -0.065035537 0.174621776 0.092439644 0.062676713 0.997853100 0.018995088 -0.033795051 -0.175482228 -0.007717680 0.984452367 0.118041046
0.982483804 -0.065144606 0.174590379 0.092432044 0.062791653 0.997846305 0.018973133 -0.033885296 -0.175450355 -0.007677978 0.984458327 0.118126228
0.982495368 -0.065432072 0.174417555 0.092455380 0.063099533 0.997828424 0.018891327 -0.033936165 -0.175274879 -0.007554975 0.984490573 0.118195869
0.982498109 -0.065478884 0.174384534 0.092450909 0.063141130 0.997825146 0.018926192 -0.033967063 -0.175244540 -0.007584115 0.984495699 0.118153214
0.982474864 -0.065286033 0.174587592 0.092473671 0.062942080 0.997837543 0.018935159 -0.033825085 -0.175446257 -0.007614413 0.984459579 0.118086427
0.982468784 -0.065249480 0.174635515 0.092498921 0.062894322 0.997839451 0.018992670 -0.033874076 -0.175497457 -0.007676125 0.984449983 0.118099466
0.982472420 -0.065209433 0.174630076 0.092458107 0.062861532 0.997842371 0.018948739 -0.033817317 -0.175488919 -0.007639101 0.984451771 0.118119374
0.982472360 -0.065376543 0.174568117 0.092415184 0.063021161 0.997831166 0.019008083 -0.033856437 -0.175432175 -0.007673432 0.984461606 0.118070103
0.982470632 -0.065185562 0.174649179 0.092419557 0.062809139 0.997842669 0.019105731 -0.033851590 -0.175517827 -0.007801255 0.984445333 0.118332669
0.982468665 -0.065321960 0.174609125 0.092391282 0.062942736 0.997833669 0.019135263 -0.033849828 -0.175480813 -0.007809422 0.984451890 0.118363500
0.982468486 -0.065330438 0.174607113 0.092385575 0.062950246 0.997833073 0.019141486 -0.033850297 -0.175479278 -0.007814346 0.984452128 0.118246190
0.982474208 -0.065336004 0.174572900 0.092510760 0.062955722 0.997832716 0.019144006 -0.033867862 -0.175445333 -0.007818129 0.984458148 0.118298478
0.982452035 -0.064977087 0.174831167 0.091908813 0.062539749 0.997853518 0.019420475 -0.033452377 -0.175717786 -0.008145789 0.984406888 0.121001400
0.982446969 -0.064841621 0.174910069 0.091970652 0.062384866 0.997861385 0.019513618 -0.033401500 -0.175801307 -0.008259354 0.984391034 0.120856509
0.982436061 -0.065074421 0.174884811 0.091896549 0.062637724 0.997847319 0.019422963 -0.033501018 -0.175772265 -0.008127436 0.984397292 0.120944262
0.982436359 -0.065059297 0.174888790 0.091981597 0.062617145 0.997848034 0.019451952 -0.033528484 -0.175777972 -0.008159269 0.984396040 0.120873749
0.982571959 -0.064919762 0.174177274 0.091756493 0.062469713 0.997856021 0.019517951 -0.033459097 -0.175070927 -0.008296989 0.984520853 0.120993756
0.982488215 -0.064943880 0.174640194 0.091763198 0.062481765 0.997854292 0.019565545 -0.033419728 -0.175536141 -0.008311090 0.984437883 0.120967135
0.982511997 -0.065483652 0.174304470 0.092353567 0.063122697 0.997823715 0.019060507 -0.033836935 -0.175173298 -0.007724609 0.984507322 0.118371755
0.982471287 -0.065475039 0.174536929 0.092411965 0.063139893 0.997825623 0.018904492 -0.033827737 -0.175395206 -0.007552878 0.984469116 0.118291274
0.982257605 -0.065577254 0.175697520 0.091890201 0.063105911 0.997813880 0.019622583 -0.033393111 -0.176600233 -0.008186880 0.984248638 0.121117555
0.982367098 -0.065515362 0.175107509 0.091914266 0.063028567 0.997816622 0.019731466 -0.033371091 -0.176017910 -0.008346770 0.984351575 0.120875731
0.982371688 -0.065698542 0.175013229 0.091918439 0.063246645 0.997806311 0.019556867 -0.033436950 -0.175914153 -0.008143114 0.984371841 0.121155784
0.982371449 -0.065734833 0.175000727 0.091770202 0.063267946 0.997803211 0.019644497 -0.033466760 -0.175907612 -0.008226259 0.984372318 0.120898388
0.982486010 -0.065770023 0.174343199 0.091894865 0.063284539 0.997799397 0.019783517 -0.033526495 -0.175260693 -0.008403800 0.984486163 0.121050939
0.982455850 -0.065828003 0.174491078 0.091801919 0.063350774 0.997796178 0.019735018 -0.033493586 -0.175405651 -0.008334639 0.984460950 0.120879963
0.982453287 -0.065793432 0.174518615 0.091879055 0.063312806 0.997798324 0.019749785 -0.033509329 -0.175433785 -0.008353980 0.984455764 0.120901398
0.982456505 -0.065956861 0.174438849 0.091853522 0.063452065 0.997786403 0.019903604 -0.033397172 -0.175365493 -0.008485922 0.984466851 0.120801337
0.982350469 -0.066145048 0.174963921 0.091954492 0.063641459 0.997774661 0.019887701 -0.033611897 -0.175890028 -0.008401732 0.984373987 0.120924130
0.982317209 -0.066256344 0.175108597 0.091931216 0.063726112 0.997766197 0.020039501 -0.033484545 -0.176045194 -0.008526158 0.984345138 0.120712653
0.982451320 -0.065879747 0.174497113 0.091845565 0.063356027 0.997790575 0.020000231 -0.033579588 -0.175429180 -0.008593810 0.984454572 0.121103659
0.982443571 -0.065923892 0.174524099 0.091933273 0.063382350 0.997786820 0.020102749 -0.033669170 -0.175463110 -0.008688072 0.984447658 0.121051803
0.982565403 -0.065764718 0.173897341 0.091991842 0.063242294 0.997797549 0.020012837 -0.033600993 -0.174830481 -0.008666253 0.984560430 0.120921247
0.982568741 -0.065613292 0.173935696 0.092131145 0.063081093 0.997806907 0.020052727 -0.033578694 -0.174869969 -0.008731128 0.984552801 0.120910674
0.982586503 -0.065427497 0.173905134 0.091997594 0.062900886 0.997819245 0.020006621 -0.033569433 -0.174834877 -0.008719452 0.984559178 0.120882429
0.982544720 -0.065615550 0.174070448 0.092103049 0.063081488 0.997806847 0.020056643 -0.033596922 -0.175004721 -0.008725927 0.984528899 0.121013306
0.982477188 -0.065535776 0.174481034 0.092023209 0.063010313 0.997812867 0.019980673 -0.033570863 -0.175408870 -0.008636451 0.984457791 0.120704129
0.982423007 -0.065825850 0.174676955 0.092069477 0.063269973 0.997792661 0.020166785 -0.033536561 -0.175618887 -0.008760507 0.984419227 0.120616555
0.982415676 -0.065690555 0.174769074 0.092034109 0.063152216 0.997802436 0.020051960 -0.033612937 -0.175702244 -0.008662305 0.984405220 0.120839819
0.982423842 -0.065911070 0.174640074 0.091924459 0.063367084 0.997787654 0.020109480 -0.033586327 -0.175579146 -0.008689601 0.984426975 0.120587237
0.982430637 -0.065806672 0.174640998 0.092071109 0.063236207 0.997793138 0.020248748 -0.033597287 -0.175588086 -0.008849358 0.984423935 0.120872341
0.982438087 -0.065794259 0.174603969 0.092034146 0.063227847 0.997794151 0.020226840 -0.033655889 -0.175549626 -0.008831786 0.984430969 0.120857611
0.982441187 -0.065967016 0.174521253 0.092139736 0.063426249 0.997784078 0.020102281 -0.033619538 -0.175460622 -0.008680081 0.984448195 0.120737508
0.982452810 -0.065863922 0.174494714 0.092090808 0.063326135 0.997790873 0.020077886 -0.033616778 -0.175431639 -0.008675501 0.984453380 0.120612323
0.982467294 -0.065989181 0.174365968 0.092086188 0.063456982 0.997782886 0.020063896 -0.033585373 -0.175303370 -0.008647382 0.984476507 0.120753251
0.982455373 -0.065953620 0.174446285 0.092189610 0.063404597 0.997784436 0.020151205 -0.033672262 -0.175388843 -0.008736963 0.984460473 0.120514773
0.982474446 -0.065743737 0.174418122 0.091969736 0.063215010 0.997799098 0.020020293 -0.033546787 -0.175350457 -0.008643584 0.984468162 0.120740145
0.982468367 -0.065668881 0.174480811 0.092103019 0.063124031 0.997803211 0.020101145 -0.033620268 -0.175417528 -0.008734806 0.984455407 0.120614469
0.982443035 -0.065951765 0.174516588 0.092044652 0.063409507 0.997784972 0.020109514 -0.033539265 -0.175456285 -0.008690441 0.984448850 0.120583326
