1.000000000 0.000000000 0.000000000 0.000000000 0.000000000 1.000000000 0.000000000 -0.000000060 0.000000000 0.000000000 1.000000000 0.000000119
0.999986827 0.001405042 0.004932697 0.002009058 -0.001421916 0.999993145 0.003419051 -0.001812260 -0.004927860 -0.003426020 0.999981999 -0.000952944
0.999971032 0.001047315 0.007537865 0.004378388 -0.001095918 0.999978602 0.006446593 -0.004670183 -0.007530951 -0.006454667 0.999950826 -0.003361521
0.999941349 0.000272116 0.010828302 0.008181402 -0.000370361 0.999958754 0.009072065 -0.009325434 -0.010825387 -0.009075543 0.999900222 -0.005499484
0.999866128 -0.000309303 0.016360452 0.012540204 0.000130018 0.999939919 0.010958316 -0.015142387 -0.016362859 -0.010954721 0.999806106 -0.007527067
0.999775946 -0.001866121 0.021085763 0.017277541 0.001597927 0.999917686 0.012728891 -0.022553192 -0.021107784 -0.012692346 0.999696612 -0.009805898
0.999646127 -0.001651014 0.026549373 0.022545731 0.001276799 0.999899685 0.014105842 -0.030745905 -0.026570000 -0.014066951 0.999547958 -0.012607815
0.999519765 -0.001134081 0.030966446 0.028087310 0.000619442 0.999861598 0.016623776 -0.039527342 -0.030981012 -0.016596612 0.999382198 -0.015288904
0.999379814 0.000109111 0.035213400 0.033097029 -0.000865964 0.999768913 0.021478770 -0.047809608 -0.035202917 -0.021495944 0.999148965 -0.017705861
0.999251544 0.000866196 0.038672376 0.038402926 -0.001939492 0.999613702 0.027724674 -0.055175900 -0.038633425 -0.027778929 0.998867273 -0.021360185
0.999180794 0.000178651 0.040469229 0.043664731 -0.001534868 0.999438107 0.033483703 -0.062646225 -0.040440507 -0.033518385 0.998619616 -0.023886291
0.998962462 -0.001169422 0.045526493 0.048101615 -0.000586700 0.999256849 0.038541175 -0.070894390 -0.045537729 -0.038527898 0.998219371 -0.026692888
0.998610795 -0.000505641 0.052690398 0.051660310 -0.001497045 0.999278069 0.037962168 -0.080512509 -0.052671555 -0.037988313 0.997889042 -0.030150475
0.998191833 0.003907110 0.059981499 0.054742273 -0.005991734 0.999382794 0.034614034 -0.092470393 -0.059809234 -0.034910843 0.997599185 -0.033396706
0.997796893 0.005661803 0.066100597 0.057304818 -0.007754807 0.999475241 0.031450409 -0.107252344 -0.065887839 -0.031893719 0.997317195 -0.038281314
0.997562647 0.005706024 0.069542885 0.059430432 -0.007931047 0.999464035 0.031760972 -0.123719640 -0.069324389 -0.032235105 0.997073233 -0.041552819
0.997255623 0.006248907 0.073771052 0.061112359 -0.009094971 0.999224603 0.038307030 -0.142666623 -0.073474474 -0.038872849 0.996539235 -0.046488333
0.996820807 0.007928603 0.079280600 0.062923290 -0.011512416 0.998927414 0.044849772 -0.163059950 -0.078839973 -0.045619894 0.995842874 -0.051081803
0.995968223 0.011796887 0.088927433 0.064795487 -0.015965186 0.998799622 0.046308450 -0.185532689 -0.088274390 -0.047541492 0.994961023 -0.054647725
0.994908929 0.017949820 0.099166580 0.065828934 -0.022262264 0.998846173 0.042552821 -0.208986819 -0.098288335 -0.044543855 0.994160593 -0.059852201
0.994244695 0.018885909 0.105455242 0.066368237 -0.022409862 0.999225914 0.032332182 -0.230467945 -0.104762994 -0.034509338 0.993898273 -0.060315255
0.993343592 0.024207095 0.112616837 0.066815972 -0.026686369 0.999432385 0.020559786 -0.253769934 -0.112055227 -0.023428267 0.993425786 -0.064165801
0.992277622 0.031173430 0.120055407 0.066907465 -0.032561354 0.999423504 0.009615945 -0.275386304 -0.119686425 -0.013450854 0.992720604 -0.067218006
0.991117656 0.038999412 0.127141044 0.066819869 -0.039440956 0.999221444 0.000956255 -0.294765502 -0.127004758 -0.005962326 0.991884172 -0.071390823
0.990449131 0.042797454 0.131068215 0.065715887 -0.042662553 0.999082148 -0.003838344 -0.315246344 -0.131112173 -0.001790018 0.991365910 -0.077728182
0.990002453 0.044012699 0.134007394 0.065375865 -0.043432016 0.999030054 -0.007254839 -0.333435565 -0.134196728 0.001362098 0.990953803 -0.081734419
0.989554346 0.043734483 0.137366146 0.066162460 -0.043085322 0.999041736 -0.007697018 -0.346984506 -0.137571126 0.001698153 0.990490437 -0.085288927
0.989057720 0.042783253 0.141189247 0.067321204 -0.042421132 0.999084294 -0.005574967 -0.355414927 -0.141298473 -0.000475443 0.989966929 -0.087995835
0.988696277 0.038758069 0.144836098 0.069703095 -0.038967036 0.999239504 -0.001394911 -0.355267406 -0.144780010 -0.004264689 0.989454687 -0.087162182
0.988686144 0.035014018 0.145855278 0.072419994 -0.036127172 0.999334753 0.004989267 -0.349209040 -0.145583540 -0.010202158 0.989293337 -0.086174734
0.988837004 0.031637501 0.145603687 0.075168304 -0.034032550 0.999322832 0.013987074 -0.335507274 -0.145062566 -0.018786201 0.989244103 -0.083296210
0.989485979 0.024651077 0.142512634 0.077542983 -0.028630678 0.999253392 0.025941420 -0.315085948 -0.141766742 -0.029748905 0.989452958 -0.077057198
0.990021348 0.016732540 0.139920697 0.079812840 -0.022760335 0.998875439 0.041591384 -0.288122654 -0.139067426 -0.044360995 0.989288807 -0.070839874
0.990099669 0.009114558 0.140069962 0.080927417 -0.018035291 0.997878790 0.062550969 -0.262254953 -0.139202714 -0.064457901 0.988163829 -0.065941505
0.990132689 0.000517420 0.140131906 0.084648862 -0.012633313 0.996250808 0.085584909 -0.233922303 -0.139562234 -0.086510748 0.986427009 -0.060264491
0.990025342 -0.004663058 0.140812352 0.085207194 -0.010831790 0.993974805 0.109072186 -0.204076871 -0.140472546 -0.109509476 0.984009743 -0.055752262
0.990211189 -0.013450136 0.138927609 0.086445674 -0.005101810 0.991193295 0.132324696 -0.176436156 -0.139483899 -0.131738186 0.981422067 -0.049801189
0.990699172 -0.020822586 0.134467855 0.087308228 0.000073519 0.988303661 0.152498946 -0.152334794 -0.136070505 -0.151070699 0.979113102 -0.045792308
0.990931869 -0.025841657 0.131856725 0.088994071 0.003220893 0.985617876 0.168958515 -0.130583584 -0.134326503 -0.167001694 0.976763427 -0.040696640
0.991606474 -0.029001039 0.125998095 0.089962661 0.005976692 0.983758867 0.179395586 -0.113498323 -0.129154399 -0.177136779 0.975674987 -0.038213179
0.992194176 -0.027865559 0.121549115 0.089184798 0.005087717 0.982947946 0.183813706 -0.103400499 -0.124598518 -0.181760475 0.975417018 -0.042185325
0.992471874 -0.021932790 0.120493002 0.089976117 -0.000774348 0.982690573 0.185252815 -0.096182868 -0.122470446 -0.183951497 0.975275755 -0.042795196
0.992650330 -0.013543265 0.120257504 0.090439245 -0.008896893 0.982862175 0.184127107 -0.094530746 -0.120690234 -0.183843747 0.975517988 -0.044557489
0.992782712 -0.005445787 0.119803123 0.090485804 -0.016719230 0.982928097 0.183228806 -0.099666096 -0.118755676 -0.183909401 0.975742996 -0.047349930
0.993035197 0.000131081 0.117817849 0.090067230 -0.021759540 0.983000696 0.182307988 -0.111487202 -0.115791127 -0.183601916 0.976157129 -0.051801357
0.993338168 0.005512360 0.115104064 0.089694344 -0.026359342 0.983241677 0.180391178 -0.129558891 -0.112180740 -0.182223514 0.976836801 -0.057547931
0.993433595 0.009825357 0.113987587 0.089261286 -0.029732931 0.984245002 0.174292102 -0.152956888 -0.110479228 -0.176536813 0.978074193 -0.064009696
0.993506253 0.011638175 0.113180496 0.088993467 -0.030128706 0.986154854 0.163067117 -0.180261806 -0.109715693 -0.165418193 0.980101705 -0.069990471
0.993401825 0.013610625 0.113875046 0.088669896 -0.030341215 0.988744080 0.146507904 -0.209889904 -0.110599220 -0.148996338 0.982633173 -0.076116078
0.993253410 0.016153000 0.114833325 0.088022456 -0.030648034 0.991606593 0.125606775 -0.240591183 -0.111840561 -0.128278792 0.985411704 -0.082074896
0.993143737 0.020205101 0.115140133 0.088075705 -0.032055885 0.994265497 0.102022350 -0.272012502 -0.112418495 -0.105013773 0.988096237 -0.087930270
0.993068278 0.023805548 0.115102939 0.088433005 -0.032905083 0.996424794 0.077813432 -0.302939326 -0.112839036 -0.081061527 0.990301132 -0.095888704
0.993151546 0.024613813 0.114211008 0.088726737 -0.030924752 0.998071790 0.053818066 -0.333450407 -0.112666115 -0.056981441 0.991997719 -0.102471903
0.993019819 0.025230784 0.115217179 0.089189850 -0.029153101 0.999046922 0.032485329 -0.360310167 -0.114287734 -0.035617515 0.992808998 -0.108318105
0.992932498 0.022707311 0.116487987 0.089937031 -0.024535878 0.999596834 0.014287431 -0.383294106 -0.116116591 -0.017044589 0.993089318 -0.113006495
0.992717922 0.022685630 0.118307017 0.091360070 -0.022590986 0.999742508 -0.002141166 -0.396916181 -0.118325122 -0.000547098 0.992974758 -0.115674004
0.992359757 0.021695010 0.121455371 0.090241797 -0.020553209 0.999732077 -0.010646054 -0.413088441 -0.121653795 0.008068417 0.992539823 -0.122401856
0.991863728 0.022619922 0.125278383 0.091999106 -0.021134876 0.999689877 -0.013170583 -0.412900925 -0.125537455 0.010415681 0.992034197 -0.120881401
0.991840422 0.021784911 0.125610590 0.093412042 -0.020910183 0.999747097 -0.008278251 -0.404522806 -0.125759155 0.005584163 0.992045105 -0.117634378
0.992109299 0.019263826 0.123887010 0.094698235 -0.019626174 0.999805927 0.001704956 -0.388828605 -0.123830117 -0.004122930 0.992294848 -0.112572566
0.992344439 0.018061751 0.122172959 0.095804229 -0.019865101 0.999710739 0.013558617 -0.367406249 -0.121892728 -0.015881795 0.992416203 -0.106095590
0.992540598 0.018174067 0.120552219 0.096822314 -0.021418631 0.999440908 0.025673162 -0.342456639 -0.120018236 -0.028063718 0.992374957 -0.099205308
0.992566466 0.019526113 0.120127141 0.097775683 -0.024183538 0.999006391 0.037435830 -0.315634876 -0.119276807 -0.040062651 0.992052436 -0.092304960
0.993038535 0.017584145 0.116469808 0.097758085 -0.023479845 0.998500943 0.049442936 -0.287841558 -0.115425803 -0.051833432 0.991962790 -0.085983805
0.993652463 0.015408908 0.111433104 0.098696068 -0.022863317 0.997562230 0.065930560 -0.254861295 -0.110145539 -0.068059787 0.991582513 -0.075268470
0.993983626 0.009276925 0.109135188 0.095543236 -0.018686639 0.996161461 0.085516855 -0.231727362 -0.107922934 -0.087041721 0.990341544 -0.073448695
0.994404435 0.003194216 0.105591744 0.094053648 -0.014552280 0.994155586 0.106971495 -0.203780413 -0.104632929 -0.107909523 0.988639235 -0.067725100
0.994701087 -0.003805422 0.102738656 0.091860168 -0.009215890 0.991991222 0.125970140 -0.176683530 -0.102395214 -0.126249477 0.986699700 -0.061823122
0.994838178 -0.008961790 0.101077892 0.089957930 -0.005334301 0.990096688 0.140285924 -0.152224898 -0.101334102 -0.140100971 0.984938145 -0.057322424
0.995175540 -0.014574027 0.097021766 0.088281699 -0.000191412 0.988614976 0.150467172 -0.131516710 -0.098110087 -0.149759814 0.983842671 -0.052422520
0.995471060 -0.012992812 0.094172969 0.087651268 -0.002059702 0.987435937 0.158006549 -0.115214966 -0.095042720 -0.157484919 0.982937098 -0.049807534
0.995410085 -0.006491931 0.095481195 0.088059768 -0.009455096 0.986144185 0.165620893 -0.104989983 -0.095233418 -0.165763497 0.981556475 -0.046830010
0.995337844 -0.000457055 0.096448518 0.088195689 -0.016306996 0.984795034 0.172953188 -0.101971984 -0.095061071 -0.173719645 0.980196357 -0.047519773
0.995342255 0.004312517 0.096307755 0.088469937 -0.021748813 0.983289659 0.180744126 -0.107178137 -0.093918964 -0.181996837 0.978803575 -0.049979232
0.995492578 0.005003939 0.094707429 0.088144153 -0.022550065 0.982457101 0.185120299 -0.120934837 -0.092119664 -0.186421528 0.978141606 -0.054414690
0.995603919 0.005383677 0.093508303 0.087471016 -0.022574734 0.982708216 0.183779523 -0.141403303 -0.090901971 -0.185082540 0.978509724 -0.060266037
0.995326400 0.008476862 0.096195042 0.087049581 -0.025465611 0.983919621 0.176787138 -0.166434735 -0.093149588 -0.178410560 0.979537070 -0.068067774
0.994484484 0.011598015 0.104240507 0.087629542 -0.028989302 0.985545456 0.166912496 -0.195477471 -0.100797907 -0.169013739 0.980445862 -0.072330505
0.992950261 0.019837081 0.116860047 0.089012556 -0.037807986 0.987403512 0.153638884 -0.226598337 -0.112340271 -0.156974003 0.981192529 -0.077670142
0.991633415 0.024798002 0.126681626 0.089708827 -0.042391453 0.989505947 0.138133794 -0.258948535 -0.121926777 -0.142348289 0.982278407 -0.084900096
0.990615368 0.029094225 0.133546576 0.089726917 -0.045748241 0.991303742 0.123385429 -0.292500138 -0.128795430 -0.128337026 0.983331740 -0.091504730
0.990580320 0.021913119 0.135168016 0.088360757 -0.037165157 0.993083954 0.111368887 -0.326171339 -0.131792754 -0.115343370 0.984543860 -0.098308928
0.990222216 0.019644577 0.138109028 0.089423724 -0.034409206 0.993840158 0.105345689 -0.355209231 -0.135188818 -0.109067865 0.984798551 -0.101378337
0.989960849 0.009958701 0.140990615 0.088215470 -0.024193091 0.994732499 0.099609256 -0.388092697 -0.139255971 -0.102020264 0.984987140 -0.108808152
0.989685714 0.002140648 0.143239677 0.085493833 -0.015591195 0.995558381 0.092846088 -0.425175697 -0.142404705 -0.094121732 0.985323310 -0.121581770
0.989783049 -0.005524240 0.142474696 0.084153555 -0.006492046 0.996466696 0.083737254 -0.450690955 -0.142433867 -0.083806664 0.986249983 -0.128710553
0.990123332 -0.005943770 0.140072957 0.083713531 -0.004287401 0.997349977 0.072626986 -0.467744708 -0.140133426 -0.072510220 0.987474024 -0.134198889
0.990015328 0.001062143 0.140955925 0.083704397 -0.009790946 0.998074651 0.061246723 -0.476741284 -0.140619487 -0.062015288 0.988119543 -0.138808385
0.989358366 0.011220879 0.145065814 0.085285254 -0.018882502 0.998492062 0.051546291 -0.476147503 -0.144268662 -0.053736962 0.988078356 -0.138555557
0.988650024 0.021941671 0.148626149 0.086733840 -0.028860947 0.998589754 0.044559103 -0.467182249 -0.147438854 -0.048342850 0.987889051 -0.136335000
0.987933934 0.030482985 0.151846603 0.087996416 -0.037427634 0.998369992 0.043087780 -0.450418890 -0.150285646 -0.048251137 0.987464488 -0.131606475
0.987597644 0.035108075 0.153030425 0.088675417 -0.042473100 0.998077989 0.045126576 -0.427481711 -0.151151985 -0.051066574 0.987190604 -0.124959290
0.986687005 0.041927475 0.157133147 0.089894854 -0.050041240 0.997591138 0.048039287 -0.399691641 -0.154740468 -0.055262879 0.986408353 -0.116789840
0.986104429 0.043999713 0.160193741 0.091350183 -0.052827109 0.997286797 0.051267382 -0.368180871 -0.157503366 -0.059017565 0.985753298 -0.106908344
0.984821916 0.046673857 0.167174578 0.093001418 -0.056648701 0.996855855 0.055401817 -0.337147206 -0.164063126 -0.064031146 0.984369516 -0.097465739
0.984318137 0.044469915 0.170705169 0.093891203 -0.055587985 0.996594131 0.060910888 -0.304903537 -0.167415053 -0.069444843 0.983437657 -0.088780813
0.984408438 0.036453299 0.172078848 0.096266523 -0.049403071 0.996210515 0.071581349 -0.268955201 -0.168817401 -0.078966513 0.982478976 -0.077392928
0.986252546 0.025065474 0.163332909 0.095924124 -0.039327435 0.995631933 0.084678575 -0.235912114 -0.160496950 -0.089937925 0.982930243 -0.070194803
0.987726510 0.013987728 0.155565664 0.096003897 -0.029870592 0.994515419 0.100233972 -0.203954712 -0.153310403 -0.103650585 0.982727051 -0.064016812
0.989026070 0.005414798 0.147641674 0.096212052 -0.022743147 0.992996514 0.115934007 -0.168529913 -0.145979896 -0.118019588 0.982222617 -0.058008831
0.989925504 -0.005633011 0.141477033 0.094734974 -0.013013607 0.991359115 0.130528882 -0.147095978 -0.140989825 -0.131054983 0.981298327 -0.057395242
0.990143061 -0.015367172 0.139213994 0.097705737 -0.005176404 0.989268482 0.146017238 -0.123392217 -0.139963880 -0.145298585 0.979437828 -0.048768044
0.990345299 -0.019983672 0.137174353 0.098561674 -0.002365985 0.986973643 0.160864606 -0.108425036 -0.138602123 -0.159636065 0.977397442 -0.046211280
0.990417838 -0.021402651 0.136434630 0.099323586 -0.002605643 0.984846413 0.173409075 -0.101419330 -0.138078585 -0.172102958 0.975353718 -0.045932706
0.990746081 -0.021497913 0.134015143 0.099196985 -0.003299479 0.983270288 0.182122752 -0.102841273 -0.135688365 -0.180879578 0.974100232 -0.049717851
0.991344392 -0.021797253 0.129464999 0.099261619 -0.002822557 0.982354701 0.187006190 -0.113956474 -0.131256774 -0.185752973 0.973790288 -0.054426044
0.991765678 -0.019723117 0.126537815 0.098939218 -0.004248696 0.982458472 0.186433241 -0.133520976 -0.127995178 -0.185435697 0.974284768 -0.060773306
0.992240369 -0.016689591 0.123209126 0.098085284 -0.005890722 0.983526886 0.180665791 -0.159427777 -0.124194734 -0.179989696 0.975796819 -0.069205470
0.992157876 -0.007432035 0.124770023 0.097752251 -0.014398499 0.984789312 0.173155159 -0.190094560 -0.124159075 -0.173593760 0.976959407 -0.077361211
0.991465211 0.000635032 0.130369812 0.095702149 -0.022224050 0.986174881 0.164210752 -0.227037430 -0.128463149 -0.165706590 0.977772236 -0.088156305
0.990525424 0.007109149 0.137145534 0.094953299 -0.028570116 0.987476349 0.155158609 -0.262403905 -0.134324923 -0.157606810 0.978323519 -0.096974030
0.989990711 0.009948564 0.140781388 0.094667844 -0.031073447 0.988399267 0.148665056 -0.293932438 -0.137669221 -0.151551589 0.978815258 -0.101446629
0.990154147 0.009941023 0.139627889 0.092554413 -0.030215956 0.989138186 0.143849537 -0.327220440 -0.136681274 -0.146652207 0.979699612 -0.108807519
0.990296483 0.008588452 0.138705179 0.090322934 -0.027982205 0.989969373 0.138483495 -0.358196646 -0.136124507 -0.141020983 0.980603516 -0.116363272
0.990184546 0.005963995 0.139638633 0.088174522 -0.024160210 0.991352797 0.128980383 -0.387203097 -0.137661904 -0.131088093 0.981766343 -0.122731067
0.989727557 0.001849162 0.142954350 0.085223995 -0.018254403 0.993366539 0.113532700 -0.418435633 -0.141796142 -0.114975981 0.983196020 -0.130533099
0.989269078 -0.003415948 0.146065205 0.083561197 -0.010191178 0.995678365 0.092308119 -0.442163974 -0.145749271 -0.092806146 0.984958947 -0.134583890
0.989477992 -0.011220221 0.144247666 0.081613883 0.001095732 0.997541010 0.070076905 -0.460538596 -0.144679233 -0.069181494 0.987057149 -0.137171820
0.989141703 -0.011368893 0.146524757 0.080423251 0.003927041 0.998692036 0.050978586 -0.472338051 -0.146912664 -0.049849637 0.987892568 -0.139280930
0.988821745 -0.007033831 0.148936316 0.080332577 0.001495251 0.999304235 0.037266944 -0.474919945 -0.149094805 -0.036627669 0.988144279 -0.138465255
0.988306522 0.003111739 0.152448475 0.081072010 -0.008077774 0.999456286 0.031966671 -0.468271941 -0.152266115 -0.032824315 0.987794280 -0.136275470
0.987759471 0.011826584 0.155535728 0.082580686 -0.017415993 0.999248683 0.034623004 -0.453711778 -0.155009389 -0.036908008 0.987223327 -0.132201314
0.987698555 0.016082201 0.155540884 0.083460279 -0.022868242 0.998858452 0.041938078 -0.433328420 -0.154688865 -0.044979122 0.986938834 -0.126672134
0.987668812 0.017155679 0.155614734 0.084278814 -0.025380237 0.998375058 0.051020026 -0.407080919 -0.154486597 -0.054340430 0.986499369 -0.119312942
0.987377465 0.016056364 0.157568976 0.085087746 -0.025848804 0.997845829 0.060295831 -0.378972918 -0.156261399 -0.063607715 0.985665500 -0.110973835
0.986576438 0.017634010 0.162345350 0.086705074 -0.029470148 0.997055769 0.070790209 -0.349786311 -0.160619050 -0.074624293 0.984191418 -0.102073148
0.985434890 0.018589010 0.169034094 0.088165522 -0.032870829 0.996082783 0.082089171 -0.320473462 -0.166845977 -0.086449817 0.982185721 -0.092746228
0.985269785 0.019159544 0.169930354 0.090184994 -0.035555083 0.994939685 0.093972385 -0.287512869 -0.167269990 -0.098630041 0.980965257 -0.081947081
0.985245287 0.014966426 0.170492634 0.091436334 -0.033599995 0.993697822 0.106937945 -0.259278506 -0.167817667 -0.111088663 0.979538918 -0.073697820
0.986371636 -0.001830165 0.164522663 0.092150629 -0.017887082 0.992818713 0.118283615 -0.231676921 -0.163557664 -0.119614422 0.979255497 -0.064809762
0.987893045 -0.017579690 0.154137239 0.092191316 -0.002161810 0.991902411 0.126984075 -0.205461010 -0.155121431 -0.125779912 0.979855478 -0.057074104
0.988877654 -0.035204820 0.144504607 0.092865817 0.015862755 0.991005123 0.132880419 -0.186296433 -0.147882849 -0.129110247 0.980541289 -0.052216582
0.989431560 -0.044374455 0.138043940 0.093348458 0.025463384 0.990401149 0.135856986 -0.168468937 -0.142747462 -0.130906135 0.981064081 -0.047594450
0.989206553 -0.047802430 0.138511285 0.093546264 0.028711516 0.990198553 0.136683986 -0.153681412 -0.143687502 -0.131231830 0.980883360 -0.044087216
0.989184678 -0.044604134 0.139728963 0.094122790 0.024923157 0.989900470 0.139556259 -0.142545953 -0.144542545 -0.134564430 0.980306029 -0.041174099
0.989234388 -0.037319418 0.141501024 0.094348699 0.016431611 0.989147544 0.146003902 -0.136786461 -0.145414159 -0.142107010 0.979112029 -0.039117686
0.989039063 -0.029218510 0.144734189 0.094568908 0.006257914 0.987639368 0.156618357 -0.136384860 -0.147521332 -0.153995931 0.976996779 -0.038968094
0.989259720 -0.022538068 0.144420385 0.094510391 -0.002170280 0.985667109 0.168688104 -0.142979503 -0.146152318 -0.167189792 0.975031853 -0.041654665
0.989576280 -0.019362397 0.142702028 0.092991933 -0.006351686 0.984087467 0.177571222 -0.156926602 -0.143869475 -0.176626667 0.973706603 -0.045855477
0.990285575 -0.019087922 0.137732297 0.089993365 -0.006149558 0.983551621 0.180522487 -0.176973403 -0.138912618 -0.179615811 0.973879576 -0.051767118
0.990958512 -0.018352017 0.132907659 0.086695321 -0.005353744 0.984403312 0.175844833 -0.201715082 -0.134061843 -0.174966499 0.975404620 -0.059383076
0.991197526 -0.018580671 0.131081060 0.083267994 -0.003365233 0.986246467 0.165246859 -0.230148613 -0.132348642 -0.164233401 0.977502525 -0.066694550
0.991312563 -0.018645030 0.130199090 0.080222853 -0.001197594 0.988580823 0.150686994 -0.261360407 -0.131521896 -0.149533823 0.979970217 -0.074015439
0.991249740 -0.020429514 0.130409509 0.077302136 0.002757465 0.990939915 0.134277657 -0.294816077 -0.131971210 -0.132743075 0.982325256 -0.081172034
0.991267145 -0.020738132 0.130227983 0.075288624 0.005774318 0.993435621 0.114246652 -0.328638434 -0.131742388 -0.112496972 0.984879851 -0.089017622
0.991366267 -0.022551388 0.129167959 0.073155567 0.010846808 0.995827198 0.090611704 -0.363780171 -0.130672380 -0.088428326 0.987474144 -0.098996691
0.991247892 -0.022581026 0.130067930 0.071397163 0.014305953 0.997834027 0.064207748 -0.397084385 -0.131236091 -0.061785053 0.989423931 -0.107489139
0.990743458 -0.022374853 0.133890957 0.069593810 0.017752361 0.999207735 0.035619214 -0.428593844 -0.134581864 -0.032912619 0.990355730 -0.115823306
0.990205646 -0.018524926 0.138382301 0.067949742 0.017394308 0.999804735 0.009375231 -0.457101226 -0.138528958 -0.006876342 0.990334511 -0.123082884
0.989714682 -0.013011746 0.142462537 0.065072238 0.014780330 0.999826193 -0.011363160 -0.484838039 -0.142289922 0.013351928 0.989734948 -0.133321896
0.989425361 -0.007480602 0.144849807 0.064197280 0.011145244 0.999637604 -0.024504665 -0.501748502 -0.144614011 0.025859926 0.989150167 -0.139182821
0.988969743 -0.002513504 0.148096412 0.064685173 0.007091989 0.999512792 -0.030395629 -0.506612957 -0.147947848 0.031110654 0.988505721 -0.142362744
0.988284528 0.003392671 0.152585045 0.064644314 0.000790562 0.999625683 -0.027346734 -0.507941306 -0.152620718 0.027146980 0.987911940 -0.143625349
0.987210512 0.007441197 0.159248412 0.065048657 -0.004486676 0.999811232 -0.018904414 -0.501926780 -0.159359008 0.017948139 0.987057507 -0.141970888
0.986441016 0.011772865 0.163693383 0.066479862 -0.010775857 0.999917567 -0.006977361 -0.488775313 -0.163762048 0.005118818 0.986486614 -0.138186246
0.985962927 0.012508997 0.166495293 0.067763552 -0.013472305 0.999898374 0.004657590 -0.470087677 -0.166420102 -0.006835287 0.986031234 -0.131941020
0.985824704 0.014182411 0.167178035 0.069354638 -0.017048471 0.999731064 0.015721004 -0.446110278 -0.166910112 -0.018348284 0.985801399 -0.124737754
0.985576749 0.014023142 0.168647155 0.072791561 -0.018813664 0.999462664 0.026841266 -0.420616984 -0.168180123 -0.029626997 0.985310972 -0.117385283
0.985176802 0.013315015 0.171024442 0.075930335 -0.020176232 0.999057055 0.038443018 -0.393108517 -0.170351297 -0.041323800 0.984516501 -0.108844019
0.984315991 0.014873695 0.175786093 0.079476506 -0.024215423 0.998399019 0.051117506 -0.367251635 -0.174744353 -0.054572511 0.983100355 -0.101105444
0.983957350 0.014693923 0.177797630 0.084100045 -0.026382893 0.997629344 0.063558526 -0.340121210 -0.176442191 -0.067229696 0.982012391 -0.092687614
0.984646320 0.015408415 0.173879981 0.087465219 -0.028802224 0.996784747 0.074770711 -0.318058044 -0.172168821 -0.078630827 0.981924176 -0.089458875
0.985704839 0.013953315 0.167902678 0.089403063 -0.028508635 0.996007621 0.084593594 -0.298577070 -0.166051984 -0.088170990 0.982167304 -0.087502159
0.987655044 0.008798253 0.156397164 0.090341941 -0.023914725 0.995186388 0.095037520 -0.280967772 -0.154808164 -0.097604483 0.983111262 -0.086447164
0.989293814 0.001046407 0.145933777 0.090455092 -0.017045628 0.993958354 0.108426243 -0.263394564 -0.144938648 -0.109752938 0.983334661 -0.086787462
0.990741074 -0.008275910 0.135512486 0.089151181 -0.008776869 0.992148161 0.124759980 -0.249690115 -0.135480955 -0.124794208 0.982889295 -0.088167071
0.991310239 -0.014286740 0.130766794 0.090146475 -0.004239567 0.990098417 0.140310884 -0.236230806 -0.131476596 -0.139645994 0.981434107 -0.086865664
0.991229951 -0.018645138 0.130826235 0.090998985 -0.001645622 0.988178015 0.153301850 -0.226040423 -0.132137954 -0.152172670 0.979480982 -0.086318001
0.991455257 -0.019038644 0.129050389 0.090763256 -0.002332750 0.986546278 0.163465768 -0.218810871 -0.130426332 -0.162370026 0.978072047 -0.087444969
0.991998136 -0.022645393 0.124205023 0.090072885 0.001100007 0.985295355 0.170856208 -0.213822424 -0.126247734 -0.169352412 0.977436066 -0.090052254
0.993147016 -0.023863057 0.114409849 0.088196121 0.003361074 0.984359920 0.176136896 -0.209212869 -0.116823643 -0.174545273 0.977694333 -0.095698319
0.994549096 -0.024014290 0.101466149 0.086057760 0.005255510 0.983425438 0.181236818 -0.206672043 -0.104136661 -0.179715648 0.978191078 -0.101203516
0.995436549 -0.023920964 0.092378952 0.084862195 0.006361240 0.982551873 0.185879812 -0.206029251 -0.095213540 -0.184443906 0.978220224 -0.106091984
0.995811820 -0.024042955 0.088208504 0.084123842 0.006647196 0.981288731 0.192427292 -0.206629261 -0.091184534 -0.191035047 0.977338731 -0.110843398
0.995767236 -0.021845143 0.089276783 0.083682992 0.003573372 0.979811072 0.199893698 -0.207816377 -0.091841094 -0.198728576 0.975741863 -0.114666983
0.995615244 -0.021055095 0.091142572 0.082580052 0.001390801 0.977563381 0.210636899 -0.209390596 -0.093532614 -0.209586546 0.973306298 -0.118872270
0.995292783 -0.019994017 0.094828799 0.081707634 -0.001995144 0.974052608 0.226312906 -0.210745677 -0.096893147 -0.225436807 0.969427645 -0.123212516
0.995045602 -0.016481053 0.098043762 0.080798268 -0.008728307 0.967874527 0.251282245 -0.210336223 -0.099035449 -0.250893027 0.962935448 -0.128054231
0.994960427 -0.016304379 0.098934047 0.080195867 -0.012853920 0.957809329 0.287116796 -0.208471894 -0.099441208 -0.286941558 0.952772796 -0.133344278
0.995053470 -0.020412510 0.097220957 0.079549968 -0.013271181 0.942574203 0.333732992 -0.205321044 -0.098450303 -0.333372384 0.937640846 -0.138878107
0.995140374 -0.028533686 0.094241366 0.079138413 -0.010397770 0.921290338 0.388736427 -0.202385888 -0.097915739 -0.387827218 0.916516542 -0.144199714
0.995012403 -0.036632139 0.092781425 0.078798279 -0.008620847 0.895068705 0.445844978 -0.197798505 -0.099378005 -0.444421142 0.890288651 -0.149729401
0.994535089 -0.044184104 0.094592683 0.079034314 -0.008729530 0.867667913 0.497067571 -0.193511486 -0.104037516 -0.495176852 0.862540483 -0.154825374
0.993810833 -0.054467246 0.096815951 0.079311118 -0.005885851 0.844500840 0.535521924 -0.190832496 -0.110929556 -0.532777369 0.838953495 -0.158177182
0.993293226 -0.061024919 0.098206572 0.079452649 -0.004134739 0.830081224 0.557627201 -0.192033157 -0.115548588 -0.554293394 0.824261725 -0.160009921
0.992647886 -0.068359077 0.099886276 0.078985155 0.000044916 0.825454235 0.564469039 -0.193539813 -0.121038131 -0.560314476 0.819388509 -0.160294950
0.992405951 -0.070455343 0.100829020 0.078262426 0.001964841 0.828684211 0.559712946 -0.196025103 -0.122990191 -0.555264294 0.822529614 -0.160503566
0.992188156 -0.071130142 0.102485105 0.077623650 0.003436260 0.836791635 0.547510743 -0.197885245 -0.124703184 -0.542881489 0.830499113 -0.159785807
0.992237389 -0.069187731 0.103334635 0.076972850 0.003439751 0.845894217 0.533339620 -0.200373903 -0.124310732 -0.528844118 0.839565814 -0.160480067
0.992315054 -0.067903608 0.103440665 0.076223791 0.004061278 0.853394210 0.521250248 -0.202066526 -0.123670436 -0.516824365 0.847111702 -0.161456108
0.992541850 -0.068096660 0.101111546 0.075140022 0.006408142 0.857431054 0.514558971 -0.202724352 -0.121735930 -0.510073364 0.851472616 -0.163408697
0.992702127 -0.067532904 0.099909104 0.074046485 0.006797500 0.858504832 0.512760460 -0.202832460 -0.120400645 -0.508339226 0.852698624 -0.165808022
0.992492497 -0.072498761 0.098501779 0.071871780 0.011621779 0.857632995 0.514130950 -0.202520177 -0.121752225 -0.509126306 0.852036893 -0.168832734
0.992321670 -0.076327682 0.097323194 0.068987548 0.014915742 0.854977608 0.518450379 -0.201779872 -0.122781262 -0.513017893 0.849551320 -0.172241509
0.991995990 -0.080191031 0.097536288 0.065247498 0.017950561 0.854162335 0.519696593 -0.201603457 -0.124986820 -0.513786077 0.848765075 -0.175850004
0.991593957 -0.083042920 0.099223629 0.061127383 0.020111185 0.856463492 0.515815675 -0.201037079 -0.127816260 -0.509484231 0.850934148 -0.178936154
0.991139591 -0.081917405 0.104555473 0.057315297 0.017657872 0.861447096 0.507540226 -0.201099247 -0.131645381 -0.501196980 0.855260849 -0.181727648
0.990363777 -0.081977561 0.111620836 0.054310646 0.015751269 0.867429376 0.497310996 -0.201291889 -0.137591541 -0.490760624 0.860361874 -0.183921114
0.989468813 -0.085268177 0.116964959 0.050643522 0.017235875 0.871727645 0.489687532 -0.202908203 -0.143716350 -0.482514530 0.864017010 -0.186641067
0.988862336 -0.087894008 0.120107926 0.047610432 0.018418826 0.873064280 0.487257123 -0.204530194 -0.147688925 -0.479617953 0.864959300 -0.189818591
0.988566577 -0.088749506 0.121900111 0.044905916 0.017813370 0.871514142 0.490046740 -0.205179930 -0.149729073 -0.482272387 0.863130689 -0.193653852
0.989154816 -0.085462168 0.119452745 0.042001355 0.015041478 0.867952168 0.496419996 -0.204932973 -0.146104395 -0.489239484 0.859824538 -0.197815418
0.989716828 -0.081587218 0.117490798 0.039139979 0.011422552 0.863838136 0.503639996 -0.203704730 -0.142583609 -0.497118920 0.855887055 -0.201613411
0.989698172 -0.077455677 0.120408386 0.034929752 0.005723961 0.861752987 0.507295787 -0.202649400 -0.143055230 -0.501380503 0.853318691 -0.205267459
0.989734352 -0.072283581 0.123292342 0.032756437 -0.000121254 0.862246215 0.506489336 -0.202411726 -0.142919227 -0.501304805 0.853385925 -0.206835777
0.989792228 -0.070469886 0.123876192 0.030136654 -0.001187343 0.865090609 0.501614153 -0.202269584 -0.142512828 -0.496640891 0.856176317 -0.208126411
0.990489125 -0.068728924 0.119195834 0.027480274 0.000608105 0.868482947 0.495718658 -0.203093275 -0.137589768 -0.490931451 0.860264719 -0.208544791
0.991066635 -0.069738477 0.113681339 0.025366612 0.004987340 0.871174693 0.490947872 -0.203878909 -0.133274257 -0.485995084 0.863739967 -0.208734632
0.991686463 -0.069352970 0.108388670 0.023571171 0.007816726 0.873239636 0.487228334 -0.204644561 -0.128440008 -0.482330501 0.866522074 -0.208732471
0.992102981 -0.070033096 0.104052827 0.021671060 0.010816373 0.874277711 0.485305607 -0.204332426 -0.124958515 -0.480347693 0.868131042 -0.208673537
0.992597997 -0.067200176 0.101159915 0.020648906 0.009690667 0.874130130 0.485595196 -0.203501359 -0.121059000 -0.481020540 0.868310988 -0.208232373
0.992766500 -0.065828495 0.100405633 0.019911166 0.008771466 0.873820066 0.486170352 -0.203075424 -0.119740322 -0.481772959 0.868076682 -0.207604766
0.992986441 -0.063706219 0.099596597 0.019722832 0.007249739 0.873632610 0.486532122 -0.202245951 -0.118005954 -0.482397765 0.867967188 -0.206781805
0.993149459 -0.064187035 0.097642951 0.019338710 0.008672480 0.873805165 0.486198902 -0.201873958 -0.116528578 -0.482021391 0.868375778 -0.205800027
0.993330121 -0.063070334 0.096526913 0.019471673 0.008281149 0.874002397 0.485851079 -0.201558381 -0.115007542 -0.481811136 0.868695140 -0.205421612
0.993428946 -0.063228734 0.095399410 0.019853689 0.008987157 0.874065161 0.485725582 -0.201332331 -0.114097118 -0.481676459 0.868889868 -0.204677850
0.993361413 -0.063470393 0.095940851 0.021475811 0.008964524 0.874186754 0.485507160 -0.201172858 -0.114685543 -0.481424004 0.868952334 -0.204023749
0.993287206 -0.063562527 0.096645638 0.024806598 0.008742182 0.874357224 0.485204190 -0.201110184 -0.115343615 -0.481102198 0.869043469 -0.203390777
0.993145049 -0.064764723 0.097306184 0.030349692 0.009360585 0.873861790 0.486084253 -0.201134264 -0.116513275 -0.481841296 0.868477762 -0.202791065
0.993094862 -0.064479522 0.098005086 0.038366605 0.008386737 0.872291386 0.488914520 -0.201339617 -0.117013961 -0.484716564 0.866808891 -0.202221096
0.992700875 -0.066386804 0.100686289 0.048997439 0.008165050 0.869941294 0.493087709 -0.201521248 -0.120325677 -0.488666475 0.864133537 -0.201561525
0.992269576 -0.068395562 0.103552394 0.061882477 0.008032316 0.868066370 0.496383190 -0.202347949 -0.123840757 -0.491714180 0.861905217 -0.200580388
0.991615295 -0.071862355 0.107400604 0.077117532 0.009049054 0.867688179 0.497026533 -0.203594968 -0.128907725 -0.491887242 0.861063182 -0.198870793
0.990693927 -0.075887837 0.112989441 0.094503976 0.010237843 0.869337320 0.494113177 -0.205608368 -0.135723114 -0.488358170 0.862024128 -0.196363136
0.989468932 -0.081100054 0.119891614 0.114138588 0.012298487 0.872402906 0.488632649 -0.208009899 -0.144221932 -0.482012361 0.864212990 -0.193607926
0.988263428 -0.086372182 0.125996917 0.134890154 0.015011866 0.875726879 0.482573360 -0.210481808 -0.152019799 -0.475018173 0.866745472 -0.190366685
0.986967862 -0.091474921 0.132388771 0.157458663 0.017102469 0.877681255 0.478939652 -0.212797195 -0.160006106 -0.470433891 0.867807627 -0.186908990
0.985452890 -0.098411322 0.138556048 0.181398347 0.020318400 0.877657473 0.478857607 -0.214956135 -0.168729767 -0.469076365 0.866889656 -0.183610111
0.983755171 -0.105084054 0.145544037 0.206033871 0.022103392 0.875497639 0.482716590 -0.216954157 -0.178149268 -0.471657962 0.863598108 -0.180175900
0.982092798 -0.109976634 0.152966902 0.232710049 0.021728318 0.872636795 0.487886190 -0.218395144 -0.187140629 -0.475825787 0.859399915 -0.176134452
0.980904520 -0.110657156 0.159941778 0.258863091 0.017790794 0.869968355 0.492786556 -0.220831260 -0.193674639 -0.480531067 0.855324507 -0.173162043
0.979917109 -0.113182873 0.164171085 0.284688056 0.017551709 0.869064748 0.494386941 -0.223638102 -0.198631421 -0.481576711 0.853597939 -0.170408562
0.978891015 -0.115802065 0.168411076 0.310437411 0.018525034 0.870877087 0.491151631 -0.226599574 -0.203541726 -0.477664113 0.854638994 -0.167389035
0.977522552 -0.118837252 0.174147636 0.335937977 0.019966278 0.874474049 0.484661192 -0.229463041 -0.209883392 -0.470290154 0.857190847 -0.164444476
0.976108491 -0.117921963 0.182501122 0.361515611 0.016759526 0.878278434 0.477855772 -0.231457353 -0.216636494 -0.463380426 0.859271348 -0.161280826
0.974759936 -0.117291480 0.189962491 0.385765225 0.013560768 0.880409539 0.474020183 -0.232479423 -0.222843334 -0.459479868 0.859778523 -0.158439040
0.973470449 -0.124985270 0.191661060 0.406795889 0.019246943 0.879392445 0.475708395 -0.232618824 -0.228001833 -0.459399194 0.858468175 -0.156301111
0.971910834 -0.135496765 0.192431569 0.425528139 0.026786335 0.876015246 0.481539011 -0.232252955 -0.233819962 -0.462858438 0.855038166 -0.154356718
0.970062196 -0.137757272 0.200005665 0.443920344 0.022788726 0.871554554 0.489768624 -0.231216148 -0.241785035 -0.470548153 0.848601460 -0.153745800
0.967902005 -0.140192881 0.208594590 0.460632682 0.018919643 0.868257880 0.495752245 -0.230260149 -0.250614822 -0.475893050 0.843040943 -0.152663335
0.966133416 -0.140741035 0.216282755 0.475332022 0.015813719 0.868882537 0.494765699 -0.229127839 -0.257558137 -0.474589407 0.841682076 -0.150019258
0.965498567 -0.141494557 0.218613297 0.487001896 0.017158795 0.872245133 0.488767922 -0.229311794 -0.259842366 -0.468153596 0.844579339 -0.147768930
0.964920640 -0.147486895 0.217199817 0.495711893 0.026065491 0.877025485 0.479736328 -0.228609473 -0.261244595 -0.457246065 0.850104332 -0.145306036
0.964933753 -0.150287539 0.215212658 0.502767682 0.032409232 0.881815553 0.470479488 -0.227805227 -0.260485083 -0.447006643 0.855764329 -0.143827364
0.965269089 -0.148814023 0.214732394 0.508306682 0.034062840 0.886587977 0.461304098 -0.226176918 -0.259027690 -0.437968165 0.860864997 -0.142996117
0.965670109 -0.150442287 0.211774290 0.511996269 0.038931828 0.889840305 0.454608142 -0.224638283 -0.256837577 -0.430756748 0.865149200 -0.141957536
0.965797007 -0.154196650 0.208469644 0.513638377 0.044538017 0.890672266 0.452459186 -0.222669095 -0.255445808 -0.427698880 0.867076159 -0.141592890
0.965399921 -0.161702871 0.204585344 0.513733029 0.052083287 0.888287485 0.456325173 -0.220418453 -0.255519688 -0.429880798 0.865974724 -0.140729651
0.964456499 -0.165048629 0.206355453 0.513673365 0.051414263 0.883222580 0.466127127 -0.217872202 -0.259191424 -0.438949734 0.860315621 -0.140489295
0.963100135 -0.165357739 0.212355658 0.512908995 0.045475621 0.877640486 0.477157384 -0.216138542 -0.265273571 -0.449893326 0.852775455 -0.140419975
0.961575627 -0.168116331 0.217046618 0.509824514 0.043494087 0.873882890 0.484186918 -0.215712577 -0.271073043 -0.456142098 0.847616553 -0.140656233
0.960744023 -0.169420153 0.219699308 0.504952252 0.042694166 0.872742534 0.486310214 -0.216893658 -0.274131685 -0.457839757 0.845715404 -0.140955523
0.960913181 -0.169973791 0.218528733 0.498214990 0.044502087 0.873907983 0.484049976 -0.218371049 -0.273249805 -0.455404997 0.847313881 -0.141592950
0.961716771 -0.166690469 0.217520520 0.489008516 0.042673495 0.875146747 0.481972158 -0.219520926 -0.270702541 -0.454238355 0.848756552 -0.142244861
0.962755799 -0.161283031 0.217000067 0.477111310 0.038296100 0.875850797 0.481060117 -0.220351860 -0.267646521 -0.454833180 0.849406958 -0.143042773
0.964103520 -0.157193646 0.213996544 0.462339312 0.036358416 0.876494765 0.480036497 -0.221206903 -0.263025522 -0.455024302 0.850746989 -0.143736944
0.965087950 -0.154923245 0.211196572 0.444945037 0.035953879 0.877045035 0.479060829 -0.221550122 -0.259446561 -0.454742491 0.851995707 -0.143801093
0.965905845 -0.154234499 0.207936674 0.425349623 0.037234895 0.877584338 0.477974206 -0.220710337 -0.256202072 -0.453935593 0.853406668 -0.143686786
0.966668129 -0.153307408 0.205059946 0.403655976 0.037246875 0.876598001 0.479779691 -0.221053183 -0.253308922 -0.456149906 0.853089571 -0.143906921
0.967939377 -0.154256359 0.198238254 0.379535705 0.040768657 0.875229657 0.481986463 -0.221697494 -0.247853488 -0.458451748 0.853458047 -0.144367963
0.969742060 -0.154790655 0.188786238 0.353550643 0.045282740 0.873924375 0.483948052 -0.222500741 -0.239895523 -0.460756004 0.854490519 -0.145488366
0.971626043 -0.154973537 0.178678751 0.326179683 0.050243583 0.873435497 0.484340906 -0.223516509 -0.231124371 -0.461620748 0.856439054 -0.145851195
0.973312855 -0.152634591 0.171361655 0.298524618 0.051581506 0.873136044 0.484739959 -0.223711088 -0.223610103 -0.462964535 0.857707620 -0.145599186
0.975158811 -0.145968989 0.166608423 0.270825356 0.048015237 0.873571873 0.484320849 -0.223186150 -0.216240257 -0.464289993 0.858880043 -0.144906461
0.976819813 -0.141883612 0.160287648 0.242470637 0.048152432 0.875235915 0.481293499 -0.221681029 -0.208577156 -0.462418795 0.861779809 -0.143000066
0.978559315 -0.138391778 0.152542889 0.213180602 0.049765158 0.877548754 0.476897895 -0.220924526 -0.199862570 -0.459081590 0.865620613 -0.140810996
0.980474174 -0.136195108 0.141849503 0.183265597 0.054281387 0.880755544 0.470449954 -0.220173225 -0.189007714 -0.453564256 0.870950937 -0.137910649
0.982284129 -0.134174421 0.130824760 0.153515056 0.058987197 0.884005308 0.463740319 -0.219235495 -0.177871868 -0.447807759 0.876258969 -0.135537818
