1.000000000 0.000000000 0.000000000 0.000000000 0.000000000 1.000000000 0.000000000 -0.000000089 0.000000000 0.000000000 1.000000000 0.000000000
0.999996543 -0.002190524 0.001463163 -0.002058315 0.002194235 0.999994338 -0.002539863 -0.002822939 -0.001457591 0.002543065 0.999995708 0.000794908
0.999989569 -0.004097897 0.002029479 0.000087544 0.004113506 0.999961555 -0.007747452 -0.001339949 -0.001997653 0.007755719 0.999967933 0.004759157
0.999971449 -0.006948040 0.002963765 -0.000774946 0.007001014 0.999808848 -0.018254708 -0.005193203 -0.002836364 0.018274937 0.999828994 0.008182876
0.999945283 -0.009948146 0.003242138 -0.001373155 0.010035487 0.999553621 -0.028139628 -0.011417679 -0.002960754 0.028170623 0.999598742 0.011906237
0.999953508 -0.008333026 0.004849277 -0.003021910 0.008498257 0.999347210 -0.035113648 -0.014722099 -0.004553508 0.035153225 0.999371588 0.016898939
0.999907494 -0.012995522 0.004014388 -0.004980716 0.013129492 0.999287844 -0.035375461 -0.037433442 -0.003551806 0.035424896 0.999366045 0.018797012
0.999844253 -0.017573560 0.001630763 -0.003456778 0.017627867 0.998898327 -0.043490749 -0.052445706 -0.000864679 0.043512721 0.999052525 0.021059953
0.999810398 -0.019356893 0.002121682 -0.008963384 0.019438094 0.998589993 -0.049397908 -0.070703417 -0.001162500 0.049429782 0.998776913 0.024632534
0.999754488 -0.022148803 0.000623029 -0.011033386 0.022147555 0.998062611 -0.058142170 -0.087181844 0.000665957 0.058141693 0.998308122 0.026253218
0.999744773 -0.022588445 0.000427430 -0.012518470 0.022575023 0.998049378 -0.058204431 -0.111940183 0.000888151 0.058199223 0.998304605 0.027901106
0.999754190 -0.022169400 0.000286877 -0.012224203 0.022144828 0.997847319 -0.061728176 -0.128775015 0.001082217 0.061719354 0.998092949 0.030223489
0.999797761 -0.020056123 0.001477377 -0.015230528 0.020108981 0.997914553 -0.061336320 -0.148274630 -0.000244127 0.061353628 0.998116076 0.030542878
0.999790847 -0.020449208 0.000269783 -0.012801101 0.020425839 0.997820556 -0.062744558 -0.155387491 0.001013881 0.062736943 0.998029590 0.034571640
0.999826550 -0.018523814 0.001946155 -0.017624687 0.018605916 0.998116612 -0.058455158 -0.172017366 -0.000859677 0.058481228 0.998288155 0.037284389
0.999861777 -0.016609717 0.000749608 -0.014905696 0.016624790 0.998064995 -0.059915151 -0.168439925 0.000247017 0.059919331 0.998203218 0.044538133
0.999885976 -0.014888922 0.002532443 -0.020021506 0.015007028 0.998330474 -0.055777069 -0.171581224 -0.001697754 0.055808712 0.998440027 0.049383171
0.999893785 -0.014565462 0.000494393 -0.016945168 0.014570864 0.998426616 -0.054147646 -0.168589517 0.000295070 0.054149099 0.998532832 0.057688188
0.999899447 -0.014062327 0.001818585 -0.022313315 0.014137789 0.998551488 -0.051913645 -0.166053474 -0.001085924 0.051934134 0.998649895 0.062050421
0.999880075 -0.015473953 0.000646344 -0.020878162 0.015486924 0.998633027 -0.049922355 -0.163517877 0.000127036 0.049926378 0.998752892 0.068682849
0.999849021 -0.017372007 0.000385541 -0.024538079 0.017370211 0.998667002 -0.048605271 -0.163913548 0.000459344 0.048604630 0.998817980 0.071312480
0.999838769 -0.017952627 -0.000344019 -0.024756175 0.017917825 0.998781681 -0.045979131 -0.164579749 0.001169046 0.045965556 0.998942316 0.074153207
0.999828994 -0.018474188 -0.000857734 -0.025969157 0.018417187 0.998825133 -0.044823866 -0.165539265 0.001684811 0.044800404 0.998994529 0.077392280
0.999854624 -0.017037824 -0.000644454 -0.025962189 0.016991343 0.998835206 -0.045161523 -0.168468565 0.001413157 0.045144007 0.998979509 0.078621872
0.999844074 -0.017643970 0.000754576 -0.029297825 0.017659843 0.998687446 -0.048077963 -0.162675232 0.000094701 0.048083790 0.998843312 0.079588570
0.999848545 -0.017399557 0.000315580 -0.028958753 0.017395023 0.998730719 -0.047268886 -0.166954383 0.000507278 0.047267217 0.998882174 0.079318978
0.999845207 -0.017592296 0.000364033 -0.029375009 0.017589629 0.998706222 -0.047713153 -0.171441853 0.000475822 0.047712170 0.998861015 0.080567680
0.999839664 -0.017905049 0.000114578 -0.028916199 0.017890438 0.998721123 -0.047287151 -0.177146986 0.000732247 0.047281623 0.998881340 0.079376608
0.999820828 -0.018929545 0.000065450 -0.028896566 0.018912032 0.998734772 -0.046595849 -0.182595402 0.000816671 0.046588741 0.998913825 0.079606123
0.999821126 -0.018911252 -0.000242990 -0.028007429 0.018880481 0.998780489 -0.045618437 -0.188881367 0.001105395 0.045605689 0.998958886 0.076982833
0.999823928 -0.018763551 -0.000050595 -0.027431786 0.018743372 0.998866618 -0.043751180 -0.195621297 0.000871466 0.043742530 0.999042451 0.076090068
0.999838829 -0.017952764 0.000130393 -0.026417436 0.017944517 0.999100327 -0.038425151 -0.202312231 0.000559562 0.038421299 0.999261498 0.073123604
0.999837756 -0.018011710 0.000035639 -0.025571553 0.018006304 0.999485195 -0.026554458 -0.208524883 0.000442671 0.026550792 0.999647379 0.071946904
0.999845982 -0.017549429 -0.000292952 -0.024428496 0.017544873 0.999779344 -0.011553843 -0.214348078 0.000495651 0.011546923 0.999933183 0.069236614
0.999935985 -0.011024807 0.002549911 -0.024799053 0.011019593 0.999937177 0.002050050 -0.221346498 -0.002572353 -0.002021820 0.999994636 0.070764147
0.999978900 -0.005046264 0.004088581 -0.023252781 0.005007199 0.999942243 0.009508975 -0.228167772 -0.004136330 -0.009488301 0.999946415 0.069500133
0.999973476 0.005045746 0.005250757 -0.016908422 -0.005143243 0.999811471 0.018723391 -0.247890130 -0.005155294 -0.018749900 0.999810934 0.070036143
0.999870777 0.013651412 0.008486098 -0.015837586 -0.013793107 0.999762535 0.016869355 -0.256571323 -0.008253792 -0.016984224 0.999821663 0.070664562
0.999725521 0.020713981 0.010944393 -0.016232694 -0.020852208 0.999702275 0.012670378 -0.266018420 -0.010678681 -0.012895116 0.999859810 0.073693037
0.999581158 0.025637528 0.013423048 -0.016860699 -0.025734605 0.999643505 0.007110052 -0.276153147 -0.013235979 -0.007452511 0.999884605 0.076030135
0.999408245 0.028159594 0.019753763 -0.022757478 -0.028066499 0.999593675 -0.004974327 -0.276472390 -0.019885814 0.004416964 0.999792516 0.080453768
0.999472558 0.022645596 0.023276860 -0.024853887 -0.022469088 0.999716997 -0.007816712 -0.287523925 -0.023447284 0.007289579 0.999698520 0.084582768
0.999525726 0.010423353 0.028976960 -0.027293710 -0.010086719 0.999880195 -0.011739297 -0.299800426 -0.029095853 0.011441447 0.999511123 0.090361655
0.999292314 -0.002151460 0.037552986 -0.030556735 0.002718369 0.999882996 -0.015051711 -0.311484218 -0.037516210 0.015143143 0.999181271 0.096151061
0.998638868 -0.015496932 0.049802709 -0.033662498 0.016444251 0.999690473 -0.018668311 -0.323511124 -0.049497996 0.019461868 0.998584569 0.102590509
0.997415066 -0.026302388 0.066868082 -0.036374707 0.027757498 0.999395609 -0.020925581 -0.335098296 -0.066277280 0.022727583 0.997542381 0.109782472
0.995553434 -0.038242575 0.086086154 -0.039046802 0.040319275 0.998933136 -0.022514863 -0.346572280 -0.085133284 0.025885681 0.996033251 0.117803298
0.992991686 -0.049254477 0.107431650 -0.041282982 0.051904954 0.998409331 -0.022014506 -0.357271910 -0.106176451 0.027436454 0.993968725 0.126032963
0.989678681 -0.060425423 0.129941732 -0.043799147 0.063601837 0.997766197 -0.020431755 -0.366413176 -0.128416866 0.028485404 0.991311073 0.135426417
0.985714495 -0.070228122 0.153084934 -0.045721211 0.074174576 0.997040331 -0.020215455 -0.376468301 -0.151212156 0.031281676 0.988006234 0.143981650
0.981476128 -0.078653768 0.174694702 -0.048130438 0.083213001 0.996352196 -0.018917097 -0.385839045 -0.172569558 0.033103548 0.984440923 0.152796999
0.977444053 -0.085629642 0.193056211 -0.050385021 0.090809882 0.995703220 -0.018128783 -0.395389348 -0.190674320 0.035251286 0.981020212 0.161196396
0.973540604 -0.092573412 0.208923161 -0.053357199 0.098291583 0.995010197 -0.017132446 -0.403119653 -0.206294656 0.037214521 0.977781951 0.170036018
0.969949305 -0.096829280 0.223209321 -0.055929571 0.102701232 0.994601786 -0.014822051 -0.411878318 -0.220569193 0.037300512 0.974657834 0.177729651
0.966697514 -0.101097398 0.235106796 -0.059104480 0.107303523 0.994131625 -0.013721117 -0.420282573 -0.232339919 0.038491953 0.971872687 0.186001033
0.963917136 -0.103817992 0.245123491 -0.062217448 0.110496871 0.993783236 -0.013614582 -0.429054886 -0.242186174 0.040208705 0.969396293 0.193968251
0.961110413 -0.106451765 0.254823148 -0.066491306 0.113382161 0.993471265 -0.012620547 -0.434063226 -0.251815975 0.041022141 0.966905296 0.201338023
0.958010554 -0.111121319 0.264325351 -0.069306076 0.118082814 0.992947757 -0.010543519 -0.442567408 -0.261289686 0.041313082 0.964375913 0.209862247
0.954352856 -0.115893066 0.275280714 -0.071961634 0.122512728 0.992442846 -0.006913379 -0.449321568 -0.272399187 0.040323190 0.961339056 0.218494162
0.950084567 -0.121288620 0.287451476 -0.074139245 0.127473518 0.991837978 -0.002824739 -0.456307590 -0.284762651 0.039326187 0.957791030 0.227314427
0.945172369 -0.126560271 0.301051080 -0.076803163 0.132216483 0.991219580 0.001599867 -0.461820304 -0.298610210 0.038291760 0.953606665 0.236489534
0.939137340 -0.131551623 0.317356527 -0.078013651 0.137184501 0.990534663 0.004636234 -0.468003035 -0.314962566 0.039182343 0.948294938 0.246295184
0.931899071 -0.137527674 0.335634202 -0.079930887 0.143071115 0.989677727 0.008283587 -0.472786605 -0.333308905 0.040300086 0.941955984 0.256175578
0.923320353 -0.143728614 0.356120199 -0.080291294 0.148940861 0.988761961 0.012898094 -0.477833807 -0.353971928 0.041131768 0.934351146 0.266504705
0.913340032 -0.150753707 0.378263533 -0.081393607 0.155486107 0.987670481 0.018197060 -0.482688725 -0.376343012 0.042194627 0.925519049 0.278424680
0.901778460 -0.159873322 0.401542157 -0.081542462 0.164551482 0.986098766 0.023065817 -0.486570805 -0.399647862 0.045274097 0.915550053 0.289477885
0.888814628 -0.168618381 0.426117837 -0.081730023 0.172905147 0.984513581 0.028927356 -0.489608824 -0.424396515 0.047966905 0.904205084 0.301269740
0.874577522 -0.178849220 0.450696260 -0.081469476 0.182500690 0.982555091 0.035762880 -0.492996037 -0.449230045 0.050974954 0.891960740 0.312708795
0.859146416 -0.189233601 0.475455701 -0.081369624 0.192008853 0.980439246 0.043260284 -0.495575756 -0.474341750 0.054124773 0.878675401 0.325628132
0.842583597 -0.198941454 0.500474989 -0.080989160 0.201724038 0.978204608 0.049225416 -0.498084545 -0.499359906 0.059481282 0.864350438 0.337928712
0.824820578 -0.208632499 0.525493622 -0.081816688 0.210897505 0.975878716 0.056418225 -0.500934958 -0.524588704 0.064290360 0.848924875 0.351374209
0.807045460 -0.218476057 0.548585296 -0.081285290 0.220309228 0.973358512 0.063537881 -0.502483547 -0.547851682 0.069580436 0.833676875 0.364154160
0.788687348 -0.228423849 0.570784390 -0.081521727 0.229726091 0.970660269 0.071024895 -0.503681302 -0.570261538 0.075107619 0.818022430 0.378368706
0.770148158 -0.237677649 0.591930032 -0.080633484 0.238609508 0.967960656 0.078215227 -0.504256010 -0.591554999 0.081002802 0.802185297 0.392319262
0.751495659 -0.243599430 0.613117993 -0.080565728 0.243698046 0.966106296 0.085146599 -0.506310105 -0.613078773 0.085428350 0.785389364 0.408604741
0.732851148 -0.252131224 0.631948650 -0.079378456 0.251629531 0.963387370 0.092559792 -0.506351471 -0.632148564 0.091184385 0.769463241 0.423366398
0.713941634 -0.257724464 0.651049495 -0.079644755 0.256927550 0.961365223 0.098818965 -0.506920874 -0.651364446 0.096721567 0.752575159 0.439086974
0.694328427 -0.265186906 0.669017196 -0.078395516 0.263139486 0.958810210 0.106960863 -0.506875038 -0.669825077 0.101778850 0.735510349 0.454547346
0.674492836 -0.272346824 0.686211824 -0.078125730 0.269062310 0.956227124 0.115044400 -0.507686675 -0.687506318 0.107037082 0.718246579 0.471819103
0.654090703 -0.278829813 0.703149557 -0.076545149 0.274408698 0.953723252 0.122930214 -0.507847250 -0.704886675 0.112542838 0.700334847 0.488144189
0.633643448 -0.283936501 0.719636023 -0.076417595 0.275762320 0.952006698 0.132809445 -0.509410262 -0.722807825 0.114294663 0.681531787 0.504375160
0.612445951 -0.291551471 0.734784186 -0.075075775 0.282371938 0.948865771 0.141137570 -0.509650826 -0.738360465 0.121043295 0.663454890 0.521353781
0.591145933 -0.296303689 0.750167131 -0.073602006 0.286918223 0.946492136 0.147751868 -0.510004163 -0.753806710 0.127893656 0.644529879 0.540583432
0.569603741 -0.301597089 0.764585495 -0.071678460 0.291618615 0.943881214 0.155070633 -0.510214865 -0.768446684 0.134638488 0.625589609 0.558932185
0.548374891 -0.303991348 0.779021382 -0.070219249 0.295361787 0.941950738 0.159656599 -0.512192786 -0.782333970 0.142541453 0.606329560 0.578566074
0.527210712 -0.307209074 0.792257190 -0.068487167 0.301296413 0.939364374 0.163753092 -0.513112903 -0.794524550 0.152371854 0.587803960 0.597420514
0.505404770 -0.310913056 0.804921865 -0.066817671 0.308149964 0.936351538 0.168194517 -0.514198780 -0.805983663 0.163030311 0.569044352 0.617879570
0.484229982 -0.315474987 0.816086352 -0.065372229 0.316561401 0.932713568 0.172725961 -0.514766216 -0.815665543 0.174702331 0.551515102 0.637281597
0.462564349 -0.321593046 0.826203525 -0.063440263 0.324048042 0.928742945 0.180081770 -0.516133249 -0.825243771 0.184430197 0.533814907 0.659120619
0.440749049 -0.324086428 0.837083280 -0.061446100 0.328372955 0.926121652 0.185660616 -0.516204178 -0.835411012 0.193045720 0.514608443 0.678536236
0.418550014 -0.325010538 0.848047256 -0.059934407 0.331650376 0.923983335 0.190428153 -0.516620994 -0.845472693 0.201551452 0.494523048 0.700556576
0.396049857 -0.328143835 0.857593298 -0.058085024 0.336234987 0.920922756 0.197097272 -0.516373217 -0.854453444 0.210292488 0.475064754 0.720045924
0.373107195 -0.330364347 0.866977870 -0.056761801 0.341271758 0.917811811 0.202867135 -0.516732097 -0.862742603 0.220183805 0.455186188 0.741125345
0.349941611 -0.332659990 0.875715971 -0.055112183 0.347503275 0.914221764 0.208422795 -0.516800523 -0.869932532 0.231378272 0.435524642 0.760549068
0.326952338 -0.335774869 0.883378506 -0.053990066 0.354265183 0.910135150 0.214825973 -0.517376840 -0.876127005 0.242712334 0.416524172 0.781239271
0.304223120 -0.338266850 0.890518904 -0.052738249 0.362187564 0.905697465 0.220300302 -0.517402112 -0.881061077 0.255514383 0.398050129 0.799939990
0.281200588 -0.340210438 0.897320032 -0.049337506 0.368691504 0.901587546 0.226288512 -0.519777060 -0.885998249 0.267201751 0.378959656 0.820764065
0.258737803 -0.341272175 0.903652608 -0.048748672 0.373228729 0.898175299 0.232339129 -0.519602418 -0.890929282 0.277154207 0.359764516 0.838398099
0.236329317 -0.343269080 0.909018636 -0.047620177 0.378691941 0.894084573 0.239176124 -0.520911396 -0.894841313 0.287713677 0.341291606 0.857758343
0.214544952 -0.342621565 0.914648175 -0.047347367 0.381097198 0.891593575 0.244593173 -0.520497382 -0.899297357 0.296093494 0.321859002 0.873932600
0.193275034 -0.346704066 0.917845964 -0.047169745 0.383158982 0.887872696 0.254698515 -0.520953655 -0.903235316 0.302453995 0.304446399 0.890700221
0.172770441 -0.351752937 0.920011103 -0.047414482 0.384697139 0.883966267 0.265728772 -0.519567907 -0.906729639 0.308015466 0.288041592 0.905257583
0.152541816 -0.356471807 0.921769500 -0.047186375 0.382358938 0.881340742 0.277561128 -0.519654036 -0.911335707 0.310107052 0.270741463 0.921259284
0.133054852 -0.361017972 0.923018038 -0.047811687 0.378976613 0.879058361 0.289193898 -0.518457770 -0.915790975 0.311323613 0.253780365 0.934161246
0.115142882 -0.366614789 0.923220456 -0.043602347 0.375543982 0.876489103 0.301220179 -0.516311586 -0.919624388 0.312026441 0.238601446 0.950296581
0.100889146 -0.370735079 0.923242688 -0.044488311 0.372515649 0.874549866 0.310474753 -0.515713453 -0.922525644 0.312598765 0.226337194 0.962475717
0.088950396 -0.372642726 0.923702002 -0.042491436 0.370037049 0.873368025 0.316703141 -0.514626801 -0.924748898 0.313633084 0.215578020 0.977577329
0.079742193 -0.373647749 0.924136639 -0.042748690 0.369499862 0.872123480 0.320734233 -0.514537096 -0.925802946 0.315892309 0.207607806 0.989653468
0.072067797 -0.371845067 0.925493240 -0.041713834 0.370829999 0.871377587 0.321226060 -0.515109181 -0.925900459 0.320050478 0.200689554 1.003969669
0.066200495 -0.369362831 0.926924229 -0.041247845 0.369644165 0.871944427 0.321054578 -0.515454471 -0.926812053 0.321378171 0.194256008 1.016099572
0.062044322 -0.366366267 0.928399742 -0.039613724 0.371487021 0.871835351 0.319218516 -0.515458405 -0.926362693 0.325082779 0.190192759 1.030146837
0.058936000 -0.364601344 0.929296672 -0.038832188 0.372144431 0.871834219 0.318455040 -0.515784740 -0.926301777 0.327064157 0.187066793 1.042304039
0.057318032 -0.368164808 0.927992165 -0.037709713 0.373140126 0.870055854 0.322132349 -0.514531612 -0.926002800 0.327807069 0.187246919 1.056320667
0.057026684 -0.372386932 0.926323950 -0.036561728 0.373431683 0.868440628 0.326128215 -0.513979375 -0.925903261 0.327320665 0.188585341 1.069199562
0.057168424 -0.377118319 0.924399197 -0.032220721 0.375515014 0.866042972 0.330087990 -0.511477828 -0.925051630 0.328255087 0.191123903 1.083121896
0.058538020 -0.381049931 0.922699511 -0.030760288 0.379060805 0.863544345 0.332571954 -0.511180818 -0.923518479 0.330291063 0.194991231 1.095531702
0.060277998 -0.384545356 0.921135962 -0.028500557 0.386590391 0.859787583 0.333636314 -0.510570705 -0.920279562 0.335991353 0.200487792 1.108012319
0.062393904 -0.387165934 0.919896483 -0.026080251 0.393975645 0.856396794 0.333717972 -0.510572731 -0.917000651 0.341594845 0.205967903 1.119148374
0.064899206 -0.389315754 0.918815374 -0.022305489 0.402331859 0.852810860 0.332930535 -0.510162055 -0.913190842 0.348061651 0.211980820 1.130485296
0.067655087 -0.389225334 0.918654740 -0.017949462 0.407901257 0.851086676 0.330557168 -0.509972334 -0.910516083 0.352356493 0.216345847 1.139838099
0.070911229 -0.386740029 0.919458449 -0.012973428 0.403842092 0.853985429 0.328055531 -0.508998871 -0.912076294 0.348053187 0.216739058 1.148507237
0.074659109 -0.384187609 0.920231581 -0.006703854 0.397889286 0.857644200 0.325776905 -0.507664382 -0.914390683 0.341827959 0.216895044 1.155724645
0.078688204 -0.380993515 0.921223164 -0.001037598 0.388090819 0.862896204 0.323721498 -0.507597744 -0.918255806 0.332045168 0.215759873 1.162526488
0.082973599 -0.376491368 0.922697067 0.006963491 0.380778074 0.867613256 0.319773823 -0.505986333 -0.920936346 0.324809939 0.215348661 1.168534517
0.087344885 -0.371471465 0.924326837 0.014600873 0.373777688 0.872302592 0.315243423 -0.504654050 -0.923396647 0.317957759 0.215038896 1.174715996
0.091568053 -0.368259370 0.925202966 0.022967219 0.366950572 0.876201928 0.312438041 -0.502729774 -0.925722837 0.310894340 0.215365052 1.180240393
0.095262825 -0.365428150 0.925952196 0.031533360 0.362959802 0.878897011 0.309516102 -0.502067745 -0.926922560 0.306597978 0.216361880 1.186400175
0.097093582 -0.362398297 0.926952243 0.040126801 0.359006912 0.881404102 0.306986749 -0.500604689 -0.928270936 0.302975774 0.215682149 1.191810966
0.095056355 -0.359179318 0.928415060 0.049149394 0.355980814 0.883232057 0.305251896 -0.500246644 -0.929646134 0.301481843 0.211817801 1.197312593
0.089272797 -0.354424804 0.930813491 0.057815194 0.355177492 0.884432971 0.302700013 -0.499397308 -0.930526555 0.303581029 0.204839468 1.202353716
0.076365411 -0.350883663 0.933300138 0.059518099 0.359953761 0.882611513 0.302374274 -0.505844831 -0.929839611 0.312853903 0.193702877 1.210314512
0.062029481 -0.344132215 0.936870039 0.068409920 0.363726348 0.881920397 0.299865961 -0.506079972 -0.929438293 0.322163761 0.179874957 1.214837551
0.043960214 -0.335828632 0.940896869 0.076668859 0.371811360 0.879651368 0.296597034 -0.507034898 -0.927266955 0.336797565 0.163534582 1.218998671
0.023614109 -0.328839391 0.944090605 0.084927201 0.377674371 0.877307415 0.296131313 -0.508133113 -0.925637364 0.349565923 0.144910991 1.222682118
0.000365078 -0.324616075 0.945846021 0.092297196 0.378457069 0.875537634 0.300340027 -0.509736717 -0.925618947 0.357852370 0.123172820 1.226112843
-0.023074269 -0.325314671 0.945324421 0.098022819 0.379185647 0.872074068 0.309362471 -0.511331201 -0.925033092 0.365591645 0.103232145 1.228286982
-0.046872377 -0.329885721 0.942856610 0.102323055 0.381669104 0.866361976 0.322095782 -0.512885988 -0.923109829 0.374956578 0.085298717 1.230819345
-0.067616701 -0.335752904 0.939520061 0.105846047 0.384944677 0.859982789 0.335033149 -0.515481949 -0.920459449 0.384317070 0.071097136 1.232235193
-0.085181713 -0.344843745 0.934787273 0.107471704 0.390151322 0.851734459 0.349757642 -0.522637665 -0.916802287 0.394501299 0.061989069 1.231608272
-0.100445986 -0.354106307 0.929795325 0.109103322 0.394547641 0.843725324 0.363950223 -0.530148566 -0.913368881 0.403405875 0.054962933 1.230840564
-0.112333179 -0.364089727 0.924564779 0.110531211 0.396892488 0.836570144 0.377659619 -0.540831923 -0.910965264 0.409376502 0.050529838 1.228338480
-0.121448159 -0.371094078 0.920619190 0.112032175 0.397815198 0.831539392 0.387666553 -0.554606795 -0.909391820 0.413317651 0.046637952 1.223757982
-0.128770709 -0.376280338 0.917513669 0.113735795 0.399571031 0.827101290 0.395280212 -0.571160793 -0.907612860 0.417512387 0.043844283 1.217403650
-0.134814024 -0.378299981 0.915813625 0.115848303 0.403042525 0.823401809 0.399457484 -0.588813484 -0.905197322 0.422964185 0.041464865 1.209359884
-0.139651895 -0.378858089 0.914857507 0.118381739 0.406203747 0.820674062 0.401861578 -0.607737780 -0.903048277 0.427739114 0.039284885 1.199693203
-0.143303156 -0.379848629 0.913881481 0.121222258 0.406607777 0.819281161 0.404287666 -0.624743104 -0.902293980 0.429526955 0.037043869 1.189724803
-0.146596789 -0.380939901 0.912904382 0.124593139 0.407984495 0.817440569 0.406619728 -0.643011689 -0.901142716 0.432059884 0.035583377 1.178111911
-0.149308562 -0.378538102 0.913463771 0.128697515 0.405204624 0.819261849 0.405732989 -0.658273041 -0.901951373 0.430719078 0.031062543 1.165899515
-0.151541471 -0.377027154 0.913720906 0.132974267 0.402681231 0.820662856 0.405413806 -0.672711909 -0.902708828 0.429375172 0.027457297 1.152811408
-0.152908564 -0.377491236 0.913301528 0.137757540 0.394523442 0.824012399 0.406638414 -0.685205698 -0.906074226 0.422497243 0.022930622 1.138784766
-0.153371930 -0.378153116 0.912949741 0.142817497 0.383710653 0.828594029 0.407673985 -0.696942925 -0.910627902 0.412834257 0.018018305 1.124700904
-0.153553963 -0.381774634 0.911410749 0.148277402 0.373593897 0.831456900 0.411226213 -0.707498848 -0.914794505 0.403642833 0.014955163 1.109674931
-0.153443933 -0.384448200 0.910304785 0.156338573 0.363273948 0.834757805 0.413777143 -0.720168412 -0.918959856 0.394181520 0.011571467 1.094977260
-0.153743029 -0.386110604 0.909550309 0.162852883 0.354840517 0.837518871 0.415512145 -0.729234397 -0.922199249 0.386627376 0.008245051 1.080249071
-0.154245377 -0.387355208 0.908935845 0.169803262 0.352215767 0.837949872 0.416874170 -0.738099813 -0.923121035 0.384442389 0.007182777 1.066112757
-0.155156016 -0.388004631 0.908503711 0.177399158 0.354921848 0.836344838 0.417801201 -0.746437013 -0.921931207 0.387272179 0.007947385 1.052271962
-0.156426430 -0.389253795 0.907751262 0.185877800 0.360098541 0.833329260 0.419394076 -0.754346788 -0.919706404 0.392484188 0.009815037 1.038896322
-0.156836510 -0.390149176 0.907296121 0.194564462 0.363307357 0.831457973 0.420339614 -0.761482418 -0.918373764 0.395551831 0.011341095 1.025236368
-0.156811833 -0.390273631 0.907246888 0.204231501 0.361665964 0.832110584 0.420463711 -0.768992603 -0.919025600 0.394053906 0.010663867 1.012182117
-0.156678200 -0.388911963 0.907854319 0.214208722 0.359457672 0.833710849 0.419185400 -0.774834037 -0.919914246 0.392012417 0.009173036 0.998398781
-0.156813741 -0.389248788 0.907686591 0.229518652 0.356698513 0.834700108 0.419573486 -0.782367468 -0.920964599 0.389565289 0.007951975 0.985938728
-0.156763434 -0.387826592 0.908303797 0.241038203 0.353122681 0.836871147 0.418271482 -0.786717474 -0.922350109 0.386312306 0.005759597 0.972914755
-0.157385826 -0.387205303 0.908461332 0.253566861 0.349626243 0.838495612 0.417955279 -0.791361570 -0.923575401 0.383402109 0.003409684 0.960314929
-0.158389449 -0.384486556 0.909440994 0.266213059 0.347280443 0.840523243 0.415832847 -0.795679808 -0.924288392 0.381694585 0.000394702 0.947808921
-0.162012577 -0.380659908 0.910412014 0.280553341 0.347576529 0.841461062 0.413683325 -0.800024271 -0.923548877 0.383459777 -0.004018903 0.935405850
-0.169659853 -0.373592645 0.911945403 0.294673443 0.347481340 0.843253493 0.410097897 -0.804229021 -0.922210753 0.386461020 -0.013249755 0.922822595
-0.180095315 -0.363013446 0.914213896 0.309810638 0.347419798 0.846035123 0.404381067 -0.808776498 -0.920252800 0.390443116 -0.026248932 0.910711646
-0.192957640 -0.355867088 0.914399266 0.324187636 0.346178889 0.847295761 0.402802706 -0.811713755 -0.918110847 0.394269526 -0.040298462 0.898801923
-0.206264138 -0.356406063 0.911279261 0.340123057 0.343270451 0.845760167 0.408479035 -0.814280808 -0.916308105 0.397069812 -0.052106380 0.887996435
-0.218316674 -0.361616343 0.906405807 0.353205442 0.341596156 0.841731608 0.418090910 -0.815437078 -0.914138913 0.400900930 -0.060237288 0.877494037
-0.228779078 -0.369598806 0.900586963 0.371593475 0.337385178 0.837681293 0.429489523 -0.815750003 -0.913143635 0.402102858 -0.066946745 0.869398654
-0.237999439 -0.375404477 0.895783365 0.384664297 0.333924055 0.834437788 0.438415647 -0.817456782 -0.912058651 0.403466284 -0.073239088 0.859709322
-0.246441126 -0.379284084 0.891857862 0.399695635 0.329627633 0.832575142 0.445156455 -0.819556832 -0.911379457 0.403685749 -0.080158234 0.851425707
-0.254125953 -0.380702227 0.889092743 0.413721085 0.328114122 0.830819249 0.449533641 -0.822475314 -0.909813821 0.405962050 -0.086218953 0.842589140
-0.260431409 -0.380616188 0.887303174 0.429559112 0.323966503 0.831285834 0.451674163 -0.825386941 -0.909517109 0.405086637 -0.093186140 0.835175991
-0.266131401 -0.376056880 0.887555957 0.444962978 0.322381288 0.833017111 0.449614078 -0.829074442 -0.908429742 0.405787796 -0.100458384 0.827452064
-0.270986676 -0.368021160 0.889453053 0.462023020 0.321203977 0.836492777 0.443968356 -0.832851231 -0.907410741 0.406005323 -0.108468533 0.821445227
-0.275285721 -0.361472040 0.890817583 0.478159130 0.320302933 0.839190841 0.439505100 -0.837162137 -0.906434834 0.406320870 -0.115236759 0.815041184
-0.278642535 -0.354893774 0.892417550 0.501521111 0.321694106 0.841050684 0.434909999 -0.842039764 -0.904915214 0.408269763 -0.120185256 0.808274627
-0.281178594 -0.350502849 0.893356860 0.517881453 0.323078632 0.841998696 0.432039827 -0.846584499 -0.903636515 0.410104841 -0.123512030 0.803134859
-0.282564402 -0.347353518 0.894149482 0.535251975 0.327969849 0.840977192 0.430340767 -0.851710856 -0.901439726 0.414852917 -0.123708725 0.798897743
-0.284834385 -0.344294578 0.894612014 0.550967753 0.336384624 0.838018954 0.429615647 -0.857044160 -0.897616208 0.423303038 -0.122881293 0.795189977
-0.289088368 -0.342023611 0.894118607 0.568028271 0.344019532 0.834487796 0.430442423 -0.863038778 -0.893352568 0.432030052 -0.123577952 0.790641427
-0.297214866 -0.339343995 0.892473698 0.582887888 0.351070791 0.830396652 0.432655424 -0.868679643 -0.887926221 0.441912979 -0.127672553 0.786654472
-0.308921814 -0.337835521 0.889063895 0.598704875 0.358455211 0.824496806 0.437852621 -0.875183761 -0.880952537 0.453951776 -0.133606195 0.781642437
-0.323491335 -0.335412264 0.884789288 0.612557590 0.364072382 0.818961978 0.443567961 -0.880980849 -0.873386919 0.465617687 -0.142812848 0.776040912
-0.342290640 -0.333173573 0.878540218 0.633493781 0.366134167 0.813814521 0.451277852 -0.894014060 -0.865322649 0.476131618 -0.156574845 0.769413650
-0.360993385 -0.329576164 0.872389436 0.646232247 0.365556508 0.810594976 0.457497805 -0.899461150 -0.857934833 0.484061271 -0.172140718 0.761217237
-0.381521940 -0.325139821 0.865289152 0.659179449 0.360275030 0.809762478 0.463127077 -0.904680312 -0.851259768 0.488435149 -0.191802502 0.752135634
-0.403495789 -0.319676518 0.857320368 0.670679331 0.354329109 0.809279382 0.468527228 -0.909735024 -0.843588889 0.492822260 -0.213270187 0.741452098
-0.427644014 -0.314099133 0.847621560 0.685260057 0.345300317 0.809817970 0.474302173 -0.919680059 -0.835397005 0.495516479 -0.237855315 0.729414582
-0.452772737 -0.308336914 0.836615443 0.695728540 0.335570216 0.810385525 0.480279028 -0.923715711 -0.826068759 0.498200417 -0.263451815 0.716793299
-0.478713870 -0.302471757 0.824223518 0.706683159 0.326546371 0.810093105 0.486946285 -0.928574383 -0.814985275 0.502254963 -0.289031863 0.704280972
-0.503803015 -0.295022756 0.811876953 0.715678573 0.319428712 0.809621036 0.492421627 -0.931980312 -0.802588284 0.507420301 -0.313650846 0.691565990
-0.525925159 -0.289001614 0.799925685 0.725059390 0.314401299 0.807827234 0.498564929 -0.936405420 -0.790287852 0.513705373 -0.333994150 0.679503798
-0.544476271 -0.284997731 0.788873851 0.732358098 0.309095949 0.806142688 0.504572809 -0.937539458 -0.779746950 0.518565595 -0.350834012 0.668055177
-0.559978127 -0.283141792 0.778624356 0.741408348 0.303832948 0.804135561 0.510932088 -0.939963877 -0.770785749 0.522682309 -0.364270568 0.657314777
-0.572837353 -0.282128513 0.769584954 0.746437907 0.299820304 0.801710963 0.517075717 -0.935312152 -0.762866557 0.526937425 -0.374662161 0.648907483
-0.583272815 -0.282387227 0.761610508 0.751445532 0.293283850 0.801158965 0.521659791 -0.937393606 -0.757481098 0.527637899 -0.384474635 0.642674685
-0.591226101 -0.282172769 0.755533159 0.755951762 0.290106028 0.799687266 0.525679410 -0.927487731 -0.752522647 0.529980004 -0.390936017 0.637496650
-0.597181559 -0.280875564 0.751321018 0.761190891 0.289733112 0.797906339 0.528583229 -0.918348789 -0.747949898 0.533342659 -0.395116091 0.633073449
-0.601366520 -0.278908849 0.748711109 0.765384078 0.290492058 0.796633363 0.530084670 -0.907589972 -0.744293571 0.536269724 -0.398047805 0.628563225
-0.604213834 -0.277071953 0.747099161 0.768559694 0.290301204 0.796615601 0.530215919 -0.901485920 -0.742058754 0.537247479 -0.400891900 0.622982144
-0.605794191 -0.276464999 0.746043384 0.771447420 0.292011082 0.794987619 0.531718194 -0.896093011 -0.740096748 0.539964616 -0.400868058 0.616691411
-0.606414318 -0.273901671 0.746484876 0.772929192 0.295049757 0.794265270 0.531119943 -0.895582676 -0.738381624 0.542328835 -0.400839329 0.609451830
-0.606682897 -0.274026155 0.746221125 0.775556564 0.296823919 0.792729199 0.532424688 -0.897201240 -0.737449586 0.544509053 -0.399597764 0.599947155
-0.606172442 -0.274265468 0.746547997 0.774126410 0.296472549 0.793086290 0.532088578 -0.904199719 -0.738010466 0.543868244 -0.399434924 0.591410995
-0.605208158 -0.279324025 0.745453775 0.775856972 0.290997475 0.793989480 0.533761322 -0.908347130 -0.740974844 0.539961874 -0.399246335 0.580236435
-0.604323864 -0.282903820 0.744820833 0.775542259 0.287354678 0.794526875 0.534933925 -0.911858082 -0.743115067 0.537301064 -0.398857832 0.570128739
-0.604678273 -0.287541240 0.742754817 0.776170611 0.281140476 0.795472801 0.536826909 -0.911825478 -0.745201111 0.533425868 -0.400165677 0.560313225
-0.607111335 -0.291996419 0.739022493 0.774496436 0.273160934 0.796664178 0.539174676 -0.909430206 -0.746189833 0.529211044 -0.403901935 0.552218676
-0.611619234 -0.294621080 0.734248221 0.774480343 0.266400605 0.797183990 0.541782618 -0.903349638 -0.744951546 0.526968837 -0.409085870 0.544170141
-0.617854357 -0.296633840 0.728192806 0.772490740 0.262109458 0.795438945 0.546420693 -0.894161880 -0.741319776 0.528474569 -0.413714886 0.538035631
-0.625642419 -0.297173947 0.721290231 0.771430254 0.258566469 0.793341219 0.551138043 -0.882220089 -0.736013174 0.531316638 -0.419508696 0.532880187
-0.634768248 -0.297843426 0.712992966 0.771427870 0.253310591 0.791524410 0.556168020 -0.864184022 -0.730002344 0.533646286 -0.426987648 0.527922094
-0.643299460 -0.299188256 0.704735696 0.770177126 0.246697783 0.790385485 0.560741484 -0.848203242 -0.724780142 0.534581363 -0.434645534 0.525044739
-0.651158452 -0.299764425 0.697233438 0.768760443 0.240159422 0.790096164 0.563978374 -0.831696332 -0.719942093 0.534686267 -0.442486525 0.522455275
-0.659080982 -0.299774170 0.689744711 0.768012881 0.235944703 0.788405001 0.568108857 -0.815817058 -0.714102507 0.537171304 -0.448892593 0.520398319
-0.668258309 -0.300372303 0.680593669 0.767287135 0.229253218 0.787190378 0.572515786 -0.799171865 -0.707724631 0.538616598 -0.457185268 0.518058479
-0.678836584 -0.299241304 0.670548856 0.766490102 0.222719356 0.786265135 0.576353371 -0.782863140 -0.699697912 0.540593922 -0.467098713 0.516837656
-0.690662861 -0.297541916 0.659131110 0.766894817 0.217973575 0.783400774 0.582040250 -0.765844166 -0.689545214 0.545666635 -0.476209521 0.515566528
-0.703261375 -0.294787526 0.646934271 0.767013550 0.214011490 0.779989004 0.588061452 -0.747864962 -0.677954793 0.552012205 -0.485448241 0.515593708
-0.716270089 -0.292486966 0.633568347 0.769885063 0.209441110 0.775956631 0.595000684 -0.726311088 -0.665651500 0.558876336 -0.494535804 0.512733161
-0.729589939 -0.288345337 0.620125651 0.771190882 0.205014035 0.772848845 0.600561440 -0.706907868 -0.652432442 0.565297902 -0.504747868 0.513480306
-0.741992712 -0.285134435 0.606749654 0.774112582 0.200850904 0.768927157 0.606967866 -0.687069893 -0.639613748 0.572231948 -0.513268828 0.514142871
-0.752287984 -0.284224391 0.594373226 0.776808381 0.196468979 0.764331222 0.614164352 -0.666662931 -0.628858447 0.578804255 -0.519155979 0.515946448
-0.760734320 -0.280950546 0.585107148 0.781336904 0.195438072 0.760475516 0.619258344 -0.645877779 -0.618940651 0.585443199 -0.523611426 0.517311931
-0.766647935 -0.279423058 0.578077674 0.785763144 0.191911012 0.759456098 0.621608078 -0.626663327 -0.612716198 0.587493956 -0.528611064 0.519002974
-0.770551205 -0.277459204 0.573818207 0.791818500 0.190966398 0.758421779 0.623159885 -0.610321045 -0.608097672 0.589756608 -0.531417489 0.519533336
-0.772818565 -0.274468690 0.572205126 0.798407435 0.191489190 0.758765697 0.622580588 -0.596111298 -0.605048478 0.590712845 -0.533830404 0.519716144
-0.773728967 -0.269921482 0.573137403 0.806422472 0.195454463 0.758849561 0.621244669 -0.584705651 -0.602612376 0.592697024 -0.534386635 0.517960250
-0.772745728 -0.270357162 0.574257374 0.814755321 0.197000757 0.757904291 0.621909916 -0.575467646 -0.603369951 0.593707144 -0.532406807 0.516451657
-0.770936131 -0.270911425 0.576424122 0.824244857 0.199120194 0.757144630 0.622160137 -0.568854928 -0.604986668 0.594423354 -0.529766202 0.512992799
-0.767826319 -0.271647811 0.580215693 0.834273815 0.200512081 0.758259892 0.620352209 -0.565022945 -0.608471632 0.592662990 -0.527743220 0.508969009
-0.763856888 -0.271884352 0.585322022 0.844802499 0.200742155 0.761854768 0.615857005 -0.563328981 -0.613372326 0.587925315 -0.527369380 0.503897786
-0.758920193 -0.274354458 0.590567529 0.856550932 0.201552361 0.763412118 0.613660038 -0.564200640 -0.619206727 0.584749162 -0.524072051 0.497597694
-0.753962517 -0.280638099 0.593955517 0.868372798 0.200807631 0.762417853 0.615138471 -0.566542923 -0.625473619 0.583061993 -0.518480301 0.490823239
-0.749262691 -0.285847247 0.597408772 0.881653190 0.202863112 0.759636879 0.617898345 -0.571907520 -0.630438328 0.584160209 -0.511179805 0.482119918
-0.745042443 -0.288769484 0.601269126 0.893839717 0.206149504 0.757609725 0.619297922 -0.573505521 -0.634361744 0.585354388 -0.504921794 0.476962000
-0.741050720 -0.292828530 0.604231298 0.909513712 0.209356040 0.754263043 0.622299969 -0.577484548 -0.637976587 0.587655246 -0.497641683 0.467751116
-0.738242388 -0.293817312 0.607181787 0.925418139 0.216257364 0.749537706 0.625640512 -0.580202401 -0.638929605 0.593181849 -0.489800453 0.460059702
-0.735854626 -0.295751840 0.609138072 0.942677617 0.221133262 0.745295882 0.628994644 -0.582502723 -0.640014350 0.597549140 -0.483028889 0.451386452
-0.733925581 -0.293494523 0.612547278 0.959843457 0.225067198 0.745795548 0.627003789 -0.584122896 -0.640857220 0.598038435 -0.481302500 0.443472773
-0.732645154 -0.291579545 0.614989877 0.978932679 0.225553036 0.748508155 0.623587489 -0.584942698 -0.642150283 0.595581174 -0.482624292 0.433292925
-0.732359886 -0.285103768 0.618356586 0.998311102 0.228890374 0.752199352 0.617904007 -0.585591674 -0.641294241 0.594063938 -0.485623121 0.424594015
-0.732732892 -0.281107008 0.619742930 1.018486738 0.232087985 0.752868712 0.615892708 -0.584756792 -0.639716804 0.595119774 -0.486410141 0.414652705
-0.733479023 -0.277445793 0.620509863 1.037766576 0.230136812 0.757614613 0.610783994 -0.586529851 -0.639566779 0.590799391 -0.491843939 0.406706423
-0.734365940 -0.273664355 0.621139824 1.058509350 0.227708697 0.762752950 0.605274081 -0.584298134 -0.639418185 0.585931540 -0.497824073 0.395986229
-0.735476971 -0.268233508 0.622193336 1.079610109 0.228819489 0.766015649 0.600717664 -0.582729936 -0.637742400 0.584183931 -0.502009749 0.385954976
-0.736651540 -0.263832599 0.622685492 1.100747943 0.232308984 0.766008615 0.599385858 -0.580362082 -0.635119975 0.586193800 -0.502990842 0.375806391
-0.738250613 -0.262194961 0.621482253 1.121851683 0.233651996 0.764915228 0.600259542 -0.577866495 -0.632766247 0.588352442 -0.503436804 0.366440237
-0.740808845 -0.255501956 0.621225655 1.142946482 0.238185272 0.764820933 0.598595679 -0.574602604 -0.628068745 0.591411650 -0.505729318 0.357445240
-0.744149923 -0.245516866 0.621258855 1.164762020 0.245176852 0.764725268 0.595888972 -0.572461069 -0.621393085 0.595748901 -0.508875251 0.348275304
-0.747424364 -0.234177336 0.621706128 1.185832381 0.254394770 0.763600945 0.593461812 -0.569512069 -0.613710761 0.601726353 -0.511160493 0.339155614
-0.751628041 -0.223987669 0.620391190 1.206209421 0.262853116 0.760943055 0.593189657 -0.569101989 -0.604949534 0.608929574 -0.513070345 0.329838157
-0.755582929 -0.213339865 0.619339228 1.225804329 0.270818681 0.759155512 0.591895461 -0.565323114 -0.596449733 0.614954591 -0.515828490 0.320018828
-0.760269642 -0.204452232 0.616595387 1.244799018 0.275859654 0.757733464 0.591389477 -0.561152220 -0.588125825 0.619709074 -0.519681692 0.309573174
-0.765471220 -0.197604358 0.612377644 1.261908054 0.278116882 0.756596923 0.591787219 -0.555492043 -0.580262780 0.623308659 -0.524196029 0.299161196
-0.771002889 -0.193421423 0.606748223 1.277718306 0.277593076 0.755405843 0.593552172 -0.548877120 -0.573146820 0.626059353 -0.528727770 0.288048208
-0.776667953 -0.189429402 0.600752711 1.291938305 0.275863320 0.755103409 0.594742239 -0.540839732 -0.566292048 0.627642691 -0.534208059 0.276952565
-0.782531261 -0.187327981 0.593761921 1.305782080 0.273585141 0.753203094 0.598194242 -0.531813979 -0.559281826 0.630550027 -0.538154840 0.264874995
-0.788678527 -0.186524287 0.585828483 1.317384005 0.269674242 0.751355767 0.602279305 -0.521955907 -0.552505314 0.632987499 -0.542277336 0.253670096
-0.795370340 -0.189864740 0.575619459 1.335350990 0.262958765 0.747558951 0.609924912 -0.511194825 -0.546112657 0.636480212 -0.544659615 0.237561524
-0.801922202 -0.190001562 0.566410482 1.344086409 0.258934796 0.743867457 0.616128266 -0.500141382 -0.538399637 0.640750110 -0.547325850 0.225695908
-0.808205009 -0.188401669 0.557951391 1.352479458 0.256584436 0.740131795 0.621586204 -0.488849163 -0.530065477 0.645530581 -0.549837351 0.212239206
-0.813989043 -0.185589626 0.550434649 1.359520912 0.255087912 0.737123847 0.625762403 -0.477194697 -0.521873534 0.649772942 -0.552669048 0.198616445
-0.819291115 -0.183263779 0.543301702 1.366168737 0.253721237 0.733852744 0.630147398 -0.464834869 -0.514186621 0.654121220 -0.554741144 0.183811724
-0.823891878 -0.187068880 0.534983873 1.371546030 0.244774729 0.733924150 0.633593440 -0.452436656 -0.511163235 0.652962923 -0.558884382 0.167959154
-0.827808619 -0.192254499 0.527040124 1.377295256 0.234126702 0.735337496 0.635974467 -0.439243078 -0.509821296 0.649859250 -0.563706875 0.150564373
