1.000000000 0.000000000 0.000000000 0.000000060 0.000000000 1.000000000 0.000000000 0.000000358 0.000000000 0.000000000 1.000000000 0.000000235
0.999984443 0.003441743 0.004386041 -0.000074962 -0.003460189 0.999985158 0.004204938 0.019243665 -0.004371504 -0.004220049 0.999981523 0.007118054
0.999969780 0.004473844 0.006356271 -0.000657232 -0.004563424 0.999889493 0.014149371 0.041906200 -0.006292267 -0.014177949 0.999879718 0.013445568
0.999972463 0.003981302 0.006263726 -0.000958491 -0.004149071 0.999626756 0.027003188 0.065545298 -0.006153880 -0.027028434 0.999615729 0.021175491
0.999979913 0.001403405 0.006184040 -0.001893669 -0.001629364 0.999325514 0.036686752 0.090930149 -0.006128382 -0.036696088 0.999307692 0.028715646
0.999977648 0.000033575 0.006686078 -0.002659227 -0.000327572 0.999032557 0.043975268 0.116985664 -0.006678133 -0.043976475 0.999010265 0.035281714
0.999971390 -0.004669308 0.005948935 -0.003578203 0.004372245 0.998788893 0.049005985 0.142047897 -0.006170555 -0.048978575 0.998780787 0.043231331
0.999963760 -0.006957583 0.004906448 -0.003988700 0.006690906 0.998602688 0.052420281 0.166896880 -0.005264310 -0.052385554 0.998613060 0.049459539
0.999966800 -0.006812087 0.004469058 -0.004839241 0.006546096 0.998349786 0.057051677 0.189950615 -0.004850324 -0.057020526 0.998361230 0.055030361
0.999977469 -0.005408965 0.003971375 -0.005279959 0.005149863 0.998026431 0.062583417 0.211231291 -0.004302049 -0.062561557 0.998031855 0.059666499
0.999988914 -0.000507551 0.004683380 -0.006199169 0.000174983 0.997494817 0.070739068 0.230829448 -0.004707551 -0.070737459 0.997483850 0.063853525
0.999997556 -0.000316247 0.002191855 -0.007060542 0.000135653 0.996639848 0.081908271 0.248973206 -0.002210394 -0.081907779 0.996637464 0.066814706
0.999991119 0.003309260 0.002613029 -0.007563010 -0.003545505 0.995346844 0.096291497 0.265208364 -0.002282217 -0.096299902 0.995349765 0.068434425
0.999991298 0.004008807 0.001147718 -0.007944962 -0.004113400 0.993491232 0.113834128 0.277493268 -0.000683908 -0.113837853 0.993499100 0.070403680
0.999996364 0.002649760 0.000485411 -0.009631254 -0.002690508 0.991384208 0.130958349 0.284035623 -0.000134221 -0.130959183 0.991387725 0.070578001
0.999997556 0.000275590 -0.002192292 -0.010236457 0.000042487 0.989609301 0.143782541 0.282466561 0.002209137 -0.143782273 0.989606857 0.068953469
0.999989688 0.001462226 -0.004293606 -0.011065065 -0.000805314 0.988808453 0.149188280 0.272811323 0.004463701 -0.149183273 0.988799512 0.064736441
0.999987781 0.002310401 -0.004369940 -0.012107698 -0.001637814 0.988973022 0.148086622 0.253748745 0.004663893 -0.148077652 0.988964736 0.059002787
0.999979377 0.006330117 -0.001108259 -0.013116376 -0.006111308 0.990039527 0.140656933 0.228191733 0.001987595 -0.140647247 0.990057766 0.053533819
0.999929726 0.011393255 0.003276867 -0.012942416 -0.011719245 0.991688013 0.128130928 0.197743699 -0.001789802 -0.128160313 0.991751850 0.046614740
0.999794483 0.017352674 0.010480511 -0.013348211 -0.018447287 0.993144035 0.115432568 0.163027778 -0.008405593 -0.115602188 0.993260026 0.040277805
0.999487042 0.024499862 0.020626651 -0.013764531 -0.026469881 0.994494617 0.101389222 0.124876976 -0.018029073 -0.101883195 0.994632959 0.032201212
0.998971641 0.032625180 0.031484514 -0.014191640 -0.035224754 0.995681643 0.085890941 0.086274661 -0.028546344 -0.086911641 0.995806932 0.024865575
0.998675704 0.036877941 0.035872646 -0.015211182 -0.039346438 0.996718943 0.070733152 0.047221560 -0.033146456 -0.072050937 0.996850014 0.017635172
0.998664200 0.037231676 0.035827935 -0.016670382 -0.039180130 0.997700036 0.055313013 0.012694502 -0.033686139 -0.056642868 0.997826040 0.009907825
0.998793066 0.035689313 0.033744760 -0.017731467 -0.037095908 0.998427927 0.042019315 -0.020564040 -0.032192066 -0.043220393 0.998546779 0.002459487
0.998845994 0.033663642 0.034255695 -0.018044762 -0.034648988 0.998990536 0.028589290 -0.051280417 -0.033258695 -0.029743224 0.999004126 -0.003338305
0.998983860 0.028305195 0.035073023 -0.017681610 -0.028763119 0.999506593 0.012621201 -0.078912079 -0.034698475 -0.013617185 0.999305069 -0.008029039
0.999034345 0.025150755 0.036024660 -0.019593773 -0.025064232 0.999681771 -0.002851428 -0.108189493 -0.036084913 0.001945744 0.999346852 -0.018113436
0.999145985 0.020557690 0.035842843 -0.019085586 -0.019834038 0.999594510 -0.020429593 -0.130289182 -0.036248296 0.019701235 0.999148607 -0.023782544
0.999129951 0.022318861 0.035231322 -0.018680504 -0.021068504 0.999148607 -0.035470843 -0.145281121 -0.035992995 0.034697711 0.998749495 -0.030157326
0.999093294 0.022442490 0.036179867 -0.017432807 -0.020761732 0.998717368 -0.046180345 -0.153269768 -0.037169863 0.045387313 0.998277724 -0.032744355
0.998812497 0.027386492 0.040293496 -0.016851118 -0.025422255 0.998500645 -0.048478454 -0.154641330 -0.041560736 0.047396533 0.998011172 -0.034757264
0.998549044 0.032566499 0.042886816 -0.015847145 -0.030676421 0.998559773 -0.044015501 -0.145441487 -0.044258483 0.042636018 0.998109877 -0.031835012
0.998241603 0.037922811 0.045557983 -0.014230279 -0.036399428 0.998765051 -0.033815235 -0.127843007 -0.046784088 0.032097489 0.998389184 -0.028437117
0.998263657 0.035237655 0.047201011 -0.012759356 -0.034248255 0.999179721 -0.021608874 -0.104882374 -0.047923740 0.019954801 0.998651624 -0.021355717
0.998416066 0.033389930 0.045282673 -0.010130530 -0.033061143 0.999421358 -0.007990646 -0.078384340 -0.045523282 0.006480893 0.998942256 -0.016158545
0.998609483 0.028708810 0.044214170 -0.008776056 -0.028830631 0.999582052 0.002119906 -0.047962859 -0.044134829 -0.003391681 0.999019802 -0.007661683
0.998553455 0.032109357 0.043127954 -0.006676223 -0.032534920 0.999428213 0.009201791 -0.017654492 -0.042807832 -0.010591645 0.999027193 0.000605659
0.998775482 0.028490450 0.040445760 -0.004859729 -0.029027093 0.999497414 0.012743421 0.014251365 -0.040062368 -0.013901839 0.999100447 0.008989995
0.999007583 0.028359201 0.034345742 -0.002198461 -0.028917473 0.999455869 0.015868260 0.047939867 -0.033877041 -0.016845705 0.999284029 0.018534463
0.999118090 0.027025437 0.032135766 -0.001058515 -0.027693575 0.999405622 0.020530928 0.080814503 -0.031561811 -0.021402776 0.999272645 0.025626417
0.999330699 0.022493200 0.028848331 -0.000953111 -0.023365377 0.999268889 0.030261120 0.113110244 -0.028146572 -0.030914919 0.999125659 0.032000825
0.999246299 0.020007856 0.033265132 -0.000594565 -0.021454968 0.998812973 0.043730125 0.144216895 -0.032350700 -0.044410869 0.998489439 0.038263474
0.999172091 0.016769407 0.037067078 -0.000162081 -0.018969512 0.998028755 0.059822790 0.173975825 -0.035990819 -0.060476407 0.997520566 0.047161408
0.999022603 0.017359579 0.040650565 -0.000152172 -0.020456830 0.996816576 0.077059701 0.200288221 -0.039183434 -0.077815965 0.996197462 0.052253980
0.999018371 0.018866098 0.040080041 -0.000594878 -0.022572888 0.995302737 0.094142891 0.221871376 -0.038115665 -0.094955198 0.994751573 0.055808183
0.999175072 0.017676730 0.036560234 -0.001993667 -0.021556102 0.993852317 0.108595036 0.237231910 -0.034415867 -0.109293558 0.993413568 0.057344347
0.999290526 0.017927898 0.033121753 -0.003759305 -0.021759329 0.992631912 0.119199269 0.246964350 -0.030740717 -0.119835399 0.992317736 0.060751285
0.999342084 0.018450810 0.031224834 -0.005104598 -0.022258064 0.991736710 0.126344070 0.246547922 -0.028635664 -0.126955941 0.991494954 0.059981707
0.999427974 0.018504389 0.028308330 -0.006749394 -0.021997914 0.991459250 0.128548190 0.236798465 -0.025687849 -0.129097387 0.991299152 0.057495490
0.999512255 0.017049441 0.026163982 -0.008815198 -0.020157443 0.992134988 0.123538733 0.218659431 -0.023851937 -0.124005884 0.991994798 0.053019591
0.999522030 0.017880864 0.025218301 -0.010699574 -0.020593219 0.993522048 0.111757837 0.193562299 -0.023056611 -0.112223752 0.993415415 0.046273105
0.999537766 0.016980426 0.025217310 -0.012479690 -0.019335760 0.995164216 0.096303359 0.165885359 -0.023460090 -0.096746445 0.995032549 0.039632034
0.999389589 0.020903384 0.027991360 -0.013528557 -0.023165593 0.996272206 0.083096787 0.135827929 -0.026150009 -0.083694503 0.996148288 0.032740731
0.999266267 0.021620240 0.031615656 -0.014383752 -0.023878984 0.997052968 0.072904989 0.104515791 -0.029946262 -0.073606446 0.996837676 0.024951801
0.998999894 0.024967210 0.037092000 -0.014928339 -0.027368682 0.997463107 0.065713368 0.073002927 -0.035357222 -0.066662811 0.997148931 0.018679924
0.998775065 0.025238711 0.042559743 -0.014995117 -0.027805343 0.997760534 0.060834378 0.040440038 -0.040929049 -0.061943248 0.997240126 0.010657613
0.998701751 0.024024842 0.044918455 -0.014745011 -0.026532674 0.998072863 0.056094617 0.008413905 -0.043484226 -0.057213597 0.997414529 0.002531795
0.998588324 0.020257747 0.049101837 -0.013883563 -0.022679804 0.998527348 0.049282741 -0.024283733 -0.048031166 -0.050326791 0.997577190 -0.004697803
0.998357415 0.015294915 0.055213727 -0.011728646 -0.017495280 0.999062777 0.039590921 -0.055891953 -0.054556444 -0.040491868 0.997689307 -0.012130620
0.997876644 0.010731822 0.064241938 -0.009823524 -0.012446715 0.999575198 0.026353866 -0.088170283 -0.063931815 -0.027097508 0.997586310 -0.018748919
0.997485518 0.006005473 0.070615306 -0.008115960 -0.006730969 0.999926925 0.010040456 -0.117605932 -0.070549846 -0.010490520 0.997453094 -0.025601890
0.997229159 0.005911140 0.074156038 -0.006635596 -0.005403895 0.999960601 -0.007039021 -0.143608004 -0.074194722 0.006618785 0.997221828 -0.032377150
0.996963084 0.005777150 0.077661335 -0.005125968 -0.003952066 0.999712884 -0.023633732 -0.164361164 -0.077775568 0.023255033 0.996699631 -0.038805239
0.996959269 0.008656904 0.077442378 -0.004319708 -0.006008322 0.999391139 -0.034368534 -0.177039072 -0.077692747 0.033798728 0.996404290 -0.043189023
0.996790349 0.010899637 0.079310410 -0.003748634 -0.007818805 0.999206543 -0.039052624 -0.182612002 -0.079673149 0.038307164 0.996084690 -0.045509510
0.996409774 0.015434366 0.083242670 -0.002803722 -0.012187555 0.999150276 -0.039372265 -0.179402769 -0.083779618 0.038216382 0.995751202 -0.044904575
0.996276855 0.019076146 0.084074818 -0.001293515 -0.015961789 0.999166846 -0.037560541 -0.168075949 -0.084721290 0.036078710 0.995751262 -0.042560436
0.996383965 0.020523360 0.082448505 -0.001090313 -0.017787134 0.999270797 -0.033785705 -0.150372162 -0.083081774 0.032197010 0.996022463 -0.037294164
0.996535361 0.020288488 0.080657654 -0.000643500 -0.017949542 0.999400079 -0.029618571 -0.128205314 -0.081210189 0.028068187 0.996301711 -0.030026741
0.996619999 0.021702366 0.079231367 0.000273335 -0.019826157 0.999505877 -0.024390591 -0.101683110 -0.079721555 0.022737296 0.996557832 -0.020409556
0.997034192 0.019370161 0.074482054 0.003444201 -0.017929491 0.999639928 -0.019962789 -0.073373608 -0.074841917 0.018568160 0.997022510 -0.011278656
0.997283936 0.023076173 0.069944814 0.005442404 -0.022181921 0.999662340 -0.013535083 -0.040879201 -0.070233539 0.011946811 0.997459054 -0.002486267
0.997469008 0.024044879 0.066913396 0.007041985 -0.023629833 0.999696374 -0.006987411 -0.007772864 -0.067061096 0.005388573 0.997734308 0.006259506
0.997411847 0.027624151 0.066381969 0.009177356 -0.027793722 0.999612331 0.001632149 0.026290016 -0.066311143 -0.003472927 0.997792959 0.015113453
0.996983945 0.030395763 0.071407773 0.011478633 -0.031376027 0.999427676 0.012646074 0.060683943 -0.070982508 -0.014848425 0.997367024 0.026499223
0.997490287 0.026690917 0.065580077 0.012316227 -0.028677883 0.999151945 0.029545985 0.094360493 -0.064735852 -0.031352531 0.997409761 0.034742765
0.997887194 0.018651383 0.062235825 0.012490564 -0.021841822 0.998460650 0.050983552 0.126456842 -0.061189108 -0.052235175 0.996758461 0.042064782
0.998266637 0.010572232 0.057895850 0.012759644 -0.014865424 0.997130156 0.074232727 0.155962348 -0.056944896 -0.074964702 0.995558918 0.048312999
0.998366714 0.004370233 0.056962755 0.013261179 -0.009756762 0.995464683 0.094630502 0.183132455 -0.056290854 -0.095031716 0.993881464 0.056283262
0.998367965 0.003521468 0.056999832 0.013364674 -0.009772080 0.993910432 0.109756619 0.207712561 -0.056266226 -0.110134497 0.992322803 0.061137948
0.998250604 0.009447355 0.058364701 0.014130368 -0.016405944 0.992647469 0.119924396 0.229313850 -0.056802604 -0.120672137 0.991065919 0.064956874
0.998321295 0.015957529 0.055677723 0.013975770 -0.022880809 0.991764307 0.126016125 0.246438235 -0.053208273 -0.127078518 0.990464509 0.067046411
0.998547256 0.019630529 0.050179951 0.012106121 -0.025954023 0.991350532 0.128648669 0.257746220 -0.047220483 -0.129764140 0.990419865 0.066329286
0.998842597 0.021918863 0.042814046 0.010403702 -0.027272757 0.991299808 0.128766820 0.262844056 -0.039619133 -0.129785433 0.990750253 0.065561436
0.999088466 0.021696683 0.036762211 0.008903703 -0.026265822 0.991328478 0.128755584 0.260771781 -0.033649858 -0.129603818 0.990994751 0.064154215
0.999208868 0.022521267 0.032778289 0.007657059 -0.026575761 0.991282880 0.129042432 0.251079708 -0.029586360 -0.129811451 0.991097212 0.061858200
0.999230087 0.023811579 0.031179927 0.008276442 -0.027637847 0.991301417 0.128676295 0.233105883 -0.027844723 -0.129438967 0.991196334 0.060279176
0.999243796 0.023722908 0.030807732 0.007189195 -0.027419357 0.991687775 0.125712067 0.210633248 -0.027569396 -0.126461715 0.991588295 0.055701323
0.999223590 0.024185397 0.031101424 0.006060550 -0.027798541 0.992196262 0.121547371 0.185100853 -0.027919047 -0.122317567 0.992098272 0.050404008
0.999066651 0.027206311 0.033549871 0.005545781 -0.030986851 0.992545843 0.117866941 0.155675158 -0.030093061 -0.118796535 0.992462516 0.045090415
0.998547256 0.034097735 0.041721359 0.004798348 -0.038666945 0.992713511 0.114125945 0.122398347 -0.037525922 -0.115573384 0.992589831 0.037015598
0.998054385 0.039114829 0.048554443 0.005171383 -0.044138771 0.993265092 0.107127115 0.087727219 -0.044037178 -0.109061822 0.993059039 0.031677924
0.997786760 0.041129142 0.052248962 0.004898191 -0.046061188 0.994218469 0.096995048 0.052014120 -0.047957562 -0.099187024 0.993912458 0.025762713
0.997627556 0.039903298 0.056098081 0.003782520 -0.044522300 0.995499551 0.083656304 0.015243810 -0.052507453 -0.085955448 0.994914412 0.020596782
0.997490823 0.037754003 0.059888750 0.004792518 -0.041669328 0.996979892 0.065534711 -0.020598358 -0.057233684 -0.067865804 0.996051490 0.013068344
0.997106254 0.035548504 0.067196622 0.004269186 -0.038605947 0.998251438 0.044762492 -0.056567721 -0.065487891 -0.047227152 0.996735156 0.006743196
0.996599495 0.036518119 0.073863834 0.002221486 -0.038324848 0.998996139 0.023192136 -0.091547370 -0.072942749 -0.025944090 0.996998608 -0.000812711
0.996059775 0.035527814 0.081257142 0.001201956 -0.035865683 0.999352992 0.002701746 -0.121948540 -0.081108578 -0.005605443 0.996689498 -0.008095928
0.995815694 0.035576668 0.084174663 0.001685222 -0.034522954 0.999306679 -0.013941277 -0.149710461 -0.084612280 0.010976985 0.996353507 -0.017036859
0.995811999 0.031260915 0.085913777 0.000182528 -0.029012976 0.999206424 -0.027290586 -0.173016444 -0.086698726 0.024683680 0.995928764 -0.024065645
0.995979726 0.028347449 0.084975488 -0.001696306 -0.025312362 0.999009967 -0.036584493 -0.191026390 -0.085928433 0.034286480 0.995711148 -0.029945619
0.995940089 0.022528240 0.087153964 -0.004759673 -0.019001259 0.998974800 -0.041088544 -0.201259986 -0.087990262 0.039265692 0.995347142 -0.032645661
0.995711267 0.020017417 0.090323485 -0.002040548 -0.016444752 0.999059260 -0.040126450 -0.205120713 -0.091041751 0.038469009 0.995103776 -0.035662368
0.995427310 0.017499430 0.093905382 -0.002385921 -0.014101402 0.999225795 -0.036728058 -0.201720133 -0.094475396 0.035235915 0.994903445 -0.033786763
0.995401502 0.016428746 0.094371155 -0.002579614 -0.013464409 0.999398351 -0.031962827 -0.191930339 -0.094839483 0.030545196 0.995023847 -0.030279579
0.994938314 0.014982132 0.099364184 -0.002031504 -0.012438608 0.999580145 -0.026168333 -0.177036211 -0.099714525 0.024799926 0.994706988 -0.023894388
0.994380236 0.015345408 0.104749441 0.000309586 -0.013280412 0.999704063 -0.020382803 -0.158064947 -0.105031222 0.018877141 0.994289756 -0.017269999
0.993581176 0.021658467 0.111028694 0.002888864 -0.020219838 0.999696612 -0.014067058 -0.134930268 -0.111299671 0.011731782 0.993717670 -0.008627998
0.992900550 0.027008940 0.115840346 0.005833669 -0.026205633 0.999620855 -0.008452261 -0.109774582 -0.116024703 0.005356585 0.993231893 -0.000056985
0.992330849 0.035893995 0.118283845 0.008851395 -0.035837088 0.999354243 -0.002608707 -0.083262250 -0.118301101 -0.001650248 0.992976427 0.008498029
0.992059648 0.039405502 0.119435489 0.012561286 -0.040235400 0.999179900 0.004544121 -0.057877235 -0.119158477 -0.009313574 0.992831588 0.016952412
0.992658854 0.042693395 0.113162249 0.014526430 -0.044536192 0.998912394 0.013805714 -0.031521715 -0.112449765 -0.018744178 0.993480623 0.023375597
0.993147194 0.044773109 0.107953914 0.015780769 -0.047689557 0.998559594 0.024585757 -0.005721437 -0.106697641 -0.029565550 0.993851840 0.027872046
0.994284213 0.045971707 0.096361056 0.016672712 -0.049676761 0.998101532 0.036408830 0.018729730 -0.094504341 -0.040987629 0.994680345 0.029929560
0.995519400 0.044867646 0.083234519 0.017727012 -0.049056660 0.997594118 0.048983995 0.040915079 -0.080836475 -0.052847724 0.995325387 0.031183861
0.996672869 0.040598460 0.070675313 0.018011501 -0.045074895 0.996998906 0.062940046 0.059136689 -0.067907944 -0.065916315 0.995511711 0.029572096
0.997696579 0.034992050 0.058112893 0.017588038 -0.039476600 0.996178865 0.077905796 0.074451841 -0.055164751 -0.080020450 0.995265603 0.026069529
0.998327076 0.028948929 0.050049949 0.017622039 -0.033556025 0.995024860 0.093806036 0.085473135 -0.047085356 -0.095328577 0.994331658 0.022489432
0.998942435 0.020419022 0.041196276 0.017038940 -0.024845561 0.993624032 0.109972380 0.093186192 -0.038688082 -0.110879622 0.993080556 0.019501461
0.999337673 0.013594886 0.033755418 0.016497292 -0.017827908 0.991555214 0.128454030 0.097685814 -0.031724039 -0.128970742 0.991140842 0.014639685
0.999566257 0.007791362 0.028400004 0.015807565 -0.011889833 0.989044785 0.147136271 0.100138262 -0.026942484 -0.147410125 0.988708436 0.009202929
0.999583781 0.002854448 0.028707908 0.015575785 -0.007650398 0.985693872 0.168371782 0.101143502 -0.027816603 -0.168521330 0.985305429 0.004797368
0.999386251 -0.002297122 0.034955233 0.015188781 -0.004469578 0.981330633 0.192276523 0.101311773 -0.034744322 -0.192314759 0.980718017 0.001578241
0.998817205 -0.004926607 0.048372179 0.015347723 -0.005684400 0.976199746 0.216798797 0.100849979 -0.048288994 -0.216817334 0.975017130 -0.000968597
0.998100162 -0.010157360 0.060769547 0.014506549 -0.004613048 0.971228957 0.238102928 0.099729359 -0.061439645 -0.237930909 0.969336927 -0.003716967
0.997363389 -0.016175792 0.070743419 0.012516954 -0.002534740 0.966480970 0.256725669 0.097942866 -0.072524913 -0.256228089 0.963891745 -0.006696238
0.996942520 -0.022791388 0.074740514 0.009678445 0.001492865 0.961896956 0.273408145 0.096371040 -0.078124017 -0.272460610 0.958990037 -0.010943271
0.996784747 -0.026586108 0.075586990 0.007502695 0.003378266 0.956454337 0.291862398 0.095352784 -0.080054983 -0.290668637 0.953468919 -0.015685001
0.996547878 -0.032818995 0.076257370 0.005913121 0.007476158 0.950289667 0.311277479 0.094557054 -0.082682408 -0.309632808 0.947254539 -0.020581827
0.996316254 -0.038070422 0.076841205 0.004943790 0.010503725 0.943483889 0.331251919 0.094631568 -0.085109338 -0.329224527 0.940408230 -0.026068140
0.996028483 -0.044704847 0.076998338 0.004115375 0.014910937 0.936348319 0.350755543 0.095157281 -0.087777734 -0.348214418 0.933296204 -0.031988084
0.996018648 -0.045548927 0.076629691 0.004266723 0.014098901 0.929278374 0.369111061 0.096208259 -0.088022925 -0.366561115 0.926220775 -0.038225971
0.996102095 -0.044663757 0.076063842 0.005540264 0.011981301 0.922846437 0.384981751 0.096603505 -0.087389976 -0.382569790 0.919784427 -0.044245116
0.996377051 -0.043284275 0.073206909 0.007642254 0.010676874 0.917647839 0.397251219 0.096164279 -0.084372886 -0.395030349 0.914785385 -0.049334507
0.996641457 -0.042174533 0.070193671 0.011088157 0.010224508 0.914559007 0.404323250 0.094827406 -0.081248395 -0.402247638 0.911918640 -0.053060420
0.996593475 -0.043749712 0.069909908 0.015421898 0.011681519 0.914030671 0.405476898 0.092701390 -0.081639297 -0.403278977 0.911428034 -0.054801226
0.996743500 -0.043262850 0.068049341 0.019884344 0.012393843 0.916058362 0.400853485 0.090579361 -0.079679236 -0.398704737 0.913611412 -0.055688020
0.997008562 -0.044186402 0.063415647 0.024094496 0.015686829 0.919077516 0.393764496 0.088765569 -0.075682923 -0.391591787 0.917021275 -0.055380929
0.997255623 -0.043750521 0.059724972 0.028923383 0.017383784 0.922534823 0.385522127 0.087347083 -0.071965158 -0.383425891 0.920763612 -0.053925216
0.997450948 -0.041519720 0.058032237 0.032574642 0.016507998 0.925489664 0.378413022 0.086759686 -0.069419838 -0.376490414 0.923815906 -0.052119829
0.997786641 -0.036537189 0.055559512 0.034614280 0.013207841 0.927768171 0.372923315 0.086759910 -0.065171912 -0.371364057 0.926197231 -0.050025485
0.998106182 -0.033437610 0.051632985 0.035805091 0.012072634 0.929516435 0.368583024 0.086579002 -0.060318246 -0.367261648 0.928159773 -0.047838163
0.998493791 -0.026867121 0.047836494 0.036653750 0.007479074 0.930408478 0.366448015 0.085418843 -0.054352883 -0.365538269 0.929208040 -0.045352094
0.998677015 -0.024072099 0.045439489 0.037567880 0.005683688 0.929919660 0.367718756 0.084622175 -0.051106840 -0.366973996 0.928826213 -0.042892039
0.998855233 -0.019707639 0.043586880 0.039308351 0.002076446 0.928192675 0.372094095 0.084124193 -0.047790118 -0.371577621 0.927171052 -0.040722318
0.998929083 -0.016619196 0.043180037 0.042070426 -0.000862617 0.926410496 0.376514107 0.083586037 -0.046259802 -0.376148134 0.925404012 -0.038229391
0.999007225 -0.015531009 0.041752808 0.045829099 -0.001468716 0.925265491 0.379317373 0.082268566 -0.044523612 -0.379002124 0.924324095 -0.035316501
0.998961747 -0.016944624 0.042288624 0.051418852 -0.000455233 0.924496531 0.381190211 0.081413329 -0.045554809 -0.380813688 0.923528969 -0.032286402
0.998886704 -0.019132391 0.043119512 0.059194766 0.001189818 0.923989117 0.382416844 0.080974750 -0.047158509 -0.381939828 0.922983229 -0.029108861
0.998746097 -0.021460481 0.045228992 0.068766370 0.002454564 0.923362970 0.383920282 0.079921924 -0.050001893 -0.383327872 0.922257841 -0.025489446
0.998603404 -0.024332102 0.046895772 0.079716675 0.004374485 0.922664702 0.385578394 0.078554638 -0.052651003 -0.384834766 0.921482563 -0.022554990
0.998435676 -0.028767917 0.047943890 0.092350721 0.007935968 0.921713114 0.387791127 0.077319600 -0.055346452 -0.386804014 0.920499563 -0.019569553
0.998262525 -0.033317558 0.048598580 0.106742620 0.011746542 0.920758665 0.389955848 0.076217480 -0.057739936 -0.388707429 0.919550240 -0.017073743
0.998072565 -0.037229322 0.049649671 0.122781709 0.014863523 0.920185268 0.391200900 0.074888453 -0.060251042 -0.389708936 0.918965042 -0.014935276
0.997758210 -0.040116839 0.053564318 0.139958546 0.016068140 0.920600474 0.390175074 0.073148504 -0.064963929 -0.388439745 0.919181347 -0.012064129
0.997369766 -0.044609457 0.057127886 0.158170253 0.019126154 0.922211468 0.386212587 0.070962459 -0.069912724 -0.384104133 0.920639038 -0.009547043
0.996823013 -0.049901392 0.062078331 0.177223980 0.022616122 0.924658775 0.380124480 0.068277426 -0.076370016 -0.377512842 0.922849774 -0.007031075
0.996116757 -0.056367688 0.067632444 0.196185157 0.027128959 0.927315116 0.373297155 0.065579653 -0.083758481 -0.370012760 0.925243258 -0.004433237
0.995332599 -0.061203662 0.074613228 0.214700013 0.029531445 0.929241478 0.368290901 0.063568532 -0.091874450 -0.364368498 0.926711798 -0.002158093
0.994539917 -0.066519618 0.080408022 0.233117983 0.032534737 0.929750800 0.366749167 0.062496912 -0.099155441 -0.362130642 0.926838517 -0.000093276
0.993781686 -0.070226304 0.086407207 0.251541853 0.033522539 0.928721786 0.369258761 0.062630899 -0.106179930 -0.364066005 0.925300896 0.001238147
0.992772639 -0.073811479 0.094627731 0.269031227 0.032975681 0.925920367 0.376276553 0.063648425 -0.115391277 -0.370436668 0.921662390 0.002525978
0.991587460 -0.076477632 0.104429334 0.285137743 0.030384848 0.921773255 0.386537015 0.065501019 -0.125821605 -0.380112171 0.916342556 0.004706489
0.990396082 -0.082376175 0.111039326 0.299822599 0.031973198 0.917816103 0.395716190 0.067114532 -0.134511262 -0.388365507 0.911635339 0.006232078
0.989994645 -0.085576616 0.112193063 0.312638074 0.033528410 0.914995551 0.402068317 0.069168106 -0.137063801 -0.394283831 0.908709943 0.006726730
0.989889443 -0.085181065 0.113415472 0.323915422 0.032139845 0.913498819 0.405569941 0.071019337 -0.138151780 -0.397824258 0.907000542 0.007488426
0.990040600 -0.084791735 0.112383097 0.332915276 0.032107469 0.913232386 0.406172037 0.072877191 -0.137071922 -0.398518503 0.906859577 0.009267589
0.990191877 -0.085178435 0.110745855 0.339815348 0.033372372 0.913913131 0.404535651 0.074316382 -0.135669798 -0.396872044 0.907791972 0.010206458
0.990382671 -0.086469285 0.108005673 0.344555289 0.036130354 0.915191531 0.401396364 0.075251818 -0.133554339 -0.393633693 0.909514010 0.010695392
0.990745902 -0.086491659 0.104602896 0.347064018 0.038004272 0.916617632 0.397954583 0.076248623 -0.130300611 -0.390296519 0.911422193 0.010927397
0.990685940 -0.088701084 0.103312530 0.347473145 0.040980309 0.917767167 0.394998819 0.077130154 -0.129853666 -0.387086004 0.912854016 0.011289533
0.990590692 -0.090022296 0.103082679 0.345896572 0.042421997 0.918085992 0.394104719 0.077831909 -0.130116969 -0.386023521 0.913266361 0.010784886
0.990326762 -0.088693701 0.106706537 0.342600077 0.039636292 0.917815566 0.395023435 0.078100547 -0.132973015 -0.386972815 0.912452817 0.009491531
0.990174174 -0.087519780 0.109066017 0.337048113 0.037651341 0.917989135 0.394814312 0.077226192 -0.134675473 -0.386828482 0.912264347 0.008064989
0.990195811 -0.087619230 0.108789586 0.328959763 0.037953842 0.918273032 0.394124538 0.075849555 -0.134431422 -0.386131495 0.912595570 0.006362638
0.990456164 -0.086518884 0.107289702 0.318933994 0.037656941 0.918683171 0.393196195 0.074633703 -0.132584140 -0.385403365 0.913173437 0.004000437
0.990865171 -0.086810671 0.103199303 0.306896031 0.039408378 0.918245912 0.394044936 0.074417517 -0.128969640 -0.386378467 0.913278997 0.000804650
0.991600215 -0.083651438 0.098648131 0.293633133 0.037934385 0.917251945 0.396497011 0.075086482 -0.123652741 -0.389424384 0.912720442 -0.002069190
0.992143929 -0.081588417 0.094835579 0.278794736 0.037207924 0.916209221 0.398968935 0.076211385 -0.119440466 -0.392305970 0.912047148 -0.004118782
0.992661059 -0.080458149 0.090280347 0.262422860 0.037792724 0.915558279 0.400405765 0.077203907 -0.114872821 -0.394055247 0.911879778 -0.006082736
0.993247032 -0.079214722 0.084766194 0.244264722 0.038880352 0.915646672 0.400099367 0.077638865 -0.109309644 -0.394101769 0.912543237 -0.008627078
0.993885577 -0.076208755 0.079898305 0.225002244 0.038221944 0.916341424 0.398569256 0.077695444 -0.103588589 -0.393078357 0.913651347 -0.011262354
0.994547188 -0.072715312 0.074755438 0.204104647 0.037426688 0.917935789 0.394959748 0.077516653 -0.097340308 -0.390008271 0.915651917 -0.014121687
0.995235562 -0.068809241 0.069075972 0.182832196 0.036549930 0.920109749 0.389951438 0.076789357 -0.090389743 -0.385568827 0.918240905 -0.017408857
0.995937645 -0.063493505 0.063849412 0.161443636 0.034138065 0.922387958 0.384753197 0.075458549 -0.083323263 -0.381010503 0.920808434 -0.020777954
0.996383131 -0.060394563 0.059775732 0.139102072 0.033230074 0.924372733 0.380040526 0.073942877 -0.078207441 -0.376679599 0.923036337 -0.023783987
0.996749401 -0.057708006 0.056217223 0.114957601 0.032312829 0.925569236 0.377196878 0.072847508 -0.073800206 -0.374154240 0.924425304 -0.026950361
0.997106373 -0.054968197 0.052510522 0.091054484 0.031146485 0.925522685 0.377409190 0.072201118 -0.069345184 -0.374681622 0.924556613 -0.029795831
0.997605979 -0.050114542 0.047652833 0.067490041 0.028315092 0.924684405 0.379680127 0.072051845 -0.063091323 -0.377421886 0.923889756 -0.032580301
0.997995198 -0.046723697 0.042691134 0.043253165 0.026803274 0.923075080 0.383684844 0.073008120 -0.057334296 -0.381771356 0.922476768 -0.035000995
0.998372078 -0.041565917 0.039056730 0.019080061 0.023236573 0.921777844 0.387021512 0.073977448 -0.052088533 -0.385483950 0.921243131 -0.037143864
0.998612583 -0.037211228 0.037259266 -0.004727971 0.019876346 0.921582341 0.387673765 0.075179033 -0.048763297 -0.386395305 0.921043336 -0.038710412
0.998750806 -0.035565093 0.035098352 -0.028390393 0.019276613 0.922288179 0.386021942 0.076850764 -0.046099700 -0.384863168 0.921821654 -0.040181708
0.998918593 -0.034120049 0.031583432 -0.052290030 0.019412408 0.923331022 0.383513987 0.078499943 -0.042247478 -0.382486105 0.922994852 -0.041811515
0.999071419 -0.031256821 0.029653966 -0.076684505 0.017623996 0.924521029 0.380723417 0.080244131 -0.039315917 -0.379847229 0.924213350 -0.044477683
0.999226272 -0.028603263 0.026994240 -0.100003570 0.016272657 0.925524354 0.378338218 0.082173206 -0.035805535 -0.377606213 0.925273716 -0.045948461
0.999352157 -0.026449565 0.024406908 -0.122929215 0.015299964 0.926050544 0.377089322 0.084082030 -0.032575879 -0.376471579 0.925855279 -0.047661565
0.999538362 -0.024713576 0.017670652 -0.145574227 0.016210437 0.925751925 0.377783835 0.086685911 -0.025695028 -0.377322972 0.925725222 -0.049095716
0.999713659 -0.021671431 0.010145348 -0.166853353 0.016167035 0.924303651 0.381315380 0.089484766 -0.017641032 -0.381042153 0.924389362 -0.051301021
0.999834120 -0.017997697 0.002785141 -0.186353222 0.015513554 0.921781421 0.387399495 0.092915237 -0.009539589 -0.387292027 0.921907723 -0.052433666
0.999875784 -0.014783714 -0.005462088 -0.204396054 0.015740551 0.919300795 0.393240839 0.096239515 -0.000792258 -0.393277973 0.919419289 -0.053858075
0.999794483 -0.013757646 -0.014891024 -0.220975325 0.018536821 0.917784870 0.396645099 0.099264391 0.008209853 -0.396839589 0.917851269 -0.054830670
0.999640822 -0.012232814 -0.023846099 -0.236648336 0.020671405 0.918227077 0.395514518 0.101482265 0.017057879 -0.395865351 0.918150127 -0.057473283
0.999498129 -0.010245334 -0.029976157 -0.249055490 0.021148067 0.920320749 0.390592426 0.102400899 0.023585932 -0.391030341 0.920075536 -0.058286469
0.999325097 -0.008594535 -0.035714548 -0.259077817 0.021663493 0.923065305 0.384032696 0.102547370 0.029666279 -0.384547204 0.922628522 -0.058571629
0.999107003 -0.008288974 -0.041430958 -0.266178727 0.023339288 0.925661504 0.377632231 0.102205686 0.035220861 -0.378261954 0.925028324 -0.059083257
0.999023497 -0.007710953 -0.043503512 -0.270384848 0.023409911 0.927455723 0.373199433 0.103008896 0.037469860 -0.373853415 0.926730633 -0.060884323
0.999042451 -0.005874434 -0.043354519 -0.270826459 0.021600384 0.927976906 0.372011155 0.102630727 0.038046636 -0.372591406 0.927215219 -0.061978415
0.999142408 -0.003517258 -0.041256372 -0.267841786 0.018697888 0.927335083 0.373764724 0.101925358 0.036943857 -0.374215573 0.926605582 -0.062840171
0.999317646 -0.003614093 -0.036758918 -0.262068629 0.017181454 0.926459610 0.376001835 0.101330884 0.032696750 -0.376376808 0.925889552 -0.063858561
0.999506414 -0.003113782 -0.031261485 -0.253490955 0.014683621 0.926000059 0.377237737 0.100416683 0.027773499 -0.377510548 0.925588667 -0.066082604
0.999714494 -0.003965443 -0.023562394 -0.241903901 0.012558261 0.926143944 0.376961052 0.099340357 0.020327352 -0.377149343 0.925929368 -0.067295969
0.999856055 -0.003568355 -0.016588990 -0.227414131 0.009528486 0.927016854 0.374898612 0.097571984 0.014040503 -0.375002682 0.926917374 -0.068153970
0.999953389 -0.003486385 -0.009005613 -0.211258784 0.006587290 0.928167224 0.372105032 0.095770523 0.007061413 -0.372146994 0.928146958 -0.069061905
0.999987125 -0.004030602 -0.003087255 -0.193217263 0.004885583 0.929359257 0.369144320 0.093773685 0.001381295 -0.369154632 0.929366946 -0.071028210
0.999977887 -0.005625960 0.003546401 -0.174247622 0.003928545 0.929983199 0.367581099 0.092222981 -0.005366090 -0.367559046 0.929984689 -0.071468309
0.999928474 -0.007357768 0.009428043 -0.153975949 0.003370445 0.929765999 0.368135691 0.090672016 -0.011474529 -0.368077576 0.929724276 -0.071492419
0.999824941 -0.011353163 0.014872096 -0.132873908 0.005023228 0.928560197 0.371147841 0.089788035 -0.018023338 -0.371008188 0.928454697 -0.070987083
0.999747932 -0.015630882 0.016116973 -0.109982006 0.008423374 0.926544309 0.376091301 0.089294329 -0.020811729 -0.375860751 0.926442444 -0.070358589
0.999632061 -0.020399777 0.017878242 -0.087173402 0.012026435 0.924090147 0.381985217 0.089173131 -0.024313521 -0.381629676 0.923995495 -0.069025062
0.999522269 -0.023340754 0.020260770 -0.063785158 0.013682202 0.921935141 0.387102604 0.088980898 -0.027714379 -0.386640429 0.921814024 -0.067487732
0.999420285 -0.024706785 0.023422936 -0.039823443 0.013638198 0.920930684 0.389487714 0.088896185 -0.031193888 -0.388942510 0.920733809 -0.065756105
0.999392927 -0.025341880 0.023907421 -0.015924983 0.014031251 0.920880973 0.389591247 0.088756688 -0.031888865 -0.389019281 0.920677543 -0.063625179
0.999406815 -0.026522491 0.021968843 0.007106300 0.015924916 0.921500504 0.388050497 0.088337697 -0.030536367 -0.387470424 0.921376228 -0.061496474
0.999412239 -0.027840458 0.020002514 0.029645287 0.017934922 0.921893179 0.387028843 0.087370925 -0.029215239 -0.386442631 0.921850622 -0.059389383
0.999320805 -0.031158920 0.019673727 0.051384453 0.021120802 0.921795726 0.387100250 0.086513892 -0.030196782 -0.386421829 0.921827734 -0.057074245
0.999231637 -0.033447467 0.020431047 0.072800718 0.022894284 0.921207547 0.388397425 0.086545497 -0.031812143 -0.387631208 0.921265423 -0.053188741
0.999114096 -0.035711996 0.022265058 0.092531472 0.024177864 0.920123398 0.390881479 0.086787939 -0.034445759 -0.389996886 0.920171678 -0.050506651
0.998973370 -0.037454147 0.025483593 0.110517234 0.024409611 0.918917596 0.393693507 0.087689511 -0.038162775 -0.392667294 0.918888450 -0.048034016
0.998746574 -0.040234052 0.029774513 0.126300678 0.025156574 0.917765558 0.396325022 0.089161411 -0.043271784 -0.395079225 0.917627335 -0.045281637
0.998500586 -0.043157339 0.033675145 0.139253214 0.026234522 0.917193770 0.397576898 0.091342747 -0.048044991 -0.396097332 0.916950703 -0.041896489
0.998269260 -0.046870790 0.035519667 0.150230289 0.028902179 0.917021275 0.397789717 0.093953550 -0.051217005 -0.396074653 0.916788816 -0.038220916
0.998027444 -0.047669489 0.040851410 0.160766482 0.027626101 0.917807043 0.396064430 0.096632943 -0.056373898 -0.394154578 0.917313576 -0.034558803
0.997325242 -0.051005691 0.052352287 0.170143053 0.026644602 0.920678854 0.389410466 0.099062912 -0.068061791 -0.386974007 0.919575334 -0.029469261
0.996096313 -0.055805840 0.068395093 0.178027555 0.025888043 0.925421953 0.378052980 0.101468608 -0.084391877 -0.374806553 0.923254073 -0.022586910
0.994890809 -0.058476590 0.082296990 0.184399173 0.024948856 0.932294190 0.360839456 0.103246912 -0.097825669 -0.356942624 0.928989828 -0.016495882
0.993873417 -0.058001481 0.094082355 0.189113721 0.022541711 0.939718306 0.341205776 0.104057834 -0.108201355 -0.336994588 0.935268462 -0.011751650
0.992732584 -0.056449622 0.106280066 0.193086281 0.019434052 0.946765423 0.321337163 0.104057640 -0.118761651 -0.316936433 0.940981925 -0.007162680
0.991309166 -0.056288883 0.118902311 0.196401328 0.018067406 0.953524947 0.300771892 0.103084914 -0.130306438 -0.296009660 0.946254969 -0.002719875
0.989968777 -0.057217173 0.129182085 0.199256837 0.018350760 0.958655179 0.283977956 0.101772927 -0.140089497 -0.278758734 0.950088680 0.001244309
0.988459051 -0.060462192 0.138899192 0.202572659 0.020355873 0.961594641 0.273717761 0.099786624 -0.150114283 -0.267731369 0.951727688 0.004744746
0.986953855 -0.068207726 0.145841718 0.205778837 0.026030961 0.961512804 0.273524255 0.098220721 -0.158885151 -0.266159445 0.950744271 0.008625396
0.985255182 -0.076383486 0.153094158 0.210530296 0.030737933 0.959275424 0.280795127 0.096349724 -0.168307558 -0.271949023 0.947478890 0.013787474
0.982969165 -0.086516425 0.162131220 0.216467366 0.036644891 0.956808209 0.288401186 0.094343923 -0.180079907 -0.277548194 0.943683326 0.021234702
0.980618417 -0.096121222 0.170728698 0.223030835 0.041987285 0.954240084 0.296079248 0.092268653 -0.191375658 -0.283172339 0.939781249 0.029553648
0.978264332 -0.105493292 0.178521857 0.230154827 0.047001917 0.951320231 0.304599166 0.089880742 -0.201964632 -0.289587617 0.935601056 0.039355889
0.976536334 -0.112269416 0.183772594 0.237559870 0.049836088 0.948004842 0.314329743 0.087633803 -0.209506929 -0.297795892 0.931356251 0.049830422
0.975546062 -0.116376624 0.186457366 0.243997589 0.050916702 0.944904506 0.323361963 0.084716924 -0.213816166 -0.305960685 0.927723408 0.061049573
0.975483596 -0.118598163 0.185381249 0.248671710 0.051591679 0.942130446 0.331253022 0.081353225 -0.213939324 -0.313567787 0.925151467 0.072682790
0.975749731 -0.123778209 0.180530876 0.251651138 0.056613188 0.939405560 0.338100791 0.077310450 -0.211441219 -0.319681346 0.923632205 0.085735179
0.977297485 -0.124072447 0.171743035 0.252882779 0.058714092 0.937450171 0.343132436 0.072885655 -0.203573823 -0.325258732 0.923452497 0.100082032
0.979368150 -0.121484630 0.161491513 0.251549900 0.059620969 0.937259614 0.343496442 0.067604549 -0.193089008 -0.326781213 0.925165236 0.114671111
0.982229114 -0.114605054 0.148632422 0.247291356 0.058440998 0.939307630 0.338061839 0.061685227 -0.178355172 -0.323367983 0.929312944 0.129193217
0.985205412 -0.104873024 0.135543317 0.240944117 0.055143721 0.942831755 0.328675270 0.056010608 -0.162263721 -0.316338301 0.934666038 0.144246459
0.988401592 -0.092485763 0.120452017 0.232460797 0.049799956 0.946698189 0.318249196 0.051035844 -0.143465221 -0.308559507 0.940323770 0.159802541
0.991201818 -0.078913234 0.106262125 0.221853405 0.042399168 0.949831069 0.309876293 0.046994604 -0.125384405 -0.302644521 0.944820106 0.174528718
0.993773282 -0.066151410 0.089658372 0.208492681 0.035882946 0.951822281 0.304543525 0.043204758 -0.105484821 -0.299430043 0.948269248 0.187957034
0.996207297 -0.053563781 0.068571113 0.192308590 0.030402543 0.952670634 0.302480280 0.040361032 -0.081527673 -0.299248338 0.950685918 0.199806020
0.998137116 -0.042798564 0.043481298 0.172421634 0.027688773 0.952825427 0.302253336 0.037724104 -0.054366089 -0.300486296 0.952235401 0.210932165
0.999358833 -0.032746516 0.014477183 0.149733856 0.026769988 0.951905012 0.305221528 0.036843944 -0.023775846 -0.304638296 0.952171326 0.217846826
0.999684691 -0.021230593 -0.013406759 0.124660626 0.024342138 0.950410545 0.310044020 0.037711695 0.006159507 -0.310272604 0.950627685 0.221997559
0.999124348 -0.009896468 -0.040652297 0.097385310 0.022236206 0.948642731 0.315566957 0.039164718 0.035441510 -0.316194594 0.948032141 0.222612813
0.997637987 0.002063469 -0.068660200 0.068400130 0.020140298 0.946832597 0.321095586 0.041157365 0.065672293 -0.321720004 0.944554627 0.219871327
0.995397627 0.014739046 -0.094690971 0.037746355 0.017029053 0.945171416 0.326130420 0.044367187 0.094306044 -0.326241940 0.940570354 0.213108912
0.992516220 0.029588751 -0.118473902 0.006497476 0.011226601 0.943980813 0.329809368 0.048405234 0.121595740 -0.328671217 0.936584055 0.201978862
0.988880634 0.038432989 -0.143659413 -0.024936175 0.011572596 0.943209946 0.331995666 0.052818485 0.148260564 -0.329966605 0.932277262 0.187552467
0.985189497 0.042289384 -0.166172236 -0.053838264 0.015644494 0.942898870 0.332711458 0.055498607 0.170753777 -0.330383539 0.928272486 0.173792049
0.980999112 0.043434579 -0.189087883 -0.082756855 0.022524673 0.942529202 0.333363712 0.060317840 0.192700371 -0.331288636 0.923641920 0.154093683
