1.000000000 0.000000000 0.000000000 0.000000060 0.000000000 1.000000000 0.000000000 0.000000186 0.000000000 0.000000000 1.000000000 -0.000000358
0.999984026 0.003424202 0.004497491 0.000182627 -0.003444260 0.999984145 0.004459683 0.020242581 -0.004482148 -0.004475102 0.999979913 0.007888573
0.999970496 0.004457372 0.006260008 0.000027429 -0.004545185 0.999890506 0.014084062 0.043075971 -0.006196545 -0.014112098 0.999881208 0.015798099
0.999971151 0.004426445 0.006170872 -0.000586800 -0.004586761 0.999645889 0.026212096 0.067921929 -0.006052660 -0.026239645 0.999637365 0.023443438
0.999981105 0.001129125 0.006038309 -0.001422154 -0.001346346 0.999347568 0.036091629 0.093968406 -0.005993618 -0.036099080 0.999330223 0.031127952
0.999977410 -0.000018829 0.006724794 -0.002498236 -0.000275878 0.999039412 0.043820433 0.118552797 -0.006719160 -0.043821298 0.999016762 0.036874291
0.999970794 -0.004985067 0.005788740 -0.002981168 0.004699560 0.998820424 0.048328791 0.146118298 -0.006022833 -0.048300173 0.998814702 0.046053488
0.999961197 -0.007228201 0.005033279 -0.003843127 0.006955279 0.998608351 0.052278515 0.168845430 -0.005404154 -0.052241478 0.998619854 0.050924387
0.999963939 -0.007427031 0.004118689 -0.004358013 0.007181407 0.998362780 0.056746796 0.192332670 -0.004533406 -0.056715168 0.998380125 0.057039883
0.999974012 -0.006144267 0.003776156 -0.004931550 0.005897006 0.998038292 0.062328406 0.212812603 -0.004151711 -0.062304519 0.998048544 0.061649758
0.999990523 -0.001178233 0.004186652 -0.005521795 0.000881597 0.997535288 0.070161268 0.232787073 -0.004258999 -0.070156917 0.997526884 0.065715104
0.999997616 -0.000237964 0.002163942 -0.006472191 0.000061201 0.996687949 0.081321329 0.250824690 -0.002176127 -0.081321001 0.996685565 0.068432964
0.999993563 0.002737307 0.002311498 -0.007082264 -0.002947514 0.995332658 0.096458524 0.266778350 -0.002036672 -0.096464723 0.995334327 0.070518948
0.999992430 0.003700267 0.001221852 -0.007932289 -0.003815347 0.993486404 0.113886997 0.278891921 -0.000792481 -0.113890797 0.993492961 0.071615465
0.999990702 0.004265581 0.000607579 -0.008775196 -0.004308433 0.991315961 0.131430954 0.284931600 -0.000041674 -0.131432354 0.991325140 0.071736149
0.999995947 0.002268060 -0.001718171 -0.009703263 -0.001996039 0.989506721 0.144473091 0.283797383 0.002027815 -0.144469067 0.989507258 0.070246957
0.999989212 0.001076980 -0.004523788 -0.010574810 -0.000390307 0.988817513 0.149130225 0.274483502 0.004633810 -0.149126858 0.988807201 0.066737577
0.999984384 0.001620127 -0.005349584 -0.011299325 -0.000814743 0.989098728 0.147251576 0.255323589 0.005529833 -0.147244930 0.989084601 0.061776232
0.999983430 0.005225657 -0.002418419 -0.011958194 -0.004837291 0.990213871 0.139474258 0.229936853 0.003123596 -0.139460251 0.990222752 0.056076501
0.999938309 0.010604417 0.003296808 -0.012487491 -0.010939170 0.991716683 0.127977818 0.199679688 -0.001912370 -0.128005981 0.991771579 0.049575329
0.999807954 0.016615884 0.010388304 -0.012583368 -0.017696237 0.993273914 0.114428267 0.165436924 -0.008417103 -0.114590123 0.993377209 0.043553989
0.999522567 0.022960378 0.020674795 -0.012818395 -0.024905538 0.994740903 0.099349111 0.127057388 -0.018284973 -0.099816591 0.994837821 0.036111012
0.999064744 0.029797610 0.031333219 -0.013219861 -0.032332245 0.995960534 0.083769299 0.088315964 -0.028710524 -0.084704019 0.995992422 0.028431384
0.998800635 0.033569403 0.035642855 -0.014681006 -0.035946898 0.997016788 0.068303436 0.049985945 -0.033243619 -0.069502771 0.997027695 0.020183478
0.998702765 0.036208484 0.035801716 -0.016300539 -0.038121197 0.997798324 0.054270618 0.013701783 -0.033757836 -0.055565022 0.997884214 0.011702583
0.998818815 0.034883950 0.033823788 -0.018098574 -0.036258768 0.998504162 0.040923003 -0.020591991 -0.032345638 -0.042101074 0.998589635 0.003653273
0.998856366 0.033091508 0.034510311 -0.019005474 -0.034056388 0.999034405 0.027756510 -0.052592918 -0.033558484 -0.028900063 0.999018848 -0.004170741
0.998984754 0.028391840 0.034976769 -0.019111605 -0.028894769 0.999485016 0.013958261 -0.082973935 -0.034562457 -0.014954736 0.999290645 -0.010056551
0.999055624 0.024714820 0.035735756 -0.018769052 -0.024653714 0.999693751 -0.002149623 -0.108491778 -0.035777941 0.001266574 0.999358952 -0.016410727
0.999167621 0.019785313 0.035674203 -0.018523978 -0.019090468 0.999623358 -0.019714085 -0.131066561 -0.036050815 0.019016637 0.999168992 -0.022982327
0.999160886 0.021469560 0.034879338 -0.018196529 -0.020254031 0.999187768 -0.034836851 -0.147733003 -0.035598937 0.034101173 0.998784184 -0.029382644
0.999120593 0.021627776 0.035921145 -0.018080659 -0.019993380 0.998775542 -0.045251779 -0.156262785 -0.036855858 0.044493802 0.998329580 -0.034116577
0.998839915 0.026645105 0.040109951 -0.016832510 -0.024717361 0.998550415 -0.047813423 -0.156435505 -0.041325804 0.046766542 0.998050630 -0.035395816
0.998548865 0.033152796 0.042438194 -0.014565340 -0.031331860 0.998588920 -0.042876981 -0.146881849 -0.043799803 0.041485094 0.998178601 -0.033327900
0.998248041 0.038360216 0.045048453 -0.013016718 -0.036911167 0.998787642 -0.032569606 -0.130142286 -0.046243213 0.030849753 0.998453736 -0.030279633
0.998270988 0.035754323 0.046655010 -0.011610466 -0.034847938 0.999190509 -0.020098539 -0.107473895 -0.047335852 0.018437957 0.998708844 -0.024060197
0.998439074 0.033140957 0.044956747 -0.010275641 -0.032859102 0.999435544 -0.006994324 -0.080617808 -0.045163166 0.005506169 0.998964429 -0.016911061
0.998633623 0.028372867 0.043884508 -0.008985651 -0.028536802 0.999587893 0.003113520 -0.051215466 -0.043778084 -0.004361590 0.999031782 -0.008823171
0.998581946 0.031733789 0.042744398 -0.006288611 -0.032195829 0.999429882 0.010164473 -0.020234717 -0.042397469 -0.011526251 0.999034345 -0.000132664
0.998805463 0.028040852 0.040016346 -0.003905032 -0.028606836 0.999497652 0.013641872 0.012091260 -0.039613716 -0.014770318 0.999105871 0.008505876
0.999032557 0.027944962 0.033955887 -0.002302635 -0.028530078 0.999450564 0.016870951 0.045079786 -0.033465773 -0.017823393 0.999280930 0.016294755
0.999142587 0.026557714 0.031760462 -0.001338804 -0.027247410 0.999397814 0.021483529 0.078320421 -0.031170784 -0.022330500 0.999264598 0.024041632
0.999341786 0.022510141 0.028448861 -0.000388430 -0.023397695 0.999237359 0.031260353 0.113024175 -0.027723491 -0.031905416 0.999106348 0.033750389
0.999261677 0.019934719 0.032844510 0.000027376 -0.021393197 0.998772740 0.044669531 0.144332945 -0.031913724 -0.045339197 0.998461723 0.040297475
0.999185443 0.016677201 0.036746886 0.000134523 -0.018890988 0.997974575 0.060744740 0.173385024 -0.035659406 -0.061389446 0.997476697 0.047002099
0.999039292 0.017200958 0.040305883 0.000294353 -0.020306811 0.996749640 0.077960156 0.200115055 -0.038833886 -0.078703739 0.996141374 0.053027354
0.999036074 0.018608628 0.039756592 -0.000317803 -0.022316115 0.995232344 0.094945185 0.222098038 -0.037800249 -0.095740877 0.994688332 0.057550076
0.999190569 0.017338939 0.036298648 -0.001991770 -0.021216482 0.993780017 0.109321423 0.237720147 -0.034177355 -0.110003062 0.993343472 0.059941258
0.999289811 0.018354340 0.032908920 -0.003386326 -0.022206141 0.992430031 0.120787106 0.246131316 -0.030442832 -0.121432103 0.992132783 0.060444396
0.999343693 0.018781537 0.030975515 -0.004546053 -0.022600299 0.991523862 0.127943769 0.245926708 -0.028309984 -0.128559843 0.991297603 0.060310807
0.999424756 0.019178692 0.027969472 -0.006254059 -0.022675816 0.991173148 0.130619824 0.234848067 -0.025217474 -0.131178916 0.991037905 0.058271024
0.999514103 0.017421413 0.025846425 -0.008186603 -0.020525604 0.991924405 0.125158727 0.217686370 -0.023457259 -0.125628442 0.991800010 0.053854525
0.999553204 0.016539134 0.024897933 -0.010297340 -0.019215874 0.993587196 0.111423530 0.196355820 -0.022895418 -0.111852176 0.993461072 0.049822941
0.999549985 0.016488554 0.025058040 -0.012800774 -0.018809827 0.995259643 0.095417343 0.167734638 -0.023365961 -0.095845737 0.995121896 0.040018007
0.999406159 0.020339834 0.027814539 -0.013939608 -0.022565307 0.996361136 0.082190335 0.137612820 -0.026041588 -0.082769170 0.996228456 0.033053380
0.999288976 0.020941222 0.031353321 -0.014993661 -0.023155188 0.997135699 0.072001420 0.105673626 -0.029755717 -0.072676219 0.996911585 0.025364533
0.998991489 0.025237953 0.037135042 -0.015158721 -0.027637670 0.997463524 0.065594599 0.073569365 -0.035385378 -0.066554770 0.997155130 0.017555201
0.998767734 0.025431732 0.042618033 -0.015315151 -0.027995901 0.997763932 0.060691204 0.040728819 -0.040979255 -0.061809544 0.997246325 0.009417910
0.998698354 0.024142262 0.044930771 -0.015017684 -0.026643895 0.998078704 0.055937946 0.008766537 -0.043493979 -0.057062261 0.997422755 0.000978206
0.998586357 0.020311926 0.049119826 -0.014070229 -0.022727728 0.998533547 0.049134113 -0.024208894 -0.048049789 -0.050181039 0.997583628 -0.006126103
0.998345137 0.015315467 0.055428941 -0.012224823 -0.017514825 0.999069512 0.039413080 -0.055849690 -0.054773737 -0.040318683 0.997684419 -0.013031346
0.997859418 0.010739847 0.064507626 -0.010480762 -0.012445948 0.999581754 0.026104676 -0.088119589 -0.064200290 -0.026851656 0.997575700 -0.019521829
0.997483492 0.006798901 0.070572376 -0.008035770 -0.007529157 0.999920785 0.010086760 -0.117910042 -0.070498213 -0.010592727 0.997455657 -0.026714880
0.997229338 0.006634029 0.074092001 -0.006589966 -0.006129739 0.999956489 -0.007031594 -0.144162565 -0.074135423 0.006557947 0.997226596 -0.033935323
0.996958137 0.006434002 0.077672802 -0.005487672 -0.004605281 0.999708533 -0.023700122 -0.164370477 -0.077802651 0.023270324 0.996697187 -0.040338960
0.996952415 0.009230344 0.077464134 -0.004737895 -0.006575052 0.999384344 -0.034463014 -0.177329183 -0.077734545 0.033848654 0.996399343 -0.045271389
0.996791184 0.011410103 0.079228446 -0.003547000 -0.008323180 0.999197364 -0.039183807 -0.182867378 -0.079611942 0.038398642 0.996086061 -0.046842352
0.996415675 0.015884314 0.083086967 -0.002150794 -0.012631284 0.999138474 -0.039532289 -0.179767653 -0.083643332 0.038341098 0.995757878 -0.046497136
0.996261477 0.019789752 0.084091857 -0.001230956 -0.016704734 0.999166965 -0.037232891 -0.169322103 -0.084758639 0.035688959 0.995762169 -0.043531049
0.996367276 0.021163156 0.082488418 -0.000971216 -0.018456893 0.999270499 -0.033433456 -0.152044579 -0.083135799 0.031789523 0.996031046 -0.038689557
0.996523440 0.020870361 0.080656134 0.000149981 -0.018557586 0.999397814 -0.029318616 -0.129528388 -0.081219457 0.027719904 0.996310711 -0.031395398
0.996630132 0.021874174 0.079056151 0.001728973 -0.019990228 0.999498844 -0.024543939 -0.103378035 -0.079553418 0.022880880 0.996567965 -0.022416104
0.997008026 0.020235389 0.074602090 0.003820065 -0.018815476 0.999629140 -0.019687170 -0.074355498 -0.074972801 0.018224595 0.997019053 -0.012601662
0.997259736 0.023841769 0.070032716 0.005815035 -0.022974294 0.999649346 -0.013166282 -0.041893292 -0.070322067 0.011521252 0.997457802 -0.004025821
0.997445762 0.024769370 0.066995367 0.007635397 -0.024372645 0.999680281 -0.006732706 -0.008946708 -0.067140713 0.005082654 0.997730553 0.005037013
0.997388303 0.028280864 0.066459008 0.009911665 -0.028472064 0.999592721 0.001931396 0.025178973 -0.066377319 -0.003818577 0.997787297 0.014096554
0.996964991 0.030982854 0.071420178 0.011812748 -0.031979125 0.999405980 0.012848190 0.059221327 -0.070979685 -0.015093151 0.997363567 0.023724878
0.997472525 0.027182445 0.065648071 0.012739448 -0.029179562 0.999134123 0.029656675 0.093289472 -0.064785086 -0.031497300 0.997402012 0.032321088
0.997872770 0.019064216 0.062341757 0.013105490 -0.022266975 0.998445809 0.051089700 0.125516936 -0.061270878 -0.052369181 0.996746361 0.040594734
0.998257697 0.010847016 0.057999212 0.013330041 -0.015152677 0.997119308 0.074320115 0.155201286 -0.057025980 -0.075069465 0.995546401 0.047130615
0.998355508 0.004995940 0.057108063 0.013139177 -0.010419134 0.995416582 0.095064677 0.182894602 -0.056371372 -0.095503367 0.993831635 0.055093665
0.998360634 0.004090303 0.057089925 0.013390190 -0.010372151 0.993857920 0.110176511 0.207467735 -0.056288615 -0.110588036 0.992271066 0.060046807
0.998236477 0.009908380 0.058529962 0.013885578 -0.016904486 0.992596745 0.120274253 0.228913203 -0.056904931 -0.121051572 0.991013825 0.063861929
0.998305619 0.016329171 0.055850688 0.013974252 -0.023288080 0.991716981 0.126313642 0.245864362 -0.053325478 -0.127400264 0.990416884 0.066054493
0.998534501 0.019822342 0.050357919 0.012962932 -0.026183819 0.991300464 0.128987655 0.257541597 -0.047362994 -0.130117193 0.990366757 0.066974014
0.998831689 0.022056844 0.042997070 0.011167584 -0.027446318 0.991253495 0.129086256 0.262416363 -0.039773762 -0.130115569 0.990700781 0.065734170
0.999088705 0.021901468 0.036634278 0.009400977 -0.026469646 0.991256654 0.129265532 0.260018528 -0.033482868 -0.130117431 0.990933061 0.063949622
0.999211311 0.022657782 0.032609433 0.008127262 -0.026704580 0.991212010 0.129559189 0.250231802 -0.029387338 -0.130327821 0.991035342 0.061539520
0.999217331 0.024168050 0.031315014 0.007159360 -0.028021069 0.991234958 0.129104927 0.233409300 -0.027920321 -0.129881367 0.991136372 0.058085676
0.999231160 0.024028756 0.030979522 0.005935430 -0.027757026 0.991622090 0.126155570 0.211115152 -0.027688615 -0.126918480 0.991526604 0.053387769
0.999215007 0.024408048 0.031202164 0.004720308 -0.028042821 0.992142141 0.121932417 0.185166597 -0.027980849 -0.122711703 0.992047846 0.047974505
0.999060512 0.027336232 0.033627473 0.004072675 -0.031138517 0.992488742 0.118306868 0.155535460 -0.030140825 -0.119242825 0.992407501 0.042203624
0.998568296 0.033843726 0.041424148 0.004529091 -0.038381413 0.992720366 0.114163034 0.122822523 -0.037258893 -0.115589507 0.992598057 0.036452927
0.998080194 0.038849197 0.048235383 0.004953816 -0.043841444 0.993273616 0.107170150 0.088534467 -0.043747459 -0.109079108 0.993069947 0.030979546
0.997817516 0.040796570 0.051921051 0.004559477 -0.045696087 0.994237602 0.096971728 0.052836590 -0.047665749 -0.099132679 0.993931949 0.024628095
0.997685730 0.039661314 0.055228055 0.004946749 -0.044189971 0.995540023 0.083350368 0.014819802 -0.051675953 -0.085597999 0.994988739 0.016578764
0.997465909 0.038132079 0.060063850 0.004372195 -0.042075261 0.996944368 0.065814652 -0.022421891 -0.057370666 -0.068175070 0.996022463 0.010116288
0.997081757 0.035860404 0.067394547 0.003752619 -0.038946480 0.998225331 0.045049079 -0.058249477 -0.065659471 -0.047542393 0.996708870 0.003428943
0.996653318 0.036012337 0.073384143 0.003137141 -0.037795097 0.999019623 0.023050997 -0.092049450 -0.072482072 -0.025747415 0.997037292 -0.003839003
0.996099472 0.035258397 0.080887116 0.002578387 -0.035612687 0.999361336 0.002941112 -0.122763306 -0.080731757 -0.005810247 0.996718943 -0.011257119
0.995818377 0.035624631 0.084122591 0.002196819 -0.034591816 0.999307573 -0.013703736 -0.150381088 -0.084552534 0.010736478 0.996361196 -0.018756254
0.995812595 0.031206479 0.085927084 0.000023845 -0.028970866 0.999211669 -0.027143084 -0.173644453 -0.086706385 0.024540041 0.995931625 -0.026877288
0.995988071 0.028201856 0.084925987 -0.001087130 -0.025183931 0.999019921 -0.036400195 -0.191309929 -0.085869305 0.034115393 0.995722175 -0.033088785
0.995986998 0.022097748 0.086727366 -0.002225647 -0.018593520 0.998985827 -0.041007031 -0.202469990 -0.087545574 0.039229903 0.995387733 -0.037246991
0.995687664 0.020293815 0.090521738 -0.002259734 -0.016706092 0.999051273 -0.040216994 -0.206103683 -0.091252014 0.038531300 0.995082140 -0.036032397
0.995407820 0.017701540 0.094074048 -0.002304223 -0.014292185 0.999220729 -0.036792208 -0.202714399 -0.094652019 0.035278726 0.994885147 -0.034645796
0.995380461 0.016590284 0.094564937 -0.002049039 -0.013607046 0.999391854 -0.032105014 -0.193222821 -0.095040061 0.030669956 0.995000899 -0.031035500
0.994919300 0.015114760 0.099534482 -0.001546712 -0.012546880 0.999573410 -0.026374565 -0.177760258 -0.099890664 0.024991719 0.994684517 -0.025832193
0.994335592 0.015749052 0.105112709 0.000233106 -0.013715226 0.999705017 -0.020043897 -0.157955125 -0.105397381 0.018488714 0.994258285 -0.018618874
0.993545890 0.021988787 0.111279003 0.003005203 -0.020589452 0.999694049 -0.013708724 -0.134907261 -0.111546390 0.011329072 0.993694663 -0.010171561
0.992857754 0.027322369 0.116133295 0.006077183 -0.026553364 0.999614060 -0.008163981 -0.110154338 -0.116311528 0.005021943 0.993200064 -0.001617911
0.992290080 0.036143396 0.118549749 0.009657281 -0.036122520 0.999344647 -0.002325513 -0.083410852 -0.118556112 -0.001974731 0.992945373 0.007603940
0.992027879 0.040042657 0.119487606 0.012273693 -0.040896084 0.999152362 0.004697888 -0.056944858 -0.119198211 -0.009547011 0.992824554 0.015793432
0.992592275 0.043495059 0.113440499 0.013586404 -0.045386925 0.998869300 0.014146874 -0.031151004 -0.112696916 -0.019190794 0.993444085 0.022649821
0.993083358 0.045549292 0.108216278 0.015275542 -0.048504364 0.998514235 0.024832265 -0.005355093 -0.106924407 -0.029909471 0.993817210 0.027605461
0.994229496 0.046708677 0.096571095 0.016340705 -0.050442699 0.998056412 0.036591955 0.019082382 -0.094674237 -0.041252106 0.994653225 0.029975289
0.995464325 0.045587618 0.083501980 0.016900202 -0.049809385 0.997546554 0.049192775 0.041336175 -0.081054524 -0.053128835 0.995292664 0.030291308
0.996628821 0.041260034 0.070912965 0.017218271 -0.045766577 0.996954322 0.063146740 0.059789173 -0.068091549 -0.066179305 0.995481730 0.028622121
0.997660100 0.035574719 0.058384348 0.017086701 -0.040091455 0.996138453 0.078108221 0.074640609 -0.055380214 -0.080266163 0.995233834 0.025628958
0.998298049 0.029418968 0.050353874 0.016981253 -0.034064084 0.994986713 0.094027109 0.085487105 -0.047335256 -0.095582344 0.994295418 0.022346254
0.998918116 0.021268817 0.041355297 0.016198196 -0.025715286 0.993582666 0.110146381 0.092850059 -0.038747221 -0.111090682 0.993054628 0.017627658
0.999320984 0.014397496 0.033914950 0.015856948 -0.018650701 0.991516471 0.128635958 0.097284324 -0.031775195 -0.129181162 0.991111755 0.012494631
0.999553680 0.008447597 0.028654730 0.014481352 -0.012579931 0.989018917 0.147252619 0.100856259 -0.027096139 -0.147547364 0.988683760 0.008210520
0.999574542 0.003476866 0.028959772 0.014312642 -0.008310046 0.985668063 0.168491483 0.101948947 -0.027958902 -0.168660462 0.985277593 0.003898007
0.999378741 -0.001756031 0.035200853 0.014221917 -0.005049680 0.981319606 0.192318380 0.102081992 -0.034881007 -0.192376643 0.980701029 0.000607634
0.998803735 -0.004410621 0.048700042 0.014182301 -0.006260979 0.976191700 0.216819108 0.101848774 -0.048496887 -0.216864645 0.974996328 -0.001994097
0.998080969 -0.009757916 0.061148841 0.013179712 -0.005088916 0.971239805 0.238049120 0.100703016 -0.061713051 -0.237903476 0.969326258 -0.004708230
0.997342646 -0.015826043 0.071113594 0.011104830 -0.002959515 0.966513216 0.256599754 0.098993316 -0.072793193 -0.256128341 0.963898063 -0.007723710
0.996927142 -0.021643391 0.075285062 0.008424751 0.000223454 0.961854756 0.273560613 0.097371005 -0.078334078 -0.272703201 0.958903909 -0.011730406
0.996765554 -0.025512123 0.076207511 0.006232411 0.002158746 0.956430972 0.291950524 0.096488453 -0.080335505 -0.290841699 0.953392506 -0.016323645
0.996527731 -0.031810939 0.076945148 0.004525560 0.006292298 0.950267732 0.311370641 0.095697023 -0.083023481 -0.309805304 0.947168291 -0.021292128
0.996301591 -0.036971308 0.077564441 0.003880664 0.009217376 0.943475306 0.331314623 0.095689327 -0.085429274 -0.329374373 0.940326750 -0.027177790
0.996047139 -0.043816186 0.077267595 0.003226167 0.013970307 0.936319947 0.350870013 0.096121363 -0.087720983 -0.348403633 0.933230937 -0.032867908
0.996034503 -0.044707179 0.076918878 0.003531396 0.013199197 0.929259896 0.369190753 0.097099975 -0.087983109 -0.366711438 0.926165044 -0.039073650
0.996112585 -0.043921016 0.076358400 0.004886434 0.011175172 0.922836781 0.385029078 0.097742148 -0.087377213 -0.382678986 0.919740200 -0.044813666
0.996387720 -0.042593017 0.073466927 0.006981361 0.009935824 0.917651474 0.397261977 0.097371429 -0.084337622 -0.395097017 0.914759815 -0.049891811
0.996644974 -0.041512351 0.070537180 0.010176437 0.009484846 0.914601862 0.404244274 0.096004091 -0.081294566 -0.402218968 0.911927104 -0.053615112
0.996593833 -0.043100968 0.070307054 0.014460390 0.010938408 0.914104521 0.405331135 0.093889549 -0.081738152 -0.403181434 0.911462307 -0.055586230
0.996740580 -0.042743824 0.068419240 0.019003026 0.011782560 0.916137040 0.400692105 0.091577150 -0.079808511 -0.398579955 0.913654566 -0.056738954
0.997009158 -0.043693762 0.063746445 0.023356248 0.015117872 0.919166863 0.393578082 0.089685366 -0.075790532 -0.391437262 0.917078316 -0.056517255
0.997251391 -0.043110289 0.060258724 0.027238723 0.016556129 0.922391415 0.385901570 0.086880676 -0.072218455 -0.383843243 0.920569897 -0.055699721
0.997443855 -0.040910210 0.058584258 0.030787602 0.015707608 0.925362110 0.378758848 0.086348146 -0.069706753 -0.376870453 0.923639357 -0.053846560
0.997774601 -0.036022678 0.056108877 0.032843389 0.012501503 0.927646577 0.373249918 0.086226799 -0.065494671 -0.371717840 0.926032543 -0.051739551
0.998089850 -0.032988138 0.052234318 0.033914432 0.011411686 0.929398954 0.368900269 0.086056538 -0.060715850 -0.367599517 0.928000093 -0.049554192
0.998480439 -0.026422881 0.048358928 0.034988508 0.006858054 0.930309117 0.366712362 0.085259065 -0.054678347 -0.365823478 0.929076672 -0.047105666
0.998661578 -0.023631182 0.046006553 0.035786957 0.005050654 0.929824591 0.367968440 0.084519029 -0.051473550 -0.367243588 0.928699434 -0.044650346
0.998835742 -0.019393044 0.044170924 0.037403535 0.001552694 0.928086579 0.372361273 0.083526276 -0.048215657 -0.371859163 0.927036166 -0.042192504
0.998904169 -0.016355479 0.043852195 0.040158451 -0.001375894 0.926286697 0.376816988 0.082925647 -0.046782725 -0.376464367 0.925249159 -0.039693814
0.998985648 -0.015356982 0.042330690 0.044091001 -0.001856767 0.925202429 0.379469365 0.082184061 -0.044991963 -0.379163057 0.924235404 -0.037261918
0.998942196 -0.016585240 0.042889003 0.049825776 -0.001038491 0.924317539 0.381622821 0.080974042 -0.045972366 -0.381263644 0.923322558 -0.034394804
0.998863280 -0.018883064 0.043767251 0.057406079 0.000691059 0.923827887 0.382807493 0.080214128 -0.047661982 -0.382342100 0.922790825 -0.031271219
0.998718381 -0.021265622 0.045927472 0.066953845 0.001983857 0.923196197 0.384323925 0.079141915 -0.050572954 -0.383740276 0.922055185 -0.027805734
0.998576343 -0.024208011 0.047531649 0.077975102 0.003993720 0.922516227 0.385937601 0.077994019 -0.053191498 -0.385198325 0.921299577 -0.024626710
0.998406947 -0.028704951 0.048575446 0.090744026 0.007612029 0.921571672 0.388133645 0.076857865 -0.055907108 -0.387145579 0.920322061 -0.021688115
0.998229146 -0.033349313 0.049258348 0.105073668 0.011500682 0.920642257 0.390237868 0.075685918 -0.058363479 -0.388980329 0.919395447 -0.018951209
0.998039961 -0.037279885 0.050263777 0.121115133 0.014652324 0.920074880 0.391468465 0.074360408 -0.060840338 -0.389964700 0.918817699 -0.017027434
0.997694373 -0.041828174 0.053445153 0.138201386 0.017649665 0.920309961 0.390791595 0.072856367 -0.065532207 -0.388947248 0.918926299 -0.014501559
0.997300982 -0.046282396 0.056997743 0.156337053 0.020677643 0.921928227 0.386808485 0.070825130 -0.070450246 -0.384585887 0.920396924 -0.012518053
0.996745586 -0.051302027 0.062179908 0.173831731 0.023808967 0.924294055 0.380937874 0.067023650 -0.077015400 -0.378217697 0.922507465 -0.011359073
0.996021092 -0.057824943 0.067810848 0.192806169 0.028348926 0.926968455 0.374066651 0.064416297 -0.084488899 -0.370655894 0.924919367 -0.008835775
0.995234668 -0.062717870 0.074661836 0.211672336 0.030851437 0.928896964 0.369050980 0.062281005 -0.092499241 -0.364988923 0.926405430 -0.006562874
0.994423628 -0.068111047 0.080514550 0.230268478 0.033905230 0.929414451 0.367476821 0.061209723 -0.099860623 -0.362697780 0.926540971 -0.004528496
0.993654013 -0.071870163 0.086523667 0.248375863 0.034934722 0.928389728 0.369962305 0.061345495 -0.106916934 -0.364591867 0.925008953 -0.002917482
0.992622435 -0.075516976 0.094857007 0.265491962 0.034389950 0.925576985 0.376994163 0.062554315 -0.116266921 -0.370950729 0.921345532 -0.000867087
0.991459310 -0.078098401 0.104446292 0.281943828 0.031790596 0.921438634 0.387221128 0.064235061 -0.126482204 -0.380593568 0.916051745 0.000495495
0.990264356 -0.083651014 0.111261055 0.296471477 0.032904923 0.917311072 0.396809399 0.065708905 -0.135254502 -0.389285147 0.911132991 0.001970763
0.989851356 -0.086912900 0.112429656 0.309104800 0.034506898 0.914489925 0.403134584 0.067640997 -0.137853384 -0.395163715 0.908208191 0.003147548
0.989736676 -0.086556792 0.113706723 0.320376337 0.033129085 0.912991941 0.406630218 0.069578350 -0.139009938 -0.398689866 0.906489193 0.004051236
0.989901662 -0.086225301 0.112516358 0.329614222 0.033224959 0.912750125 0.407164991 0.071460888 -0.137807235 -0.399314940 0.906397700 0.005006004
0.990189195 -0.084645413 0.111178063 0.337807655 0.032598421 0.913622737 0.405254126 0.074133858 -0.135877699 -0.397653997 0.907418609 0.010928083
0.990376830 -0.085989073 0.108441569 0.342451692 0.035418000 0.914938152 0.402036965 0.075171627 -0.133788124 -0.394327343 0.909179151 0.011541168
0.990735233 -0.086070128 0.105050795 0.344991654 0.037352003 0.916387200 0.398546487 0.076106310 -0.130570143 -0.390930206 0.911112010 0.011819122
0.990692616 -0.088258512 0.103627153 0.345358253 0.040358372 0.917527556 0.395619065 0.076991253 -0.129997507 -0.387754649 0.912549734 0.011788535
0.990597665 -0.089591563 0.103390887 0.343608022 0.041817456 0.917858958 0.394697726 0.077575639 -0.130259827 -0.386663079 0.912975371 0.011313264
0.990321696 -0.088322848 0.107060924 0.340324372 0.039066002 0.917582452 0.395621419 0.077792682 -0.133179635 -0.387610018 0.912152231 0.010157996
0.990164459 -0.087029144 0.109546013 0.334815621 0.036910065 0.917734981 0.395474553 0.076966099 -0.134952024 -0.387541473 0.911920786 0.008850805
0.990182638 -0.087180041 0.109260842 0.326793909 0.037276991 0.918054521 0.394697756 0.075726129 -0.134717181 -0.386749953 0.912291527 0.006760182
0.990436554 -0.086133927 0.107779287 0.316831172 0.037030827 0.918480992 0.393727601 0.074528992 -0.132906526 -0.385971069 0.912886739 0.004295433
0.990846336 -0.086457357 0.103675574 0.304797322 0.038822416 0.918053150 0.394551963 0.074452221 -0.129291594 -0.386915416 0.913006127 0.001563889
0.991586626 -0.083295725 0.099084839 0.291448325 0.037362702 0.917051554 0.397014499 0.075108789 -0.123935506 -0.389972210 0.912448168 -0.001327037
0.992150009 -0.081375502 0.094954416 0.276708424 0.036861733 0.915882647 0.399750143 0.076032877 -0.119496971 -0.393111914 0.911692679 -0.003768087
0.992667377 -0.080293499 0.090356976 0.260248780 0.037518024 0.915248990 0.401138067 0.076959372 -0.114907905 -0.394806683 0.911550283 -0.005976167
0.993248820 -0.079094976 0.084857225 0.242164239 0.038645472 0.915334523 0.400835633 0.077393979 -0.109376833 -0.394850194 0.912211597 -0.008240628
0.993881106 -0.076111987 0.080045857 0.222777039 0.037993334 0.916040838 0.399281472 0.077685252 -0.103715383 -0.393797070 0.913327396 -0.010804353
0.994535327 -0.072698116 0.074929804 0.202432618 0.037272714 0.917660832 0.395612657 0.077486150 -0.097520441 -0.390657902 0.915355742 -0.013096919
0.995224237 -0.068818524 0.069229499 0.181165725 0.036435895 0.919843256 0.390590370 0.076791450 -0.090560138 -0.386202574 0.917957783 -0.016409753
0.995918036 -0.063545018 0.064103633 0.159358501 0.034034114 0.922142446 0.385350496 0.075749017 -0.083599791 -0.381595820 0.920540988 -0.019799292
0.996360064 -0.060452517 0.060100399 0.136971459 0.033116866 0.924163759 0.380558282 0.074296080 -0.078548320 -0.377182752 0.922801912 -0.022728490
0.996736467 -0.057892736 0.056256514 0.113673165 0.032410998 0.925266862 0.377929658 0.072945483 -0.073931664 -0.374872953 0.924123585 -0.025903109
0.997097492 -0.055095088 0.052546728 0.089726083 0.031195987 0.925223947 0.378136873 0.072268784 -0.069450974 -0.375400066 0.924257219 -0.028551619
0.997586966 -0.050363056 0.047789242 0.065806895 0.028443785 0.924380600 0.380409598 0.072281092 -0.063334033 -0.378132343 0.923582554 -0.031323195
0.997975945 -0.046960991 0.042880084 0.041599449 0.026907202 0.922784030 0.384376943 0.073223256 -0.057619777 -0.382445157 0.922179818 -0.033751644
0.998355389 -0.041876331 0.039152160 0.017707765 0.023444496 0.921463132 0.387757808 0.074345075 -0.052315146 -0.386202186 0.920929432 -0.035680883
0.998550475 -0.039504182 0.036555875 -0.006454273 0.022247586 0.921392620 0.387995720 0.074230418 -0.049009766 -0.386620045 0.920935929 -0.040857624
0.998688161 -0.037913315 0.034417950 -0.030330606 0.021692956 0.922114730 0.386307955 0.075717308 -0.046383515 -0.385054529 0.921727538 -0.042553999
0.998856187 -0.036507193 0.030880434 -0.054332383 0.021875581 0.923162460 0.383787125 0.077247471 -0.042518649 -0.382672578 0.922905087 -0.044539854
0.999007285 -0.033850048 0.028958082 -0.077853747 0.020267583 0.924267411 0.381207317 0.079033926 -0.039668895 -0.380241960 0.924035966 -0.046328746
0.999165535 -0.031222615 0.026332187 -0.101296864 0.018931523 0.925290585 0.378786206 0.080670305 -0.036191620 -0.377971590 0.925109506 -0.048098926
0.999290586 -0.029133337 0.023865718 -0.124298334 0.017975992 0.925833762 0.377503306 0.082502283 -0.033093616 -0.376806468 0.925700665 -0.049853221
0.999477625 -0.027408831 0.017124861 -0.147136301 0.018903773 0.925571322 0.378101110 0.085032962 -0.026213590 -0.377579868 0.925605893 -0.051357731
0.999656439 -0.024415065 0.009535410 -0.168457642 0.018928386 0.924087644 0.381711692 0.087892756 -0.018131068 -0.381400079 0.924232244 -0.052945744
0.999824882 -0.018500406 0.002820349 -0.187500954 0.015958548 0.921582043 0.387855530 0.091584139 -0.009774666 -0.387742579 0.921715856 -0.053049766
0.999867380 -0.015359085 -0.005413899 -0.205438316 0.016250148 0.919124126 0.393632889 0.094963737 -0.001069795 -0.393668652 0.919251800 -0.054200314
0.999786615 -0.014375811 -0.014835855 -0.222055048 0.019085398 0.917622387 0.396994829 0.098087579 0.007906592 -0.397193253 0.917700946 -0.055600528
0.999634862 -0.012888005 -0.023748687 -0.236912742 0.021244870 0.917971849 0.396076143 0.100618586 0.016695993 -0.396436095 0.917910516 -0.056742720
0.999494672 -0.010947354 -0.029842515 -0.249215603 0.021755654 0.920079350 0.391127378 0.101584651 0.023175672 -0.391578943 0.919852614 -0.057586480
0.999323130 -0.009357488 -0.035577301 -0.259204179 0.022329723 0.922861040 0.384485275 0.102051973 0.029235089 -0.385019451 0.922445297 -0.058729570
0.999105215 -0.009098140 -0.041303568 -0.266391307 0.024053495 0.925504386 0.377972335 0.101869054 0.034787789 -0.378627628 0.924895108 -0.059686344
0.999012887 -0.007070012 -0.043854930 -0.271024495 0.022962337 0.927311480 0.373585552 0.101192273 0.038025923 -0.374223799 0.926558495 -0.062713988
0.999030948 -0.005251252 -0.043698467 -0.271443129 0.021163672 0.927854300 0.372341901 0.100629032 0.038590550 -0.372905880 0.927066326 -0.063843712
0.999132037 -0.002910866 -0.041553672 -0.268758595 0.018257745 0.927231729 0.374042720 0.100072309 0.037441093 -0.374476761 0.926480055 -0.065251462
0.999312222 -0.003060346 -0.036955670 -0.263030201 0.016749885 0.926380515 0.376216143 0.099364229 0.033083662 -0.376576394 0.925794661 -0.066463761
0.999498725 -0.002614520 -0.031550340 -0.254182488 0.014343084 0.925833464 0.377659440 0.098499201 0.028222963 -0.377922654 0.925406873 -0.067757554
0.999710679 -0.003514325 -0.023795495 -0.242536783 0.012237165 0.925986886 0.377357394 0.097322837 0.020708160 -0.377539426 0.925761938 -0.068975970
0.999853909 -0.003144186 -0.016799547 -0.228372529 0.009219521 0.926881194 0.375241548 0.095690474 0.014391355 -0.375341624 0.926774800 -0.070445493
0.999953330 -0.003106223 -0.009147340 -0.212140173 0.006289631 0.928044140 0.372417152 0.093879111 0.007332325 -0.372457325 0.928020358 -0.071631126
0.999987781 -0.003660387 -0.003318376 -0.194117367 0.004627510 0.929216743 0.369506240 0.091931596 0.001730955 -0.369517088 0.929222345 -0.072452180
0.999980271 -0.005328185 0.003320390 -0.174813896 0.003732793 0.929845929 0.367930263 0.090166390 -0.005047851 -0.367910594 0.929847479 -0.073090799
0.999934733 -0.006996534 0.009033134 -0.154323235 0.003176839 0.929662883 0.368397683 0.088881314 -0.010975277 -0.368344933 0.929624438 -0.073141932
0.999840021 -0.010644345 0.014375298 -0.132726163 0.004548729 0.928550243 0.371178955 0.088217929 -0.017299144 -0.371054202 0.928450048 -0.072000585
0.999767125 -0.014875046 0.015633183 -0.110980816 0.007899779 0.926454961 0.376322687 0.087667979 -0.020081257 -0.376111567 0.926356733 -0.071198866
0.999654889 -0.019677168 0.017402753 -0.088196382 0.011534568 0.924008727 0.382197410 0.087514438 -0.023600858 -0.381864816 0.923916817 -0.069897838
0.999547780 -0.022637863 0.019793725 -0.064655662 0.013209750 0.921872973 0.387267053 0.087270014 -0.027014198 -0.386830449 0.921755075 -0.068223625
0.999449253 -0.024018329 0.022898963 -0.040557362 0.013202339 0.920867443 0.389652193 0.087350927 -0.030445704 -0.389135242 0.920677364 -0.066448994
0.999419987 -0.024757890 0.023383638 -0.016921554 0.013691349 0.920814514 0.389760464 0.087113976 -0.031181639 -0.389214247 0.920619369 -0.064390957
0.999433815 -0.025927672 0.021442737 0.006084521 0.015574688 0.921431243 0.388229251 0.086819232 -0.029823888 -0.387675464 0.921313345 -0.061997369
0.999439597 -0.027251542 0.019437641 0.028845413 0.017605796 0.921840727 0.387168914 0.086235501 -0.028469358 -0.386609703 0.921803892 -0.059460618
0.999348760 -0.030596448 0.019127790 0.050391689 0.020808754 0.921746075 0.387235284 0.085310906 -0.029478990 -0.386585057 0.921782494 -0.057060409
0.999243617 -0.032832734 0.020836942 0.071499452 0.022143858 0.920906603 0.389153808 0.085190006 -0.031965859 -0.388398081 0.920937061 -0.053679865
0.999125004 -0.035131533 0.022692643 0.091015272 0.023448383 0.919825792 0.391625732 0.085411556 -0.034631688 -0.390750974 0.919844747 -0.051105320
0.998981774 -0.036896836 0.025962429 0.108940318 0.023678593 0.918627441 0.394414663 0.086179279 -0.038402453 -0.393398285 0.918565750 -0.048266105
0.998751998 -0.039701246 0.030303065 0.124541387 0.024423039 0.917468369 0.397058308 0.087701194 -0.043565813 -0.395822704 0.917293012 -0.045444869
0.998503745 -0.042780273 0.034059722 0.137956545 0.025698960 0.916907310 0.398272038 0.089860730 -0.048267793 -0.396800816 0.916634798 -0.042331751
0.998271286 -0.046479847 0.035973389 0.148902804 0.028324943 0.916745245 0.398466885 0.092557847 -0.051499110 -0.396759093 0.916476965 -0.038687624
0.998021841 -0.047329631 0.041380242 0.159257099 0.027064409 0.917543232 0.396713912 0.095381625 -0.056744479 -0.394809186 0.917009115 -0.034546118
0.997312188 -0.050636202 0.052956622 0.168475837 0.026021795 0.920429945 0.390040427 0.098061405 -0.068493024 -0.387614042 0.919273674 -0.029526724
0.996103108 -0.055287160 0.068715945 0.176796779 0.025229588 0.925191998 0.378659815 0.100341827 -0.084510460 -0.375450581 0.922981501 -0.023662528
0.994876862 -0.058132961 0.082707852 0.183032453 0.024397133 0.932008743 0.361613661 0.102221385 -0.098106116 -0.357743233 0.928652227 -0.017297734
0.993853748 -0.057642154 0.094509840 0.187656015 0.021975724 0.939479232 0.341900438 0.103412457 -0.108497903 -0.337722093 0.934971690 -0.012261633
0.992704153 -0.056117646 0.106720656 0.191477165 0.018894969 0.946559072 0.321976602 0.103509679 -0.119085968 -0.317611039 0.940713406 -0.007806417
0.991280019 -0.055982299 0.119289353 0.194931582 0.017554654 0.953302562 0.301506311 0.102324754 -0.130597860 -0.296783119 0.945972502 -0.003476029
0.989934266 -0.057003506 0.129540414 0.197932288 0.017933907 0.958446026 0.284709603 0.101022646 -0.140386939 -0.279520661 0.949820876 0.000474604
0.988428771 -0.060184889 0.139234900 0.201114148 0.019884557 0.961406708 0.274411738 0.099047199 -0.150376797 -0.268467844 0.951478779 0.004374926
0.986921072 -0.067985699 0.146166876 0.204342604 0.025607975 0.961323440 0.274228930 0.097381189 -0.159157291 -0.266899288 0.950491309 0.008302700
0.985243320 -0.075984932 0.153368369 0.209026858 0.030146459 0.959085226 0.281507999 0.095711723 -0.168483689 -0.272730380 0.947223008 0.013408789
0.982963502 -0.086206421 0.162330732 0.215085417 0.036143247 0.956601679 0.289148659 0.093611583 -0.180212304 -0.278355390 0.943420291 0.020623747
0.980567396 -0.096027695 0.171073854 0.221811593 0.041625507 0.953997672 0.296910316 0.091799520 -0.191715658 -0.284019560 0.939456224 0.030671623
0.978213608 -0.105435945 0.178833306 0.228975296 0.046664484 0.951058149 0.305468231 0.089506909 -0.202288210 -0.290468007 0.935258150 0.040314194
0.976462960 -0.112200364 0.184204146 0.236014783 0.049465653 0.947774708 0.315081418 0.087225921 -0.209936276 -0.298553526 0.931016922 0.050609343
0.975471020 -0.116319239 0.186885476 0.242365688 0.050556257 0.944674492 0.324089706 0.084360398 -0.214243799 -0.306691885 0.927383244 0.061726406
0.975413799 -0.118630603 0.185727388 0.247506320 0.051341504 0.941888511 0.331979066 0.080950528 -0.214317352 -0.314281434 0.924821734 0.073494919
0.975682378 -0.123865627 0.180834830 0.250541657 0.056438588 0.939168632 0.338787496 0.076955669 -0.211798519 -0.320342898 0.923321068 0.086756334
0.977254748 -0.124004394 0.172035038 0.251450449 0.058410425 0.937237263 0.343765259 0.072493270 -0.203866035 -0.325897574 0.923162699 0.100334644
0.979321182 -0.121459879 0.161794528 0.249988109 0.059368335 0.937053621 0.344101608 0.067348845 -0.193404689 -0.327380538 0.924887359 0.115209743
0.982182264 -0.114639990 0.148915172 0.246180445 0.058254965 0.939084291 0.338713825 0.061562348 -0.178674042 -0.324003637 0.929030240 0.130042970
0.985144079 -0.104966097 0.135916427 0.239454895 0.054981403 0.942579508 0.329425126 0.056083031 -0.162690505 -0.317058355 0.934347808 0.147077411
0.988346636 -0.092568584 0.120838791 0.230766863 0.049650691 0.946470618 0.318948537 0.051165216 -0.143894970 -0.309231967 0.940037131 0.162082270
0.991154552 -0.079002529 0.106636129 0.219990566 0.042281866 0.949620247 0.310537755 0.047123723 -0.125797093 -0.303282142 0.944560766 0.176778942
0.993719339 -0.066330023 0.090123050 0.206745997 0.035836224 0.951602638 0.305234641 0.043300893 -0.106007554 -0.300087899 0.948002994 0.190534577
0.996162415 -0.053802017 0.069034725 0.190639213 0.030433264 0.952457726 0.303147078 0.040448643 -0.082062587 -0.299882770 0.950439930 0.202440038
0.998112440 -0.042861186 0.043983061 0.171528682 0.027537361 0.952498734 0.303295016 0.037776165 -0.054893393 -0.301511347 0.951881111 0.212430105
0.999348462 -0.032831870 0.014990421 0.148531809 0.026668310 0.951573491 0.306262434 0.036765203 -0.024319654 -0.305663109 0.951829076 0.219542816
0.999688208 -0.021403279 -0.012859126 0.123197339 0.024343036 0.950039804 0.311178058 0.037008602 0.005556450 -0.311394066 0.950264633 0.223685861
0.999144495 -0.010108940 -0.040101137 0.095914848 0.022306610 0.948249280 0.316742450 0.038297299 0.034823943 -0.317365974 0.947663486 0.224306762
0.997683823 0.001925573 -0.067994490 0.065953702 0.020109547 0.946568906 0.321873963 0.042077485 0.064981267 -0.322495818 0.944337785 0.222938105
0.995464921 0.014577109 -0.094005942 0.035379309 0.017041449 0.944878697 0.326976836 0.045305330 0.093590587 -0.327095985 0.940345168 0.216315523
0.992607057 0.029340005 -0.117772646 0.004512093 0.011328736 0.943709552 0.330581248 0.049273696 0.120842420 -0.329471469 0.936400354 0.205976740
0.988982677 0.038126893 -0.143037021 -0.026760448 0.011772236 0.942945182 0.332739800 0.053706139 0.147562414 -0.330757767 0.932107627 0.192226738
0.985304534 0.041968089 -0.165570542 -0.056907866 0.015915971 0.942568481 0.333633482 0.057995424 0.170063540 -0.331365824 0.928049088 0.175437748
0.981098413 0.043045606 -0.188661128 -0.084950581 0.022936825 0.942203403 0.334255427 0.062995620 0.192145377 -0.332264751 0.923406899 0.156437024
