1.000000000 0.000000000 0.000000000 0.000000000 0.000000000 1.000000000 0.000000000 -0.000000954 0.000000000 0.000000000 1.000000000 0.000000179
0.999999702 -0.000630096 0.000457153 -0.001696654 0.000630703 0.999998927 -0.001326909 -0.005307287 -0.000456317 0.001327197 0.999998987 -0.003202909
0.999988973 -0.003234832 -0.003395890 0.000358368 0.003183256 0.999881148 -0.015084866 -0.003002746 0.003444283 0.015073889 0.999880433 -0.004083914
0.999936819 -0.006673145 -0.009048479 0.004392451 0.006386442 0.999487996 -0.031352196 -0.012180341 0.009253064 0.031292427 0.999467432 -0.008514864
0.999869168 -0.012159565 -0.010668854 -0.001654712 0.011613653 0.998690724 -0.049819008 -0.012147994 0.011260663 0.049688585 0.998701274 -0.009417651
0.999741375 -0.018968640 -0.012544288 -0.004950410 0.018140877 0.997842431 -0.063098691 -0.020156892 0.013714119 0.062854804 0.997928441 -0.012851101
0.999584973 -0.023501540 -0.016659826 -0.006298944 0.022272570 0.997265518 -0.070465878 -0.022276575 0.018270325 0.070065573 0.997375071 -0.016863111
0.999510646 -0.027268235 -0.015326451 -0.016929008 0.026084498 0.997009277 -0.072746783 -0.026015757 0.017264290 0.072311401 0.997232676 -0.020882076
0.999405622 -0.028723491 -0.019060846 -0.011406489 0.027318539 0.997153759 -0.070271611 -0.033419274 0.021025039 0.069709137 0.997345746 -0.027021466
0.999496341 -0.025441799 -0.018967962 -0.012148526 0.024183948 0.997667789 -0.063828573 -0.033828065 0.020547638 0.063337699 0.997780621 -0.028915869
0.999518037 -0.024775507 -0.018704057 -0.016665611 0.023906743 0.998686254 -0.045323782 -0.051872276 0.019802403 0.044854783 0.998797238 -0.040787566
0.999486089 -0.026017429 -0.018725019 -0.020512801 0.025263658 0.998903155 -0.039424110 -0.053619917 0.019730195 0.038930785 0.999047101 -0.047620192
0.999520242 -0.025044398 -0.018222895 -0.024560194 0.024594391 0.999396920 -0.024513284 -0.065225966 0.018825825 0.024053341 0.999533415 -0.056433059
0.999512613 -0.025758846 -0.017634444 -0.029496171 0.025573039 0.999615908 -0.010682184 -0.068550095 0.017902832 0.010226011 0.999787450 -0.064497776
0.999568641 -0.023684915 -0.017365161 -0.033770438 0.023812871 0.999690533 0.007199254 -0.077709265 0.017189272 -0.007609663 0.999823272 -0.071766093
0.999783397 -0.015987355 -0.013324837 -0.040743899 0.016224254 0.999708772 0.017864387 -0.093454637 0.013035352 -0.018076703 0.999751627 -0.079954803
0.999946237 -0.005700034 -0.008661085 -0.044006005 0.005764329 0.999955893 0.007416812 -0.092980213 0.008618427 -0.007466339 0.999934971 -0.084300838
0.999975443 0.002116911 -0.006678955 -0.041481443 -0.002128403 0.999996245 -0.001714079 -0.108012117 0.006675302 0.001728252 0.999976218 -0.091458708
0.999823332 0.018663179 0.002232173 -0.056333177 -0.018628348 0.999718070 -0.014721714 -0.116412506 -0.002506298 0.014677532 0.999889135 -0.097893246
0.999603748 0.027959520 0.003258337 -0.055554047 -0.027873321 0.999322534 -0.024031222 -0.125772864 -0.003928031 0.023930877 0.999705911 -0.102466352
0.999220669 0.037833534 0.011252795 -0.074402548 -0.037525043 0.998945117 -0.026466809 -0.148528919 -0.012242259 0.026023921 0.999586344 -0.112128697
0.999045312 0.041276101 0.014309614 -0.086358868 -0.040870521 0.998784184 -0.027563076 -0.164639413 -0.015429913 0.026951920 0.999517620 -0.121929780
0.999106050 0.039448395 0.015198168 -0.099532835 -0.039110832 0.998994827 -0.021902293 -0.178846613 -0.016046902 0.021288298 0.999644578 -0.126212090
0.999314785 0.034049973 0.014509827 -0.115390584 -0.033855587 0.999336362 -0.013438373 -0.190548792 -0.014957774 0.012937927 0.999804437 -0.135487571
0.999402285 0.031265005 0.014749775 -0.131276920 -0.031168517 0.999491513 -0.006726927 -0.199775591 -0.014952593 0.006263177 0.999868572 -0.137820169
0.999554396 0.026418110 0.013894113 -0.150165394 -0.026401090 0.999650419 -0.001407097 -0.208730757 -0.013926430 0.001039651 0.999902487 -0.145499438
0.999771476 0.018103397 0.011370376 -0.170121938 -0.018159671 0.999823272 0.004865622 -0.217886850 -0.011280281 -0.005070993 0.999923527 -0.146676823
0.999904573 0.010612310 0.008842249 -0.191530943 -0.010654255 0.999932170 0.004710151 -0.228413701 -0.008791664 -0.004803909 0.999949813 -0.153710783
0.999981344 0.001838963 0.005821059 -0.213706881 -0.001846285 0.999997497 0.001252587 -0.240343079 -0.005818741 -0.001263311 0.999982297 -0.155096680
0.999980927 -0.005186525 0.003357255 -0.236632586 0.005203696 0.999973297 -0.005126475 -0.253680378 -0.003330577 0.005143847 0.999981225 -0.161654964
0.999948204 -0.010046334 0.001624059 -0.262020886 0.010063848 0.999887049 -0.011162389 -0.269891769 -0.001511734 0.011178154 0.999936402 -0.163182110
0.999926984 -0.012030556 0.001124500 -0.286101401 0.012048936 0.999763727 -0.018091790 -0.284827471 -0.000906580 0.018104021 0.999835670 -0.168844238
0.999901950 -0.014005056 0.000022683 -0.308049113 0.014001321 0.999595225 -0.024765147 -0.294759244 0.000324163 0.024763035 0.999693274 -0.166321993
0.999866784 -0.016301312 -0.000815310 -0.332487375 0.016272180 0.999477267 -0.027935807 -0.310508698 0.001270274 0.027918819 0.999609411 -0.172382087
0.999878824 -0.015564618 0.000160957 -0.357756913 0.015562707 0.999455035 -0.029111538 -0.325743884 0.000292241 0.029110517 0.999576151 -0.173950538
0.999813259 -0.019302865 -0.000906663 -0.382941544 0.019268094 0.999386311 -0.029252920 -0.341485620 0.001470772 0.029229987 0.999571621 -0.180123985
0.999762475 -0.021751450 -0.001364555 -0.408810645 0.021702496 0.999339938 -0.029132146 -0.356599957 0.001997321 0.029095612 0.999574661 -0.182924807
0.999666154 -0.025714263 -0.002522153 -0.434046924 0.025632884 0.999272466 -0.028240338 -0.371457547 0.003246498 0.028166261 0.999597967 -0.189263284
0.999648511 -0.026401740 -0.002403717 -0.459882945 0.026321065 0.999233127 -0.028988864 -0.385780275 0.003167230 0.028915405 0.999576867 -0.191805899
0.999615729 -0.027590910 -0.002671116 -0.485149950 0.027503500 0.999213696 -0.028558305 -0.399973691 0.003456965 0.028473867 0.999588549 -0.197753355
0.999662161 -0.025991406 -0.000228716 -0.515595496 0.025973015 0.999217272 -0.029837171 -0.410714269 0.001004047 0.029821148 0.999554753 -0.189167663
0.999661386 -0.026018528 0.000329528 -0.541353643 0.026016606 0.999204874 -0.030212067 -0.423776299 0.000456808 0.030210409 0.999543428 -0.195327550
0.999633312 -0.027076486 0.000213078 -0.567440748 0.027071390 0.999218643 -0.028796908 -0.436470866 0.000566807 0.028792117 0.999585271 -0.198857427
0.999618649 -0.027613202 0.000355514 -0.593007028 0.027612114 0.999212384 -0.028499503 -0.449588627 0.000431728 0.028498448 0.999593735 -0.205243185
0.999554813 -0.029832881 0.000384986 -0.618831158 0.029832702 0.999210000 -0.026256002 -0.461955667 0.000398610 0.026255798 0.999655187 -0.208857715
0.999591470 -0.028561829 0.001080904 -0.644374311 0.028580850 0.999204278 -0.027819861 -0.475378811 -0.000285458 0.027839389 0.999612391 -0.214766935
0.999581039 -0.028903693 0.001529224 -0.670442104 0.028934453 0.999216855 -0.026989596 -0.488193631 -0.000747927 0.027022535 0.999634564 -0.217073917
0.999540746 -0.030271212 0.001390227 -0.695904791 0.030297251 0.999197781 -0.026189756 -0.501127422 -0.000596316 0.026219849 0.999656022 -0.222487494
0.999548614 -0.030012129 0.001375913 -0.718148232 0.030037405 0.999226153 -0.025394127 -0.511006296 -0.000612717 0.025423992 0.999676585 -0.219045788
0.999533653 -0.030504340 0.001415842 -0.743310928 0.030530533 0.999208689 -0.025492081 -0.523431003 -0.000637103 0.025523419 0.999674022 -0.224202082
0.999547958 -0.030020971 0.001624048 -0.768733501 0.030052178 0.999236524 -0.024963537 -0.535506248 -0.000873379 0.025001058 0.999687016 -0.227883980
0.999501228 -0.031563431 0.001033641 -0.793789804 0.031579658 0.999160647 -0.026091808 -0.548467755 -0.000209226 0.026111437 0.999659002 -0.232809216
0.999371231 -0.035456605 -0.000082831 -0.818628013 0.035443231 0.999053180 -0.025230212 -0.559058487 0.000977330 0.025211411 0.999681652 -0.236826107
0.999253154 -0.038616206 -0.001365341 -0.843730211 0.038571429 0.998957574 -0.024413474 -0.571731150 0.002306673 0.024342578 0.999701023 -0.241977587
0.998986006 -0.044824310 -0.004209379 -0.868692875 0.044713341 0.998722672 -0.023531143 -0.583792388 0.005258769 0.023319066 0.999714255 -0.244880810
0.998563588 -0.053034887 -0.007618161 -0.893252015 0.052858949 0.998366416 -0.021689156 -0.596215963 0.008755999 0.021255312 0.999735713 -0.249265745
0.997958124 -0.062820978 -0.011537120 -0.913937926 0.062543936 0.997777581 -0.022981128 -0.605758965 0.012955176 0.022212626 0.999669313 -0.249586001
0.996792257 -0.078268856 -0.016708490 -0.937245965 0.077854052 0.996671498 -0.024180301 -0.617158234 0.018545438 0.022801913 0.999567986 -0.253702760
0.995117307 -0.096055776 -0.022689799 -0.959604084 0.095372722 0.995004952 -0.029481212 -0.629326463 0.025408303 0.027173275 0.999307752 -0.257355988
0.992794871 -0.116164520 -0.029397171 -0.979943514 0.115138844 0.992751241 -0.034466948 -0.641857862 0.033187915 0.030833852 0.998973370 -0.261588573
0.990335226 -0.134009823 -0.035741765 -0.997065425 0.132678077 0.990455210 -0.037350133 -0.653683066 0.040405903 0.032247007 0.998662829 -0.265733302
0.988398969 -0.146570787 -0.039805066 -1.012267947 0.144938037 0.988581896 -0.041216094 -0.665087759 0.045391645 0.034968678 0.998357058 -0.270550042
0.986124635 -0.159977674 -0.044332620 -1.024421215 0.158030540 0.986434221 -0.044428755 -0.676476717 0.050838824 0.036806379 0.998028398 -0.274189293
0.984579086 -0.168468535 -0.047142264 -1.033029437 0.166143715 0.984856129 -0.049544774 -0.687178671 0.054775085 0.040948354 0.997658730 -0.279522568
0.982910514 -0.177241325 -0.049724102 -1.036859989 0.174474716 0.983103275 -0.055375904 -0.695897698 0.058698826 0.045753963 0.997226655 -0.280937165
0.981806874 -0.182887420 -0.051063135 -1.037349343 0.179667994 0.981783152 -0.061815906 -0.706158817 0.061438277 0.051516872 0.996780515 -0.287302017
0.981044054 -0.186726943 -0.051823363 -1.034400940 0.183151826 0.980810046 -0.066835724 -0.715366006 0.063308910 0.056077242 0.996417224 -0.293632984
0.980016708 -0.191425085 -0.054071657 -1.027248383 0.187585354 0.979827285 -0.068922095 -0.724389911 0.066174299 0.057401754 0.996155620 -0.301524848
0.979133785 -0.195026100 -0.057113048 -1.016276360 0.191298127 0.979391217 -0.064790659 -0.731330931 0.068571888 0.052513104 0.996263146 -0.308938026
0.977760851 -0.200478598 -0.061579328 -1.000960588 0.196996585 0.978671968 -0.058253717 -0.738498330 0.071944587 0.044827286 0.996400774 -0.318023801
0.976139247 -0.207257077 -0.064781375 -0.987829864 0.204119280 0.977571249 -0.051862426 -0.747663379 0.074077271 0.037401825 0.996550858 -0.334095120
0.973498583 -0.217552930 -0.070507213 -0.964284062 0.214660883 0.975587070 -0.046374887 -0.754058659 0.078874916 0.030010745 0.996432662 -0.344161749
0.969827473 -0.231240034 -0.077218808 -0.936185598 0.228591502 0.972630680 -0.041658822 -0.760382056 0.084738575 0.022750307 0.996143460 -0.353784949
0.965769529 -0.245480314 -0.083836734 -0.902968407 0.243110910 0.969271481 -0.037548736 -0.766328692 0.090478033 0.015881803 0.995771825 -0.364249796
0.962624788 -0.255862892 -0.088812523 -0.864616275 0.253741503 0.966653109 -0.034598853 -0.772421598 0.094703458 0.010770292 0.995447278 -0.373734325
0.961480439 -0.259749681 -0.089919060 -0.820035279 0.257729083 0.965632796 -0.033600859 -0.777644038 0.095556602 0.009131812 0.995382130 -0.383245438
0.962029517 -0.258162320 -0.088608585 -0.770371199 0.256168604 0.966055751 -0.033376291 -0.782867610 0.094217338 0.009410238 0.995507181 -0.391819924
0.965590417 -0.246002600 -0.084367618 -0.714223444 0.244336113 0.969235599 -0.029701781 -0.786614180 0.089078814 0.008065700 0.995991945 -0.400394738
0.972082913 -0.222213641 -0.075338461 -0.653621018 0.220827147 0.974956512 -0.026365448 -0.790068388 0.079310484 0.008992624 0.996809423 -0.407662213
0.979655623 -0.190235719 -0.063915417 -0.587647021 0.189238951 0.981698751 -0.021358747 -0.792414725 0.066808879 0.008828933 0.997726738 -0.414753377
0.987355292 -0.150366277 -0.050194547 -0.525612831 0.149782568 0.988601863 -0.015216394 -0.795306504 0.051910453 0.007505720 0.998623550 -0.421957403
0.991615891 -0.122923717 -0.039846316 -0.454110235 0.122632951 0.992404997 -0.009670437 -0.798270583 0.040732406 0.004702887 0.999159038 -0.428638339
0.994314790 -0.101755857 -0.031366926 -0.381610692 0.101528808 0.994794071 -0.008752296 -0.802709639 0.032094229 0.005517891 0.999469638 -0.434612095
0.995883524 -0.086870477 -0.025875350 -0.307737380 0.086717948 0.996208608 -0.006961540 -0.806170046 0.026381997 0.004689025 0.999640942 -0.440288663
0.996166110 -0.084122255 -0.024012085 -0.234173626 0.084006593 0.996448398 -0.005787666 -0.811163187 0.024413675 0.003748304 0.999694943 -0.444417328
0.995521545 -0.091001399 -0.025605196 -0.159743756 0.090872638 0.995843530 -0.006150801 -0.815448463 0.026058501 0.003796444 0.999653220 -0.448937207
0.994819224 -0.097867817 -0.027507372 -0.085152850 0.097710714 0.995190203 -0.007001960 -0.819656849 0.028060336 0.004277920 0.999597073 -0.452537537
0.992992103 -0.113687709 -0.032276284 -0.009681197 0.113468409 0.993504822 -0.008552499 -0.823972464 0.033038955 0.004830226 0.999442399 -0.456588537
0.991674125 -0.123828240 -0.035341706 0.057513569 0.123508684 0.992281497 -0.011094644 -0.827313304 0.036442753 0.006637263 0.999313712 -0.464667469
0.990677118 -0.131141305 -0.036888499 0.135981724 0.130641639 0.991306067 -0.015655139 -0.831330657 0.038620826 0.010690015 0.999196768 -0.467356861
0.990087867 -0.135467112 -0.037076946 0.215406477 0.134667277 0.990617096 -0.023292016 -0.835027218 0.039884355 0.018068094 0.999040902 -0.469386309
0.991144896 -0.128412277 -0.033793982 0.297744811 0.127454877 0.991416991 -0.029113252 -0.838422418 0.037242424 0.024548244 0.999004722 -0.471504331
0.991843820 -0.123517580 -0.031452324 0.380387217 0.122416295 0.991867721 -0.034822952 -0.840835929 0.035497796 0.030688653 0.998898447 -0.473901749
0.993211567 -0.113252372 -0.026546028 0.465981364 0.111992791 0.992693365 -0.044916004 -0.844151795 0.031438909 0.041638128 0.998637974 -0.475786746
0.994344592 -0.104262814 -0.020201562 0.551063359 0.102911696 0.992927790 -0.059191357 -0.845357299 0.026230151 0.056777630 0.998042226 -0.478809178
0.995466650 -0.094434269 -0.011327263 0.638663173 0.093370833 0.992974818 -0.072683431 -0.848069429 0.018111492 0.071296297 0.997290730 -0.481295437
0.996037543 -0.088929042 -0.000892475 0.717512727 0.088542461 0.992547870 -0.083719641 -0.852058709 0.008330932 0.083308890 0.996488929 -0.483803988
0.996505916 -0.082600944 0.012370385 0.806277514 0.083385415 0.992372632 -0.090793446 -0.853241205 -0.004776409 0.091507718 0.995792925 -0.488491684
0.996541321 -0.078479625 0.027318545 0.894777060 0.080667160 0.992555618 -0.091248006 -0.851850510 -0.019954067 0.093136117 0.995453417 -0.494860172
0.996084511 -0.076778762 0.043825217 0.983558357 0.080399938 0.992877364 -0.087922879 -0.848973930 -0.036762454 0.091102161 0.995162785 -0.502273381
0.995129824 -0.077225566 0.061260462 1.070509315 0.082001716 0.993438959 -0.079716407 -0.845128238 -0.054702386 0.084351636 0.994933367 -0.511079550
0.993660808 -0.079670094 0.079315342 1.158606887 0.084988572 0.994186878 -0.066101357 -0.838774204 -0.073587976 0.072423220 0.994655550 -0.520616770
0.991489649 -0.085617468 0.098071270 1.243903041 0.091008425 0.994498074 -0.051875610 -0.831705153 -0.093090229 0.060359437 0.993826389 -0.530813992
0.988895118 -0.091259941 0.117295034 1.330359340 0.096040875 0.994734704 -0.035763774 -0.823133767 -0.113413639 0.046631735 0.992452919 -0.541412354
0.985841691 -0.095848985 0.137583196 1.408859015 0.099828042 0.994754732 -0.022302235 -0.820147932 -0.134723902 0.035721134 0.990239084 -0.540894508
0.981995344 -0.102948263 0.158388212 1.493245125 0.105961323 0.994312942 -0.010674594 -0.809889793 -0.156388506 0.027265424 0.987319231 -0.550575972
0.977413535 -0.108842328 0.181152225 1.576395392 0.112586156 0.993586659 -0.010482577 -0.798938930 -0.178849488 0.030641042 0.983399212 -0.557413280
0.972383082 -0.115650900 0.202721506 1.658981204 0.120238222 0.992690384 -0.010418586 -0.784400940 -0.200034767 0.034505725 0.979180992 -0.565782249
0.967449367 -0.120905831 0.222313866 1.739550948 0.125239670 0.992111564 -0.005447141 -0.767460465 -0.219901577 0.033112347 0.974959910 -0.570108056
0.962689638 -0.126473457 0.239234447 1.820381045 0.130390793 0.991462529 -0.000552533 -0.746423662 -0.237122118 0.031725883 0.970961690 -0.576658547
0.958382487 -0.130219802 0.254058599 1.893408775 0.133560285 0.991032064 0.004133552 -0.726532340 -0.252318501 0.029970609 0.967180014 -0.576016307
0.954464376 -0.136416227 0.265308112 1.972227454 0.138792664 0.990272343 0.009862407 -0.700221241 -0.264072686 0.027409494 0.964113235 -0.579995751
0.951181233 -0.137575954 0.276273727 2.072675943 0.138751388 0.990207672 0.015387142 -0.682423711 -0.275685251 0.023697393 0.960955799 -0.569817781
0.948379397 -0.141235054 0.283952743 2.148969173 0.142566174 0.989654601 0.016083967 -0.651912987 -0.283286780 0.025228355 0.958703399 -0.570900619
0.946158290 -0.144150257 0.289836496 2.221961260 0.143857986 0.989344060 0.022432575 -0.620283782 -0.289981693 0.020470528 0.956813216 -0.568293273
0.944332004 -0.149236977 0.293198496 2.296261549 0.146054745 0.988731027 0.032848246 -0.586437345 -0.294796616 0.011803375 0.955487132 -0.567348421
0.943097234 -0.150999859 0.296254307 2.368520975 0.143836781 0.988533497 0.045961715 -0.558333874 -0.299797505 -0.000734109 0.954002559 -0.559871256
0.942497969 -0.147195235 0.300051898 2.441662550 0.135186866 0.988970280 0.060517371 -0.527156889 -0.305650264 -0.016474426 0.952001333 -0.558019102
0.942245185 -0.143526345 0.302612305 2.509967327 0.127132267 0.989173353 0.073303945 -0.502493262 -0.309857070 -0.030598506 0.950290680 -0.552801907
0.942280531 -0.142203555 0.303126246 2.580682278 0.120204411 0.988648653 0.090137586 -0.477010697 -0.312503248 -0.048497785 0.948677897 -0.550704300
0.942658603 -0.137579054 0.304083556 2.647699118 0.110830612 0.988422155 0.103625320 -0.458300829 -0.314819604 -0.063981526 0.946992576 -0.544798613
0.943243504 -0.129770666 0.305698097 2.715966940 0.099929415 0.988739789 0.111389816 -0.442102641 -0.316711009 -0.074519485 0.945590317 -0.539566636
0.943672180 -0.127396345 0.305373490 2.781254053 0.096974596 0.988866806 0.112864397 -0.434161305 -0.316352248 -0.076893531 0.945520282 -0.530364156
0.944502592 -0.126901671 0.303003043 2.846623421 0.096598290 0.988882780 0.113046870 -0.426646411 -0.313980311 -0.077503487 0.946260810 -0.521143615
0.945196092 -0.126929834 0.300820827 2.911116838 0.097173423 0.988950312 0.111958213 -0.421559185 -0.311707675 -0.076590680 0.947086155 -0.504266977
0.945969880 -0.130521208 0.296825200 2.974171162 0.101006106 0.988475740 0.112754263 -0.416984349 -0.308121353 -0.076680981 0.948251665 -0.489518732
0.946637869 -0.128738850 0.295470893 3.034866810 0.099910937 0.988815069 0.110736594 -0.414568126 -0.306422174 -0.075306684 0.948912203 -0.470946193
0.947621167 -0.123434760 0.294580996 3.095813990 0.095246218 0.989550710 0.108247377 -0.412081122 -0.304864347 -0.074519776 0.949475944 -0.450574845
0.948462188 -0.114033088 0.295661926 3.153861046 0.087504253 0.990979612 0.101501003 -0.412088424 -0.304569423 -0.070398182 0.949885011 -0.427479327
0.949079156 -0.101065218 0.298386633 3.212060690 0.077264592 0.992890894 0.090542026 -0.413070142 -0.305416048 -0.062876828 0.950140834 -0.402005583
0.949510813 -0.084529459 0.302132308 3.267012835 0.063763127 0.994914889 0.077965304 -0.415423810 -0.307186306 -0.054764003 0.950072348 -0.374321193
0.949695885 -0.068100713 0.305679709 3.321252346 0.049436361 0.996432424 0.068399243 -0.419109792 -0.309247226 -0.049846787 0.949674428 -0.345594496
0.949271083 -0.050267663 0.310415089 3.373934984 0.032733414 0.997573674 0.061442941 -0.422059923 -0.312750518 -0.048165068 0.948613346 -0.309994042
0.948880672 -0.037871934 0.313354820 3.422484636 0.021797612 0.998267949 0.054644149 -0.427857220 -0.314881533 -0.045020390 0.948062658 -0.277825505
0.948803842 -0.028650584 0.314563781 3.466981173 0.013209837 0.998605728 0.051109165 -0.433418691 -0.315589517 -0.044337235 0.947859406 -0.243308693
0.948311627 -0.021791343 0.316591531 3.509005547 0.006789307 0.998804390 0.048412252 -0.441081256 -0.317267984 -0.043760467 0.947325766 -0.208221227
0.947811306 -0.013999283 0.318524361 3.546066284 -0.000714961 0.998939753 0.046031296 -0.448036730 -0.318831027 -0.043856718 0.946796358 -0.170749187
0.947762370 -0.009150192 0.318846047 3.580763340 -0.005023906 0.999036252 0.043603625 -0.457838595 -0.318937778 -0.042927723 0.946802974 -0.132787794
0.947238028 -0.004212358 0.320503324 3.614064217 -0.010104205 0.999024272 0.042992804 -0.468489945 -0.320371717 -0.043962847 0.946271241 -0.087969288
0.947362065 -0.003645894 0.320143461 3.641290188 -0.011111636 0.998958349 0.044257786 -0.480274320 -0.319971323 -0.045485463 0.946334720 -0.046964008
0.947080016 -0.001064015 0.320995808 3.664325237 -0.013976732 0.998909414 0.044548683 -0.492138237 -0.320693135 -0.046677642 0.946032286 -0.003996618
0.947759211 -0.006586322 0.318918645 3.683490276 -0.008644611 0.998889267 0.046319079 -0.506188571 -0.318869472 -0.046656262 0.946649611 0.039979026
0.949875832 -0.027761675 0.311392397 3.698117256 0.013859999 0.998809576 0.046768486 -0.521241009 -0.312320083 -0.040108360 0.949129879 0.085148267
0.951453745 -0.047983348 0.304028660 3.709482431 0.038183004 0.998544097 0.038102094 -0.539446414 -0.305414289 -0.024643654 0.951900601 0.131064534
0.952227712 -0.062843449 0.298852980 3.718656301 0.057841845 0.997998476 0.025561268 -0.557474494 -0.299861193 -0.007053940 0.953956783 0.179995030
0.952679098 -0.080518514 0.293119878 3.725974560 0.081229836 0.996647537 0.009766013 -0.577733099 -0.292923540 0.014506201 0.956025839 0.227010429
0.952557683 -0.099316284 0.287698150 3.730919838 0.106111839 0.994321346 -0.008082588 -0.602118731 -0.285261691 0.038227305 0.957687020 0.280500352
0.952135563 -0.111716598 0.284529984 3.736005306 0.125556290 0.991607845 -0.030814160 -0.622375190 -0.278699696 0.065063789 0.958171785 0.326984346
0.951680601 -0.113768198 0.285238177 3.739439011 0.134640992 0.989389002 -0.054600745 -0.642107964 -0.275999695 0.090367213 0.956900179 0.374859393
0.951318443 -0.106054440 0.289388448 3.743345737 0.133916825 0.987903476 -0.078185536 -0.660928130 -0.277595907 0.113133319 0.954013288 0.418061405
0.951036870 -0.098085567 0.293100864 3.744500875 0.131433591 0.986637235 -0.096292160 -0.681472898 -0.279739350 0.130100697 0.951220095 0.462477952
0.950538635 -0.089445025 0.297448903 3.746568918 0.126970261 0.985866845 -0.109293595 -0.698267281 -0.283469230 0.141654953 0.948461413 0.500763595
0.950194478 -0.081575841 0.300792038 3.745518208 0.123558119 0.984650373 -0.123276435 -0.714731097 -0.286118627 0.154301882 0.945688665 0.536485910
0.950019717 -0.077471167 0.302424788 3.744068384 0.124371707 0.982448041 -0.139023572 -0.731241465 -0.286346316 0.169688225 0.942980230 0.567743599
0.949594259 -0.070574284 0.305434138 3.739983082 0.122041941 0.980688155 -0.152828261 -0.746699154 -0.288749903 0.182400599 0.939868867 0.595114052
0.949416220 -0.068791687 0.306392729 3.734467745 0.124459118 0.978235900 -0.166025519 -0.761859894 -0.288303196 0.195760697 0.937314808 0.618147016
0.948831379 -0.065338410 0.308949739 3.726963997 0.125285938 0.975954354 -0.178371862 -0.776999712 -0.289866298 0.207951859 0.934202075 0.638591528
0.948548853 -0.065931842 0.309690237 3.717511415 0.128833607 0.973821163 -0.187281162 -0.790518939 -0.289235115 0.217543840 0.932211161 0.652128577
0.947921872 -0.067718476 0.311220795 3.701948643 0.132171601 0.972664833 -0.190928608 -0.809296727 -0.289784163 0.222119957 0.930960715 0.669630408
0.947379708 -0.073592499 0.311537892 3.688691378 0.137342051 0.972534657 -0.187918738 -0.819652319 -0.289151996 0.220817640 0.931466937 0.673002779
0.946907282 -0.081896238 0.310901225 3.672683954 0.142314613 0.973883808 -0.176909387 -0.829026461 -0.288293481 0.211762577 0.933832705 0.673801661
0.946548164 -0.094441213 0.308427304 3.656051636 0.148662567 0.976298273 -0.157293081 -0.835499644 -0.286262125 0.194737077 0.938153207 0.668545604
0.945983827 -0.103130020 0.307374030 3.636459112 0.150499225 0.979408383 -0.134570330 -0.840650141 -0.287166446 0.173560917 0.942025483 0.660787106
0.945570767 -0.109607503 0.306401879 3.618067026 0.151251361 0.981714308 -0.115585476 -0.844721794 -0.288130075 0.155637950 0.944858670 0.648445606
0.945080578 -0.110906146 0.307445228 3.595349550 0.149137333 0.983362496 -0.103712283 -0.850896716 -0.290827811 0.143868029 0.945897043 0.638518870
0.944753826 -0.107725024 0.309573144 3.575484037 0.144511938 0.984598160 -0.098401166 -0.854785621 -0.294204861 0.137701899 0.945770442 0.620772719
0.944552958 -0.109913319 0.309416801 3.552762270 0.145488381 0.984857321 -0.094282366 -0.858521104 -0.294368535 0.134071231 0.946241021 0.602867126
0.944384575 -0.111009479 0.309539497 3.530487776 0.143656641 0.985997975 -0.084680617 -0.859484673 -0.295804977 0.124438465 0.947108507 0.580737591
0.944236517 -0.114155449 0.308846176 3.506003380 0.143271223 0.986971200 -0.073220216 -0.859641373 -0.296463788 0.113385968 0.948289454 0.558013320
0.944348156 -0.116786748 0.307518214 3.481669426 0.141876131 0.988036633 -0.060454585 -0.858815491 -0.296778947 0.100719668 0.949619830 0.532888353
0.944577336 -0.116624840 0.306875110 3.456901073 0.138474673 0.989085793 -0.050339915 -0.857737184 -0.297654927 0.090044372 0.950417578 0.508630216
0.944757521 -0.119805768 0.305089891 3.431105852 0.139584586 0.989241898 -0.043779578 -0.855225146 -0.296562672 0.083946928 0.951316714 0.481374264
0.944964111 -0.121678047 0.303705871 3.404824257 0.139899462 0.989401639 -0.038891301 -0.852494061 -0.295754850 0.079239175 0.951971769 0.453766674
0.945183218 -0.122212879 0.302807957 3.377898932 0.140715837 0.989242733 -0.039972704 -0.849212885 -0.294665426 0.080391407 0.952212989 0.424501657
0.945264161 -0.119685367 0.303564012 3.350971699 0.139240906 0.989301264 -0.043531369 -0.846029937 -0.295106173 0.083417162 0.951816142 0.397375077
0.945652068 -0.113016218 0.304908991 3.323244572 0.132757083 0.990138531 -0.044735663 -0.840660453 -0.296846271 0.082783200 0.951330245 0.366921604
0.946226954 -0.105538040 0.305804253 3.294661045 0.125449851 0.991025984 -0.046150751 -0.834417939 -0.298189282 0.082032181 0.950975239 0.337251127
0.946435571 -0.096931972 0.307999879 3.265483379 0.115418904 0.992414236 -0.042337283 -0.827126980 -0.301559657 0.075618520 0.950443923 0.306095421
0.946781039 -0.093081169 0.308125913 3.234951973 0.109094195 0.993410945 -0.035117038 -0.819733739 -0.302826941 0.066862889 0.950697243 0.274931431
0.946987450 -0.087869808 0.309020579 3.203326702 0.100728989 0.994577408 -0.025874536 -0.811387718 -0.305071294 0.055630188 0.950703323 0.243000686
0.947297096 -0.086457007 0.308469355 3.170622349 0.096501715 0.995180249 -0.017426351 -0.803810596 -0.305476010 0.046275757 0.951074660 0.210370183
0.947582901 -0.086094454 0.307692111 3.136454821 0.094180703 0.995488703 -0.011498412 -0.796361983 -0.305314064 0.039874353 0.951416492 0.177959651
0.948117495 -0.095550403 0.303221643 3.100931168 0.101374164 0.994842291 -0.003486020 -0.790024638 -0.301324606 0.034043998 0.952913702 0.144863725
0.948373675 -0.109850623 0.297523558 3.063702822 0.113451861 0.993529916 0.005193273 -0.783599257 -0.296169043 0.028829435 0.954700351 0.112073161
0.949085355 -0.121816702 0.290512800 3.025367737 0.123020835 0.992302656 0.014187891 -0.777764142 -0.290004969 0.022273604 0.956765890 0.077958047
0.950570583 -0.130879834 0.281577677 2.986932039 0.130319044 0.991253853 0.020803101 -0.771936178 -0.281837672 0.016920112 0.959312916 0.045699224
0.952768147 -0.138197795 0.270433486 2.948989630 0.135652915 0.990355730 0.028174076 -0.763352096 -0.271718979 0.009841726 0.962326348 0.016894028
0.956192672 -0.141632691 0.256194741 2.910286903 0.136416391 0.989918172 0.038113292 -0.755307078 -0.259009928 -0.001494493 0.965873480 -0.013699509
0.960378289 -0.140897200 0.240460962 2.872009039 0.133534625 0.989941895 0.046728052 -0.744986236 -0.244626224 -0.012766745 0.969533384 -0.042394236
0.964841127 -0.139997542 0.222446159 2.833983421 0.131208718 0.989889205 0.053884864 -0.732846618 -0.227740809 -0.022803463 0.973454714 -0.068835661
0.969688594 -0.134392187 0.204065681 2.796458244 0.124291755 0.990332305 0.061591133 -0.717726350 -0.210370213 -0.034360535 0.977017760 -0.091969527
0.974365354 -0.126910076 0.185757831 2.759232044 0.116627134 0.991025448 0.065319829 -0.701917887 -0.192380473 -0.041980974 0.980422020 -0.113108464
0.979314625 -0.110710874 0.169369414 2.723584890 0.100718632 0.992688775 0.066518597 -0.686153233 -0.175495461 -0.048083983 0.983305275 -0.130759954
0.983865023 -0.098493740 0.149360761 2.687449217 0.090040565 0.993984163 0.062355403 -0.672265828 -0.154603854 -0.047900770 0.986814678 -0.148356542
0.988166809 -0.080588900 0.130505770 2.652567148 0.073430471 0.995567083 0.058772072 -0.658066511 -0.134663612 -0.048493512 0.989704013 -0.164723232
0.991804779 -0.062471095 0.111447938 2.616912365 0.056697261 0.996916533 0.054248232 -0.645531535 -0.114493243 -0.047484864 0.992288530 -0.178945184
0.994524300 -0.043704700 0.094927825 2.582558155 0.039062325 0.997973740 0.050224610 -0.633688450 -0.096930526 -0.046241492 0.994216383 -0.191338629
0.996346891 -0.035021354 0.077887028 2.546656370 0.031190550 0.998268664 0.049868524 -0.623651505 -0.079498634 -0.047257014 0.995714188 -0.202852100
0.997614443 -0.031365868 0.061494898 2.511662245 0.027921513 0.998035133 0.056091394 -0.613991618 -0.063133426 -0.054240551 0.996530056 -0.212634996
0.998440742 -0.030073756 0.047028251 2.475233078 0.027089657 0.997655153 0.062852047 -0.605791569 -0.048808172 -0.061480068 0.996914208 -0.220371485
0.999068439 -0.029596876 0.031406019 2.439542770 0.027226761 0.996932089 0.073383324 -0.602850437 -0.033481587 -0.072459869 0.996809185 -0.223886698
0.999472499 -0.029165048 0.014288411 2.402251005 0.027928833 0.996389091 0.080179475 -0.599403441 -0.016575254 -0.079738118 0.996678054 -0.228364855
0.999675572 -0.025262224 -0.003245031 2.366407871 0.025446264 0.996087551 0.084629320 -0.600588858 0.001094411 -0.084684439 0.996407211 -0.230847031
0.999511778 -0.021007434 -0.023126582 2.328778028 0.022939373 0.995968997 0.086715028 -0.605465412 0.021211701 -0.087203205 0.995964706 -0.232377544
0.998951077 -0.012883525 -0.043939915 2.292633533 0.016598066 0.996221483 0.085248530 -0.618696094 0.042675581 -0.085888430 0.995390356 -0.231636599
0.997750401 -0.004604581 -0.066879660 2.255167723 0.010299226 0.996323109 0.085054375 -0.632194936 0.066242114 -0.085551850 0.994129181 -0.229767919
0.995838523 0.006172802 -0.090926141 2.219698191 0.001135238 0.996785939 0.080103211 -0.653496981 0.091128364 -0.079873092 0.992630780 -0.226916850
0.993123770 0.017522749 -0.115750439 2.182343006 -0.009297287 0.997417092 0.071223333 -0.675081074 0.116699494 -0.069657415 0.990721464 -0.222461134
0.989076257 0.018489702 -0.146240652 2.147538662 -0.010019258 0.998240232 0.058447190 -0.702938557 0.147063971 -0.056343503 0.987520933 -0.215714246
0.983814955 0.022470256 -0.177773029 2.110191822 -0.014429303 0.998818934 0.046395980 -0.733130157 0.178605586 -0.043079920 0.982977211 -0.209145769
0.976910055 0.024693783 -0.212219015 2.075159550 -0.018376954 0.999328911 0.031686988 -0.767804980 0.212859049 -0.027055398 0.976708233 -0.200242460
0.968470335 0.032120347 -0.247049630 2.038902283 -0.028329125 0.999420226 0.018886114 -0.802473903 0.247513026 -0.011291942 0.968818784 -0.191464454
0.958025098 0.044373274 -0.283229411 2.006604195 -0.044048920 0.999001086 0.007516786 -0.849362314 0.283280015 0.005274679 0.959022760 -0.187572271
0.945681930 0.050342198 -0.321171761 1.971687198 -0.053770002 0.998551726 -0.001805994 -0.884502232 0.320615709 0.018977299 0.947019219 -0.177439854
0.931470454 0.057959717 -0.359170586 1.938782811 -0.064695425 0.997882247 -0.006751407 -0.920233190 0.358018607 0.029525429 0.933247507 -0.166942120
0.915504992 0.066342011 -0.396798849 1.906159878 -0.076482594 0.997023046 -0.009767356 -0.954405785 0.394969642 0.039290268 0.917853594 -0.155563936
0.898051560 0.082525149 -0.432079822 1.875342488 -0.095650017 0.995377064 -0.008690542 -0.988058984 0.429365188 0.049132995 0.901793480 -0.144270867
0.878928959 0.098790742 -0.466609359 1.845946312 -0.114636190 0.993391693 -0.005613182 -1.019805789 0.462971330 0.058423903 0.884445667 -0.132950723
0.858137429 0.122217648 -0.498661250 1.821067572 -0.142394349 0.989806950 -0.002450634 -1.060765505 0.493278891 0.073109522 0.866793513 -0.130051136
0.836600125 0.140780374 -0.529415846 1.792745113 -0.168340638 0.985721171 -0.003897898 -1.091057777 0.521307707 0.092383191 0.848353505 -0.117069989
0.814176857 0.158515945 -0.558559597 1.767623305 -0.194235697 0.980943441 -0.004739016 -1.119521260 0.547164142 0.112350591 0.829450905 -0.105720937
0.791714668 0.168300405 -0.587250233 1.739321470 -0.211640105 0.977333665 -0.005232722 -1.145560145 0.573058724 0.128428519 0.809388518 -0.091734946
0.769310415 0.180272549 -0.612913847 1.715863585 -0.230739743 0.973009467 -0.003432110 -1.173786640 0.595752239 0.144063920 0.790142298 -0.083865985
0.747261882 0.194346577 -0.635475516 1.688210368 -0.254035801 0.967190385 -0.002928726 -1.192858458 0.614056587 0.163622051 0.772115469 -0.068481416
0.724208891 0.206414700 -0.657962441 1.664906502 -0.276897252 0.960893810 -0.003326699 -1.211994886 0.631545305 0.184597179 0.753043473 -0.057494357
0.700673938 0.216150224 -0.679952323 1.637486935 -0.297645032 0.954671144 -0.003235176 -1.224191427 0.648431599 0.204651222 0.733249187 -0.043501720
0.675540090 0.220931783 -0.703444958 1.611441255 -0.313603163 0.949549615 -0.002936728 -1.235397100 0.667307019 0.222586393 0.710743785 -0.030973166
0.647870302 0.219924852 -0.729312778 1.583895922 -0.319006592 0.947749436 0.002411552 -1.241078734 0.691736102 0.231093228 0.684176207 -0.019661859
0.617465615 0.216351449 -0.756259501 1.559391022 -0.316827595 0.948398948 0.012637652 -1.245611310 0.719969928 0.231800526 0.654149771 -0.010603756
0.584136486 0.215477124 -0.782530606 1.530895472 -0.315485239 0.948582411 0.025700405 -1.244835019 0.747832596 0.231864288 0.622081459 -0.000739485
0.547772288 0.213908106 -0.808819413 1.510962248 -0.316442341 0.947913766 0.036383979 -1.245605588 0.774473906 0.236014545 0.586930513 0.000912547
0.509819269 0.210739851 -0.834070206 1.483288050 -0.319496870 0.946571052 0.043874688 -1.238080263 0.798752904 0.244114637 0.549910903 0.010182112
0.469596803 0.207463443 -0.858159602 1.462444544 -0.323453903 0.944845676 0.051421672 -1.227217674 0.821496546 0.253427565 0.510801375 0.016225904
0.428325951 0.202838778 -0.880564213 1.436959624 -0.332100868 0.941617846 0.055361278 -1.213703156 0.840384364 0.268723458 0.470682323 0.024862945
0.387206972 0.197206154 -0.900655687 1.417914629 -0.341871381 0.937930942 0.058391638 -1.196973801 0.856267989 0.285298705 0.430592537 0.031403899
0.346798539 0.188162297 -0.918872058 1.395759463 -0.350695938 0.934627116 0.059029683 -1.177954435 0.869909942 0.301773250 0.390115082 0.039692104
0.309739947 0.180679858 -0.933496654 1.379230261 -0.364795506 0.929228365 0.058812320 -1.154587388 0.878057778 0.322318822 0.353730381 0.046876609
0.273997724 0.176642999 -0.945369124 1.361735344 -0.377627134 0.923800826 0.063164711 -1.132618427 0.884490371 0.339690000 0.319824517 0.055146813
0.239963591 0.187695622 -0.952464104 1.355046391 -0.392900229 0.915961087 0.081515014 -1.114847660 0.887720108 0.354662716 0.293542981 0.056403518
0.206728101 0.202208996 -0.957274795 1.343670964 -0.403405190 0.908989489 0.104892224 -1.090069652 0.891362906 0.364485443 0.269485772 0.061776042
0.174446344 0.217725784 -0.960293710 1.337247729 -0.413727671 0.901190877 0.129167974 -1.064234495 0.893531144 0.374767184 0.247288644 0.064130187
0.142120779 0.229006916 -0.962994099 1.330639243 -0.420869738 0.894530296 0.150612831 -1.039727926 0.895918846 0.383889794 0.223513424 0.064954340
0.109516501 0.242723793 -0.963893890 1.331222296 -0.424799114 0.888136804 0.175381780 -1.015830994 0.898638964 0.390254021 0.200374424 0.061741829
0.077534199 0.253650755 -0.964183509 1.327888250 -0.429703146 0.881161451 0.197255582 -0.990356803 0.899635375 0.399018615 0.177314639 0.058441162
0.043750405 0.262715071 -0.963881195 1.329099655 -0.425415784 0.877860546 0.219959766 -0.965867162 0.903940022 0.400426894 0.150169849 0.052202582
0.008481026 0.269830942 -0.962870359 1.327398539 -0.411645830 0.878473282 0.242554069 -0.941010177 0.911304474 0.394304454 0.118525147 0.043995857
-0.027856469 0.275395066 -0.960927546 1.328824520 -0.393984705 0.880459785 0.263754815 -0.916148484 0.918694913 0.385937959 0.083974957 0.034594178
-0.066007853 0.282307804 -0.957050383 1.328187943 -0.378685772 0.880297542 0.285785466 -0.891632915 0.923168600 0.381285399 0.048799336 0.024164557
-0.106499434 0.285464436 -0.952453732 1.330512047 -0.366370827 0.879238427 0.304486811 -0.867229700 0.924354076 0.381378889 0.010947406 0.013735294
-0.150060654 0.292003334 -0.944571912 1.330914974 -0.355614007 0.875507236 0.327147901 -0.842726707 0.922507823 0.384994924 -0.027538657 0.002776861
-0.195382595 0.303526700 -0.932575762 1.340266585 -0.349417031 0.866957784 0.355375767 -0.819614053 0.916369855 0.395291984 -0.063331008 -0.007158279
-0.241530418 0.316713721 -0.917254508 1.340386748 -0.343177468 0.856279135 0.386024982 -0.795457602 0.907685339 0.408017725 -0.098128557 -0.016361117
-0.288424969 0.327335417 -0.899812520 1.343489408 -0.342564523 0.842270970 0.416208118 -0.769298911 0.894125640 0.428288668 -0.130798459 -0.024946213
-0.335870504 0.332929909 -0.881106794 1.341646910 -0.342543542 0.828222334 0.443521976 -0.745859385 0.877414048 0.450783253 -0.164132476 -0.033567786
-0.383469939 0.329645038 -0.862719774 1.345581412 -0.344123483 0.815863132 0.464700401 -0.724728227 0.857047439 0.475080609 -0.199420452 -0.042097330
-0.430176377 0.312951118 -0.846764266 1.340218067 -0.351612180 0.805831194 0.476450294 -0.703588367 0.831454694 0.502690375 -0.236612082 -0.051639915
-0.475254655 0.285836309 -0.832124293 1.337201118 -0.361556441 0.798770785 0.480876505 -0.682395279 0.802128494 0.529398620 -0.276273608 -0.061378479
-0.519252062 0.256163090 -0.815326810 1.329596043 -0.371513039 0.791504741 0.485281765 -0.661733449 0.769646287 0.554888070 -0.315822482 -0.072655797
-0.561451077 0.233417779 -0.793907285 1.324137449 -0.372624904 0.785308540 0.494409889 -0.640270710 0.738866210 0.573416591 -0.353935003 -0.085222721
-0.602303505 0.211931199 -0.769620419 1.316803694 -0.373350352 0.777379751 0.506251156 -0.618592441 0.705577731 0.592254937 -0.389093876 -0.099242568
-0.640872836 0.192011625 -0.743245363 1.318043232 -0.371163517 0.770007789 0.518965960 -0.598823667 0.671952248 0.608456731 -0.422209382 -0.111565709
-0.677456498 0.172834441 -0.714969397 1.311720848 -0.364700317 0.765192986 0.530540645 -0.576569319 0.638785243 0.620167673 -0.455352187 -0.128561616
-0.711796403 0.152961671 -0.685528457 1.312245369 -0.355032980 0.763784051 0.539059877 -0.560793400 0.606051266 0.627085924 -0.489352465 -0.146336794
-0.743767262 0.131250560 -0.655426562 1.307136059 -0.346783370 0.762490213 0.546214223 -0.539354920 0.571447313 0.633547187 -0.521599770 -0.167245626
-0.774568796 0.116802968 -0.621611059 1.307748795 -0.330435067 0.763283312 0.555167794 -0.521264613 0.539310634 0.635417700 -0.552619696 -0.188375354
-0.804147601 0.107657179 -0.584599674 1.306180239 -0.307319820 0.766534925 0.563896000 -0.504554152 0.508823574 0.633114636 -0.583322048 -0.213770986
-0.831949472 0.101083353 -0.545566320 1.312959433 -0.281030536 0.771045089 0.571411729 -0.494321764 0.478416443 0.628706336 -0.613063097 -0.238544822
-0.858008265 0.095009282 -0.504772604 1.314982533 -0.255839765 0.773106515 0.580389857 -0.483799696 0.445385426 0.627120137 -0.639024615 -0.266592145
