0.997871339 -0.006506281 0.064887911 -21.428560257 0.011054382 0.997487068 -0.069980979 -59.522228241 -0.064269543 0.070549309 0.995435715 -53.433197021
0.997919202 -0.008729532 0.063883625 -21.432386398 0.011108639 0.999254227 -0.036981326 -59.385257721 -0.063513152 0.037614036 0.997271895 -53.382640839
0.998193741 -0.007627756 0.059591327 -21.434360504 0.006244448 0.999707520 0.023365090 -59.332786560 -0.059752118 -0.022950770 0.997949362 -53.373744965
0.998508990 -0.007894405 0.054014061 -21.432725906 0.005470240 0.998977304 0.044881791 -59.342140198 -0.054313134 -0.044519402 0.997530997 -53.400653839
0.996947587 0.021621000 0.075020254 -21.448238373 -0.023690347 0.999359965 0.026804402 -59.492343903 -0.074392691 -0.028499842 0.996821702 -53.460613251
0.995145440 0.027970860 0.094356641 -21.444013596 -0.023296675 0.998463392 -0.050280504 -59.598548889 -0.095618039 0.047838219 0.994267941 -53.459083557
0.995323300 0.018828744 0.094746888 -21.446685791 -0.008494824 0.994080663 -0.108311668 -59.713382721 -0.096225426 0.107000276 0.989591658 -53.498931885
0.994814336 0.023649281 0.098919645 -21.442193985 -0.008187229 0.988055229 -0.153882712 -59.756584167 -0.101377279 0.152274847 0.983125150 -53.514705658
0.994301796 0.025646854 0.103470936 -21.437515259 -0.013615374 0.993231475 -0.115350977 -59.680217743 -0.105728984 0.113284886 0.987921000 -53.484439850
0.996011376 0.015258304 0.087912038 -21.427537918 -0.008543224 0.997051358 -0.076259919 -59.499732971 -0.088816419 0.075204693 0.993204832 -53.426631927
0.995327294 0.008071357 0.096220762 -21.427429199 -0.003578001 0.998898804 -0.046779800 -59.439647675 -0.096492380 0.046216931 0.994260132 -53.405982971
0.995684087 0.008118563 0.092451558 -21.430740356 -0.009491126 0.999851048 0.014416293 -59.369590759 -0.092320740 -0.015231543 0.995612800 -53.383296967
0.996638358 -0.008965325 0.081434824 -21.439393997 0.008544307 0.999948263 0.005517021 -59.311061859 -0.081480078 -0.004802671 0.996663392 -53.359668732
0.996165097 0.010175630 0.086899899 -21.440881729 -0.008193462 0.999698758 -0.023136081 -59.477329254 -0.087109141 0.022335345 0.995948374 -53.421661377
0.994310558 0.018730134 0.104860105 -21.444005966 -0.013655219 0.998709977 -0.048907459 -59.602760315 -0.105640881 0.047197320 0.993283629 -53.466102600
0.991562307 0.000562705 0.129629582 -21.436386108 0.011638935 0.995565295 -0.093350142 -59.725387573 -0.129107237 0.094071239 0.987158537 -53.507503510
0.990377963 0.008096412 0.138151765 -21.431856155 0.011694845 0.989819646 -0.141846210 -59.786575317 -0.137893766 0.142097026 0.980200887 -53.534915924
0.986697137 0.056063749 0.152596131 -21.510032654 -0.047528796 0.997124791 -0.059018690 -60.305133820 -0.155466184 0.050980862 0.986524820 -53.655986786
0.997555971 0.064837068 -0.026042677 -21.428546906 0.000954401 -0.385330319 -0.922778368 -59.522197723 -0.069865271 0.920498252 -0.384450555 -53.433231354
0.995991468 0.088569559 0.012506567 -21.407873154 0.051594026 -0.454632401 -0.889183819 -59.253242493 -0.073068716 0.886264741 -0.457379699 -53.728454590
0.996998608 0.071218655 0.030359784 -21.437679291 0.062320322 -0.505601883 -0.860513270 -59.152145386 -0.045934629 0.859822571 -0.508522749 -53.825332642
0.994533479 0.027215350 0.100809261 -21.496887207 0.098258957 -0.570598602 -0.815329731 -59.527557373 0.035332132 0.820778072 -0.570153594 -53.824554443
0.997555971 0.064837068 -0.026042677 -21.428546906 0.000954401 -0.385330319 -0.922778368 -59.522197723 -0.069865271 0.920498252 -0.384450555 -53.433231354
0.995298147 0.061619110 -0.074731119 -21.425270081 -0.049703419 -0.337296724 -0.940085471 -59.554157257 -0.083133779 0.939379752 -0.332648039 -53.359695435
0.993863344 0.042514041 -0.102118365 -21.424711227 -0.086985931 -0.269898176 -0.958951712 -59.545768738 -0.068330474 0.961949825 -0.264543772 -53.329311371
0.997199059 0.035875823 -0.065627500 -21.424789429 -0.058191504 -0.179088473 -0.982110620 -59.534069061 -0.046987146 0.983178735 -0.176499248 -53.324028015
0.998659670 0.022973033 -0.046379518 -21.431024551 -0.043792956 -0.102554560 -0.993763030 -59.516494751 -0.027586173 0.994462192 -0.101410985 -53.321514130
0.998914540 0.017189462 -0.043293372 -21.429901123 -0.042559117 -0.041001320 -0.998252332 -59.501155853 -0.018934505 0.999011219 -0.040225267 -53.312793732
0.998907268 0.019776072 -0.042345636 -21.428028107 -0.041874647 -0.023652196 -0.998842895 -59.496341705 -0.020754755 0.999524653 -0.022798181 -53.310287476
0.998519599 0.022934901 -0.049321078 -21.412101746 -0.049175270 -0.006879091 -0.998766661 -59.484493256 -0.023245888 0.999713421 -0.005741119 -53.312126160
0.998072684 0.021307789 -0.058282547 -21.403764725 -0.057811968 -0.022071958 -0.998083532 -59.485561371 -0.022553353 0.999529302 -0.020797610 -53.317070007
0.996824384 0.035217717 -0.071420655 -21.397245407 -0.069866724 -0.043540120 -0.996605694 -59.493198395 -0.038207836 0.998430789 -0.040941238 -53.322551727
0.996239662 0.043044105 -0.075191356 -21.395544052 -0.073616102 -0.037082911 -0.996596932 -59.497470856 -0.045685939 0.998384714 -0.033774614 -53.326858521
0.996158123 0.045150265 -0.075036481 -21.377304077 -0.073822059 -0.027991295 -0.996878564 -59.508720398 -0.047109690 0.998588026 -0.024550676 -53.334342957
0.996627510 0.041209258 -0.070960730 -21.357915878 -0.070042960 -0.023305297 -0.997271895 -59.516536713 -0.042750582 0.998878837 -0.020340323 -53.341247559
0.997835696 0.017077358 -0.063500710 -21.280826569 -0.063127823 -0.021553993 -0.997772694 -59.531932831 -0.018408014 0.999621868 -0.020429373 -53.357555389
0.998186290 0.011432238 -0.059104871 -21.262245178 -0.058767192 -0.027908087 -0.997881591 -59.535392761 -0.013057526 0.999545157 -0.027185678 -53.362129211
0.999014139 -0.025265951 -0.036501300 -21.251451492 -0.037583817 -0.043785810 -0.998333931 -59.537124634 0.023625620 0.998721600 -0.044692278 -53.371185303
0.997555971 0.064837068 -0.026042677 -21.428546906 0.000954401 -0.385330319 -0.922778368 -59.522197723 -0.069865271 0.920498252 -0.384450555 -53.433231354
0.996374130 0.073025674 -0.043655418 -21.488048553 -0.012822371 -0.378362894 -0.925568461 -59.514106750 -0.084107853 0.922772288 -0.376054645 -53.412776947
0.991431594 0.095210604 -0.089433730 -21.594326019 -0.050568990 -0.351518154 -0.934814453 -59.433071136 -0.120441809 0.931327105 -0.343691468 -53.558982849
0.997555971 0.064837068 -0.026042677 -21.428546906 0.000954401 -0.385330319 -0.922778368 -59.522197723 -0.069865271 0.920498252 -0.384450555 -53.433231354
0.997898757 0.064648576 -0.004320528 -21.386707306 0.021312589 -0.390484452 -0.920362830 -59.514892578 -0.061187241 0.918336868 -0.391041756 -53.436462402
0.998096585 0.060466357 0.012126694 -21.352390289 0.035160266 -0.396389246 -0.917409241 -59.510517120 -0.050665498 0.916089356 -0.397760749 -53.439239502
0.998110771 0.058683682 0.018196609 -21.332229614 0.040013481 -0.396117568 -0.917327702 -59.509109497 -0.046624165 0.916322768 -0.397717357 -53.441226959
0.998421311 0.050333779 0.024926715 -21.289012909 0.042578410 -0.388810635 -0.920333207 -59.506797791 -0.036632080 0.919941604 -0.390339971 -53.445110321
0.998283684 0.043079529 0.039671782 -21.248203278 0.053123664 -0.381009221 -0.923043728 -59.507572174 -0.024648977 0.923567057 -0.382643819 -53.448490143
0.998169482 0.041318219 0.044164736 -21.201198578 0.056544196 -0.378463984 -0.923887491 -59.508285522 -0.021458630 0.924693584 -0.380107522 -53.453983307
0.998045206 0.029211782 0.055249110 -21.121040344 0.062225975 -0.382342696 -0.921923161 -59.510818481 -0.005806934 0.923558950 -0.383412957 -53.466194153
0.997839332 0.024357308 0.061019376 -21.083473206 0.065698788 -0.377817273 -0.923546433 -59.513851166 0.000559065 0.925559878 -0.378601193 -53.471153259
0.997461796 0.018920310 0.068644054 -21.053819656 0.070726231 -0.374738932 -0.924428701 -59.518905640 0.008233123 0.926937222 -0.375125885 -53.474079132
0.996228993 0.013472714 0.085710406 -21.037664413 0.084458448 -0.376751065 -0.922456384 -59.528427124 0.019863483 0.926216722 -0.376468182 -53.477096558
0.993620396 0.006864868 0.112567350 -21.020214081 0.106074877 -0.395842075 -0.912171781 -59.538269043 0.038296949 0.918293059 -0.394044876 -53.482345581
0.986605048 0.011906207 0.162692159 -21.004684448 0.149154454 -0.469699264 -0.870135367 -59.553474426 0.066056371 0.882746160 -0.465183496 -53.496517181
0.971472204 -0.044181533 0.233001679 -20.966125488 0.185332388 -0.471561551 -0.862138033 -59.579277039 0.147965163 0.880725861 -0.449920654 -53.545841217
0.972649157 -0.059746165 0.224463835 -20.949745178 0.175032049 -0.446758628 -0.877365828 -59.604671478 0.152700350 0.892657518 -0.424081922 -53.592945099
-0.856668234 -0.508630157 -0.086111411 -20.081951141 0.358602941 -0.707150698 0.609378397 -61.445289612 -0.370841920 0.491155207 0.788189590 -55.182266235
0.997555971 0.064837068 -0.026042677 -21.428546906 0.000954401 -0.385330319 -0.922778368 -59.522197723 -0.069865271 0.920498252 -0.384450555 -53.433231354
0.996835351 0.069114625 -0.039274700 -21.470609665 -0.010366280 -0.376821160 -0.926228046 -59.507106781 -0.078815445 0.923703909 -0.374912262 -53.395462036
0.996877491 0.070032865 -0.036477700 -21.498294830 -0.009401722 -0.353402138 -0.935424387 -59.498218536 -0.078401737 0.932846487 -0.351640224 -53.341087341
0.997555971 0.064837068 -0.026042677 -21.428546906 0.000954401 -0.385330319 -0.922778368 -59.522197723 -0.069865271 0.920498252 -0.384450555 -53.433231354
0.998943031 0.034012474 0.030917974 -21.373920441 0.041686952 -0.387018085 -0.921129405 -59.526870728 -0.019364072 0.921444714 -0.388026834 -53.453079224
-0.207774520 0.164876074 0.964181304 -21.844593048 0.159406781 0.978222966 -0.132926136 -59.944915771 -0.965100646 0.126078367 -0.229532242 -53.595569611
0.997555971 0.064837068 -0.026042677 -21.428546906 0.000954401 -0.385330319 -0.922778368 -59.522197723 -0.069865271 0.920498252 -0.384450555 -53.433231354
0.975900054 0.135193974 -0.171294093 -21.578449249 -0.110425673 -0.371094823 -0.922006071 -59.514904022 -0.188215971 0.918700993 -0.347222567 -53.396827698
0.928171515 0.205920398 -0.309990972 -21.721147537 -0.221153647 -0.364739776 -0.904464722 -59.490406036 -0.299313694 0.908053994 -0.293001056 -53.343116760
0.997555971 0.064837068 -0.026042677 -21.428546906 0.000954401 -0.385330319 -0.922778368 -59.522197723 -0.069865271 0.920498252 -0.384450555 -53.433231354
0.996287525 0.012182944 0.085221685 -21.339021683 0.083584785 -0.373880625 -0.923702836 -59.496360779 0.020609312 0.927396894 -0.373510957 -53.383377075
0.990746796 -0.014706358 0.134924218 -21.231821060 0.118989795 -0.384073019 -0.915603459 -59.454345703 0.065285921 0.923185766 -0.378769159 -53.308731079
0.997555971 0.064837068 -0.026042677 -21.428546906 0.000954401 -0.385330319 -0.922778368 -59.522197723 -0.069865271 0.920498252 -0.384450555 -53.433231354
0.996771455 0.075349562 -0.027733363 -21.457460403 0.003833465 -0.389676690 -0.920943916 -59.498279572 -0.080199756 0.917864263 -0.388707399 -53.406631470
0.995622993 0.087434828 -0.033016168 -21.489250183 0.003669553 -0.389560819 -0.920993686 -59.483386993 -0.093388714 0.916841269 -0.388176560 -53.387985229
0.994158030 0.104968317 -0.025129285 -21.486419678 0.018639140 -0.396285176 -0.917938292 -59.521080017 -0.106312796 0.912107289 -0.395926595 -53.440807343
0.993709922 0.108520798 -0.027638000 -21.479005814 0.015324719 -0.376258254 -0.926388144 -59.556785583 -0.110931396 0.920137525 -0.375554562 -53.489089966
0.993809760 0.090591714 -0.064306736 -21.449222565 -0.023753189 -0.392187595 -0.919578493 -59.574462891 -0.108526498 0.915413558 -0.387608051 -53.521598816
0.997555971 0.064837068 -0.026042677 -21.428546906 0.000954401 -0.385330319 -0.922778368 -59.522197723 -0.069865271 0.920498252 -0.384450555 -53.433231354
0.995565534 0.083545908 -0.043236494 -21.451192856 -0.006942108 -0.393113971 -0.919463694 -59.510940552 -0.093814284 0.915686548 -0.390790701 -53.410278320
0.993785977 0.099624552 -0.049642637 -21.480014801 -0.009226009 -0.370733023 -0.928693593 -59.475341797 -0.110924855 0.923380673 -0.367510200 -53.336700439
0.994376481 0.098086193 -0.039931148 -21.483285904 -0.004446860 -0.338050365 -0.941117644 -59.459640503 -0.105809376 0.936002851 -0.335713148 -53.295921326
0.994366348 0.105890580 -0.004764553 -21.469245911 0.026737921 -0.294071436 -0.955409467 -59.460788727 -0.102569982 0.949899614 -0.295246124 -53.242229462
0.873211622 0.460398436 0.159795880 -21.453662872 0.301393211 -0.252508640 -0.919457257 -59.532482147 -0.382966816 0.851042211 -0.359254360 -53.188415527
0.998503327 0.003584953 0.054573383 -21.425443649 -0.009037734 0.994946301 0.100000612 -59.531208038 -0.053939093 -0.100344159 0.993489623 -53.419937134
0.999056101 0.000239329 0.043437749 -21.416543961 -0.002953290 0.998045206 0.062425915 -59.522014618 -0.043337896 -0.062495273 0.997103870 -53.397212982
0.999396145 0.000708807 0.034739107 -21.410062790 -0.000872879 0.999988556 0.004708030 -59.517551422 -0.034735374 -0.004735510 0.999385297 -53.379867554
0.999335945 -0.004644093 0.036140583 -21.405559540 0.006644664 0.998440266 -0.055433597 -59.515621185 -0.035826772 0.055636924 0.997808099 -53.364639282
0.998968184 -0.002674083 0.045336775 -21.401088715 0.006574962 0.996263683 -0.086113021 -59.511413574 -0.044937111 0.086322248 0.995253325 -53.350463867
0.998073220 -0.001486457 0.062029261 -21.397583008 0.006898184 0.996173739 -0.087122172 -59.505580902 -0.061662417 0.087382197 0.994264603 -53.338462830
0.997146428 -0.008883928 0.074967347 -21.395265579 0.014476116 0.997124553 -0.074384712 -59.499736786 -0.074090950 0.075257681 0.994407773 -53.330280304
0.996691585 -0.008195486 0.080862060 -21.393091202 0.014045490 0.997302532 -0.072044194 -59.493297577 -0.080053493 0.072941586 0.994118154 -53.326118469
0.996847272 -0.004912541 0.079192199 -21.390895844 0.013376489 0.994200647 -0.106705777 -59.493087769 -0.078208737 0.107428677 0.991131902 -53.326816559
0.996980131 -0.009627121 0.077057973 -21.389585495 0.019193603 0.992048025 -0.124387830 -59.492187500 -0.075247720 0.125491217 0.989236951 -53.327316284
0.996650279 -0.015260538 0.080345228 -21.388645172 0.024986075 0.992280424 -0.121471375 -59.491809845 -0.077871278 0.123071983 0.989337862 -53.327571869
0.996727943 -0.023612561 0.077304035 -21.387231827 0.033546958 0.990965962 -0.129850224 -59.490661621 -0.073539570 0.132018670 0.988515556 -53.327636719
0.996754885 -0.026449539 0.076026909 -21.387508392 0.036246985 0.990781784 -0.130527973 -59.490718842 -0.071873672 0.132860154 0.988525331 -53.327484131
0.996749163 -0.026993159 0.075911306 -21.387971878 0.036772933 0.990760565 -0.130542234 -59.490722656 -0.071686186 0.132909343 0.988532364 -53.328231812
0.996746182 -0.026409039 0.076155044 -21.387754440 0.036201190 0.990824401 -0.130216971 -59.490737915 -0.072017379 0.132550165 0.988556504 -53.328208923
0.996740162 -0.026372802 0.076246090 -21.387845993 0.036169361 0.990839899 -0.130108103 -59.490726471 -0.072116353 0.132441744 0.988563836 -53.328292847
0.996722698 -0.026968095 0.076266445 -21.387979507 0.036783490 0.990781844 -0.130377695 -59.490634918 -0.072047375 0.132755741 0.988526702 -53.328338623
0.996714592 -0.026952662 0.076378018 -21.387762070 0.036785334 0.990777612 -0.130409047 -59.490715027 -0.072158754 0.132790193 0.988513947 -53.328155518
0.996720910 -0.027082013 0.076249823 -21.387994766 0.036892004 0.990782320 -0.130343288 -59.490684509 -0.072017014 0.132728875 0.988532543 -53.328392029
0.996723175 -0.026903858 0.076282613 -21.387674332 0.036708310 0.990808964 -0.130192757 -59.490661621 -0.072078802 0.132566333 0.988549829 -53.328022003
0.996733308 -0.026717816 0.076215744 -21.387907028 0.036514495 0.990816057 -0.130193233 -59.490528107 -0.072037309 0.132550925 0.988554955 -53.328346252
0.996708930 -0.026734382 0.076527998 -21.387893677 0.036588445 0.990784824 -0.130409926 -59.490585327 -0.072336346 0.132780790 0.988502264 -53.328174591
0.996723354 -0.026428504 0.076447003 -21.388011932 0.036275335 0.990793169 -0.130434066 -59.490501404 -0.072295986 0.132779807 0.988505363 -53.328250885
0.986799598 -0.159605250 0.027434956 -21.428546906 0.160553142 0.986342669 -0.036753193 -59.522193909 -0.021194268 0.040672801 0.998947680 -53.433219910
0.986693978 -0.158633068 0.035645094 -21.417957306 0.159011588 0.987244070 -0.008029854 -59.517253876 -0.033916604 0.013590990 0.999332249 -53.440811157
0.990852714 -0.126449719 0.047131874 -21.393041611 0.126946434 0.991879821 -0.007686809 -59.508270264 -0.045777157 0.013599718 0.998859107 -53.454917908
0.993672252 -0.099293731 0.052499238 -21.379768372 0.098638184 0.995011210 0.014940079 -59.504680634 -0.053720783 -0.009667113 0.998509228 -53.471878052
0.995471716 -0.076545954 0.056362472 -21.366758347 0.074271455 0.996378183 0.041403130 -59.509239197 -0.059327580 -0.037029527 0.997551501 -53.490390778
0.995019674 -0.088439263 0.045981679 -21.351579666 0.085277773 0.994122922 0.066688202 -59.553287506 -0.051609296 -0.062434860 0.996713758 -53.532466888
0.994208336 -0.101678975 0.034802657 -21.346641541 0.099562086 0.993342757 0.057944439 -59.578109741 -0.040462699 -0.054143816 0.997712970 -53.546310425
0.994836748 -0.096273951 0.032111421 -21.349073410 0.094567277 0.994211316 0.050999038 -59.586494446 -0.036835417 -0.047699027 0.998182297 -53.532207489
0.993638039 -0.107614346 0.033205070 -21.376451492 0.107475378 0.994189978 0.005947323 -59.756000519 -0.033652164 -0.002340759 0.999430835 -53.520870209
0.989580214 -0.142606750 0.019856730 -21.373920441 0.142691299 0.989763021 -0.002900396 -59.851669312 -0.019239841 0.005703557 0.999798656 -53.521095276
0.988997042 -0.146863163 0.017778913 -21.367969513 0.146984845 0.989122093 -0.005735303 -59.899555206 -0.016743211 0.008285427 0.999825478 -53.518833160
0.993659616 -0.109476857 0.025599839 -21.342544556 0.110272504 0.993384123 -0.032060929 -59.905754089 -0.021920545 0.034680605 0.999158025 -53.507629395
0.995207489 -0.097713262 -0.003769075 -21.195199966 0.097771570 0.994982421 0.021230519 -59.826168060 0.001675660 -0.021497279 0.999767482 -53.579277039
0.994478703 -0.104745865 -0.006359917 -21.127346039 0.104816660 0.994418383 0.012063759 -59.922801971 0.005060790 -0.012663777 0.999907017 -53.629081726
0.977165401 0.030880224 -0.210224271 -19.368291855 0.042208072 0.941455781 0.334483951 -61.405944824 0.208245784 -0.335719317 0.918654621 -53.675411224
0.997555971 0.064837068 -0.026042677 -21.428546906 0.000954401 -0.385330319 -0.922778368 -59.522197723 -0.069865271 0.920498252 -0.384450555 -53.433231354
0.997504115 0.070253417 0.007068718 -21.374103546 0.031746283 -0.356814742 -0.933635831 -59.531574249 -0.063068882 0.931529999 -0.358154535 -53.448020935
0.997323811 0.062216487 0.038396794 -21.322895050 0.058074746 -0.355124712 -0.933013320 -59.538963318 -0.044413161 0.932746291 -0.357787490 -53.487091064
0.997021496 0.036388345 0.068000071 -21.269889832 0.076685660 -0.373859406 -0.924309850 -59.553897858 -0.008211641 0.926771402 -0.375536323 -53.523582458
0.996336341 0.015021726 0.084191680 -21.236455917 0.083437234 -0.386746407 -0.918403983 -59.582092285 0.018764805 0.922063947 -0.386582971 -53.537429810
0.993239999 -0.040910840 0.108630620 -21.140460968 0.088788152 -0.335065365 -0.938001990 -59.103794098 0.074772812 0.941306233 -0.329167962 -53.563507080
0.998682082 0.027532188 0.043313064 -21.776548386 -0.026674418 0.999438882 -0.020258894 -58.770797729 -0.043846533 0.019076845 0.998856127 -54.584037781
0.997609854 0.021147581 0.065783098 -21.739723206 -0.018968282 0.999256074 -0.033578608 -58.781856537 -0.066444263 0.032250557 0.997268796 -54.540603638
0.995796621 0.014706817 0.090403773 -21.673431396 -0.007295163 0.996624231 -0.081773914 -58.821681976 -0.091301225 0.080770679 0.992542267 -54.443927765
0.995366931 0.015021741 0.094968624 -21.640830994 -0.007581580 0.996906996 -0.078224003 -58.851406097 -0.095849939 0.077141568 0.992402136 -54.403980255
0.995230377 0.020996800 0.095265850 -21.601751328 -0.014412178 0.997492611 -0.069287330 -58.887207031 -0.096481800 0.067583874 0.993037581 -54.373096466
0.994880915 0.033083476 0.095485091 -21.572004318 -0.026693303 0.997366071 -0.067441717 -58.918724060 -0.097464800 0.064547673 0.993143618 -54.331405640
0.994812310 0.041358504 0.092940286 -21.547399521 -0.035499584 0.997328997 -0.063832559 -58.950374603 -0.095332071 0.060202073 0.993623435 -54.288730621
0.996479571 0.032137066 0.077431381 -21.483484268 -0.027419703 0.997746706 -0.061234586 -59.005519867 -0.079224810 0.058895871 0.995115399 -54.211566925
0.997161448 0.027948823 0.069913708 -21.428298950 -0.023237780 0.997461319 -0.067312278 -59.041385651 -0.071617521 0.065496571 0.995279431 -54.119461060
0.997433603 0.028164349 0.065824971 -21.374553680 -0.023035202 0.996732354 -0.077420942 -59.072586060 -0.067790389 0.075705953 0.994823158 -54.024604797
0.997507036 0.029540349 0.064086363 -21.344509125 -0.024554178 0.996709943 -0.077242531 -59.083515167 -0.066157281 0.075476386 0.994950533 -53.979274750
0.997154951 0.043577407 0.061505906 -21.270780563 -0.038955282 0.996463895 -0.074445806 -59.097686768 -0.064532571 0.071838029 0.995326519 -53.830184937
0.997111499 0.046501428 0.060052656 -21.249403000 -0.042027950 0.996392906 -0.073721021 -59.110301971 -0.063264176 0.070984185 0.995469153 -53.782638550
0.996598899 0.054544639 0.061769549 -21.191270828 -0.049668562 0.995723307 -0.077898204 -59.166969299 -0.065754309 0.074565262 0.995045900 -53.657901764
0.995871186 0.062169231 0.066148341 -21.174268723 -0.056721382 0.995076716 -0.081271306 -59.185752869 -0.070875242 0.077183723 0.994494557 -53.618335724
0.997187734 0.041149136 0.062636442 -21.146377563 -0.036964815 0.997097731 -0.066556267 -59.217430115 -0.065193392 0.064053752 0.995814741 -53.490047455
0.999691248 0.020654295 0.013813187 -21.135486603 -0.020213526 0.999304950 -0.031321827 -59.210624695 -0.014450517 0.031032942 0.999413908 -53.398971558
0.990126967 0.099017709 -0.099217534 -21.109594345 -0.104524240 0.993166208 -0.051918399 -59.258255005 0.093398660 0.061776441 0.993710399 -53.258758545
0.981265545 0.127146095 -0.144747436 -21.095630646 -0.135839254 0.989375353 -0.051808752 -59.303352356 0.136622250 0.070500523 0.988111377 -53.161342621
0.979841650 0.112304844 -0.165220842 -21.070772171 -0.117388405 0.992857635 -0.021300778 -59.334541321 0.161648586 0.040266402 0.986026525 -52.941425323
0.985315442 0.074933298 -0.153422385 -21.050733566 -0.080957688 0.996157944 -0.033394482 -59.422225952 0.150330573 0.045324821 0.987596273 -52.686012268
0.985832691 0.070207588 -0.152331114 -21.040994644 -0.076094411 0.996549129 -0.033158381 -59.450160980 0.149477482 0.044280160 0.987773120 -52.618572235
0.985318482 0.079809882 -0.150923461 -21.028032303 -0.084981285 0.995985627 -0.028121121 -59.483798981 0.148073256 0.040533930 0.988145411 -52.550930023
0.983168721 0.103411868 -0.150616422 -20.998516083 -0.112604782 0.992181242 -0.053820048 -59.571010590 0.143873140 0.069874316 0.987126172 -52.410827637
0.980972826 0.113936834 -0.157196581 -20.977212906 -0.126677379 0.989214718 -0.073532559 -59.632492065 0.147123098 0.092046686 0.984825969 -52.259288788
0.977574408 0.124028981 -0.170191482 -20.963895798 -0.138012141 0.987743437 -0.072908029 -59.658214569 0.159062818 0.094761506 0.982710183 -52.186431885
0.971146882 0.136320800 -0.195679367 -20.942728043 -0.149439186 0.987303436 -0.053850301 -59.718139648 0.185853988 0.081538714 0.979188323 -52.054290771
0.965446055 0.151086763 -0.212336227 -20.934677124 -0.163264945 0.985732615 -0.040936794 -59.783710480 0.203121737 0.074189335 0.976338804 -51.925621033
0.963275373 0.147800505 -0.224177510 -20.927145004 -0.158183336 0.986984313 -0.028983003 -59.836647034 0.216975987 0.063379757 0.974117279 -51.794063568
0.963378012 0.136322677 -0.230908871 -20.925016403 -0.145412177 0.989109993 -0.022730920 -59.875442505 0.225295544 0.055475425 0.972709835 -51.691261292
0.964064777 0.127125874 -0.233276904 -20.913978577 -0.136157170 0.990421116 -0.022960551 -59.923389435 0.228123486 0.053897776 0.972139239 -51.608474731
0.966653824 0.129134983 -0.221143603 -20.934585571 -0.144929767 0.987816989 -0.056683421 -59.862228394 0.211129576 0.086843535 0.973592579 -51.801219940
0.968424380 0.120211788 -0.218410894 -20.933799744 -0.132347822 0.990323365 -0.041757606 -59.963260651 0.211277649 0.069345288 0.974963069 -51.689342499
0.967720926 0.140622988 -0.209144324 -20.933002472 -0.149990544 0.988245904 -0.029543763 -60.009151459 0.202531487 0.059959784 0.977438390 -51.632816315
0.965753615 0.159192845 -0.204884335 -20.939140320 -0.176236197 0.982017040 -0.067699932 -60.107738495 0.190422580 0.101489492 0.976442099 -51.514514923
0.965242982 0.159680679 -0.206901103 -20.951377869 -0.186794236 0.975187480 -0.118816279 -60.214374542 0.182794690 0.153334513 0.971120298 -51.420772552
0.960738659 0.205624029 -0.186279476 -20.998640060 -0.230450705 0.965274215 -0.123037353 -60.273441315 0.154511333 0.161134973 0.974762440 -51.321731567
0.963183701 0.186826661 -0.193320930 -21.006189346 -0.209232554 0.972461462 -0.102666885 -60.301719666 0.168816239 0.139336094 0.975749195 -51.238487244
0.965124667 0.163756743 -0.204250127 -21.064857483 -0.182453051 0.980256379 -0.076212227 -60.285026550 0.187737226 0.110820368 0.975947559 -51.206970215
0.964501143 0.168340936 -0.203467101 -21.253404617 -0.184405193 0.980853379 -0.062620707 -60.183494568 0.189029753 0.097918130 0.977077186 -51.277229309
0.965224147 0.166252926 -0.201748133 -21.335672379 -0.180744305 0.981960773 -0.055539139 -60.211708069 0.188875198 0.090072535 0.977861524 -51.269069672
0.964354873 0.166272312 -0.205847666 -21.469963074 -0.182331741 0.981309295 -0.061540324 -60.248123169 0.191767767 0.096879274 0.976647079 -51.280731201
0.961497903 0.167471766 -0.217887610 -21.724193573 -0.189467132 0.978272974 -0.084167868 -60.342033386 0.199057817 0.122209772 0.972337782 -51.278835297
1.000000000 0.000000000 0.000000000 0.000000000 0.000000000 1.000000000 0.000000000 -0.000022888 0.000000000 0.000000000 1.000000000 -0.000022888
0.999784887 0.019722149 0.006418896 0.023020418 -0.019752443 0.999793887 0.004690798 -0.015722722 -0.006325061 -0.004816578 0.999968410 0.105349794
0.999672353 0.024980862 0.005579907 0.053762931 -0.024796370 0.999212027 -0.030991560 -0.081929334 -0.006349706 0.030843044 0.999504089 0.213014349
0.999950171 0.009971488 -0.000488942 0.069090456 -0.009982711 0.999277592 -0.036669735 -0.123825639 0.000122937 0.036672790 0.999327302 0.269045621
0.999568939 -0.025537089 -0.014483375 0.111315086 0.024976131 0.998977959 -0.037672412 -0.187469438 0.015430616 0.037294436 0.999185205 0.384897143
0.999983072 0.004806684 -0.003281595 0.176852360 -0.004915482 0.999409974 -0.033992708 -0.206717238 0.003116267 0.034008265 0.999416709 0.525958538
0.998138666 0.059612975 0.012862770 0.287182480 -0.058751643 0.996510267 -0.059291624 -0.213198647 -0.016352432 0.058425553 0.998157859 0.764947236
0.998663545 0.050985832 0.008458436 0.319702387 -0.050263319 0.996233463 -0.070657134 -0.223939776 -0.012029090 0.070137560 0.997464776 0.837520719
0.998719513 0.049834155 -0.008714135 0.407677442 -0.050364211 0.995662034 -0.078234062 -0.280074686 0.004777605 0.078572765 0.996896923 1.021956086
0.997265220 0.062974520 -0.038681310 0.457703441 -0.065699093 0.995110154 -0.073752373 -0.344023049 0.033847641 0.076092005 0.996526122 1.121928096
0.995310962 0.073863566 -0.062451851 0.537782133 -0.078321606 0.994307697 -0.072235547 -0.396241099 0.056760777 0.076788165 0.995430470 1.257351160
0.994515121 0.078405738 -0.069226250 0.605911672 -0.082663834 0.994711936 -0.060949549 -0.428978831 0.064081386 0.066337749 0.995737374 1.393435121
0.994489253 0.079739057 -0.068064779 0.644799411 -0.084122039 0.994387865 -0.064158253 -0.463762015 0.062566876 0.069530435 0.995615840 1.454261065
0.994785786 0.078247681 -0.065410621 0.661853731 -0.082586020 0.994363844 -0.066483632 -0.476352870 0.059839766 0.071538970 0.995641172 1.506021976
0.995985448 0.051320203 -0.073343195 0.709844589 -0.056243844 0.996185124 -0.066722281 -0.483834654 0.069639198 0.070579521 0.995072305 1.592042685
0.995950580 0.060961682 -0.066076621 0.729764342 -0.065428011 0.995559394 -0.067680374 -0.477294236 0.061657295 0.071729571 0.995516598 1.649590611
0.995729983 0.068716116 -0.061643619 0.766993582 -0.072928362 0.994953990 -0.068905465 -0.499210387 0.056597654 0.073106803 0.995716870 1.704873204
0.997030258 0.061777245 -0.045980833 0.801194429 -0.065141514 0.995002568 -0.075673856 -0.535863757 0.041076124 0.078444384 0.996071875 1.735604525
0.998985291 0.045037638 -0.000163844 0.850456595 -0.044890869 0.995422840 -0.084369294 -0.597582877 -0.003636698 0.084291033 0.996434569 1.784407377
0.999152899 0.036987893 0.018036926 0.867243111 -0.035272732 0.995532274 -0.087586246 -0.603853822 -0.021195972 0.086875848 0.995993614 1.796406507
0.999001920 0.031158624 0.032004211 0.883888721 -0.028341206 0.995977759 -0.085000582 -0.602738082 -0.034523983 0.084008701 0.995866776 1.808512092
0.998549998 0.023218730 0.048566934 0.915243149 -0.020613136 0.998356164 -0.053479142 -0.581305027 -0.049728815 0.052400485 0.997387230 1.832700849
0.998461127 0.017640546 0.052575130 0.938871086 -0.015901130 0.999318182 -0.033321027 -0.571691275 -0.053127084 0.032433745 0.998060882 1.881438732
0.998581529 0.014776127 0.051152762 0.966561973 -0.012237400 0.998694539 -0.049592592 -0.591689050 -0.051818769 0.048896268 0.997458756 1.904642582
0.998698771 0.012888885 0.049341984 0.983814418 -0.009852818 0.998071551 -0.061287198 -0.598723650 -0.050036751 0.060721289 0.996899843 1.916722298
0.998751760 0.013584340 0.048065975 1.002207160 -0.010555305 0.997975349 -0.062720172 -0.599249184 -0.048820667 0.062134534 0.996873021 1.930824518
0.998933434 0.013711775 0.044090942 1.052247405 -0.012655521 0.999628305 -0.024146810 -0.633180261 -0.044405647 0.023563061 0.998735666 1.985686779
0.998920321 0.021463232 0.041200522 1.096967816 -0.021353060 0.999767125 -0.003112309 -0.685869038 -0.041257728 0.002229192 0.999146044 2.028066158
0.998780191 0.026222782 0.041838683 1.159476399 -0.026914695 0.999508679 0.016060887 -0.761500835 -0.041396968 -0.017167373 0.998995304 2.121581793
0.999477208 -0.019148454 0.026049780 1.225631475 0.020564139 0.998263001 -0.055209573 -0.817897201 -0.024947355 0.055716407 0.998134911 2.282699823
0.999418497 -0.021819845 0.026202459 1.330444336 0.024032760 0.995888174 -0.087345295 -0.816550970 -0.024188858 0.087924220 0.995833457 2.470640898
0.998526335 0.018702364 0.050944567 1.507367253 -0.018248046 0.999789596 -0.009368513 -0.747257173 -0.051109061 0.008425068 0.998657525 2.697510958
0.998433053 0.016451947 0.053485822 1.571087122 -0.018561974 0.999059141 0.039195854 -0.747145116 -0.052790653 -0.040127236 0.997799039 2.770328760
0.998290956 0.018652383 0.055382591 1.636528969 -0.019642629 0.999655843 0.017389895 -0.770290136 -0.055039164 -0.018448034 0.998313785 2.858473063
0.998233795 0.019506751 0.056113482 1.680371284 -0.019752143 0.999797583 0.003821782 -0.792811692 -0.056027576 -0.004923393 0.998417079 2.912197828
0.997994661 0.023501484 0.058773685 1.757876635 -0.023042245 0.999698520 -0.008479355 -0.825245082 -0.058955241 0.007108073 0.998235345 3.082060099
0.998188853 0.020434268 0.056581534 1.798602223 -0.019817553 0.999738157 -0.011439340 -0.849468529 -0.056800477 0.010297313 0.998332441 3.161581039
0.998275638 0.006857938 0.058298972 1.912665367 -0.005252836 0.999604106 -0.027641058 -0.928380430 -0.058465455 0.027287159 0.997916460 3.302305460
0.992605448 -0.037508916 0.115444615 1.959802389 0.043700438 0.997712493 -0.051576111 -1.052016735 -0.113245964 0.056239713 0.991973996 3.478632689
0.973329306 -0.083866894 0.213533044 2.069440365 0.101968750 0.991941035 -0.075202234 -1.140294790 -0.205505222 0.094970234 0.974037111 3.636337519
0.941395104 -0.080817491 0.327481031 2.229693890 0.113332108 0.990215421 -0.081420213 -1.259012341 -0.317696571 0.113762707 0.941343129 3.837850094
0.930804133 -0.086741224 0.355076879 2.388611078 0.118374288 0.990616500 -0.068311945 -1.406795740 -0.345819563 0.105617017 0.932337880 3.973490477
0.932171881 -0.093188658 0.349816352 2.530890703 0.117139667 0.991959810 -0.047896281 -1.502601504 -0.342540354 0.085624933 0.935593128 4.089433670
0.937194586 -0.099077217 0.334439784 2.677093506 0.134656906 0.987250566 -0.084875330 -1.565786600 -0.321766645 0.124579325 0.938587368 4.206423283
0.899039268 -0.117149942 0.421905577 2.952760935 0.155667722 0.986111104 -0.057900503 -1.634813428 -0.409262717 0.117731899 0.904789090 4.334290981
0.875193954 -0.131099731 0.465669900 3.010333061 0.174073815 0.983447611 -0.050290223 -1.626330614 -0.451368898 0.125074625 0.883528411 4.353300571
0.815920830 -0.160615444 0.555406153 3.126889229 0.213250399 0.976509333 -0.030883655 -1.586406946 -0.537398875 0.143639192 0.831005573 4.371582985
0.749034166 -0.188490286 0.635152996 3.239549398 0.248595133 0.968590558 -0.005725123 -1.556032777 -0.614124119 0.162184238 0.772365153 4.412402630
0.710995317 -0.213879794 0.669881344 3.335320234 0.256012917 0.965976775 0.036691450 -1.521023512 -0.654937387 0.145410836 0.741560936 4.396453857
0.699653149 -0.238149747 0.673624694 3.427995443 0.252922207 0.964318991 0.078225307 -1.517960072 -0.668218434 0.115644030 0.734922230 4.367201805
0.702506423 -0.190041691 0.685834467 3.590382576 0.247880846 0.968681872 0.014510855 -1.606772065 -0.667113125 0.159811258 0.727612853 4.367021561
0.717684865 -0.190454304 0.669817626 3.727986097 0.246044815 0.969184816 0.011947706 -1.723450780 -0.651452601 0.156230465 0.742429495 4.302326202
0.699116647 -0.189693287 0.689385533 3.809501886 0.260652453 0.965431809 0.001319222 -1.804048538 -0.665804982 0.178767741 0.724393487 4.263571262
0.680169821 -0.186039537 0.709054530 3.883496046 0.261174083 0.965287864 0.002734594 -1.844005108 -0.684950411 0.183326691 0.705148339 4.204046726
0.670845926 -0.187501609 0.717501879 3.921187401 0.265787899 0.964025497 0.003419608 -1.845568657 -0.692331314 0.188409269 0.696548223 4.164239407
0.566621363 -0.222155258 0.793465376 4.010795116 0.300954580 0.952236354 0.051693514 -1.822340608 -0.767050624 0.209506378 0.606416106 4.131593704
0.520229280 -0.241332456 0.819219172 4.034829617 0.312211245 0.946588278 0.080590211 -1.798930883 -0.794912279 0.213844061 0.567789674 4.102630615
0.436872542 -0.271714419 0.857504368 4.083925247 0.330593139 0.935071409 0.127865583 -1.710610628 -0.836570740 0.227624089 0.498333931 3.987765789
0.418007851 -0.247213095 0.874159694 4.145231724 0.331496805 0.937416255 0.106586128 -1.697497368 -0.845800996 0.245227307 0.473797739 3.912261724
0.435919940 -0.262285113 0.860918343 4.156981945 0.326878250 0.937407315 0.120075509 -1.705213785 -0.838525236 0.229072139 0.494369864 3.791471481
0.439570308 -0.245813131 0.863917768 4.153385639 0.348518550 0.933144689 0.088180594 -1.679594278 -0.827836215 0.262329757 0.495853126 3.705832243
0.331727445 -0.260783553 0.906614006 4.148958206 0.378596365 0.917047143 0.125257283 -1.575805664 -0.864072859 0.301689446 0.402941406 3.577421904
0.068391263 -0.336490512 0.939200163 4.097510815 0.385824502 0.877077162 0.286138296 -1.409818172 -0.920033813 0.342797041 0.189810634 3.411111593
0.032480419 -0.353825241 0.934747398 4.087297440 0.387114793 0.866694868 0.314614266 -1.369059682 -0.921459258 0.351635724 0.165121555 3.363138676
-0.000329971 -0.369776577 0.929120660 4.085471153 0.378701359 0.859872580 0.342351377 -1.302791119 -0.925518870 0.351972222 0.139751136 3.253349066
-0.003341436 -0.363570720 0.931560755 4.094055176 0.378333598 0.861861467 0.337725461 -1.284850836 -0.925663471 0.353569150 0.134671152 3.194994926
0.001641810 -0.342081189 0.939669013 4.106801987 0.372563541 0.872229338 0.316879213 -1.275368929 -0.928005219 0.349566162 0.128879011 3.102298498
0.017989576 -0.300177246 0.953713894 4.152820587 0.367273599 0.889166713 0.272933543 -1.219912171 -0.929939032 0.345363915 0.126242876 3.009393454
0.040234029 -0.291121036 0.955839992 4.209904671 0.364637166 0.894918442 0.257217467 -1.170419574 -0.930280209 0.338185787 0.142159700 2.898569584
0.049888611 -0.280689836 0.958501041 4.204797745 0.365774810 0.898155093 0.243979931 -1.185118556 -0.929365337 0.338423729 0.147477031 2.832542419
0.054462612 -0.269743979 0.961390793 4.221918106 0.364129961 0.901881754 0.232419208 -1.171104550 -0.929754555 0.337412953 0.147340655 2.762971878
0.055347919 -0.269158691 0.961504281 4.225743294 0.363910705 0.902180016 0.231603652 -1.163355589 -0.929788053 0.337082833 0.147883475 2.741554976
0.055509865 -0.279828221 0.958444059 4.232105255 0.378509492 0.894171238 0.239141047 -1.119690061 -0.923931539 0.349505424 0.155552924 2.664321184
0.015496731 -0.278689623 0.960256279 4.205565453 0.378090441 0.890697360 0.252400249 -1.079147816 -0.925639093 0.359152287 0.119172692 2.613883972
-0.058146477 -0.292345822 0.954543352 4.188903809 0.372805059 0.880629420 0.292417943 -1.062010765 -0.926086068 0.372861624 0.057782471 2.525324821
-0.071642399 -0.294561118 0.952943444 4.322714806 0.384080142 0.873578191 0.298904002 -0.933223486 -0.920516133 0.387420833 0.050549805 2.260720253
-0.154546142 -0.311634570 0.937549710 4.141963005 0.376279861 0.858866870 0.347507119 -1.059960127 -0.913525581 0.406486928 -0.015472770 2.402035713
-0.181979060 -0.295159966 0.937957585 4.122111797 0.371129900 0.862715840 0.343487918 -1.029086232 -0.910574734 0.410611629 -0.047453523 2.326248646
-0.190312386 -0.266832232 0.944765449 4.088645935 0.375823915 0.869242251 0.321207553 -0.985742807 -0.906938553 0.416195244 -0.065145612 2.269337177
-0.202256441 -0.257618189 0.944841444 4.066947937 0.379961312 0.868565261 0.318156868 -0.966754436 -0.902619421 0.423352391 -0.077787995 2.256159782
-0.264927626 -0.268032342 0.926267684 3.983150005 0.386092931 0.850743115 0.356606811 -0.906359315 -0.883598030 0.452100426 -0.121899962 2.160689831
-0.323201656 -0.295059353 0.899155617 3.884634972 0.388899177 0.824796736 0.410448253 -0.863886476 -0.862727165 0.482338428 -0.151827335 2.134167671
-0.394940495 -0.288159966 0.872345150 3.804623365 0.388329625 0.808177888 0.442773819 -0.775860667 -0.832599699 0.513626695 -0.207281113 2.085511684
-0.442035317 -0.288486093 0.849341273 3.726013660 0.367937595 0.805233419 0.464995742 -0.707494617 -0.818062782 0.518049121 -0.249796748 2.016744137
-0.455959558 -0.294663638 0.839806259 3.554893494 0.354043394 0.805675745 0.474910498 -0.685176730 -0.816550314 0.513867736 -0.263031840 1.847313881
-0.442481995 -0.243173525 0.863178134 3.477626324 0.350838333 0.838875473 0.416173577 -0.635568857 -0.825301409 0.486985207 -0.285872698 1.682416916
-0.430351019 -0.226391107 0.873810709 3.333467245 0.373745292 0.836471617 0.400786340 -0.568317890 -0.821652353 0.499061406 -0.275363803 1.590173721
-0.428563237 -0.262872487 0.864425719 3.181771755 0.389674097 0.809407473 0.439333200 -0.488348782 -0.815161288 0.525126278 -0.244447827 1.471005678
-0.438120127 -0.269425064 0.857590318 3.006685019 0.392289430 0.801081061 0.452082038 -0.404619873 -0.808801532 0.534489751 -0.245277166 1.365168810
-0.456874728 -0.288576365 0.841420889 2.780922890 0.371903658 0.797307014 0.475383192 -0.254823506 -0.808055162 0.530118108 -0.256946921 1.146891356
-0.461399794 -0.298949122 0.835308254 2.693209648 0.349931657 0.803864837 0.480987757 -0.215973973 -0.815265834 0.514228344 -0.266291261 1.047927380
-0.463716745 -0.308861852 0.830404222 2.616352797 0.333163738 0.807687819 0.486458957 -0.153671086 -0.820956051 0.502239704 -0.271636844 0.954182863
-0.465079784 -0.315121382 0.827284515 2.526699305 0.309871107 0.817435026 0.485571772 -0.065843403 -0.829265416 0.482181042 -0.282525539 0.837034464
-0.465740085 -0.310879230 0.828517199 2.488393307 0.297668755 0.826663971 0.477514476 -0.021598220 -0.833354592 0.469021171 -0.292471528 0.783562660
-0.467035294 -0.282427758 0.837921321 2.429327726 0.311982661 0.834044814 0.455012113 0.058761299 -0.827372015 0.473923832 -0.301415801 0.682152033
