0.997360766 -0.059952401 0.040953398 -4.085395336 0.057366602 0.996448576 0.061638094 7.071816444 -0.044503309 -0.059126064 0.997258008 4.886028290
0.996957004 -0.068297379 0.037579510 -4.090961456 0.065355323 0.995068252 0.074617922 7.145022869 -0.042490389 -0.071934834 0.996503890 4.904513359
0.997531235 -0.061312243 0.034238797 -4.096113205 0.057679504 0.993459404 0.098546714 7.204304695 -0.040056977 -0.096328542 0.994543254 4.916875839
0.997747302 -0.060291428 0.029415552 -4.100881100 0.055350002 0.987611413 0.146833420 7.240771294 -0.037903931 -0.144874483 0.988723755 4.918685436
0.997905672 -0.060025532 0.024109071 -4.102245331 0.055310700 0.985050261 0.163146228 7.209996223 -0.033541583 -0.161471039 0.986307263 4.908990860
0.998220801 -0.043011304 0.041294917 -4.098904133 0.037168745 0.990406394 0.133092880 7.116454601 -0.046623245 -0.131321192 0.990242898 4.889991760
0.997336805 -0.025753696 0.068235584 -4.093586922 0.019613422 0.995822787 0.089175306 7.000293255 -0.070247151 -0.087599479 0.993675828 4.871210098
0.997241616 -0.024076229 0.070210032 -4.093256474 0.020714266 0.998621643 0.048225522 6.901940823 -0.071274348 -0.046638146 0.996365845 4.851181984
0.996619284 -0.035854589 0.073921934 -4.089205742 0.035981219 0.999352396 -0.000381592 6.822767735 -0.073860377 0.003040104 0.997263968 4.830513000
0.996411026 -0.027270837 0.080133170 -4.086195946 0.029643307 0.999152243 -0.028567446 6.800221443 -0.079286173 0.030840332 0.996374726 4.821298599
0.996176839 -0.019551454 0.085143670 -4.083769798 0.019707544 0.999805272 -0.000993041 6.849070072 -0.085107684 0.002667217 0.996368170 4.831593990
0.996533751 -0.025888568 0.079058431 -4.081267834 0.023666976 0.999301791 0.028909672 6.938143253 -0.079751663 -0.026938390 0.996450722 4.855726242
0.997215748 -0.031447139 0.067615129 -4.081604004 0.028749362 0.998765469 0.040508725 7.034629822 -0.068805538 -0.038452044 0.996888757 4.877377033
0.996563554 -0.043463953 0.070512161 -4.086511612 0.037808128 0.996105433 0.079652630 7.129858494 -0.073699564 -0.076712973 0.994325638 4.897172928
0.996743202 -0.045423113 0.066631146 -4.093031883 0.036577448 0.991042852 0.128437310 7.194175720 -0.071868338 -0.125581831 0.989476681 4.906812191
0.997349679 -0.044999484 0.057172533 -4.096281052 0.036112051 0.988336325 0.147943169 7.193727493 -0.063163057 -0.145486444 0.987341940 4.908853054
0.997362256 -0.044832170 0.057083759 -4.098520756 0.038074560 0.992703736 0.114409700 7.121198654 -0.061796498 -0.111934483 0.991792262 4.891144276
0.996911526 -0.031944700 0.071742371 -4.096584320 0.025512723 0.995718598 0.088845730 7.015602589 -0.074273363 -0.086740986 0.993458331 4.867895603
0.995797694 -0.038658775 0.083020583 -4.088784695 0.032792866 0.996944726 0.070893228 6.927525997 -0.085507572 -0.067872837 0.994023025 4.849864483
0.992935896 -0.051225737 0.107024238 -4.079902172 0.047920294 0.998298168 0.033233367 6.833658218 -0.108544499 -0.027869971 0.993700862 4.827168941
0.992034137 -0.048283145 0.116348810 -4.074236393 0.049683698 0.998722970 -0.009165857 6.771912575 -0.115757667 0.014873482 0.993166149 4.809055805
0.991695642 -0.038384505 0.122745395 -4.070195198 0.040158324 0.999121130 -0.012009102 6.781975269 -0.122176558 0.016838623 0.992365539 4.811848164
0.992430031 -0.037134428 0.117062613 -4.070760250 0.037416052 0.999299765 -0.000208342 6.848090649 -0.116972908 0.004586785 0.993124485 4.831539154
0.993980467 -0.035854291 0.103524514 -4.068720818 0.034446198 0.999288559 0.015358078 6.949268818 -0.104001515 -0.011699605 0.994508326 4.859898567
0.994549096 -0.034498032 0.098397151 -4.063487053 0.029327402 0.998136044 0.053519744 7.048194885 -0.100060061 -0.050342280 0.993707001 4.895554543
0.994495988 -0.058977604 0.086599216 -4.067793369 0.048640035 0.991942823 0.116976701 7.138977051 -0.092800483 -0.112120666 0.989351809 4.916561604
0.995307088 -0.046406895 0.084912822 -4.075860023 0.033556812 0.988575518 0.146943480 7.204666138 -0.090761930 -0.143404484 0.985493481 4.915594101
0.996930480 -0.041694105 0.066266306 -4.083324432 0.031451836 0.988380790 0.148708433 7.220067024 -0.071696602 -0.146167785 0.986658275 4.908695221
0.997398138 -0.042358022 0.058333114 -4.078947067 0.033449505 0.988716483 0.146016598 7.163023949 -0.063859887 -0.143685460 0.987560809 4.904576302
0.997054636 -0.029261203 0.070893131 -4.076964378 0.019398792 0.990517676 0.136008725 7.073746204 -0.074200682 -0.134232894 0.988167882 4.889681816
0.995949149 -0.021017104 0.087427221 -4.072906494 0.011699843 0.994323969 0.105749257 6.967204094 -0.089153521 -0.104298003 0.990542054 4.871113300
0.993804038 -0.021667765 0.109014139 -4.068456173 0.016592251 0.998745203 0.047251947 6.858185291 -0.109901190 -0.045150384 0.992916524 4.851337910
0.991975069 -0.028222915 0.123243384 -4.065798759 0.028625384 0.999589086 -0.001495804 6.777289391 -0.123150520 0.005011690 0.992375374 4.829502106
0.990965247 -0.038988348 0.128326699 -4.066723347 0.041245509 0.999036789 -0.014977999 6.745916843 -0.127619132 0.020135578 0.991618812 4.820751667
0.989638329 -0.044558544 0.136493862 -4.068228245 0.045091029 0.998982549 -0.000810316 6.773646832 -0.136318892 0.006956568 0.990640581 4.830383301
0.987854481 -0.033177968 0.151798382 -4.064836025 0.030713793 0.999356091 0.018549899 6.839576721 -0.152316079 -0.013662296 0.988237381 4.851308823
0.988781095 -0.016784256 0.148425937 -4.061480522 0.010712653 0.999076426 0.041611914 6.917348862 -0.148987263 -0.039555039 0.988047659 4.873199463
0.993089437 -0.015239345 0.116366424 -4.063360691 0.006646561 0.997245252 0.073876426 6.995626926 -0.117171697 -0.072592467 0.990455031 4.873341084
0.996104181 -0.033596426 0.081533477 -4.066012383 0.023829848 0.992735744 0.117931478 7.033367157 -0.084903270 -0.115529113 0.989668846 4.869955540
0.996880233 -0.055271327 0.056346387 -4.069865704 0.044999376 0.984489083 0.169576660 7.046872139 -0.064845130 -0.166512057 0.983904898 4.855971336
0.995060265 -0.069450095 0.070935063 -4.067564487 0.050635889 0.969680488 0.239072829 7.052740574 -0.085387968 -0.234300017 0.968407154 4.850663662
0.991799474 -0.085436575 0.095049702 -4.074829578 0.053664975 0.953373730 0.296982437 7.048089027 -0.115991049 -0.289446205 0.950140536 4.839235783
0.990205467 -0.104542658 0.092541620 -4.079530239 0.065340638 0.932748377 0.354557604 7.046040058 -0.123384431 -0.345038146 0.930443406 4.825953484
0.990072906 -0.110037491 0.087449476 -4.079244614 0.065357745 0.911241055 0.406654835 7.048148155 -0.124434829 -0.396902442 0.909386873 4.808191299
0.990569651 -0.110654160 0.080792807 -4.070513725 0.066161051 0.902696311 0.425161272 7.048441887 -0.119977228 -0.415806502 0.901504517 4.798812389
0.991336823 -0.109705143 0.072222523 -4.056623936 0.071125410 0.910655856 0.406997681 7.042216778 -0.110419594 -0.398334920 0.910569489 4.798690319
0.992818356 -0.100525737 0.064855799 -4.049025059 0.067603439 0.918708324 0.389107734 7.041984558 -0.098698899 -0.381928831 0.918906391 4.804901600
0.994656503 -0.085513093 0.057844330 -4.046081066 0.056038361 0.917762756 0.393155485 7.039576530 -0.086707309 -0.387813181 0.917650700 4.812471390
0.994886816 -0.085320547 0.054043304 -4.032011986 0.056677446 0.914555371 0.400469959 7.037518024 -0.083593905 -0.395359218 0.914714813 4.818575859
0.993945181 -0.094184749 0.056587569 -4.002324104 0.063514449 0.912744224 0.403563976 7.037417412 -0.089659549 -0.397526324 0.913199842 4.826747894
0.992694318 -0.104581416 0.060172565 -3.959498167 0.070966825 0.909409046 0.409803540 7.035965443 -0.097579308 -0.402539402 0.910187006 4.833273411
0.990191519 -0.119820833 0.071858689 -3.904495478 0.081432581 0.912869394 0.400047779 7.032186508 -0.113531664 -0.390272319 0.913672864 4.838389397
0.986587822 -0.136136308 0.090063475 -3.847060919 0.091231331 0.917411447 0.387341142 7.030578136 -0.135356456 -0.373929441 0.917526782 4.842967033
0.982747197 -0.146586195 0.112785175 -3.795507431 0.088769764 0.908802271 0.407674342 7.037105083 -0.162258849 -0.390628904 0.906135261 4.845116615
0.980733812 -0.152182743 0.122481242 -3.758428574 0.086275369 0.899953246 0.427364856 7.044661999 -0.175264940 -0.408564061 0.895744205 4.848741531
0.980820417 -0.156117409 0.116699234 -3.737483263 0.093136117 0.901331007 0.422998905 7.050519943 -0.171222135 -0.404017031 0.898584008 4.851043224
0.981197894 -0.155981526 0.113668278 -3.737344027 0.095613562 0.904433191 0.415762782 7.052554607 -0.167656675 -0.397077322 0.902341843 4.850116253
0.980767965 -0.155430824 0.118048757 -3.753576994 0.093530089 0.905137897 0.414701670 7.050666809 -0.171307832 -0.395684987 0.902267694 4.846149921
0.982651711 -0.151162714 0.107449964 -3.788819790 0.093322083 0.903694034 0.417885244 7.046334267 -0.160270557 -0.400608182 0.902123332 4.838877201
0.984726906 -0.147161484 0.093039632 -3.838762760 0.095132954 0.902350724 0.420372307 7.045707703 -0.145816997 -0.405100822 0.902568936 4.833808422
0.987432063 -0.137509644 0.077903673 -3.899281740 0.094081834 0.907505333 0.409368664 7.041749954 -0.126990139 -0.396894425 0.909037054 4.827562332
0.989885926 -0.125745028 0.065681741 -3.966567039 0.089664839 0.913336337 0.397211552 7.033430576 -0.109936893 -0.387304783 0.915373623 4.820385456
0.991860986 -0.116109192 0.052253917 -4.039757252 0.085528329 0.911589146 0.402107120 7.029291630 -0.094322428 -0.394365191 0.914100349 4.815373421
0.993238509 -0.107367180 0.044153973 -4.111609459 0.080527805 0.911148310 0.404133677 7.028647423 -0.083621517 -0.397845507 0.913633645 4.813004971
0.994601548 -0.096374080 0.038468428 -4.183457375 0.073344588 0.915151119 0.396382362 7.029218674 -0.073405400 -0.391421050 0.917279243 4.809911251
0.995763719 -0.089285344 0.021970250 -4.250844002 0.073134944 0.913899302 0.399298549 7.032482624 -0.055730097 -0.396000206 0.916557670 4.807337761
0.996533513 -0.083082177 -0.004276786 -4.306153297 0.077488489 0.908275962 0.411132932 7.039338589 -0.030273318 -0.410039127 0.911565363 4.805710793
0.996649802 -0.077951267 -0.024753552 -4.342937946 0.081344008 0.913295388 0.399092376 7.040460587 -0.008502449 -0.399768889 0.916576505 4.802943230
0.996653140 -0.075275347 -0.031876616 -4.354511738 0.081746340 0.918624938 0.386582166 7.036696434 0.000182549 -0.387894124 0.921703935 4.797691345
0.997264266 -0.071046203 -0.020405713 -4.337411404 0.073358595 0.917334855 0.391299456 7.036994934 -0.009081465 -0.391725928 0.920037150 4.794101238
0.997316122 -0.073185392 0.002100040 -4.295417786 0.066646226 0.919333041 0.387795120 7.034570217 -0.030311573 -0.386614352 0.921743214 4.788761616
0.996982098 -0.074747927 0.020963386 -4.238133907 0.060901977 0.920531213 0.385892838 7.032128811 -0.048142143 -0.383451551 0.922305405 4.784458637
0.995862961 -0.086182684 0.028801978 -4.171448231 0.067619085 0.914593577 0.398680598 7.036526680 -0.060701467 -0.395083696 0.916637480 4.786208630
0.995228231 -0.091973148 0.032584094 -4.099230289 0.070860706 0.910836816 0.406638741 7.040265560 -0.067078635 -0.402389407 0.913007796 4.788939953
0.994600058 -0.099311367 0.030132098 -4.032876015 0.078745633 0.911273956 0.404201627 7.042133331 -0.067600407 -0.399646223 0.914173484 4.793461800
0.993651330 -0.107572779 0.032941364 -3.972386122 0.084667549 0.907837272 0.410685837 7.046352863 -0.074084014 -0.405289471 0.911181629 4.799976826
0.992414415 -0.115045227 0.043338791 -3.932929039 0.086898066 0.905816555 0.414662689 7.056045055 -0.086961955 -0.407751173 0.908942580 4.808044434
0.989353418 -0.123969138 0.076232798 -3.904135227 0.083976626 0.914112508 0.396668911 7.065356731 -0.118860058 -0.386043966 0.914790869 4.821804523
0.985199988 -0.121815726 0.120589927 -3.890402079 0.073700652 0.936215878 0.343610346 7.069079399 -0.154755339 -0.329637349 0.931337774 4.837503433
0.980051339 -0.123060971 0.156061962 -3.880696297 0.072008997 0.951755643 0.298288345 7.065602779 -0.185240492 -0.281100035 0.941630900 4.849058151
0.972212315 -0.152969390 0.177210569 -3.865213156 0.091269433 0.944759488 0.314800680 7.060777664 -0.215576231 -0.289879203 0.932468176 4.864544868
0.963793933 -0.178455696 0.198128343 -3.844086409 0.102941975 0.934445739 0.340901822 7.056099892 -0.245976061 -0.308163375 0.918983757 4.892827988
0.962183774 -0.193377823 0.191852510 -3.826452255 0.113051124 0.924262702 0.364634037 7.047607422 -0.247834235 -0.329155803 0.911172152 4.928469658
0.970238328 -0.181911305 0.159830809 -3.827579260 0.113739803 0.925055087 0.362403601 7.032863140 -0.213777602 -0.333438724 0.918214440 4.971677780
0.981603205 -0.147843227 0.120820150 -3.852150202 0.100106776 0.937353253 0.333687693 7.017034054 -0.162584618 -0.315453976 0.934909105 5.019777775
0.991908193 -0.113545246 0.056794181 -3.896861315 0.089393727 0.942297339 0.322621346 7.004905224 -0.090149119 -0.314933717 0.944822669 5.056114674
0.996618986 -0.078469239 -0.024356324 -3.974550962 0.082103886 0.939962804 0.331253499 7.001190662 -0.003099169 -0.332133263 0.943227410 5.071546555
0.994398475 -0.035907246 -0.099409856 -4.070280552 0.067867063 0.937941849 0.340086997 7.005481720 0.081029080 -0.344928622 0.935124874 5.054992676
0.984068155 -0.025420632 -0.175965086 -4.153917313 0.084853068 0.936884403 0.339186728 7.012022495 0.156236604 -0.348714054 0.924115062 5.013250351
0.978827715 -0.014866114 -0.204145372 -4.232673168 0.086824611 0.933339953 0.348336041 7.031436920 0.185358644 -0.358685791 0.914869785 4.947266102
0.981288731 -0.021192484 -0.191372246 -4.243976593 0.090260595 0.928578198 0.359993815 7.053606033 0.170074940 -0.370531261 0.913116157 4.890538692
0.986595869 -0.055335067 -0.153514355 -4.225426197 0.111120440 0.916750371 0.383693844 7.081921577 0.119502626 -0.395609349 0.910610974 4.829551220
0.991078019 -0.116393499 -0.064937405 -4.190311909 0.132612705 0.909934521 0.392979741 7.106062889 0.013348499 -0.398085117 0.917251348 4.766961098
0.983520746 -0.174689382 0.046589732 -4.114120483 0.144627362 0.914829016 0.377055496 7.118577957 -0.108489230 -0.364103764 0.925018132 4.736022949
0.962065756 -0.227366447 0.150777817 -4.031979084 0.156996757 0.913386941 0.375601321 7.123847485 -0.223117620 -0.337681562 0.914434075 4.726670265
0.944519699 -0.247932792 0.215434149 -3.942964554 0.150961280 0.910207212 0.385659903 7.123270035 -0.291707456 -0.331741184 0.897136867 4.748502254
0.935719132 -0.243714020 0.255016088 -3.860677481 0.135989413 0.916296184 0.376707077 7.111278534 -0.325479031 -0.317812562 0.890538394 4.796533585
0.936230361 -0.233066589 0.262969017 -3.798744440 0.133415908 0.928109407 0.347581863 7.093115807 -0.325073719 -0.290332437 0.900018990 4.862423897
0.943518281 -0.224273890 0.243873954 -3.788629532 0.137074232 0.934351444 0.328934699 7.074449539 -0.301635444 -0.276927084 0.912319839 4.930332184
0.965840697 -0.179107442 0.187275812 -3.842260122 0.115286604 0.944222391 0.308468908 7.062849998 -0.232079104 -0.276341468 0.932617128 4.987556458
0.988944173 -0.121856205 0.084501147 -3.947645903 0.092047788 0.951221049 0.294458359 7.053730488 -0.116260841 -0.283424765 0.951921105 5.012930393
0.996857524 -0.074268043 -0.027555052 -4.064301014 0.079120934 0.950444221 0.300658733 7.056437492 0.003860206 -0.301894099 0.953333676 5.012225628
0.993008375 -0.037812576 -0.111824006 -4.153085709 0.071007840 0.948092520 0.309965283 7.066468239 0.094298929 -0.315738469 0.944148779 4.987792969
0.989995003 -0.024052100 -0.139037192 -4.189358711 0.067699783 0.945507944 0.318483144 7.080383301 0.123800576 -0.324709505 0.937676489 4.948171616
0.990534484 -0.021625079 -0.135549858 -4.164679050 0.066114545 0.940578580 0.333077818 7.097416401 0.120292462 -0.338886887 0.933105230 4.900552750
0.996728182 -0.034635983 -0.073029056 -4.097561359 0.057533808 0.938639045 0.340068549 7.120333195 0.056769311 -0.343157560 0.937560737 4.860331535
0.997430623 -0.068877995 0.019696295 -4.015639782 0.057803188 0.936195433 0.346694261 7.143517494 -0.042319182 -0.344664961 0.937771380 4.822624683
0.989221632 -0.111537270 0.094868146 -3.957360983 0.069936089 0.929113925 0.363120198 7.165157318 -0.128644750 -0.352571666 0.926900089 4.775942802
0.981486320 -0.145554110 0.124493495 -3.958436251 0.090801105 0.925905406 0.366680235 7.174227238 -0.168641016 -0.348587483 0.921979904 4.727256298
0.979890049 -0.150253117 0.131299257 -4.007055283 0.095022738 0.929992139 0.355084896 7.171665668 -0.175459892 -0.335467756 0.925567508 4.672438145
0.982970238 -0.130309403 0.129572287 -4.067963600 0.079550453 0.937348425 0.339189798 7.168624878 -0.165653989 -0.323105961 0.931751728 4.619115829
0.984337091 -0.123481557 0.125828639 -4.110656738 0.073764443 0.936725318 0.342205375 7.169781208 -0.160122916 -0.327563733 0.931162000 4.588459969
0.985928297 -0.108473867 0.127196133 -4.121062279 0.060702723 0.941257119 0.332189977 7.167886734 -0.155758202 -0.319794357 0.934596717 4.598776817
0.986149371 -0.096466146 0.134921104 -4.103466988 0.046624638 0.941895366 0.332654893 7.156807899 -0.159171492 -0.321756780 0.933347225 4.653915405
0.988678157 -0.092498519 0.118150644 -4.072091103 0.044025816 0.931563675 0.360902816 7.139733315 -0.143447816 -0.351615041 0.925089002 4.736533165
0.994480669 -0.067678541 0.080173999 -4.040993690 0.033950731 0.930606961 0.364442080 7.108203888 -0.099275395 -0.359708637 0.927768350 4.828990459
0.998658717 -0.037115730 0.036099639 -4.021343708 0.022157781 0.936521351 0.349909663 7.074524403 -0.046795238 -0.348640442 0.936087608 4.920041561
0.999698400 -0.005761201 -0.023871990 -4.027092457 0.013323814 0.943821013 0.330188364 7.052970886 0.020628603 -0.330406874 0.943613172 4.983789921
0.996175766 0.009300640 -0.086875357 -4.058184624 0.017484935 0.952983022 0.302518785 7.050842285 0.085604362 -0.302880883 0.949176013 5.000644207
0.992364407 0.033324681 -0.118753158 -4.091835022 0.002017757 0.958293378 0.285779119 7.061998367 0.123323865 -0.283836663 0.950909019 4.971718788
0.990191758 0.052477177 -0.129485443 -4.112625599 -0.011520583 0.954292715 0.298651397 7.083161831 0.139239386 -0.294230402 0.945537329 4.914090633
0.991484582 0.054239526 -0.118390746 -4.121398449 -0.010663137 0.939893126 0.341302216 7.114938259 0.129786715 -0.337133467 0.932467937 4.855527878
0.993230164 0.063908972 -0.097002447 -4.112451077 -0.022187069 0.924051881 0.381622732 7.146118641 0.114024401 -0.376887023 0.919214129 4.821010590
0.994494438 0.064802453 -0.082349516 -4.094709396 -0.028713556 0.924298346 0.380589098 7.167204857 0.100778632 -0.376129180 0.921070337 4.830869675
0.992073119 0.068128876 -0.105590798 -4.076316357 -0.027503230 0.937622964 0.346564204 7.171868801 0.122615390 -0.340912908 0.932064295 4.874689102
0.988069534 0.064247862 -0.139967307 -4.063619137 -0.021924239 0.958250821 0.285087228 7.181615353 0.152440026 -0.278617322 0.948226988 4.932013988
0.986389816 0.057710737 -0.153962880 -4.050411224 -0.021973280 0.974247754 0.224406943 7.201494217 0.162948668 -0.217969671 0.962256193 4.985049725
0.984388232 0.038428891 -0.171764597 -4.042366505 -0.008967008 0.985556662 0.169108421 7.222414017 0.175782397 -0.164928108 0.970514953 5.023979187
0.983702302 0.014793004 -0.179195330 -4.039197445 -0.000813494 0.996965826 0.077836208 7.231359482 0.179803059 -0.076421879 0.980729580 5.049917221
0.985579073 0.007008221 -0.169070348 -4.037769794 -0.003578247 0.999781728 0.020583425 7.239223003 0.169177696 -0.019681618 0.985389054 5.074369431
0.989440799 0.004668885 -0.144862324 -4.035516262 -0.001227524 0.999715149 0.023836371 7.249156952 0.144932359 -0.023406856 0.989164650 5.089053154
0.990835249 0.000856644 -0.135073125 -4.034057617 0.003504591 0.999480247 0.032046869 7.259630203 0.135030359 -0.032226548 0.990317225 5.093989372
0.989473939 -0.016665932 -0.143748373 -4.001459599 0.013508440 0.999646187 -0.022913547 7.289092541 0.144079387 0.020730542 0.989348948 5.105406761
0.990007162 -0.021138864 -0.139423877 -4.008945942 0.017826283 0.999529362 -0.024965368 7.280555725 0.139885992 0.022230484 0.989918053 5.091094971
0.990477562 -0.016423205 -0.136691093 -4.011929512 0.013372505 0.999641240 -0.023206679 7.272612095 0.137023181 0.021157792 0.990341842 5.074701786
0.989810050 -0.024988605 -0.140184477 -4.008335114 0.021729330 0.999457896 -0.024732769 7.273869038 0.140726522 0.021434627 0.989816427 5.076256752
0.989671290 -0.020380775 -0.141899094 -3.994761944 0.016749369 0.999502122 -0.026739130 7.273041725 0.142373398 0.024086228 0.989519894 5.078503132
0.989730895 -0.022919966 -0.141093567 -4.000329494 0.019237386 0.999439180 -0.027409296 7.278890133 0.141642645 0.024413556 0.989616752 5.072579384
0.989461184 -0.027486991 -0.142165408 -4.002492428 0.023660842 0.999312758 -0.028534470 7.288511276 0.142852023 0.024869999 0.989431560 5.069466591
0.989663959 -0.024192156 -0.141350493 -3.998686075 0.020229002 0.999362767 -0.029407941 7.295721054 0.141971871 0.026244599 0.989522696 5.071698666
0.989485860 -0.023265168 -0.142746001 -3.992333412 0.019677039 0.999455214 -0.026496990 7.277441025 0.143284678 0.023409577 0.989404619 5.070874691
0.989499629 -0.021670047 -0.142901570 -3.987108469 0.017916314 0.999461174 -0.027502747 7.287181377 0.143420547 0.024653690 0.989354730 5.068418980
0.989388049 -0.022395130 -0.143560901 -3.983952761 0.018496118 0.999424458 -0.028436730 7.293027401 0.144115105 0.025479643 0.989232838 5.066401482
0.989121854 -0.026375169 -0.144714639 -3.982507944 0.021764753 0.999206722 -0.033350132 7.320844650 0.145479456 0.029837666 0.988911211 5.065127373
0.989580750 -0.021718409 -0.142331302 -3.991753101 0.018100977 0.999480605 -0.026661405 7.278077126 0.142836422 0.023807278 0.989459932 5.069345951
0.989390433 -0.022515984 -0.143525526 -3.985656500 0.018808702 0.999454796 -0.027134949 7.282410622 0.144058242 0.024147531 0.989274561 5.065143108
0.989288032 -0.021634135 -0.144364521 -3.978799343 0.017887529 0.999469936 -0.027200237 7.284808159 0.144876465 0.024326544 0.989150643 5.061374664
0.989230871 -0.022496628 -0.144624338 -3.980861425 0.018925479 0.999482214 -0.026021291 7.272436142 0.145134851 0.023003981 0.989144444 5.070483208
0.989587665 -0.021426290 -0.142327547 -3.991403103 0.017859783 0.999494851 -0.026288964 7.277861118 0.142818928 0.023473296 0.989470422 5.069259167
0.989423931 -0.021796029 -0.143405646 -3.985363960 0.018224500 0.999491334 -0.026171811 7.274451733 0.143903136 0.023281518 0.989317894 5.069775581
0.989309907 -0.021692211 -0.144205928 -3.981636047 0.018184530 0.999506891 -0.025597980 7.271422386 0.144690096 0.022702018 0.989216566 5.071109772
0.989354670 -0.021326363 -0.143953368 -3.982901573 0.017937370 0.999531507 -0.024799377 7.265693188 0.144414797 0.021953233 0.989273667 5.072224140
0.989505470 -0.022660377 -0.142707512 -3.991281033 0.019050470 0.999464333 -0.026611743 7.278019905 0.143234089 0.023613820 0.989407063 5.069189072
0.989493430 -0.021390166 -0.142986849 -3.985459566 0.017873973 0.999506533 -0.025830574 7.273578644 0.143468812 0.023003440 0.989387453 5.067664623
0.989479959 -0.021966236 -0.142992750 -3.987942934 0.018504249 0.999503672 -0.025496043 7.273609638 0.143481836 0.022581849 0.989395261 5.067131519
0.989495933 -0.021787770 -0.142909274 -3.988970757 0.018299554 0.999502778 -0.025677841 7.276066780 0.143397674 0.022792943 0.989402652 5.067279339
0.989538312 -0.023121143 -0.142405629 -3.992222548 0.019507287 0.999452591 -0.026721401 7.277627945 0.142945498 0.023663903 0.989447653 5.070376873
0.989538908 -0.023423335 -0.142351985 -3.992798567 0.019783968 0.999441564 -0.026927970 7.278268337 0.142903239 0.023829989 0.989449739 5.069828033
0.989547372 -0.023688575 -0.142249465 -3.992796183 0.020055296 0.999436378 -0.026921434 7.278093815 0.142807007 0.023787180 0.989464641 5.069748878
0.989477634 -0.024092510 -0.142665803 -3.992523909 0.020467021 0.999430597 -0.026825851 7.277885914 0.143230855 0.023623636 0.989407301 5.069872379
0.989524662 -0.023414865 -0.142452553 -3.992287397 0.019788068 0.999444306 -0.026823491 7.277760983 0.143001452 0.023723643 0.989438117 5.070161343
0.989518821 -0.023169357 -0.142533183 -3.991530180 0.019573223 0.999455035 -0.026580881 7.277271748 0.143071353 0.023512449 0.989433050 5.069789410
0.989477336 -0.023893265 -0.142701417 -3.991913080 0.020278713 0.999436975 -0.026730537 7.277586460 0.143259764 0.023555461 0.989404738 5.070168018
0.989497721 -0.023576027 -0.142612860 -3.992146730 0.019958826 0.999443114 -0.026741531 7.277730465 0.143163905 0.023614299 0.989417255 5.070427895
0.989521325 -0.023559919 -0.142451674 -3.992212057 0.019969253 0.999447107 -0.026583701 7.277577400 0.142999232 0.023460485 0.989444733 5.070240021
0.989524126 -0.023343047 -0.142467961 -3.992388010 0.019741407 0.999450088 -0.026641857 7.278005600 0.143011525 0.023550242 0.989440799 5.069561005
0.989485979 -0.023703810 -0.142673209 -3.991943121 0.020102467 0.999443173 -0.026630800 7.277643204 0.143225029 0.023482721 0.989411533 5.069426537
0.989548147 -0.023164289 -0.142330229 -3.992053509 0.019553633 0.999451816 -0.026714833 7.277581215 0.142871052 0.023652541 0.989458680 5.069564342
0.989510953 -0.023629989 -0.142512217 -3.992124796 0.020035025 0.999445140 -0.026608253 7.277596474 0.143061891 0.023473920 0.989435315 5.070150375
0.989528596 -0.023358397 -0.142434299 -3.991935253 0.019748740 0.999448299 -0.026704025 7.277740955 0.142979473 0.023611497 0.989443958 5.069937229
0.989495933 -0.023669122 -0.142609686 -3.992052317 0.020067485 0.999443650 -0.026640950 7.277721405 0.143160909 0.023499293 0.989420414 5.069587231
0.989513516 -0.023772836 -0.142470494 -3.992402077 0.020191051 0.999444008 -0.026533922 7.277420044 0.143022075 0.023379045 0.989443302 5.070255280
0.989567637 -0.023062717 -0.142211244 -3.992197514 0.019449864 0.999453127 -0.026742946 7.277533531 0.142750248 0.023697965 0.989475012 5.070304871
0.989538968 -0.022978917 -0.142424002 -3.992173195 0.019356865 0.999454319 -0.026765196 7.277815342 0.142961308 0.023728320 0.989443779 5.069859505
0.989571512 -0.022725794 -0.142238408 -3.992274284 0.019119229 0.999461412 -0.026671482 7.277582645 0.142767936 0.023673849 0.989473045 5.069850922
0.989539087 -0.023196261 -0.142388061 -3.992292404 0.019596990 0.999453306 -0.026628587 7.277467728 0.142927900 0.023559649 0.989452660 5.069980621
0.989573598 -0.022962406 -0.142185882 -3.992296934 0.019348439 0.999454916 -0.026748000 7.277603626 0.142722592 0.023718039 0.989478528 5.070466518
0.989566684 -0.022882042 -0.142247036 -3.992150307 0.019260867 0.999455750 -0.026782125 7.277103901 0.142782435 0.023762897 0.989468813 5.070303917
0.989574909 -0.022861665 -0.142192885 -3.992395639 0.019241182 0.999456048 -0.026785001 7.277316570 0.142727897 0.023769807 0.989476502 5.070457935
0.989539742 -0.023183586 -0.142385408 -3.992111921 0.019577557 0.999452412 -0.026674917 7.277649879 0.142925873 0.023608332 0.989451766 5.069934368
0.989586473 -0.022882482 -0.142109305 -3.992290497 0.019265564 0.999455810 -0.026775792 7.277583599 0.142644674 0.023759145 0.989488780 5.070647240
0.989587069 -0.022806277 -0.142117113 -3.992136955 0.019209431 0.999460757 -0.026629983 7.277484417 0.142647803 0.023622697 0.989491582 5.069890022
0.989617765 -0.022744969 -0.141913190 -3.992228746 0.019141756 0.999460101 -0.026704106 7.277382851 0.142443970 0.023710389 0.989518821 5.070071697
0.989581645 -0.022958636 -0.142130539 -3.992320776 0.019361608 0.999457598 -0.026639551 7.277334213 0.142665043 0.023610134 0.989489377 5.070407867
0.989581764 -0.022768356 -0.142160431 -3.992223978 0.019170497 0.999461591 -0.026627127 7.277510166 0.142690137 0.023624431 0.989485443 5.070694447
0.989569485 -0.022899715 -0.142224684 -3.992246628 0.019286769 0.999456644 -0.026730068 7.277350426 0.142759517 0.023708206 0.989473403 5.070610523
0.989547074 -0.023167310 -0.142337039 -3.992267370 0.019555157 0.999451578 -0.026724294 7.277654171 0.142878100 0.023661524 0.989457428 5.070359230
0.989545465 -0.023130331 -0.142354310 -3.992250919 0.019509744 0.999451041 -0.026777240 7.277671814 0.142895520 0.023720002 0.989453495 5.070569038
0.989498436 -0.023791099 -0.142572328 -3.992241859 0.020200415 0.999442577 -0.026579911 7.277567863 0.143125221 0.023420760 0.989427447 5.070188999
0.989487231 -0.023788273 -0.142650217 -3.992110729 0.020183142 0.999440610 -0.026666649 7.277531147 0.143204778 0.023507178 0.989413857 5.070709229
0.989490926 -0.023871426 -0.142610699 -3.992226601 0.020263180 0.999438107 -0.026700504 7.277441978 0.143167943 0.023530163 0.989418626 5.070585251
0.989511013 -0.023705145 -0.142499045 -3.992246628 0.020066069 0.999436140 -0.026920747 7.277673244 0.143056855 0.023778979 0.989428759 5.070721626
0.989538252 -0.023326507 -0.142372474 -3.992235184 0.019719442 0.999449134 -0.026694164 7.277583122 0.142916724 0.023607392 0.989453137 5.070559502
0.989538372 -0.023237307 -0.142386228 -3.992105246 0.019636203 0.999452114 -0.026644422 7.277554512 0.142927349 0.023569753 0.989452481 5.070391178
0.989488721 -0.023786256 -0.142640457 -3.991933823 0.020178640 0.999440193 -0.026685309 7.277601719 0.143195346 0.023526520 0.989414752 5.070124626
0.989488602 -0.023841074 -0.142632052 -3.992077112 0.020226093 0.999437749 -0.026741402 7.277464867 0.143189386 0.023575423 0.989414454 5.070404053
0.989578307 -0.022849659 -0.142171398 -3.992272615 0.019233773 0.999456942 -0.026755920 7.277636051 0.142705545 0.023742585 0.989480376 5.070489883
0.989555240 -0.023205258 -0.142274395 -3.992312431 0.019605719 0.999452531 -0.026650017 7.277490616 0.142814919 0.023582270 0.989468455 5.070466995
0.989519238 -0.023518860 -0.142472848 -3.992211342 0.019888874 0.999441624 -0.026849343 7.277569771 0.143024758 0.023734318 0.989434481 5.070361614
0.989471316 -0.024004025 -0.142724752 -3.992114305 0.020402668 0.999436796 -0.026643243 7.277591228 0.143283904 0.023450758 0.989403725 5.070497513
0.989590883 -0.022671642 -0.142112255 -3.992291927 0.019076163 0.999463797 -0.026611991 7.277541161 0.142639399 0.023624025 0.989492774 5.070583344
0.989573598 -0.022873983 -0.142200172 -3.992281437 0.019277558 0.999459803 -0.026617862 7.277719021 0.142732203 0.023599062 0.989479959 5.070576668
0.989533782 -0.023430422 -0.142386332 -3.992213964 0.019780762 0.999439895 -0.026993923 7.277750492 0.142939046 0.023894891 0.989443004 5.070542812
0.989572942 -0.022993090 -0.142185524 -3.992237091 0.019368129 0.999452472 -0.026826385 7.277869701 0.142724499 0.023792796 0.989476442 5.070660114
0.989660203 -0.021665066 -0.141786277 -3.992399454 0.018034950 0.999477088 -0.026838044 7.277643681 0.142293572 0.024003437 0.989533424 5.070659161
0.989645481 -0.021447351 -0.141921729 -3.992264509 0.017926121 0.999500096 -0.026043389 7.277249813 0.142409354 0.023229618 0.989535213 5.071216583
0.989517391 -0.022741161 -0.142611951 -3.992207527 0.019219387 0.999476552 -0.026024042 7.277516842 0.143129110 0.023010327 0.989436507 5.070013046
0.989472628 -0.023756519 -0.142757013 -3.992173433 0.020164974 0.999444008 -0.026552947 7.277468681 0.143308446 0.023394724 0.989401519 5.070216179
0.989670753 -0.020885358 -0.141829386 -3.992480993 0.017317249 0.999502897 -0.026345748 7.277756691 0.142309114 0.023617521 0.989540458 5.070542812
0.989019871 -0.026920021 -0.145310208 -3.980484009 0.023336761 0.999381423 -0.026308192 7.278003693 0.145928547 0.022628253 0.989036322 5.073304176
0.989077747 -0.021986553 -0.145745486 -3.967079639 0.018374102 0.999490798 -0.026086178 7.275232315 0.146244824 0.023123316 0.988978148 5.075246811
0.988808215 -0.023722092 -0.147294328 -3.963494301 0.020168034 0.999469399 -0.025575915 7.264605045 0.147822902 0.022319039 0.988761961 5.076179981
0.989681780 -0.018227873 -0.142118722 -3.979267120 0.014507919 0.999525607 -0.027167452 7.281044960 0.142546505 0.024825284 0.989476740 5.073595047
0.989187360 -0.020854240 -0.145167187 -3.977177143 0.017412474 0.999537289 -0.024939461 7.263475895 0.145620123 0.022142081 0.989092767 5.076168537
0.988950431 -0.012987059 -0.147676736 -3.949130297 0.010322170 0.999770045 -0.018797524 7.216350079 0.147886902 0.017065477 0.988857031 5.083077431
0.988338828 -0.026687536 -0.149913579 -3.961539507 0.024095524 0.999527574 -0.019080231 7.228963375 0.150351971 0.015245488 0.988514960 5.079524517
0.989382923 -0.023219651 -0.143465102 -3.989220619 0.019709965 0.999471843 -0.025836831 7.268481255 0.143989265 0.022734826 0.989318073 5.069248199
0.989443362 -0.020830339 -0.143415108 -3.980798960 0.017273640 0.999512672 -0.026000731 7.266944885 0.143886819 0.023248948 0.989320993 5.076989174
0.988303304 -0.021779262 -0.150937825 -3.946744680 0.018909421 0.999612570 -0.020422857 7.232280731 0.151324153 0.017329831 0.988332272 5.099038124
0.989504933 -0.018416224 -0.143320709 -3.986348629 0.014753448 0.999537885 -0.026577488 7.272259712 0.143743932 0.024184082 0.989319384 5.086356640
0.989463806 -0.024452936 -0.142700464 -3.991671085 0.020722296 0.999405026 -0.027571227 7.277800560 0.143289745 0.024323650 0.989381850 5.070606232
0.989878058 -0.018418301 -0.140720204 -3.996987820 0.014640447 0.999505341 -0.027834892 7.279235363 0.141163275 0.025492944 0.989658058 5.073283672
0.989195943 -0.021055650 -0.145079613 -3.979972124 0.017819092 0.999563336 -0.023572464 7.247385025 0.145512581 0.020732600 0.989139140 5.096398830
0.989466965 -0.020193186 -0.143343344 -3.986169100 0.016928591 0.999569654 -0.023957955 7.251658916 0.143765435 0.021279005 0.989382982 5.089754581
0.989585698 -0.022696840 -0.142144337 -3.991681337 0.018977141 0.999442458 -0.027469825 7.277893543 0.142688558 0.024486251 0.989464700 5.070740700
0.989564836 -0.025255701 -0.141857490 -3.997168303 0.021486262 0.999375820 -0.028041435 7.281469345 0.142477140 0.024700833 0.989489853 5.072094440
0.989756405 -0.024209093 -0.140698776 -4.001606464 0.020305350 0.999369800 -0.029115276 7.288041592 0.141314968 0.025960093 0.989624262 5.071733475
0.989733219 -0.025340989 -0.140662640 -4.007153988 0.021598466 0.999372602 -0.028069800 7.277121544 0.141285717 0.024743518 0.989659607 5.084393501
0.989570618 -0.023340190 -0.142145202 -3.991718292 0.019615659 0.999428034 -0.027547611 7.277844906 0.142706856 0.024472034 0.989462435 5.070779324
0.989564776 -0.025176590 -0.141872197 -3.996269464 0.021432618 0.999382138 -0.027856559 7.281521797 0.142485887 0.024525177 0.989492953 5.070322037
0.989555359 -0.024315774 -0.142087713 -3.992559433 0.020546395 0.999398530 -0.027935948 7.279581070 0.142681524 0.024724778 0.989459813 5.069286823
0.989574015 -0.024232391 -0.141972139 -3.991598129 0.020489588 0.999404430 -0.027765969 7.277938843 0.142560408 0.024567531 0.989481151 5.069645882
0.989539266 -0.023444951 -0.142346010 -3.991638660 0.019720789 0.999426782 -0.027517563 7.277806759 0.142909572 0.024422532 0.989434361 5.071072578
0.989539802 -0.023629054 -0.142311662 -3.991590738 0.019881133 0.999418557 -0.027700763 7.277638912 0.142883450 0.024581689 0.989434183 5.071400642
0.989475250 -0.024469513 -0.142618313 -3.991614103 0.020742051 0.999404788 -0.027564496 7.277872086 0.143207923 0.024316192 0.989393890 5.071591854
0.989553869 -0.023521215 -0.142231792 -3.991562128 0.019831814 0.999430478 -0.027301721 7.277801037 0.142792970 0.024195809 0.989456773 5.071247578
0.989542723 -0.023700468 -0.142279714 -3.991681814 0.019983750 0.999422193 -0.027495138 7.277761936 0.142849147 0.024364334 0.989444554 5.070802212
0.989566505 -0.023359338 -0.142170697 -3.991998911 0.019666238 0.999433100 -0.027326623 7.277902126 0.142728418 0.024245547 0.989464879 5.070405483
0.989546657 -0.023557497 -0.142276168 -3.991685152 0.019847253 0.999426365 -0.027441004 7.277957439 0.142840981 0.024330361 0.989446580 5.071018696
0.989599228 -0.023051035 -0.141993091 -3.991791487 0.019345816 0.999436796 -0.027419988 7.278097630 0.142545179 0.024387825 0.989487827 5.070363045
0.989598572 -0.022990648 -0.142007217 -3.991753817 0.019280173 0.999437213 -0.027449852 7.277874947 0.142558381 0.024426410 0.989484966 5.070745468
0.989577115 -0.023264991 -0.142112106 -3.991798162 0.019553224 0.999431670 -0.027459636 7.278024197 0.142670184 0.024394680 0.989469588 5.070724010
0.989589810 -0.023288511 -0.142019942 -3.991960049 0.019555490 0.999427080 -0.027624667 7.278015614 0.142581925 0.024559818 0.989478230 5.070498943
0.989566922 -0.023544980 -0.142136857 -3.991833448 0.019810958 0.999421895 -0.027629014 7.278175354 0.142705217 0.024524894 0.989461362 5.070274830
0.989551067 -0.023891009 -0.142189637 -3.991917849 0.020130824 0.999410093 -0.027825063 7.277925968 0.142770514 0.024671925 0.989448249 5.071154594
0.989558160 -0.023890203 -0.142140388 -3.992158175 0.020143220 0.999412119 -0.027742101 7.278439522 0.142719597 0.024589257 0.989457667 5.070981026
0.989574850 -0.023607099 -0.142071500 -3.991738319 0.019865235 0.999418914 -0.027699046 7.278110027 0.142642841 0.024587996 0.989468753 5.070122242
0.989574790 -0.023571113 -0.142078087 -3.991672993 0.019849440 0.999423206 -0.027555358 7.278046608 0.142645642 0.024447918 0.989471853 5.069504261
0.989565313 -0.023524819 -0.142151430 -3.991627455 0.019788867 0.999422073 -0.027638454 7.277851582 0.142719463 0.024537042 0.989458978 5.070790291
0.989583731 -0.023634845 -0.142005056 -3.991578579 0.019908069 0.999420583 -0.027607819 7.277805805 0.142575294 0.024493201 0.989480853 5.070365429
0.989545643 -0.023690373 -0.142260909 -3.991412163 0.019971903 0.999422014 -0.027509797 7.278053761 0.142830402 0.024380978 0.989446819 5.069689274
0.989567101 -0.023533965 -0.142137736 -3.991304874 0.019791169 0.999420643 -0.027688922 7.278058052 0.142707020 0.024586974 0.989459515 5.069848537
0.989567935 -0.023372024 -0.142158359 -3.991878510 0.019654207 0.999428511 -0.027501000 7.277809143 0.142719865 0.024420099 0.989461839 5.070944786
0.989583969 -0.023438174 -0.142036185 -3.991905212 0.019691221 0.999421537 -0.027728835 7.278006554 0.142603919 0.024643144 0.989472985 5.070564747
0.989574730 -0.023330146 -0.142118067 -3.991789103 0.019579994 0.999423683 -0.027729291 7.278028965 0.142683089 0.024657536 0.989461243 5.070688725
0.989621997 -0.022865655 -0.141864434 -3.991832495 0.019150546 0.999438405 -0.027498178 7.277892113 0.142413512 0.024496019 0.989504099 5.070572376
0.989626348 -0.022429531 -0.141903460 -3.991619349 0.018664619 0.999439061 -0.027807301 7.277872086 0.142447561 0.024870263 0.989489853 5.070821285
0.989722848 -0.023083363 -0.141123325 -3.991851807 0.019291077 0.999416649 -0.028181581 7.278653622 0.141691536 0.025169535 0.989590824 5.072325230
0.989600062 -0.023451736 -0.141921416 -3.992210388 0.019667463 0.999414146 -0.028008970 7.278401852 0.142495140 0.024926445 0.989481568 5.071712494
0.989419699 -0.023971433 -0.143087476 -3.992546320 0.020251764 0.999419510 -0.027395982 7.278083801 0.143661141 0.024208352 0.989330828 5.070044518
0.989643812 -0.021988889 -0.141850814 -3.992799520 0.018284960 0.999458313 -0.027362421 7.277751923 0.142375633 0.024485312 0.989509821 5.071249962
0.989704430 -0.021081196 -0.141565248 -3.983024597 0.017362071 0.999472260 -0.027455539 7.278957844 0.142069325 0.024715003 0.989548087 5.070240974
0.989080071 -0.024733160 -0.145288780 -3.976855040 0.020938292 0.999399960 -0.027591063 7.280686855 0.145884022 0.024247674 0.989004493 5.064670563
0.989225149 -0.021411698 -0.144827828 -3.977178574 0.017611042 0.999467373 -0.027474059 7.282419682 0.145338967 0.024627460 0.989075363 5.063760757
0.989557087 -0.023360118 -0.142236128 -3.989839554 0.019586869 0.999419630 -0.027870812 7.277683258 0.142804638 0.024793800 0.989440322 5.076567173
0.989427567 -0.023238763 -0.143153995 -3.969007015 0.019661821 0.999459386 -0.026351005 7.276460171 0.143688977 0.023257744 0.989349544 5.065599918
0.988627553 -0.019730870 -0.149084866 -3.925101042 0.016106091 0.999545515 -0.025481973 7.281913280 0.149519891 0.022791006 0.988496006 5.031162739
0.988478601 -0.020675024 -0.149941832 -3.936566114 0.016896402 0.999507844 -0.026431026 7.283691406 0.150414497 0.023593025 0.988341451 5.045571804
0.989541709 -0.022884693 -0.142420292 -3.991260052 0.019201979 0.999446154 -0.027179129 7.276761532 0.142963409 0.024160132 0.989433050 5.068930149
0.989411592 -0.023526385 -0.143217221 -3.983611584 0.019845210 0.999436319 -0.027078036 7.280943871 0.143773541 0.023949146 0.989320755 5.063385010
