1.000000000 0.000000000 0.000000000 0.000000000 0.000000000 1.000000000 0.000000000 -0.000000030 0.000000000 0.000000000 1.000000000 0.000000000
0.999991596 -0.004063648 0.000557459 -0.002159250 0.004053454 0.999843717 0.017209079 0.050699595 -0.000627304 -0.017206676 0.999851763 0.014777763
0.999933302 -0.011479294 -0.001250330 -0.003939823 0.011507859 0.999597609 0.025927406 0.100496545 0.000952199 -0.025940064 0.999663055 0.030405933
0.999936879 -0.010906624 -0.002704977 -0.005294231 0.010996608 0.999296904 0.035844456 0.144113153 0.002312133 -0.035871942 0.999353707 0.042018235
0.999976933 -0.004824608 -0.004778076 -0.007194314 0.005079953 0.998475909 0.054955497 0.182369024 0.004505655 -0.054978505 0.998477399 0.050642807
0.999987662 -0.000134902 -0.004969072 -0.009666401 0.000566086 0.996219099 0.086874828 0.212098524 0.004938564 -0.086876571 0.996206820 0.052235276
0.999962151 -0.002947118 -0.008184955 -0.010700848 0.003883014 0.993148744 0.116792426 0.218220383 0.007784676 -0.116819784 0.993122637 0.054903302
0.999927938 -0.002371277 -0.011768386 -0.010508816 0.003758096 0.992856026 0.119259164 0.195791572 0.011401517 -0.119294792 0.992793441 0.036839169
0.999972999 0.006557216 -0.003315287 -0.012676273 -0.006186320 0.994801700 0.101643294 0.132368386 0.003964550 -0.101620048 0.994815409 0.030611401
0.999732018 0.018544905 0.013857382 -0.012753690 -0.019513372 0.997113645 0.073373459 0.060235187 -0.012456681 -0.073624201 0.997208238 0.014264567
0.999087095 0.031020794 0.029370571 -0.014148449 -0.032274004 0.998544872 0.043202657 -0.017547101 -0.027987653 -0.044111121 0.998634517 -0.004522134
0.999082208 0.032521285 0.027875829 -0.017229563 -0.032958552 0.999338508 0.015372785 -0.086432777 -0.027357448 -0.016277423 0.999493182 -0.021478230
0.999335349 0.022828113 0.028421570 -0.015980802 -0.022432420 0.999648035 -0.014164235 -0.144255131 -0.028734908 0.013517257 0.999495685 -0.034396477
0.999467790 0.014610669 0.029166009 -0.014658685 -0.013197310 0.998756468 -0.048076928 -0.189976186 -0.029832177 0.047666430 0.998417735 -0.047013231
0.999416590 0.016917009 0.029670147 -0.012390234 -0.014687285 0.997163296 -0.073821828 -0.214283824 -0.030834826 0.073342979 0.996829987 -0.057820208
0.998981655 0.027141754 0.036040768 -0.010187798 -0.024514757 0.997144222 -0.071431622 -0.205441073 -0.037876621 0.070475355 0.996794164 -0.057056185
0.998729527 0.030283203 0.040276684 -0.007802374 -0.028314872 0.998418152 -0.048574060 -0.166162610 -0.041683950 0.047371924 0.998007178 -0.045450691
0.999057472 0.022523919 0.037105497 -0.004967546 -0.021607490 0.999455988 -0.024916524 -0.111927338 -0.037646528 0.024091283 0.999000669 -0.028878162
0.999218345 0.021952685 0.032874435 -0.000254322 -0.021473210 0.999658883 -0.014867770 -0.048015453 -0.033189610 0.014150229 0.999348879 -0.008481681
0.999494076 0.020170212 0.024592007 0.001714618 -0.020006411 0.999776125 -0.006888730 0.016676370 -0.024725446 0.006393247 0.999673843 0.008081828
0.999514341 0.015697330 0.026920881 0.000123517 -0.016157046 0.999725878 0.016944904 0.078994386 -0.026647512 -0.017371636 0.999493957 0.019580411
0.999314427 0.013266455 0.034563959 -0.000436425 -0.014999768 0.998617411 0.050381102 0.134841070 -0.033847794 -0.050865017 0.998131812 0.034723476
0.999481678 0.012292519 0.029753385 -0.002617745 -0.014702724 0.996508002 0.082192697 0.172979951 -0.028639132 -0.082587548 0.996172249 0.042427342
0.999620855 0.013201869 0.024164103 -0.005477646 -0.015581672 0.994753540 0.101106927 0.179517373 -0.022702526 -0.101445109 0.994582057 0.044302136
0.999806285 0.008651496 0.017680084 -0.007922122 -0.010328674 0.995222270 0.097087264 0.151275858 -0.016755665 -0.097251073 0.995118797 0.037659321
0.999749660 0.012156618 0.018784950 -0.012458971 -0.013467343 0.997363865 0.071301766 0.098505192 -0.017868644 -0.071536891 0.997277915 0.021970076
0.999526978 0.017658072 0.025179597 -0.014902429 -0.018890781 0.998591006 0.049589947 0.031506773 -0.024268454 -0.050042152 0.998452187 0.003437625
0.999124885 0.020928679 0.036214400 -0.014412881 -0.022222714 0.999115169 0.035706948 -0.027269911 -0.035435054 -0.036480483 0.998705924 -0.011331384
0.998930931 0.016374666 0.043230068 -0.013725320 -0.017475143 0.999529600 0.025202278 -0.094496623 -0.042797055 -0.025930788 0.998747230 -0.028606787
0.998314738 0.005908288 0.057729963 -0.006881556 -0.005895972 0.999982536 -0.000383671 -0.150504529 -0.057731222 0.000042650 0.998332143 -0.042001080
0.997704744 0.000986033 0.067707211 -0.001723952 0.001300601 0.999430478 -0.033720009 -0.203203619 -0.067701906 0.033730671 0.997135222 -0.055714428
0.997442305 0.004831307 0.071312949 0.000251899 -0.000454514 0.998121500 -0.061263502 -0.234909639 -0.071474969 0.061074391 0.995570838 -0.066571042
0.996972859 0.011366807 0.076915167 0.002445435 -0.006343101 0.997848988 -0.065246664 -0.241490066 -0.077491365 0.064561270 0.994900465 -0.071157701
0.996926010 0.016875848 0.076510102 0.002319126 -0.012363767 0.998177350 -0.059068412 -0.214033723 -0.077367485 0.057940878 0.995317578 -0.064086035
0.997220337 0.016806526 0.072588995 0.005550083 -0.013111483 0.998608291 -0.051083479 -0.164878070 -0.073346511 0.049989734 0.996052861 -0.044045135
0.997788489 0.019141421 0.063653581 0.008286771 -0.016587023 0.999045134 -0.040418867 -0.103250436 -0.064366482 0.039273653 0.997153223 -0.026717108
0.997791648 0.025361065 0.061389133 0.009277070 -0.023943584 0.999431968 -0.023716755 -0.040611789 -0.061955743 0.022194505 0.997832119 -0.005484926
0.997898817 0.023953000 0.060201712 0.012241619 -0.024293868 0.999692678 0.004936464 0.024720429 -0.060064964 -0.006388624 0.998174012 0.014018412
0.998595595 0.006745630 0.052548531 0.011482505 -0.009320919 0.998759329 0.048917994 0.087740041 -0.052153353 -0.049339093 0.997419536 0.030663321
0.998675406 -0.000112396 0.051452536 0.011924450 -0.004256139 0.996390045 0.084786721 0.139302239 -0.051276322 -0.084893398 0.995069742 0.044732910
0.998834968 0.007902171 0.047605265 0.014315841 -0.012668397 0.994839609 0.100666292 0.177789584 -0.046564121 -0.101152100 0.993780673 0.051529679
0.999314904 0.012729365 0.034751732 0.011843096 -0.016252320 0.994543016 0.103053406 0.194107503 -0.033250291 -0.103547603 0.994068563 0.052004870
0.999599338 0.013913129 0.024650399 0.008811657 -0.016400138 0.994468510 0.103746653 0.181917325 -0.023070604 -0.104109347 0.994298220 0.047310524
0.999600351 0.016216420 0.023155740 0.007231275 -0.018459938 0.994794548 0.100215040 0.142516881 -0.021410076 -0.100602441 0.994696319 0.037882287
0.999441326 0.020578846 0.026335500 0.005572851 -0.022932105 0.995455861 0.092421286 0.087612256 -0.024313904 -0.092973582 0.995371640 0.024701850
0.998460531 0.035082992 0.042961545 0.004302126 -0.038519707 0.995890021 0.081971169 0.020097887 -0.039909184 -0.083499849 0.995708287 0.010848320
0.998058736 0.036718357 0.050303996 0.004031363 -0.039642807 0.997504234 0.058427516 -0.051959854 -0.048033088 -0.060308289 0.997023463 -0.003415680
0.997518599 0.032937616 0.062223054 0.003565640 -0.034250379 0.999210119 0.020149922 -0.124169745 -0.061510213 -0.022231085 0.997858822 -0.019205119
0.997008383 0.025182812 0.073075727 0.006932886 -0.023634126 0.999478996 -0.021980880 -0.186518803 -0.073591188 0.020188043 0.997084141 -0.040777363
0.996712744 0.021139851 0.078209758 0.007490343 -0.017092483 0.998497546 -0.052062456 -0.236004874 -0.079192847 0.050554518 0.995576560 -0.055343088
0.996770918 0.011978455 0.079399042 0.005322247 -0.006745375 0.997806609 -0.065852024 -0.264994889 -0.080013700 0.065103807 0.994665444 -0.067209154
0.996222854 0.007389832 0.086518191 0.003915715 -0.002031410 0.998082817 -0.061858974 -0.265266269 -0.086809449 0.061449572 0.994327962 -0.066811219
0.995752871 0.004726592 0.091944799 0.003639452 0.000015093 0.998672903 -0.051502071 -0.240878806 -0.092066213 0.051284723 0.994431317 -0.058093581
0.994555056 0.011091457 0.103620611 0.007323316 -0.007082430 0.999215007 -0.038977608 -0.198198795 -0.103971593 0.038031489 0.993852854 -0.038733374
0.993541181 0.025754653 0.110510878 0.012515713 -0.022877678 0.999367535 -0.027223123 -0.149028003 -0.111142106 0.024519062 0.993502021 -0.021848718
0.993912399 0.032688715 0.105212316 0.016357500 -0.031751104 0.999439836 -0.010574675 -0.099189371 -0.105499059 0.007169693 0.994393528 -0.006386408
0.995539427 0.034921821 0.087645702 0.019355332 -0.036090713 0.999279022 0.011787059 -0.048484173 -0.087170891 -0.014897676 0.996081948 0.003928552
0.997144043 0.038055062 0.065234303 0.016857490 -0.040587701 0.998455107 0.037948083 -0.006781752 -0.063689411 -0.040487420 0.997148156 0.008397995
0.998685539 0.025822816 0.044276129 0.017940927 -0.028835231 0.997213244 0.068806276 0.019179491 -0.042375971 -0.069992542 0.996647060 0.004041329
0.999552548 0.010608355 0.027966470 0.015986655 -0.013447745 0.994551003 0.103380166 0.031996291 -0.026717387 -0.103710003 0.994248688 -0.005706554
0.999777913 -0.003926484 0.020706633 0.017502893 0.000912389 0.989634514 0.143606052 0.035243139 -0.021055864 -0.143555269 0.989418268 -0.011623121
0.999115229 -0.011632077 0.040415358 0.017295409 0.003587371 0.981058657 0.193677679 0.034653228 -0.041902710 -0.193361327 0.980232418 -0.017528437
0.997801542 -0.023551501 0.061947230 0.014715288 0.008451001 0.972311199 0.233536959 0.032281164 -0.065732129 -0.232500017 0.970372617 -0.023476111
0.997217715 -0.032741733 0.066968404 0.009652307 0.013527488 0.962944508 0.269360185 0.030135300 -0.073306181 -0.267704844 0.960708261 -0.031832069
0.996706009 -0.043513842 0.068437248 0.006985672 0.020316305 0.950929880 0.308738738 0.029786849 -0.078513429 -0.306331366 0.948681593 -0.042169966
0.996415436 -0.051096190 0.067419700 0.006754181 0.024657872 0.937795162 0.346312404 0.031951219 -0.080921106 -0.343408585 0.935693502 -0.053991791
0.996761560 -0.049279336 0.063545011 0.010591124 0.021888632 0.926653385 0.375279099 0.031909045 -0.077377699 -0.372672886 0.924731135 -0.064535148
0.996970952 -0.050242707 0.059368439 0.018626079 0.023686647 0.923220336 0.383540332 0.028366216 -0.074080251 -0.380972326 0.921613932 -0.070888072
0.997245967 -0.050772216 0.054061804 0.026904780 0.027082693 0.927895308 0.371855855 0.024192907 -0.069043644 -0.369367599 0.926714897 -0.071616873
0.997687995 -0.047729973 0.048379395 0.035423137 0.027418721 0.934052765 0.356080979 0.022183744 -0.062184643 -0.353931218 0.933201909 -0.069027670
0.998331189 -0.039686237 0.041950759 0.038506176 0.022746000 0.937951922 0.346018612 0.021656908 -0.053079966 -0.344486952 0.937289298 -0.064557925
0.998878419 -0.029701212 0.036874544 0.039573528 0.015100846 0.937954068 0.346430480 0.019290723 -0.044876035 -0.345485091 0.937350631 -0.059395451
0.999154508 -0.022467280 0.034431323 0.043213356 0.008873245 0.935581565 0.352999210 0.017932156 -0.040144242 -0.352395236 0.934989870 -0.057450835
0.999176323 -0.022981497 0.033443771 0.052903425 0.009492332 0.933674932 0.357995927 0.016377073 -0.039452888 -0.357383609 0.933124006 -0.051237192
0.998965442 -0.027206624 0.036440019 0.070022114 0.012218172 0.932408214 0.361200333 0.014032411 -0.043804016 -0.360381424 0.931775987 -0.044654537
0.998628616 -0.034357175 0.039502904 0.093358830 0.017598985 0.930932403 0.364767194 0.011993917 -0.049306907 -0.363571763 0.930260420 -0.038417261
0.998219788 -0.044236630 0.040004618 0.124544986 0.026464542 0.929610312 0.367592573 0.009781174 -0.053449765 -0.365879476 0.929126143 -0.034008425
0.997570515 -0.051825881 0.046552949 0.159868434 0.031449676 0.931309104 0.362869561 0.006365463 -0.062161222 -0.360523880 0.930676341 -0.028827483
0.996333838 -0.064062059 0.056700170 0.197863057 0.040265877 0.935924053 0.349892676 0.001514273 -0.075481892 -0.346326828 0.935072303 -0.023589179
0.994885743 -0.072775781 0.070042931 0.234601066 0.044400595 0.937959015 0.343891740 -0.001521905 -0.090724386 -0.339023054 0.936393321 -0.019231344
0.992987216 -0.081790864 0.085362181 0.269059420 0.046582177 0.934325874 0.353362739 -0.000603450 -0.108657941 -0.346908331 0.931583643 -0.015948836
0.990869045 -0.090269655 0.100149609 0.301034182 0.046754837 0.926756084 0.372742712 0.003419843 -0.126461610 -0.364656746 0.922514439 -0.012955713
0.990476131 -0.092474177 0.102007776 0.324567646 0.046705350 0.922613859 0.382886797 0.008036057 -0.129520923 -0.374475926 0.918146014 -0.008631157
0.990940034 -0.091782585 0.098050222 0.342513144 0.047488946 0.922343910 0.383440346 0.009465532 -0.125629172 -0.375310093 0.918346167 -0.008011995
0.991116583 -0.093309388 0.094769642 0.347563565 0.051230744 0.925444007 0.375404805 0.012946994 -0.122732788 -0.367214829 0.922003269 -0.006384865
0.990931869 -0.096232988 0.093772195 0.346029699 0.054639645 0.926185131 0.373089284 0.013745124 -0.122753911 -0.364582390 0.923044503 -0.006513693
0.990584671 -0.094051383 0.099480167 0.337202728 0.050366722 0.926062584 0.373993725 0.013082491 -0.127299488 -0.365461975 0.922080457 -0.009078148
0.990895152 -0.092639111 0.097697556 0.319194436 0.049965151 0.926850438 0.372091025 0.010825795 -0.125021204 -0.363821715 0.923040330 -0.013542118
0.991885543 -0.089692675 0.090101376 0.293528497 0.049530588 0.925341845 0.375884473 0.011312943 -0.117088661 -0.368371606 0.922275782 -0.018605733
0.992916405 -0.086459264 0.081496969 0.262244642 0.049238618 0.923669457 0.380013555 0.012576019 -0.108131960 -0.373308927 0.921383739 -0.024026252
0.994010270 -0.081791401 0.072482616 0.223898277 0.048500434 0.924493432 0.378100067 0.013309089 -0.097935036 -0.372319907 0.922922850 -0.028293379
0.995281875 -0.074000724 0.062752731 0.181711495 0.045697816 0.928057969 0.369621575 0.012148976 -0.085590430 -0.365009964 0.927060962 -0.034770764
0.996346176 -0.066187948 0.053976253 0.137512341 0.042390816 0.931896269 0.360239357 0.009172281 -0.074143767 -0.356635004 0.931297064 -0.040935628
0.997230709 -0.061762020 0.041428611 0.093320876 0.043261975 0.934869111 0.352346718 0.008050726 -0.060491972 -0.349578679 0.934952140 -0.050621331
0.998053610 -0.052749999 0.033262968 0.044123441 0.037282087 0.932281017 0.359808505 0.007732726 -0.049990334 -0.357868075 0.932433069 -0.055946752
0.998622835 -0.043967683 0.028622739 -0.003802533 0.030583801 0.931160986 0.363323361 0.010412311 -0.042626865 -0.361947626 0.931223333 -0.059310082
0.999002337 -0.037787698 0.023799982 -0.052211687 0.026689896 0.932485700 0.360219538 0.012491963 -0.035805009 -0.359224916 0.932563901 -0.062794499
0.999303162 -0.032871351 0.017682999 -0.098184772 0.024411434 0.933942854 0.356587768 0.015388779 -0.028236434 -0.355907619 0.934094489 -0.066577621
0.999522388 -0.029744325 0.008381930 -0.143789068 0.024811627 0.934115767 0.356106997 0.019043688 -0.018421855 -0.355728924 0.934407592 -0.070185542
0.999751687 -0.021908302 -0.004074562 -0.186216965 0.021880168 0.930434823 0.365803570 0.024940077 -0.004223020 -0.365801901 0.930683136 -0.073686667
0.999628246 -0.016672470 -0.021574337 -0.221046537 0.023535267 0.927125514 0.374011159 0.032490641 0.013766430 -0.374379873 0.927173257 -0.076050729
0.999151647 -0.016377090 -0.037785593 -0.247276396 0.029193556 0.928817451 0.369385809 0.034208506 0.029046455 -0.370175511 0.928507626 -0.078477912
0.998714328 -0.013977094 -0.048727266 -0.264260292 0.030407423 0.934281051 0.355238378 0.035007142 0.040559761 -0.356263340 0.933504879 -0.080460876
0.998617113 -0.011272379 -0.051349644 -0.269199938 0.028610557 0.935962021 0.350936741 0.032403670 0.044105422 -0.351920575 0.934990168 -0.085397296
0.998955965 -0.008856557 -0.044816177 -0.260369301 0.024146870 0.935148597 0.353431821 0.033325762 0.038779598 -0.354144990 0.934386134 -0.085190386
0.999464869 -0.007826682 -0.031760287 -0.240022689 0.018617406 0.934455156 0.355593860 0.030759143 0.026895443 -0.355994880 0.934100807 -0.088558085
0.999818325 -0.007888945 -0.017350219 -0.209294960 0.013463613 0.936668813 0.349957526 0.027851332 0.013490614 -0.350127578 0.936604857 -0.090519488
0.999954700 -0.008710424 -0.003842151 -0.172961533 0.009501114 0.938593447 0.344894350 0.025182493 0.000602042 -0.344915211 0.938633680 -0.092282072
0.999862254 -0.015375873 0.006247757 -0.130234241 0.012244741 0.937529564 0.347689986 0.022909231 -0.011203494 -0.347565591 0.937588751 -0.091666609
0.999650538 -0.024577569 0.009733630 -0.086237982 0.019447867 0.933160067 0.358934611 0.021479849 -0.017904777 -0.358619899 0.933311939 -0.088688783
0.999464810 -0.028852131 0.015414651 -0.038814846 0.021210160 0.930333793 0.366099983 0.021874009 -0.024903536 -0.365577132 0.930447817 -0.085529104
0.999431610 -0.030788980 0.013729019 0.008307220 0.023664717 0.930810750 0.364734590 0.022106057 -0.024008924 -0.364202380 0.931010306 -0.081370980
0.999312162 -0.035313535 0.011320596 0.052850030 0.028779190 0.931028962 0.363808692 0.021078881 -0.023387175 -0.363232672 0.931404889 -0.076136701
0.999103129 -0.040057562 0.013724018 0.093169034 0.032213643 0.929414749 0.367628217 0.021512996 -0.027481593 -0.366856396 0.929871559 -0.070837371
0.998784125 -0.044580352 0.021045461 0.126528293 0.033528756 0.927245021 0.372951001 0.023561886 -0.036140583 -0.371791929 0.927612364 -0.065356255
0.998322725 -0.051708654 0.026036736 0.151504055 0.038210846 0.926375389 0.374657840 0.028190657 -0.043492842 -0.373034567 0.926797509 -0.058155291
0.997452617 -0.056625623 0.043379646 0.171167403 0.036880095 0.929930806 0.365880489 0.033537440 -0.061058279 -0.363348603 0.929650307 -0.048491601
0.995341182 -0.063597769 0.072465643 0.186213881 0.035613596 0.940958083 0.336644530 0.037636071 -0.089596972 -0.332495391 0.938839316 -0.036565311
0.993261397 -0.063604444 0.096882910 0.194846198 0.032091912 0.954203904 0.297430754 0.039144617 -0.111363962 -0.292317331 0.949815035 -0.027140971
0.990768969 -0.064101376 0.119448289 0.200811699 0.031005623 0.964935184 0.260650575 0.036844328 -0.131967917 -0.254540920 0.958015323 -0.018582594
0.987936795 -0.073071688 0.136533469 0.206271127 0.036909871 0.967372358 0.250655890 0.032927126 -0.150394559 -0.242592752 0.958399832 -0.009561061
0.984095633 -0.091630995 0.152182654 0.217924163 0.048609018 0.962900758 0.265441835 0.028537584 -0.170859471 -0.253822684 0.952040493 0.002451538
0.979397714 -0.111258090 0.168528363 0.231088549 0.060261279 0.957538903 0.281935841 0.023731565 -0.192740098 -0.265971571 0.944515944 0.020709503
0.976632774 -0.121977895 0.176945776 0.244160175 0.064386487 0.951575696 0.300596267 0.018513914 -0.205043405 -0.282179266 0.937193751 0.042612553
0.976573229 -0.131223500 0.170543745 0.252160221 0.072006881 0.946133912 0.315666914 0.011070192 -0.202780142 -0.295991540 0.933418036 0.067667678
0.979934931 -0.129052579 0.151897967 0.251633734 0.074625492 0.944211543 0.320773363 0.000787157 -0.184820443 -0.303001583 0.934896469 0.095591068
0.985710740 -0.111602880 0.126170933 0.241238639 0.068323098 0.949536204 0.306125641 -0.011590521 -0.153968364 -0.293130934 0.943593144 0.125610009
0.991577625 -0.085783206 0.097031400 0.221145123 0.054657437 0.956381261 0.286962450 -0.021348057 -0.117415577 -0.279242039 0.953014970 0.155635908
0.996463597 -0.059853099 0.058974180 0.190891355 0.041087605 0.959306300 0.279362142 -0.028594425 -0.073294990 -0.275951087 0.958373010 0.182045102
0.999228597 -0.038985606 0.004727542 0.147772908 0.036072124 0.958746135 0.281965673 -0.033209912 -0.015525116 -0.281577647 0.959412873 0.198509812
0.998567104 -0.017091099 -0.050711852 0.096076004 0.031189572 0.955913186 0.291988403 -0.032970168 0.043485727 -0.293151706 0.955076456 0.203911781
0.994490206 0.007452239 -0.104564317 0.036517814 0.024640348 0.952906191 0.302262485 -0.027686782 0.101892523 -0.303173602 0.947472274 0.195801169
0.988069057 0.028581759 -0.151336223 -0.025674546 0.019579405 0.951344430 0.307506710 -0.019498313 0.152761966 -0.306800932 0.939434409 0.165855318
0.979673386 0.034444224 -0.197619915 -0.084055543 0.028851952 0.950710714 0.308734030 -0.008657191 0.198513478 -0.308160216 0.930392206 0.132619515
0.974280953 0.042522278 -0.221288219 -0.128762126 0.030523855 0.948077857 0.316570163 0.005649564 0.223259732 -0.315182865 0.922396243 0.092928678
0.973358810 0.050267965 -0.223709092 -0.156096071 0.025701024 0.945603490 0.324304640 0.024067704 0.227842227 -0.321414351 0.919119596 0.049761649
0.976092935 0.044450011 -0.212759838 -0.164636999 0.029207718 0.943162858 0.331044912 0.043150119 0.215382114 -0.329344809 0.919316351 0.007914348
0.981562853 0.022052336 -0.189863428 -0.159659997 0.045670334 0.937492251 0.344996423 0.063163668 0.185603455 -0.347306818 0.919200420 -0.035131630
0.988456786 -0.010150198 -0.151162550 -0.134265155 0.064401820 0.931269765 0.358593047 0.080587834 0.137133315 -0.364188910 0.921173632 -0.071511395
0.994578004 -0.052624196 -0.089695774 -0.096847899 0.081518918 0.930061340 0.358246475 0.094716161 0.064570151 -0.363615960 0.929308414 -0.104631528
0.995183229 -0.096782818 -0.015602021 -0.048045587 0.096253574 0.934491754 0.342724949 0.102740318 -0.018589925 -0.342575878 0.939306200 -0.130278379
0.989178777 -0.133046120 0.061839219 0.004699519 0.105621524 0.938315928 0.329252690 0.104892999 -0.101830512 -0.319158226 0.942214727 -0.147698045
0.977735519 -0.166988298 0.127075344 0.060981076 0.117095813 0.936704040 0.329960763 0.102710105 -0.174131572 -0.307734370 0.935402453 -0.148967519
0.966542661 -0.186457068 0.176150769 0.118100822 0.118797906 0.934037387 0.336840034 0.100268953 -0.227337599 -0.304643929 0.924937665 -0.131066680
0.957755446 -0.195553035 0.210863650 0.174636722 0.115712374 0.933295190 0.339956909 0.092469640 -0.263277620 -0.301196069 0.916496515 -0.100842781
0.954005659 -0.187055677 0.234272122 0.229131594 0.103492625 0.938910067 0.328233331 0.079944476 -0.281358361 -0.288890988 0.915084422 -0.062316358
0.953376234 -0.179310918 0.242737174 0.271625280 0.099907033 0.946516037 0.306799680 0.063751228 -0.284767151 -0.268244356 0.920300305 -0.015944451
0.954156220 -0.179983005 0.239148453 0.294370830 0.106628343 0.950981975 0.290282041 0.048110433 -0.279671699 -0.251474410 0.926576674 0.031845219
0.959824800 -0.172358185 0.221425056 0.291323811 0.106890410 0.954203188 0.279411376 0.035485227 -0.259443343 -0.244517744 0.934291303 0.075189576
0.972057045 -0.144958436 0.184640527 0.260598332 0.092475660 0.959421515 0.266380489 0.027170856 -0.215762198 -0.241862297 0.946017623 0.110681824
0.985585392 -0.106407478 0.131525353 0.205155984 0.070176601 0.964532673 0.254464000 0.022110455 -0.153937384 -0.241566002 0.958096623 0.136909455
0.996279299 -0.063142315 0.058656499 0.129307523 0.046621971 0.967282057 0.249382868 0.020487500 -0.072483987 -0.245720312 0.966626942 0.146823034
0.999514282 -0.026796995 -0.015908690 0.049178008 0.029984275 0.966045320 0.256627023 0.024427854 0.008491682 -0.256979406 0.966379583 0.145551145
0.996483088 -0.000640544 -0.083791889 -0.024691844 0.023077447 0.963397861 0.267080605 0.032644901 0.080553852 -0.268074989 0.960024416 0.134027258
0.990643084 0.022162130 -0.134666890 -0.076291516 0.015992442 0.961079359 0.275809199 0.044963554 0.135538101 -0.275382131 0.951732159 0.114563338
0.986511171 0.034632109 -0.159988537 -0.103839397 0.012066820 0.959319174 0.282065839 0.056613952 0.163248613 -0.280191630 0.945961177 0.088158406
0.985079348 0.030561550 -0.169365540 -0.103605792 0.020003544 0.957104027 0.289053231 0.066359468 0.170934364 -0.288128287 0.942212045 0.057379402
0.986509860 0.033218108 -0.160296217 -0.078878492 0.016226463 0.954531074 0.297669411 0.082431912 0.162895724 -0.296254873 0.941115320 0.028011672
0.991654336 0.028111132 -0.125823200 -0.035428777 0.011289226 0.953257322 0.301948756 0.096063957 0.128430009 -0.300849229 0.944984376 0.002803071
0.997561634 0.014582900 -0.068250142 0.019697612 0.006660032 0.953571558 0.301092893 0.109632328 0.069472201 -0.300813287 0.951149285 -0.020045694
0.999971986 0.000061621 -0.007482902 0.076176129 0.002217196 0.952625394 0.304138124 0.121421412 0.007147143 -0.304146171 0.952598572 -0.042770319
0.998191595 -0.033193670 0.050117061 0.120355047 0.015800249 0.949280500 0.314033329 0.133479998 -0.057999067 -0.312673569 0.948088288 -0.071769781
0.994102180 -0.061734982 0.089161113 0.142909169 0.029806666 0.946031570 0.322700918 0.144734263 -0.104271159 -0.318140090 0.942292094 -0.100922242
0.991428435 -0.080063894 0.103244290 0.136691257 0.042847220 0.945776403 0.321980000 0.150530607 -0.123424992 -0.314796388 0.941100180 -0.134824753
0.990090907 -0.089363307 0.108324334 0.107946932 0.051041380 0.947637558 0.315242440 0.152811930 -0.130823314 -0.306589633 0.942808628 -0.170748994
0.990506411 -0.082911178 0.109648228 0.069148563 0.045960695 0.951474071 0.304277390 0.154158264 -0.129555449 -0.296349198 0.946251810 -0.211212575
0.991957068 -0.069487683 0.105794989 0.031547055 0.035561994 0.955165327 0.293929428 0.156203955 -0.121476181 -0.287803084 0.949954152 -0.245778516
0.992394030 -0.064670011 0.104746774 0.001553225 0.031036541 0.954847693 0.295470089 0.159104422 -0.119125277 -0.289971799 0.949592292 -0.269875377
0.993182957 -0.059355527 0.100322351 -0.015338689 0.027146921 0.954761624 0.296130627 0.161651239 -0.113360912 -0.291388422 0.949864268 -0.276379704
0.993618071 -0.046869688 0.102598220 -0.019785473 0.015662171 0.958100021 0.286005288 0.159256771 -0.111704335 -0.282573134 0.952719569 -0.265114814
0.993465126 -0.034262970 0.108871885 -0.011253750 0.002313331 0.959726810 0.280925423 0.151152194 -0.114112608 -0.278837770 0.953534365 -0.232475281
0.993281245 -0.030791793 0.111553594 0.004236910 -0.003649376 0.955138147 0.296138138 0.138832346 -0.115667716 -0.294555575 0.948608458 -0.183436126
0.994898200 -0.024110110 0.097960748 0.021469614 -0.008241111 0.948354125 0.317106545 0.121879332 -0.100546949 -0.316296041 0.943317115 -0.126723111
0.997223198 -0.013470469 0.073242106 0.038741209 -0.010969616 0.946205795 0.323379427 0.098911069 -0.073658176 -0.323284894 0.943430603 -0.065861166
0.999050558 0.001057243 0.043552615 0.052317396 -0.014757961 0.948810995 0.315499514 0.072448708 -0.040989637 -0.315842718 0.947925746 -0.003784604
0.999411523 0.031059669 0.014555467 0.059212096 -0.034034178 0.950760603 0.308051825 0.048249666 -0.004270779 -0.308365941 0.951258242 0.052653644
0.998383939 0.051053889 -0.024960060 0.056766987 -0.041302063 0.953555405 0.298372567 0.031046059 0.039033879 -0.296859503 0.954123080 0.099251769
0.995288134 0.064947270 -0.071995713 0.042447541 -0.042052224 0.958186388 0.283037871 0.023548670 0.087367855 -0.278676659 0.956402719 0.126795471
0.990824044 0.075657658 -0.111998282 0.019380104 -0.043348059 0.962755740 0.266875058 0.024386935 0.128018141 -0.259571344 0.957201183 0.130800307
0.986785889 0.089069143 -0.135352716 -0.003627143 -0.052249249 0.965652883 0.254528046 0.032292873 0.153374329 -0.244092613 0.957546413 0.114214055
0.983874083 0.095628299 -0.151152134 -0.019577667 -0.054796748 0.965594292 0.254214317 0.043012757 0.170261741 -0.241832241 0.955263376 0.081670165
0.982394516 0.106297061 -0.153629318 -0.031106161 -0.062415909 0.961844325 0.266382664 0.059835393 0.176083192 -0.252103955 0.951545238 0.046451956
0.982787251 0.108962685 -0.149185598 -0.034928799 -0.061420307 0.954320848 0.292402655 0.082398020 0.174231887 -0.278206557 0.944586873 0.005343040
0.983884573 0.116922580 -0.135278374 -0.031583849 -0.066891097 0.942321420 0.327957273 0.107017301 0.165821314 -0.313623190 0.934956551 -0.027875420
0.985290229 0.124692328 -0.116854489 -0.023099795 -0.076508693 0.933315158 0.350812197 0.127540424 0.152805656 -0.336711466 0.929126382 -0.046169959
0.986453354 0.127514020 -0.103198573 -0.010943012 -0.083431527 0.931647301 0.353655845 0.142792597 0.141240761 -0.340254992 0.929665327 -0.044539750
0.985761762 0.128260121 -0.108734004 0.001235805 -0.084563777 0.937079847 0.338718683 0.149951369 0.145336539 -0.324700981 0.934583664 -0.023517165
0.983733535 0.126484931 -0.127553478 0.011919076 -0.081560440 0.947163463 0.310208410 0.151504934 0.160050675 -0.294759125 0.942072630 0.009785522
0.980024040 0.123180360 -0.156139269 0.020743018 -0.077487260 0.959554553 0.270648748 0.154857904 0.183162764 -0.253143460 0.949931502 0.048954550
0.977440357 0.114003807 -0.177801937 0.028063990 -0.072455660 0.971721649 0.224738181 0.163453400 0.198394984 -0.206785411 0.958060145 0.087369271
0.977371573 0.106333390 -0.182860583 0.034892038 -0.071901485 0.979998350 0.185562521 0.176133767 0.198934555 -0.168215603 0.965468049 0.123613201
0.976714432 0.098485440 -0.190603107 0.039681714 -0.069782615 0.985937357 0.151848495 0.189109623 0.202877581 -0.135011822 0.969851792 0.151227087
0.973637879 0.082782038 -0.212547466 0.043415703 -0.060594209 0.992207408 0.108870432 0.195236638 0.219903693 -0.093121231 0.971066833 0.169348985
0.973914504 0.064693056 -0.217498079 0.036896382 -0.056053068 0.997382760 0.045668673 0.199218944 0.219883278 -0.032285947 0.974991798 0.187843248
0.975526333 0.048719652 -0.214417338 0.031535834 -0.050185420 0.998738945 -0.001394388 0.202832967 0.214079022 0.012120884 0.976741135 0.204716340
0.977388203 0.072567031 -0.198611155 0.025873108 -0.077699915 0.996811330 -0.018162841 0.211500093 0.196659818 0.033184215 0.979910076 0.220058113
0.981214643 0.068156466 -0.180478528 0.022549551 -0.071440712 0.997375607 -0.011752515 0.217190266 0.179203883 0.024425253 0.983508706 0.232453257
0.983095706 0.067935295 -0.170022413 0.021625537 -0.069167115 0.997604191 -0.001325426 0.227274790 0.169525042 0.013062980 0.985439301 0.238410175
0.982823908 0.062245250 -0.173731595 0.017938180 -0.067917138 0.997328520 -0.026889924 0.240521595 0.171593696 0.038227413 0.984425843 0.247703418
0.983408809 0.052708782 -0.173576742 0.013304709 -0.063559875 0.996316850 -0.057557784 0.251730651 0.169903636 0.067635350 0.983136952 0.253785968
0.984128892 0.048370291 -0.170735568 0.006854249 -0.059982877 0.996176183 -0.063522518 0.269693643 0.167010099 0.072755560 0.983267128 0.257252008
0.984511673 0.038843531 -0.170961961 0.000933010 -0.049941998 0.996881306 -0.061101817 0.285137862 0.168055370 0.068693630 0.983381212 0.261308521
0.984333098 0.037292574 -0.172330096 -0.000865973 -0.049623016 0.996463776 -0.067805208 0.296185195 0.169192061 0.075294442 0.982702792 0.265441686
0.984266639 0.035225168 -0.173142776 -0.009757997 -0.047783650 0.996478081 -0.068906970 0.307818830 0.170105711 0.076096229 0.982483268 0.269709885
0.982837915 0.029905627 -0.182031035 0.054733865 -0.041642703 0.997268677 -0.061001047 0.228308693 0.179709584 0.067534402 0.981398761 0.234721452
0.982879281 0.027289232 -0.182218626 0.049676966 -0.039304726 0.997260869 -0.062657259 0.247380212 0.180009648 0.068746574 0.981259644 0.231397435
0.983080745 0.027616911 -0.181078792 0.045738790 -0.039862722 0.997131586 -0.064339839 0.264387906 0.178782523 0.070469551 0.981361747 0.226697803
0.983373582 0.026373196 -0.179668829 0.043217503 -0.038985234 0.996989012 -0.067030340 0.276641786 0.177360043 0.072920293 0.981440783 0.221134990
0.983512580 0.025961008 -0.178966597 0.042178467 -0.038730141 0.996917665 -0.068228327 0.283009470 0.176643685 0.074034818 0.981486559 0.214689806
0.983490765 0.025633320 -0.179133579 0.044058438 -0.038413644 0.996928811 -0.068244435 0.282259524 0.176834092 0.073998950 0.981454968 0.212319791
0.983493209 0.025550975 -0.179131910 0.043410584 -0.038200285 0.996986091 -0.067524292 0.272474855 0.176866695 0.073252566 0.981505096 0.215941325
0.983494103 0.025010891 -0.179203287 0.043099612 -0.037595563 0.997032523 -0.067177020 0.268581390 0.176991358 0.072805457 0.981515884 0.216123730
0.983413279 0.025119878 -0.179631218 0.043459013 -0.037519939 0.997115970 -0.065969467 0.258491814 0.177456006 0.071614996 0.981519580 0.220015332
0.983327925 0.025085742 -0.180102393 0.044981748 -0.037361026 0.997179627 -0.065091588 0.251745880 0.177961573 0.070735194 0.981491804 0.222839311
0.983069539 0.025495192 -0.181450546 0.050895147 -0.037541300 0.997290373 -0.063265726 0.236561358 0.179345906 0.069006503 0.981362879 0.231901005
0.982942462 0.025683692 -0.182111159 0.053976692 -0.037602358 0.997348905 -0.062299058 0.228834093 0.180028304 0.068084195 0.981302381 0.233444780
0.982893169 0.023233786 -0.182705313 0.048456013 -0.035157166 0.997438431 -0.062294133 0.235582173 0.180789977 0.067651875 0.981192231 0.242831782
0.982890964 0.023460837 -0.182688102 0.050293572 -0.035358984 0.997440577 -0.062145445 0.228992268 0.180762544 0.067541860 0.981204867 0.240047127
0.982851744 0.023917863 -0.182839677 0.052137796 -0.035665065 0.997486115 -0.061232530 0.222491816 0.180915490 0.066703491 0.981234014 0.236986637
0.982819438 0.024594601 -0.182923496 0.054219242 -0.036114197 0.997550130 -0.059912413 0.216885328 0.181001842 0.065489218 0.981299877 0.235032871
0.982790470 0.025524151 -0.182952046 0.055944812 -0.036858167 0.997587919 -0.058820177 0.212761119 0.181009412 0.064551182 0.981360674 0.233335033
0.982740462 0.026535880 -0.183076650 0.057651903 -0.037730109 0.997607112 -0.057934869 0.207986444 0.181101233 0.063842446 0.981390059 0.232032597
0.982743144 0.027247870 -0.182957545 0.058454178 -0.038319752 0.997623861 -0.057255615 0.203137159 0.180962726 0.063278452 0.981452167 0.231729001
0.982728839 0.027997743 -0.182921126 0.059732337 -0.038973715 0.997631013 -0.056686603 0.198809043 0.180900708 0.062836677 0.981491983 0.233465508
0.982717574 0.028645314 -0.182881534 0.059884291 -0.039395884 0.997685373 -0.055423956 0.187871754 0.180870593 0.061670873 0.981571436 0.234369323
0.982731104 0.029033052 -0.182747602 0.059417266 -0.039620191 0.997724652 -0.054550655 0.179346785 0.180748016 0.060849123 0.981645346 0.234667718
0.982722819 0.029212335 -0.182763442 0.059948880 -0.039635673 0.997773349 -0.053640876 0.172563344 0.180789515 0.059958067 0.981692493 0.235711813
0.982693493 0.029574610 -0.182862937 0.061889328 -0.039831139 0.997817218 -0.052671958 0.166498780 0.180906028 0.059044030 0.981726468 0.236118153
0.982854247 0.026843812 -0.182419583 0.054610409 -0.038511317 0.997411549 -0.060720921 0.228165597 0.180317417 0.066705033 0.981343985 0.233934462
0.982849300 0.026898399 -0.182438314 0.055090856 -0.038482666 0.997440815 -0.060256533 0.221730933 0.180350631 0.066243805 0.981369138 0.233684301
0.982826591 0.027065232 -0.182535976 0.055513166 -0.038475476 0.997500777 -0.059260260 0.215125367 0.180475891 0.065265715 0.981411636 0.233760625
0.982806027 0.027293451 -0.182612598 0.055680193 -0.038526960 0.997558177 -0.058252957 0.209374875 0.180576771 0.064286865 0.981457710 0.234561503
0.982826471 0.027403094 -0.182486147 0.055221900 -0.038464621 0.997612655 -0.057354357 0.205267265 0.180478811 0.063388638 0.981534123 0.236018717
0.982829571 0.027471263 -0.182459176 0.054089978 -0.038473982 0.997630358 -0.057038531 0.203428045 0.180459887 0.063079089 0.981557548 0.237319827
0.982847273 0.027474618 -0.182363257 0.053145371 -0.038452484 0.997636974 -0.056937054 0.202899337 0.180368021 0.062972747 0.981581271 0.238583922
0.982876360 0.027640769 -0.182181448 0.052233241 -0.038568079 0.997645319 -0.056712508 0.202740282 0.180184901 0.062767774 0.981628060 0.239738435
0.982877851 0.027520761 -0.182191610 0.051422246 -0.038499802 0.997631550 -0.057000563 0.204406694 0.180191398 0.063038930 0.981609464 0.240363330
0.982913792 0.027457606 -0.182006970 0.050371278 -0.038519155 0.997600913 -0.057521306 0.208059847 0.179990932 0.063549243 0.981613338 0.240747333
0.982957900 0.027195869 -0.181808114 0.049609415 -0.038283624 0.997596383 -0.057757001 0.210282251 0.179800361 0.063732974 0.981636345 0.241193920
0.982955694 0.027022611 -0.181845725 0.049065638 -0.038220029 0.997563899 -0.058356147 0.212651774 0.179825813 0.064311653 0.981593966 0.241616428
0.982860267 0.026510855 -0.182436049 0.054652251 -0.038230404 0.997403860 -0.061024766 0.228119701 0.180344611 0.066953421 0.981322110 0.234070346
0.982878625 0.026698338 -0.182309538 0.053699404 -0.038353760 0.997418404 -0.060708180 0.226818979 0.180218071 0.066661030 0.981365263 0.233756930
0.982893169 0.027010275 -0.182185262 0.053830810 -0.038615011 0.997423828 -0.060453519 0.226795822 0.180083066 0.066454440 0.981404066 0.233433217
0.982901692 0.027065601 -0.182131007 0.054257967 -0.038671438 0.997420311 -0.060475398 0.227280870 0.180024371 0.066484638 0.981412768 0.233443454
0.982882142 0.026879018 -0.182263970 0.054447450 -0.038485117 0.997429550 -0.060442071 0.227687031 0.180170834 0.066421881 0.981390119 0.233828753
0.982878983 0.027128614 -0.182244301 0.054575700 -0.038754717 0.997413278 -0.060538281 0.227941126 0.180130571 0.066564627 0.981387854 0.233875483
0.982868969 0.026962165 -0.182322919 0.054568600 -0.038582768 0.997422695 -0.060492299 0.228153244 0.180222005 0.066490524 0.981376112 0.234368026
0.982859731 0.026957883 -0.182373390 0.054572146 -0.038582422 0.997422516 -0.060495183 0.228219360 0.180272505 0.066494688 0.981366515 0.234686404
0.982861042 0.026852621 -0.182381839 0.054594129 -0.038460560 0.997432411 -0.060410153 0.228093266 0.180291384 0.066389292 0.981370211 0.234590158
0.982864976 0.026785325 -0.182370529 0.054522138 -0.038408134 0.997428954 -0.060500726 0.228082731 0.180281118 0.066468552 0.981366754 0.234608799
0.982839465 0.026528735 -0.182545364 0.054489799 -0.038152982 0.997440934 -0.060463935 0.228033364 0.180474192 0.066390991 0.981336474 0.234527841
0.982839227 0.026445476 -0.182558745 0.054510105 -0.038058896 0.997448027 -0.060406785 0.227967694 0.180495381 0.066318139 0.981337547 0.234515414
0.982834041 0.026183888 -0.182624355 0.054576371 -0.037902988 0.997419178 -0.060977820 0.228213251 0.180556402 0.066853084 0.981289983 0.234193429
0.982833326 0.026086517 -0.182642177 0.054345701 -0.037815660 0.997419119 -0.061033547 0.228086606 0.180578634 0.066892534 0.981283188 0.234591559
0.982827842 0.025779624 -0.182715058 0.054271758 -0.037517522 0.997427642 -0.061078470 0.228067487 0.180670470 0.066884637 0.981266856 0.234777346
0.982820034 0.025597081 -0.182782769 0.054436013 -0.037338495 0.997433841 -0.061086893 0.228117332 0.180750072 0.066862255 0.981253743 0.234725431
0.982812285 0.025525194 -0.182834581 0.054472893 -0.037266653 0.997437358 -0.061073497 0.228280708 0.180807129 0.066837415 0.981244922 0.234459534
0.982820153 0.025553202 -0.182788476 0.054644138 -0.037296191 0.997434795 -0.061096828 0.228377953 0.180758372 0.066864505 0.981252015 0.234238103
0.982824147 0.025584852 -0.182762414 0.054602396 -0.037323229 0.997434855 -0.061079029 0.228388503 0.180730909 0.066851228 0.981257975 0.234122366
0.982824802 0.025450539 -0.182777703 0.054638833 -0.037200104 0.997435451 -0.061144855 0.228374600 0.180752784 0.066894032 0.981251061 0.233821005
0.982818067 0.025555639 -0.182799160 0.054679263 -0.037329011 0.997423708 -0.061257556 0.228351742 0.180762738 0.067028746 0.981240034 0.233803332
0.982810080 0.025604030 -0.182835415 0.054700494 -0.037362110 0.997428656 -0.061156996 0.228251591 0.180799410 0.066936828 0.981239557 0.233809471
0.982817769 0.025678094 -0.182783559 0.054727606 -0.037430581 0.997427106 -0.061140150 0.228256673 0.180743322 0.066931322 0.981250226 0.234149396
0.982815504 0.025585372 -0.182808861 0.054644253 -0.037330892 0.997433305 -0.061100326 0.228226185 0.180776373 0.066874765 0.981248021 0.234089836
0.982835412 0.025838915 -0.182665959 0.054544106 -0.037571143 0.997426629 -0.061061330 0.228226885 0.180618122 0.066876210 0.981277049 0.234095126
0.982834756 0.025933625 -0.182656094 0.054469261 -0.037664637 0.997423768 -0.061050791 0.228111044 0.180602267 0.066882513 0.981279552 0.233786210
0.982852697 0.026039442 -0.182544529 0.054549448 -0.037770472 0.997417688 -0.061084345 0.228022635 0.180482537 0.066931710 0.981298208 0.233874708
0.982847273 0.026125111 -0.182561472 0.054513302 -0.037857339 0.997414827 -0.061077561 0.227989525 0.180493876 0.066941209 0.981295466 0.234193936
0.982848883 0.026037008 -0.182565361 0.054461747 -0.037771627 0.997416914 -0.061096217 0.228006199 0.180503011 0.066944137 0.981293619 0.234362364
0.982825100 0.025958430 -0.182704568 0.054566644 -0.037680861 0.997427225 -0.060983986 0.228178188 0.180651456 0.066821054 0.981274664 0.234415516
