1.000000000 0.000000000 0.000000000 0.000000000 0.000000000 1.000000000 0.000000000 -0.000000149 0.000000000 0.000000000 1.000000000 -0.000000075
1.000000000 0.000024091 0.000003290 0.000022540 -0.000024091 1.000000000 0.000016377 0.000360999 -0.000003289 -0.000016377 1.000000000 0.000228608
1.000000000 -0.000011532 0.000103453 0.000007227 0.000011549 1.000000000 -0.000164157 0.000594826 -0.000103451 0.000164158 1.000000000 0.000354044
1.000000000 -0.000029979 0.000001518 -0.000017040 0.000029979 0.999999940 -0.000297463 0.000803392 -0.000001509 0.000297463 0.999999940 0.000464023
1.000000000 -0.000044221 -0.000127257 -0.000072493 0.000044188 0.999999940 -0.000261558 0.001003289 0.000127268 0.000261552 0.999999940 0.000582039
1.000000000 -0.000176803 -0.000135131 -0.000247974 0.000176753 0.999999940 -0.000368721 0.000566318 0.000135196 0.000368697 0.999999940 0.000164788
1.000000000 -0.000124908 0.000082119 -0.000033189 0.000124943 0.999999881 -0.000421245 0.001158700 -0.000082066 0.000421255 0.999999881 0.000801533
1.000000000 -0.000143333 -0.000075218 -0.000047240 0.000143310 0.999999940 -0.000309139 0.001159026 0.000075262 0.000309129 0.999999940 0.000801113
1.000000000 -0.000071377 -0.000111499 -0.000270759 0.000071309 0.999999821 -0.000601468 0.001477725 0.000111542 0.000601460 0.999999821 0.000700319
1.000000000 -0.000068987 -0.000072611 -0.000049988 0.000068961 0.999999940 -0.000360833 0.001256628 0.000072636 0.000360828 0.999999940 0.000780317
0.999999940 -0.000198935 -0.000167100 -0.000312446 0.000198825 0.999999762 -0.000659661 0.001560868 0.000167231 0.000659627 0.999999762 0.000717619
1.000000000 -0.000129599 0.000019599 -0.000297871 0.000129611 0.999999821 -0.000614356 0.001446536 -0.000019519 0.000614359 0.999999821 0.000632391
0.999999404 -0.001040160 -0.000315398 0.000524417 0.001040240 0.999999404 0.000253095 0.000445636 0.000315135 -0.000253423 0.999999940 0.000324496
1.000000000 0.000106288 0.000012110 -0.000114347 -0.000106284 0.999999940 -0.000350734 0.001102885 -0.000012147 0.000350733 0.999999940 0.000572786
0.999999642 -0.000801712 -0.000303940 0.000900060 0.000801705 0.999999702 -0.000023943 0.001360838 0.000303959 0.000023699 0.999999940 0.001362526
0.999999464 -0.000940017 -0.000366962 0.000518441 0.000940092 0.999999523 0.000206486 0.000379361 0.000366767 -0.000206831 0.999999940 0.000125103
1.000000000 0.000028183 -0.000085837 -0.000081563 -0.000028203 1.000000000 -0.000221539 0.001028799 0.000085830 0.000221542 1.000000000 0.000445944
0.999999404 -0.001037656 -0.000261744 0.000555177 0.001037718 0.999999404 0.000236834 0.000298536 0.000261498 -0.000237105 0.999999940 0.000108644
0.999999464 -0.001027102 -0.000251919 0.000519262 0.001027175 0.999999404 0.000288189 0.000307592 0.000251623 -0.000288448 0.999999940 0.000223306
1.000000000 -0.000093314 -0.000133319 -0.000273074 0.000093241 0.999999821 -0.000548770 0.000742195 0.000133370 0.000548758 0.999999821 0.000228672
0.999999464 -0.000920371 -0.000505682 0.001032746 0.000920380 0.999999583 0.000016122 0.001263429 0.000505667 -0.000016587 0.999999881 0.001314039
1.000000000 -0.000118119 -0.000060001 -0.000250114 0.000118083 0.999999821 -0.000612165 0.001286645 0.000060073 0.000612158 0.999999821 0.000407574
0.999999940 -0.000272738 -0.000122370 -0.000270361 0.000272678 0.999999821 -0.000487077 0.001222253 0.000122503 0.000487044 0.999999881 0.000398453
0.999999940 -0.000183380 -0.000199753 -0.000284116 0.000183271 0.999999821 -0.000544226 0.001308629 0.000199853 0.000544189 0.999999821 0.000490308
1.000000000 -0.000158520 -0.000140442 -0.000295860 0.000158454 0.999999881 -0.000464909 0.001067690 0.000140516 0.000464887 0.999999881 0.000366159
0.999999940 -0.000310665 -0.000059932 -0.000069895 0.000310628 0.999999762 -0.000609011 0.001512978 0.000060121 0.000608993 0.999999821 0.000497007
1.000000000 -0.000153416 0.000089179 -0.000037414 0.000153439 0.999999940 -0.000256740 0.000860643 -0.000089140 0.000256754 0.999999940 0.000512571
0.999999940 -0.000290975 -0.000091287 -0.000309093 0.000290904 0.999999642 -0.000781646 0.002014264 0.000091515 0.000781619 0.999999702 0.000744012
1.000000000 -0.000189221 -0.000076582 -0.000091021 0.000189205 0.999999940 -0.000217532 0.000857652 0.000076623 0.000217518 1.000000000 0.000466869
0.999999404 -0.001050539 -0.000301672 0.000612068 0.001050599 0.999999404 0.000197120 0.000308988 0.000301465 -0.000197437 0.999999940 0.000051279
1.000000000 -0.000203863 -0.000019269 -0.000295593 0.000203851 0.999999762 -0.000641686 0.001345490 0.000019400 0.000641682 0.999999821 0.000410833
1.000000000 -0.000166940 -0.000020087 -0.000352307 0.000166928 0.999999821 -0.000577229 0.001474714 0.000020183 0.000577226 0.999999821 0.000302161
1.000000000 -0.000112293 -0.000193969 -0.000444245 0.000112208 0.999999881 -0.000435510 0.001393785 0.000194018 0.000435488 0.999999881 0.000251009
0.999999881 -0.000240076 -0.000392888 -0.000395613 0.000239984 0.999999940 -0.000234449 0.001734477 0.000392945 0.000234355 0.999999881 0.000309808
0.999999821 -0.000290446 0.000464223 -0.000472672 0.000290632 0.999999881 -0.000401381 0.001520945 -0.000464106 0.000401516 0.999999821 0.000069748
0.999999225 -0.001235719 -0.000237824 0.001335033 0.001235944 0.999998808 0.000948123 0.000759555 0.000236653 -0.000948416 0.999999523 0.000787482
0.999999344 -0.001108102 -0.000238794 0.001601193 0.001108259 0.999999166 0.000661044 0.000527101 0.000238062 -0.000661309 0.999999762 0.000226621
0.999999046 -0.001358481 -0.000335611 0.000985314 0.001358708 0.999998868 0.000678755 0.000748273 0.000334688 -0.000679211 0.999999702 0.001270147
0.999999642 -0.000829517 -0.000212071 0.001036257 0.000829626 0.999999523 0.000512332 0.000764376 0.000211646 -0.000512507 0.999999821 0.001299612
0.999999464 -0.000987843 -0.000226839 0.000988659 0.000987976 0.999999344 0.000583086 0.000897583 0.000226263 -0.000583310 0.999999821 0.001232027
0.999999344 -0.001096647 -0.000282451 0.000944487 0.001096774 0.999999285 0.000451545 0.000912868 0.000281956 -0.000451855 0.999999881 0.001185719
0.999999642 -0.000832195 -0.000249517 0.000949996 0.000832328 0.999999523 0.000535671 0.000930371 0.000249071 -0.000535879 0.999999821 0.001252271
0.999999225 -0.001168595 -0.000477263 0.001036791 0.001168700 0.999999285 0.000220940 0.000942740 0.000477004 -0.000221498 0.999999881 0.001539204
0.999999523 -0.000899770 -0.000327114 0.001070395 0.000899869 0.999999523 0.000304156 0.000978847 0.000326840 -0.000304450 0.999999881 0.001500585
0.999999106 -0.001244038 -0.000498298 0.001020990 0.001244135 0.999999225 0.000193254 0.000964189 0.000498057 -0.000193873 0.999999881 0.001409049
0.999999464 -0.000993730 -0.000366230 0.001054723 0.000993831 0.999999464 0.000277724 0.001006394 0.000365954 -0.000278088 0.999999881 0.001369583
0.999999285 -0.001110688 -0.000430758 0.001029434 0.001110784 0.999999344 0.000222974 0.000999491 0.000430510 -0.000223453 0.999999881 0.001328108
0.999998868 -0.001388455 -0.000573266 0.001215405 0.001388513 0.999999046 0.000100727 0.001348366 0.000573126 -0.000101523 0.999999821 0.001170168
1.000000000 -0.000231978 0.000003537 -0.000475477 0.000231980 0.999999821 -0.000524480 0.001337202 -0.000003416 0.000524481 0.999999881 0.000411603
0.999998808 -0.001464359 -0.000518839 0.001153870 0.001464408 0.999998927 0.000094684 0.001325801 0.000518699 -0.000095444 0.999999881 0.001174283
0.999999881 -0.000451194 -0.000056541 -0.000326252 0.000451157 0.999999702 -0.000648067 0.001518391 0.000056833 0.000648042 0.999999762 0.000382480
0.999999166 -0.001222622 -0.000415993 0.001180834 0.001222684 0.999999225 0.000150253 0.001295468 0.000415809 -0.000150761 0.999999881 0.001229628
0.999999046 -0.001310489 -0.000434384 0.001121298 0.001310558 0.999999106 0.000159319 0.001168181 0.000434175 -0.000159888 0.999999881 0.001177284
0.999999046 -0.001312877 -0.000360834 0.001063278 0.001312937 0.999999106 0.000166021 0.001227127 0.000360615 -0.000166495 0.999999940 0.001016231
0.999999881 0.000171708 0.000432140 -0.000379941 -0.000171689 1.000000000 -0.000042703 0.001240868 -0.000432148 0.000042628 0.999999881 0.000389391
0.999999821 -0.000543632 -0.000226549 -0.000364674 0.000543635 0.999999881 0.000015235 0.001704112 0.000226541 -0.000015358 1.000000000 0.000309627
0.999999940 -0.000276109 -0.000149347 -0.000350663 0.000276054 0.999999881 -0.000367809 0.001752248 0.000149449 0.000367768 0.999999940 0.000411104
0.999999940 -0.000167581 -0.000249805 -0.000253345 0.000167575 1.000000000 -0.000024148 0.001960522 0.000249809 0.000024106 0.999999940 0.000456839
0.999999225 -0.001123550 -0.000525763 0.000985539 0.001123835 0.999999225 0.000541148 0.001310015 0.000525154 -0.000541739 0.999999702 0.001244787
0.999999642 -0.000817012 -0.000293817 0.000672180 0.000817187 0.999999464 0.000597185 0.000990845 0.000293329 -0.000597425 0.999999762 0.001087748
0.999999940 -0.000262601 -0.000063517 -0.000319431 0.000262591 0.999999940 -0.000151186 0.002006904 0.000063557 0.000151170 1.000000000 0.000528410
0.999999940 -0.000334542 -0.000100775 -0.000338601 0.000334572 0.999999881 0.000296966 0.002064326 0.000100676 -0.000297000 0.999999940 0.000408271
0.999999940 0.000010897 -0.000277343 -0.000208380 -0.000010621 0.999999523 0.000994324 0.001451048 0.000277354 -0.000994321 0.999999464 0.000598868
0.999999940 -0.000256328 -0.000193530 -0.000257090 0.000256585 0.999999106 0.001327408 0.001455093 0.000193190 -0.001327457 0.999999106 0.000538276
1.000000000 -0.000136096 -0.000181685 -0.000208218 0.000136386 0.999998689 0.001598261 0.001386704 0.000181467 -0.001598285 0.999998689 0.000539910
1.000000000 0.000136124 -0.000112077 -0.000242452 -0.000135937 0.999998629 0.001664727 0.001130288 0.000112303 -0.001664711 0.999998629 0.000931114
0.999999881 -0.000387943 -0.000222006 -0.000280298 0.000388430 0.999997497 0.002197373 0.001192754 0.000221153 -0.002197459 0.999997556 0.000769497
0.999999881 -0.000363093 -0.000247730 -0.000234141 0.000364015 0.999992967 0.003732213 0.001060899 0.000246373 -0.003732303 0.999993026 0.001089661
0.999999940 -0.000115577 -0.000249194 0.000135277 0.000116902 0.999985814 0.005322404 -0.000689516 0.000248575 -0.005322433 0.999985814 0.001626508
0.999999940 0.000059885 -0.000256111 -0.000292534 -0.000058385 0.999982834 0.005854767 0.000827136 0.000256457 -0.005854752 0.999982834 0.001038524
0.999999940 0.000053167 -0.000345879 -0.000157222 -0.000050918 0.999978900 0.006499024 0.001156030 0.000346217 -0.006499006 0.999978840 0.000687035
0.999999940 -0.000130681 -0.000348337 -0.000346399 0.000132878 0.999980032 0.006316194 0.001654741 0.000347505 -0.006316240 0.999979973 0.000544119
0.999999642 -0.000683370 -0.000510316 -0.000217551 0.000686746 0.999977708 0.006645058 0.000994112 0.000505764 -0.006645407 0.999977767 0.000789783
0.999999940 -0.000079489 -0.000410029 -0.000249554 0.000082172 0.999978542 0.006547416 0.000976338 0.000409500 -0.006547450 0.999978483 0.000252269
0.999999881 -0.000262988 -0.000413159 0.000822318 0.000265836 0.999976099 0.006910008 0.000821877 0.000411332 -0.006910117 0.999976039 0.000960428
0.999999702 0.000775341 -0.000224644 0.000190309 -0.000773737 0.999974787 0.007056567 -0.000374053 0.000230110 -0.007056391 0.999975085 -0.000248572
0.999999642 0.000819067 -0.000072079 -0.001002617 -0.000818626 0.999982119 0.005922534 0.000183667 0.000076928 -0.005922473 0.999982476 0.000881481
0.999999762 0.000468430 -0.000479665 0.000711864 -0.000464954 0.999973834 0.007222714 -0.000454390 0.000483036 -0.007222490 0.999973774 0.001464035
0.999999285 0.000989860 -0.000648817 -0.000333737 -0.000984257 0.999962687 0.008579154 0.001476455 0.000657285 -0.008578510 0.999962986 0.000412337
0.999997377 -0.000409562 -0.002248019 0.004048984 0.000437165 0.999924362 0.012292304 -0.001379213 0.002242814 -0.012293254 0.999921918 -0.000428761
0.999999821 0.000268201 -0.000575953 0.000429591 -0.000260761 0.999917030 0.012879447 -0.000271820 0.000579359 -0.012879294 0.999916911 -0.000414502
0.999999821 0.000132590 -0.000626045 -0.000761370 -0.000124076 0.999907792 0.013580210 0.001320601 0.000627788 -0.013580129 0.999907613 0.001392530
0.999999106 0.001106509 -0.000754787 -0.000118104 -0.001095972 0.999903858 0.013821016 -0.000599988 0.000770008 -0.013820176 0.999904215 -0.000122268
0.999999225 0.001195902 0.000306239 0.000171463 -0.001201300 0.999832213 0.018278372 -0.000468085 -0.000284329 -0.018278725 0.999832869 -0.000136642
0.999996126 0.001465644 0.002364836 0.000635063 -0.001512719 0.999798238 0.020028906 -0.000337042 -0.002335004 -0.020032404 0.999796629 0.000474970
0.999993503 -0.000917049 0.003481551 0.001196464 0.000842321 0.999770522 0.021404933 -0.000798152 -0.003500381 -0.021401864 0.999764800 -0.000767561
0.999986053 -0.000243895 0.005274387 0.001582009 0.000142253 0.999814451 0.019262744 -0.000400107 -0.005278107 -0.019261727 0.999800563 0.000964227
0.999953270 0.003469665 0.009020562 0.002255683 -0.003625031 0.999844372 0.017264627 -0.001538349 -0.008959255 -0.017296519 0.999810278 -0.000466557
0.999877453 0.007572535 0.013701281 0.003328316 -0.007800948 0.999830186 0.016694928 -0.002815469 -0.013572531 -0.016799765 0.999766767 -0.001484307
0.999787390 0.010976868 0.017456673 0.004049453 -0.011252573 0.999812245 0.015774690 -0.005246957 -0.017280240 -0.015967768 0.999723196 0.000100590
0.999685168 0.014033977 0.020799151 0.004290515 -0.014315572 0.999807060 0.013452271 -0.008893424 -0.020606348 -0.013745788 0.999693155 -0.001322020
0.999565601 0.016910559 0.024137976 0.004572416 -0.017133774 0.999812067 0.009070885 -0.013779254 -0.023980046 -0.009480520 0.999667466 -0.003991154
0.999361455 0.022402842 0.027835723 0.004459720 -0.022651616 0.999705970 0.008654220 -0.019124772 -0.027633660 -0.009279218 0.999575019 -0.007694604
0.999199033 0.025324548 0.030982580 0.003773291 -0.025643369 0.999621749 0.009936607 -0.025607673 -0.030719221 -0.010723146 0.999470532 -0.011593972
0.999128997 0.026306784 0.032392099 0.002525035 -0.026794685 0.999532580 0.014721490 -0.033810847 -0.031989686 -0.015576603 0.999366820 -0.017241573
0.999092460 0.026193019 0.033588696 0.001255979 -0.026778262 0.999495208 0.017093945 -0.044841535 -0.033124004 -0.017977878 0.999289572 -0.024413137
0.999100506 0.024803502 0.034394477 -0.001823769 -0.025511948 0.999468088 0.020314084 -0.056935672 -0.033872325 -0.021173282 0.999201834 -0.032024831
0.999101281 0.024364548 0.034684572 -0.003669543 -0.025186351 0.999407530 0.023457227 -0.072263964 -0.034092497 -0.024309723 0.999122977 -0.044702388
0.998969555 0.026569422 0.036795877 -0.007814811 -0.027420901 0.999363184 0.022832477 -0.082973137 -0.036165796 -0.023817925 0.999061942 -0.052882686
0.998865306 0.028160330 0.038407210 -0.012444786 -0.029093616 0.999289453 0.023961168 -0.091701627 -0.037705164 -0.025051385 0.998974860 -0.061258294
0.998881340 0.028047916 0.038071413 -0.018094858 -0.029048104 0.999240398 0.025977440 -0.098961867 -0.037313882 -0.027054284 0.998937309 -0.069929600
0.998820305 0.028628340 0.039222166 -0.023889186 -0.029748192 0.999157548 0.028271679 -0.105008900 -0.038379751 -0.029405117 0.998830497 -0.078778677
0.998787999 0.028911410 0.039832965 -0.030614141 -0.030136840 0.999079883 0.030515136 -0.109914839 -0.038914077 -0.031678591 0.998740315 -0.088391088
0.998765826 0.029973859 0.039602928 -0.038442858 -0.031216485 0.999027431 0.031140462 -0.114508130 -0.038631015 -0.032338291 0.998730123 -0.097672440
0.998719990 0.029716099 0.040931474 -0.046478815 -0.030993605 0.999040663 0.030938111 -0.117894173 -0.039972845 -0.032167122 0.998682857 -0.107202373
0.998680651 0.030915000 0.041002121 -0.055598658 -0.032180279 0.999014556 0.030566426 -0.120015316 -0.040016752 -0.031845558 0.998691380 -0.117296092
0.998724759 0.030757179 0.040035348 -0.064765237 -0.032017484 0.998999298 0.031228779 -0.123643450 -0.039034780 -0.032470785 0.998710155 -0.126352534
0.998660922 0.031272210 0.041212302 -0.076547004 -0.032551289 0.998997271 0.030739516 -0.125467956 -0.040209685 -0.032039866 0.998677433 -0.138893664
0.998696864 0.030980827 0.040555857 -0.088951088 -0.032209150 0.999031067 0.029992428 -0.130957618 -0.039587371 -0.031259611 0.998727024 -0.150167048
0.998749614 0.030138478 0.039885655 -0.100586623 -0.031376809 0.999033153 0.030793944 -0.138115257 -0.038919009 -0.032006923 0.998729646 -0.162607774
0.998798132 0.027976038 0.040243950 -0.115443096 -0.029212957 0.999108315 0.030483043 -0.145822436 -0.039355267 -0.031622052 0.998724818 -0.175805554
0.998869836 0.027150242 0.039012372 -0.128733233 -0.028335804 0.999143243 0.030164750 -0.156020746 -0.038159966 -0.031236107 0.998783350 -0.189985037
0.998894751 0.026431806 0.038866282 -0.143222257 -0.027545843 0.999216676 0.028412694 -0.167186350 -0.038084835 -0.029451897 0.998840392 -0.204878911
0.998981714 0.023588559 0.038458984 -0.159630045 -0.024719005 0.999268234 0.029187921 -0.178636611 -0.037742343 -0.030108869 0.998833835 -0.219922125
0.999210596 0.017002929 0.035903372 -0.174903408 -0.018032495 0.999429703 0.028549671 -0.187459096 -0.035397470 -0.029174563 0.998947382 -0.234875903
0.999375045 0.008951465 0.034197170 -0.193582550 -0.009976473 0.999502480 0.029921355 -0.196071580 -0.033912320 -0.030243823 0.998967111 -0.246061862
0.999535561 -0.003271058 0.030297095 -0.210090101 0.002352415 0.999537885 0.030307310 -0.201825395 -0.030382229 -0.030221963 0.999081373 -0.260456711
0.999561727 -0.016199617 0.024777466 -0.226740688 0.015457330 0.999434531 0.029861826 -0.205487162 -0.025247207 -0.029465746 0.999246895 -0.274489462
0.999300778 -0.031083275 0.020778302 -0.242630795 0.030404661 0.999018431 0.032214414 -0.206554666 -0.021759234 -0.031560134 0.999264956 -0.288498044
0.998947680 -0.042414907 0.017451834 -0.258009225 0.041771878 0.998489380 0.035693388 -0.204817116 -0.018939402 -0.034926828 0.999210417 -0.301633835
0.998970032 -0.042210437 0.016647264 -0.272901535 0.041584983 0.998476088 0.036279570 -0.200884297 -0.018153273 -0.035549928 0.999203026 -0.313573688
0.999219298 -0.033136677 0.021510575 -0.285298645 0.032383841 0.998881578 0.034450863 -0.194767445 -0.022628106 -0.033727374 0.999174893 -0.325980753
0.999422729 -0.021724965 0.026118491 -0.297611415 0.020839002 0.999213815 0.033727475 -0.186991721 -0.026830684 -0.033163719 0.999089718 -0.337619483
0.999500275 -0.009632343 0.030106833 -0.309600264 0.008677837 0.999460518 0.031675465 -0.178421393 -0.030395700 -0.031398371 0.999044657 -0.350076020
0.999365866 0.001664324 0.035569005 -0.321680874 -0.002745236 0.999535203 0.030361971 -0.169730797 -0.035501942 -0.030440362 0.998905897 -0.362231880
0.999224246 0.009703430 0.038168002 -0.331839740 -0.010754458 0.999565899 0.027428664 -0.161866620 -0.037885282 -0.027817860 0.998894811 -0.374941558
0.999110699 0.014912212 0.039439593 -0.343711585 -0.015928473 0.999545872 0.025580054 -0.154311568 -0.039040226 -0.026185518 0.998894453 -0.388840854
0.999059260 0.014454205 0.040885873 -0.355959833 -0.015502278 0.999556303 0.025434287 -0.147787899 -0.040500097 -0.026044184 0.998840034 -0.402405113
0.999022305 0.017004296 0.040808666 -0.368720263 -0.018205591 0.999406397 0.029248387 -0.141687304 -0.040287096 -0.029962737 0.998738825 -0.416455537
0.999115646 0.014297917 0.039540462 -0.380888611 -0.015874242 0.999079823 0.039843854 -0.135612026 -0.038934395 -0.040436294 0.998423278 -0.431458741
0.999280989 0.004345568 0.037663836 -0.395713657 -0.006497455 0.998341501 0.057201363 -0.130001560 -0.037352797 -0.057404958 0.997651935 -0.447038561
0.999404013 -0.003485153 0.034344010 -0.409558296 0.000921548 0.997229576 0.074379772 -0.124688752 -0.034508087 -0.074303791 0.996638417 -0.462057859
0.999450803 -0.009201984 0.031834237 -0.422388047 0.006335728 0.996012032 0.088993452 -0.120489672 -0.032526202 -0.088742889 0.995523334 -0.477745324
0.999454021 -0.013873575 0.029986408 -0.432223916 0.010879513 0.995146632 0.097799949 -0.115874462 -0.031197708 -0.097420312 0.994754255 -0.496981204
0.999464214 -0.017519874 0.027646316 -0.444780886 0.014591868 0.994598210 0.102769040 -0.114288203 -0.029297477 -0.102310561 0.994320989 -0.509470701
0.999488533 -0.017167503 0.026980711 -0.456438571 0.014338573 0.994706273 0.101753548 -0.114452973 -0.028584739 -0.101314634 0.994443715 -0.520727515
0.999480605 -0.018310858 0.026519394 -0.467700034 0.015594671 0.994941771 0.099235557 -0.115907878 -0.028202342 -0.098770447 0.994710505 -0.530611813
0.999514639 -0.018360719 0.025166195 -0.478593439 0.015827019 0.995117366 0.097421728 -0.118132927 -0.026832048 -0.096976139 0.994924963 -0.539552748
0.999562621 -0.017619770 0.023750264 -0.489031076 0.015322275 0.995485544 0.093668565 -0.121426992 -0.025293462 -0.093263686 0.995320141 -0.547366381
0.999594748 -0.017416209 0.022516260 -0.498755097 0.015300228 0.995737553 0.090954058 -0.125675112 -0.024004361 -0.090572692 0.995600522 -0.554027081
0.999633372 -0.017324993 0.020809149 -0.507863581 0.015379464 0.995798826 0.090267189 -0.130253688 -0.022285605 -0.089914061 0.995700181 -0.559322238
0.999636352 -0.019655127 0.018461864 -0.516309679 0.017941907 0.995890021 0.088775530 -0.135117114 -0.020130880 -0.088412002 0.995880544 -0.563545048
0.999657214 -0.018919181 0.018096067 -0.525018334 0.017292447 0.996129870 0.086175799 -0.139431253 -0.019656409 -0.085833341 0.996115565 -0.568485439
0.999676287 -0.018214982 0.017762214 -0.532072783 0.016668875 0.996358752 0.083614528 -0.141935498 -0.019220576 -0.083291382 0.996339858 -0.569280863
0.999697685 -0.017880576 0.016876826 -0.538792729 0.016485421 0.996701181 0.079467095 -0.142797559 -0.018242070 -0.079164855 0.996694624 -0.568871319
0.999714017 -0.016774414 0.017043093 -0.544773281 0.015444217 0.997034550 0.075389482 -0.142845914 -0.018257165 -0.075104706 0.997008502 -0.567595720
0.999726772 -0.016854256 0.016197218 -0.550024867 0.015681643 0.997425079 0.069981061 -0.143913180 -0.017334988 -0.069707938 0.997416794 -0.565672159
0.999752522 -0.014791419 0.016616443 -0.555298686 0.013714370 0.997909129 0.063161261 -0.148032188 -0.017515944 -0.062917747 0.997865021 -0.564452887
0.999780536 -0.011862627 0.017267792 -0.559591830 0.010884359 0.998389065 0.055684492 -0.155163541 -0.017900540 -0.055484325 0.998299062 -0.562755167
0.999804139 -0.005608576 0.018980667 -0.563481033 0.004687690 0.998825788 0.048218500 -0.165763631 -0.019228816 -0.048120078 0.998656452 -0.561983943
0.999797881 -0.003767054 0.019747445 -0.566930115 0.002857784 0.998943210 0.045872603 -0.179896027 -0.019899381 -0.045806896 0.998752117 -0.562222242
0.999787450 -0.000320314 0.020615390 -0.571442783 -0.000555728 0.999097407 0.042474829 -0.195121318 -0.020610387 -0.042477258 0.998884797 -0.557722151
0.999753535 0.003869928 0.021862121 -0.573639095 -0.004728300 0.999214351 0.039348774 -0.214189112 -0.021692669 -0.039442442 0.998986363 -0.564404428
0.999736667 0.005362278 0.022311576 -0.577948272 -0.006172156 0.999318600 0.036389478 -0.227351412 -0.022101242 -0.036517605 0.999088585 -0.561665654
0.999704838 0.007073947 0.023243293 -0.581448317 -0.007841784 0.999420881 0.033111442 -0.240739733 -0.022995606 -0.033283938 0.999181330 -0.563484788
0.999685228 0.007582071 0.023916181 -0.584775567 -0.008337528 0.999464333 0.031647775 -0.251801550 -0.023663413 -0.031837214 0.999212921 -0.564356327
0.999654949 0.008789903 0.024753485 -0.588509023 -0.009541501 0.999491930 0.030410755 -0.262216032 -0.024473600 -0.030636448 0.999230921 -0.566683233
0.999617457 0.010964811 0.025392039 -0.592861414 -0.011691703 0.999520898 0.028657489 -0.273078680 -0.025065651 -0.028943401 0.999266744 -0.568837881
0.999606609 0.010352649 0.026066737 -0.596641481 -0.011069434 0.999560356 0.027505634 -0.284763038 -0.025770521 -0.027783358 0.999281704 -0.570378721
0.999541879 0.012994051 0.027334828 -0.600983977 -0.013711063 0.999562442 0.026208891 -0.295959979 -0.026982307 -0.026571674 0.999282718 -0.573694229
0.999559700 0.012397485 0.026958520 -0.605809152 -0.013085665 0.999589086 0.025502587 -0.310349524 -0.026631275 -0.025844129 0.999311209 -0.573511839
0.999541163 0.011971883 0.027824279 -0.610831141 -0.012683432 0.999593377 0.025538776 -0.321882129 -0.027507216 -0.025879964 0.999286532 -0.577417612
0.999529541 0.012288094 0.028102247 -0.616190314 -0.013053278 0.999544561 0.027209224 -0.333279729 -0.027755098 -0.027563250 0.999234676 -0.581832767
0.999548316 0.011331737 0.027833648 -0.621977925 -0.012214130 0.999421537 0.031739708 -0.344147027 -0.027457882 -0.032065336 0.999108553 -0.586332977
0.999552548 0.009538938 0.028349806 -0.627551913 -0.010557166 0.999296486 0.035986681 -0.354034275 -0.027986586 -0.036269870 0.998950064 -0.590684712
0.999545634 0.008900644 0.028798375 -0.633036792 -0.009998266 0.999220192 0.038197257 -0.361301661 -0.028435938 -0.038467832 0.998855174 -0.594338894
0.999559283 0.009203495 0.028223423 -0.639048159 -0.010233403 0.999278843 0.036566664 -0.365488887 -0.027866529 -0.036839370 0.998932600 -0.597030580
0.999569178 0.006721094 0.028571479 -0.645047963 -0.007729348 0.999345958 0.035326134 -0.367920786 -0.028315362 -0.035531756 0.998967350 -0.600331426
0.999639153 0.000542358 0.026856327 -0.651143730 -0.001519955 0.999336362 0.036393978 -0.367205054 -0.026818765 -0.036421664 0.998976588 -0.601335227
0.999720454 -0.008785198 0.021951737 -0.654314160 0.007838967 0.999051809 0.042825460 -0.371197194 -0.022307152 -0.042641409 0.998841405 -0.606942475
0.999617040 -0.017600954 0.021354673 -0.663339674 0.016602952 0.998801410 0.046044428 -0.364865154 -0.022139503 -0.045672242 0.998711109 -0.604989111
0.999555767 -0.022717068 0.019291870 -0.669003487 0.021753928 0.998574257 0.048746660 -0.367949814 -0.020371746 -0.048305333 0.998624861 -0.608309507
0.999519110 -0.025303336 0.017924439 -0.672751665 0.024349226 0.998371780 0.051584397 -0.374854386 -0.019200511 -0.051123146 0.998507798 -0.611971438
0.999452770 -0.025267942 0.021348327 -0.675995350 0.024153730 0.998410106 0.050929453 -0.384618402 -0.022601269 -0.050385941 0.998474061 -0.616283238
0.999440491 -0.024494078 0.022776065 -0.679290831 0.023273163 0.998354554 0.052407350 -0.396226078 -0.024022257 -0.051847953 0.998365998 -0.621940255
0.999441743 -0.023796257 0.023450721 -0.681131959 0.022474021 0.998226821 0.055119373 -0.407197863 -0.024720773 -0.054561570 0.998204350 -0.625839412
0.999392688 -0.022949647 0.026221434 -0.682272851 0.021438431 0.998170793 0.056528423 -0.421192408 -0.027470777 -0.055931944 0.998056591 -0.631774664
0.999397695 -0.020096585 0.028291805 -0.682694733 0.018370096 0.998028398 0.060015026 -0.433541507 -0.029442122 -0.059459154 0.997796476 -0.635679245
0.999407589 -0.019927258 0.028060453 -0.681684852 0.018122854 0.997839332 0.063152343 -0.451634973 -0.029258275 -0.062606394 0.997609317 -0.647123158
0.999356568 -0.015078276 0.032543939 -0.682706356 0.012853503 0.997635067 0.067520529 -0.460549742 -0.033485066 -0.067058787 0.997186959 -0.642853022
0.999345005 -0.014107963 0.033325426 -0.681210399 0.011688368 0.997356653 0.071715735 -0.473753452 -0.034249097 -0.071279235 0.996868253 -0.645086944
0.999381244 -0.010957187 0.033421922 -0.678608835 0.008433634 0.997167885 0.074733555 -0.491462708 -0.034146134 -0.074405447 0.996643305 -0.654883981
0.999324143 -0.006188070 0.036234695 -0.676841259 0.003425678 0.997116566 0.075807579 -0.505589664 -0.036599319 -0.075632222 0.996463895 -0.656939209
0.999303818 -0.003044609 0.037183274 -0.675145745 0.000153372 0.996991336 0.077512890 -0.518131673 -0.037307400 -0.077453226 0.996297717 -0.657571733
0.999217212 0.003447013 0.039408855 -0.673563302 -0.006561575 0.996838868 0.079178177 -0.527851582 -0.039011352 -0.079374783 0.996081173 -0.657311022
0.999120414 0.007960953 0.041170206 -0.671738505 -0.011190910 0.996825397 0.078828521 -0.535349548 -0.040411953 -0.079219915 0.996037662 -0.656380832
0.999080837 0.011278132 0.041355576 -0.670673072 -0.014445551 0.996917963 0.077109300 -0.543350220 -0.040358473 -0.077635832 0.996164560 -0.652812719
0.999047041 0.013269008 0.041580014 -0.672890544 -0.016161451 0.997414827 0.070017926 -0.555504084 -0.040543452 -0.070623197 0.996678770 -0.651596904
0.999093354 0.012318215 0.040752247 -0.672630847 -0.014795861 0.998024046 0.061065868 -0.564905465 -0.039919503 -0.061613470 0.997301459 -0.647141278
0.999175906 0.013130534 0.038407315 -0.672927380 -0.015166765 0.998467863 0.053215127 -0.574393153 -0.037649725 -0.053753790 0.997844219 -0.642857969
0.999173105 0.014953379 0.037809491 -0.673060238 -0.016768046 0.998699725 0.048142552 -0.583769560 -0.037040435 -0.048736736 0.998124599 -0.638653040
0.999240816 0.013658283 0.036486350 -0.673691094 -0.015311947 0.998849928 0.045434725 -0.593008637 -0.035823829 -0.045958910 0.998300791 -0.634711385
0.999375284 0.011958880 0.033257712 -0.675011992 -0.013345113 0.999037862 0.041776840 -0.601474762 -0.032726105 -0.042194571 0.998573303 -0.630989909
0.999410748 0.011543392 0.032325152 -0.675832033 -0.012884892 0.999051094 0.041604135 -0.608452857 -0.031814229 -0.041996125 0.998611152 -0.626555920
0.999458134 0.010699864 0.031127246 -0.677070439 -0.011943070 0.999127030 0.040031675 -0.612351716 -0.030671740 -0.040381741 0.998713434 -0.621754169
0.999561667 0.009575587 0.028014397 -0.678423941 -0.010648370 0.999205768 0.038398884 -0.612996578 -0.027624456 -0.038680360 0.998869717 -0.617808282
0.999587595 0.010410033 0.026763150 -0.678372502 -0.011416452 0.999222696 0.037731081 -0.605746329 -0.026349565 -0.038021058 0.998929501 -0.609805822
0.999606133 0.010990933 0.025820961 -0.680031240 -0.011967668 0.999206722 0.037982345 -0.601147115 -0.025383016 -0.038276404 0.998944759 -0.602893353
0.999663115 0.010429627 0.023768313 -0.681862235 -0.011391916 0.999105752 0.040717170 -0.593322694 -0.023322392 -0.040974215 0.998887956 -0.595721126
0.999663532 0.011620544 0.023190746 -0.683153331 -0.012689376 0.998838305 0.046486758 -0.582787573 -0.022623604 -0.046765395 0.998649657 -0.588000059
0.999665082 0.011817555 0.023023233 -0.684939027 -0.013099910 0.998324096 0.056367978 -0.572416782 -0.022318516 -0.056650706 0.998144567 -0.580616415
0.999712348 0.011442070 0.021078821 -0.686887920 -0.012822232 0.997700751 0.066549376 -0.562406063 -0.020268895 -0.066800505 0.997560441 -0.573126554
0.999651372 0.014922938 0.021780558 -0.688644648 -0.016503863 0.997098804 0.074307851 -0.553740919 -0.020608477 -0.074641414 0.996997476 -0.565717161
0.999710381 0.013012489 0.020243274 -0.691044629 -0.014615592 0.996592879 0.081172839 -0.549692154 -0.019118043 -0.081445202 0.996494472 -0.558541000
0.999822974 0.008545538 0.016763261 -0.693931699 -0.009926913 0.996405125 0.084132627 -0.545317709 -0.015984042 -0.084284142 0.996313572 -0.549755156
0.999842286 0.008100608 0.015805434 -0.696133733 -0.009433286 0.996237338 0.086152025 -0.536269248 -0.015048081 -0.086287536 0.996156633 -0.538047791
0.999874055 0.006859251 0.014313675 -0.698896289 -0.008126808 0.995866477 0.090465009 -0.542169869 -0.013633986 -0.090569943 0.995796740 -0.533813775
0.999849498 0.010490661 0.013815775 -0.701477408 -0.011691673 0.995879292 0.089932039 -0.544280350 -0.012815396 -0.090080038 0.995852053 -0.523941398
0.999896109 0.008184134 0.011866589 -0.703291714 -0.009252111 0.995629489 0.092931882 -0.543702424 -0.011054159 -0.093032017 0.995601773 -0.511388719
0.999913394 0.007869407 0.010546781 -0.705816388 -0.008858078 0.995222151 0.097233884 -0.550413489 -0.009731216 -0.097318895 0.995205700 -0.501596391
0.999930561 0.007693220 0.008929991 -0.708318710 -0.008564943 0.994738996 0.102083236 -0.559794247 -0.008097663 -0.102152631 0.994735777 -0.490281492
0.999961555 0.006276627 0.006118430 -0.710954845 -0.006882116 0.994494081 0.104566537 -0.571725130 -0.005428418 -0.104604624 0.994499087 -0.479230106
0.999967098 0.007195099 0.003747436 -0.713257551 -0.007559874 0.994045079 0.108707003 -0.585266471 -0.002942963 -0.108731754 0.994066775 -0.466541409
0.999941945 0.010468024 0.002560458 -0.715538144 -0.010680261 0.994324625 0.105851047 -0.600196838 -0.001437875 -0.105872251 0.994378686 -0.452174515
0.999940693 0.010893174 0.000074481 -0.718956470 -0.010845094 0.994837165 0.100903191 -0.618767202 0.001025059 -0.100898005 0.994896233 -0.434657246
0.999942243 0.010555753 -0.002025055 -0.720421195 -0.010313503 0.995355666 0.095711753 -0.632493198 0.003025959 -0.095685333 0.995407045 -0.422690958
0.999894321 0.014387941 -0.002073683 -0.723202169 -0.014134271 0.995606422 0.092564046 -0.652085483 0.003396378 -0.092524961 0.995704591 -0.402716428
0.999801993 0.019755166 -0.002389813 -0.725142062 -0.019467536 0.995913506 0.088189028 -0.668423057 0.004122236 -0.088125043 0.996100903 -0.385129333
0.999725282 0.023347994 -0.002049671 -0.727532566 -0.023087276 0.996069193 0.085517175 -0.684538245 0.004038269 -0.085446365 0.996334612 -0.366192937
0.999715745 0.023670956 -0.002853975 -0.730091512 -0.023359247 0.996390581 0.081609555 -0.699964702 0.004775450 -0.081519686 0.996660292 -0.346541673
0.999659061 0.025938354 -0.002984696 -0.733252764 -0.025621790 0.996546865 0.078980073 -0.712442815 0.005023003 -0.078876674 0.996871710 -0.324569136
0.999637365 0.026741985 -0.003160469 -0.736008823 -0.026430573 0.996843755 0.074859932 -0.720602393 0.005152396 -0.074749246 0.997189045 -0.302075148
0.999571085 0.029185774 -0.002408422 -0.739133716 -0.028947020 0.997146904 0.069714211 -0.723429918 0.004436214 -0.069614597 0.997564077 -0.276980937
0.999549925 0.029971836 -0.001288984 -0.745922446 -0.029821882 0.997382104 0.065875530 -0.732723117 0.003260020 -0.065807447 0.997826993 -0.248188287
0.999579072 0.029000280 -0.000788747 -0.750031054 -0.028903281 0.997840166 0.058988385 -0.726400673 0.002497723 -0.058940761 0.998258352 -0.220085219
0.999569535 0.029315311 0.001151851 -0.754362881 -0.029335428 0.998200476 0.052299093 -0.717325330 0.000383386 -0.052310374 0.998630822 -0.190709770
0.999548256 0.029792693 0.003959339 -0.758880079 -0.029946718 0.998432755 0.047277655 -0.705440879 -0.002544606 -0.047374871 0.998873949 -0.161337554
0.999559224 0.028814442 0.007148846 -0.763811350 -0.029107809 0.998560905 0.045042761 -0.692788422 -0.005840676 -0.045230992 0.998959482 -0.131562620
0.999541402 0.028329346 0.010699592 -0.769225001 -0.028767169 0.998649478 0.043262120 -0.682619989 -0.009459554 -0.043550078 0.999006450 -0.103286795
0.999559104 0.026234090 0.013905989 -0.774730206 -0.026784338 0.998800814 0.040982109 -0.676684141 -0.012814185 -0.041336503 0.999063134 -0.075386934
0.999529004 0.025310185 0.017353445 -0.781895697 -0.026046075 0.998710334 0.043579951 -0.674088299 -0.016228050 -0.044011414 0.998899221 -0.049439441
0.999362707 0.027504578 0.022752423 -0.789404571 -0.028500620 0.998594820 0.044677708 -0.680599689 -0.021491610 -0.045297693 0.998742342 -0.024425291
0.999291360 0.027016345 0.026208034 -0.797190487 -0.028190903 0.998564959 0.045533855 -0.684212565 -0.024940265 -0.046240415 0.998618960 -0.000929995
0.999245405 0.025867358 0.028973343 -0.805557668 -0.027107809 0.998695493 0.043272208 -0.690180659 -0.027816208 -0.044024963 0.998643100 0.022003792
0.999243498 0.022609228 0.031642411 -0.814597785 -0.024028802 0.998687744 0.045226220 -0.696522772 -0.030578356 -0.045952339 0.998475492 0.044846043
0.999213934 0.020915914 0.033675969 -0.823952138 -0.022343207 0.998843193 0.042580023 -0.701663971 -0.032746412 -0.043298982 0.998525321 0.067044184
0.999141693 0.020456692 0.036019932 -0.833376884 -0.021945128 0.998900652 0.041424029 -0.704313815 -0.035132933 -0.042178936 0.998492181 0.089797758
0.999085546 0.019704429 0.037944835 -0.844049990 -0.021222895 0.998972654 0.040039714 -0.704509854 -0.037116896 -0.040808398 0.998477340 0.113022737
0.998953938 0.021705789 0.040247533 -0.854335248 -0.023218496 0.999026597 0.037506528 -0.702439964 -0.039394248 -0.038401783 0.998485565 0.135849908
0.998923957 0.021182040 0.041258372 -0.865631044 -0.022582484 0.999174178 0.033778261 -0.698647559 -0.040508807 -0.034673627 0.998577356 0.158548534
0.998868585 0.021636412 0.042349327 -0.876833081 -0.023018371 0.999209166 0.032421395 -0.690598905 -0.041614357 -0.033359528 0.998576701 0.182578579
0.998748004 0.018955657 0.046294257 -0.890701652 -0.020456931 0.999272943 0.032173354 -0.682179153 -0.045650728 -0.033080112 0.998409569 0.213445038
0.998588681 0.013868605 0.051266462 -0.902691483 -0.015384062 0.999452710 0.029284945 -0.670042038 -0.050832264 -0.030032301 0.998255551 0.238408700
0.998253524 0.007206069 0.058633994 -0.914567649 -0.008867156 0.999565244 0.028119059 -0.655848742 -0.058405872 -0.028589869 0.997883439 0.263219982
0.997736335 -0.004361032 0.067105785 -0.926605821 0.002440841 0.999585986 0.028669812 -0.639609456 -0.067203030 -0.028441120 0.997333884 0.287822396
0.996844709 -0.014897133 0.077965833 -0.938411236 0.012875128 0.999569237 0.026373267 -0.622785509 -0.078325130 -0.025286231 0.996607125 0.312684327
0.995518506 -0.027184319 0.090575561 -0.950127602 0.024955466 0.999359429 0.025650160 -0.607058942 -0.091214821 -0.023274856 0.995559216 0.336679012
0.993867755 -0.038788650 0.103548802 -0.962081313 0.035743330 0.998876810 0.031105561 -0.591782391 -0.104639046 -0.027213635 0.994137883 0.361046374
0.991865396 -0.050928220 0.116659336 -0.972899556 0.046980500 0.998234391 0.036344878 -0.576379716 -0.118304335 -0.030568512 0.992506742 0.381438911
0.989399254 -0.059278686 0.132571399 -0.982881308 0.054173451 0.997656524 0.041793302 -0.561502337 -0.134738177 -0.034168415 0.990291953 0.401905477
0.986631632 -0.069270700 0.147511333 -0.994608104 0.062979758 0.996912003 0.046904664 -0.542763233 -0.150304943 -0.036987398 0.987947524 0.431630284
0.984379172 -0.074700147 0.159428716 -1.003406763 0.067745790 0.996516943 0.048626229 -0.532568276 -0.162505805 -0.037066028 0.986011147 0.447764158
0.981982410 -0.080114305 0.171149686 -1.011595249 0.071915165 0.995970011 0.053590577 -0.524032354 -0.174753323 -0.040316749 0.983786464 0.462479979
0.980215251 -0.080645613 0.180760607 -1.019389987 0.071417041 0.995816290 0.057004396 -0.518720567 -0.184601501 -0.042967189 0.981873751 0.476085454
0.978917480 -0.078924410 0.188391805 -1.026833296 0.068616919 0.995798945 0.060631804 -0.516187370 -0.192385674 -0.046426669 0.980220556 0.489443123
0.977489591 -0.078448236 0.195857108 -1.033292294 0.067412838 0.995772004 0.062398598 -0.516407371 -0.199924082 -0.047790691 0.978645205 0.503627479
0.976463437 -0.077132463 0.201419279 -1.039225698 0.065772161 0.995874941 0.062507331 -0.517077029 -0.205409750 -0.047788341 0.977508605 0.517798364
0.975779533 -0.080246143 0.203506485 -1.045287251 0.068419956 0.995568931 0.064507902 -0.518204510 -0.207781240 -0.049021587 0.976946175 0.531744242
0.975001812 -0.079541959 0.207471818 -1.051085711 0.067029782 0.995521247 0.066667110 -0.518759370 -0.211845428 -0.051093761 0.975966692 0.546107292
0.974002898 -0.081170067 0.211494133 -1.057438135 0.067692816 0.995232403 0.070215121 -0.517770708 -0.216185167 -0.054073099 0.974853873 0.566783965
0.972290456 -0.083076179 0.218516842 -1.061357141 0.069215193 0.995117962 0.070353054 -0.520032525 -0.223294690 -0.053278916 0.973293781 0.580687821
0.969442606 -0.092439808 0.227235377 -1.064553142 0.077720873 0.994305670 0.072908998 -0.521994591 -0.232681125 -0.053020161 0.971106768 0.594350159
0.965933502 -0.101306595 0.238137439 -1.066940546 0.085467227 0.993441939 0.075950108 -0.525471866 -0.244269982 -0.053009812 0.968257248 0.608948350
0.960848570 -0.113891177 0.252584219 -1.068105936 0.097455777 0.992280364 0.076694161 -0.530248344 -0.259369135 -0.049075682 0.964530587 0.623564601
0.954458773 -0.126707703 0.270099282 -1.068520784 0.108468272 0.990755081 0.081480406 -0.535610676 -0.277926445 -0.048472486 0.959378600 0.637020528
0.946846068 -0.139949977 0.289649069 -1.067154050 0.120287716 0.989119172 0.084699959 -0.542403340 -0.298351228 -0.045356601 0.953377843 0.650053382
0.937809825 -0.151491538 0.312350899 -1.064722300 0.130900070 0.987658322 0.086001113 -0.550718844 -0.321524411 -0.039765928 0.946065903 0.664046228
0.927258551 -0.160793468 0.338137656 -1.060141802 0.138673112 0.986352563 0.088760398 -0.558764160 -0.347795039 -0.035413243 0.936901569 0.676680803
