1.000000000 0.000000000 0.000000000 0.000000045 0.000000000 1.000000000 0.000000000 0.000000358 0.000000000 0.000000000 1.000000000 -0.000000477
0.999986827 0.001405042 0.004932697 0.002009103 -0.001421916 0.999993145 0.003419051 -0.001811842 -0.004927860 -0.003426020 0.999981999 -0.000953540
0.999973536 0.000044091 0.007274708 0.004596997 -0.000091955 0.999978364 0.006579271 -0.004557204 -0.007274260 -0.006579765 0.999951899 -0.002365585
0.999942899 -0.000706045 0.010661833 0.008299107 0.000607037 0.999956667 0.009286611 -0.009246325 -0.010667928 -0.009279610 0.999900043 -0.004837358
0.999865890 -0.001419188 0.016316783 0.012553044 0.001241002 0.999939561 0.010925369 -0.015165258 -0.016331300 -0.010903655 0.999807179 -0.006457659
0.999776185 -0.002345750 0.021024270 0.017533610 0.002084368 0.999920368 0.012445697 -0.022646043 -0.021051789 -0.012399090 0.999701500 -0.008735071
0.999650419 -0.002545470 0.026315914 0.022499746 0.002183023 0.999902487 0.013792470 -0.030968238 -0.026348459 -0.013730200 0.999558508 -0.011495407
0.999522328 -0.002809310 0.030776760 0.027550487 0.002306095 0.999863267 0.016373796 -0.039670173 -0.030818550 -0.016295003 0.999392152 -0.013909610
0.999390066 0.000518034 0.034918096 0.033212364 -0.001261866 0.999772668 0.021283524 -0.047721148 -0.034899134 -0.021314604 0.999163508 -0.016863180
0.999263465 0.001760458 0.038333274 0.038338955 -0.002838608 0.999601364 0.028089453 -0.055200484 -0.038268544 -0.028177578 0.998870134 -0.020145264
0.999184489 0.000264919 0.040377181 0.043315914 -0.001625713 0.999431610 0.033672955 -0.062277060 -0.040345307 -0.033711139 0.998616934 -0.022563204
0.998960435 -0.000757733 0.045579918 0.047710735 -0.001001748 0.999255538 0.038566887 -0.070535816 -0.045575209 -0.038572453 0.998215914 -0.025341015
0.998628795 -0.000235574 0.052349012 0.051224254 -0.001736963 0.999290168 0.037631802 -0.080216207 -0.052320715 -0.037671134 0.997919559 -0.028226789
0.998223186 0.004206827 0.059437107 0.054318368 -0.006273360 0.999380708 0.034624685 -0.092146792 -0.059254635 -0.034936037 0.997631371 -0.031606246
0.997809231 0.006543954 0.065832138 0.056727450 -0.008575683 0.999494076 0.030627172 -0.106623746 -0.065598413 -0.031124633 0.997360587 -0.035944261
0.997514248 0.007185515 0.070097804 0.058845863 -0.009429131 0.999452055 0.031728733 -0.123064220 -0.069831401 -0.032310825 0.997035384 -0.039952375
0.997282803 0.005789946 0.073440418 0.061057255 -0.008621458 0.999229193 0.038297005 -0.142228067 -0.073162079 -0.038826108 0.996564031 -0.044123996
0.996815681 0.008065247 0.079331607 0.063018613 -0.011681220 0.998908639 0.045222577 -0.162719563 -0.078880295 -0.046005260 0.995821953 -0.048033331
0.995980740 0.012245204 0.088726804 0.064652659 -0.016404131 0.998793006 0.046296887 -0.184627295 -0.088052794 -0.047566295 0.994979501 -0.052074630
0.994903266 0.019334953 0.098962642 0.065997206 -0.023635920 0.998817921 0.042474173 -0.207787573 -0.098024420 -0.044596769 0.994184256 -0.054970369
0.994251668 0.018962588 0.105375841 0.066250622 -0.022482511 0.999224782 0.032316566 -0.230333254 -0.104681343 -0.034499913 0.993907213 -0.059204258
0.993322909 0.024550887 0.112724431 0.066523626 -0.026990550 0.999432206 0.020167645 -0.253854811 -0.112165295 -0.023075480 0.993421614 -0.063230790
0.992258191 0.031563833 0.120114252 0.066857003 -0.032938369 0.999412477 0.009474969 -0.275362521 -0.119744614 -0.013357983 0.992714882 -0.066801988
0.991072595 0.039556839 0.127319962 0.066654392 -0.040029615 0.999197841 0.001155725 -0.296794295 -0.127172112 -0.006241975 0.991861045 -0.071526140
0.990408182 0.042937554 0.131331846 0.065395795 -0.042805791 0.999076068 -0.003827565 -0.315011919 -0.131374851 -0.001830911 0.991331100 -0.076079652
0.990011036 0.043833807 0.134002835 0.064351700 -0.043262988 0.999037981 -0.007170027 -0.332736462 -0.134188205 0.001301042 0.990954995 -0.081520483
0.989528060 0.044215411 0.137401447 0.064862758 -0.043539971 0.999020278 -0.007918902 -0.346326321 -0.137616977 0.001853521 0.990483761 -0.085599802
0.988973558 0.043749209 0.141482681 0.065603562 -0.043371376 0.999042451 -0.005754608 -0.354609191 -0.141598970 -0.000445143 0.989924014 -0.088403501
0.988690197 0.038833726 0.144857168 0.068617307 -0.039091837 0.999235034 -0.001065199 -0.356174350 -0.144787729 -0.004609582 0.989452004 -0.087932110
0.988668263 0.035341997 0.145897329 0.070754305 -0.036506321 0.999319315 0.005309918 -0.349347979 -0.145610362 -0.010575923 0.989285469 -0.086021528
0.988829374 0.031435780 0.145699188 0.074417517 -0.033817127 0.999331415 0.013895793 -0.334744811 -0.145164952 -0.018667696 0.989231348 -0.082087204
0.989498913 0.024898708 0.142379671 0.076057419 -0.028801456 0.999261975 0.025415676 -0.313459784 -0.141641766 -0.029249525 0.989485741 -0.077544980
0.990025401 0.017196536 0.139835358 0.078732327 -0.023182172 0.998878241 0.041289244 -0.288024604 -0.138968468 -0.044119086 0.989313543 -0.071370862
0.990096092 0.010646491 0.139987230 0.080498785 -0.019437317 0.997912824 0.061580900 -0.259773940 -0.139039427 -0.063691981 0.988236487 -0.065506220
0.990044355 0.001941084 0.140742362 0.083083369 -0.013947181 0.996336937 0.084369436 -0.231350541 -0.140063047 -0.085492447 0.986444831 -0.059777517
0.989976346 -0.005354539 0.141131908 0.084294662 -0.010008751 0.994108856 0.107923299 -0.202568173 -0.140878350 -0.108254060 0.984090626 -0.054576278
0.990148604 -0.014194398 0.139299303 0.085921526 -0.004251932 0.991341591 0.131239295 -0.175682038 -0.139956057 -0.130538702 0.981515110 -0.049881391
0.990669608 -0.021523263 0.134574980 0.086191885 0.000935742 0.988501549 0.151207685 -0.151837021 -0.136282057 -0.149670929 0.979298651 -0.046180002
0.990875423 -0.026620254 0.132126078 0.087575316 0.004098232 0.985798836 0.167880386 -0.131604239 -0.134718761 -0.165807068 0.976912916 -0.043301199
0.991524100 -0.029364420 0.126561046 0.087883852 0.006440582 0.984035432 0.177855998 -0.114791125 -0.129763186 -0.175533384 0.975883961 -0.041842163
0.992172301 -0.027529351 0.121804014 0.088465609 0.004854538 0.983163238 0.182664827 -0.102323890 -0.124781877 -0.180643693 0.975601017 -0.041424930
0.992376745 -0.020987757 0.121440917 0.089109913 -0.001666876 0.983016610 0.183508903 -0.094853774 -0.123229876 -0.182312399 0.975487888 -0.041550647
0.992566943 -0.013401150 0.120960012 0.089420170 -0.009039315 0.983055174 0.183086902 -0.093191750 -0.121363938 -0.182819396 0.975626886 -0.043345563
0.992701054 -0.005318376 0.120483741 0.089677304 -0.016842622 0.983123124 0.182168216 -0.098353349 -0.119419187 -0.182867855 0.975857794 -0.045849081
0.992973626 0.000614504 0.118334502 0.089368969 -0.022227630 0.983155966 0.181411996 -0.110344075 -0.116229787 -0.182767615 0.976261556 -0.050643355
0.993324518 0.005296941 0.115231462 0.088999122 -0.026090998 0.983374000 0.179707468 -0.128467828 -0.112363733 -0.181514353 0.976947784 -0.056049213
0.993393958 0.009147156 0.114388719 0.088523090 -0.029036622 0.984415352 0.173445463 -0.151954308 -0.111019477 -0.175621122 0.978177845 -0.062775925
0.993462145 0.011112443 0.113619827 0.088034324 -0.029584490 0.986311972 0.162214085 -0.179079935 -0.110261999 -0.164514944 0.980192423 -0.069027551
0.993365586 0.013165840 0.114242986 0.087800048 -0.029853165 0.988890767 0.145615324 -0.208674967 -0.111056685 -0.148059770 0.982723117 -0.075322285
0.993208170 0.015387787 0.115329042 0.087443687 -0.029848870 0.991741121 0.124733917 -0.239159003 -0.112457171 -0.127329186 0.985464692 -0.081277870
0.993121803 0.020038620 0.115358308 0.087702952 -0.031933546 0.994250417 0.102207601 -0.271429390 -0.112646937 -0.105188400 0.988051653 -0.088066936
0.993035614 0.023759024 0.115394138 0.087570980 -0.032822605 0.996468186 0.077290781 -0.302273691 -0.113150232 -0.080540039 0.990308225 -0.094256379
0.993115485 0.024735171 0.114498094 0.088025965 -0.030990582 0.998103976 0.053179514 -0.332177162 -0.112965599 -0.056361761 0.991999030 -0.100900419
0.992976189 0.025503661 0.115532734 0.088512972 -0.029374808 0.999058366 0.031928953 -0.359302253 -0.114609636 -0.035098445 0.992790401 -0.106928758
0.992883682 0.023137627 0.116818726 0.089110464 -0.024906373 0.999595881 0.013703763 -0.382605106 -0.116454437 -0.016515773 0.993058681 -0.112573549
0.992604196 0.024038304 0.118991680 0.090152971 -0.024092089 0.999709249 -0.000986670 -0.398592502 -0.118980803 -0.001887385 0.992894769 -0.115661994
0.992372811 0.023201581 0.121069573 0.091799855 -0.022080328 0.999700069 -0.010594759 -0.407452554 -0.121279068 0.007840695 0.992587507 -0.116905920
0.991872668 0.024246035 0.124902837 0.093442298 -0.022783400 0.999654233 -0.013125572 -0.406947374 -0.125177890 0.010173187 0.992082179 -0.115450196
0.991802216 0.021574307 0.125947848 0.092794202 -0.020673785 0.999750555 -0.008452840 -0.402898639 -0.126098797 0.005779727 0.992000878 -0.117071673
0.992065251 0.019167054 0.124254480 0.093892336 -0.019506026 0.999808609 0.001511937 -0.387020260 -0.124201715 -0.003923651 0.992249250 -0.112227879
0.992302299 0.018045096 0.122517601 0.095019080 -0.019832293 0.999713719 0.013383378 -0.365905225 -0.122241020 -0.015710162 0.992376089 -0.106041424
0.992496073 0.018252011 0.120906420 0.095896125 -0.021483097 0.999444604 0.025474370 -0.340766072 -0.120374314 -0.027880657 0.992336988 -0.099234946
0.992512167 0.019542322 0.120572299 0.096815452 -0.024201699 0.999010980 0.037301186 -0.314165533 -0.119724095 -0.039939936 0.992003500 -0.091601409
0.992976487 0.017692458 0.116981700 0.096433178 -0.023586486 0.998510718 0.049193293 -0.286087275 -0.115937129 -0.051606968 0.991914988 -0.085316084
0.993528306 0.013879897 0.112733364 0.095704950 -0.021333260 0.997645438 0.065180190 -0.257997096 -0.111563236 -0.067163341 0.991485119 -0.079017416
0.993946612 0.008998681 0.109495096 0.094241634 -0.018412316 0.996187866 0.085268512 -0.229309142 -0.108310379 -0.086768404 0.990323246 -0.073134996
0.994364798 0.002967607 0.105970830 0.092895582 -0.014335582 0.994190574 0.106674947 -0.200870812 -0.105038628 -0.107592963 0.988630712 -0.066469043
0.994659960 -0.003895364 0.103132926 0.090665653 -0.009143494 0.992032051 0.125653327 -0.174258798 -0.102800630 -0.125925332 0.986698985 -0.061342914
0.994785964 -0.008940483 0.101592124 0.088890553 -0.005398462 0.990137160 0.139997274 -0.149566099 -0.101841778 -0.139815778 0.984926283 -0.055980757
0.995133638 -0.014421638 0.097473286 0.087184757 -0.000378030 0.988665104 0.150137141 -0.129165873 -0.098533668 -0.149443373 0.983848453 -0.051727507
0.995428324 -0.012748107 0.094656982 0.086530156 -0.002350656 0.987482548 0.157710969 -0.112409100 -0.095482625 -0.157212466 0.982938111 -0.048442278
0.995352924 -0.005645099 0.096128277 0.086687185 -0.010323689 0.986270607 0.164814249 -0.102189168 -0.095738880 -0.165040746 0.981629074 -0.047125507
0.995307922 -0.000245360 0.096757986 0.089031711 -0.016462371 0.984987497 0.171839103 -0.096131220 -0.095347561 -0.172625676 0.980361760 -0.041475106
0.995305836 0.004664366 0.096667260 0.089124531 -0.022059526 0.983478665 0.179674834 -0.101351082 -0.094232127 -0.180963844 0.978964984 -0.043718364
0.995448589 0.005412446 0.095146358 0.088753618 -0.022927461 0.982663572 0.183974430 -0.114974849 -0.092501104 -0.185318545 0.978315175 -0.047995199
0.995555282 0.005975205 0.093988962 0.088120684 -0.023136023 0.982919633 0.182575107 -0.135463908 -0.091292672 -0.183938146 0.978689134 -0.053857118
0.995308518 0.008297432 0.096395776 0.088111155 -0.025254909 0.984055698 0.176058441 -0.160486773 -0.093397975 -0.177666932 0.979648530 -0.060246833
0.994458854 0.011915662 0.104448907 0.088888034 -0.029223174 0.985729516 0.165780827 -0.189202234 -0.100982986 -0.167914554 0.980615675 -0.065987132
0.992826939 0.020758450 0.117744684 0.087957077 -0.038789127 0.987467706 0.152980074 -0.223391086 -0.113093451 -0.156449959 0.981189728 -0.077089190
0.991531849 0.025399320 0.127355620 0.088538297 -0.043050863 0.989520133 0.137827933 -0.255956352 -0.122520216 -0.142143548 0.982234180 -0.083166584
0.990520597 0.029654557 0.134125173 0.088963531 -0.046335667 0.991322696 0.123013429 -0.289649189 -0.129313409 -0.128062114 0.983299613 -0.089786701
0.990486085 0.022608031 0.135743067 0.087337665 -0.037889015 0.993090272 0.111068137 -0.323494524 -0.132294074 -0.115154617 0.984498680 -0.096844688
0.990047276 0.019107502 0.139432132 0.086661518 -0.033878777 0.993963659 0.104347751 -0.357644528 -0.136596650 -0.108033001 0.984718323 -0.104596071
0.989771187 0.009560175 0.142343253 0.085218988 -0.023787223 0.994844198 0.098585807 -0.390498281 -0.140666872 -0.100963347 0.984895527 -0.112096675
0.989658475 0.001707489 0.143433541 0.084918946 -0.015117982 0.995601773 0.092458561 -0.421711624 -0.142644823 -0.093670830 0.985331535 -0.120601974
0.989749968 -0.005828127 0.142692208 0.083541691 -0.006149182 0.996501088 0.083353460 -0.447171658 -0.142678738 -0.083376527 0.986251056 -0.127719939
0.990083396 -0.006122263 0.140347242 0.082745112 -0.004072914 0.997378945 0.072240405 -0.464022189 -0.140421659 -0.072095655 0.987463415 -0.133593887
0.989968061 0.001088168 0.141287088 0.083091743 -0.009759541 0.998108625 0.060695738 -0.472369224 -0.140953809 -0.061465740 0.988106251 -0.136465654
0.989302695 0.011349933 0.145435065 0.084479928 -0.018952075 0.998519182 0.050993305 -0.471705675 -0.144640923 -0.053204108 0.988052785 -0.136704087
0.988585830 0.022230754 0.149009615 0.085683294 -0.029093159 0.998606384 0.044032805 -0.462886870 -0.147823066 -0.047865368 0.987854898 -0.134086326
0.987845361 0.030855857 0.152346551 0.087483414 -0.037745520 0.998381495 0.042539984 -0.446446121 -0.150787383 -0.047773324 0.987411201 -0.129430503
0.987491429 0.035614524 0.153597817 0.087893985 -0.042921338 0.998086035 0.044519477 -0.423434168 -0.151718304 -0.050555222 0.987130046 -0.122703314
0.986638963 0.041564666 0.157530844 0.089671083 -0.049637094 0.997629583 0.047658928 -0.395961434 -0.155176491 -0.054841526 0.986363351 -0.114529401
0.986041844 0.043678094 0.160666510 0.090347037 -0.052484576 0.997319579 0.050981186 -0.365320861 -0.158009097 -0.058702096 0.985691249 -0.105858780
0.984755695 0.046420421 0.167634517 0.092444941 -0.056371141 0.996888578 0.055094972 -0.334081799 -0.164555401 -0.063704841 0.984308481 -0.096278369
0.984240711 0.044338778 0.171185106 0.093122490 -0.055432960 0.996622920 0.060579631 -0.301555336 -0.167920977 -0.069114238 0.983374655 -0.087436765
0.984381616 0.035863135 0.172356129 0.094475947 -0.048796337 0.996253788 0.071395397 -0.268053412 -0.169149995 -0.078690663 0.982443929 -0.078782260
0.986203194 0.024626236 0.163697243 0.093643688 -0.038877908 0.995670199 0.084435798 -0.234629393 -0.160909116 -0.089635067 0.982890546 -0.071743958
0.987678826 0.013758397 0.155888498 0.096268654 -0.029546143 0.994607151 0.099416591 -0.199846596 -0.153679997 -0.102797560 0.982758939 -0.059668865
0.988909841 0.003776028 0.148469239 0.095899686 -0.021135688 0.993080080 0.115521520 -0.169502705 -0.147005647 -0.117378369 0.982146442 -0.054555487
0.989875853 -0.005789889 0.141817793 0.096538201 -0.012918737 0.991345108 0.130644575 -0.143286616 -0.141346797 -0.131154016 0.981233776 -0.049596019
0.990126729 -0.015111819 0.139358282 0.096765190 -0.005321992 0.989402413 0.145101652 -0.121833697 -0.140074164 -0.144410685 0.979553342 -0.045696750
0.990329683 -0.019596759 0.137342826 0.097579338 -0.002636288 0.987136364 0.159858868 -0.106458053 -0.138708815 -0.158675060 0.977538824 -0.042901944
0.990398169 -0.020826649 0.136666387 0.098058812 -0.003064645 0.985036433 0.172319084 -0.099392831 -0.138210207 -0.171083331 0.975514472 -0.043098576
0.990729690 -0.022064593 0.134043992 0.099408560 -0.002660518 0.983380795 0.181535542 -0.100433692 -0.135821790 -0.180209279 0.974205852 -0.044188760
0.991332591 -0.022198349 0.129487008 0.099474080 -0.002344619 0.982475162 0.186378717 -0.111468732 -0.131355077 -0.185066909 0.973907650 -0.048862342
0.991753876 -0.019994680 0.126587927 0.099025644 -0.003894792 0.982595801 0.185715690 -0.130767822 -0.128098100 -0.184677288 0.974415302 -0.055529237
0.992225289 -0.016871102 0.123305820 0.098166779 -0.005628376 0.983672440 0.179880053 -0.156429499 -0.124327309 -0.179175556 0.975929737 -0.063655421
0.992150128 -0.007483684 0.124828376 0.097706057 -0.014249194 0.984940886 0.172303185 -0.187132731 -0.124238037 -0.172729328 0.977102578 -0.072317049
0.991429210 0.001163472 0.130639836 0.097343057 -0.022680622 0.986309111 0.163339853 -0.220940337 -0.128661230 -0.164902896 0.977882087 -0.081183456
0.990442336 0.007375245 0.137730286 0.093596742 -0.028895110 0.987505913 0.154910326 -0.259424567 -0.134866968 -0.157409459 0.978280723 -0.094874859
0.989878178 0.010208472 0.141551837 0.092069075 -0.031383738 0.988462031 0.148181707 -0.294058651 -0.138405904 -0.151124269 0.978777409 -0.102935657
0.990053296 0.009901804 0.140343860 0.090077847 -0.030224461 0.989199400 0.143426061 -0.327730328 -0.137407884 -0.146241277 0.979659438 -0.110810556
0.990191877 0.008622874 0.139447644 0.087522395 -0.028065909 0.990024507 0.138071746 -0.358697951 -0.136866018 -0.140631258 0.980556250 -0.118251085
0.990168035 0.005739301 0.139765352 0.088213257 -0.023854580 0.991450429 0.128285095 -0.385256737 -0.137834162 -0.130357847 0.981839359 -0.120170467
0.989700913 0.002258462 0.143132687 0.086311653 -0.018538948 0.993477285 0.112512983 -0.412338018 -0.141944975 -0.114007734 0.983287275 -0.125551775
0.989241064 -0.002881339 0.146266192 0.084581815 -0.010596884 0.995768368 0.091285765 -0.435966641 -0.145910263 -0.091853589 0.985024452 -0.129755750
0.989459217 -0.010538191 0.144427776 0.082361281 0.000552361 0.997615993 0.069007009 -0.454350531 -0.144810677 -0.068199843 0.987106204 -0.132419035
0.989126444 -0.010529293 0.146690309 0.081245787 0.003233351 0.998749614 0.049886968 -0.465775698 -0.147032171 -0.048870217 0.987923682 -0.133967608
0.988795817 -0.006074089 0.149150908 0.080898315 0.000686416 0.999346256 0.036147237 -0.468109041 -0.149272949 -0.035639860 0.988153517 -0.133247823
0.988294899 0.003265534 0.152520612 0.082791194 -0.008113094 0.999481142 0.031171454 -0.462473005 -0.152339682 -0.032044005 0.987808585 -0.131113455
0.987716198 0.012493333 0.155758366 0.084015444 -0.017887313 0.999286115 0.033277020 -0.447977096 -0.155231431 -0.035654351 0.987234533 -0.126726910
0.987648129 0.016856981 0.155778632 0.084923431 -0.023445481 0.998902261 0.040553771 -0.427551359 -0.154924020 -0.043705158 0.986959159 -0.121215798
0.987612903 0.018055484 0.155867785 0.085376032 -0.026094291 0.998424113 0.049683336 -0.402124673 -0.154725105 -0.053135160 0.986527622 -0.114221856
0.987326503 0.016209725 0.157872215 0.083512284 -0.025969192 0.997863293 0.059953444 -0.378394753 -0.156563058 -0.063293435 0.985637844 -0.111193933
0.986513257 0.017917369 0.162697807 0.084955491 -0.029734273 0.997069299 0.070488937 -0.349149287 -0.160958007 -0.074375965 0.984154820 -0.102492109
0.985383928 0.018518995 0.169338569 0.086849242 -0.032828934 0.996083260 0.082099684 -0.319422781 -0.167154923 -0.086458914 0.982132435 -0.092887565
0.985235870 0.018026086 0.170250788 0.087886676 -0.034590110 0.994892061 0.094833076 -0.289336413 -0.167671695 -0.099321947 0.980826855 -0.084220931
0.985205114 0.014550484 0.170760721 0.092270941 -0.033185206 0.993727982 0.106786944 -0.256523520 -0.168135911 -0.110873766 0.979508698 -0.069580108
0.986337960 -0.002098967 0.164721176 0.092428453 -0.017567931 0.992876351 0.117847197 -0.229637116 -0.163795128 -0.119130976 0.979274690 -0.061662745
0.987756312 -0.019030623 0.154839694 0.092893742 -0.000670941 0.992004275 0.126202673 -0.205876440 -0.156003356 -0.124761373 0.979845703 -0.055263191
0.988852143 -0.035440695 0.144621596 0.092605919 0.016176976 0.991082728 0.132262573 -0.184481293 -0.148019448 -0.128448591 0.980607569 -0.049864445
0.989407301 -0.044539399 0.138164490 0.092651643 0.025711529 0.990487933 0.135176286 -0.166687548 -0.142870933 -0.130191997 0.981141150 -0.045336470
0.989180923 -0.048029240 0.138615549 0.093408138 0.029021282 0.990280330 0.136024505 -0.152103290 -0.143801391 -0.130530059 0.980960250 -0.041358545
0.989164770 -0.044804312 0.139805809 0.093679689 0.025198394 0.989974976 0.138976917 -0.141035154 -0.144631013 -0.133948192 0.980377376 -0.037873570
0.989204407 -0.037495054 0.141664192 0.094260067 0.016671255 0.989230394 0.145414099 -0.134750932 -0.145590827 -0.141482547 0.979176164 -0.036385525
0.988999784 -0.029399052 0.144965798 0.094299711 0.006494931 0.987735331 0.156002298 -0.134284094 -0.147774160 -0.153344706 0.977060974 -0.036045317
0.989213347 -0.022740409 0.144706205 0.093989536 -0.001929078 0.985768139 0.168099493 -0.141065776 -0.146469429 -0.166565418 0.975091100 -0.038344614
0.989529192 -0.019487204 0.143011466 0.092546344 -0.006198084 0.984192193 0.176995173 -0.155280948 -0.144199923 -0.176028296 0.973766088 -0.042536967
0.990237832 -0.019169435 0.138063803 0.089720391 -0.006045165 0.983660102 0.179933921 -0.175161138 -0.139257088 -0.179011986 0.973941565 -0.048569087
0.990918040 -0.018451566 0.133195415 0.086422667 -0.005225571 0.984508336 0.175260037 -0.200120538 -0.134365812 -0.174364358 0.975470603 -0.056034014
0.991168022 -0.018630853 0.131296635 0.083125398 -0.003271673 0.986345053 0.164659426 -0.228402689 -0.132571518 -0.163634732 0.977572739 -0.063527815
0.991341710 -0.017811481 0.130093902 0.079462804 -0.002092952 0.988487959 0.151285097 -0.259593159 -0.131290853 -0.150247499 0.979892015 -0.070900977
0.991291583 -0.019399624 0.130248636 0.077149242 0.001703988 0.990896046 0.134618416 -0.292346209 -0.131674409 -0.133224145 0.982299924 -0.078456186
0.991226077 -0.020532712 0.130573049 0.075326420 0.005615364 0.993510485 0.113602072 -0.325849175 -0.132058248 -0.111872122 0.984908760 -0.086154208
0.991303146 -0.022503637 0.129659638 0.073207863 0.010867082 0.995903671 0.089764893 -0.359641820 -0.131148562 -0.087575197 0.987487018 -0.094538338
0.991255045 -0.022418169 0.130041882 0.071570933 0.014267167 0.997894049 0.063276209 -0.393645883 -0.131186560 -0.060867529 0.989487350 -0.105940297
0.990755200 -0.022226835 0.133828491 0.069948278 0.017736590 0.999242067 0.034651585 -0.425132930 -0.134497255 -0.031957574 0.990398526 -0.114127003
0.990218341 -0.018319225 0.138318554 0.068609051 0.017326670 0.999814808 0.008376658 -0.453428268 -0.138446376 -0.005898121 0.990352392 -0.122054428
0.989783704 -0.012609409 0.142018557 0.067524187 0.014563022 0.999812961 -0.012725029 -0.477120847 -0.141831547 0.014663246 0.989782214 -0.129299924
0.989497483 -0.007074205 0.144376919 0.066691376 0.010925149 0.999604881 -0.025897469 -0.493446976 -0.144136682 0.027202819 0.989183843 -0.135566413
0.989007354 -0.002476911 0.147845715 0.066292800 0.007182186 0.999484241 -0.031300217 -0.503030717 -0.147691935 0.032017998 0.988515019 -0.139172539
0.988271117 0.003102606 0.152677834 0.065883100 0.001328313 0.999581099 -0.028910816 -0.504493713 -0.152703583 0.028774530 0.987853050 -0.140783489
0.987199485 0.007124209 0.159331083 0.066403352 -0.003910164 0.999782681 -0.020476542 -0.498597920 -0.159442335 0.019591421 0.987012804 -0.139093816
0.986430645 0.011499977 0.163775355 0.067468390 -0.010246024 0.999911368 -0.008499238 -0.485516489 -0.163858593 0.006705862 0.986461043 -0.135299250
0.985944211 0.012223360 0.166627213 0.068705149 -0.012928956 0.999911427 0.003150458 -0.466751635 -0.166573957 -0.005260492 0.986014903 -0.128976732
0.985810578 0.013892971 0.167285621 0.070253268 -0.016505193 0.999762416 0.014235073 -0.443180859 -0.167048126 -0.016794167 0.985805690 -0.121960044
0.985507250 0.014496956 0.169012755 0.072698325 -0.018969625 0.999510467 0.024878858 -0.416195303 -0.168569356 -0.027724402 0.985299826 -0.113494813
0.985103548 0.013770079 0.171409890 0.076002039 -0.020323040 0.999125719 0.036533833 -0.388856083 -0.170756951 -0.039473176 0.984522164 -0.104945965
0.984261870 0.014945533 0.176082879 0.079928346 -0.023958918 0.998502851 0.049173974 -0.361866146 -0.175084323 -0.052618824 0.983146369 -0.097296588
0.983872533 0.014526047 0.178280279 0.083732814 -0.025952846 0.997742951 0.061930768 -0.337589055 -0.176978275 -0.065558858 0.982028902 -0.090697087
0.984557271 0.014854640 0.174431607 0.086647272 -0.028003007 0.996926963 0.073160917 -0.315465719 -0.172808781 -0.076915726 0.981947601 -0.087316453
0.985623479 0.013432542 0.168421715 0.089373879 -0.027730150 0.996177852 0.082829505 -0.295608789 -0.166665375 -0.086309060 0.982228816 -0.083990678
0.987579048 0.008329153 0.156902060 0.090158090 -0.023196615 0.995380402 0.093165226 -0.277439386 -0.155401245 -0.095647626 0.983210027 -0.083270252
0.989222825 0.000455057 0.146417215 0.090637423 -0.016261594 0.994150043 0.106776692 -0.261188358 -0.145512089 -0.108006917 0.983443320 -0.082463793
0.990714490 -0.008874400 0.135668859 0.090230942 -0.007966649 0.992363691 0.123088725 -0.246325776 -0.135725185 -0.123026617 0.983078420 -0.082625031
0.991283953 -0.014851796 0.130902648 0.090265825 -0.003489611 0.990316570 0.138783842 -0.234210655 -0.131696254 -0.138031006 0.981633067 -0.082983591
0.991183162 -0.018817503 0.131155699 0.090393446 -0.001343782 0.988385201 0.151963502 -0.224477947 -0.132491916 -0.150799900 0.979645491 -0.083662629
0.991402924 -0.019127637 0.129438922 0.090036504 -0.002117519 0.986782134 0.162038818 -0.216671646 -0.130827442 -0.160919830 0.978258133 -0.085022815
0.991948545 -0.022692930 0.124591708 0.089319773 0.001269775 0.985547185 0.169396520 -0.211609945 -0.126635104 -0.167874426 0.977640927 -0.087994650
0.993073523 -0.024202399 0.114974655 0.087421849 0.003762900 0.984603941 0.174759746 -0.206575215 -0.117434107 -0.173116654 0.977875173 -0.092759959
0.994483531 -0.024343666 0.102028899 0.085331187 0.005621103 0.983667076 0.179909557 -0.204138845 -0.104742132 -0.178343564 0.978377581 -0.098338962
0.995371819 -0.024252132 0.092988200 0.084067367 0.006707245 0.982804418 0.184527695 -0.203122199 -0.095864408 -0.183049977 0.978418469 -0.103409670
0.995746195 -0.024399396 0.088849433 0.083173446 0.007009680 0.981566072 0.190994546 -0.203665614 -0.091871746 -0.189559296 0.977561712 -0.107937522
0.995703042 -0.022186328 0.089906491 0.082568362 0.003929931 0.980124772 0.198343039 -0.204883382 -0.092520081 -0.197137445 0.976000428 -0.112185456
0.995550036 -0.021378521 0.091777354 0.081574515 0.001725516 0.977898479 0.209073201 -0.206798032 -0.094218612 -0.207984462 0.973583758 -0.116517201
0.995222449 -0.020332735 0.095492616 0.080582142 -0.001657716 0.974414229 0.224753559 -0.208303660 -0.097619221 -0.223838091 0.969725251 -0.120978482
0.994984806 -0.016894024 0.098589115 0.079961933 -0.008343533 0.968181372 0.250110447 -0.207941666 -0.099677511 -0.249678686 0.963184774 -0.125972688
0.994901896 -0.016660385 0.099461883 0.079757325 -0.012548370 0.958143413 0.286013454 -0.208057985 -0.100063846 -0.285803407 0.953049660 -0.130329311
0.994994819 -0.020780316 0.097741976 0.079110950 -0.012984959 0.942957163 0.332660705 -0.204894453 -0.099079296 -0.332264870 0.937967658 -0.135908097
0.995080411 -0.028940968 0.094749205 0.078482151 -0.010102118 0.921754181 0.387643129 -0.201556087 -0.098554246 -0.386693269 0.916927159 -0.141252175
0.994951725 -0.037074160 0.093255714 0.078120105 -0.008321439 0.895579755 0.444823176 -0.196818441 -0.100009382 -0.443353623 0.890750110 -0.146965340
0.994459152 -0.044658110 0.095166564 0.078490444 -0.008485176 0.868227363 0.496093959 -0.194335788 -0.104780838 -0.494152695 0.863037705 -0.152723417
0.993728459 -0.054955505 0.097383991 0.078761645 -0.005662575 0.845049262 0.534658432 -0.191724449 -0.111676693 -0.531856775 0.839438319 -0.155987963
0.993212342 -0.061768949 0.098558962 0.078902178 -0.003597988 0.830621421 0.556825936 -0.191654935 -0.116259739 -0.553401053 0.824761152 -0.157951504
0.992562175 -0.069058165 0.100256309 0.078456365 0.000528522 0.825972259 0.563710570 -0.192865461 -0.121737748 -0.559464812 0.819865286 -0.158157393
0.992323160 -0.071094669 0.101194188 0.077718385 0.002401419 0.829170406 0.558990717 -0.195585176 -0.123648494 -0.554456472 0.822975755 -0.158706039
0.992098629 -0.071883678 0.102825075 0.077072710 0.003997240 0.837277830 0.546763122 -0.198393270 -0.125396505 -0.542031944 0.830949545 -0.158280581
0.992147028 -0.069906160 0.103717759 0.076230660 0.003950920 0.846333742 0.532638252 -0.200879082 -0.125014544 -0.528045714 0.839963734 -0.159296408
0.992223084 -0.068598717 0.103863098 0.075491816 0.004534740 0.853796184 0.520587683 -0.202465758 -0.124389566 -0.516068101 0.847467363 -0.159982458
0.992449999 -0.068794265 0.101540066 0.074313849 0.006879313 0.857803822 0.513931274 -0.203306511 -0.122456975 -0.509352565 0.851800621 -0.162147135
0.992610931 -0.068196669 0.100363061 0.073273405 0.007222770 0.858859539 0.512160242 -0.203070775 -0.121125400 -0.507650912 0.853006005 -0.164098799
0.992393792 -0.073130436 0.099027716 0.071046405 0.011978813 0.857972741 0.513555467 -0.202807024 -0.122519620 -0.508463085 0.852322876 -0.167063728
0.992227435 -0.076906912 0.097826451 0.068325773 0.015239617 0.855333030 0.517854452 -0.201736286 -0.123500779 -0.512338519 0.849856973 -0.170161858
0.991885245 -0.081188969 0.097836576 0.063326269 0.018725330 0.854441047 0.519210935 -0.202060297 -0.125749782 -0.513165593 0.849027753 -0.174731970
0.991485715 -0.084019803 0.099482268 0.059445173 0.020889647 0.856717527 0.515362680 -0.201303080 -0.128528878 -0.508896649 0.851178348 -0.177642733
0.991028070 -0.082899064 0.104838312 0.055365812 0.018427040 0.861659229 0.507152736 -0.201389641 -0.132377371 -0.500670731 0.855456054 -0.180253342
0.990229309 -0.082995743 0.112061068 0.051914752 0.016488101 0.867646813 0.496907592 -0.202327132 -0.138470635 -0.490204751 0.860537767 -0.182908118
0.989311099 -0.086295977 0.117543764 0.048235245 0.017913491 0.871904433 0.489348292 -0.204012781 -0.144715726 -0.482012093 0.864130616 -0.185378984
0.988702655 -0.088926077 0.120661780 0.045428559 0.019113984 0.873227894 0.486937076 -0.205530539 -0.148666635 -0.479129642 0.865062475 -0.188655972
0.988394082 -0.089828372 0.122507326 0.042709127 0.018516451 0.871663511 0.489754915 -0.206285030 -0.150779054 -0.481802464 0.863210320 -0.192249089
0.988990963 -0.086553179 0.120022520 0.039982408 0.015765771 0.868110895 0.496119857 -0.205784842 -0.147133604 -0.488765836 0.859918416 -0.196284115
0.989556432 -0.082683250 0.118074320 0.037177719 0.012137655 0.864016593 0.503316998 -0.204493701 -0.143634051 -0.496627420 0.855996788 -0.199781105
0.989920795 -0.077297613 0.118667148 0.035062701 0.006315250 0.861173928 0.508271158 -0.203364462 -0.141481206 -0.502398789 0.852982163 -0.202666149
0.989960968 -0.072105736 0.121565133 0.032747999 0.000448212 0.861680329 0.507451296 -0.202902734 -0.141340435 -0.502302527 0.853062153 -0.204093382
0.990014255 -0.070342965 0.122162402 0.030196708 -0.000597738 0.864498317 0.502635360 -0.203081921 -0.140966058 -0.497689217 0.855823636 -0.204888374
0.990637243 -0.068630934 0.118015379 0.028893704 0.001119811 0.868507802 0.495674253 -0.200575203 -0.136515856 -0.490901232 0.860453010 -0.203222454
0.991209924 -0.069637261 0.112487763 0.026755361 0.005492471 0.871185780 0.490922719 -0.201374874 -0.132184252 -0.485989660 0.863910496 -0.203514606
0.991873264 -0.069226004 0.106747992 0.023732565 0.008337675 0.872581601 0.488397241 -0.205364197 -0.126956120 -0.483538151 0.866067529 -0.205578044
0.992285013 -0.069900759 0.102392823 0.021847434 0.011345023 0.873629808 0.486458898 -0.205102444 -0.123457268 -0.481544256 0.867682815 -0.205920160
0.992777824 -0.067059085 0.099474959 0.020685829 0.010222727 0.873454869 0.486797780 -0.204333723 -0.119531102 -0.482265145 0.867832184 -0.205507874
0.992945194 -0.065858595 0.098602854 0.020109907 0.009519659 0.873162448 0.487336397 -0.203651845 -0.118191592 -0.482959688 0.867629409 -0.204950184
0.993150473 -0.063699856 0.097951494 0.019632470 0.007898655 0.873005152 0.487647086 -0.202930406 -0.116575204 -0.483533233 0.867528558 -0.204201311
0.993311465 -0.064170271 0.095992312 0.019260829 0.009316351 0.873178899 0.487310857 -0.202632159 -0.115089327 -0.483157188 0.867936432 -0.203432336
0.993496776 -0.063049965 0.094809666 0.019416865 0.008956028 0.873377562 0.486961424 -0.202394754 -0.113507539 -0.482945502 0.868262470 -0.202633262
0.993592381 -0.063224353 0.093684956 0.019990752 0.009673012 0.873429298 0.486854911 -0.202254578 -0.112608269 -0.482829094 0.868444264 -0.201977104
0.993520439 -0.063421831 0.094312511 0.021475652 0.009566626 0.873544693 0.486649930 -0.202193111 -0.113250427 -0.482594371 0.868491232 -0.201217785
0.993446827 -0.063529290 0.095012575 0.024859760 0.009358248 0.873713374 0.486351162 -0.202173546 -0.113911301 -0.482274860 0.868582308 -0.200746283
0.993294835 -0.064730756 0.095787734 0.030254468 0.009932010 0.873268187 0.487138629 -0.202223286 -0.115181237 -0.482920945 0.868055701 -0.200135514
0.993246436 -0.064448610 0.096477464 0.038281731 0.008968346 0.871690750 0.489974350 -0.202498510 -0.115676671 -0.485800058 0.866381705 -0.199637040
0.992800474 -0.066406168 0.099686459 0.050001413 0.008725842 0.870134234 0.492737561 -0.199250966 -0.119461417 -0.488320261 0.864449143 -0.197113454
0.992393553 -0.068415917 0.102344051 0.063084938 0.008633234 0.867980838 0.496522635 -0.199977070 -0.122802719 -0.491862327 0.861969233 -0.196154326
0.991737306 -0.071916431 0.106231369 0.078128457 0.009657657 0.867592573 0.497181922 -0.201163650 -0.127921090 -0.492047936 0.861118495 -0.194752038
0.990813732 -0.076016881 0.111846268 0.095722735 0.010894418 0.869238973 0.494272143 -0.203280196 -0.134794161 -0.488513142 0.862082005 -0.192303747
0.989605546 -0.081126124 0.118740991 0.114928558 0.012861345 0.872307420 0.488788754 -0.205844074 -0.143232182 -0.482180864 0.864283621 -0.189502716
0.988399804 -0.086412221 0.124894902 0.135819554 0.015553016 0.875624299 0.482742339 -0.208459824 -0.151075855 -0.475199968 0.866810918 -0.186496302
0.987119794 -0.091561124 0.131191149 0.158481091 0.017729755 0.877589524 0.479084849 -0.210624337 -0.158997521 -0.470588148 0.867909312 -0.182630464
0.985627055 -0.098457217 0.137278676 0.182047635 0.020945590 0.877560437 0.479008347 -0.212684557 -0.167632163 -0.469248205 0.867009580 -0.179245666
0.983916879 -0.105077967 0.144451529 0.207241386 0.022618819 0.875457406 0.482765704 -0.215002567 -0.177189201 -0.471734017 0.863754034 -0.176012248
0.982225657 -0.109600082 0.152382866 0.232711688 0.021520060 0.872226715 0.488628209 -0.217179209 -0.186466083 -0.476663888 0.859082043 -0.173016697
0.981048346 -0.110230438 0.159353063 0.259159744 0.017547421 0.869575560 0.493488073 -0.219382003 -0.192966923 -0.481339395 0.855029941 -0.169879764
0.980067134 -0.112750955 0.163571581 0.284812540 0.017299749 0.868655086 0.495115221 -0.222261474 -0.197911993 -0.482416391 0.853290856 -0.167210072
0.979081750 -0.115460858 0.167534158 0.310616791 0.018505666 0.870515943 0.491792142 -0.225219309 -0.202623889 -0.478404403 0.854443014 -0.164256155
0.977718711 -0.118501127 0.173273236 0.336185247 0.019931808 0.874104083 0.485329539 -0.228155121 -0.208970934 -0.471062094 0.856989861 -0.161316201
0.976306558 -0.117582090 0.181659043 0.361694455 0.016704999 0.877938330 0.478482187 -0.230174109 -0.215746373 -0.464110672 0.859101117 -0.158114761
0.974963427 -0.116995610 0.189098850 0.386004627 0.013551079 0.880077183 0.474637240 -0.231359243 -0.221952066 -0.460191458 0.859628439 -0.155461445
0.973679364 -0.124664009 0.190807104 0.407146603 0.019207310 0.879061282 0.476321667 -0.231407985 -0.227111310 -0.460119694 0.858318329 -0.153212860
0.972133636 -0.135157123 0.191542968 0.425787628 0.026748735 0.875683069 0.482144892 -0.231006771 -0.232896253 -0.463585734 0.854896307 -0.151544154
0.970271409 -0.137347668 0.199271217 0.444426686 0.022666089 0.871319056 0.490193188 -0.229064479 -0.240955696 -0.471103728 0.848529100 -0.149033263
0.968111217 -0.139777109 0.207901493 0.461216748 0.018770870 0.868016660 0.496180177 -0.227998033 -0.249816582 -0.476455092 0.842960417 -0.147870794
0.966366768 -0.140632853 0.215308368 0.475806653 0.015955687 0.868403733 0.495600998 -0.227464244 -0.256672382 -0.475496948 0.841440380 -0.146279946
0.965737522 -0.141388044 0.217624485 0.487718970 0.017301340 0.871773362 0.489603817 -0.227788597 -0.258943349 -0.469063580 0.844350457 -0.144007280
0.965154350 -0.147378296 0.216233045 0.496245027 0.026187189 0.876571000 0.480559587 -0.226970136 -0.260367662 -0.458151639 0.849885702 -0.141585290
0.965161681 -0.150203362 0.214247301 0.503287017 0.032528132 0.881344795 0.471352667 -0.225893348 -0.259624481 -0.447962433 0.855526030 -0.139662042
0.965491533 -0.148645297 0.213847235 0.508705080 0.034096271 0.886195660 0.462054968 -0.224166736 -0.258192778 -0.438818753 0.860682666 -0.138586283
0.965901911 -0.150250971 0.210850969 0.512323737 0.038956802 0.889454901 0.455359668 -0.222616360 -0.255960643 -0.431618720 0.864979506 -0.137694538
0.966012299 -0.154034436 0.207589999 0.513559639 0.044613998 0.890366256 0.453053594 -0.220401391 -0.254616976 -0.428393900 0.866976857 -0.137171507
0.965616643 -0.161527902 0.203698978 0.513685644 0.052155919 0.887983918 0.456907392 -0.218104318 -0.254684716 -0.430573285 0.865876675 -0.136600032
0.964681327 -0.164835751 0.205472857 0.513528526 0.051451944 0.882904232 0.466725618 -0.215691239 -0.258345932 -0.439669520 0.860202372 -0.136389196
0.963352144 -0.165124446 0.211391926 0.512944043 0.045549460 0.877326190 0.477728069 -0.213966295 -0.264344245 -0.450591564 0.852695346 -0.136412427
0.961760461 -0.168128207 0.216216877 0.509777069 0.043630879 0.873389602 0.485063851 -0.213746950 -0.270394504 -0.457081497 0.847327173 -0.136570707
0.960946202 -0.169463813 0.218779296 0.505087495 0.042904317 0.872245848 0.487182111 -0.214912444 -0.273389071 -0.458769232 0.845452070 -0.136894569
0.961061001 -0.169999480 0.217857704 0.497736424 0.044562012 0.873402894 0.484955251 -0.216561064 -0.272719681 -0.456363380 0.846969008 -0.137220368
0.961847007 -0.166728348 0.216914654 0.488535702 0.042700887 0.874622285 0.482920796 -0.217776030 -0.270234972 -0.455233485 0.848372281 -0.137888849
0.962870061 -0.161316544 0.216467559 0.476721078 0.038284235 0.875323892 0.482019037 -0.218575686 -0.267236859 -0.455834419 0.848999083 -0.138675466
0.964228153 -0.157062173 0.213531271 0.462132305 0.036280584 0.876170278 0.480634332 -0.219212532 -0.262579232 -0.455694079 0.850526333 -0.139251396
0.965225220 -0.154720515 0.210717574 0.444949001 0.035798542 0.876685500 0.479730189 -0.219632953 -0.258957148 -0.455504298 0.851737678 -0.139116585
0.966047108 -0.154142201 0.207347900 0.425267488 0.036795780 0.876437068 0.480108529 -0.219940662 -0.255732358 -0.456177920 0.852351248 -0.139385805
0.966688573 -0.153418750 0.204880103 0.403625727 0.037024125 0.875848711 0.481163472 -0.219522700 -0.253263474 -0.457549721 0.852353156 -0.139274627
0.967966914 -0.154363573 0.198020130 0.379469514 0.040567826 0.874471962 0.483376712 -0.220264837 -0.247778803 -0.459859401 0.852722108 -0.140014559
0.969749928 -0.154952854 0.188612550 0.353598744 0.045109052 0.873134613 0.485387683 -0.221080169 -0.239896327 -0.462196529 0.853711963 -0.140743181
0.971625328 -0.155131385 0.178545371 0.326307356 0.050054062 0.872631371 0.485807687 -0.222086132 -0.231168315 -0.463086158 0.855635703 -0.141019776
0.973315477 -0.152751908 0.171241924 0.298810065 0.051378205 0.872366428 0.486145258 -0.221966237 -0.223645315 -0.464374602 0.856935859 -0.140892997
0.975172162 -0.146111742 0.166404873 0.271116048 0.047895595 0.872815013 0.485695392 -0.221455619 -0.216206461 -0.465666562 0.858143032 -0.140228316
0.976824105 -0.142069042 0.160096899 0.242823049 0.048016854 0.874347866 0.482918411 -0.220631182 -0.208588138 -0.464038998 0.860905766 -0.139157474
0.978569746 -0.138573572 0.152311012 0.213504106 0.049663424 0.876670003 0.478522062 -0.220082670 -0.199836984 -0.460702896 0.864764750 -0.137193665
0.980470657 -0.136368901 0.141706765 0.183400050 0.054201599 0.880014300 0.471844256 -0.219041854 -0.189048856 -0.454948723 0.870219648 -0.134142444
0.982268870 -0.134394109 0.130713701 0.153660178 0.058934830 0.883229494 0.465222865 -0.218047604 -0.177973419 -0.449270338 0.875489354 -0.131059587
