1.000000000 0.000000000 0.000000000 0.000000030 0.000000000 1.000000000 0.000000000 -0.000000358 0.000000000 0.000000000 1.000000000 -0.000000715
1.000000000 0.000182980 -0.000136220 0.000171503 -0.000182993 1.000000000 -0.000092197 0.000308836 0.000136203 0.000092222 1.000000000 0.000042490
1.000000000 -0.000169949 -0.000007548 0.000242423 0.000169946 0.999999881 -0.000426066 0.000459211 0.000007621 0.000426065 0.999999881 0.000056941
1.000000000 0.000000200 -0.000110731 0.000169152 -0.000000247 0.999999940 -0.000418033 0.000719525 0.000110730 0.000418033 0.999999881 0.000052295
1.000000000 0.000064773 0.000127130 0.000195772 -0.000064718 0.999999881 -0.000426758 0.000885583 -0.000127158 0.000426749 0.999999881 0.000023718
1.000000000 -0.000140236 -0.000065948 0.000061750 0.000140204 0.999999881 -0.000493079 0.001033040 0.000066017 0.000493070 0.999999881 0.000073946
0.999999881 -0.000003475 0.000509226 0.000127275 0.000003738 0.999999881 -0.000516442 0.001083410 -0.000509224 0.000516443 0.999999762 0.000162858
0.999999940 -0.000189578 0.000353597 0.000133207 0.000189746 0.999999881 -0.000474952 0.001067803 -0.000353507 0.000475019 0.999999821 0.000208361
0.999999464 -0.000545194 0.000862918 0.000231489 0.000545452 0.999999821 -0.000298431 -0.000001853 -0.000862755 0.000298902 0.999999583 -0.000156841
0.999999404 -0.000498295 0.000954094 -0.000012852 0.000498533 0.999999821 -0.000248946 0.000865469 -0.000953970 0.000249421 0.999999523 0.000413407
0.999998927 -0.000812251 0.001242735 0.000069084 0.000812184 0.999999642 0.000054743 -0.000221428 -0.001242779 -0.000053734 0.999999225 0.000121043
0.999999464 -0.000578940 0.000861443 -0.000150197 0.000579029 0.999999821 -0.000102611 0.000504472 -0.000861384 0.000103109 0.999999642 0.000520172
0.999998868 -0.000912878 0.001197462 -0.000692680 0.000912812 0.999999583 0.000055315 0.000226915 -0.001197512 -0.000054222 0.999999285 -0.000435728
0.999999702 -0.000577789 0.000469569 0.000076286 0.000577856 0.999999821 -0.000142306 0.000693768 -0.000469487 0.000142578 0.999999881 0.000520054
0.999999583 -0.000572521 0.000674211 -0.000166557 0.000572574 0.999999821 -0.000078003 0.000477772 -0.000674166 0.000078389 0.999999762 0.000550897
0.999999702 -0.000575592 0.000534549 -0.000033221 0.000575702 0.999999821 -0.000205340 0.000402277 -0.000534431 0.000205647 0.999999821 0.000171285
0.999999881 -0.000346030 0.000284152 -0.000018454 0.000346069 0.999999940 -0.000139552 0.000518423 -0.000284104 0.000139651 0.999999940 0.000083524
0.999999821 -0.000487281 -0.000333134 -0.000014958 0.000487285 0.999999881 0.000014253 0.000533219 0.000333127 -0.000014415 0.999999940 0.000195014
0.999999881 -0.000467359 0.000026324 -0.000019847 0.000467361 0.999999881 -0.000066331 0.000583507 -0.000026292 0.000066343 1.000000000 0.000203410
0.999999940 -0.000277002 0.000168868 -0.000074606 0.000276994 0.999999940 0.000048811 0.000610930 -0.000168882 -0.000048764 1.000000000 0.000055773
0.999999940 -0.000250353 0.000222284 -0.000058410 0.000250386 0.999999940 -0.000148813 0.000482542 -0.000222247 0.000148869 0.999999940 0.000020350
0.999999940 -0.000297308 0.000183539 -0.000147640 0.000297338 0.999999940 -0.000162914 0.000543163 -0.000183491 0.000162969 0.999999940 0.000232037
0.999999940 -0.000207218 0.000208777 0.000111828 0.000207243 1.000000000 -0.000117142 0.000539998 -0.000208753 0.000117186 1.000000000 0.000370244
0.999999106 -0.000858583 0.001039086 -0.001041231 0.000858507 0.999999642 0.000073447 -0.000156024 -0.001039149 -0.000072555 0.999999464 -0.000527019
0.999999881 -0.000289705 0.000396857 0.000209288 0.000289771 0.999999940 -0.000165358 0.000429527 -0.000396809 0.000165473 0.999999881 0.000315654
0.999999762 -0.000397863 0.000579888 0.000089895 0.000397978 0.999999881 -0.000197577 0.000505424 -0.000579810 0.000197808 0.999999821 0.000186744
0.999999821 -0.000368312 0.000406740 0.000127946 0.000368342 0.999999940 -0.000072321 0.000552939 -0.000406714 0.000072470 0.999999940 0.000218812
0.999999821 -0.000392933 0.000489102 0.000051515 0.000392955 0.999999940 -0.000044631 0.000477320 -0.000489085 0.000044823 0.999999881 0.000325169
0.999999583 -0.000755200 0.000483262 0.000243058 0.000755212 0.999999702 -0.000025586 -0.000021984 -0.000483242 0.000025951 0.999999881 0.000654073
0.999999821 -0.000388540 0.000404126 0.000225224 0.000388615 0.999999881 -0.000185302 0.000526888 -0.000404054 0.000185459 0.999999881 0.000526390
0.999999821 -0.000265109 0.000493089 0.000045331 0.000265253 0.999999940 -0.000293459 0.000451148 -0.000493011 0.000293589 0.999999821 0.000216609
0.999999762 -0.000416138 0.000546623 0.000079087 0.000416323 0.999999881 -0.000339521 0.000651979 -0.000546482 0.000339748 0.999999821 0.000290587
0.999999821 -0.000356202 0.000518008 0.000084174 0.000356371 0.999999881 -0.000326252 0.000607692 -0.000517891 0.000326437 0.999999821 0.000182038
0.999999821 -0.000452026 0.000364807 0.000121432 0.000452117 0.999999881 -0.000248501 0.000648868 -0.000364694 0.000248666 0.999999881 0.000115467
0.999999821 -0.000514659 0.000268080 0.000403019 0.000514714 0.999999821 -0.000206270 0.000512641 -0.000267974 0.000206408 0.999999940 0.000880448
0.999999881 -0.000435163 0.000220393 0.000388006 0.000435214 0.999999881 -0.000229586 0.000510958 -0.000220294 0.000229682 0.999999940 0.000714811
0.999999762 -0.000563552 0.000335070 0.000445519 0.000563572 0.999999821 -0.000060724 -0.000500100 -0.000335035 0.000060913 0.999999940 0.000371947
0.999999881 -0.000319184 0.000305005 0.000468323 0.000319242 0.999999940 -0.000189387 0.000515495 -0.000304944 0.000189484 0.999999940 0.000569775
0.999999821 0.000507228 0.000208774 0.000397480 -0.000507333 0.999999762 0.000503157 0.000394159 -0.000208518 -0.000503263 0.999999881 0.000787171
1.000000000 0.000052001 -0.000071399 0.000269503 -0.000051980 0.999999940 0.000295016 0.000467251 0.000071414 -0.000295012 0.999999940 0.000333921
0.999999821 -0.000569148 -0.000029824 0.000153308 0.000569152 0.999999821 0.000128856 0.000522153 0.000029751 -0.000128873 1.000000000 0.000376356
1.000000000 -0.000028168 0.000122222 0.000129585 0.000028129 0.999999940 0.000323022 0.000540854 -0.000122231 -0.000323018 0.999999940 0.000408191
1.000000000 -0.000025815 0.000164237 0.000067128 0.000025773 0.999999940 0.000253342 0.000638705 -0.000164244 -0.000253338 0.999999940 0.000360286
0.999999940 -0.000353224 0.000205431 -0.000062706 0.000353211 0.999999940 0.000062535 0.000851994 -0.000205453 -0.000062463 1.000000000 0.000441734
0.999999881 -0.000285903 0.000337572 0.000011162 0.000285967 0.999999940 -0.000189967 0.000874100 -0.000337518 0.000190063 0.999999940 0.000301032
0.999999940 -0.000191548 0.000275554 0.000064074 0.000191531 1.000000000 0.000060099 0.000872158 -0.000275566 -0.000060046 0.999999940 0.000171547
0.999999821 -0.000450930 0.000403824 0.000204411 0.000450948 0.999999881 -0.000046007 0.000019746 -0.000403804 0.000046189 0.999999940 0.000013687
0.999999881 -0.000429569 0.000317494 0.000020853 0.000429661 0.999999881 -0.000290008 0.000823402 -0.000317370 0.000290144 0.999999881 0.000336611
0.999999881 -0.000119787 0.000411681 0.000036638 0.000119883 0.999999940 -0.000233486 0.000853254 -0.000411653 0.000233535 0.999999881 0.000310128
0.999999583 -0.000609025 0.000714348 -0.000223899 0.000609115 0.999999821 -0.000124592 0.000414854 -0.000714272 0.000125027 0.999999762 0.000653702
0.999999762 -0.000448507 0.000530785 0.000274034 0.000448573 0.999999881 -0.000123537 -0.000350359 -0.000530729 0.000123775 0.999999881 -0.000068421
0.999999762 -0.000610351 0.000339726 0.000373593 0.000610352 0.999999821 -0.000004545 -0.000123496 -0.000339723 0.000004752 0.999999940 -0.000073620
0.999999821 -0.000484592 0.000332906 0.000347557 0.000484550 0.999999881 0.000126234 -0.000379287 -0.000332967 -0.000126073 0.999999940 -0.000098356
0.999999940 0.000000293 0.000320811 0.000033669 -0.000000325 1.000000000 0.000101131 0.000681671 -0.000320811 -0.000101131 0.999999940 0.000392342
0.999999881 -0.000440329 0.000236290 0.000298933 0.000440300 0.999999881 0.000123866 0.000224512 -0.000236345 -0.000123762 0.999999940 0.000169164
0.999997556 -0.002158939 0.000524479 0.000206985 0.002158461 0.999997258 0.000909241 -0.000506769 -0.000526440 -0.000908107 0.999999464 -0.000083377
0.999999821 -0.000348804 0.000475802 0.000310963 0.000348540 0.999999762 0.000554035 -0.000451171 -0.000475995 -0.000553869 0.999999762 -0.000130551
0.999999881 -0.000371871 0.000392190 0.000313840 0.000371726 0.999999881 0.000369394 -0.000355288 -0.000392327 -0.000369249 0.999999881 -0.000092766
0.999999940 -0.000238645 0.000344090 0.000207614 0.000238580 0.999999940 0.000187792 0.000584526 -0.000344135 -0.000187710 0.999999940 0.000046251
0.999999702 -0.000624281 0.000385183 0.000469010 0.000624138 0.999999762 0.000371736 -0.000359880 -0.000385415 -0.000371495 0.999999881 -0.000090199
0.999999940 -0.000222871 0.000287704 0.000425300 0.000222852 1.000000000 0.000066947 0.000791294 -0.000287719 -0.000066883 0.999999940 0.000323552
0.999999881 0.000046089 0.000523540 0.000288391 -0.000046149 1.000000000 0.000115026 0.000628675 -0.000523535 -0.000115050 0.999999881 -0.000123545
0.999999583 -0.000388586 0.000829985 -0.000407179 0.000388450 0.999999940 0.000163973 0.000048516 -0.000830049 -0.000163651 0.999999642 0.000179144
0.999999940 0.000100226 0.000315187 0.000330709 -0.000100254 1.000000000 0.000091172 0.000366338 -0.000315177 -0.000091203 0.999999940 0.000286918
0.999999464 -0.000407566 0.000949939 -0.000064388 0.000407379 0.999999881 0.000196637 0.000195277 -0.000950019 -0.000196250 0.999999523 -0.000449888
0.999999940 -0.000148729 0.000364742 0.000317775 0.000148758 1.000000000 -0.000077497 0.000431693 -0.000364730 0.000077551 0.999999940 0.000238783
0.999999523 -0.000378777 0.000912701 -0.000193086 0.000378947 0.999999940 -0.000185701 0.000420942 -0.000912631 0.000186047 0.999999583 -0.000507339
0.999999821 -0.000387208 0.000472177 0.000402336 0.000387235 0.999999940 -0.000056317 0.000322877 -0.000472155 0.000056500 0.999999881 -0.000514694
0.999999881 -0.000360987 0.000325661 0.000330071 0.000361034 0.999999940 -0.000143455 0.000524043 -0.000325609 0.000143573 0.999999940 0.000107718
0.999999881 -0.000171183 0.000428387 0.000183157 0.000171335 0.999999940 -0.000354422 0.000655485 -0.000428326 0.000354495 0.999999821 0.000556101
0.999999940 -0.000311448 0.000232137 0.000208510 0.000311480 0.999999940 -0.000137576 0.000667959 -0.000232094 0.000137648 0.999999940 0.000311135
0.999999881 -0.000277740 0.000451842 0.000224708 0.000277865 0.999999940 -0.000277028 0.000618194 -0.000451765 0.000277154 0.999999881 0.000344555
0.999999940 -0.000208692 0.000302205 0.000253092 0.000208720 1.000000000 -0.000092455 0.000437286 -0.000302186 0.000092518 0.999999940 0.000287527
0.999999940 -0.000292137 0.000154646 0.000207903 0.000292138 0.999999940 -0.000008494 0.000591582 -0.000154643 0.000008540 1.000000000 0.000362116
0.999999881 -0.000361340 0.000350639 0.000233678 0.000361426 0.999999881 -0.000244028 0.000534751 -0.000350550 0.000244155 0.999999881 0.000374783
0.999999762 -0.000521939 0.000387270 0.000481420 0.000521977 0.999999881 -0.000098581 -0.000472245 -0.000387218 0.000098783 0.999999940 -0.000500465
0.999999762 -0.000631865 0.000179012 0.000503762 0.000631843 0.999999821 0.000127326 -0.000443911 -0.000179093 -0.000127212 1.000000000 -0.000492651
0.999999821 -0.000457683 0.000317695 0.000538939 0.000457696 0.999999881 -0.000041395 -0.000406359 -0.000317676 0.000041541 0.999999940 -0.000605265
0.999999583 -0.000476953 0.000750992 0.000049810 0.000477198 0.999999821 -0.000327165 0.000469638 -0.000750836 0.000327523 0.999999642 0.000193206
0.999999821 -0.000523121 0.000220921 0.000359182 0.000523156 0.999999821 -0.000158532 0.000716106 -0.000220838 0.000158647 0.999999940 0.000097056
0.999999702 -0.000495593 0.000614090 0.000052479 0.000495662 0.999999881 -0.000113297 0.000458006 -0.000614034 0.000113601 0.999999821 0.000194301
0.999999881 -0.000275468 0.000389845 0.000243751 0.000275577 0.999999940 -0.000278474 0.000678315 -0.000389769 0.000278582 0.999999881 0.000243489
0.999999881 -0.000363162 0.000338551 0.000202170 0.000363232 0.999999940 -0.000207487 0.000701741 -0.000338476 0.000207609 0.999999940 0.000461179
0.999999881 -0.000319820 0.000319991 0.000091768 0.000319887 0.999999940 -0.000208386 0.000685990 -0.000319924 0.000208489 0.999999940 0.000427568
0.999999762 -0.000180352 0.000680259 0.000215180 0.000180226 0.999999940 0.000184816 0.000615636 -0.000680292 -0.000184694 0.999999762 0.000567668
1.000000000 -0.000173681 -0.000063874 0.000171692 0.000173725 0.999999762 0.000683834 0.000325508 0.000063755 -0.000683845 0.999999762 0.000968453
0.999999344 -0.000672961 0.000924344 0.000212246 0.000672703 0.999999762 0.000280168 0.000625904 -0.000924532 -0.000279546 0.999999523 0.000513167
0.999999583 -0.000511933 0.000760325 0.000116054 0.000511538 0.999999762 0.000519713 0.000152241 -0.000760591 -0.000519324 0.999999583 0.001283002
0.999999702 -0.000499725 0.000591539 0.000111900 0.000499338 0.999999642 0.000653832 0.000136410 -0.000591866 -0.000653536 0.999999583 0.001083919
0.999999523 -0.000670423 0.000716400 -0.000085205 0.000669906 0.999999523 0.000721069 0.000487043 -0.000716883 -0.000720589 0.999999464 0.001493865
0.999999404 -0.000543356 0.000975027 -0.000397338 0.000542551 0.999999523 0.000824834 0.000221579 -0.000975475 -0.000824305 0.999999166 0.001118389
0.999999523 -0.000536932 0.000809945 0.000021760 0.000536101 0.999999344 0.001026231 0.000560070 -0.000810496 -0.001025796 0.999999166 0.000927363
0.999999702 -0.000283245 0.000711716 0.000088473 0.000282194 0.999998868 0.001476895 0.000638647 -0.000712134 -0.001476694 0.999998629 0.000824102
0.999999642 -0.000229433 0.000779737 0.000382899 0.000227376 0.999996483 0.002636937 0.000893621 -0.000780339 -0.002636759 0.999996245 0.000564053
0.999999762 0.000042936 0.000646402 0.000362666 -0.000045070 0.999994576 0.003301689 0.000419283 -0.000646257 -0.003301718 0.999994338 -0.000027115
0.999999821 -0.000334149 0.000473878 0.000605880 0.000332558 0.999994338 0.003353506 0.000493091 -0.000474996 -0.003353348 0.999994278 -0.000159819
0.999999881 -0.000330285 0.000319018 0.000410096 0.000328911 0.999990702 0.004297396 0.000578579 -0.000320434 -0.004297290 0.999990702 -0.000378592
0.999999940 -0.000224904 0.000320076 0.000710486 0.000223113 0.999984384 0.005585195 0.000513103 -0.000321327 -0.005585123 0.999984324 -0.000389621
0.999999702 -0.000775956 -0.000089854 0.000764360 0.000776557 0.999975920 0.006893178 0.000751284 0.000084503 -0.006893246 0.999976218 -0.000086905
0.999999285 -0.001160057 -0.000163444 0.000378813 0.001161338 0.999966800 0.008065222 0.000676044 0.000154082 -0.008065406 0.999967456 0.000153401
0.999999821 -0.000515891 0.000331303 0.000647929 0.000513024 0.999962926 0.008596903 0.000983784 -0.000335726 -0.008596731 0.999962986 0.000561184
0.999999225 -0.001217961 -0.000165794 0.000667096 0.001219684 0.999940753 0.010817802 -0.000228456 0.000152609 -0.010817995 0.999941468 -0.000517245
0.999999702 -0.000735286 0.000116801 0.000452647 0.000733853 0.999929786 0.011825094 0.000208964 -0.000125488 -0.011825005 0.999930084 0.000584712
0.999999583 -0.000480981 0.000779950 -0.000641253 0.000469778 0.999897599 0.014300943 0.000159241 -0.000786748 -0.014300571 0.999897420 0.000327259
0.999998868 0.001110888 0.001034480 0.000238091 -0.001127816 0.999863088 0.016509555 -0.000543943 -0.001015998 -0.016510703 0.999863148 0.000779618
0.999999583 -0.000569725 0.000724566 -0.000767027 0.000553214 0.999744713 0.022587461 0.000892956 -0.000737249 -0.022587052 0.999744594 0.000825508
0.999999404 -0.000543627 0.000968754 0.000838087 0.000522698 0.999769270 0.021474374 0.001202052 -0.000980205 -0.021473857 0.999768913 0.000063273
0.999994159 0.002227910 0.002595925 0.000668026 -0.002301216 0.999588668 0.028586568 0.001597887 -0.002531168 -0.028592376 0.999587953 0.000120454
0.999975801 0.004614582 0.005208741 0.000598901 -0.004796966 0.999355912 0.035563193 -0.000127572 -0.005041277 -0.035587318 0.999353826 -0.001987354
0.999966383 0.004521388 0.006841648 0.003827890 -0.004791858 0.999186277 0.040047023 -0.003556414 -0.006655013 -0.040078457 0.999174356 -0.004634013
0.999902785 0.008474304 0.011072537 0.002979564 -0.008877399 0.999280334 0.036877763 -0.006026573 -0.010752056 -0.036972474 0.999258459 -0.004908719
0.999803662 0.012533735 0.015348849 0.003445360 -0.013101830 0.999211133 0.037488852 -0.013251063 -0.014866865 -0.037682589 0.999179184 -0.010658779
0.999712110 0.015727786 0.018121345 0.005446434 -0.016341468 0.999280393 0.034230057 -0.019593796 -0.017569942 -0.034516331 0.999249697 -0.013790699
0.999562860 0.019567356 0.022164164 0.005313310 -0.020397797 0.999073982 0.037883058 -0.025797427 -0.021402368 -0.038318597 0.999036372 -0.016615929
0.999494791 0.019751916 0.024899427 0.005664247 -0.020843955 0.998796821 0.044389531 -0.036291160 -0.023992691 -0.044886105 0.998703957 -0.022041962
0.999287963 0.024735635 0.028491030 0.005374234 -0.025921402 0.998780012 0.042030301 -0.050666828 -0.027416626 -0.042738903 0.998710036 -0.027908187
0.999213934 0.025182068 0.030617241 0.004420748 -0.026474185 0.998743236 0.042556230 -0.068679929 -0.029507108 -0.043333340 0.998624802 -0.034528743
0.999118924 0.026083283 0.032878563 0.002942424 -0.027634803 0.998481572 0.047653466 -0.087224834 -0.031585678 -0.048520073 0.998322666 -0.043244399
0.999008238 0.027622133 0.034922127 0.001209557 -0.029477157 0.998118162 0.053770225 -0.108425364 -0.033371162 -0.054746304 0.997942507 -0.051145222
0.998903692 0.029265326 0.036537435 -0.000238159 -0.031609327 0.997363806 0.065316409 -0.130893916 -0.034529608 -0.066399723 0.997195482 -0.059456993
0.998899877 0.027936123 0.037663765 -0.003357232 -0.030805625 0.996485591 0.077894330 -0.151168108 -0.035355330 -0.078968897 0.996249914 -0.066584736
0.999032736 0.022502145 0.037778296 -0.005609308 -0.025870273 0.995498896 0.091173813 -0.180474654 -0.035556644 -0.092062965 0.995118141 -0.077980630
0.998981774 0.024107646 0.038134798 -0.011265155 -0.027817912 0.994602203 0.099963039 -0.189434037 -0.035519078 -0.100922078 0.994260073 -0.077214964
0.998895705 0.025218239 0.039640956 -0.014474325 -0.029427638 0.993554533 0.109468758 -0.214358509 -0.036624841 -0.110514417 0.993199468 -0.084929772
0.998921275 0.023551531 0.040020239 -0.019849243 -0.028128419 0.992621243 0.117948540 -0.228641495 -0.036947068 -0.118947007 0.992212951 -0.085823476
0.998942614 0.022850897 0.039893832 -0.025705600 -0.027529497 0.992274106 0.120971896 -0.241483897 -0.036821302 -0.121942244 0.991853952 -0.084310576
0.999022841 0.020852836 0.038968839 -0.032080352 -0.025412431 0.992395520 0.120438255 -0.253870338 -0.036161020 -0.121310852 0.991955698 -0.081926852
0.999010980 0.021794155 0.038755890 -0.038989097 -0.026057880 0.993235707 0.113153741 -0.266412884 -0.036027644 -0.114051729 0.992821336 -0.076138660
0.998998523 0.023100412 0.038318258 -0.047149953 -0.026932465 0.994346678 0.102710165 -0.281696081 -0.035728987 -0.103639312 0.993973017 -0.069755733
0.999040961 0.023781145 0.036763813 -0.054658957 -0.027040714 0.995495498 0.090870865 -0.296491265 -0.034437198 -0.091777839 0.995183885 -0.063931540
0.999011874 0.025172632 0.036627553 -0.065283589 -0.028137036 0.996168196 0.082808107 -0.318076879 -0.034402706 -0.083756879 0.995892167 -0.052103054
0.999037266 0.025598142 0.035627525 -0.074628338 -0.028295405 0.996599615 0.077385858 -0.335375786 -0.033525441 -0.078319445 0.996364474 -0.042677082
0.998920262 0.029891700 0.035563495 -0.084472284 -0.032603636 0.996396959 0.078294769 -0.352476060 -0.033094998 -0.079369739 0.996295750 -0.032866254
0.999007881 0.029022468 0.033777758 -0.095435657 -0.031619567 0.996366620 0.079081021 -0.370985031 -0.031359904 -0.080070607 0.996295750 -0.022654094
0.998952389 0.030852826 0.033797037 -0.106553160 -0.033578619 0.995958626 0.083300278 -0.389118761 -0.031090399 -0.084347874 0.995951235 -0.011840748
0.998987615 0.031040659 0.032561429 -0.118029788 -0.033752948 0.995692551 0.086354449 -0.408034623 -0.029740674 -0.087366074 0.995732248 -0.001231332
0.999160051 0.027287686 0.030570464 -0.130725175 -0.029976869 0.995374739 0.091271617 -0.427134067 -0.027938476 -0.092111357 0.995356679 0.010777025
0.999349535 0.022061100 0.028526742 -0.144521683 -0.024684908 0.995155811 0.095160455 -0.445442677 -0.026289210 -0.095802739 0.995053113 0.025517900
0.999495268 0.017739477 0.026353918 -0.160284817 -0.020274023 0.994856238 0.099247463 -0.464070648 -0.024457760 -0.099731676 0.994713724 0.043055218
0.999615073 0.013829160 0.024050869 -0.174065068 -0.016140293 0.994984448 0.098719217 -0.473170549 -0.022565037 -0.099069409 0.994824648 0.060586568
0.999668181 0.011983676 0.022802047 -0.187829599 -0.014025250 0.995697856 0.091591582 -0.479680777 -0.021606345 -0.091880992 0.995535553 0.080135457
0.999806523 0.004464188 0.019155592 -0.201553881 -0.006041145 0.996525228 0.083072409 -0.485872477 -0.018718179 -0.083172053 0.996359408 0.100170493
0.999856949 -0.002954354 0.016653482 -0.214887381 0.001779255 0.997535586 0.070139870 -0.492197514 -0.016819660 -0.070100203 0.997398138 0.121638335
0.999862492 -0.009403778 0.013659406 -0.228131220 0.008546170 0.998067975 0.061541118 -0.498634189 -0.014211735 -0.061415918 0.998011053 0.143094450
0.999808252 -0.016287947 0.010868112 -0.244948387 0.015683716 0.998442590 0.053539265 -0.510565698 -0.011723230 -0.053358551 0.998506606 0.168173581
0.999705672 -0.022754645 0.008412536 -0.257638723 0.022332219 0.998631358 0.047293071 -0.516305983 -0.009477159 -0.047091279 0.998845637 0.190796763
0.999652624 -0.025569834 0.006385159 -0.268115163 0.025264002 0.998707771 0.044096734 -0.526084900 -0.007504454 -0.043920103 0.999006867 0.209302559
0.999562502 -0.029156700 0.004971561 -0.278493643 0.028942171 0.998827040 0.038818907 -0.535483658 -0.006097561 -0.038658034 0.999233902 0.229348496
0.999444246 -0.033122368 0.003761613 -0.287975371 0.032961100 0.998773634 0.036943067 -0.544117689 -0.004980642 -0.036798548 0.999310315 0.248965800
0.999564111 -0.029240003 0.004074369 -0.295950741 0.029085064 0.998999834 0.033961274 -0.553978622 -0.005063322 -0.033827968 0.999414861 0.266921222
0.999736845 -0.021825539 0.007061586 -0.302257657 0.021650536 0.999478042 0.023976136 -0.564092755 -0.007581193 -0.023816939 0.999687612 0.284683198
0.999804080 -0.017497847 0.009254621 -0.307896793 0.017510207 0.999845922 -0.001256446 -0.577754855 -0.009231210 0.001418250 0.999956369 0.300917208
0.999850631 -0.012633519 0.011793351 -0.321259141 0.013068920 0.999207318 -0.037602898 -0.595802605 -0.011308946 0.037751410 0.999223173 0.326990187
0.999880552 -0.006418345 0.014059472 -0.326295078 0.007624394 0.996137023 -0.087480672 -0.611086905 -0.013443680 0.087577425 0.996066988 0.339910179
0.999878526 -0.005406990 0.014617919 -0.331895918 0.007363055 0.990507305 -0.137262911 -0.626830816 -0.013736975 0.137353867 0.990426779 0.349331111
0.999860883 -0.000053183 0.016679693 -0.336391896 0.003110497 0.983047664 -0.183323726 -0.641250551 -0.016387183 0.183350101 0.982911110 0.353364110
0.999846399 0.002771786 0.017305560 -0.340920925 0.000852534 0.978554070 -0.205988467 -0.652933598 -0.017505381 0.205971569 0.978401363 0.351531714
0.999761760 0.008667514 0.020032670 -0.351144642 -0.004596662 0.980800748 -0.194958344 -0.658981323 -0.021337863 0.194819823 0.980606914 0.348647475
0.999769270 0.008716812 0.019632427 -0.351403058 -0.005644382 0.988450885 -0.151436269 -0.664721072 -0.020725733 0.151290506 0.988272011 0.331519544
0.999717832 0.009466119 0.021786585 -0.361072749 -0.007393105 0.995607018 -0.093337975 -0.666105807 -0.022574425 0.093150564 0.995396078 0.316503793
0.999696195 0.010114511 0.022477483 -0.362831295 -0.009506468 0.999590337 -0.026995385 -0.668065369 -0.022741320 0.026773503 0.999382794 0.291401714
0.999633193 0.011491518 0.024524577 -0.370314717 -0.012521500 0.999027908 0.042266097 -0.670923710 -0.024015035 -0.042557675 0.998805344 0.269239128
0.999660313 0.009048355 0.024440860 -0.377310336 -0.011594678 0.994283795 0.106138118 -0.673979282 -0.023340775 -0.106385447 0.994050980 0.246992081
0.999681175 0.006027021 0.024519425 -0.383971930 -0.009879448 0.987039268 0.160174698 -0.678394675 -0.023236260 -0.160365880 0.986784101 0.224839702
0.999669075 0.002792421 0.025572332 -0.391917318 -0.008046469 0.978150964 0.207740024 -0.684493363 -0.024433503 -0.207877055 0.977849722 0.205309078
0.999703944 -0.002792128 0.024170278 -0.398489952 -0.003253674 0.969130278 0.246527836 -0.690275908 -0.024112483 -0.246533498 0.968834281 0.188896924
0.999670088 -0.003569135 0.025435930 -0.404588938 -0.003729393 0.959634542 0.281225324 -0.693635106 -0.025412926 -0.281227410 0.959304631 0.179597214
0.999661505 -0.005266848 0.025478715 -0.410258204 -0.002909628 0.950520813 0.310647190 -0.696675122 -0.025854180 -0.310616195 0.950183749 0.172687098
0.999616325 -0.014079839 0.023853101 -0.415433377 0.005442426 0.944219887 0.329270750 -0.693303823 -0.027158652 -0.329014570 0.943934202 0.172303483
0.999502718 -0.022720981 0.021864874 -0.421416998 0.014452781 0.946373165 0.322752148 -0.697914600 -0.028025577 -0.322275668 0.946230948 0.180148065
0.999385834 -0.027483299 0.021739135 -0.426282436 0.020013675 0.956910372 0.289692819 -0.704561770 -0.028764119 -0.289079845 0.956872761 0.195547953
0.998999059 -0.040532261 0.018922869 -0.431002468 0.034730501 0.969420254 0.242936566 -0.712309420 -0.028190978 -0.242036179 0.969857574 0.217093021
0.998498440 -0.052039277 0.017110590 -0.434384584 0.047894154 0.980918884 0.188425675 -0.718702495 -0.026589636 -0.187323257 0.981938362 0.245129839
0.997875094 -0.063084133 0.016300336 -0.435242772 0.060490638 0.989926755 0.128007546 -0.724010825 -0.024211384 -0.126749530 0.991639256 0.277506560
0.997136295 -0.074033678 0.015434742 -0.436074138 0.072863266 0.995150030 0.066085599 -0.729054272 -0.020252444 -0.064771719 0.997694552 0.311446846
0.996840894 -0.077864788 0.015663112 -0.434763789 0.077751867 0.996943057 0.007694323 -0.731389403 -0.016214347 -0.006452180 0.999847710 0.345706373
0.996699214 -0.079524748 0.016323471 -0.430998176 0.080262847 0.995463669 -0.051087637 -0.732571363 -0.012186692 0.052229177 0.998560786 0.378895879
0.996813834 -0.077314794 0.019610450 -0.426411361 0.078923643 0.991623938 -0.102240242 -0.725444555 -0.011541508 0.103462212 0.994566441 0.398646653
0.997350216 -0.069903187 0.020152483 -0.420023859 0.072057344 0.987332642 -0.141357496 -0.725023150 -0.010015865 0.142435059 0.989753485 0.424710870
0.998245239 -0.055055860 0.021800384 -0.411683023 0.057982098 0.983541310 -0.171127453 -0.722598851 -0.012020011 0.172091201 0.985007703 0.445096791
0.998783767 -0.043800842 0.022638904 -0.402162999 0.047351968 0.980086207 -0.192843974 -0.719445646 -0.013741350 0.193681419 0.980968237 0.459470630
0.999236226 -0.032351434 0.021916227 -0.392149895 0.036020905 0.980003119 -0.195694670 -0.714007974 -0.015146968 0.196334645 0.980419934 0.467106789
0.999589205 -0.017359599 0.022804340 -0.381333053 0.020956140 0.985500574 -0.168373093 -0.704985559 -0.019550802 0.168781832 0.985459507 0.467529744
0.999695837 -0.013837617 0.020415666 -0.371398181 0.016173158 0.992754161 -0.119069628 -0.693783820 -0.018620098 0.119363599 0.992676020 0.462347060
0.999784529 -0.009440604 0.018486008 -0.359797776 0.010473962 0.998340607 -0.056624893 -0.680883825 -0.017920759 0.056806315 0.998224378 0.452250004
0.999831676 -0.005088114 0.017627792 -0.349393815 0.004852259 0.999898493 0.013396759 -0.667123199 -0.017694166 -0.013308968 0.999754846 0.439497590
0.999830842 -0.000196894 0.018390641 -0.337519586 -0.001368770 0.996372998 0.085082337 -0.656430662 -0.018340688 -0.085093126 0.996204197 0.429209501
0.999831617 0.002076631 0.018233214 -0.326618016 -0.004738615 0.989096224 0.147194535 -0.644975543 -0.017728735 -0.147256136 0.988939524 0.415586144
0.999789953 0.006481417 0.019442677 -0.315524310 -0.010217988 0.979998767 0.198741183 -0.635251999 -0.017765675 -0.198898092 0.979859114 0.404325992
0.999792874 0.005799688 0.019507123 -0.305208534 -0.010302924 0.970865488 0.239403501 -0.627597868 -0.017550329 -0.239554897 0.970724165 0.396158963
0.999771893 0.007173521 0.020116063 -0.295083791 -0.012332235 0.962912023 0.269533485 -0.621692002 -0.017436495 -0.269720107 0.962780893 0.393338114
0.999712110 0.010532079 0.021559741 -0.284524679 -0.016354706 0.956561685 0.291070908 -0.617916107 -0.017557640 -0.291339725 0.956458509 0.396551400
0.999687493 0.011526622 0.022182871 -0.275174141 -0.017669031 0.953523636 0.300799817 -0.616961420 -0.017684683 -0.301097780 0.953429282 0.404929370
0.999582291 0.016164171 0.023958100 -0.265323997 -0.022584194 0.954136670 0.298518330 -0.618543804 -0.018034002 -0.298934728 0.954103172 0.420297354
0.999342084 0.024069889 0.027129475 -0.256615102 -0.030596497 0.961160064 0.274290234 -0.624622583 -0.019473635 -0.274939865 0.961264193 0.442418814
0.999321163 0.024818968 0.027226044 -0.243442595 -0.030690089 0.969655931 0.242539719 -0.637310565 -0.020380309 -0.243210629 0.969759345 0.474461228
0.999172688 0.029564634 0.027926542 -0.235963121 -0.034645274 0.978407323 0.203761622 -0.648126483 -0.021299396 -0.204560563 0.978622139 0.506517828
0.999163210 0.030108510 0.027683578 -0.229251370 -0.034261331 0.985794485 0.164424524 -0.660455525 -0.022339739 -0.165235415 0.986001134 0.541893303
0.998889387 0.037434198 0.028613044 -0.222944885 -0.040857583 0.990630209 0.130316764 -0.673481047 -0.023466641 -0.131341100 0.991059422 0.580610216
0.998798668 0.040429834 0.027688902 -0.217344761 -0.043117013 0.993585050 0.104544878 -0.686448991 -0.023284547 -0.105613142 0.994134665 0.619745314
0.998630524 0.044335067 0.027775224 -0.213429987 -0.046545498 0.995312810 0.084769666 -0.699219465 -0.023886770 -0.085946381 0.996013403 0.659642339
0.998600006 0.045640189 0.026738444 -0.210432440 -0.047447670 0.996318758 0.071397766 -0.712927103 -0.023381406 -0.072566494 0.997089446 0.697417378
0.998563826 0.047320981 0.025119785 -0.208617732 -0.048855562 0.996722996 0.064470537 -0.727387607 -0.021986660 -0.065605186 0.997603416 0.736924052
0.998407543 0.050720450 0.024693782 -0.206778809 -0.051804189 0.997623503 0.045427661 -0.746063828 -0.022330986 -0.046634559 0.998662353 0.776951313
0.998289526 0.053518143 0.023533499 -0.205299437 -0.053991910 0.998341501 0.019978890 -0.783472359 -0.022425236 -0.021215336 0.999523401 0.827605307
0.998238802 0.055202182 0.021726461 -0.207366258 -0.054971460 0.998426497 -0.011077548 -0.808625638 -0.022303781 0.009863704 0.999702573 0.862684727
0.998108745 0.058069527 0.020171385 -0.210632011 -0.057285309 0.997653544 -0.037493747 -0.834565938 -0.022301298 0.036267314 0.999093235 0.895725071
0.998108506 0.059824631 0.014158338 -0.215469971 -0.058883362 0.996489286 -0.059513848 -0.860470772 -0.017669026 0.058567587 0.998127043 0.926404893
0.998058021 0.062103175 0.004830245 -0.221166104 -0.061547227 0.995121002 -0.077111311 -0.886911273 -0.009595536 0.076664276 0.997010767 0.954885125
0.997752547 0.066420525 -0.008838587 -0.229510933 -0.066937029 0.994000137 -0.086505458 -0.910343051 0.003039818 0.086902678 0.996212184 0.977857411
0.997004509 0.072259076 -0.027579404 -0.239596441 -0.074464165 0.993177533 -0.089741334 -0.932691157 0.020906620 0.091526195 0.995583177 0.997789919
0.995752871 0.077171668 -0.050207235 -0.254789919 -0.081509590 0.992507577 -0.091021724 -0.958128691 0.042806759 0.094727509 0.994582474 1.024702907
0.993871212 0.080712125 -0.075535312 -0.268087745 -0.087465331 0.992017329 -0.090837687 -0.976843715 0.067600638 0.096887678 0.992996931 1.039230108
0.990884662 0.086998463 -0.102853641 -0.282322824 -0.096076012 0.991576254 -0.086867407 -0.990041792 0.094429895 0.095957354 0.990896165 1.050727487
0.987014890 0.090946876 -0.132402018 -0.297616333 -0.102821209 0.990993679 -0.085786372 -0.998804867 0.123407558 0.098286167 0.987476766 1.060949802
0.981907487 0.094049007 -0.164354607 -0.314672232 -0.108692259 0.990647614 -0.082482189 -1.004945874 0.155060127 0.098853946 0.982946694 1.074189425
0.975162566 0.100059576 -0.197600693 -0.331754327 -0.117448382 0.989986777 -0.078307495 -1.005946159 0.187786669 0.099570423 0.977149904 1.080743074
0.966852427 0.105995089 -0.232295930 -0.349480748 -0.125189215 0.989698112 -0.069464698 -1.005246639 0.222539932 0.096243054 0.970161438 1.083656907
0.956515312 0.113907710 -0.268520832 -0.369443625 -0.132587135 0.989783883 -0.052426528 -1.003065467 0.259805799 0.085749179 0.961846173 1.082851648
0.944143414 0.123699509 -0.305436790 -0.388532609 -0.140621200 0.989481390 -0.033945546 -1.001700759 0.298024952 0.075000346 0.951607108 1.078987837
0.929458976 0.133449793 -0.343943596 -0.407950908 -0.147266865 0.988994300 -0.014239062 -1.001372218 0.338258028 0.063886121 0.938882351 1.072110057
0.912416458 0.147742704 -0.381665230 -0.426979303 -0.156189874 0.987686574 0.008943122 -1.000845790 0.378286898 0.051452395 0.924257338 1.061969876
0.893278599 0.158694059 -0.420558661 -0.447026074 -0.163201153 0.986262858 0.025513606 -1.002199769 0.418830246 0.045844890 0.906906545 1.050535083
0.872582078 0.171117410 -0.457514286 -0.466999859 -0.170960739 0.984377444 0.042111997 -1.004333973 0.457572877 0.041470807 0.888204515 1.037389517
0.850975573 0.186545402 -0.490959644 -0.487265110 -0.179411620 0.981813490 0.062078182 -1.005978942 0.493611217 0.035256837 0.868967772 1.023332953
0.828828335 0.204367191 -0.520843208 -0.506753445 -0.186737925 0.978567004 0.086807877 -1.007262468 0.527420700 0.025312349 0.849227190 1.008525610
0.806451380 0.223400623 -0.547474444 -0.521482527 -0.196397007 0.974518716 0.108358368 -1.006861448 0.557731450 0.020136595 0.829777181 0.991023898
0.783488750 0.241897613 -0.572390556 -0.542567432 -0.207544357 0.970092177 0.125883117 -1.010068297 0.585722446 0.020168424 0.810260773 0.973815441
0.759906888 0.260935128 -0.595360756 -0.564553380 -0.223188147 0.964950919 0.138046384 -1.011866093 0.610514998 0.027975060 0.791510463 0.961531758
0.735311627 0.281173021 -0.616651118 -0.586813807 -0.241051167 0.958884239 0.149784282 -1.014412761 0.633412302 0.038506329 0.772855818 0.947355747
0.710753798 0.292657375 -0.639672339 -0.611370981 -0.249625266 0.955098748 0.159604490 -1.017736912 0.657659709 0.046238866 0.751894772 0.933000267
0.688110590 0.303431571 -0.659115434 -0.637376428 -0.258808970 0.951254725 0.167727143 -1.021591544 0.677880406 0.055170152 0.733099222 0.918823898
0.668661535 0.303521186 -0.678798020 -0.664187193 -0.262696475 0.950453818 0.166217104 -1.027158499 0.695616543 0.067174837 0.715265810 0.903480411
0.652315676 0.301390618 -0.695448041 -0.691378057 -0.268119365 0.949971795 0.160204828 -1.032431126 0.708940268 0.081958950 0.700490117 0.888585210
0.639003396 0.299557477 -0.708477318 -0.720366955 -0.281850666 0.948177576 0.146695122 -1.039031863 0.715705931 0.105946079 0.690319180 0.876561463
0.627893925 0.303292274 -0.716772676 -0.748909235 -0.298800707 0.944310963 0.137822062 -1.043259501 0.718656659 0.127634525 0.683551073 0.864669204
0.618414819 0.301637203 -0.725657046 -0.774627447 -0.310174435 0.942120731 0.127280802 -1.047845960 0.722049177 0.146367908 0.676181555 0.845135272
0.610888720 0.305084378 -0.730574191 -0.807522178 -0.324384719 0.938212216 0.120550305 -1.048825502 0.722211659 0.163344264 0.672107935 0.831253529
0.605991960 0.306926459 -0.733873308 -0.840756714 -0.339503556 0.934111834 0.110328592 -1.047160387 0.719382465 0.182294339 0.670266867 0.816259921
0.603448868 0.312415123 -0.733652651 -0.874107361 -0.356290102 0.928743601 0.102433622 -1.041710019 0.713377059 0.199579716 0.671759725 0.799967170
0.602978706 0.315591276 -0.732679129 -0.907591343 -0.377294779 0.922030926 0.086646654 -1.034240246 0.702897787 0.224189937 0.675035954 0.780645669
0.605168879 0.316475183 -0.730488956 -0.943986535 -0.388505906 0.918307543 0.075989984 -1.025212049 0.694862425 0.237812489 0.678683639 0.760045767
0.608910322 0.314894587 -0.728058815 -0.980540156 -0.397174984 0.915522695 0.063798651 -1.014376521 0.686644197 0.250319064 0.682539463 0.735404074
0.614502847 0.310304165 -0.725325763 -1.019231081 -0.394839168 0.916932523 0.057764664 -1.002145410 0.682999432 0.250890493 0.685977936 0.708057225
0.618326247 0.305183470 -0.724248469 -1.051671028 -0.389726937 0.919307590 0.054648474 -0.990844369 0.682484925 0.248468503 0.687370181 0.673332036
0.619459271 0.295720935 -0.727199674 -1.093186498 -0.381016135 0.923169136 0.050847739 -0.975799322 0.686365008 0.245576680 0.684540153 0.637066543
0.616663337 0.285552204 -0.733611822 -1.135211110 -0.373144150 0.926581860 0.047004692 -0.959276795 0.693173766 0.244756877 0.677941203 0.596292913
0.610257149 0.273765713 -0.743396640 -1.176111698 -0.367005557 0.929316640 0.040956967 -0.941769183 0.702063441 0.247836411 0.667595685 0.551676095
0.600151062 0.263345838 -0.755293131 -1.218817830 -0.358065367 0.932808042 0.040723011 -0.921854317 0.715267777 0.246004328 0.654120803 0.504626870
0.586217523 0.250384480 -0.770491242 -1.259448767 -0.343085080 0.938278913 0.043878466 -0.900194824 0.733922124 0.238621682 0.635938704 0.453435957
0.568030894 0.234611660 -0.788858891 -1.300668240 -0.317537993 0.946767390 0.052926168 -0.876638889 0.759282947 0.220428959 0.612291217 0.397975147
0.545650005 0.220941365 -0.808363140 -1.337831140 -0.292154670 0.954253316 0.063609838 -0.850520134 0.785437286 0.201458365 0.585237384 0.338167131
0.520889819 0.218401462 -0.825211883 -1.374178171 -0.274413377 0.958245218 0.080395140 -0.823665023 0.808313727 0.184572190 0.559072495 0.280751169
0.495039463 0.215604544 -0.841695130 -1.405083060 -0.260616571 0.960964680 0.092875496 -0.795312762 0.828863680 0.173382655 0.531905532 0.215031624
0.467521966 0.218508333 -0.856549680 -1.438362360 -0.251280427 0.961845875 0.108215816 -0.766390204 0.847514808 0.164640889 0.504590929 0.153627038
0.440259814 0.225760639 -0.869024515 -1.469450951 -0.244400740 0.961458862 0.125957012 -0.736434519 0.863967419 0.156936377 0.478467762 0.093550980
0.413796127 0.236597985 -0.879087210 -1.498936415 -0.245476276 0.958868563 0.142521948 -0.705129981 0.876649499 0.156819969 0.454855263 0.033834994
0.387659311 0.246585950 -0.888209343 -1.525898218 -0.249769107 0.955609798 0.156285957 -0.672569454 0.887319446 0.161261514 0.432040572 -0.026211083
0.361787319 0.253862798 -0.897030473 -1.549906731 -0.247481063 0.953839600 0.170126736 -0.637716770 0.898812056 0.160448343 0.407913268 -0.089925706
0.336435556 0.258256823 -0.905601740 -1.574479818 -0.250007778 0.951646388 0.178508580 -0.604238749 0.907913685 0.166350842 0.384733856 -0.147901833
0.314209044 0.259889990 -0.913088143 -1.597637534 -0.258738548 0.948832631 0.181027532 -0.570371151 0.913415134 0.179370582 0.365375340 -0.204723537
0.296339929 0.264623255 -0.917691231 -1.622923732 -0.273235589 0.944179952 0.184028536 -0.532058954 0.915163875 0.196210891 0.352102697 -0.268110991
0.280390978 0.269410193 -0.921302855 -1.643699646 -0.278211355 0.941415131 0.190620124 -0.498234302 0.918683469 0.202868760 0.338917315 -0.323161602
0.266219676 0.276239067 -0.923482001 -1.663541198 -0.287099153 0.937296927 0.197607100 -0.464721262 0.920163691 0.212523997 0.328834891 -0.378246963
0.254509270 0.283714980 -0.924516678 -1.682232618 -0.283695787 0.935840487 0.209091693 -0.430646628 0.924522519 0.209065646 0.318668783 -0.435611427
0.245944142 0.289398879 -0.925072908 -1.700262070 -0.278126985 0.935324728 0.218661889 -0.398783922 0.928524137 0.203509077 0.310527265 -0.490333915
0.240412951 0.293580621 -0.925209224 -1.717952251 -0.262442678 0.937324643 0.229230016 -0.367506027 0.934518874 0.187704474 0.302393079 -0.545379043
0.237403870 0.296914667 -0.924922228 -1.734266758 -0.250618666 0.938630402 0.236987799 -0.336922228 0.938525319 0.175540924 0.297246873 -0.598768592
0.235830843 0.302627802 -0.923471868 -1.749340057 -0.245685831 0.937971711 0.244637683 -0.307088733 0.940224588 0.169190839 0.295553982 -0.651047170
