1.000000000 0.000000000 0.000000000 0.000000000 0.000000000 1.000000000 0.000000000 0.000000000 0.000000000 0.000000000 1.000000000 0.000000000
0.999999940 0.000142175 0.000340077 -0.001379041 -0.000141923 0.999999702 -0.000741454 -0.000736282 -0.000340182 0.000741406 0.999999642 0.001290068
0.999999881 -0.000422140 -0.000210696 -0.000187508 0.000422118 0.999999881 -0.000105360 -0.000331585 0.000210741 0.000105271 1.000000000 0.001863398
1.000000000 -0.000027405 -0.000094859 -0.000033986 0.000027413 1.000000000 0.000080840 -0.000051700 0.000094857 -0.000080842 1.000000000 0.000135630
0.999999881 -0.000096078 -0.000506301 0.000135723 0.000096207 0.999999940 0.000253083 -0.000212966 0.000506277 -0.000253131 0.999999821 0.000576486
0.999999940 0.000206110 -0.000251909 -0.000350256 -0.000206082 1.000000000 0.000112805 -0.001018747 0.000251933 -0.000112754 0.999999940 0.001609292
0.999999940 -0.000111717 -0.000363850 -0.000455919 0.000111831 0.999999940 0.000313877 -0.000813868 0.000363815 -0.000313918 0.999999881 -0.000496956
0.999999940 -0.000015036 -0.000369859 -0.000656537 0.000015186 0.999999940 0.000406490 -0.001024709 0.000369853 -0.000406495 0.999999821 0.000243300
0.999999762 -0.000669242 -0.000274779 -0.001279450 0.000669338 0.999999702 0.000349374 -0.001051614 0.000274545 -0.000349558 0.999999881 0.000865664
0.999999583 -0.000844864 -0.000352445 -0.001040490 0.000844919 0.999999642 0.000154676 -0.000435383 0.000352314 -0.000154974 0.999999940 0.001396843
0.999999583 -0.000799123 -0.000491741 -0.000730325 0.000799171 0.999999702 0.000097823 -0.000808005 0.000491663 -0.000098216 0.999999881 0.001654822
0.999999940 -0.000358181 -0.000161137 -0.001093247 0.000358270 0.999999762 0.000555245 -0.001294152 0.000160938 -0.000555302 0.999999821 0.003172694
0.999999821 0.000513570 0.000242414 -0.001018656 -0.000513762 0.999999583 0.000789557 -0.001703844 -0.000242008 -0.000789682 0.999999642 0.004923421
0.999999940 0.000223443 0.000253190 -0.001525201 -0.000223753 0.999999225 0.001225128 -0.001101330 -0.000252917 -0.001225184 0.999999225 0.002784173
0.999999821 -0.000545782 0.000294844 -0.001613381 0.000545231 0.999998093 0.001865649 -0.001552491 -0.000295862 -0.001865488 0.999998212 0.003513625
0.999999225 -0.001243078 -0.000085055 -0.001273656 0.001243220 0.999997795 0.001686230 -0.000650567 0.000082959 -0.001686335 0.999998569 0.001940169
0.999999881 -0.000525640 0.000095414 -0.000498446 0.000525470 0.999998271 0.001776690 -0.000700063 -0.000096348 -0.001776639 0.999998391 0.001056558
0.999999940 -0.000371361 0.000143988 -0.000697317 0.000371119 0.999998510 0.001676795 -0.000668125 -0.000144610 -0.001676741 0.999998569 0.001439702
0.999999881 -0.000420025 0.000082748 -0.000258788 0.000419899 0.999998748 0.001525854 -0.000447344 -0.000083388 -0.001525819 0.999998808 0.000222425
0.999999940 -0.000039664 0.000243233 -0.000879749 0.000039345 0.999999166 0.001311167 -0.000651374 -0.000243284 -0.001311158 0.999999106 0.001474192
0.999999523 -0.000946020 0.000201127 -0.000899799 0.000945723 0.999998450 0.001468382 -0.000580313 -0.000202516 -0.001468191 0.999998927 0.000862738
0.999999106 -0.001278478 0.000430997 -0.000985019 0.001277814 0.999997973 0.001538253 -0.001097081 -0.000432963 -0.001537701 0.999998748 0.003065552
0.999999523 -0.000918827 0.000360164 -0.001731955 0.000918184 0.999997973 0.001782062 -0.001172242 -0.000361800 -0.001781731 0.999998331 0.003432592
0.999999464 -0.000975507 0.000277792 -0.001634919 0.000975047 0.999998152 0.001649869 -0.000973564 -0.000279401 -0.001649597 0.999998629 0.002833750
0.999999166 -0.001234742 0.000337901 -0.001598330 0.001234178 0.999997854 0.001664049 -0.001020847 -0.000339955 -0.001663630 0.999998569 0.003055134
0.999997199 -0.002270752 0.000695181 -0.001263451 0.002268921 0.999993980 0.002622996 -0.001066385 -0.000701133 -0.002621412 0.999996305 0.002871146
0.999992788 -0.003706077 0.000860705 -0.001073081 0.003702760 0.999985814 0.003824094 -0.001306775 -0.000874866 -0.003820879 0.999992311 0.005481569
0.999996662 -0.002053365 0.001564883 -0.002207831 0.002048103 0.999992251 0.003357107 0.001737114 -0.001571765 -0.003353891 0.999993145 -0.003832993
0.999994457 -0.002269005 0.002438167 -0.000023775 0.002259607 0.999990046 0.003850373 0.002617675 -0.002446879 -0.003844843 0.999989629 -0.006930331
0.999996662 -0.001729547 0.001914328 0.004938547 0.001721257 0.999989152 0.004324137 0.002077309 -0.001921786 -0.004320828 0.999988794 -0.012785583
0.999993920 -0.002582121 0.002332783 0.001157516 0.002571940 0.999987185 0.004356890 0.001957214 -0.002344003 -0.004350863 0.999987781 -0.011767435
0.999990940 -0.003747814 0.002008690 -0.000019416 0.003739099 0.999983668 0.004325225 0.001632905 -0.002024867 -0.004317675 0.999988616 -0.008751730
0.999994636 -0.002825373 0.001653075 0.000186275 0.002819681 0.999990106 0.003435817 0.005716830 -0.001662766 -0.003431137 0.999992728 -0.014835110
0.999963999 0.007651603 0.003661985 -0.000156337 -0.007663018 0.999965787 0.003113194 -0.000799588 -0.003638038 -0.003141144 0.999988437 -0.000520047
0.999911666 0.011964672 0.005793103 -0.000332965 -0.011975178 0.999926686 0.001782130 -0.002614817 -0.005771356 -0.001851346 0.999981642 0.002749548
0.999936104 0.009697093 0.005805227 -0.001904470 -0.009682886 0.999950051 -0.002470453 -0.005182227 -0.005828894 0.002414084 0.999980092 0.001921972
0.999966979 -0.008109702 -0.000560649 0.000174346 0.008101884 0.999885678 -0.012767632 -0.012745037 0.000664126 0.012762669 0.999918342 0.005562550
0.999117553 -0.041548152 -0.006152730 -0.020033108 0.041351784 0.998718143 -0.029190755 -0.057668284 0.007357665 0.028910568 0.999554932 -0.006811872
0.996767938 -0.079158694 -0.013694523 0.025996212 0.078322753 0.995492876 -0.053474173 -0.070010841 0.017865745 0.052228749 0.998475313 -0.012512722
0.993566513 -0.111072354 -0.022103200 0.082635723 0.109303661 0.991575658 -0.069500923 -0.072898753 0.029636627 0.066637829 0.997336984 -0.014484556
0.992066205 -0.124488927 -0.017526533 0.001066129 0.122981094 0.989926517 -0.070150919 -0.037747685 0.026082993 0.067438923 0.997382402 -0.008083770
0.993191540 -0.114922747 -0.019061582 -0.014047795 0.113836095 0.992206156 -0.050678257 -0.053558778 0.024737103 0.048163321 0.998533130 -0.005454467
0.995924890 -0.087471172 -0.021964382 0.000263633 0.086846709 0.995829880 -0.027936632 -0.040795863 0.024316438 0.025915252 0.999368370 -0.007858701
0.998173296 -0.056605756 -0.021114744 -0.001156630 0.056407899 0.998359203 -0.009851989 -0.041709673 0.021637779 0.008642954 0.999728501 -0.008409750
0.999343038 -0.031104716 -0.018599702 -0.001276845 0.031100264 0.999516129 -0.000528519 -0.045339141 0.018607141 -0.000050284 0.999826849 -0.005578634
0.999694586 -0.019349860 -0.015372843 -0.000932991 0.019290240 0.999805868 -0.004017184 -0.051405929 0.015447591 0.003719412 0.999873757 -0.014205416
0.999639630 -0.021855354 -0.015588636 -0.001149945 0.021659143 0.999685407 -0.012646604 -0.058266383 0.015860127 0.012304410 0.999798536 -0.016414173
0.999538183 -0.024645476 -0.017778646 -0.001691444 0.024427405 0.999624968 -0.012380551 -0.065601796 0.018077102 0.011940547 0.999765277 -0.019221662
0.999587357 -0.019939976 -0.020676443 -0.002616908 0.019926777 0.999801099 -0.000844215 -0.073471613 0.020689165 0.000431851 0.999785841 -0.022683529
0.999643981 -0.012233836 -0.023711577 -0.004021792 0.012517621 0.999851346 0.011856968 -0.083221771 0.023562998 -0.012149559 0.999648511 -0.026881924
0.999667525 -0.004639068 -0.025363857 -0.005066630 0.005076992 0.999838710 0.017228659 -0.097599961 0.025279840 -0.017351702 0.999529839 -0.032556336
0.999584019 -0.007184736 -0.027931923 -0.006397573 0.007445656 0.999929488 0.009248505 -0.113762796 0.027863504 -0.009452629 0.999567032 -0.038271908
0.999349535 -0.019392837 -0.030404376 -0.007288262 0.019161005 0.999785244 -0.007897919 -0.132947862 0.030551007 0.007310204 0.999506474 -0.044351589
0.998907864 -0.032048881 -0.033998407 -0.008011297 0.031251863 0.999230027 -0.023720773 -0.152687669 0.034732454 0.022632355 0.999140322 -0.051074039
0.998500943 -0.037925888 -0.039465331 -0.009006786 0.036692861 0.998829603 -0.031512238 -0.171981901 0.040614270 0.030016903 0.998723924 -0.058255848
0.998387814 -0.034323759 -0.045206130 -0.010179400 0.032909751 0.998956740 -0.031660713 -0.190664321 0.046245679 0.030121949 0.998475850 -0.065512545
0.998247981 -0.030120926 -0.050927930 -0.011406272 0.028527794 0.999089420 -0.031724967 -0.209627435 0.051837139 0.030216523 0.998198330 -0.073083848
0.997772455 -0.036131114 -0.056077465 -0.012779348 0.033885710 0.998605251 -0.040488534 -0.229969263 0.057462148 0.038498119 0.997605145 -0.080072105
0.996822774 -0.052466374 -0.059930146 -0.013408437 0.049274188 0.997348368 -0.053556055 -0.251479000 0.062581129 0.050432883 0.996764839 -0.088141352
0.995710313 -0.066177562 -0.064664885 -0.014268382 0.062079210 0.996051967 -0.063456066 -0.272696972 0.068608955 0.059169512 0.995887458 -0.095937148
0.994943261 -0.070752367 -0.071288414 -0.015297492 0.066037402 0.995601535 -0.066458248 -0.292223990 0.075676925 0.061414488 0.995239317 -0.104389064
0.995232880 -0.060970016 -0.076119579 -0.016665801 0.056181103 0.996396363 -0.063545041 -0.310246795 0.079719611 0.058965631 0.995071769 -0.111890770
0.995990038 -0.045335159 -0.077127211 -0.017450195 0.040935896 0.997494638 -0.057694741 -0.327303976 0.079549573 0.054306112 0.995350540 -0.120017812
0.996375620 -0.037920658 -0.076141901 -0.018368186 0.033529196 0.997744799 -0.058147535 -0.344953656 0.078175180 0.055383809 0.995400071 -0.128156096
0.996421874 -0.039158192 -0.074900173 -0.018707739 0.034047823 0.997081637 -0.068329863 -0.363301605 0.077357255 0.065535180 0.994847238 -0.136394128
0.995827138 -0.051590864 -0.075277723 -0.018598560 0.045434710 0.995652080 -0.081318013 -0.382279605 0.079145692 0.077558465 0.993841350 -0.144853339
0.993742466 -0.078117639 -0.079834804 -0.017842088 0.070464492 0.993022442 -0.094557866 -0.403327405 0.086664394 0.088340640 0.992313087 -0.164584562
0.991427243 -0.097917669 -0.086510710 -0.017935183 0.088904493 0.990749478 -0.102525368 -0.420214385 0.095749490 0.093955249 0.990961373 -0.172699347
0.990419924 -0.103433549 -0.091487296 -0.013934139 0.093721405 0.990072727 -0.104748823 -0.434763819 0.101413615 0.095170997 0.990281641 -0.178698972
0.989626884 -0.107325368 -0.095498443 -0.012979947 0.096844412 0.989385426 -0.108340263 -0.445046872 0.106112421 0.097967952 0.989516258 -0.185441017
0.989510715 -0.112094149 -0.091123194 -0.011007180 0.100724697 0.987526476 -0.121020466 -0.451990247 0.103552252 0.110572696 0.988458693 -0.190691888
0.989542305 -0.118276812 -0.082562618 -0.008398777 0.105883025 0.984321833 -0.141065121 -0.455398411 0.097952910 0.130847931 0.986551583 -0.193969488
0.989220738 -0.124757484 -0.076667458 -0.006567148 0.111539260 0.981199741 -0.157499284 -0.454771996 0.094875306 0.147250116 0.984538496 -0.195146218
0.989865184 -0.122380190 -0.072041556 -0.004986357 0.109404646 0.980612993 -0.162569359 -0.449161559 0.090540156 0.153040066 0.984063625 -0.193919942
0.990970731 -0.113338940 -0.071632653 -0.004560136 0.101250626 0.982817590 -0.154330432 -0.439078778 0.087893471 0.145684093 0.985419154 -0.190955028
0.992885292 -0.094873846 -0.071956366 -0.004684096 0.084374979 0.986962855 -0.137059227 -0.425552070 0.084021598 0.130012766 0.987945855 -0.186574146
0.994797826 -0.072771467 -0.071285605 -0.008092512 0.064185672 0.991161048 -0.116103172 -0.411951780 0.079104513 0.110923663 0.990675747 -0.172080025
0.995697856 -0.057872165 -0.072363958 -0.008263450 0.050433140 0.993636787 -0.100709587 -0.396110505 0.077731773 0.096626788 0.992280722 -0.166836083
0.996076465 -0.051077813 -0.072268113 -0.007975064 0.044248313 0.994669557 -0.093137152 -0.380202949 0.076640129 0.089573987 0.993027091 -0.161098987
0.996219397 -0.051961970 -0.069619119 -0.010504228 0.045390781 0.994644463 -0.092855304 -0.361568004 0.074071214 0.089344189 0.993242681 -0.162082091
0.996327102 -0.052781656 -0.067427099 -0.009618139 0.046236359 0.994384289 -0.095194884 -0.344659418 0.072072998 0.091727652 0.993172467 -0.156949565
0.997206271 -0.042763636 -0.061245285 -0.007949084 0.036870264 0.994859159 -0.094318032 -0.326117128 0.064963810 0.091796398 0.993656456 -0.151582494
0.997528791 -0.036936067 -0.059766397 -0.009398165 0.031470641 0.995450199 -0.089935929 -0.304219276 0.062816352 0.087832794 0.994152665 -0.133169442
0.997542143 -0.036712214 -0.059682041 -0.004794267 0.031791925 0.996174514 -0.081397854 -0.291733772 0.062442027 0.079300381 0.994893193 -0.127884209
0.997680247 -0.031234460 -0.060485933 -0.003494938 0.026535055 0.996678174 -0.076996520 -0.270882875 0.062689953 0.075212911 0.995194972 -0.121602274
0.997917771 -0.026492890 -0.058806952 -0.001966327 0.021916602 0.996779084 -0.077143826 -0.249720305 0.060661305 0.075694345 0.995284140 -0.114838295
0.998111367 -0.022097677 -0.057318203 -0.000890063 0.017648648 0.996875167 -0.076996617 -0.228107437 0.058840536 0.075839616 0.995382428 -0.107636146
0.998568118 -0.010839421 -0.052385323 0.001490050 0.006835053 0.997082591 -0.076023839 -0.206553817 0.053056546 0.075556926 0.995728970 -0.098476008
0.998911381 -0.000100203 -0.046648331 0.003141694 -0.003279767 0.997372150 -0.072374217 -0.184537232 0.046532996 0.072448425 0.996286035 -0.091767378
0.999091685 0.005840656 -0.042210467 0.006598174 -0.008809352 0.997473538 -0.070490815 -0.167664409 0.041692108 0.070798628 0.996618927 -0.082347311
0.999162793 0.011038703 -0.039393838 0.006232403 -0.013776277 0.997458041 -0.069911964 -0.145949498 0.038521964 0.070396133 0.996775031 -0.080679446
0.998967350 0.024240416 -0.038426455 0.007385208 -0.026676968 0.997579217 -0.064218394 -0.130918026 0.036776755 0.065177180 0.997195780 -0.076229654
0.998270392 0.042795926 -0.040308174 0.007752914 -0.044990830 0.997460127 -0.055219263 -0.120100863 0.037842635 0.056937255 0.997660279 -0.073435038
0.997249722 0.061344247 -0.041591141 0.008146613 -0.063111618 0.997096777 -0.042602755 -0.115049377 0.038856957 0.045110472 0.998226047 -0.073656693
0.996352434 0.072545409 -0.044933382 0.007411417 -0.074195206 0.996586323 -0.036205035 -0.117580831 0.042153481 0.039406817 0.998333693 -0.075568356
0.996178150 0.072628796 -0.048519731 0.007001732 -0.074551344 0.996451795 -0.039062873 -0.128351703 0.045510486 0.042530790 0.998058081 -0.080171846
0.996702909 0.060247466 -0.054346107 0.006890094 -0.063114613 0.996614933 -0.052680876 -0.145603240 0.050988249 0.055937219 0.997131526 -0.082916074
0.997142315 0.044481948 -0.061061513 0.005690588 -0.048641957 0.996469855 -0.068423375 -0.168312222 0.057802353 0.071198002 0.995786011 -0.092310920
0.997245073 0.035812058 -0.064959459 0.005409604 -0.040953688 0.995982945 -0.079629138 -0.194974884 0.061846830 0.082070097 0.994705737 -0.103575625
0.996936202 0.020232413 -0.075556919 0.003175772 -0.026596002 0.996094763 -0.084189728 -0.221746221 0.073558494 0.085941300 0.993580997 -0.115013912
0.996425331 0.003774140 -0.084393866 0.002360918 -0.011768960 0.995461285 -0.094436727 -0.250577897 0.083654411 0.095092379 0.991947293 -0.132529169
0.995360851 -0.021907786 -0.093684673 0.000845075 0.011261420 0.993565977 -0.112693518 -0.279333800 0.095550776 0.111115694 0.989203393 -0.144456029
0.993852198 -0.047869913 -0.099831052 -0.000118930 0.033905499 0.989968717 -0.137158334 -0.307192355 0.105395369 0.132930309 0.985505641 -0.155619994
0.992076039 -0.069958426 -0.104359679 -0.001524784 0.052802537 0.985876322 -0.158933267 -0.334320933 0.114004456 0.152163431 0.981758237 -0.167096734
0.990823984 -0.081855394 -0.107552722 -0.004592867 0.063085549 0.983835042 -0.167597190 -0.356378645 0.119532868 0.159274295 0.979971230 -0.175424963
0.990342498 -0.083881088 -0.110388950 -0.008763216 0.065772019 0.985161543 -0.158526719 -0.373461157 0.122048348 0.149735242 0.981164396 -0.182145387
0.989924431 -0.084259197 -0.113798216 -0.014453018 0.067250147 0.987023771 -0.145813078 -0.386475205 0.124607638 0.136690974 0.982745409 -0.182417735
0.989709437 -0.087402783 -0.113296211 -0.019809781 0.071127348 0.987523973 -0.140489563 -0.397057384 0.124161899 0.130985394 0.983578503 -0.186625525
0.988988698 -0.095394604 -0.113142490 -0.023400232 0.077974968 0.985685170 -0.149481326 -0.405259609 0.125782579 0.139013052 0.982269883 -0.200756326
0.987756133 -0.109670818 -0.110951200 -0.026704796 0.090555012 0.982182801 -0.164671659 -0.408943146 0.127034038 0.152608246 0.980088294 -0.202627242
0.986323237 -0.119715124 -0.113290414 -0.028106911 0.098349601 0.979045033 -0.178320512 -0.409472764 0.132264078 0.164739594 0.977428794 -0.203062102
0.985574186 -0.120250508 -0.119093716 -0.027685046 0.096927509 0.977897465 -0.185260952 -0.405494362 0.138739169 0.171044946 0.975446105 -0.201335356
0.986758888 -0.105189532 -0.123458773 -0.023351226 0.081926391 0.980187476 -0.180334523 -0.397193015 0.139982045 0.167832151 0.975826502 -0.198574722
0.988733768 -0.084999256 -0.123209752 -0.017346200 0.063338824 0.983383954 -0.170129955 -0.387022167 0.135623410 0.160409272 0.977688670 -0.193222761
0.989988387 -0.074270926 -0.120028339 -0.008927549 0.054428805 0.985474646 -0.160863981 -0.376233518 0.130232394 0.152720466 0.979650974 -0.186783776
0.991858006 -0.067379251 -0.108063519 0.002230717 0.049909923 0.986351252 -0.156908229 -0.365999997 0.117160946 0.150237247 0.981683314 -0.181041420
0.993346751 -0.067877054 -0.093031734 0.016453518 0.052816249 0.986386120 -0.155733228 -0.355546951 0.102335930 0.149783522 0.983408511 -0.174229041
0.995331645 -0.064230561 -0.072037123 0.036261633 0.052626632 0.986858666 -0.152775839 -0.343830347 0.080903329 0.148271546 0.985631883 -0.162933588
0.996807575 -0.058734320 -0.054082979 0.055710100 0.050468720 0.988403618 -0.143217266 -0.331184298 0.061867584 0.140030563 0.988212466 -0.156814754
0.997909963 -0.053529773 -0.036198039 0.076731734 0.048276309 0.989934981 -0.133034393 -0.318590164 0.042955007 0.131008849 0.990450203 -0.151352569
0.998727381 -0.048790880 -0.012769498 0.104750827 0.046827175 0.991114378 -0.124496996 -0.307527930 0.018730350 0.123740599 0.992137790 -0.150388047
0.998567522 -0.052438390 0.010635532 0.128480762 0.053340714 0.991232336 -0.120884962 -0.296531558 -0.004203272 0.121279098 0.992609560 -0.147738293
0.997402549 -0.063623101 0.033767566 0.152438655 0.067193568 0.990734577 -0.118025541 -0.286174506 -0.025945544 0.119987935 0.992436230 -0.146546856
0.995669901 -0.078737557 0.049415477 0.172478154 0.083832398 0.990244567 -0.111300386 -0.276522309 -0.040169887 0.114961065 0.992557466 -0.144846529
0.993752360 -0.094364978 0.059594467 0.193586171 0.100144468 0.989638925 -0.102887966 -0.265578687 -0.049267985 0.108213209 0.992906094 -0.146890461
0.991859853 -0.105431251 0.071402051 0.213412866 0.111946546 0.989219844 -0.094403476 -0.254257619 -0.060679249 0.101628229 0.992970169 -0.149709985
0.989776671 -0.110956311 0.089614823 0.231267020 0.118734241 0.989133418 -0.086702026 -0.242991403 -0.079020888 0.096455999 0.992195487 -0.144832626
0.987673521 -0.111733250 0.109620489 0.248528183 0.121041752 0.989231348 -0.082281187 -0.231792092 -0.099246480 0.094535604 0.990562022 -0.146560550
0.985763788 -0.107038438 0.129662961 0.263875782 0.117505565 0.990164101 -0.075943984 -0.220910713 -0.120258681 0.090098955 0.988645554 -0.146896869
0.983912945 -0.105987646 0.143812254 0.276723206 0.116834767 0.990738869 -0.069181584 -0.213145837 -0.135148004 0.084870927 0.987183869 -0.143486351
0.982090592 -0.106908344 0.155140698 0.284160256 0.118452869 0.990685999 -0.067157432 -0.207392544 -0.146516025 0.084331542 0.985607028 -0.140530303
0.981025040 -0.107013017 0.161672801 0.286002457 0.119407445 0.990446687 -0.068972729 -0.205302820 -0.152747303 0.086968906 0.984431148 -0.135387287
0.981144369 -0.103730977 0.163081780 0.282142162 0.116033942 0.990928888 -0.067794383 -0.205670014 -0.154570058 0.085439101 0.984280586 -0.127057821
0.982417107 -0.097352155 0.159308583 0.284488589 0.108363219 0.992180049 -0.061936483 -0.206604987 -0.152033150 0.078110650 0.985284030 -0.116908170
0.983856738 -0.087499306 0.156108439 0.273842812 0.097347304 0.993640780 -0.056582011 -0.210249618 -0.150164813 0.070865326 0.986117959 -0.106602371
0.984073937 -0.083997510 0.156661749 0.261141092 0.094365112 0.993731201 -0.059946336 -0.216736227 -0.150644332 0.073775031 0.985831380 -0.095210403
0.983056724 -0.090942912 0.159150586 0.246514544 0.104004733 0.991687953 -0.075749353 -0.227794603 -0.150938854 0.091018319 0.984344006 -0.080318786
0.981931150 -0.099325113 0.161076963 0.229721278 0.114527516 0.989514947 -0.087998018 -0.237532735 -0.150647640 0.104855731 0.983010948 -0.067247652
0.981397510 -0.108896174 0.158115834 0.210430697 0.123745464 0.988466501 -0.087298438 -0.246205583 -0.146785736 0.105240583 0.983553946 -0.053900868
0.981303334 -0.117773265 0.152227700 0.189714238 0.131256044 0.987971663 -0.081754759 -0.256033123 -0.140768141 0.100207016 0.984958291 -0.035638757
0.981118262 -0.124940105 0.147637859 0.168477207 0.137214541 0.987616062 -0.076070167 -0.263411731 -0.136305317 0.094891883 0.986111760 -0.023213254
0.980532825 -0.132575214 0.144841880 0.146985188 0.144700855 0.986504376 -0.076620936 -0.270929307 -0.132729113 0.096088082 0.986483693 -0.012056949
0.979535162 -0.142830402 0.141810924 0.123588607 0.154827416 0.984899879 -0.077463984 -0.280625761 -0.128605336 0.097834915 0.986858130 0.013713591
0.979056001 -0.152416795 0.134975761 0.100701489 0.164125890 0.983166337 -0.080291316 -0.287129462 -0.120465875 0.100762710 0.987590432 0.020722294
0.979003847 -0.156715006 0.130352810 0.077612825 0.167539090 0.982882738 -0.076630078 -0.292488307 -0.116112441 0.096860327 0.988501906 0.025636490
0.979659200 -0.156768069 0.125266314 0.054329135 0.166269854 0.983640194 -0.069327615 -0.297471374 -0.112348624 0.088745438 0.989697933 0.030244447
0.980611205 -0.156356081 0.118128814 0.030602094 0.164138243 0.984656513 -0.059246924 -0.301670313 -0.107052691 0.077487655 0.991229236 0.032358386
0.981930137 -0.151343286 0.113614976 0.005548065 0.157532275 0.986366987 -0.047578916 -0.305558026 -0.104865313 0.064617202 0.992384970 0.043334831
0.982956111 -0.145368055 0.112540685 -0.016349416 0.150779054 0.987712026 -0.041117653 -0.311453402 -0.105180599 0.057385623 0.992796004 0.043598767
0.983322859 -0.142122164 0.113479018 -0.036771849 0.147664621 0.988145888 -0.041986149 -0.317739636 -0.106166661 0.058042776 0.992652833 0.042723592
0.983191848 -0.141979426 0.114785299 -0.056060635 0.148458034 0.987655342 -0.049971379 -0.323533595 -0.106273413 0.066172250 0.992132664 0.043066185
0.982959032 -0.142934531 0.115590967 -0.073629513 0.150085777 0.987103403 -0.055687796 -0.327254564 -0.106140532 0.072087377 0.991734624 0.042320192
0.983991623 -0.136045992 0.115117088 -0.089449205 0.142847121 0.988323927 -0.053014435 -0.328201324 -0.106560573 0.068609901 0.991936266 0.041526373
0.985517979 -0.127054468 0.112300761 -0.103288889 0.132801279 0.990109801 -0.045237280 -0.327182919 -0.105442487 0.059495836 0.992644012 0.040874775
0.986968696 -0.119493790 0.107768640 -0.114638425 0.124251686 0.991501689 -0.038547594 -0.324273676 -0.102246597 0.051435705 0.993428409 0.039928056
0.987814605 -0.113847479 0.106117919 -0.122202404 0.117923006 0.992476404 -0.032936390 -0.320108682 -0.101569802 0.045048792 0.993807912 0.038686022
0.988293290 -0.109977424 0.105742112 -0.125570834 0.113369808 0.993196547 -0.026606450 -0.314709038 -0.102096587 0.038282935 0.994037569 0.036630265
0.988490403 -0.106517680 0.107427448 -0.126901537 0.110120304 0.993519187 -0.028163346 -0.306624085 -0.103731334 0.039669141 0.993813932 0.048754167
0.988066018 -0.107059851 0.110741816 -0.122458339 0.111355022 0.993221343 -0.033338726 -0.300254643 -0.106421895 0.045272514 0.993289888 0.046622973
0.987547815 -0.106122516 0.116135046 -0.115075774 0.111003764 0.993153691 -0.036384854 -0.293153942 -0.111478701 0.048823211 0.992566764 0.044272017
0.987124562 -0.100109160 0.124752671 -0.106042624 0.105045050 0.993898988 -0.033619773 -0.282889575 -0.120625913 0.046291556 0.991618097 0.039574377
0.986862421 -0.094767407 0.130850136 -0.095452838 0.099227503 0.994671226 -0.027982153 -0.276193470 -0.127501070 0.040598467 0.991007209 0.037900474
0.986500025 -0.093319967 0.134569913 -0.082233079 0.096599847 0.995159805 -0.018038727 -0.269345224 -0.132235199 0.030794639 0.990739882 0.033125445
0.985838175 -0.087187670 0.143253103 -0.065769285 0.089658476 0.995913208 -0.010871600 -0.264848530 -0.141719803 0.023561493 0.989626348 0.027733151
0.984382689 -0.087101072 0.152984083 -0.047113802 0.090237603 0.995826483 -0.013666631 -0.262236506 -0.151155233 0.027258113 0.988134146 0.023428153
0.981805265 -0.096719541 0.163412943 -0.027496366 0.101541720 0.994601130 -0.021398734 -0.259381711 -0.160461023 0.037602618 0.986325681 0.017627155
0.979158163 -0.110515893 0.170398191 -0.008791557 0.116969600 0.992732763 -0.028280765 -0.255610973 -0.166034386 0.047622748 0.984969378 0.011076577
0.977379680 -0.120402515 0.173874199 0.008646371 0.126948565 0.991542041 -0.026989602 -0.249763235 -0.169153959 0.048452169 0.984397948 0.003451502
0.977155745 -0.116260685 0.177904740 0.025049137 0.122038044 0.992284954 -0.021845637 -0.243354633 -0.173992410 0.043057732 0.983805180 -0.005060087
0.977331161 -0.103247643 0.184834361 0.040917780 0.106879517 0.994224012 -0.009767631 -0.236851022 -0.182758272 0.029301217 0.982721150 -0.015050868
0.977370322 -0.092750974 0.190117136 0.057409536 0.093757249 0.995588183 0.003714640 -0.236516625 -0.189622894 0.014194280 0.981754363 -0.024599776
0.976383448 -0.085477427 0.198416263 0.073154159 0.085382804 0.996307135 0.009048725 -0.235814273 -0.198457003 0.008106312 0.980076075 -0.036924303
0.974429309 -0.080500931 0.209778711 0.091187865 0.081783652 0.996646821 0.002567505 -0.238854215 -0.209281966 0.014654615 0.977745533 -0.049623676
0.971685231 -0.082990482 0.221224651 0.112273112 0.087995768 0.996037960 -0.012848983 -0.244011015 -0.219281808 0.031952001 0.975138247 -0.061802443
0.968824625 -0.093786813 0.229309469 0.133662269 0.102929778 0.994288385 -0.028214134 -0.248096600 -0.225353628 0.050937317 0.972944558 -0.074253365
0.966533720 -0.104539044 0.234273717 0.155217931 0.117521949 0.992176652 -0.042120513 -0.249204785 -0.228037670 0.068243198 0.971257806 -0.086599074
0.964428365 -0.109194264 0.240737408 0.177901879 0.123654827 0.991269827 -0.045756284 -0.246850520 -0.233639389 0.073897004 0.969511151 -0.098051839
0.962338328 -0.104975358 0.250768989 0.199071437 0.120370701 0.991624296 -0.046820920 -0.240511790 -0.243753567 0.075242803 0.966913998 -0.107868001
0.960207522 -0.099351048 0.261018842 0.218257904 0.114479244 0.992478549 -0.043368708 -0.231820390 -0.254746884 0.071524203 0.964359045 -0.116209082
0.958875477 -0.096608333 0.266879439 0.236298338 0.110767014 0.993101120 -0.038481545 -0.227436602 -0.261320651 0.066460446 0.962961316 -0.124586537
0.957503796 -0.092776522 0.273091495 0.248479083 0.105564922 0.993881822 -0.032479644 -0.219117329 -0.268407345 0.059928261 0.961439610 -0.130607054
0.955798745 -0.094882607 0.278291374 0.255729944 0.106765881 0.993894756 -0.027824698 -0.214057684 -0.273952276 0.056306832 0.960093617 -0.135452583
0.953545988 -0.107118323 0.281559378 0.257780433 0.117811322 0.992808044 -0.021276440 -0.212914437 -0.277255327 0.053458948 0.959307909 -0.139298603
0.952368140 -0.119259961 0.280663520 0.256446719 0.130085602 0.991297126 -0.020192575 -0.217848912 -0.275812775 0.055741046 0.959593773 -0.140769139
0.953290999 -0.129254565 0.273001105 0.248061270 0.140843555 0.989759982 -0.023201028 -0.223002002 -0.267206699 0.060567774 0.961733937 -0.143013105
0.955326736 -0.136426955 0.262180239 0.235613063 0.148363143 0.988586187 -0.026186109 -0.229565576 -0.255615264 0.063914172 0.964663565 -0.144742712
0.958194017 -0.141466379 0.248699680 0.219186172 0.152926058 0.987861156 -0.027276626 -0.235140681 -0.241822019 0.064168952 0.968196511 -0.146749392
0.961511970 -0.148567036 0.231133237 0.204983354 0.160247400 0.986541629 -0.032501772 -0.250033855 -0.223193869 0.068289347 0.972379088 -0.141306043
0.963823974 -0.160450235 0.212835878 0.183990374 0.173404768 0.983887792 -0.043538962 -0.258418411 -0.202420771 0.078870654 0.976117432 -0.140446186
0.964472771 -0.176677555 0.196410984 0.161641330 0.191729635 0.979592860 -0.060312048 -0.264904439 -0.181747019 0.095827132 0.978664994 -0.137963712
0.964188337 -0.191200450 0.183802262 0.138967931 0.208556190 0.974726140 -0.080082610 -0.268251061 -0.163845047 0.115547821 0.979695618 -0.133564621
0.964257240 -0.199626699 0.174233139 0.117896333 0.217953369 0.971506655 -0.093119107 -0.271009326 -0.150679588 0.127765477 0.980291605 -0.123152778
0.965143979 -0.203914240 0.164061338 0.096146666 0.221801624 0.970038295 -0.099145189 -0.264924467 -0.138928652 0.132078454 0.981455088 -0.115539722
0.967344463 -0.198595881 0.157494202 0.076185107 0.215163052 0.971839368 -0.096089140 -0.254151285 -0.133976147 0.126838222 0.982833862 -0.106971502
0.970364094 -0.187571108 0.152350351 0.057865337 0.202393055 0.975314438 -0.088310584 -0.239844322 -0.132024989 0.116528079 0.984373212 -0.097885914
0.973598182 -0.177000284 0.144143820 0.045050412 0.189311266 0.978923738 -0.076613374 -0.219703615 -0.127545208 0.101878695 0.986586511 -0.085811943
0.976952732 -0.163116530 0.137681931 0.029957511 0.172952369 0.982931912 -0.062708646 -0.201187268 -0.125103146 0.085075796 0.988489389 -0.076941617
0.979540110 -0.151969597 0.131933346 0.016769346 0.160094395 0.985663295 -0.053269558 -0.182433620 -0.121946499 0.073301457 0.989826202 -0.068633460
0.981022000 -0.147141561 0.126274481 0.005214447 0.153884962 0.987046659 -0.045368902 -0.163326606 -0.117963158 0.063939638 0.990957320 -0.060886595
0.982276261 -0.138396278 0.126411483 -0.003040879 0.144144759 0.988846779 -0.037475031 -0.144624501 -0.119815186 0.055032384 0.991269767 -0.051188514
0.983339310 -0.128198490 0.128875643 -0.010546112 0.132541761 0.990844846 -0.025673702 -0.125754997 -0.124404438 0.042327359 0.991328359 -0.044068545
0.984598458 -0.114455707 0.132158056 -0.016722653 0.117058821 0.993051589 -0.012072725 -0.107728228 -0.129857972 0.027357051 0.991155148 -0.037225135
0.985791564 -0.099183775 0.135563686 -0.021744926 0.099558301 0.995023549 0.004031017 -0.090825111 -0.135288879 0.009522746 0.990760446 -0.030760640
0.986373007 -0.081474438 0.142934188 -0.026045961 0.080049038 0.996667206 0.015704371 -0.076126292 -0.143737331 -0.004048624 0.989607573 -0.021885287
0.986119628 -0.074756756 0.148254722 -0.029187936 0.072557747 0.997159779 0.020193687 -0.064001918 -0.149343252 -0.009156363 0.988743007 -0.016203387
0.984996498 -0.072924040 0.156409591 -0.031212829 0.070790119 0.997306883 0.019178025 -0.053816881 -0.157386899 -0.007818035 0.987506092 -0.011403969
0.983719170 -0.074635476 0.163481429 -0.032713443 0.073093206 0.997205615 0.015437394 -0.044344340 -0.164176777 -0.003236678 0.986425638 -0.008528955
0.982812047 -0.079103112 0.166802883 -0.034146067 0.077097341 0.996852338 0.018476462 -0.036186259 -0.167739391 -0.005298832 0.985817134 -0.005567196
0.982486486 -0.075914815 0.170168296 -0.035226502 0.072613850 0.997032881 0.025547842 -0.028653836 -0.171602830 -0.012743836 0.985083759 -0.003252465
0.982600987 -0.068048403 0.172814250 -0.036333915 0.062217832 0.997302651 0.038940940 -0.021562006 -0.174997985 -0.027511278 0.984184325 -0.001251478
0.982839882 -0.058382135 0.174977884 -0.036794465 0.049326081 0.997230113 0.055668660 -0.014443862 -0.177743271 -0.046082407 0.982997298 -0.001107544
0.983476341 -0.051439069 0.173575178 -0.037982889 0.039932787 0.996807039 0.069145113 -0.009751101 -0.176577732 -0.061071243 0.982390225 0.000592813
0.983817816 -0.045453530 0.173310518 -0.038786832 0.033173811 0.996772408 0.073104858 -0.007255897 -0.176073998 -0.066172495 0.982150257 0.001412892
0.984051347 -0.042645417 0.172697246 -0.040321894 0.031075725 0.997121930 0.069153219 -0.005131867 -0.175149292 -0.062683627 0.982544422 0.004989990
0.983252466 -0.050550982 0.175097749 -0.039943662 0.041923352 0.997733772 0.052628804 -0.006073407 -0.177361384 -0.044406716 0.983143449 0.005804158
0.982489586 -0.057299759 0.177287653 -0.040139988 0.050593715 0.997830689 0.042121708 -0.006053905 -0.179316625 -0.032414503 0.983257294 0.007411533
0.982305884 -0.061840761 0.176779076 -0.040218227 0.056351136 0.997764945 0.035912015 -0.005302764 -0.178604797 -0.025314881 0.983595192 0.008975296
0.981990814 -0.063263282 0.178021982 -0.040326517 0.059021723 0.997834563 0.029027333 -0.005376584 -0.179472849 -0.017997412 0.983598292 0.010073845
0.981770337 -0.062000714 0.179674491 -0.040734857 0.058967307 0.998013496 0.022180088 -0.005697665 -0.180692747 -0.011180830 0.983476043 0.010690382
0.981547415 -0.062637761 0.180668667 -0.041107945 0.061372705 0.998035550 0.012589303 -0.005767888 -0.181102321 -0.001268873 0.983463466 0.011460014
0.981439352 -0.062258877 0.181385428 -0.042788330 0.061009966 0.998059332 0.012462266 -0.002966257 -0.181809306 -0.001164641 0.983333111 -0.000191411
0.981468081 -0.061629832 0.181444645 -0.042332079 0.060437091 0.998098671 0.012100542 -0.002825614 -0.181845397 -0.000910309 0.983326733 0.001010320
0.981481850 -0.062572978 0.181046829 -0.042675123 0.061460558 0.998040318 0.011753496 -0.003076271 -0.181427494 -0.000408603 0.983404219 0.002147962
0.981464565 -0.062180243 0.181275994 -0.042901170 0.061036311 0.998064756 0.011887595 -0.003520385 -0.181664348 -0.000602835 0.983360410 0.000893547
0.981445968 -0.063319445 0.180982053 -0.043061510 0.062189337 0.997993231 0.011917795 -0.003618502 -0.181373477 -0.000441520 0.983414173 0.001333952
0.981430709 -0.064038776 0.180811435 -0.042954892 0.062912054 0.997947335 0.011965537 -0.003630184 -0.181206554 -0.000368130 0.983444989 0.001829596
0.981486499 -0.063417174 0.180727676 -0.042748574 0.062290348 0.997987032 0.011909511 -0.003539657 -0.181119129 -0.000431436 0.983461082 0.002227781
0.981548965 -0.063155174 0.180480033 -0.042656202 0.061982095 0.998003483 0.012137724 -0.003387139 -0.180886269 -0.000727241 0.983503759 0.002216076
0.981616855 -0.062420748 0.180366307 -0.042353533 0.061259732 0.998049676 0.012005678 -0.003278053 -0.180763930 -0.000735786 0.983526230 0.002263258
0.981508613 -0.066306002 0.179567114 -0.042588729 0.065243490 0.997799337 0.011823067 -0.003354247 -0.179955885 0.000111144 0.983674645 0.002286611
0.981585264 -0.063773423 0.180064932 -0.036692068 0.062677056 0.997964382 0.011777584 -0.002172592 -0.180449471 -0.000274764 0.983584225 -0.008248274
0.981586158 -0.065703727 0.179364562 -0.037202243 0.064705603 0.997839093 0.011416022 -0.002178350 -0.179727048 0.000400083 0.983716428 -0.008393673
0.981603682 -0.064498499 0.179705665 -0.036929570 0.063482329 0.997917771 0.011405963 -0.002146164 -0.180067137 0.000211996 0.983654320 -0.008661592
0.981560051 -0.064711623 0.179867506 -0.043413628 0.063518830 0.997903764 0.012389295 -0.004229520 -0.180292189 -0.000735865 0.983612835 0.001086505
0.981579602 -0.065220289 0.179576740 -0.037087280 0.064190887 0.997870862 0.011543604 -0.003149207 -0.179947272 0.000196222 0.983676255 -0.007473713
0.981573820 -0.064408176 0.179901287 -0.036867786 0.063360639 0.997923613 0.011569149 -0.003148773 -0.180272892 0.000042684 0.983616650 -0.007259636
0.981551290 -0.065805659 0.179517820 -0.037011031 0.064772651 0.997832417 0.011616344 -0.003108121 -0.179893121 0.000225806 0.983686149 -0.007086099
0.981561482 -0.064327657 0.179997399 -0.036615394 0.063286752 0.997928858 0.011525659 -0.002779065 -0.180366024 0.000078308 0.983599544 -0.007029169
0.981546700 -0.065686755 0.179586664 -0.036681339 0.064643420 0.997840285 0.011662111 -0.002658007 -0.179964855 0.000162190 0.983673036 -0.007091314
0.981518686 -0.064528301 0.180158660 -0.042663105 0.063354835 0.997915685 0.012266139 -0.003666147 -0.180574670 -0.000625524 0.983561099 0.001637797
0.981611311 -0.064784572 0.179561287 -0.043296285 0.063746944 0.997899294 0.011548983 -0.002545823 -0.179932266 0.000109871 0.983678997 0.002253901
0.981611252 -0.064621210 0.179620385 -0.043291301 0.063577279 0.997909844 0.011568705 -0.002475538 -0.179992527 0.000063804 0.983667970 0.001969066
0.981622994 -0.064558573 0.179578796 -0.043301873 0.063517503 0.997913897 0.011547319 -0.002463740 -0.179949656 0.000071282 0.983675838 0.002005826
0.981599629 -0.064824097 0.179610655 -0.042979535 0.063771389 0.997896731 0.011635066 -0.002809896 -0.179987118 0.000033043 0.983668983 0.002435202
0.981599450 -0.064570732 0.179703057 -0.042909283 0.063501827 0.997913122 0.011700526 -0.002821855 -0.180083543 -0.000073759 0.983651340 0.002549751
0.981585205 -0.064884230 0.179667771 -0.042993505 0.063822940 0.997892797 0.011687413 -0.002844377 -0.180047512 -0.000005267 0.983657897 0.002734712
0.981584787 -0.064606756 0.179769903 -0.043093506 0.063534096 0.997910798 0.011724276 -0.002735063 -0.180151790 -0.000086855 0.983638823 0.002871836
0.981583774 -0.065034315 0.179621398 -0.043237429 0.063962519 0.997883022 0.011758465 -0.002719288 -0.180005848 -0.000052882 0.983665526 0.003014472
0.981579781 -0.064595811 0.179801226 -0.043160792 0.063518725 0.997911513 0.011747470 -0.002660973 -0.180184543 -0.000110338 0.983632803 0.003231441
0.981562018 -0.064865470 0.179801241 -0.043444227 0.063800290 0.997893989 0.011706956 -0.002690771 -0.180181965 -0.000019732 0.983633280 0.003152470
0.981549978 -0.064972423 0.179828465 -0.042713784 0.063908957 0.997887075 0.011707309 -0.002949744 -0.180209160 0.000001341 0.983628333 0.000001076
0.981561303 -0.065001249 0.179756135 -0.042616338 0.063939631 0.997885168 0.011699812 -0.002916190 -0.180136472 0.000009458 0.983641624 0.000058311
0.981562316 -0.065050103 0.179732934 -0.043242518 0.063953765 0.997882009 0.011893861 -0.002593696 -0.180125967 -0.000179968 0.983643532 0.003194857
0.981539667 -0.065101579 0.179837808 -0.042542145 0.063997939 0.997878611 0.011938270 -0.003257552 -0.180233493 -0.000208637 0.983623862 0.000092443
0.981535494 -0.065160021 0.179839611 -0.042501926 0.064051166 0.997874796 0.011972088 -0.003288732 -0.180237532 -0.000232094 0.983623087 0.000184193
0.981560051 -0.065270551 0.179665163 -0.042956337 0.064121537 0.997867525 0.012201687 -0.002981223 -0.180078432 -0.000456282 0.983652174 0.002254593
0.981553137 -0.065334797 0.179679886 -0.042998947 0.064197093 0.997863352 0.012145706 -0.002920371 -0.180089518 -0.000386731 0.983650148 0.002429748
0.981522560 -0.065245524 0.179879025 -0.042553600 0.064143836 0.997869253 0.011940716 -0.003124488 -0.180274829 -0.000181953 0.983616292 0.000719132
0.981537700 -0.065405749 0.179738283 -0.043063138 0.064266615 0.997858703 0.012159884 -0.002782205 -0.180148721 -0.000384215 0.983639300 0.002767825
0.981506348 -0.065314785 0.179942533 -0.042630386 0.064223379 0.997864723 0.011890841 -0.002980473 -0.180334941 -0.000114419 0.983605266 0.000871226
0.981578469 -0.064826682 0.179725543 -0.042690083 0.063713372 0.997896492 0.011966271 -0.002900129 -0.180123225 -0.000294915 0.983644009 0.000601133
0.981573343 -0.064932302 0.179715142 -0.042764623 0.063822970 0.997889638 0.011954138 -0.002896483 -0.180112079 -0.000263912 0.983646035 0.000655187
0.981582761 -0.064843066 0.179696158 -0.042784870 0.063738860 0.997895420 0.011918113 -0.003013717 -0.180090770 -0.000244988 0.983649969 0.000827546
0.981493175 -0.065636270 0.179897413 -0.042994834 0.064509474 0.997843564 0.012113107 -0.003278239 -0.180304542 -0.000283844 0.983610809 0.000034225
0.981495023 -0.065667011 0.179876029 -0.042943664 0.064539932 0.997841537 0.012117542 -0.003252024 -0.180283487 -0.000284124 0.983614683 0.000170034
0.981503427 -0.065579347 0.179861948 -0.042827539 0.064458065 0.997847319 0.012077916 -0.003235335 -0.180266812 -0.000260964 0.983617723 0.000357336
0.981498539 -0.065738365 0.179830864 -0.042741049 0.064622566 0.997836888 0.012062504 -0.003234935 -0.180234835 -0.000218200 0.983623564 0.000612257
0.981564164 -0.065055825 0.179720744 -0.042366222 0.063953884 0.997881591 0.011924973 -0.002897368 -0.180115804 -0.000211285 0.983645380 0.001653432
